68.922031
3
# 0 1 10 50
0.814 0.449 0.168 0.449 0.814 1.000 0.834 0.472 0.181 0.000 0.000 0.000 0.000 0.000 0.000 0.000 0.000 0.000 0.000 0.000 0.000 0.000 0.000 0.000 0.000 0.000 0.000 0.000 0.000 0.000 0.000 0.000 0.000 0.000 0.000 0.000 0.000 0.000 0.000 0.000 0.000 0.000 0.000 0.000 0.000 0.000 0.000 0.000 0.000 0.000 
0.000 0.181 0.472 0.834 1.000 0.814 0.449 0.168 0.449 0.814 1.000 0.834 0.472 0.181 0.000 0.000 0.000 0.000 0.000 0.000 0.000 0.000 0.000 0.000 0.000 0.000 0.000 0.000 0.000 0.000 0.000 0.000 0.000 0.000 0.000 0.000 0.000 0.000 0.000 0.000 0.000 0.000 0.000 0.000 0.000 0.000 0.000 0.000 0.000 0.000 
0.000 0.000 0.000 0.000 0.000 0.000 0.181 0.472 0.834 1.000 0.814 0.449 0.168 0.449 0.814 1.000 0.834 0.472 0.181 0.000 0.000 0.000 0.000 0.000 0.000 0.000 0.000 0.000 0.000 0.000 0.000 0.000 0.000 0.000 0.000 0.000 0.000 0.000 0.000 0.000 0.000 0.000 0.000 0.000 0.000 0.000 0.000 0.000 0.000 0.000 
0.000 0.000 0.000 0.000 0.000 0.000 0.000 0.000 0.000 0.000 0.000 0.181 0.472 0.834 1.000 0.814 0.449 0.168 0.449 0.814 1.000 0.834 0.472 0.181 0.000 0.000 0.000 0.000 0.000 0.000 0.000 0.000 0.000 0.000 0.000 0.000 0.000 0.000 0.000 0.000 0.000 0.000 0.000 0.000 0.000 0.000 0.000 0.000 0.000 0.000 
0.000 0.000 0.000 0.000 0.000 0.000 0.000 0.000 0.000 0.000 0.000 0.000 0.000 0.000 0.000 0.000 0.181 0.472 0.834 1.000 0.814 0.449 0.168 0.449 0.814 1.000 0.834 0.472 0.181 0.000 0.000 0.000 0.000 0.000 0.000 0.000 0.000 0.000 0.000 0.000 0.000 0.000 0.000 0.000 0.000 0.000 0.000 0.000 0.000 0.000 
0.000 0.000 0.000 0.000 0.000 0.000 0.000 0.000 0.000 0.000 0.000 0.000 0.000 0.000 0.000 0.000 0.000 0.000 0.000 0.000 0.000 0.181 0.472 0.834 1.000 0.814 0.449 0.168 0.449 0.814 1.000 0.834 0.472 0.181 0.000 0.000 0.000 0.000 0.000 0.000 0.000 0.000 0.000 0.000 0.000 0.000 0.000 0.000 0.000 0.000 
0.000 0.000 0.000 0.000 0.000 0.000 0.000 0.000 0.000 0.000 0.000 0.000 0.000 0.000 0.000 0.000 0.000 0.000 0.000 0.000 0.000 0.000 0.000 0.000 0.000 0.000 0.181 0.472 0.834 1.000 0.814 0.449 0.168 0.449 0.814 1.000 0.834 0.472 0.181 0.000 0.000 0.000 0.000 0.000 0.000 0.000 0.000 0.000 0.000 0.000 
0.000 0.000 0.000 0.000 0.000 0.000 0.000 0.000 0.000 0.000 0.000 0.000 0.000 0.000 0.000 0.000 0.000 0.000 0.000 0.000 0.000 0.000 0.000 0.000 0.000 0.000 0.000 0.000 0.000 0.000 0.000 0.181 0.472 0.834 1.000 0.814 0.449 0.168 0.449 0.814 1.000 0.834 0.472 0.181 0.000 0.000 0.000 0.000 0.000 0.000 
0.000 0.000 0.000 0.000 0.000 0.000 0.000 0.000 0.000 0.000 0.000 0.000 0.000 0.000 0.000 0.000 0.000 0.000 0.000 0.000 0.000 0.000 0.000 0.000 0.000 0.000 0.000 0.000 0.000 0.000 0.000 0.000 0.000 0.000 0.000 0.000 0.181 0.472 0.834 1.000 0.814 0.449 0.168 0.449 0.814 1.000 0.834 0.472 0.181 0.000 
0.000 0.000 0.000 0.000 0.000 0.000 0.000 0.000 0.000 0.000 0.000 0.000 0.000 0.000 0.000 0.000 0.000 0.000 0.000 0.000 0.000 0.000 0.000 0.000 0.000 0.000 0.000 0.000 0.000 0.000 0.000 0.000 0.000 0.000 0.000 0.000 0.000 0.000 0.000 0.000 0.000 0.181 0.472 0.834 1.000 0.814 0.449 0.168 0.449 0.814 
# 0 2 15 50
0.511 0.204 0.393 0.760 0.996 0.886 0.535 0.219 0.000 0.000 0.000 0.000 0.000 0.000 0.000 0.000 0.000 0.000 0.000 0.000 0.000 0.000 0.000 0.000 0.000 0.000 0.000 0.000 0.000 0.000 0.000 0.000 0.000 0.000 0.000 0.000 0.000 0.000 0.000 0.000 0.000 0.000 0.000 0.000 0.000 0.000 0.000 0.000 0.000 0.000 
0.661 0.962 0.950 0.637 0.290 0.290 0.637 0.950 0.962 0.661 0.308 0.000 0.000 0.000 0.000 0.000 0.000 0.000 0.000 0.000 0.000 0.000 0.000 0.000 0.000 0.000 0.000 0.000 0.000 0.000 0.000 0.000 0.000 0.000 0.000 0.000 0.000 0.000 0.000 0.000 0.000 0.000 0.000 0.000 0.000 0.000 0.000 0.000 0.000 0.000 
0.000 0.000 0.219 0.535 0.886 0.996 0.760 0.393 0.204 0.511 0.868 1.000 0.782 0.415 0.149 0.000 0.000 0.000 0.000 0.000 0.000 0.000 0.000 0.000 0.000 0.000 0.000 0.000 0.000 0.000 0.000 0.000 0.000 0.000 0.000 0.000 0.000 0.000 0.000 0.000 0.000 0.000 0.000 0.000 0.000 0.000 0.000 0.000 0.000 0.000 
0.000 0.000 0.000 0.000 0.000 0.149 0.415 0.782 1.000 0.868 0.511 0.204 0.393 0.760 0.996 0.886 0.535 0.219 0.000 0.000 0.000 0.000 0.000 0.000 0.000 0.000 0.000 0.000 0.000 0.000 0.000 0.000 0.000 0.000 0.000 0.000 0.000 0.000 0.000 0.000 0.000 0.000 0.000 0.000 0.000 0.000 0.000 0.000 0.000 0.000 
0.000 0.000 0.000 0.000 0.000 0.000 0.000 0.000 0.000 0.308 0.661 0.962 0.950 0.637 0.290 0.290 0.637 0.950 0.962 0.661 0.308 0.000 0.000 0.000 0.000 0.000 0.000 0.000 0.000 0.000 0.000 0.000 0.000 0.000 0.000 0.000 0.000 0.000 0.000 0.000 0.000 0.000 0.000 0.000 0.000 0.000 0.000 0.000 0.000 0.000 
0.000 0.000 0.000 0.000 0.000 0.000 0.000 0.000 0.000 0.000 0.000 0.000 0.219 0.535 0.886 0.996 0.760 0.393 0.204 0.511 0.868 1.000 0.782 0.415 0.149 0.000 0.000 0.000 0.000 0.000 0.000 0.000 0.000 0.000 0.000 0.000 0.000 0.000 0.000 0.000 0.000 0.000 0.000 0.000 0.000 0.000 0.000 0.000 0.000 0.000 
0.000 0.000 0.000 0.000 0.000 0.000 0.000 0.000 0.000 0.000 0.000 0.000 0.000 0.000 0.000 0.149 0.415 0.782 1.000 0.868 0.511 0.204 0.393 0.760 0.996 0.886 0.535 0.219 0.000 0.000 0.000 0.000 0.000 0.000 0.000 0.000 0.000 0.000 0.000 0.000 0.000 0.000 0.000 0.000 0.000 0.000 0.000 0.000 0.000 0.000 
0.000 0.000 0.000 0.000 0.000 0.000 0.000 0.000 0.000 0.000 0.000 0.000 0.000 0.000 0.000 0.000 0.000 0.000 0.000 0.308 0.661 0.962 0.950 0.637 0.290 0.290 0.637 0.950 0.962 0.661 0.308 0.000 0.000 0.000 0.000 0.000 0.000 0.000 0.000 0.000 0.000 0.000 0.000 0.000 0.000 0.000 0.000 0.000 0.000 0.000 
0.000 0.000 0.000 0.000 0.000 0.000 0.000 0.000 0.000 0.000 0.000 0.000 0.000 0.000 0.000 0.000 0.000 0.000 0.000 0.000 0.000 0.000 0.219 0.535 0.886 0.996 0.760 0.393 0.204 0.511 0.868 1.000 0.782 0.415 0.149 0.000 0.000 0.000 0.000 0.000 0.000 0.000 0.000 0.000 0.000 0.000 0.000 0.000 0.000 0.000 
0.000 0.000 0.000 0.000 0.000 0.000 0.000 0.000 0.000 0.000 0.000 0.000 0.000 0.000 0.000 0.000 0.000 0.000 0.000 0.000 0.000 0.000 0.000 0.000 0.000 0.149 0.415 0.782 1.000 0.868 0.511 0.204 0.393 0.760 0.996 0.886 0.535 0.219 0.000 0.000 0.000 0.000 0.000 0.000 0.000 0.000 0.000 0.000 0.000 0.000 
0.000 0.000 0.000 0.000 0.000 0.000 0.000 0.000 0.000 0.000 0.000 0.000 0.000 0.000 0.000 0.000 0.000 0.000 0.000 0.000 0.000 0.000 0.000 0.000 0.000 0.000 0.000 0.000 0.000 0.308 0.661 0.962 0.950 0.637 0.290 0.290 0.637 0.950 0.962 0.661 0.308 0.000 0.000 0.000 0.000 0.000 0.000 0.000 0.000 0.000 
0.000 0.000 0.000 0.000 0.000 0.000 0.000 0.000 0.000 0.000 0.000 0.000 0.000 0.000 0.000 0.000 0.000 0.000 0.000 0.000 0.000 0.000 0.000 0.000 0.000 0.000 0.000 0.000 0.000 0.000 0.000 0.000 0.219 0.535 0.886 0.996 0.760 0.393 0.204 0.511 0.868 1.000 0.782 0.415 0.149 0.000 0.000 0.000 0.000 0.000 
0.000 0.000 0.000 0.000 0.000 0.000 0.000 0.000 0.000 0.000 0.000 0.000 0.000 0.000 0.000 0.000 0.000 0.000 0.000 0.000 0.000 0.000 0.000 0.000 0.000 0.000 0.000 0.000 0.000 0.000 0.000 0.000 0.000 0.000 0.000 0.149 0.415 0.782 1.000 0.868 0.511 0.204 0.393 0.760 0.996 0.886 0.535 0.219 0.000 0.000 
0.000 0.000 0.000 0.000 0.000 0.000 0.000 0.000 0.000 0.000 0.000 0.000 0.000 0.000 0.000 0.000 0.000 0.000 0.000 0.000 0.000 0.000 0.000 0.000 0.000 0.000 0.000 0.000 0.000 0.000 0.000 0.000 0.000 0.000 0.000 0.000 0.000 0.000 0.000 0.308 0.661 0.962 0.950 0.637 0.290 0.290 0.637 0.950 0.962 0.661 
0.000 0.000 0.000 0.000 0.000 0.000 0.000 0.000 0.000 0.000 0.000 0.000 0.000 0.000 0.000 0.000 0.000 0.000 0.000 0.000 0.000 0.000 0.000 0.000 0.000 0.000 0.000 0.000 0.000 0.000 0.000 0.000 0.000 0.000 0.000 0.000 0.000 0.000 0.000 0.000 0.000 0.000 0.219 0.535 0.886 0.996 0.760 0.393 0.204 0.511 
# 1 0 50 10
-0.932 -0.507 0.000 0.000 0.000 0.000 0.000 0.000 0.000 0.000 
-0.788 -0.694 0.000 0.000 0.000 0.000 0.000 0.000 0.000 0.000 
-0.606 -0.863 -0.111 0.000 0.000 0.000 0.000 0.000 0.000 0.000 
-0.788 -0.975 -0.203 0.000 0.000 0.000 0.000 0.000 0.000 0.000 
-0.932 -1.000 -0.337 0.000 0.000 0.000 0.000 0.000 0.000 0.000 
-1.000 -0.932 -0.507 0.000 0.000 0.000 0.000 0.000 0.000 0.000 
-0.975 -0.788 -0.694 0.000 0.000 0.000 0.000 0.000 0.000 0.000 
-0.863 -0.606 -0.863 -0.111 0.000 0.000 0.000 0.000 0.000 0.000 
-0.694 -0.788 -0.975 -0.203 0.000 0.000 0.000 0.000 0.000 0.000 
-0.507 -0.932 -1.000 -0.337 0.000 0.000 0.000 0.000 0.000 0.000 
-0.337 -1.000 -0.932 -0.507 0.000 0.000 0.000 0.000 0.000 0.000 
-0.203 -0.975 -0.788 -0.694 0.000 0.000 0.000 0.000 0.000 0.000 
-0.111 -0.863 -0.606 -0.863 -0.111 0.000 0.000 0.000 0.000 0.000 
0.000 -0.694 -0.788 -0.975 -0.203 0.000 0.000 0.000 0.000 0.000 
0.000 -0.507 -0.932 -1.000 -0.337 0.000 0.000 0.000 0.000 0.000 
0.000 -0.337 -1.000 -0.932 -0.507 0.000 0.000 0.000 0.000 0.000 
0.000 -0.203 -0.975 -0.788 -0.694 0.000 0.000 0.000 0.000 0.000 
0.000 -0.111 -0.863 -0.606 -0.863 -0.111 0.000 0.000 0.000 0.000 
0.000 0.000 -0.694 -0.788 -0.975 -0.203 0.000 0.000 0.000 0.000 
0.000 0.000 -0.507 -0.932 -1.000 -0.337 0.000 0.000 0.000 0.000 
0.000 0.000 -0.337 -1.000 -0.932 -0.507 0.000 0.000 0.000 0.000 
0.000 0.000 -0.203 -0.975 -0.788 -0.694 0.000 0.000 0.000 0.000 
0.000 0.000 -0.111 -0.863 -0.606 -0.863 -0.111 0.000 0.000 0.000 
0.000 0.000 0.000 -0.694 -0.788 -0.975 -0.203 0.000 0.000 0.000 
0.000 0.000 0.000 -0.507 -0.932 -1.000 -0.337 0.000 0.000 0.000 
0.000 0.000 0.000 -0.337 -1.000 -0.932 -0.507 0.000 0.000 0.000 
0.000 0.000 0.000 -0.203 -0.975 -0.788 -0.694 0.000 0.000 0.000 
0.000 0.000 0.000 -0.111 -0.863 -0.606 -0.863 -0.111 0.000 0.000 
0.000 0.000 0.000 0.000 -0.694 -0.788 -0.975 -0.203 0.000 0.000 
0.000 0.000 0.000 0.000 -0.507 -0.932 -1.000 -0.337 0.000 0.000 
0.000 0.000 0.000 0.000 -0.337 -1.000 -0.932 -0.507 0.000 0.000 
0.000 0.000 0.000 0.000 -0.203 -0.975 -0.788 -0.694 0.000 0.000 
0.000 0.000 0.000 0.000 -0.111 -0.863 -0.606 -0.863 -0.111 0.000 
0.000 0.000 0.000 0.000 0.000 -0.694 -0.788 -0.975 -0.203 0.000 
0.000 0.000 0.000 0.000 0.000 -0.507 -0.932 -1.000 -0.337 0.000 
0.000 0.000 0.000 0.000 0.000 -0.337 -1.000 -0.932 -0.507 0.000 
0.000 0.000 0.000 0.000 0.000 -0.203 -0.975 -0.788 -0.694 0.000 
0.000 0.000 0.000 0.000 0.000 -0.111 -0.863 -0.606 -0.863 -0.111 
0.000 0.000 0.000 0.000 0.000 0.000 -0.694 -0.788 -0.975 -0.203 
0.000 0.000 0.000 0.000 0.000 0.000 -0.507 -0.932 -1.000 -0.337 
0.000 0.000 0.000 0.000 0.000 0.000 -0.337 -1.000 -0.932 -0.507 
0.000 0.000 0.000 0.000 0.000 0.000 -0.203 -0.975 -0.788 -0.694 
0.000 0.000 0.000 0.000 0.000 0.000 -0.111 -0.863 -0.606 -0.863 
0.000 0.000 0.000 0.000 0.000 0.000 0.000 -0.694 -0.788 -0.975 
0.000 0.000 0.000 0.000 0.000 0.000 0.000 -0.507 -0.932 -1.000 
0.000 0.000 0.000 0.000 0.000 0.000 0.000 -0.337 -1.000 -0.932 
0.000 0.000 0.000 0.000 0.000 0.000 0.000 -0.203 -0.975 -0.788 
0.000 0.000 0.000 0.000 0.000 0.000 0.000 -0.111 -0.863 -0.606 
0.000 0.000 0.000 0.000 0.000 0.000 0.000 0.000 -0.694 -0.788 
0.000 0.000 0.000 0.000 0.000 0.000 0.000 0.000 -0.507 -0.932 
