68.566191
3
# 0 1 11 50
0.000 0.000 0.000 0.000 0.000 0.000 0.000 0.000 0.133 0.264 0.453 0.677 0.879 0.991 0.972 0.828 0.613 0.394 0.221 0.107 0.000 0.000 0.000 0.000 0.000 0.000 0.000 0.000 0.000 0.000 0.000 0.000 0.000 0.000 0.000 0.000 0.000 0.000 0.000 0.000 0.000 0.000 0.000 0.000 0.000 0.000 0.000 0.000 0.000 0.000 
0.143 0.000 0.000 0.000 0.000 0.000 0.000 0.000 0.000 0.000 0.000 0.000 0.000 0.185 0.343 0.553 0.776 0.944 0.999 0.919 0.735 0.510 0.308 0.162 0.000 0.000 0.000 0.000 0.000 0.000 0.000 0.000 0.000 0.000 0.000 0.000 0.000 0.000 0.000 0.000 0.000 0.000 0.000 0.000 0.000 0.000 0.000 0.000 0.000 0.000 
0.964 0.812 0.595 0.378 0.209 0.101 0.000 0.000 0.000 0.000 0.000 0.000 0.000 0.000 0.000 0.000 0.000 0.125 0.249 0.434 0.657 0.863 0.986 0.979 0.845 0.633 0.413 0.234 0.115 0.000 0.000 0.000 0.000 0.000 0.000 0.000 0.000 0.000 0.000 0.000 0.000 0.000 0.000 0.000 0.000 0.000 0.000 0.000 0.000 0.000 
0.359 0.572 0.792 0.954 0.998 0.907 0.717 0.493 0.294 0.153 0.000 0.000 0.000 0.000 0.000 0.000 0.000 0.000 0.000 0.000 0.000 0.000 0.174 0.326 0.533 0.756 0.933 1.000 0.932 0.754 0.531 0.324 0.172 0.000 0.000 0.000 0.000 0.000 0.000 0.000 0.000 0.000 0.000 0.000 0.000 0.000 0.000 0.000 0.000 0.000 
0.000 0.000 0.000 0.132 0.262 0.451 0.675 0.877 0.990 0.972 0.830 0.615 0.397 0.222 0.108 0.000 0.000 0.000 0.000 0.000 0.000 0.000 0.000 0.000 0.000 0.000 0.116 0.236 0.415 0.636 0.847 0.980 0.985 0.861 0.654 0.432 0.248 0.124 0.000 0.000 0.000 0.000 0.000 0.000 0.000 0.000 0.000 0.000 0.000 0.000 
0.000 0.000 0.000 0.000 0.000 0.000 0.000 0.000 0.184 0.341 0.551 0.773 0.943 0.999 0.921 0.737 0.513 0.310 0.163 0.000 0.000 0.000 0.000 0.000 0.000 0.000 0.000 0.000 0.000 0.000 0.000 0.163 0.310 0.513 0.737 0.921 0.999 0.943 0.773 0.551 0.341 0.184 0.000 0.000 0.000 0.000 0.000 0.000 0.000 0.000 
0.000 0.000 0.000 0.000 0.000 0.000 0.000 0.000 0.000 0.000 0.000 0.000 0.124 0.248 0.432 0.654 0.861 0.985 0.980 0.847 0.636 0.415 0.236 0.116 0.000 0.000 0.000 0.000 0.000 0.000 0.000 0.000 0.000 0.000 0.000 0.108 0.222 0.397 0.615 0.830 0.972 0.990 0.877 0.675 0.451 0.262 0.132 0.000 0.000 0.000 
0.000 0.000 0.000 0.000 0.000 0.000 0.000 0.000 0.000 0.000 0.000 0.000 0.000 0.000 0.000 0.000 0.000 0.172 0.324 0.531 0.754 0.932 1.000 0.933 0.756 0.533 0.326 0.174 0.000 0.000 0.000 0.000 0.000 0.000 0.000 0.000 0.000 0.000 0.000 0.000 0.153 0.294 0.493 0.717 0.907 0.998 0.954 0.792 0.572 0.359 
0.000 0.000 0.000 0.000 0.000 0.000 0.000 0.000 0.000 0.000 0.000 0.000 0.000 0.000 0.000 0.000 0.000 0.000 0.000 0.000 0.000 0.115 0.234 0.413 0.633 0.845 0.979 0.986 0.863 0.657 0.434 0.249 0.125 0.000 0.000 0.000 0.000 0.000 0.000 0.000 0.000 0.000 0.000 0.000 0.101 0.209 0.378 0.595 0.812 0.964 
0.000 0.000 0.000 0.000 0.000 0.000 0.000 0.000 0.000 0.000 0.000 0.000 0.000 0.000 0.000 0.000 0.000 0.000 0.000 0.000 0.000 0.000 0.000 0.000 0.000 0.000 0.162 0.308 0.510 0.735 0.919 0.999 0.944 0.776 0.553 0.343 0.185 0.000 0.000 0.000 0.000 0.000 0.000 0.000 0.000 0.000 0.000 0.000 0.000 0.143 
0.000 0.000 0.000 0.000 0.000 0.000 0.000 0.000 0.000 0.000 0.000 0.000 0.000 0.000 0.000 0.000 0.000 0.000 0.000 0.000 0.000 0.000 0.000 0.000 0.000 0.000 0.000 0.000 0.000 0.000 0.107 0.221 0.394 0.613 0.828 0.972 0.991 0.879 0.677 0.453 0.264 0.133 0.000 0.000 0.000 0.000 0.000 0.000 0.000 0.000 
# 0 2 15 50
0.000 0.000 0.000 0.000 0.000 0.000 0.000 0.000 0.205 0.373 0.588 0.807 0.962 0.996 0.897 0.702 0.477 0.282 0.145 0.000 0.000 0.000 0.000 0.000 0.000 0.000 0.000 0.000 0.000 0.000 0.000 0.000 0.000 0.000 0.000 0.000 0.000 0.000 0.000 0.000 0.000 0.000 0.000 0.000 0.000 0.000 0.000 0.000 0.000 0.000 
0.000 0.000 0.000 0.000 0.000 0.000 0.000 0.000 0.000 0.000 0.000 0.163 0.310 0.513 0.737 0.921 1.000 0.943 0.774 0.551 0.341 0.184 0.000 0.000 0.000 0.000 0.000 0.000 0.000 0.000 0.000 0.000 0.000 0.000 0.000 0.000 0.000 0.000 0.000 0.000 0.000 0.000 0.000 0.000 0.000 0.000 0.000 0.000 0.000 0.000 
0.373 0.205 0.000 0.000 0.000 0.000 0.000 0.000 0.000 0.000 0.000 0.000 0.000 0.000 0.128 0.254 0.441 0.664 0.869 0.988 0.977 0.840 0.627 0.407 0.229 0.112 0.000 0.000 0.000 0.000 0.000 0.000 0.000 0.000 0.000 0.000 0.000 0.000 0.000 0.000 0.000 0.000 0.000 0.000 0.000 0.000 0.000 0.000 0.000 0.000 
0.988 0.869 0.664 0.441 0.254 0.128 0.000 0.000 0.000 0.000 0.000 0.000 0.000 0.000 0.000 0.000 0.000 0.000 0.205 0.373 0.588 0.807 0.962 0.996 0.897 0.702 0.477 0.282 0.145 0.000 0.000 0.000 0.000 0.000 0.000 0.000 0.000 0.000 0.000 0.000 0.000 0.000 0.000 0.000 0.000 0.000 0.000 0.000 0.000 0.000 
0.551 0.774 0.943 1.000 0.921 0.737 0.513 0.310 0.163 0.000 0.000 0.000 0.000 0.000 0.000 0.000 0.000 0.000 0.000 0.000 0.000 0.163 0.310 0.513 0.737 0.921 1.000 0.943 0.774 0.551 0.341 0.184 0.000 0.000 0.000 0.000 0.000 0.000 0.000 0.000 0.000 0.000 0.000 0.000 0.000 0.000 0.000 0.000 0.000 0.000 
0.000 0.145 0.282 0.477 0.702 0.897 0.996 0.962 0.807 0.588 0.373 0.205 0.000 0.000 0.000 0.000 0.000 0.000 0.000 0.000 0.000 0.000 0.000 0.000 0.128 0.254 0.441 0.664 0.869 0.988 0.977 0.840 0.627 0.407 0.229 0.112 0.000 0.000 0.000 0.000 0.000 0.000 0.000 0.000 0.000 0.000 0.000 0.000 0.000 0.000 
0.000 0.000 0.000 0.000 0.112 0.229 0.407 0.627 0.840 0.977 0.988 0.869 0.664 0.441 0.254 0.128 0.000 0.000 0.000 0.000 0.000 0.000 0.000 0.000 0.000 0.000 0.000 0.000 0.205 0.373 0.588 0.807 0.962 0.996 0.897 0.702 0.477 0.282 0.145 0.000 0.000 0.000 0.000 0.000 0.000 0.000 0.000 0.000 0.000 0.000 
0.000 0.000 0.000 0.000 0.000 0.000 0.000 0.000 0.184 0.341 0.551 0.774 0.943 1.000 0.921 0.737 0.513 0.310 0.163 0.000 0.000 0.000 0.000 0.000 0.000 0.000 0.000 0.000 0.000 0.000 0.000 0.163 0.310 0.513 0.737 0.921 1.000 0.943 0.774 0.551 0.341 0.184 0.000 0.000 0.000 0.000 0.000 0.000 0.000 0.000 
0.000 0.000 0.000 0.000 0.000 0.000 0.000 0.000 0.000 0.000 0.000 0.145 0.282 0.477 0.702 0.897 0.996 0.962 0.807 0.588 0.373 0.205 0.000 0.000 0.000 0.000 0.000 0.000 0.000 0.000 0.000 0.000 0.000 0.000 0.128 0.254 0.441 0.664 0.869 0.988 0.977 0.840 0.627 0.407 0.229 0.112 0.000 0.000 0.000 0.000 
0.000 0.000 0.000 0.000 0.000 0.000 0.000 0.000 0.000 0.000 0.000 0.000 0.000 0.000 0.112 0.229 0.407 0.627 0.840 0.977 0.988 0.869 0.664 0.441 0.254 0.128 0.000 0.000 0.000 0.000 0.000 0.000 0.000 0.000 0.000 0.000 0.000 0.000 0.205 0.373 0.588 0.807 0.962 0.996 0.897 0.702 0.477 0.282 0.145 0.000 
0.000 0.000 0.000 0.000 0.000 0.000 0.000 0.000 0.000 0.000 0.000 0.000 0.000 0.000 0.000 0.000 0.000 0.000 0.184 0.341 0.551 0.774 0.943 1.000 0.921 0.737 0.513 0.310 0.163 0.000 0.000 0.000 0.000 0.000 0.000 0.000 0.000 0.000 0.000 0.000 0.000 0.163 0.310 0.513 0.737 0.921 1.000 0.943 0.774 0.551 
0.000 0.000 0.000 0.000 0.000 0.000 0.000 0.000 0.000 0.000 0.000 0.000 0.000 0.000 0.000 0.000 0.000 0.000 0.000 0.000 0.000 0.145 0.282 0.477 0.702 0.897 0.996 0.962 0.807 0.588 0.373 0.205 0.000 0.000 0.000 0.000 0.000 0.000 0.000 0.000 0.000 0.000 0.000 0.000 0.128 0.254 0.441 0.664 0.869 0.988 
0.000 0.000 0.000 0.000 0.000 0.000 0.000 0.000 0.000 0.000 0.000 0.000 0.000 0.000 0.000 0.000 0.000 0.000 0.000 0.000 0.000 0.000 0.000 0.000 0.112 0.229 0.407 0.627 0.840 0.977 0.988 0.869 0.664 0.441 0.254 0.128 0.000 0.000 0.000 0.000 0.000 0.000 0.000 0.000 0.000 0.000 0.000 0.000 0.205 0.373 
0.000 0.000 0.000 0.000 0.000 0.000 0.000 0.000 0.000 0.000 0.000 0.000 0.000 0.000 0.000 0.000 0.000 0.000 0.000 0.000 0.000 0.000 0.000 0.000 0.000 0.000 0.000 0.000 0.184 0.341 0.551 0.774 0.943 1.000 0.921 0.737 0.513 0.310 0.163 0.000 0.000 0.000 0.000 0.000 0.000 0.000 0.000 0.000 0.000 0.000 
0.000 0.000 0.000 0.000 0.000 0.000 0.000 0.000 0.000 0.000 0.000 0.000 0.000 0.000 0.000 0.000 0.000 0.000 0.000 0.000 0.000 0.000 0.000 0.000 0.000 0.000 0.000 0.000 0.000 0.000 0.000 0.145 0.282 0.477 0.702 0.897 0.996 0.962 0.807 0.588 0.373 0.205 0.000 0.000 0.000 0.000 0.000 0.000 0.000 0.000 
# 1 0 50 11
0.000 0.000 -0.218 -0.504 -0.834 -0.999 -0.868 -0.546 -0.246 0.000 0.000 
0.000 0.000 -0.173 -0.432 -0.768 -0.987 -0.920 -0.622 -0.302 -0.103 0.000 
0.000 0.000 -0.134 -0.364 -0.696 -0.960 -0.961 -0.697 -0.365 -0.135 0.000 
0.000 0.000 -0.102 -0.301 -0.621 -0.920 -0.988 -0.769 -0.433 -0.173 0.000 
0.000 0.000 0.000 -0.246 -0.545 -0.867 -1.000 -0.835 -0.505 -0.219 0.000 
0.000 0.000 0.000 -0.197 -0.471 -0.805 -0.996 -0.893 -0.580 -0.271 0.000 
0.000 0.000 0.000 -0.154 -0.400 -0.736 -0.977 -0.940 -0.656 -0.330 -0.116 
0.000 0.000 0.000 -0.119 -0.335 -0.662 -0.944 -0.975 -0.730 -0.395 -0.151 
0.000 0.000 0.000 0.000 -0.275 -0.586 -0.897 -0.995 -0.800 -0.465 -0.193 
0.000 0.000 0.000 0.000 -0.222 -0.511 -0.840 -1.000 -0.863 -0.539 -0.241 
-0.113 0.000 0.000 0.000 -0.177 -0.438 -0.774 -0.989 -0.916 -0.615 -0.297 
-0.148 0.000 0.000 0.000 -0.138 -0.370 -0.703 -0.964 -0.958 -0.690 -0.359 
-0.188 0.000 0.000 0.000 -0.105 -0.307 -0.628 -0.924 -0.986 -0.763 -0.426 
-0.236 0.000 0.000 0.000 0.000 -0.250 -0.552 -0.873 -0.999 -0.830 -0.498 
-0.291 0.000 0.000 0.000 0.000 -0.201 -0.477 -0.811 -0.997 -0.888 -0.573 
-0.352 -0.128 0.000 0.000 0.000 -0.158 -0.406 -0.742 -0.979 -0.937 -0.649 
-0.419 -0.165 0.000 0.000 0.000 -0.122 -0.340 -0.669 -0.947 -0.972 -0.724 
-0.491 -0.209 0.000 0.000 0.000 0.000 -0.280 -0.593 -0.902 -0.994 -0.794 
-0.565 -0.260 0.000 0.000 0.000 0.000 -0.227 -0.518 -0.846 -1.000 -0.857 
-0.641 -0.318 -0.110 0.000 0.000 0.000 -0.180 -0.445 -0.781 -0.991 -0.912 
-0.716 -0.382 -0.144 0.000 0.000 0.000 -0.141 -0.376 -0.709 -0.966 -0.955 
-0.787 -0.451 -0.184 0.000 0.000 0.000 -0.108 -0.312 -0.634 -0.928 -0.984 
-0.851 -0.524 -0.232 0.000 0.000 0.000 0.000 -0.255 -0.559 -0.878 -0.999 
-0.907 -0.600 -0.285 0.000 0.000 0.000 0.000 -0.205 -0.484 -0.817 -0.998 
-0.951 -0.676 -0.346 -0.125 0.000 0.000 0.000 -0.162 -0.413 -0.749 -0.982 
-0.982 -0.749 -0.413 -0.162 0.000 0.000 0.000 -0.125 -0.346 -0.676 -0.951 
-0.998 -0.817 -0.484 -0.205 0.000 0.000 0.000 0.000 -0.285 -0.600 -0.907 
-0.999 -0.878 -0.559 -0.255 0.000 0.000 0.000 0.000 -0.232 -0.524 -0.851 
-0.984 -0.928 -0.634 -0.312 -0.108 0.000 0.000 0.000 -0.184 -0.451 -0.787 
-0.955 -0.966 -0.709 -0.376 -0.141 0.000 0.000 0.000 -0.144 -0.382 -0.716 
-0.912 -0.991 -0.781 -0.445 -0.180 0.000 0.000 0.000 -0.110 -0.318 -0.641 
-0.857 -1.000 -0.846 -0.518 -0.227 0.000 0.000 0.000 0.000 -0.260 -0.565 
-0.794 -0.994 -0.902 -0.593 -0.280 0.000 0.000 0.000 0.000 -0.209 -0.491 
-0.724 -0.972 -0.947 -0.669 -0.340 -0.122 0.000 0.000 0.000 -0.165 -0.419 
-0.649 -0.937 -0.979 -0.742 -0.406 -0.158 0.000 0.000 0.000 -0.128 -0.352 
-0.573 -0.888 -0.997 -0.811 -0.477 -0.201 0.000 0.000 0.000 0.000 -0.291 
-0.498 -0.830 -0.999 -0.873 -0.552 -0.250 0.000 0.000 0.000 0.000 -0.236 
-0.426 -0.763 -0.986 -0.924 -0.628 -0.307 -0.105 0.000 0.000 0.000 -0.188 
-0.359 -0.690 -0.958 -0.964 -0.703 -0.370 -0.138 0.000 0.000 0.000 -0.148 
-0.297 -0.615 -0.916 -0.989 -0.774 -0.438 -0.177 0.000 0.000 0.000 -0.113 
-0.241 -0.539 -0.863 -1.000 -0.840 -0.511 -0.222 0.000 0.000 0.000 0.000 
-0.193 -0.465 -0.800 -0.995 -0.897 -0.586 -0.275 0.000 0.000 0.000 0.000 
-0.151 -0.395 -0.730 -0.975 -0.944 -0.662 -0.335 -0.119 0.000 0.000 0.000 
-0.116 -0.330 -0.656 -0.940 -0.977 -0.736 -0.400 -0.154 0.000 0.000 0.000 
0.000 -0.271 -0.580 -0.893 -0.996 -0.805 -0.471 -0.197 0.000 0.000 0.000 
0.000 -0.219 -0.505 -0.835 -1.000 -0.867 -0.545 -0.246 0.000 0.000 0.000 
0.000 -0.173 -0.433 -0.769 -0.988 -0.920 -0.621 -0.301 -0.102 0.000 0.000 
0.000 -0.135 -0.365 -0.697 -0.961 -0.960 -0.696 -0.364 -0.134 0.000 0.000 
0.000 -0.103 -0.302 -0.622 -0.920 -0.987 -0.768 -0.432 -0.173 0.000 0.000 
0.000 0.000 -0.246 -0.546 -0.868 -0.999 -0.834 -0.504 -0.218 0.000 0.000 
