68.982891
3
# 0 1 10 50
0.000 0.000 0.000 0.000 0.000 0.000 0.000 0.000 0.000 0.000 0.000 0.163 0.461 0.843 1.000 0.769 0.383 0.123 0.000 0.000 0.000 0.000 0.000 0.000 0.000 0.000 0.000 0.000 0.000 0.000 0.000 0.000 0.000 0.000 0.000 0.000 0.000 0.000 0.000 0.000 0.000 0.000 0.000 0.000 0.000 0.000 0.000 0.000 0.000 0.000 
0.000 0.000 0.000 0.000 0.000 0.000 0.000 0.000 0.000 0.000 0.000 0.000 0.000 0.000 0.000 0.000 0.163 0.461 0.843 1.000 0.769 0.383 0.123 0.000 0.000 0.000 0.000 0.000 0.000 0.000 0.000 0.000 0.000 0.000 0.000 0.000 0.000 0.000 0.000 0.000 0.000 0.000 0.000 0.000 0.000 0.000 0.000 0.000 0.000 0.000 
1.000 0.843 0.461 0.163 0.000 0.000 0.000 0.000 0.000 0.000 0.000 0.000 0.000 0.000 0.000 0.000 0.000 0.000 0.000 0.000 0.000 0.163 0.461 0.843 1.000 0.769 0.383 0.123 0.000 0.000 0.000 0.000 0.000 0.000 0.000 0.000 0.000 0.000 0.000 0.000 0.000 0.000 0.000 0.000 0.000 0.000 0.000 0.000 0.000 0.000 
0.000 0.000 0.123 0.383 0.769 1.000 0.843 0.461 0.163 0.000 0.000 0.000 0.000 0.000 0.000 0.000 0.000 0.000 0.000 0.000 0.000 0.000 0.000 0.000 0.000 0.000 0.163 0.461 0.843 1.000 0.769 0.383 0.123 0.000 0.000 0.000 0.000 0.000 0.000 0.000 0.000 0.000 0.000 0.000 0.000 0.000 0.000 0.000 0.000 0.000 
0.000 0.000 0.000 0.000 0.000 0.000 0.000 0.123 0.383 0.769 1.000 0.843 0.461 0.163 0.000 0.000 0.000 0.000 0.000 0.000 0.000 0.000 0.000 0.000 0.000 0.000 0.000 0.000 0.000 0.000 0.000 0.163 0.461 0.843 1.000 0.769 0.383 0.123 0.000 0.000 0.000 0.000 0.000 0.000 0.000 0.000 0.000 0.000 0.000 0.000 
0.000 0.000 0.000 0.000 0.000 0.000 0.000 0.000 0.000 0.000 0.000 0.000 0.123 0.383 0.769 1.000 0.843 0.461 0.163 0.000 0.000 0.000 0.000 0.000 0.000 0.000 0.000 0.000 0.000 0.000 0.000 0.000 0.000 0.000 0.000 0.000 0.163 0.461 0.843 1.000 0.769 0.383 0.123 0.000 0.000 0.000 0.000 0.000 0.000 0.000 
0.000 0.000 0.000 0.000 0.000 0.000 0.000 0.000 0.000 0.000 0.000 0.000 0.000 0.000 0.000 0.000 0.000 0.123 0.383 0.769 1.000 0.843 0.461 0.163 0.000 0.000 0.000 0.000 0.000 0.000 0.000 0.000 0.000 0.000 0.000 0.000 0.000 0.000 0.000 0.000 0.000 0.163 0.461 0.843 1.000 0.769 0.383 0.123 0.000 0.000 
0.000 0.000 0.000 0.000 0.000 0.000 0.000 0.000 0.000 0.000 0.000 0.000 0.000 0.000 0.000 0.000 0.000 0.000 0.000 0.000 0.000 0.000 0.123 0.383 0.769 1.000 0.843 0.461 0.163 0.000 0.000 0.000 0.000 0.000 0.000 0.000 0.000 0.000 0.000 0.000 0.000 0.000 0.000 0.000 0.000 0.000 0.163 0.461 0.843 1.000 
0.000 0.000 0.000 0.000 0.000 0.000 0.000 0.000 0.000 0.000 0.000 0.000 0.000 0.000 0.000 0.000 0.000 0.000 0.000 0.000 0.000 0.000 0.000 0.000 0.000 0.000 0.000 0.123 0.383 0.769 1.000 0.843 0.461 0.163 0.000 0.000 0.000 0.000 0.000 0.000 0.000 0.000 0.000 0.000 0.000 0.000 0.000 0.000 0.000 0.000 
0.000 0.000 0.000 0.000 0.000 0.000 0.000 0.000 0.000 0.000 0.000 0.000 0.000 0.000 0.000 0.000 0.000 0.000 0.000 0.000 0.000 0.000 0.000 0.000 0.000 0.000 0.000 0.000 0.000 0.000 0.000 0.000 0.123 0.383 0.769 1.000 0.843 0.461 0.163 0.000 0.000 0.000 0.000 0.000 0.000 0.000 0.000 0.000 0.000 0.000 
# 0 2 15 50
0.000 0.000 0.000 0.000 0.000 0.000 0.000 0.000 0.000 0.000 0.131 0.399 0.784 1.000 0.826 0.442 0.153 0.000 0.000 0.000 0.000 0.000 0.000 0.000 0.000 0.000 0.000 0.000 0.000 0.000 0.000 0.000 0.000 0.000 0.000 0.000 0.000 0.000 0.000 0.000 0.000 0.000 0.000 0.000 0.000 0.000 0.000 0.000 0.000 0.000 
0.000 0.000 0.000 0.000 0.000 0.000 0.000 0.000 0.000 0.000 0.000 0.000 0.000 0.000 0.289 0.657 0.968 0.924 0.572 0.229 0.000 0.000 0.000 0.000 0.000 0.000 0.000 0.000 0.000 0.000 0.000 0.000 0.000 0.000 0.000 0.000 0.000 0.000 0.000 0.000 0.000 0.000 0.000 0.000 0.000 0.000 0.000 0.000 0.000 0.000 
0.000 0.000 0.000 0.000 0.000 0.000 0.000 0.000 0.000 0.000 0.000 0.000 0.000 0.000 0.000 0.000 0.000 0.199 0.524 0.893 0.985 0.704 0.326 0.000 0.000 0.000 0.000 0.000 0.000 0.000 0.000 0.000 0.000 0.000 0.000 0.000 0.000 0.000 0.000 0.000 0.000 0.000 0.000 0.000 0.000 0.000 0.000 0.000 0.000 0.000 
0.893 0.524 0.199 0.000 0.000 0.000 0.000 0.000 0.000 0.000 0.000 0.000 0.000 0.000 0.000 0.000 0.000 0.000 0.000 0.000 0.131 0.399 0.784 1.000 0.826 0.442 0.153 0.000 0.000 0.000 0.000 0.000 0.000 0.000 0.000 0.000 0.000 0.000 0.000 0.000 0.000 0.000 0.000 0.000 0.000 0.000 0.000 0.000 0.000 0.000 
0.229 0.572 0.924 0.968 0.657 0.289 0.000 0.000 0.000 0.000 0.000 0.000 0.000 0.000 0.000 0.000 0.000 0.000 0.000 0.000 0.000 0.000 0.000 0.000 0.289 0.657 0.968 0.924 0.572 0.229 0.000 0.000 0.000 0.000 0.000 0.000 0.000 0.000 0.000 0.000 0.000 0.000 0.000 0.000 0.000 0.000 0.000 0.000 0.000 0.000 
0.000 0.000 0.000 0.153 0.442 0.826 1.000 0.784 0.399 0.131 0.000 0.000 0.000 0.000 0.000 0.000 0.000 0.000 0.000 0.000 0.000 0.000 0.000 0.000 0.000 0.000 0.000 0.199 0.524 0.893 0.985 0.704 0.326 0.000 0.000 0.000 0.000 0.000 0.000 0.000 0.000 0.000 0.000 0.000 0.000 0.000 0.000 0.000 0.000 0.000 
0.000 0.000 0.000 0.000 0.000 0.000 0.000 0.326 0.704 0.985 0.893 0.524 0.199 0.000 0.000 0.000 0.000 0.000 0.000 0.000 0.000 0.000 0.000 0.000 0.000 0.000 0.000 0.000 0.000 0.000 0.131 0.399 0.784 1.000 0.826 0.442 0.153 0.000 0.000 0.000 0.000 0.000 0.000 0.000 0.000 0.000 0.000 0.000 0.000 0.000 
0.000 0.000 0.000 0.000 0.000 0.000 0.000 0.000 0.000 0.000 0.229 0.572 0.924 0.968 0.657 0.289 0.000 0.000 0.000 0.000 0.000 0.000 0.000 0.000 0.000 0.000 0.000 0.000 0.000 0.000 0.000 0.000 0.000 0.000 0.289 0.657 0.968 0.924 0.572 0.229 0.000 0.000 0.000 0.000 0.000 0.000 0.000 0.000 0.000 0.000 
0.000 0.000 0.000 0.000 0.000 0.000 0.000 0.000 0.000 0.000 0.000 0.000 0.000 0.153 0.442 0.826 1.000 0.784 0.399 0.131 0.000 0.000 0.000 0.000 0.000 0.000 0.000 0.000 0.000 0.000 0.000 0.000 0.000 0.000 0.000 0.000 0.000 0.199 0.524 0.893 0.985 0.704 0.326 0.000 0.000 0.000 0.000 0.000 0.000 0.000 
0.000 0.000 0.000 0.000 0.000 0.000 0.000 0.000 0.000 0.000 0.000 0.000 0.000 0.000 0.000 0.000 0.000 0.326 0.704 0.985 0.893 0.524 0.199 0.000 0.000 0.000 0.000 0.000 0.000 0.000 0.000 0.000 0.000 0.000 0.000 0.000 0.000 0.000 0.000 0.000 0.131 0.399 0.784 1.000 0.826 0.442 0.153 0.000 0.000 0.000 
0.000 0.000 0.000 0.000 0.000 0.000 0.000 0.000 0.000 0.000 0.000 0.000 0.000 0.000 0.000 0.000 0.000 0.000 0.000 0.000 0.229 0.572 0.924 0.968 0.657 0.289 0.000 0.000 0.000 0.000 0.000 0.000 0.000 0.000 0.000 0.000 0.000 0.000 0.000 0.000 0.000 0.000 0.000 0.000 0.289 0.657 0.968 0.924 0.572 0.229 
0.000 0.000 0.000 0.000 0.000 0.000 0.000 0.000 0.000 0.000 0.000 0.000 0.000 0.000 0.000 0.000 0.000 0.000 0.000 0.000 0.000 0.000 0.000 0.153 0.442 0.826 1.000 0.784 0.399 0.131 0.000 0.000 0.000 0.000 0.000 0.000 0.000 0.000 0.000 0.000 0.000 0.000 0.000 0.000 0.000 0.000 0.000 0.199 0.524 0.893 
0.000 0.000 0.000 0.000 0.000 0.000 0.000 0.000 0.000 0.000 0.000 0.000 0.000 0.000 0.000 0.000 0.000 0.000 0.000 0.000 0.000 0.000 0.000 0.000 0.000 0.000 0.000 0.326 0.704 0.985 0.893 0.524 0.199 0.000 0.000 0.000 0.000 0.000 0.000 0.000 0.000 0.000 0.000 0.000 0.000 0.000 0.000 0.000 0.000 0.000 
0.000 0.000 0.000 0.000 0.000 0.000 0.000 0.000 0.000 0.000 0.000 0.000 0.000 0.000 0.000 0.000 0.000 0.000 0.000 0.000 0.000 0.000 0.000 0.000 0.000 0.000 0.000 0.000 0.000 0.000 0.229 0.572 0.924 0.968 0.657 0.289 0.000 0.000 0.000 0.000 0.000 0.000 0.000 0.000 0.000 0.000 0.000 0.000 0.000 0.000 
0.000 0.000 0.000 0.000 0.000 0.000 0.000 0.000 0.000 0.000 0.000 0.000 0.000 0.000 0.000 0.000 0.000 0.000 0.000 0.000 0.000 0.000 0.000 0.000 0.000 0.000 0.000 0.000 0.000 0.000 0.000 0.000 0.000 0.153 0.442 0.826 1.000 0.784 0.399 0.131 0.000 0.000 0.000 0.000 0.000 0.000 0.000 0.000 0.000 0.000 
# 1 0 50 10
-0.933 -0.682 0.000 0.000 0.000 0.000 0.000 0.000 0.000 0.000 
-0.818 -0.827 -0.165 0.000 0.000 0.000 0.000 0.000 0.000 0.000 
-0.671 -0.939 -0.259 0.000 0.000 0.000 0.000 0.000 0.000 0.000 
-0.818 -1.000 -0.382 0.000 0.000 0.000 0.000 0.000 0.000 0.000 
-0.933 -0.998 -0.527 0.000 0.000 0.000 0.000 0.000 0.000 0.000 
-0.998 -0.933 -0.682 0.000 0.000 0.000 0.000 0.000 0.000 0.000 
-1.000 -0.818 -0.827 -0.165 0.000 0.000 0.000 0.000 0.000 0.000 
-0.939 -0.671 -0.939 -0.259 0.000 0.000 0.000 0.000 0.000 0.000 
-0.827 -0.818 -1.000 -0.382 0.000 0.000 0.000 0.000 0.000 0.000 
-0.682 -0.933 -0.998 -0.527 0.000 0.000 0.000 0.000 0.000 0.000 
-0.527 -0.998 -0.933 -0.682 0.000 0.000 0.000 0.000 0.000 0.000 
-0.382 -1.000 -0.818 -0.827 -0.165 0.000 0.000 0.000 0.000 0.000 
-0.259 -0.939 -0.671 -0.939 -0.259 0.000 0.000 0.000 0.000 0.000 
-0.165 -0.827 -0.818 -1.000 -0.382 0.000 0.000 0.000 0.000 0.000 
0.000 -0.682 -0.933 -0.998 -0.527 0.000 0.000 0.000 0.000 0.000 
0.000 -0.527 -0.998 -0.933 -0.682 0.000 0.000 0.000 0.000 0.000 
0.000 -0.382 -1.000 -0.818 -0.827 -0.165 0.000 0.000 0.000 0.000 
0.000 -0.259 -0.939 -0.671 -0.939 -0.259 0.000 0.000 0.000 0.000 
0.000 -0.165 -0.827 -0.818 -1.000 -0.382 0.000 0.000 0.000 0.000 
0.000 0.000 -0.682 -0.933 -0.998 -0.527 0.000 0.000 0.000 0.000 
0.000 0.000 -0.527 -0.998 -0.933 -0.682 0.000 0.000 0.000 0.000 
0.000 0.000 -0.382 -1.000 -0.818 -0.827 -0.165 0.000 0.000 0.000 
0.000 0.000 -0.259 -0.939 -0.671 -0.939 -0.259 0.000 0.000 0.000 
0.000 0.000 -0.165 -0.827 -0.818 -1.000 -0.382 0.000 0.000 0.000 
0.000 0.000 0.000 -0.682 -0.933 -0.998 -0.527 0.000 0.000 0.000 
0.000 0.000 0.000 -0.527 -0.998 -0.933 -0.682 0.000 0.000 0.000 
0.000 0.000 0.000 -0.382 -1.000 -0.818 -0.827 -0.165 0.000 0.000 
0.000 0.000 0.000 -0.259 -0.939 -0.671 -0.939 -0.259 0.000 0.000 
0.000 0.000 0.000 -0.165 -0.827 -0.818 -1.000 -0.382 0.000 0.000 
0.000 0.000 0.000 0.000 -0.682 -0.933 -0.998 -0.527 0.000 0.000 
0.000 0.000 0.000 0.000 -0.527 -0.998 -0.933 -0.682 0.000 0.000 
0.000 0.000 0.000 0.000 -0.382 -1.000 -0.818 -0.827 -0.165 0.000 
0.000 0.000 0.000 0.000 -0.259 -0.939 -0.671 -0.939 -0.259 0.000 
0.000 0.000 0.000 0.000 -0.165 -0.827 -0.818 -1.000 -0.382 0.000 
0.000 0.000 0.000 0.000 0.000 -0.682 -0.933 -0.998 -0.527 0.000 
0.000 0.000 0.000 0.000 0.000 -0.527 -0.998 -0.933 -0.682 0.000 
0.000 0.000 0.000 0.000 0.000 -0.382 -1.000 -0.818 -0.827 -0.165 
0.000 0.000 0.000 0.000 0.000 -0.259 -0.939 -0.671 -0.939 -0.259 
0.000 0.000 0.000 0.000 0.000 -0.165 -0.827 -0.818 -1.000 -0.382 
0.000 0.000 0.000 0.000 0.000 0.000 -0.682 -0.933 -0.998 -0.527 
0.000 0.000 0.000 0.000 0.000 0.000 -0.527 -0.998 -0.933 -0.682 
0.000 0.000 0.000 0.000 0.000 0.000 -0.382 -1.000 -0.818 -0.827 
0.000 0.000 0.000 0.000 0.000 0.000 -0.259 -0.939 -0.671 -0.939 
0.000 0.000 0.000 0.000 0.000 0.000 -0.165 -0.827 -0.818 -1.000 
0.000 0.000 0.000 0.000 0.000 0.000 0.000 -0.682 -0.933 -0.998 
0.000 0.000 0.000 0.000 0.000 0.000 0.000 -0.527 -0.998 -0.933 
0.000 0.000 0.000 0.000 0.000 0.000 0.000 -0.382 -1.000 -0.818 
0.000 0.000 0.000 0.000 0.000 0.000 0.000 -0.259 -0.939 -0.671 
0.000 0.000 0.000 0.000 0.000 0.000 0.000 -0.165 -0.827 -0.818 
0.000 0.000 0.000 0.000 0.000 0.000 0.000 0.000 -0.682 -0.933 
