68.628859
3
# 0 1 11 50
0.000 0.000 0.000 0.000 0.000 0.000 0.000 0.000 0.000 0.104 0.232 0.435 0.683 0.902 1.000 0.931 0.728 0.478 0.263 0.122 0.000 0.000 0.000 0.000 0.000 0.000 0.000 0.000 0.000 0.000 0.000 0.000 0.000 0.000 0.000 0.000 0.000 0.000 0.000 0.000 0.000 0.000 0.000 0.000 0.000 0.000 0.000 0.000 0.000 0.000 
0.000 0.000 0.000 0.000 0.000 0.000 0.000 0.000 0.000 0.000 0.000 0.000 0.000 0.000 0.153 0.315 0.545 0.792 0.966 0.989 0.851 0.614 0.372 0.190 0.000 0.000 0.000 0.000 0.000 0.000 0.000 0.000 0.000 0.000 0.000 0.000 0.000 0.000 0.000 0.000 0.000 0.000 0.000 0.000 0.000 0.000 0.000 0.000 0.000 0.000 
0.832 0.591 0.353 0.177 0.000 0.000 0.000 0.000 0.000 0.000 0.000 0.000 0.000 0.000 0.000 0.000 0.000 0.000 0.000 0.217 0.413 0.660 0.886 0.998 0.944 0.750 0.500 0.280 0.132 0.000 0.000 0.000 0.000 0.000 0.000 0.000 0.000 0.000 0.000 0.000 0.000 0.000 0.000 0.000 0.000 0.000 0.000 0.000 0.000 0.000 
0.434 0.683 0.902 1.000 0.931 0.728 0.478 0.263 0.122 0.000 0.000 0.000 0.000 0.000 0.000 0.000 0.000 0.000 0.000 0.000 0.000 0.000 0.000 0.142 0.297 0.523 0.771 0.956 0.994 0.869 0.637 0.392 0.203 0.000 0.000 0.000 0.000 0.000 0.000 0.000 0.000 0.000 0.000 0.000 0.000 0.000 0.000 0.000 0.000 0.000 
0.000 0.000 0.000 0.153 0.315 0.545 0.792 0.966 0.989 0.851 0.614 0.373 0.190 0.000 0.000 0.000 0.000 0.000 0.000 0.000 0.000 0.000 0.000 0.000 0.000 0.000 0.000 0.000 0.203 0.393 0.637 0.869 0.994 0.955 0.771 0.522 0.297 0.142 0.000 0.000 0.000 0.000 0.000 0.000 0.000 0.000 0.000 0.000 0.000 0.000 
0.000 0.000 0.000 0.000 0.000 0.000 0.000 0.000 0.217 0.413 0.660 0.886 0.998 0.944 0.750 0.500 0.280 0.132 0.000 0.000 0.000 0.000 0.000 0.000 0.000 0.000 0.000 0.000 0.000 0.000 0.000 0.000 0.132 0.280 0.500 0.750 0.944 0.998 0.886 0.660 0.413 0.217 0.000 0.000 0.000 0.000 0.000 0.000 0.000 0.000 
0.000 0.000 0.000 0.000 0.000 0.000 0.000 0.000 0.000 0.000 0.000 0.000 0.142 0.297 0.522 0.771 0.955 0.994 0.869 0.637 0.393 0.203 0.000 0.000 0.000 0.000 0.000 0.000 0.000 0.000 0.000 0.000 0.000 0.000 0.000 0.000 0.000 0.190 0.373 0.614 0.851 0.989 0.966 0.792 0.545 0.315 0.153 0.000 0.000 0.000 
0.000 0.000 0.000 0.000 0.000 0.000 0.000 0.000 0.000 0.000 0.000 0.000 0.000 0.000 0.000 0.000 0.000 0.203 0.392 0.637 0.869 0.994 0.956 0.771 0.523 0.297 0.142 0.000 0.000 0.000 0.000 0.000 0.000 0.000 0.000 0.000 0.000 0.000 0.000 0.000 0.000 0.122 0.263 0.478 0.728 0.931 1.000 0.902 0.683 0.434 
0.000 0.000 0.000 0.000 0.000 0.000 0.000 0.000 0.000 0.000 0.000 0.000 0.000 0.000 0.000 0.000 0.000 0.000 0.000 0.000 0.000 0.132 0.280 0.500 0.750 0.944 0.998 0.886 0.660 0.413 0.217 0.000 0.000 0.000 0.000 0.000 0.000 0.000 0.000 0.000 0.000 0.000 0.000 0.000 0.000 0.000 0.177 0.353 0.591 0.832 
0.000 0.000 0.000 0.000 0.000 0.000 0.000 0.000 0.000 0.000 0.000 0.000 0.000 0.000 0.000 0.000 0.000 0.000 0.000 0.000 0.000 0.000 0.000 0.000 0.000 0.000 0.190 0.372 0.614 0.851 0.989 0.966 0.792 0.545 0.315 0.153 0.000 0.000 0.000 0.000 0.000 0.000 0.000 0.000 0.000 0.000 0.000 0.000 0.000 0.000 
0.000 0.000 0.000 0.000 0.000 0.000 0.000 0.000 0.000 0.000 0.000 0.000 0.000 0.000 0.000 0.000 0.000 0.000 0.000 0.000 0.000 0.000 0.000 0.000 0.000 0.000 0.000 0.000 0.000 0.000 0.122 0.263 0.478 0.728 0.931 1.000 0.902 0.683 0.435 0.232 0.104 0.000 0.000 0.000 0.000 0.000 0.000 0.000 0.000 0.000 
# 0 2 15 50
0.000 0.000 0.000 0.000 0.000 0.000 0.000 0.000 0.000 0.173 0.347 0.584 0.827 0.982 0.979 0.820 0.576 0.340 0.169 0.000 0.000 0.000 0.000 0.000 0.000 0.000 0.000 0.000 0.000 0.000 0.000 0.000 0.000 0.000 0.000 0.000 0.000 0.000 0.000 0.000 0.000 0.000 0.000 0.000 0.000 0.000 0.000 0.000 0.000 0.000 
0.000 0.000 0.000 0.000 0.000 0.000 0.000 0.000 0.000 0.000 0.000 0.000 0.132 0.281 0.501 0.751 0.945 0.999 0.887 0.661 0.414 0.217 0.000 0.000 0.000 0.000 0.000 0.000 0.000 0.000 0.000 0.000 0.000 0.000 0.000 0.000 0.000 0.000 0.000 0.000 0.000 0.000 0.000 0.000 0.000 0.000 0.000 0.000 0.000 0.000 
0.173 0.000 0.000 0.000 0.000 0.000 0.000 0.000 0.000 0.000 0.000 0.000 0.000 0.000 0.000 0.000 0.222 0.421 0.669 0.893 1.000 0.941 0.743 0.493 0.275 0.128 0.000 0.000 0.000 0.000 0.000 0.000 0.000 0.000 0.000 0.000 0.000 0.000 0.000 0.000 0.000 0.000 0.000 0.000 0.000 0.000 0.000 0.000 0.000 0.000 
0.893 0.669 0.421 0.222 0.000 0.000 0.000 0.000 0.000 0.000 0.000 0.000 0.000 0.000 0.000 0.000 0.000 0.000 0.000 0.173 0.347 0.584 0.827 0.982 0.979 0.820 0.576 0.340 0.169 0.000 0.000 0.000 0.000 0.000 0.000 0.000 0.000 0.000 0.000 0.000 0.000 0.000 0.000 0.000 0.000 0.000 0.000 0.000 0.000 0.000 
0.661 0.887 0.999 0.945 0.751 0.501 0.281 0.132 0.000 0.000 0.000 0.000 0.000 0.000 0.000 0.000 0.000 0.000 0.000 0.000 0.000 0.000 0.132 0.281 0.501 0.751 0.945 0.999 0.887 0.661 0.414 0.217 0.000 0.000 0.000 0.000 0.000 0.000 0.000 0.000 0.000 0.000 0.000 0.000 0.000 0.000 0.000 0.000 0.000 0.000 
0.000 0.169 0.340 0.576 0.820 0.979 0.982 0.827 0.584 0.347 0.173 0.000 0.000 0.000 0.000 0.000 0.000 0.000 0.000 0.000 0.000 0.000 0.000 0.000 0.000 0.000 0.222 0.421 0.669 0.893 1.000 0.941 0.743 0.493 0.275 0.128 0.000 0.000 0.000 0.000 0.000 0.000 0.000 0.000 0.000 0.000 0.000 0.000 0.000 0.000 
0.000 0.000 0.000 0.000 0.128 0.275 0.493 0.743 0.941 1.000 0.893 0.669 0.421 0.222 0.000 0.000 0.000 0.000 0.000 0.000 0.000 0.000 0.000 0.000 0.000 0.000 0.000 0.000 0.000 0.173 0.347 0.584 0.827 0.982 0.979 0.820 0.576 0.340 0.169 0.000 0.000 0.000 0.000 0.000 0.000 0.000 0.000 0.000 0.000 0.000 
0.000 0.000 0.000 0.000 0.000 0.000 0.000 0.000 0.217 0.414 0.661 0.887 0.999 0.945 0.751 0.501 0.281 0.132 0.000 0.000 0.000 0.000 0.000 0.000 0.000 0.000 0.000 0.000 0.000 0.000 0.000 0.000 0.132 0.281 0.501 0.751 0.945 0.999 0.887 0.661 0.414 0.217 0.000 0.000 0.000 0.000 0.000 0.000 0.000 0.000 
0.000 0.000 0.000 0.000 0.000 0.000 0.000 0.000 0.000 0.000 0.000 0.169 0.340 0.576 0.820 0.979 0.982 0.827 0.584 0.347 0.173 0.000 0.000 0.000 0.000 0.000 0.000 0.000 0.000 0.000 0.000 0.000 0.000 0.000 0.000 0.000 0.222 0.421 0.669 0.893 1.000 0.941 0.743 0.493 0.275 0.128 0.000 0.000 0.000 0.000 
0.000 0.000 0.000 0.000 0.000 0.000 0.000 0.000 0.000 0.000 0.000 0.000 0.000 0.000 0.128 0.275 0.493 0.743 0.941 1.000 0.893 0.669 0.421 0.222 0.000 0.000 0.000 0.000 0.000 0.000 0.000 0.000 0.000 0.000 0.000 0.000 0.000 0.000 0.000 0.173 0.347 0.584 0.827 0.982 0.979 0.820 0.576 0.340 0.169 0.000 
0.000 0.000 0.000 0.000 0.000 0.000 0.000 0.000 0.000 0.000 0.000 0.000 0.000 0.000 0.000 0.000 0.000 0.000 0.217 0.414 0.661 0.887 0.999 0.945 0.751 0.501 0.281 0.132 0.000 0.000 0.000 0.000 0.000 0.000 0.000 0.000 0.000 0.000 0.000 0.000 0.000 0.000 0.132 0.281 0.501 0.751 0.945 0.999 0.887 0.661 
0.000 0.000 0.000 0.000 0.000 0.000 0.000 0.000 0.000 0.000 0.000 0.000 0.000 0.000 0.000 0.000 0.000 0.000 0.000 0.000 0.000 0.169 0.340 0.576 0.820 0.979 0.982 0.827 0.584 0.347 0.173 0.000 0.000 0.000 0.000 0.000 0.000 0.000 0.000 0.000 0.000 0.000 0.000 0.000 0.000 0.000 0.222 0.421 0.669 0.893 
0.000 0.000 0.000 0.000 0.000 0.000 0.000 0.000 0.000 0.000 0.000 0.000 0.000 0.000 0.000 0.000 0.000 0.000 0.000 0.000 0.000 0.000 0.000 0.000 0.128 0.275 0.493 0.743 0.941 1.000 0.893 0.669 0.421 0.222 0.000 0.000 0.000 0.000 0.000 0.000 0.000 0.000 0.000 0.000 0.000 0.000 0.000 0.000 0.000 0.173 
0.000 0.000 0.000 0.000 0.000 0.000 0.000 0.000 0.000 0.000 0.000 0.000 0.000 0.000 0.000 0.000 0.000 0.000 0.000 0.000 0.000 0.000 0.000 0.000 0.000 0.000 0.000 0.000 0.217 0.414 0.661 0.887 0.999 0.945 0.751 0.501 0.281 0.132 0.000 0.000 0.000 0.000 0.000 0.000 0.000 0.000 0.000 0.000 0.000 0.000 
0.000 0.000 0.000 0.000 0.000 0.000 0.000 0.000 0.000 0.000 0.000 0.000 0.000 0.000 0.000 0.000 0.000 0.000 0.000 0.000 0.000 0.000 0.000 0.000 0.000 0.000 0.000 0.000 0.000 0.000 0.000 0.169 0.340 0.576 0.820 0.979 0.982 0.827 0.584 0.347 0.173 0.000 0.000 0.000 0.000 0.000 0.000 0.000 0.000 0.000 
# 1 0 50 11
0.000 0.000 -0.208 -0.488 -0.820 -0.998 -0.880 -0.562 -0.258 0.000 0.000 
0.000 0.000 -0.164 -0.416 -0.752 -0.983 -0.930 -0.638 -0.316 -0.110 0.000 
0.000 0.000 -0.127 -0.350 -0.679 -0.953 -0.968 -0.713 -0.379 -0.143 0.000 
0.000 0.000 0.000 -0.289 -0.604 -0.909 -0.992 -0.784 -0.448 -0.183 0.000 
0.000 0.000 0.000 -0.234 -0.528 -0.854 -1.000 -0.849 -0.521 -0.230 0.000 
0.000 0.000 0.000 -0.187 -0.455 -0.790 -0.993 -0.905 -0.597 -0.283 0.000 
0.000 0.000 0.000 -0.146 -0.385 -0.720 -0.971 -0.949 -0.673 -0.344 -0.124 
0.000 0.000 0.000 -0.112 -0.321 -0.645 -0.934 -0.981 -0.746 -0.410 -0.160 
0.000 0.000 0.000 0.000 -0.263 -0.569 -0.885 -0.997 -0.814 -0.481 -0.203 
0.000 0.000 0.000 0.000 -0.212 -0.494 -0.826 -0.999 -0.875 -0.556 -0.253 
-0.107 0.000 0.000 0.000 -0.168 -0.423 -0.759 -0.985 -0.926 -0.631 -0.310 
-0.140 0.000 0.000 0.000 -0.130 -0.355 -0.686 -0.956 -0.965 -0.706 -0.373 
-0.179 0.000 0.000 0.000 0.000 -0.294 -0.611 -0.914 -0.990 -0.778 -0.442 
-0.225 0.000 0.000 0.000 0.000 -0.239 -0.535 -0.860 -1.000 -0.843 -0.515 
-0.278 0.000 0.000 0.000 0.000 -0.191 -0.461 -0.796 -0.994 -0.900 -0.590 
-0.338 -0.121 0.000 0.000 0.000 -0.150 -0.391 -0.726 -0.973 -0.946 -0.666 
-0.404 -0.157 0.000 0.000 0.000 -0.115 -0.327 -0.652 -0.938 -0.978 -0.739 
-0.475 -0.199 0.000 0.000 0.000 0.000 -0.268 -0.576 -0.890 -0.996 -0.808 
-0.549 -0.249 0.000 0.000 0.000 0.000 -0.216 -0.501 -0.832 -0.999 -0.870 
-0.625 -0.305 -0.104 0.000 0.000 0.000 -0.171 -0.429 -0.765 -0.987 -0.922 
-0.700 -0.367 -0.137 0.000 0.000 0.000 -0.133 -0.361 -0.693 -0.959 -0.962 
-0.772 -0.435 -0.175 0.000 0.000 0.000 -0.102 -0.299 -0.618 -0.918 -0.988 
-0.838 -0.508 -0.221 0.000 0.000 0.000 0.000 -0.244 -0.542 -0.865 -1.000 
-0.895 -0.583 -0.273 0.000 0.000 0.000 0.000 -0.195 -0.468 -0.802 -0.995 
-0.942 -0.659 -0.332 -0.118 0.000 0.000 0.000 -0.153 -0.398 -0.733 -0.976 
-0.976 -0.733 -0.398 -0.153 0.000 0.000 0.000 -0.118 -0.332 -0.659 -0.942 
-0.995 -0.802 -0.468 -0.195 0.000 0.000 0.000 0.000 -0.273 -0.583 -0.895 
-1.000 -0.865 -0.542 -0.244 0.000 0.000 0.000 0.000 -0.221 -0.508 -0.838 
-0.988 -0.918 -0.618 -0.299 -0.102 0.000 0.000 0.000 -0.175 -0.435 -0.772 
-0.962 -0.959 -0.693 -0.361 -0.133 0.000 0.000 0.000 -0.137 -0.367 -0.700 
-0.922 -0.987 -0.765 -0.429 -0.171 0.000 0.000 0.000 -0.104 -0.305 -0.625 
-0.870 -0.999 -0.832 -0.501 -0.216 0.000 0.000 0.000 0.000 -0.249 -0.549 
-0.808 -0.996 -0.890 -0.576 -0.268 0.000 0.000 0.000 0.000 -0.199 -0.475 
-0.739 -0.978 -0.938 -0.652 -0.327 -0.115 0.000 0.000 0.000 -0.157 -0.404 
-0.666 -0.946 -0.973 -0.726 -0.391 -0.150 0.000 0.000 0.000 -0.121 -0.338 
-0.590 -0.900 -0.994 -0.796 -0.461 -0.191 0.000 0.000 0.000 0.000 -0.278 
-0.515 -0.843 -1.000 -0.860 -0.535 -0.239 0.000 0.000 0.000 0.000 -0.225 
-0.442 -0.778 -0.990 -0.914 -0.611 -0.294 0.000 0.000 0.000 0.000 -0.179 
-0.373 -0.706 -0.965 -0.956 -0.686 -0.355 -0.130 0.000 0.000 0.000 -0.140 
-0.310 -0.631 -0.926 -0.985 -0.759 -0.423 -0.168 0.000 0.000 0.000 -0.107 
-0.253 -0.556 -0.875 -0.999 -0.826 -0.494 -0.212 0.000 0.000 0.000 0.000 
-0.203 -0.481 -0.814 -0.997 -0.885 -0.569 -0.263 0.000 0.000 0.000 0.000 
-0.160 -0.410 -0.746 -0.981 -0.934 -0.645 -0.321 -0.112 0.000 0.000 0.000 
-0.124 -0.344 -0.673 -0.949 -0.971 -0.720 -0.385 -0.146 0.000 0.000 0.000 
0.000 -0.283 -0.597 -0.905 -0.993 -0.790 -0.455 -0.187 0.000 0.000 0.000 
0.000 -0.230 -0.521 -0.849 -1.000 -0.854 -0.528 -0.234 0.000 0.000 0.000 
0.000 -0.183 -0.448 -0.784 -0.992 -0.909 -0.604 -0.289 0.000 0.000 0.000 
0.000 -0.143 -0.379 -0.713 -0.968 -0.953 -0.679 -0.350 -0.127 0.000 0.000 
0.000 -0.110 -0.316 -0.638 -0.930 -0.983 -0.752 -0.416 -0.164 0.000 0.000 
0.000 0.000 -0.258 -0.562 -0.880 -0.998 -0.820 -0.488 -0.208 0.000 0.000 
