69.156920
3
# 0 1 14 50
0.144 0.000 0.000 0.212 0.443 0.731 0.954 0.986 0.806 0.522 0.267 0.108 0.000 0.000 0.000 0.000 0.000 0.000 0.000 0.000 0.000 0.000 0.000 0.000 0.000 0.000 0.000 0.000 0.000 0.000 0.000 0.000 0.000 0.000 0.000 0.000 0.000 0.000 0.000 0.000 0.000 0.000 0.000 0.000 0.000 0.000 0.000 0.000 0.000 0.000 
0.972 0.770 0.483 0.239 0.000 0.000 0.126 0.300 0.565 0.843 0.995 0.930 0.688 0.403 0.187 0.000 0.000 0.000 0.000 0.000 0.000 0.000 0.000 0.000 0.000 0.000 0.000 0.000 0.000 0.000 0.000 0.000 0.000 0.000 0.000 0.000 0.000 0.000 0.000 0.000 0.000 0.000 0.000 0.000 0.000 0.000 0.000 0.000 0.000 0.000 
0.331 0.605 0.874 1.000 0.905 0.648 0.368 0.165 0.000 0.000 0.188 0.404 0.690 0.931 0.995 0.841 0.563 0.298 0.125 0.000 0.000 0.000 0.000 0.000 0.000 0.000 0.000 0.000 0.000 0.000 0.000 0.000 0.000 0.000 0.000 0.000 0.000 0.000 0.000 0.000 0.000 0.000 0.000 0.000 0.000 0.000 0.000 0.000 0.000 0.000 
0.000 0.000 0.000 0.212 0.441 0.729 0.953 0.986 0.807 0.523 0.268 0.109 0.000 0.109 0.268 0.523 0.807 0.986 0.953 0.729 0.441 0.212 0.000 0.000 0.000 0.000 0.000 0.000 0.000 0.000 0.000 0.000 0.000 0.000 0.000 0.000 0.000 0.000 0.000 0.000 0.000 0.000 0.000 0.000 0.000 0.000 0.000 0.000 0.000 0.000 
0.000 0.000 0.000 0.000 0.000 0.000 0.125 0.298 0.563 0.841 0.995 0.931 0.690 0.404 0.188 0.000 0.000 0.165 0.368 0.648 0.905 1.000 0.874 0.605 0.331 0.144 0.000 0.000 0.000 0.000 0.000 0.000 0.000 0.000 0.000 0.000 0.000 0.000 0.000 0.000 0.000 0.000 0.000 0.000 0.000 0.000 0.000 0.000 0.000 0.000 
0.000 0.000 0.000 0.000 0.000 0.000 0.000 0.000 0.000 0.000 0.187 0.403 0.688 0.930 0.995 0.843 0.565 0.300 0.126 0.000 0.000 0.239 0.483 0.770 0.972 0.971 0.768 0.481 0.238 0.000 0.000 0.000 0.000 0.000 0.000 0.000 0.000 0.000 0.000 0.000 0.000 0.000 0.000 0.000 0.000 0.000 0.000 0.000 0.000 0.000 
0.000 0.000 0.000 0.000 0.000 0.000 0.000 0.000 0.000 0.000 0.000 0.000 0.000 0.108 0.267 0.522 0.806 0.986 0.954 0.731 0.443 0.212 0.000 0.000 0.144 0.333 0.607 0.875 1.000 0.904 0.647 0.366 0.164 0.000 0.000 0.000 0.000 0.000 0.000 0.000 0.000 0.000 0.000 0.000 0.000 0.000 0.000 0.000 0.000 0.000 
0.000 0.000 0.000 0.000 0.000 0.000 0.000 0.000 0.000 0.000 0.000 0.000 0.000 0.000 0.000 0.000 0.000 0.164 0.366 0.647 0.904 1.000 0.875 0.607 0.333 0.144 0.000 0.000 0.212 0.443 0.731 0.954 0.986 0.806 0.522 0.267 0.108 0.000 0.000 0.000 0.000 0.000 0.000 0.000 0.000 0.000 0.000 0.000 0.000 0.000 
0.000 0.000 0.000 0.000 0.000 0.000 0.000 0.000 0.000 0.000 0.000 0.000 0.000 0.000 0.000 0.000 0.000 0.000 0.000 0.000 0.000 0.238 0.481 0.768 0.971 0.972 0.770 0.483 0.239 0.000 0.000 0.126 0.300 0.565 0.843 0.995 0.930 0.688 0.403 0.187 0.000 0.000 0.000 0.000 0.000 0.000 0.000 0.000 0.000 0.000 
0.000 0.000 0.000 0.000 0.000 0.000 0.000 0.000 0.000 0.000 0.000 0.000 0.000 0.000 0.000 0.000 0.000 0.000 0.000 0.000 0.000 0.000 0.000 0.000 0.144 0.331 0.605 0.874 1.000 0.905 0.648 0.368 0.165 0.000 0.000 0.188 0.404 0.690 0.931 0.995 0.841 0.563 0.298 0.125 0.000 0.000 0.000 0.000 0.000 0.000 
0.000 0.000 0.000 0.000 0.000 0.000 0.000 0.000 0.000 0.000 0.000 0.000 0.000 0.000 0.000 0.000 0.000 0.000 0.000 0.000 0.000 0.000 0.000 0.000 0.000 0.000 0.000 0.000 0.212 0.441 0.729 0.953 0.986 0.807 0.523 0.268 0.109 0.000 0.109 0.268 0.523 0.807 0.986 0.953 0.729 0.441 0.212 0.000 0.000 0.000 
0.000 0.000 0.000 0.000 0.000 0.000 0.000 0.000 0.000 0.000 0.000 0.000 0.000 0.000 0.000 0.000 0.000 0.000 0.000 0.000 0.000 0.000 0.000 0.000 0.000 0.000 0.000 0.000 0.000 0.000 0.000 0.125 0.298 0.563 0.841 0.995 0.931 0.690 0.404 0.188 0.000 0.000 0.165 0.368 0.648 0.905 1.000 0.874 0.605 0.331 
0.000 0.000 0.000 0.000 0.000 0.000 0.000 0.000 0.000 0.000 0.000 0.000 0.000 0.000 0.000 0.000 0.000 0.000 0.000 0.000 0.000 0.000 0.000 0.000 0.000 0.000 0.000 0.000 0.000 0.000 0.000 0.000 0.000 0.000 0.000 0.187 0.403 0.688 0.930 0.995 0.843 0.565 0.300 0.126 0.000 0.000 0.239 0.483 0.770 0.972 
0.000 0.000 0.000 0.000 0.000 0.000 0.000 0.000 0.000 0.000 0.000 0.000 0.000 0.000 0.000 0.000 0.000 0.000 0.000 0.000 0.000 0.000 0.000 0.000 0.000 0.000 0.000 0.000 0.000 0.000 0.000 0.000 0.000 0.000 0.000 0.000 0.000 0.000 0.108 0.267 0.522 0.806 0.986 0.954 0.731 0.443 0.212 0.000 0.000 0.144 
# 0 2 15 50
0.129 0.000 0.000 0.235 0.477 0.765 0.971 0.976 0.776 0.489 0.243 0.000 0.000 0.000 0.000 0.000 0.000 0.000 0.000 0.000 0.000 0.000 0.000 0.000 0.000 0.000 0.000 0.000 0.000 0.000 0.000 0.000 0.000 0.000 0.000 0.000 0.000 0.000 0.000 0.000 0.000 0.000 0.000 0.000 0.000 0.000 0.000 0.000 0.000 0.000 
0.920 0.671 0.387 0.176 0.000 0.000 0.176 0.387 0.671 0.920 1.000 0.860 0.585 0.315 0.134 0.000 0.000 0.000 0.000 0.000 0.000 0.000 0.000 0.000 0.000 0.000 0.000 0.000 0.000 0.000 0.000 0.000 0.000 0.000 0.000 0.000 0.000 0.000 0.000 0.000 0.000 0.000 0.000 0.000 0.000 0.000 0.000 0.000 0.000 0.000 
0.489 0.776 0.976 0.971 0.765 0.477 0.235 0.000 0.000 0.129 0.305 0.573 0.850 0.998 0.928 0.683 0.398 0.183 0.000 0.000 0.000 0.000 0.000 0.000 0.000 0.000 0.000 0.000 0.000 0.000 0.000 0.000 0.000 0.000 0.000 0.000 0.000 0.000 0.000 0.000 0.000 0.000 0.000 0.000 0.000 0.000 0.000 0.000 0.000 0.000 
0.000 0.000 0.183 0.398 0.683 0.928 0.998 0.850 0.573 0.305 0.129 0.000 0.000 0.235 0.477 0.765 0.971 0.976 0.776 0.489 0.243 0.000 0.000 0.000 0.000 0.000 0.000 0.000 0.000 0.000 0.000 0.000 0.000 0.000 0.000 0.000 0.000 0.000 0.000 0.000 0.000 0.000 0.000 0.000 0.000 0.000 0.000 0.000 0.000 0.000 
0.000 0.000 0.000 0.000 0.000 0.134 0.315 0.585 0.860 1.000 0.920 0.671 0.387 0.176 0.000 0.000 0.176 0.387 0.671 0.920 1.000 0.860 0.585 0.315 0.134 0.000 0.000 0.000 0.000 0.000 0.000 0.000 0.000 0.000 0.000 0.000 0.000 0.000 0.000 0.000 0.000 0.000 0.000 0.000 0.000 0.000 0.000 0.000 0.000 0.000 
0.000 0.000 0.000 0.000 0.000 0.000 0.000 0.000 0.000 0.243 0.489 0.776 0.976 0.971 0.765 0.477 0.235 0.000 0.000 0.129 0.305 0.573 0.850 0.998 0.928 0.683 0.398 0.183 0.000 0.000 0.000 0.000 0.000 0.000 0.000 0.000 0.000 0.000 0.000 0.000 0.000 0.000 0.000 0.000 0.000 0.000 0.000 0.000 0.000 0.000 
0.000 0.000 0.000 0.000 0.000 0.000 0.000 0.000 0.000 0.000 0.000 0.000 0.183 0.398 0.683 0.928 0.998 0.850 0.573 0.305 0.129 0.000 0.000 0.235 0.477 0.765 0.971 0.976 0.776 0.489 0.243 0.000 0.000 0.000 0.000 0.000 0.000 0.000 0.000 0.000 0.000 0.000 0.000 0.000 0.000 0.000 0.000 0.000 0.000 0.000 
0.000 0.000 0.000 0.000 0.000 0.000 0.000 0.000 0.000 0.000 0.000 0.000 0.000 0.000 0.000 0.134 0.315 0.585 0.860 1.000 0.920 0.671 0.387 0.176 0.000 0.000 0.176 0.387 0.671 0.920 1.000 0.860 0.585 0.315 0.134 0.000 0.000 0.000 0.000 0.000 0.000 0.000 0.000 0.000 0.000 0.000 0.000 0.000 0.000 0.000 
0.000 0.000 0.000 0.000 0.000 0.000 0.000 0.000 0.000 0.000 0.000 0.000 0.000 0.000 0.000 0.000 0.000 0.000 0.000 0.243 0.489 0.776 0.976 0.971 0.765 0.477 0.235 0.000 0.000 0.129 0.305 0.573 0.850 0.998 0.928 0.683 0.398 0.183 0.000 0.000 0.000 0.000 0.000 0.000 0.000 0.000 0.000 0.000 0.000 0.000 
0.000 0.000 0.000 0.000 0.000 0.000 0.000 0.000 0.000 0.000 0.000 0.000 0.000 0.000 0.000 0.000 0.000 0.000 0.000 0.000 0.000 0.000 0.183 0.398 0.683 0.928 0.998 0.850 0.573 0.305 0.129 0.000 0.000 0.235 0.477 0.765 0.971 0.976 0.776 0.489 0.243 0.000 0.000 0.000 0.000 0.000 0.000 0.000 0.000 0.000 
0.000 0.000 0.000 0.000 0.000 0.000 0.000 0.000 0.000 0.000 0.000 0.000 0.000 0.000 0.000 0.000 0.000 0.000 0.000 0.000 0.000 0.000 0.000 0.000 0.000 0.134 0.315 0.585 0.860 1.000 0.920 0.671 0.387 0.176 0.000 0.000 0.176 0.387 0.671 0.920 1.000 0.860 0.585 0.315 0.134 0.000 0.000 0.000 0.000 0.000 
0.000 0.000 0.000 0.000 0.000 0.000 0.000 0.000 0.000 0.000 0.000 0.000 0.000 0.000 0.000 0.000 0.000 0.000 0.000 0.000 0.000 0.000 0.000 0.000 0.000 0.000 0.000 0.000 0.000 0.243 0.489 0.776 0.976 0.971 0.765 0.477 0.235 0.000 0.000 0.129 0.305 0.573 0.850 0.998 0.928 0.683 0.398 0.183 0.000 0.000 
0.000 0.000 0.000 0.000 0.000 0.000 0.000 0.000 0.000 0.000 0.000 0.000 0.000 0.000 0.000 0.000 0.000 0.000 0.000 0.000 0.000 0.000 0.000 0.000 0.000 0.000 0.000 0.000 0.000 0.000 0.000 0.000 0.183 0.398 0.683 0.928 0.998 0.850 0.573 0.305 0.129 0.000 0.000 0.235 0.477 0.765 0.971 0.976 0.776 0.489 
0.000 0.000 0.000 0.000 0.000 0.000 0.000 0.000 0.000 0.000 0.000 0.000 0.000 0.000 0.000 0.000 0.000 0.000 0.000 0.000 0.000 0.000 0.000 0.000 0.000 0.000 0.000 0.000 0.000 0.000 0.000 0.000 0.000 0.000 0.000 0.134 0.315 0.585 0.860 1.000 0.920 0.671 0.387 0.176 0.000 0.000 0.176 0.387 0.671 0.920 
0.000 0.000 0.000 0.000 0.000 0.000 0.000 0.000 0.000 0.000 0.000 0.000 0.000 0.000 0.000 0.000 0.000 0.000 0.000 0.000 0.000 0.000 0.000 0.000 0.000 0.000 0.000 0.000 0.000 0.000 0.000 0.000 0.000 0.000 0.000 0.000 0.000 0.000 0.000 0.243 0.489 0.776 0.976 0.971 0.765 0.477 0.235 0.000 0.000 0.129 
# 1 0 50 14
0.000 0.000 0.000 -0.233 -0.466 -0.745 -0.956 -0.986 -0.817 -0.543 -0.290 -0.122 0.000 0.000 
0.000 0.000 0.000 -0.184 -0.393 -0.668 -0.912 -0.999 -0.880 -0.623 -0.353 -0.160 0.000 0.000 
0.000 0.000 0.000 -0.143 -0.325 -0.589 -0.854 -0.996 -0.932 -0.702 -0.424 -0.204 0.000 0.000 
0.000 0.000 0.000 -0.108 -0.264 -0.510 -0.787 -0.975 -0.971 -0.777 -0.499 -0.256 -0.104 0.000 
0.000 0.000 0.000 0.000 -0.211 -0.434 -0.713 -0.939 -0.994 -0.845 -0.577 -0.316 -0.137 0.000 
0.000 0.000 0.000 0.000 -0.165 -0.363 -0.634 -0.888 -1.000 -0.904 -0.657 -0.383 -0.178 0.000 
0.000 0.000 0.000 0.000 -0.127 -0.298 -0.555 -0.827 -0.989 -0.951 -0.734 -0.455 -0.226 0.000 
0.000 0.000 0.000 0.000 0.000 -0.241 -0.477 -0.756 -0.961 -0.983 -0.807 -0.532 -0.281 -0.118 
0.000 0.000 0.000 0.000 0.000 -0.191 -0.403 -0.679 -0.919 -0.998 -0.872 -0.612 -0.344 -0.154 
0.000 0.000 0.000 0.000 0.000 -0.148 -0.334 -0.600 -0.863 -0.997 -0.926 -0.690 -0.413 -0.197 
0.000 0.000 0.000 0.000 0.000 -0.113 -0.273 -0.521 -0.797 -0.979 -0.966 -0.766 -0.488 -0.248 
-0.132 0.000 0.000 0.000 0.000 0.000 -0.218 -0.445 -0.724 -0.945 -0.991 -0.836 -0.566 -0.307 
-0.172 0.000 0.000 0.000 0.000 0.000 -0.172 -0.373 -0.646 -0.896 -1.000 -0.896 -0.646 -0.373 
-0.218 0.000 0.000 0.000 0.000 0.000 -0.132 -0.307 -0.566 -0.836 -0.991 -0.945 -0.724 -0.445 
-0.273 -0.113 0.000 0.000 0.000 0.000 0.000 -0.248 -0.488 -0.766 -0.966 -0.979 -0.797 -0.521 
-0.334 -0.148 0.000 0.000 0.000 0.000 0.000 -0.197 -0.413 -0.690 -0.926 -0.997 -0.863 -0.600 
-0.403 -0.191 0.000 0.000 0.000 0.000 0.000 -0.154 -0.344 -0.612 -0.872 -0.998 -0.919 -0.679 
-0.477 -0.241 0.000 0.000 0.000 0.000 0.000 -0.118 -0.281 -0.532 -0.807 -0.983 -0.961 -0.756 
-0.555 -0.298 -0.127 0.000 0.000 0.000 0.000 0.000 -0.226 -0.455 -0.734 -0.951 -0.989 -0.827 
-0.634 -0.363 -0.165 0.000 0.000 0.000 0.000 0.000 -0.178 -0.383 -0.657 -0.904 -1.000 -0.888 
-0.713 -0.434 -0.211 0.000 0.000 0.000 0.000 0.000 -0.137 -0.316 -0.577 -0.845 -0.994 -0.939 
-0.787 -0.510 -0.264 -0.108 0.000 0.000 0.000 0.000 -0.104 -0.256 -0.499 -0.777 -0.971 -0.975 
-0.854 -0.589 -0.325 -0.143 0.000 0.000 0.000 0.000 0.000 -0.204 -0.424 -0.702 -0.932 -0.996 
-0.912 -0.668 -0.393 -0.184 0.000 0.000 0.000 0.000 0.000 -0.160 -0.353 -0.623 -0.880 -0.999 
-0.956 -0.745 -0.466 -0.233 0.000 0.000 0.000 0.000 0.000 -0.122 -0.290 -0.543 -0.817 -0.986 
-0.986 -0.817 -0.543 -0.290 -0.122 0.000 0.000 0.000 0.000 0.000 -0.233 -0.466 -0.745 -0.956 
-0.999 -0.880 -0.623 -0.353 -0.160 0.000 0.000 0.000 0.000 0.000 -0.184 -0.393 -0.668 -0.912 
-0.996 -0.932 -0.702 -0.424 -0.204 0.000 0.000 0.000 0.000 0.000 -0.143 -0.325 -0.589 -0.854 
-0.975 -0.971 -0.777 -0.499 -0.256 -0.104 0.000 0.000 0.000 0.000 -0.108 -0.264 -0.510 -0.787 
-0.939 -0.994 -0.845 -0.577 -0.316 -0.137 0.000 0.000 0.000 0.000 0.000 -0.211 -0.434 -0.713 
-0.888 -1.000 -0.904 -0.657 -0.383 -0.178 0.000 0.000 0.000 0.000 0.000 -0.165 -0.363 -0.634 
-0.827 -0.989 -0.951 -0.734 -0.455 -0.226 0.000 0.000 0.000 0.000 0.000 -0.127 -0.298 -0.555 
-0.756 -0.961 -0.983 -0.807 -0.532 -0.281 -0.118 0.000 0.000 0.000 0.000 0.000 -0.241 -0.477 
-0.679 -0.919 -0.998 -0.872 -0.612 -0.344 -0.154 0.000 0.000 0.000 0.000 0.000 -0.191 -0.403 
-0.600 -0.863 -0.997 -0.926 -0.690 -0.413 -0.197 0.000 0.000 0.000 0.000 0.000 -0.148 -0.334 
-0.521 -0.797 -0.979 -0.966 -0.766 -0.488 -0.248 0.000 0.000 0.000 0.000 0.000 -0.113 -0.273 
-0.445 -0.724 -0.945 -0.991 -0.836 -0.566 -0.307 -0.132 0.000 0.000 0.000 0.000 0.000 -0.218 
-0.373 -0.646 -0.896 -1.000 -0.896 -0.646 -0.373 -0.172 0.000 0.000 0.000 0.000 0.000 -0.172 
-0.307 -0.566 -0.836 -0.991 -0.945 -0.724 -0.445 -0.218 0.000 0.000 0.000 0.000 0.000 -0.132 
-0.248 -0.488 -0.766 -0.966 -0.979 -0.797 -0.521 -0.273 -0.113 0.000 0.000 0.000 0.000 0.000 
-0.197 -0.413 -0.690 -0.926 -0.997 -0.863 -0.600 -0.334 -0.148 0.000 0.000 0.000 0.000 0.000 
-0.154 -0.344 -0.612 -0.872 -0.998 -0.919 -0.679 -0.403 -0.191 0.000 0.000 0.000 0.000 0.000 
-0.118 -0.281 -0.532 -0.807 -0.983 -0.961 -0.756 -0.477 -0.241 0.000 0.000 0.000 0.000 0.000 
0.000 -0.226 -0.455 -0.734 -0.951 -0.989 -0.827 -0.555 -0.298 -0.127 0.000 0.000 0.000 0.000 
0.000 -0.178 -0.383 -0.657 -0.904 -1.000 -0.888 -0.634 -0.363 -0.165 0.000 0.000 0.000 0.000 
0.000 -0.137 -0.316 -0.577 -0.845 -0.994 -0.939 -0.713 -0.434 -0.211 0.000 0.000 0.000 0.000 
0.000 -0.104 -0.256 -0.499 -0.777 -0.971 -0.975 -0.787 -0.510 -0.264 -0.108 0.000 0.000 0.000 
0.000 0.000 -0.204 -0.424 -0.702 -0.932 -0.996 -0.854 -0.589 -0.325 -0.143 0.000 0.000 0.000 
0.000 0.000 -0.160 -0.353 -0.623 -0.880 -0.999 -0.912 -0.668 -0.393 -0.184 0.000 0.000 0.000 
0.000 0.000 -0.122 -0.290 -0.543 -0.817 -0.986 -0.956 -0.745 -0.466 -0.233 0.000 0.000 0.000 
