69.206446
3
# 0 1 10 50
0.000 0.000 0.000 0.000 0.000 0.000 0.000 0.000 0.000 0.000 0.000 0.000 0.158 0.520 0.962 1.000 0.584 0.192 0.000 0.000 0.000 0.000 0.000 0.000 0.000 0.000 0.000 0.000 0.000 0.000 0.000 0.000 0.000 0.000 0.000 0.000 0.000 0.000 0.000 0.000 0.000 0.000 0.000 0.000 0.000 0.000 0.000 0.000 0.000 0.000 
0.000 0.000 0.000 0.000 0.000 0.000 0.000 0.000 0.000 0.000 0.000 0.000 0.000 0.000 0.000 0.000 0.000 0.158 0.520 0.962 1.000 0.584 0.192 0.000 0.000 0.000 0.000 0.000 0.000 0.000 0.000 0.000 0.000 0.000 0.000 0.000 0.000 0.000 0.000 0.000 0.000 0.000 0.000 0.000 0.000 0.000 0.000 0.000 0.000 0.000 
0.962 0.520 0.158 0.000 0.000 0.000 0.000 0.000 0.000 0.000 0.000 0.000 0.000 0.000 0.000 0.000 0.000 0.000 0.000 0.000 0.000 0.000 0.158 0.520 0.962 1.000 0.584 0.192 0.000 0.000 0.000 0.000 0.000 0.000 0.000 0.000 0.000 0.000 0.000 0.000 0.000 0.000 0.000 0.000 0.000 0.000 0.000 0.000 0.000 0.000 
0.000 0.000 0.192 0.584 1.000 0.962 0.520 0.158 0.000 0.000 0.000 0.000 0.000 0.000 0.000 0.000 0.000 0.000 0.000 0.000 0.000 0.000 0.000 0.000 0.000 0.000 0.000 0.158 0.520 0.962 1.000 0.584 0.192 0.000 0.000 0.000 0.000 0.000 0.000 0.000 0.000 0.000 0.000 0.000 0.000 0.000 0.000 0.000 0.000 0.000 
0.000 0.000 0.000 0.000 0.000 0.000 0.000 0.192 0.584 1.000 0.962 0.520 0.158 0.000 0.000 0.000 0.000 0.000 0.000 0.000 0.000 0.000 0.000 0.000 0.000 0.000 0.000 0.000 0.000 0.000 0.000 0.000 0.158 0.520 0.962 1.000 0.584 0.192 0.000 0.000 0.000 0.000 0.000 0.000 0.000 0.000 0.000 0.000 0.000 0.000 
0.000 0.000 0.000 0.000 0.000 0.000 0.000 0.000 0.000 0.000 0.000 0.000 0.192 0.584 1.000 0.962 0.520 0.158 0.000 0.000 0.000 0.000 0.000 0.000 0.000 0.000 0.000 0.000 0.000 0.000 0.000 0.000 0.000 0.000 0.000 0.000 0.000 0.158 0.520 0.962 1.000 0.584 0.192 0.000 0.000 0.000 0.000 0.000 0.000 0.000 
0.000 0.000 0.000 0.000 0.000 0.000 0.000 0.000 0.000 0.000 0.000 0.000 0.000 0.000 0.000 0.000 0.000 0.192 0.584 1.000 0.962 0.520 0.158 0.000 0.000 0.000 0.000 0.000 0.000 0.000 0.000 0.000 0.000 0.000 0.000 0.000 0.000 0.000 0.000 0.000 0.000 0.000 0.158 0.520 0.962 1.000 0.584 0.192 0.000 0.000 
0.000 0.000 0.000 0.000 0.000 0.000 0.000 0.000 0.000 0.000 0.000 0.000 0.000 0.000 0.000 0.000 0.000 0.000 0.000 0.000 0.000 0.000 0.192 0.584 1.000 0.962 0.520 0.158 0.000 0.000 0.000 0.000 0.000 0.000 0.000 0.000 0.000 0.000 0.000 0.000 0.000 0.000 0.000 0.000 0.000 0.000 0.000 0.158 0.520 0.962 
0.000 0.000 0.000 0.000 0.000 0.000 0.000 0.000 0.000 0.000 0.000 0.000 0.000 0.000 0.000 0.000 0.000 0.000 0.000 0.000 0.000 0.000 0.000 0.000 0.000 0.000 0.000 0.192 0.584 1.000 0.962 0.520 0.158 0.000 0.000 0.000 0.000 0.000 0.000 0.000 0.000 0.000 0.000 0.000 0.000 0.000 0.000 0.000 0.000 0.000 
0.000 0.000 0.000 0.000 0.000 0.000 0.000 0.000 0.000 0.000 0.000 0.000 0.000 0.000 0.000 0.000 0.000 0.000 0.000 0.000 0.000 0.000 0.000 0.000 0.000 0.000 0.000 0.000 0.000 0.000 0.000 0.000 0.192 0.584 1.000 0.962 0.520 0.158 0.000 0.000 0.000 0.000 0.000 0.000 0.000 0.000 0.000 0.000 0.000 0.000 
# 0 2 15 50
0.000 0.000 0.000 0.000 0.000 0.000 0.000 0.000 0.000 0.000 0.000 0.116 0.421 0.857 0.981 0.631 0.228 0.000 0.000 0.000 0.000 0.000 0.000 0.000 0.000 0.000 0.000 0.000 0.000 0.000 0.000 0.000 0.000 0.000 0.000 0.000 0.000 0.000 0.000 0.000 0.000 0.000 0.000 0.000 0.000 0.000 0.000 0.000 0.000 0.000 
0.000 0.000 0.000 0.000 0.000 0.000 0.000 0.000 0.000 0.000 0.000 0.000 0.000 0.000 0.000 0.292 0.721 1.000 0.779 0.341 0.000 0.000 0.000 0.000 0.000 0.000 0.000 0.000 0.000 0.000 0.000 0.000 0.000 0.000 0.000 0.000 0.000 0.000 0.000 0.000 0.000 0.000 0.000 0.000 0.000 0.000 0.000 0.000 0.000 0.000 
0.000 0.000 0.000 0.000 0.000 0.000 0.000 0.000 0.000 0.000 0.000 0.000 0.000 0.000 0.000 0.000 0.000 0.000 0.190 0.569 0.956 0.903 0.479 0.143 0.000 0.000 0.000 0.000 0.000 0.000 0.000 0.000 0.000 0.000 0.000 0.000 0.000 0.000 0.000 0.000 0.000 0.000 0.000 0.000 0.000 0.000 0.000 0.000 0.000 0.000 
0.569 0.190 0.000 0.000 0.000 0.000 0.000 0.000 0.000 0.000 0.000 0.000 0.000 0.000 0.000 0.000 0.000 0.000 0.000 0.000 0.000 0.116 0.421 0.857 0.981 0.631 0.228 0.000 0.000 0.000 0.000 0.000 0.000 0.000 0.000 0.000 0.000 0.000 0.000 0.000 0.000 0.000 0.000 0.000 0.000 0.000 0.000 0.000 0.000 0.000 
0.341 0.779 1.000 0.721 0.292 0.000 0.000 0.000 0.000 0.000 0.000 0.000 0.000 0.000 0.000 0.000 0.000 0.000 0.000 0.000 0.000 0.000 0.000 0.000 0.000 0.292 0.721 1.000 0.779 0.341 0.000 0.000 0.000 0.000 0.000 0.000 0.000 0.000 0.000 0.000 0.000 0.000 0.000 0.000 0.000 0.000 0.000 0.000 0.000 0.000 
0.000 0.000 0.000 0.228 0.631 0.981 0.857 0.421 0.116 0.000 0.000 0.000 0.000 0.000 0.000 0.000 0.000 0.000 0.000 0.000 0.000 0.000 0.000 0.000 0.000 0.000 0.000 0.000 0.190 0.569 0.956 0.903 0.479 0.143 0.000 0.000 0.000 0.000 0.000 0.000 0.000 0.000 0.000 0.000 0.000 0.000 0.000 0.000 0.000 0.000 
0.000 0.000 0.000 0.000 0.000 0.000 0.143 0.479 0.903 0.956 0.569 0.190 0.000 0.000 0.000 0.000 0.000 0.000 0.000 0.000 0.000 0.000 0.000 0.000 0.000 0.000 0.000 0.000 0.000 0.000 0.000 0.116 0.421 0.857 0.981 0.631 0.228 0.000 0.000 0.000 0.000 0.000 0.000 0.000 0.000 0.000 0.000 0.000 0.000 0.000 
0.000 0.000 0.000 0.000 0.000 0.000 0.000 0.000 0.000 0.000 0.341 0.779 1.000 0.721 0.292 0.000 0.000 0.000 0.000 0.000 0.000 0.000 0.000 0.000 0.000 0.000 0.000 0.000 0.000 0.000 0.000 0.000 0.000 0.000 0.000 0.292 0.721 1.000 0.779 0.341 0.000 0.000 0.000 0.000 0.000 0.000 0.000 0.000 0.000 0.000 
0.000 0.000 0.000 0.000 0.000 0.000 0.000 0.000 0.000 0.000 0.000 0.000 0.000 0.228 0.631 0.981 0.857 0.421 0.116 0.000 0.000 0.000 0.000 0.000 0.000 0.000 0.000 0.000 0.000 0.000 0.000 0.000 0.000 0.000 0.000 0.000 0.000 0.000 0.190 0.569 0.956 0.903 0.479 0.143 0.000 0.000 0.000 0.000 0.000 0.000 
0.000 0.000 0.000 0.000 0.000 0.000 0.000 0.000 0.000 0.000 0.000 0.000 0.000 0.000 0.000 0.000 0.143 0.479 0.903 0.956 0.569 0.190 0.000 0.000 0.000 0.000 0.000 0.000 0.000 0.000 0.000 0.000 0.000 0.000 0.000 0.000 0.000 0.000 0.000 0.000 0.000 0.116 0.421 0.857 0.981 0.631 0.228 0.000 0.000 0.000 
0.000 0.000 0.000 0.000 0.000 0.000 0.000 0.000 0.000 0.000 0.000 0.000 0.000 0.000 0.000 0.000 0.000 0.000 0.000 0.000 0.341 0.779 1.000 0.721 0.292 0.000 0.000 0.000 0.000 0.000 0.000 0.000 0.000 0.000 0.000 0.000 0.000 0.000 0.000 0.000 0.000 0.000 0.000 0.000 0.000 0.292 0.721 1.000 0.779 0.341 
0.000 0.000 0.000 0.000 0.000 0.000 0.000 0.000 0.000 0.000 0.000 0.000 0.000 0.000 0.000 0.000 0.000 0.000 0.000 0.000 0.000 0.000 0.000 0.228 0.631 0.981 0.857 0.421 0.116 0.000 0.000 0.000 0.000 0.000 0.000 0.000 0.000 0.000 0.000 0.000 0.000 0.000 0.000 0.000 0.000 0.000 0.000 0.000 0.190 0.569 
0.000 0.000 0.000 0.000 0.000 0.000 0.000 0.000 0.000 0.000 0.000 0.000 0.000 0.000 0.000 0.000 0.000 0.000 0.000 0.000 0.000 0.000 0.000 0.000 0.000 0.000 0.143 0.479 0.903 0.956 0.569 0.190 0.000 0.000 0.000 0.000 0.000 0.000 0.000 0.000 0.000 0.000 0.000 0.000 0.000 0.000 0.000 0.000 0.000 0.000 
0.000 0.000 0.000 0.000 0.000 0.000 0.000 0.000 0.000 0.000 0.000 0.000 0.000 0.000 0.000 0.000 0.000 0.000 0.000 0.000 0.000 0.000 0.000 0.000 0.000 0.000 0.000 0.000 0.000 0.000 0.341 0.779 1.000 0.721 0.292 0.000 0.000 0.000 0.000 0.000 0.000 0.000 0.000 0.000 0.000 0.000 0.000 0.000 0.000 0.000 
0.000 0.000 0.000 0.000 0.000 0.000 0.000 0.000 0.000 0.000 0.000 0.000 0.000 0.000 0.000 0.000 0.000 0.000 0.000 0.000 0.000 0.000 0.000 0.000 0.000 0.000 0.000 0.000 0.000 0.000 0.000 0.000 0.000 0.228 0.631 0.981 0.857 0.421 0.116 0.000 0.000 0.000 0.000 0.000 0.000 0.000 0.000 0.000 0.000 0.000 
# 1 0 50 10
-0.864 -0.682 0.000 0.000 0.000 0.000 0.000 0.000 0.000 0.000 
-0.713 -0.840 -0.134 0.000 0.000 0.000 0.000 0.000 0.000 0.000 
-0.542 -0.954 -0.226 0.000 0.000 0.000 0.000 0.000 0.000 0.000 
-0.713 -1.000 -0.354 0.000 0.000 0.000 0.000 0.000 0.000 0.000 
-0.864 -0.968 -0.512 0.000 0.000 0.000 0.000 0.000 0.000 0.000 
-0.968 -0.864 -0.682 0.000 0.000 0.000 0.000 0.000 0.000 0.000 
-1.000 -0.713 -0.840 -0.134 0.000 0.000 0.000 0.000 0.000 0.000 
-0.954 -0.542 -0.954 -0.226 0.000 0.000 0.000 0.000 0.000 0.000 
-0.840 -0.713 -1.000 -0.354 0.000 0.000 0.000 0.000 0.000 0.000 
-0.682 -0.864 -0.968 -0.512 0.000 0.000 0.000 0.000 0.000 0.000 
-0.512 -0.968 -0.864 -0.682 0.000 0.000 0.000 0.000 0.000 0.000 
-0.354 -1.000 -0.713 -0.840 -0.134 0.000 0.000 0.000 0.000 0.000 
-0.226 -0.954 -0.542 -0.954 -0.226 0.000 0.000 0.000 0.000 0.000 
-0.134 -0.840 -0.713 -1.000 -0.354 0.000 0.000 0.000 0.000 0.000 
0.000 -0.682 -0.864 -0.968 -0.512 0.000 0.000 0.000 0.000 0.000 
0.000 -0.512 -0.968 -0.864 -0.682 0.000 0.000 0.000 0.000 0.000 
0.000 -0.354 -1.000 -0.713 -0.840 -0.134 0.000 0.000 0.000 0.000 
0.000 -0.226 -0.954 -0.542 -0.954 -0.226 0.000 0.000 0.000 0.000 
0.000 -0.134 -0.840 -0.713 -1.000 -0.354 0.000 0.000 0.000 0.000 
0.000 0.000 -0.682 -0.864 -0.968 -0.512 0.000 0.000 0.000 0.000 
0.000 0.000 -0.512 -0.968 -0.864 -0.682 0.000 0.000 0.000 0.000 
0.000 0.000 -0.354 -1.000 -0.713 -0.840 -0.134 0.000 0.000 0.000 
0.000 0.000 -0.226 -0.954 -0.542 -0.954 -0.226 0.000 0.000 0.000 
0.000 0.000 -0.134 -0.840 -0.713 -1.000 -0.354 0.000 0.000 0.000 
0.000 0.000 0.000 -0.682 -0.864 -0.968 -0.512 0.000 0.000 0.000 
0.000 0.000 0.000 -0.512 -0.968 -0.864 -0.682 0.000 0.000 0.000 
0.000 0.000 0.000 -0.354 -1.000 -0.713 -0.840 -0.134 0.000 0.000 
0.000 0.000 0.000 -0.226 -0.954 -0.542 -0.954 -0.226 0.000 0.000 
0.000 0.000 0.000 -0.134 -0.840 -0.713 -1.000 -0.354 0.000 0.000 
0.000 0.000 0.000 0.000 -0.682 -0.864 -0.968 -0.512 0.000 0.000 
0.000 0.000 0.000 0.000 -0.512 -0.968 -0.864 -0.682 0.000 0.000 
0.000 0.000 0.000 0.000 -0.354 -1.000 -0.713 -0.840 -0.134 0.000 
0.000 0.000 0.000 0.000 -0.226 -0.954 -0.542 -0.954 -0.226 0.000 
0.000 0.000 0.000 0.000 -0.134 -0.840 -0.713 -1.000 -0.354 0.000 
0.000 0.000 0.000 0.000 0.000 -0.682 -0.864 -0.968 -0.512 0.000 
0.000 0.000 0.000 0.000 0.000 -0.512 -0.968 -0.864 -0.682 0.000 
0.000 0.000 0.000 0.000 0.000 -0.354 -1.000 -0.713 -0.840 -0.134 
0.000 0.000 0.000 0.000 0.000 -0.226 -0.954 -0.542 -0.954 -0.226 
0.000 0.000 0.000 0.000 0.000 -0.134 -0.840 -0.713 -1.000 -0.354 
0.000 0.000 0.000 0.000 0.000 0.000 -0.682 -0.864 -0.968 -0.512 
0.000 0.000 0.000 0.000 0.000 0.000 -0.512 -0.968 -0.864 -0.682 
0.000 0.000 0.000 0.000 0.000 0.000 -0.354 -1.000 -0.713 -0.840 
0.000 0.000 0.000 0.000 0.000 0.000 -0.226 -0.954 -0.542 -0.954 
0.000 0.000 0.000 0.000 0.000 0.000 -0.134 -0.840 -0.713 -1.000 
0.000 0.000 0.000 0.000 0.000 0.000 0.000 -0.682 -0.864 -0.968 
0.000 0.000 0.000 0.000 0.000 0.000 0.000 -0.512 -0.968 -0.864 
0.000 0.000 0.000 0.000 0.000 0.000 0.000 -0.354 -1.000 -0.713 
0.000 0.000 0.000 0.000 0.000 0.000 0.000 -0.226 -0.954 -0.542 
0.000 0.000 0.000 0.000 0.000 0.000 0.000 -0.134 -0.840 -0.713 
0.000 0.000 0.000 0.000 0.000 0.000 0.000 0.000 -0.682 -0.864 
