69.248918
3
# 0 1 13 50
0.000 0.000 0.000 0.000 0.000 0.000 0.000 0.000 0.000 0.000 0.000 0.161 0.323 0.550 0.791 0.963 0.991 0.863 0.636 0.396 0.208 0.000 0.000 0.000 0.000 0.000 0.000 0.000 0.000 0.000 0.000 0.000 0.000 0.000 0.000 0.000 0.000 0.000 0.000 0.000 0.000 0.000 0.000 0.000 0.000 0.000 0.000 0.000 0.000 0.000 
0.000 0.000 0.000 0.000 0.000 0.000 0.000 0.000 0.000 0.000 0.000 0.000 0.000 0.000 0.000 0.181 0.354 0.588 0.824 0.978 0.981 0.832 0.597 0.363 0.186 0.000 0.000 0.000 0.000 0.000 0.000 0.000 0.000 0.000 0.000 0.000 0.000 0.000 0.000 0.000 0.000 0.000 0.000 0.000 0.000 0.000 0.000 0.000 0.000 0.000 
0.110 0.000 0.000 0.000 0.000 0.000 0.000 0.000 0.000 0.000 0.000 0.000 0.000 0.000 0.000 0.000 0.000 0.000 0.000 0.203 0.387 0.626 0.856 0.989 0.967 0.800 0.559 0.331 0.165 0.000 0.000 0.000 0.000 0.000 0.000 0.000 0.000 0.000 0.000 0.000 0.000 0.000 0.000 0.000 0.000 0.000 0.000 0.000 0.000 0.000 
0.870 0.645 0.404 0.214 0.000 0.000 0.000 0.000 0.000 0.000 0.000 0.000 0.000 0.000 0.000 0.000 0.000 0.000 0.000 0.000 0.000 0.000 0.103 0.226 0.422 0.664 0.885 0.997 0.950 0.765 0.521 0.301 0.147 0.000 0.000 0.000 0.000 0.000 0.000 0.000 0.000 0.000 0.000 0.000 0.000 0.000 0.000 0.000 0.000 0.000 
0.578 0.816 0.975 0.984 0.840 0.607 0.371 0.191 0.000 0.000 0.000 0.000 0.000 0.000 0.000 0.000 0.000 0.000 0.000 0.000 0.000 0.000 0.000 0.000 0.000 0.000 0.117 0.252 0.457 0.702 0.911 1.000 0.929 0.729 0.484 0.272 0.129 0.000 0.000 0.000 0.000 0.000 0.000 0.000 0.000 0.000 0.000 0.000 0.000 0.000 
0.000 0.000 0.197 0.379 0.616 0.848 0.987 0.971 0.808 0.569 0.339 0.170 0.000 0.000 0.000 0.000 0.000 0.000 0.000 0.000 0.000 0.000 0.000 0.000 0.000 0.000 0.000 0.000 0.000 0.000 0.133 0.279 0.494 0.738 0.934 1.000 0.904 0.692 0.448 0.245 0.114 0.000 0.000 0.000 0.000 0.000 0.000 0.000 0.000 0.000 
0.000 0.000 0.000 0.000 0.000 0.000 0.220 0.413 0.655 0.878 0.995 0.954 0.774 0.531 0.308 0.151 0.000 0.000 0.000 0.000 0.000 0.000 0.000 0.000 0.000 0.000 0.000 0.000 0.000 0.000 0.000 0.000 0.000 0.000 0.151 0.308 0.531 0.774 0.954 0.995 0.878 0.655 0.413 0.220 0.000 0.000 0.000 0.000 0.000 0.000 
0.000 0.000 0.000 0.000 0.000 0.000 0.000 0.000 0.000 0.114 0.245 0.448 0.692 0.904 1.000 0.934 0.738 0.494 0.279 0.133 0.000 0.000 0.000 0.000 0.000 0.000 0.000 0.000 0.000 0.000 0.000 0.000 0.000 0.000 0.000 0.000 0.000 0.000 0.170 0.339 0.569 0.808 0.971 0.987 0.848 0.616 0.379 0.197 0.000 0.000 
0.000 0.000 0.000 0.000 0.000 0.000 0.000 0.000 0.000 0.000 0.000 0.000 0.000 0.129 0.272 0.484 0.729 0.929 1.000 0.911 0.702 0.457 0.252 0.117 0.000 0.000 0.000 0.000 0.000 0.000 0.000 0.000 0.000 0.000 0.000 0.000 0.000 0.000 0.000 0.000 0.000 0.000 0.191 0.371 0.607 0.840 0.984 0.975 0.816 0.578 
0.000 0.000 0.000 0.000 0.000 0.000 0.000 0.000 0.000 0.000 0.000 0.000 0.000 0.000 0.000 0.000 0.000 0.147 0.301 0.521 0.765 0.950 0.997 0.885 0.664 0.422 0.226 0.103 0.000 0.000 0.000 0.000 0.000 0.000 0.000 0.000 0.000 0.000 0.000 0.000 0.000 0.000 0.000 0.000 0.000 0.000 0.214 0.404 0.645 0.870 
0.000 0.000 0.000 0.000 0.000 0.000 0.000 0.000 0.000 0.000 0.000 0.000 0.000 0.000 0.000 0.000 0.000 0.000 0.000 0.000 0.000 0.165 0.331 0.559 0.800 0.967 0.989 0.856 0.626 0.387 0.203 0.000 0.000 0.000 0.000 0.000 0.000 0.000 0.000 0.000 0.000 0.000 0.000 0.000 0.000 0.000 0.000 0.000 0.000 0.110 
0.000 0.000 0.000 0.000 0.000 0.000 0.000 0.000 0.000 0.000 0.000 0.000 0.000 0.000 0.000 0.000 0.000 0.000 0.000 0.000 0.000 0.000 0.000 0.000 0.000 0.186 0.363 0.597 0.832 0.981 0.978 0.824 0.588 0.354 0.181 0.000 0.000 0.000 0.000 0.000 0.000 0.000 0.000 0.000 0.000 0.000 0.000 0.000 0.000 0.000 
0.000 0.000 0.000 0.000 0.000 0.000 0.000 0.000 0.000 0.000 0.000 0.000 0.000 0.000 0.000 0.000 0.000 0.000 0.000 0.000 0.000 0.000 0.000 0.000 0.000 0.000 0.000 0.000 0.000 0.208 0.396 0.636 0.863 0.991 0.963 0.791 0.550 0.323 0.161 0.000 0.000 0.000 0.000 0.000 0.000 0.000 0.000 0.000 0.000 0.000 
# 0 2 15 50
0.000 0.000 0.000 0.000 0.000 0.000 0.000 0.000 0.000 0.000 0.000 0.195 0.376 0.613 0.846 0.986 0.972 0.811 0.572 0.341 0.172 0.000 0.000 0.000 0.000 0.000 0.000 0.000 0.000 0.000 0.000 0.000 0.000 0.000 0.000 0.000 0.000 0.000 0.000 0.000 0.000 0.000 0.000 0.000 0.000 0.000 0.000 0.000 0.000 0.000 
0.000 0.000 0.000 0.000 0.000 0.000 0.000 0.000 0.000 0.000 0.000 0.000 0.000 0.000 0.151 0.308 0.531 0.774 0.955 0.995 0.878 0.655 0.413 0.220 0.000 0.000 0.000 0.000 0.000 0.000 0.000 0.000 0.000 0.000 0.000 0.000 0.000 0.000 0.000 0.000 0.000 0.000 0.000 0.000 0.000 0.000 0.000 0.000 0.000 0.000 
0.000 0.000 0.000 0.000 0.000 0.000 0.000 0.000 0.000 0.000 0.000 0.000 0.000 0.000 0.000 0.000 0.000 0.115 0.248 0.451 0.696 0.907 1.000 0.933 0.736 0.491 0.277 0.132 0.000 0.000 0.000 0.000 0.000 0.000 0.000 0.000 0.000 0.000 0.000 0.000 0.000 0.000 0.000 0.000 0.000 0.000 0.000 0.000 0.000 0.000 
0.451 0.248 0.115 0.000 0.000 0.000 0.000 0.000 0.000 0.000 0.000 0.000 0.000 0.000 0.000 0.000 0.000 0.000 0.000 0.000 0.000 0.195 0.376 0.613 0.846 0.986 0.972 0.811 0.572 0.341 0.172 0.000 0.000 0.000 0.000 0.000 0.000 0.000 0.000 0.000 0.000 0.000 0.000 0.000 0.000 0.000 0.000 0.000 0.000 0.000 
0.995 0.955 0.774 0.531 0.308 0.151 0.000 0.000 0.000 0.000 0.000 0.000 0.000 0.000 0.000 0.000 0.000 0.000 0.000 0.000 0.000 0.000 0.000 0.000 0.151 0.308 0.531 0.774 0.955 0.995 0.878 0.655 0.413 0.220 0.000 0.000 0.000 0.000 0.000 0.000 0.000 0.000 0.000 0.000 0.000 0.000 0.000 0.000 0.000 0.000 
0.341 0.572 0.811 0.972 0.986 0.846 0.613 0.376 0.195 0.000 0.000 0.000 0.000 0.000 0.000 0.000 0.000 0.000 0.000 0.000 0.000 0.000 0.000 0.000 0.000 0.000 0.000 0.115 0.248 0.451 0.696 0.907 1.000 0.933 0.736 0.491 0.277 0.132 0.000 0.000 0.000 0.000 0.000 0.000 0.000 0.000 0.000 0.000 0.000 0.000 
0.000 0.000 0.132 0.277 0.491 0.736 0.933 1.000 0.907 0.696 0.451 0.248 0.115 0.000 0.000 0.000 0.000 0.000 0.000 0.000 0.000 0.000 0.000 0.000 0.000 0.000 0.000 0.000 0.000 0.000 0.000 0.195 0.376 0.613 0.846 0.986 0.972 0.811 0.572 0.341 0.172 0.000 0.000 0.000 0.000 0.000 0.000 0.000 0.000 0.000 
0.000 0.000 0.000 0.000 0.000 0.000 0.220 0.413 0.655 0.878 0.995 0.955 0.774 0.531 0.308 0.151 0.000 0.000 0.000 0.000 0.000 0.000 0.000 0.000 0.000 0.000 0.000 0.000 0.000 0.000 0.000 0.000 0.000 0.000 0.151 0.308 0.531 0.774 0.955 0.995 0.878 0.655 0.413 0.220 0.000 0.000 0.000 0.000 0.000 0.000 
0.000 0.000 0.000 0.000 0.000 0.000 0.000 0.000 0.000 0.172 0.341 0.572 0.811 0.972 0.986 0.846 0.613 0.376 0.195 0.000 0.000 0.000 0.000 0.000 0.000 0.000 0.000 0.000 0.000 0.000 0.000 0.000 0.000 0.000 0.000 0.000 0.000 0.115 0.248 0.451 0.696 0.907 1.000 0.933 0.736 0.491 0.277 0.132 0.000 0.000 
0.000 0.000 0.000 0.000 0.000 0.000 0.000 0.000 0.000 0.000 0.000 0.000 0.132 0.277 0.491 0.736 0.933 1.000 0.907 0.696 0.451 0.248 0.115 0.000 0.000 0.000 0.000 0.000 0.000 0.000 0.000 0.000 0.000 0.000 0.000 0.000 0.000 0.000 0.000 0.000 0.000 0.195 0.376 0.613 0.846 0.986 0.972 0.811 0.572 0.341 
0.000 0.000 0.000 0.000 0.000 0.000 0.000 0.000 0.000 0.000 0.000 0.000 0.000 0.000 0.000 0.000 0.220 0.413 0.655 0.878 0.995 0.955 0.774 0.531 0.308 0.151 0.000 0.000 0.000 0.000 0.000 0.000 0.000 0.000 0.000 0.000 0.000 0.000 0.000 0.000 0.000 0.000 0.000 0.000 0.151 0.308 0.531 0.774 0.955 0.995 
0.000 0.000 0.000 0.000 0.000 0.000 0.000 0.000 0.000 0.000 0.000 0.000 0.000 0.000 0.000 0.000 0.000 0.000 0.000 0.172 0.341 0.572 0.811 0.972 0.986 0.846 0.613 0.376 0.195 0.000 0.000 0.000 0.000 0.000 0.000 0.000 0.000 0.000 0.000 0.000 0.000 0.000 0.000 0.000 0.000 0.000 0.000 0.115 0.248 0.451 
0.000 0.000 0.000 0.000 0.000 0.000 0.000 0.000 0.000 0.000 0.000 0.000 0.000 0.000 0.000 0.000 0.000 0.000 0.000 0.000 0.000 0.000 0.132 0.277 0.491 0.736 0.933 1.000 0.907 0.696 0.451 0.248 0.115 0.000 0.000 0.000 0.000 0.000 0.000 0.000 0.000 0.000 0.000 0.000 0.000 0.000 0.000 0.000 0.000 0.000 
0.000 0.000 0.000 0.000 0.000 0.000 0.000 0.000 0.000 0.000 0.000 0.000 0.000 0.000 0.000 0.000 0.000 0.000 0.000 0.000 0.000 0.000 0.000 0.000 0.000 0.000 0.220 0.413 0.655 0.878 0.995 0.955 0.774 0.531 0.308 0.151 0.000 0.000 0.000 0.000 0.000 0.000 0.000 0.000 0.000 0.000 0.000 0.000 0.000 0.000 
0.000 0.000 0.000 0.000 0.000 0.000 0.000 0.000 0.000 0.000 0.000 0.000 0.000 0.000 0.000 0.000 0.000 0.000 0.000 0.000 0.000 0.000 0.000 0.000 0.000 0.000 0.000 0.000 0.000 0.172 0.341 0.572 0.811 0.972 0.986 0.846 0.613 0.376 0.195 0.000 0.000 0.000 0.000 0.000 0.000 0.000 0.000 0.000 0.000 0.000 
# 1 0 50 13
0.000 0.000 -0.125 -0.308 -0.586 -0.866 -0.999 -0.901 -0.635 -0.348 -0.147 0.000 0.000 
0.000 0.000 0.000 -0.250 -0.508 -0.801 -0.986 -0.948 -0.712 -0.417 -0.189 0.000 0.000 
0.000 0.000 0.000 -0.199 -0.433 -0.729 -0.956 -0.981 -0.786 -0.491 -0.238 0.000 0.000 
0.000 0.000 0.000 -0.156 -0.363 -0.652 -0.913 -0.998 -0.852 -0.569 -0.295 -0.117 0.000 
0.000 0.000 0.000 -0.120 -0.299 -0.574 -0.856 -0.998 -0.909 -0.647 -0.359 -0.153 0.000 
0.000 0.000 0.000 0.000 -0.242 -0.496 -0.790 -0.982 -0.954 -0.724 -0.428 -0.196 0.000 
0.000 0.000 0.000 0.000 -0.192 -0.422 -0.717 -0.951 -0.984 -0.796 -0.503 -0.247 0.000 
0.000 0.000 0.000 0.000 -0.150 -0.353 -0.640 -0.905 -0.999 -0.862 -0.581 -0.304 -0.122 
0.000 0.000 0.000 0.000 -0.115 -0.290 -0.562 -0.847 -0.997 -0.917 -0.659 -0.369 -0.159 
0.000 0.000 0.000 0.000 0.000 -0.234 -0.485 -0.780 -0.978 -0.960 -0.735 -0.440 -0.204 
-0.107 0.000 0.000 0.000 0.000 -0.185 -0.411 -0.706 -0.944 -0.988 -0.807 -0.515 -0.255 
-0.141 0.000 0.000 0.000 0.000 -0.144 -0.343 -0.628 -0.897 -1.000 -0.871 -0.593 -0.314 
-0.182 0.000 0.000 0.000 0.000 -0.110 -0.281 -0.550 -0.837 -0.995 -0.924 -0.671 -0.379 
-0.230 0.000 0.000 0.000 0.000 0.000 -0.226 -0.473 -0.769 -0.974 -0.965 -0.747 -0.451 
-0.285 -0.112 0.000 0.000 0.000 0.000 -0.178 -0.400 -0.694 -0.938 -0.991 -0.817 -0.527 
-0.348 -0.147 0.000 0.000 0.000 0.000 -0.138 -0.333 -0.616 -0.888 -1.000 -0.880 -0.605 
-0.417 -0.189 0.000 0.000 0.000 0.000 -0.105 -0.272 -0.538 -0.827 -0.993 -0.932 -0.683 
-0.491 -0.238 0.000 0.000 0.000 0.000 0.000 -0.218 -0.462 -0.757 -0.970 -0.970 -0.758 
-0.568 -0.294 -0.117 0.000 0.000 0.000 0.000 -0.172 -0.389 -0.682 -0.931 -0.993 -0.828 
-0.646 -0.358 -0.153 0.000 0.000 0.000 0.000 -0.133 -0.323 -0.604 -0.879 -1.000 -0.889 
-0.723 -0.428 -0.196 0.000 0.000 0.000 0.000 -0.100 -0.263 -0.526 -0.817 -0.990 -0.938 
-0.796 -0.502 -0.246 0.000 0.000 0.000 0.000 0.000 -0.210 -0.450 -0.746 -0.965 -0.974 
-0.861 -0.580 -0.304 -0.122 0.000 0.000 0.000 0.000 -0.165 -0.379 -0.670 -0.924 -0.995 
-0.917 -0.658 -0.368 -0.159 0.000 0.000 0.000 0.000 -0.127 -0.313 -0.592 -0.870 -1.000 
-0.959 -0.735 -0.439 -0.203 0.000 0.000 0.000 0.000 0.000 -0.254 -0.514 -0.806 -0.987 
-0.987 -0.806 -0.514 -0.254 0.000 0.000 0.000 0.000 0.000 -0.203 -0.439 -0.735 -0.959 
-1.000 -0.870 -0.592 -0.313 -0.127 0.000 0.000 0.000 0.000 -0.159 -0.368 -0.658 -0.917 
-0.995 -0.924 -0.670 -0.379 -0.165 0.000 0.000 0.000 0.000 -0.122 -0.304 -0.580 -0.861 
-0.974 -0.965 -0.746 -0.450 -0.210 0.000 0.000 0.000 0.000 0.000 -0.246 -0.502 -0.796 
-0.938 -0.990 -0.817 -0.526 -0.263 -0.100 0.000 0.000 0.000 0.000 -0.196 -0.428 -0.723 
-0.889 -1.000 -0.879 -0.604 -0.323 -0.133 0.000 0.000 0.000 0.000 -0.153 -0.358 -0.646 
-0.828 -0.993 -0.931 -0.682 -0.389 -0.172 0.000 0.000 0.000 0.000 -0.117 -0.294 -0.568 
-0.758 -0.970 -0.970 -0.757 -0.462 -0.218 0.000 0.000 0.000 0.000 0.000 -0.238 -0.491 
-0.683 -0.932 -0.993 -0.827 -0.538 -0.272 -0.105 0.000 0.000 0.000 0.000 -0.189 -0.417 
-0.605 -0.880 -1.000 -0.888 -0.616 -0.333 -0.138 0.000 0.000 0.000 0.000 -0.147 -0.348 
-0.527 -0.817 -0.991 -0.938 -0.694 -0.400 -0.178 0.000 0.000 0.000 0.000 -0.112 -0.285 
-0.451 -0.747 -0.965 -0.974 -0.769 -0.473 -0.226 0.000 0.000 0.000 0.000 0.000 -0.230 
-0.379 -0.671 -0.924 -0.995 -0.837 -0.550 -0.281 -0.110 0.000 0.000 0.000 0.000 -0.182 
-0.314 -0.593 -0.871 -1.000 -0.897 -0.628 -0.343 -0.144 0.000 0.000 0.000 0.000 -0.141 
-0.255 -0.515 -0.807 -0.988 -0.944 -0.706 -0.411 -0.185 0.000 0.000 0.000 0.000 -0.107 
-0.204 -0.440 -0.735 -0.960 -0.978 -0.780 -0.485 -0.234 0.000 0.000 0.000 0.000 0.000 
-0.159 -0.369 -0.659 -0.917 -0.997 -0.847 -0.562 -0.290 -0.115 0.000 0.000 0.000 0.000 
-0.122 -0.304 -0.581 -0.862 -0.999 -0.905 -0.640 -0.353 -0.150 0.000 0.000 0.000 0.000 
0.000 -0.247 -0.503 -0.796 -0.984 -0.951 -0.717 -0.422 -0.192 0.000 0.000 0.000 0.000 
0.000 -0.196 -0.428 -0.724 -0.954 -0.982 -0.790 -0.496 -0.242 0.000 0.000 0.000 0.000 
0.000 -0.153 -0.359 -0.647 -0.909 -0.998 -0.856 -0.574 -0.299 -0.120 0.000 0.000 0.000 
0.000 -0.117 -0.295 -0.569 -0.852 -0.998 -0.913 -0.652 -0.363 -0.156 0.000 0.000 0.000 
0.000 0.000 -0.238 -0.491 -0.786 -0.981 -0.956 -0.729 -0.433 -0.199 0.000 0.000 0.000 
0.000 0.000 -0.189 -0.417 -0.712 -0.948 -0.986 -0.801 -0.508 -0.250 0.000 0.000 0.000 
0.000 0.000 -0.147 -0.348 -0.635 -0.901 -0.999 -0.866 -0.586 -0.308 -0.125 0.000 0.000 
