69.355531
3
# 0 1 10 50
0.833 1.000 0.970 1.000 0.833 0.560 0.304 0.133 0.000 0.000 0.000 0.000 0.000 0.000 0.000 0.000 0.000 0.000 0.000 0.000 0.000 0.000 0.000 0.000 0.000 0.000 0.000 0.000 0.000 0.000 0.000 0.000 0.000 0.000 0.000 0.000 0.000 0.000 0.000 0.000 0.000 0.000 0.000 0.000 0.000 0.000 0.000 0.000 0.000 0.000 
0.000 0.000 0.133 0.304 0.560 0.833 1.000 0.970 1.000 0.833 0.560 0.304 0.133 0.000 0.000 0.000 0.000 0.000 0.000 0.000 0.000 0.000 0.000 0.000 0.000 0.000 0.000 0.000 0.000 0.000 0.000 0.000 0.000 0.000 0.000 0.000 0.000 0.000 0.000 0.000 0.000 0.000 0.000 0.000 0.000 0.000 0.000 0.000 0.000 0.000 
0.000 0.000 0.000 0.000 0.000 0.000 0.000 0.133 0.304 0.560 0.833 1.000 0.970 1.000 0.833 0.560 0.304 0.133 0.000 0.000 0.000 0.000 0.000 0.000 0.000 0.000 0.000 0.000 0.000 0.000 0.000 0.000 0.000 0.000 0.000 0.000 0.000 0.000 0.000 0.000 0.000 0.000 0.000 0.000 0.000 0.000 0.000 0.000 0.000 0.000 
0.000 0.000 0.000 0.000 0.000 0.000 0.000 0.000 0.000 0.000 0.000 0.000 0.133 0.304 0.560 0.833 1.000 0.970 1.000 0.833 0.560 0.304 0.133 0.000 0.000 0.000 0.000 0.000 0.000 0.000 0.000 0.000 0.000 0.000 0.000 0.000 0.000 0.000 0.000 0.000 0.000 0.000 0.000 0.000 0.000 0.000 0.000 0.000 0.000 0.000 
0.000 0.000 0.000 0.000 0.000 0.000 0.000 0.000 0.000 0.000 0.000 0.000 0.000 0.000 0.000 0.000 0.000 0.133 0.304 0.560 0.833 1.000 0.970 1.000 0.833 0.560 0.304 0.133 0.000 0.000 0.000 0.000 0.000 0.000 0.000 0.000 0.000 0.000 0.000 0.000 0.000 0.000 0.000 0.000 0.000 0.000 0.000 0.000 0.000 0.000 
0.000 0.000 0.000 0.000 0.000 0.000 0.000 0.000 0.000 0.000 0.000 0.000 0.000 0.000 0.000 0.000 0.000 0.000 0.000 0.000 0.000 0.000 0.133 0.304 0.560 0.833 1.000 0.970 1.000 0.833 0.560 0.304 0.133 0.000 0.000 0.000 0.000 0.000 0.000 0.000 0.000 0.000 0.000 0.000 0.000 0.000 0.000 0.000 0.000 0.000 
0.000 0.000 0.000 0.000 0.000 0.000 0.000 0.000 0.000 0.000 0.000 0.000 0.000 0.000 0.000 0.000 0.000 0.000 0.000 0.000 0.000 0.000 0.000 0.000 0.000 0.000 0.000 0.133 0.304 0.560 0.833 1.000 0.970 1.000 0.833 0.560 0.304 0.133 0.000 0.000 0.000 0.000 0.000 0.000 0.000 0.000 0.000 0.000 0.000 0.000 
0.000 0.000 0.000 0.000 0.000 0.000 0.000 0.000 0.000 0.000 0.000 0.000 0.000 0.000 0.000 0.000 0.000 0.000 0.000 0.000 0.000 0.000 0.000 0.000 0.000 0.000 0.000 0.000 0.000 0.000 0.000 0.000 0.133 0.304 0.560 0.833 1.000 0.970 1.000 0.833 0.560 0.304 0.133 0.000 0.000 0.000 0.000 0.000 0.000 0.000 
0.000 0.000 0.000 0.000 0.000 0.000 0.000 0.000 0.000 0.000 0.000 0.000 0.000 0.000 0.000 0.000 0.000 0.000 0.000 0.000 0.000 0.000 0.000 0.000 0.000 0.000 0.000 0.000 0.000 0.000 0.000 0.000 0.000 0.000 0.000 0.000 0.000 0.133 0.304 0.560 0.833 1.000 0.970 1.000 0.833 0.560 0.304 0.133 0.000 0.000 
0.000 0.000 0.000 0.000 0.000 0.000 0.000 0.000 0.000 0.000 0.000 0.000 0.000 0.000 0.000 0.000 0.000 0.000 0.000 0.000 0.000 0.000 0.000 0.000 0.000 0.000 0.000 0.000 0.000 0.000 0.000 0.000 0.000 0.000 0.000 0.000 0.000 0.000 0.000 0.000 0.000 0.000 0.133 0.304 0.560 0.833 1.000 0.970 1.000 0.833 
# 0 2 15 50
0.973 0.978 0.998 0.862 0.600 0.338 0.154 0.000 0.000 0.000 0.000 0.000 0.000 0.000 0.000 0.000 0.000 0.000 0.000 0.000 0.000 0.000 0.000 0.000 0.000 0.000 0.000 0.000 0.000 0.000 0.000 0.000 0.000 0.000 0.000 0.000 0.000 0.000 0.000 0.000 0.000 0.000 0.000 0.000 0.000 0.000 0.000 0.000 0.000 0.000 
0.204 0.419 0.693 0.927 1.000 1.000 0.927 0.693 0.419 0.204 0.000 0.000 0.000 0.000 0.000 0.000 0.000 0.000 0.000 0.000 0.000 0.000 0.000 0.000 0.000 0.000 0.000 0.000 0.000 0.000 0.000 0.000 0.000 0.000 0.000 0.000 0.000 0.000 0.000 0.000 0.000 0.000 0.000 0.000 0.000 0.000 0.000 0.000 0.000 0.000 
0.000 0.000 0.000 0.154 0.338 0.600 0.862 0.998 0.978 0.973 0.782 0.508 0.266 0.113 0.000 0.000 0.000 0.000 0.000 0.000 0.000 0.000 0.000 0.000 0.000 0.000 0.000 0.000 0.000 0.000 0.000 0.000 0.000 0.000 0.000 0.000 0.000 0.000 0.000 0.000 0.000 0.000 0.000 0.000 0.000 0.000 0.000 0.000 0.000 0.000 
0.000 0.000 0.000 0.000 0.000 0.000 0.113 0.266 0.508 0.782 0.973 0.978 0.998 0.862 0.600 0.338 0.154 0.000 0.000 0.000 0.000 0.000 0.000 0.000 0.000 0.000 0.000 0.000 0.000 0.000 0.000 0.000 0.000 0.000 0.000 0.000 0.000 0.000 0.000 0.000 0.000 0.000 0.000 0.000 0.000 0.000 0.000 0.000 0.000 0.000 
0.000 0.000 0.000 0.000 0.000 0.000 0.000 0.000 0.000 0.000 0.204 0.419 0.693 0.927 1.000 1.000 0.927 0.693 0.419 0.204 0.000 0.000 0.000 0.000 0.000 0.000 0.000 0.000 0.000 0.000 0.000 0.000 0.000 0.000 0.000 0.000 0.000 0.000 0.000 0.000 0.000 0.000 0.000 0.000 0.000 0.000 0.000 0.000 0.000 0.000 
0.000 0.000 0.000 0.000 0.000 0.000 0.000 0.000 0.000 0.000 0.000 0.000 0.000 0.154 0.338 0.600 0.862 0.998 0.978 0.973 0.782 0.508 0.266 0.113 0.000 0.000 0.000 0.000 0.000 0.000 0.000 0.000 0.000 0.000 0.000 0.000 0.000 0.000 0.000 0.000 0.000 0.000 0.000 0.000 0.000 0.000 0.000 0.000 0.000 0.000 
0.000 0.000 0.000 0.000 0.000 0.000 0.000 0.000 0.000 0.000 0.000 0.000 0.000 0.000 0.000 0.000 0.113 0.266 0.508 0.782 0.973 0.978 0.998 0.862 0.600 0.338 0.154 0.000 0.000 0.000 0.000 0.000 0.000 0.000 0.000 0.000 0.000 0.000 0.000 0.000 0.000 0.000 0.000 0.000 0.000 0.000 0.000 0.000 0.000 0.000 
0.000 0.000 0.000 0.000 0.000 0.000 0.000 0.000 0.000 0.000 0.000 0.000 0.000 0.000 0.000 0.000 0.000 0.000 0.000 0.000 0.204 0.419 0.693 0.927 1.000 1.000 0.927 0.693 0.419 0.204 0.000 0.000 0.000 0.000 0.000 0.000 0.000 0.000 0.000 0.000 0.000 0.000 0.000 0.000 0.000 0.000 0.000 0.000 0.000 0.000 
0.000 0.000 0.000 0.000 0.000 0.000 0.000 0.000 0.000 0.000 0.000 0.000 0.000 0.000 0.000 0.000 0.000 0.000 0.000 0.000 0.000 0.000 0.000 0.154 0.338 0.600 0.862 0.998 0.978 0.973 0.782 0.508 0.266 0.113 0.000 0.000 0.000 0.000 0.000 0.000 0.000 0.000 0.000 0.000 0.000 0.000 0.000 0.000 0.000 0.000 
0.000 0.000 0.000 0.000 0.000 0.000 0.000 0.000 0.000 0.000 0.000 0.000 0.000 0.000 0.000 0.000 0.000 0.000 0.000 0.000 0.000 0.000 0.000 0.000 0.000 0.000 0.113 0.266 0.508 0.782 0.973 0.978 0.998 0.862 0.600 0.338 0.154 0.000 0.000 0.000 0.000 0.000 0.000 0.000 0.000 0.000 0.000 0.000 0.000 0.000 
0.000 0.000 0.000 0.000 0.000 0.000 0.000 0.000 0.000 0.000 0.000 0.000 0.000 0.000 0.000 0.000 0.000 0.000 0.000 0.000 0.000 0.000 0.000 0.000 0.000 0.000 0.000 0.000 0.000 0.000 0.204 0.419 0.693 0.927 1.000 1.000 0.927 0.693 0.419 0.204 0.000 0.000 0.000 0.000 0.000 0.000 0.000 0.000 0.000 0.000 
0.000 0.000 0.000 0.000 0.000 0.000 0.000 0.000 0.000 0.000 0.000 0.000 0.000 0.000 0.000 0.000 0.000 0.000 0.000 0.000 0.000 0.000 0.000 0.000 0.000 0.000 0.000 0.000 0.000 0.000 0.000 0.000 0.000 0.154 0.338 0.600 0.862 0.998 0.978 0.973 0.782 0.508 0.266 0.113 0.000 0.000 0.000 0.000 0.000 0.000 
0.000 0.000 0.000 0.000 0.000 0.000 0.000 0.000 0.000 0.000 0.000 0.000 0.000 0.000 0.000 0.000 0.000 0.000 0.000 0.000 0.000 0.000 0.000 0.000 0.000 0.000 0.000 0.000 0.000 0.000 0.000 0.000 0.000 0.000 0.000 0.000 0.113 0.266 0.508 0.782 0.973 0.978 0.998 0.862 0.600 0.338 0.154 0.000 0.000 0.000 
0.000 0.000 0.000 0.000 0.000 0.000 0.000 0.000 0.000 0.000 0.000 0.000 0.000 0.000 0.000 0.000 0.000 0.000 0.000 0.000 0.000 0.000 0.000 0.000 0.000 0.000 0.000 0.000 0.000 0.000 0.000 0.000 0.000 0.000 0.000 0.000 0.000 0.000 0.000 0.000 0.204 0.419 0.693 0.927 1.000 1.000 0.927 0.693 0.419 0.204 
0.000 0.000 0.000 0.000 0.000 0.000 0.000 0.000 0.000 0.000 0.000 0.000 0.000 0.000 0.000 0.000 0.000 0.000 0.000 0.000 0.000 0.000 0.000 0.000 0.000 0.000 0.000 0.000 0.000 0.000 0.000 0.000 0.000 0.000 0.000 0.000 0.000 0.000 0.000 0.000 0.000 0.000 0.000 0.154 0.338 0.600 0.862 0.998 0.978 0.973 
# 1 0 50 10
-0.725 -0.781 0.000 0.000 0.000 0.000 0.000 0.000 0.000 0.000 
-0.542 -0.925 -0.157 0.000 0.000 0.000 0.000 0.000 0.000 0.000 
-0.369 -1.000 -0.270 0.000 0.000 0.000 0.000 0.000 0.000 0.000 
-0.542 -0.985 -0.422 0.000 0.000 0.000 0.000 0.000 0.000 0.000 
-0.725 -0.885 -0.601 0.000 0.000 0.000 0.000 0.000 0.000 0.000 
-0.885 -0.725 -0.781 0.000 0.000 0.000 0.000 0.000 0.000 0.000 
-0.985 -0.542 -0.925 -0.157 0.000 0.000 0.000 0.000 0.000 0.000 
-1.000 -0.369 -1.000 -0.270 0.000 0.000 0.000 0.000 0.000 0.000 
-0.925 -0.542 -0.985 -0.422 0.000 0.000 0.000 0.000 0.000 0.000 
-0.781 -0.725 -0.885 -0.601 0.000 0.000 0.000 0.000 0.000 0.000 
-0.601 -0.885 -0.725 -0.781 0.000 0.000 0.000 0.000 0.000 0.000 
-0.422 -0.985 -0.542 -0.925 -0.157 0.000 0.000 0.000 0.000 0.000 
-0.270 -1.000 -0.369 -1.000 -0.270 0.000 0.000 0.000 0.000 0.000 
-0.157 -0.925 -0.542 -0.985 -0.422 0.000 0.000 0.000 0.000 0.000 
0.000 -0.781 -0.725 -0.885 -0.601 0.000 0.000 0.000 0.000 0.000 
0.000 -0.601 -0.885 -0.725 -0.781 0.000 0.000 0.000 0.000 0.000 
0.000 -0.422 -0.985 -0.542 -0.925 -0.157 0.000 0.000 0.000 0.000 
0.000 -0.270 -1.000 -0.369 -1.000 -0.270 0.000 0.000 0.000 0.000 
0.000 -0.157 -0.925 -0.542 -0.985 -0.422 0.000 0.000 0.000 0.000 
0.000 0.000 -0.781 -0.725 -0.885 -0.601 0.000 0.000 0.000 0.000 
0.000 0.000 -0.601 -0.885 -0.725 -0.781 0.000 0.000 0.000 0.000 
0.000 0.000 -0.422 -0.985 -0.542 -0.925 -0.157 0.000 0.000 0.000 
0.000 0.000 -0.270 -1.000 -0.369 -1.000 -0.270 0.000 0.000 0.000 
0.000 0.000 -0.157 -0.925 -0.542 -0.985 -0.422 0.000 0.000 0.000 
0.000 0.000 0.000 -0.781 -0.725 -0.885 -0.601 0.000 0.000 0.000 
0.000 0.000 0.000 -0.601 -0.885 -0.725 -0.781 0.000 0.000 0.000 
0.000 0.000 0.000 -0.422 -0.985 -0.542 -0.925 -0.157 0.000 0.000 
0.000 0.000 0.000 -0.270 -1.000 -0.369 -1.000 -0.270 0.000 0.000 
0.000 0.000 0.000 -0.157 -0.925 -0.542 -0.985 -0.422 0.000 0.000 
0.000 0.000 0.000 0.000 -0.781 -0.725 -0.885 -0.601 0.000 0.000 
0.000 0.000 0.000 0.000 -0.601 -0.885 -0.725 -0.781 0.000 0.000 
0.000 0.000 0.000 0.000 -0.422 -0.985 -0.542 -0.925 -0.157 0.000 
0.000 0.000 0.000 0.000 -0.270 -1.000 -0.369 -1.000 -0.270 0.000 
0.000 0.000 0.000 0.000 -0.157 -0.925 -0.542 -0.985 -0.422 0.000 
0.000 0.000 0.000 0.000 0.000 -0.781 -0.725 -0.885 -0.601 0.000 
0.000 0.000 0.000 0.000 0.000 -0.601 -0.885 -0.725 -0.781 0.000 
0.000 0.000 0.000 0.000 0.000 -0.422 -0.985 -0.542 -0.925 -0.157 
0.000 0.000 0.000 0.000 0.000 -0.270 -1.000 -0.369 -1.000 -0.270 
0.000 0.000 0.000 0.000 0.000 -0.157 -0.925 -0.542 -0.985 -0.422 
0.000 0.000 0.000 0.000 0.000 0.000 -0.781 -0.725 -0.885 -0.601 
0.000 0.000 0.000 0.000 0.000 0.000 -0.601 -0.885 -0.725 -0.781 
0.000 0.000 0.000 0.000 0.000 0.000 -0.422 -0.985 -0.542 -0.925 
0.000 0.000 0.000 0.000 0.000 0.000 -0.270 -1.000 -0.369 -1.000 
0.000 0.000 0.000 0.000 0.000 0.000 -0.157 -0.925 -0.542 -0.985 
0.000 0.000 0.000 0.000 0.000 0.000 0.000 -0.781 -0.725 -0.885 
0.000 0.000 0.000 0.000 0.000 0.000 0.000 -0.601 -0.885 -0.725 
0.000 0.000 0.000 0.000 0.000 0.000 0.000 -0.422 -0.985 -0.542 
0.000 0.000 0.000 0.000 0.000 0.000 0.000 -0.270 -1.000 -0.369 
0.000 0.000 0.000 0.000 0.000 0.000 0.000 -0.157 -0.925 -0.542 
0.000 0.000 0.000 0.000 0.000 0.000 0.000 0.000 -0.781 -0.725 
