69.365840
3
# 0 1 11 50
0.000 0.000 0.000 0.000 0.000 0.000 0.000 0.000 0.000 0.138 0.282 0.491 0.728 0.924 1.000 0.924 0.730 0.492 0.283 0.139 0.000 0.000 0.000 0.000 0.000 0.000 0.000 0.000 0.000 0.000 0.000 0.000 0.000 0.000 0.000 0.000 0.000 0.000 0.000 0.000 0.000 0.000 0.000 0.000 0.000 0.000 0.000 0.000 0.000 0.000 
0.000 0.000 0.000 0.000 0.000 0.000 0.000 0.000 0.000 0.000 0.000 0.000 0.000 0.000 0.195 0.370 0.599 0.827 0.977 0.984 0.847 0.622 0.390 0.209 0.000 0.000 0.000 0.000 0.000 0.000 0.000 0.000 0.000 0.000 0.000 0.000 0.000 0.000 0.000 0.000 0.000 0.000 0.000 0.000 0.000 0.000 0.000 0.000 0.000 0.000 
0.863 0.643 0.409 0.222 0.103 0.000 0.000 0.000 0.000 0.000 0.000 0.000 0.000 0.000 0.000 0.000 0.000 0.000 0.129 0.266 0.470 0.707 0.910 0.999 0.937 0.750 0.513 0.300 0.149 0.000 0.000 0.000 0.000 0.000 0.000 0.000 0.000 0.000 0.000 0.000 0.000 0.000 0.000 0.000 0.000 0.000 0.000 0.000 0.000 0.000 
0.450 0.687 0.896 0.997 0.948 0.770 0.533 0.316 0.159 0.000 0.000 0.000 0.000 0.000 0.000 0.000 0.000 0.000 0.000 0.000 0.000 0.000 0.000 0.183 0.351 0.577 0.809 0.968 0.990 0.864 0.644 0.410 0.223 0.103 0.000 0.000 0.000 0.000 0.000 0.000 0.000 0.000 0.000 0.000 0.000 0.000 0.000 0.000 0.000 0.000 
0.000 0.000 0.000 0.171 0.334 0.556 0.791 0.959 0.994 0.879 0.664 0.428 0.236 0.111 0.000 0.000 0.000 0.000 0.000 0.000 0.000 0.000 0.000 0.000 0.000 0.000 0.000 0.120 0.251 0.449 0.686 0.895 0.997 0.949 0.771 0.535 0.317 0.160 0.000 0.000 0.000 0.000 0.000 0.000 0.000 0.000 0.000 0.000 0.000 0.000 
0.000 0.000 0.000 0.000 0.000 0.000 0.000 0.111 0.237 0.430 0.666 0.880 0.994 0.959 0.789 0.555 0.333 0.171 0.000 0.000 0.000 0.000 0.000 0.000 0.000 0.000 0.000 0.000 0.000 0.000 0.000 0.000 0.171 0.333 0.555 0.789 0.959 0.994 0.880 0.666 0.430 0.237 0.111 0.000 0.000 0.000 0.000 0.000 0.000 0.000 
0.000 0.000 0.000 0.000 0.000 0.000 0.000 0.000 0.000 0.000 0.000 0.000 0.160 0.317 0.535 0.771 0.949 0.997 0.895 0.686 0.449 0.251 0.120 0.000 0.000 0.000 0.000 0.000 0.000 0.000 0.000 0.000 0.000 0.000 0.000 0.000 0.111 0.236 0.428 0.664 0.879 0.994 0.959 0.791 0.556 0.334 0.171 0.000 0.000 0.000 
0.000 0.000 0.000 0.000 0.000 0.000 0.000 0.000 0.000 0.000 0.000 0.000 0.000 0.000 0.000 0.000 0.103 0.223 0.410 0.644 0.864 0.990 0.968 0.809 0.577 0.351 0.183 0.000 0.000 0.000 0.000 0.000 0.000 0.000 0.000 0.000 0.000 0.000 0.000 0.000 0.000 0.159 0.316 0.533 0.770 0.948 0.997 0.896 0.687 0.450 
0.000 0.000 0.000 0.000 0.000 0.000 0.000 0.000 0.000 0.000 0.000 0.000 0.000 0.000 0.000 0.000 0.000 0.000 0.000 0.000 0.000 0.149 0.300 0.513 0.750 0.937 0.999 0.910 0.707 0.470 0.266 0.129 0.000 0.000 0.000 0.000 0.000 0.000 0.000 0.000 0.000 0.000 0.000 0.000 0.000 0.103 0.222 0.409 0.643 0.863 
0.000 0.000 0.000 0.000 0.000 0.000 0.000 0.000 0.000 0.000 0.000 0.000 0.000 0.000 0.000 0.000 0.000 0.000 0.000 0.000 0.000 0.000 0.000 0.000 0.000 0.000 0.209 0.390 0.622 0.847 0.984 0.977 0.827 0.599 0.370 0.195 0.000 0.000 0.000 0.000 0.000 0.000 0.000 0.000 0.000 0.000 0.000 0.000 0.000 0.000 
0.000 0.000 0.000 0.000 0.000 0.000 0.000 0.000 0.000 0.000 0.000 0.000 0.000 0.000 0.000 0.000 0.000 0.000 0.000 0.000 0.000 0.000 0.000 0.000 0.000 0.000 0.000 0.000 0.000 0.000 0.139 0.283 0.492 0.730 0.924 1.000 0.924 0.728 0.491 0.282 0.138 0.000 0.000 0.000 0.000 0.000 0.000 0.000 0.000 0.000 
# 0 2 15 50
0.000 0.000 0.000 0.000 0.000 0.000 0.000 0.000 0.100 0.217 0.402 0.635 0.857 0.988 0.972 0.816 0.586 0.359 0.188 0.000 0.000 0.000 0.000 0.000 0.000 0.000 0.000 0.000 0.000 0.000 0.000 0.000 0.000 0.000 0.000 0.000 0.000 0.000 0.000 0.000 0.000 0.000 0.000 0.000 0.000 0.000 0.000 0.000 0.000 0.000 
0.000 0.000 0.000 0.000 0.000 0.000 0.000 0.000 0.000 0.000 0.000 0.000 0.171 0.333 0.555 0.790 0.959 0.995 0.881 0.666 0.430 0.237 0.112 0.000 0.000 0.000 0.000 0.000 0.000 0.000 0.000 0.000 0.000 0.000 0.000 0.000 0.000 0.000 0.000 0.000 0.000 0.000 0.000 0.000 0.000 0.000 0.000 0.000 0.000 0.000 
0.217 0.100 0.000 0.000 0.000 0.000 0.000 0.000 0.000 0.000 0.000 0.000 0.000 0.000 0.000 0.132 0.271 0.477 0.715 0.915 1.000 0.933 0.744 0.506 0.294 0.146 0.000 0.000 0.000 0.000 0.000 0.000 0.000 0.000 0.000 0.000 0.000 0.000 0.000 0.000 0.000 0.000 0.000 0.000 0.000 0.000 0.000 0.000 0.000 0.000 
0.915 0.715 0.477 0.271 0.132 0.000 0.000 0.000 0.000 0.000 0.000 0.000 0.000 0.000 0.000 0.000 0.000 0.000 0.100 0.217 0.402 0.635 0.857 0.988 0.972 0.816 0.586 0.359 0.188 0.000 0.000 0.000 0.000 0.000 0.000 0.000 0.000 0.000 0.000 0.000 0.000 0.000 0.000 0.000 0.000 0.000 0.000 0.000 0.000 0.000 
0.666 0.881 0.995 0.959 0.790 0.555 0.333 0.171 0.000 0.000 0.000 0.000 0.000 0.000 0.000 0.000 0.000 0.000 0.000 0.000 0.000 0.000 0.171 0.333 0.555 0.790 0.959 0.995 0.881 0.666 0.430 0.237 0.112 0.000 0.000 0.000 0.000 0.000 0.000 0.000 0.000 0.000 0.000 0.000 0.000 0.000 0.000 0.000 0.000 0.000 
0.000 0.188 0.359 0.586 0.816 0.972 0.988 0.857 0.635 0.402 0.217 0.100 0.000 0.000 0.000 0.000 0.000 0.000 0.000 0.000 0.000 0.000 0.000 0.000 0.000 0.132 0.271 0.477 0.715 0.915 1.000 0.933 0.744 0.506 0.294 0.146 0.000 0.000 0.000 0.000 0.000 0.000 0.000 0.000 0.000 0.000 0.000 0.000 0.000 0.000 
0.000 0.000 0.000 0.000 0.146 0.294 0.506 0.744 0.933 1.000 0.915 0.715 0.477 0.271 0.132 0.000 0.000 0.000 0.000 0.000 0.000 0.000 0.000 0.000 0.000 0.000 0.000 0.000 0.100 0.217 0.402 0.635 0.857 0.988 0.972 0.816 0.586 0.359 0.188 0.000 0.000 0.000 0.000 0.000 0.000 0.000 0.000 0.000 0.000 0.000 
0.000 0.000 0.000 0.000 0.000 0.000 0.000 0.112 0.237 0.430 0.666 0.881 0.995 0.959 0.790 0.555 0.333 0.171 0.000 0.000 0.000 0.000 0.000 0.000 0.000 0.000 0.000 0.000 0.000 0.000 0.000 0.000 0.171 0.333 0.555 0.790 0.959 0.995 0.881 0.666 0.430 0.237 0.112 0.000 0.000 0.000 0.000 0.000 0.000 0.000 
0.000 0.000 0.000 0.000 0.000 0.000 0.000 0.000 0.000 0.000 0.000 0.188 0.359 0.586 0.816 0.972 0.988 0.857 0.635 0.402 0.217 0.100 0.000 0.000 0.000 0.000 0.000 0.000 0.000 0.000 0.000 0.000 0.000 0.000 0.000 0.132 0.271 0.477 0.715 0.915 1.000 0.933 0.744 0.506 0.294 0.146 0.000 0.000 0.000 0.000 
0.000 0.000 0.000 0.000 0.000 0.000 0.000 0.000 0.000 0.000 0.000 0.000 0.000 0.000 0.146 0.294 0.506 0.744 0.933 1.000 0.915 0.715 0.477 0.271 0.132 0.000 0.000 0.000 0.000 0.000 0.000 0.000 0.000 0.000 0.000 0.000 0.000 0.000 0.100 0.217 0.402 0.635 0.857 0.988 0.972 0.816 0.586 0.359 0.188 0.000 
0.000 0.000 0.000 0.000 0.000 0.000 0.000 0.000 0.000 0.000 0.000 0.000 0.000 0.000 0.000 0.000 0.000 0.112 0.237 0.430 0.666 0.881 0.995 0.959 0.790 0.555 0.333 0.171 0.000 0.000 0.000 0.000 0.000 0.000 0.000 0.000 0.000 0.000 0.000 0.000 0.000 0.000 0.171 0.333 0.555 0.790 0.959 0.995 0.881 0.666 
0.000 0.000 0.000 0.000 0.000 0.000 0.000 0.000 0.000 0.000 0.000 0.000 0.000 0.000 0.000 0.000 0.000 0.000 0.000 0.000 0.000 0.188 0.359 0.586 0.816 0.972 0.988 0.857 0.635 0.402 0.217 0.100 0.000 0.000 0.000 0.000 0.000 0.000 0.000 0.000 0.000 0.000 0.000 0.000 0.000 0.132 0.271 0.477 0.715 0.915 
0.000 0.000 0.000 0.000 0.000 0.000 0.000 0.000 0.000 0.000 0.000 0.000 0.000 0.000 0.000 0.000 0.000 0.000 0.000 0.000 0.000 0.000 0.000 0.000 0.146 0.294 0.506 0.744 0.933 1.000 0.915 0.715 0.477 0.271 0.132 0.000 0.000 0.000 0.000 0.000 0.000 0.000 0.000 0.000 0.000 0.000 0.000 0.000 0.100 0.217 
0.000 0.000 0.000 0.000 0.000 0.000 0.000 0.000 0.000 0.000 0.000 0.000 0.000 0.000 0.000 0.000 0.000 0.000 0.000 0.000 0.000 0.000 0.000 0.000 0.000 0.000 0.000 0.112 0.237 0.430 0.666 0.881 0.995 0.959 0.790 0.555 0.333 0.171 0.000 0.000 0.000 0.000 0.000 0.000 0.000 0.000 0.000 0.000 0.000 0.000 
0.000 0.000 0.000 0.000 0.000 0.000 0.000 0.000 0.000 0.000 0.000 0.000 0.000 0.000 0.000 0.000 0.000 0.000 0.000 0.000 0.000 0.000 0.000 0.000 0.000 0.000 0.000 0.000 0.000 0.000 0.000 0.188 0.359 0.586 0.816 0.972 0.988 0.857 0.635 0.402 0.217 0.100 0.000 0.000 0.000 0.000 0.000 0.000 0.000 0.000 
# 1 0 50 11
-0.808 -0.863 -0.220 0.000 0.000 0.000 0.000 0.000 0.000 0.000 0.000 
-0.658 -0.961 -0.336 0.000 0.000 0.000 0.000 0.000 0.000 0.000 0.000 
-0.571 -1.000 -0.479 0.000 0.000 0.000 0.000 0.000 0.000 0.000 0.000 
-0.729 -0.970 -0.637 -0.100 0.000 0.000 0.000 0.000 0.000 0.000 0.000 
-0.868 -0.879 -0.790 -0.170 0.000 0.000 0.000 0.000 0.000 0.000 0.000 
-0.964 -0.742 -0.914 -0.269 0.000 0.000 0.000 0.000 0.000 0.000 0.000 
-1.000 -0.585 -0.987 -0.398 0.000 0.000 0.000 0.000 0.000 0.000 0.000 
-0.968 -0.643 -0.995 -0.550 0.000 0.000 0.000 0.000 0.000 0.000 0.000 
-0.874 -0.796 -0.935 -0.708 -0.128 0.000 0.000 0.000 0.000 0.000 0.000 
-0.736 -0.918 -0.821 -0.851 -0.211 0.000 0.000 0.000 0.000 0.000 0.000 
-0.579 -0.989 -0.672 -0.955 -0.325 0.000 0.000 0.000 0.000 0.000 0.000 
-0.425 -0.994 -0.556 -0.999 -0.465 0.000 0.000 0.000 0.000 0.000 0.000 
-0.291 -0.932 -0.715 -0.976 -0.622 0.000 0.000 0.000 0.000 0.000 0.000 
-0.186 -0.815 -0.857 -0.889 -0.777 -0.162 0.000 0.000 0.000 0.000 0.000 
-0.111 -0.666 -0.958 -0.756 -0.905 -0.259 0.000 0.000 0.000 0.000 0.000 
0.000 -0.507 -1.000 -0.600 -0.983 -0.386 0.000 0.000 0.000 0.000 0.000 
0.000 -0.361 -0.973 -0.629 -0.997 -0.536 0.000 0.000 0.000 0.000 0.000 
0.000 -0.239 -0.884 -0.783 -0.943 -0.694 -0.122 0.000 0.000 0.000 0.000 
0.000 -0.148 -0.750 -0.909 -0.833 -0.840 -0.202 0.000 0.000 0.000 0.000 
0.000 0.000 -0.593 -0.985 -0.686 -0.948 -0.313 0.000 0.000 0.000 0.000 
0.000 0.000 -0.438 -0.996 -0.542 -0.998 -0.452 0.000 0.000 0.000 0.000 
0.000 0.000 -0.302 -0.940 -0.701 -0.981 -0.608 0.000 0.000 0.000 0.000 
0.000 0.000 -0.194 -0.828 -0.845 -0.899 -0.763 -0.155 0.000 0.000 0.000 
0.000 0.000 -0.116 -0.680 -0.951 -0.769 -0.895 -0.249 0.000 0.000 0.000 
0.000 0.000 0.000 -0.521 -0.999 -0.614 -0.978 -0.373 0.000 0.000 0.000 
0.000 0.000 0.000 -0.373 -0.978 -0.614 -0.999 -0.521 0.000 0.000 0.000 
0.000 0.000 0.000 -0.249 -0.895 -0.769 -0.951 -0.680 -0.116 0.000 0.000 
0.000 0.000 0.000 -0.155 -0.763 -0.899 -0.845 -0.828 -0.194 0.000 0.000 
0.000 0.000 0.000 0.000 -0.608 -0.981 -0.701 -0.940 -0.302 0.000 0.000 
0.000 0.000 0.000 0.000 -0.452 -0.998 -0.542 -0.996 -0.438 0.000 0.000 
0.000 0.000 0.000 0.000 -0.313 -0.948 -0.686 -0.985 -0.593 0.000 0.000 
0.000 0.000 0.000 0.000 -0.202 -0.840 -0.833 -0.909 -0.750 -0.148 0.000 
0.000 0.000 0.000 0.000 -0.122 -0.694 -0.943 -0.783 -0.884 -0.239 0.000 
0.000 0.000 0.000 0.000 0.000 -0.536 -0.997 -0.629 -0.973 -0.361 0.000 
0.000 0.000 0.000 0.000 0.000 -0.386 -0.983 -0.600 -1.000 -0.507 0.000 
0.000 0.000 0.000 0.000 0.000 -0.259 -0.905 -0.756 -0.958 -0.666 -0.111 
0.000 0.000 0.000 0.000 0.000 -0.162 -0.777 -0.889 -0.857 -0.815 -0.186 
0.000 0.000 0.000 0.000 0.000 0.000 -0.622 -0.976 -0.715 -0.932 -0.291 
0.000 0.000 0.000 0.000 0.000 0.000 -0.465 -0.999 -0.556 -0.994 -0.425 
0.000 0.000 0.000 0.000 0.000 0.000 -0.325 -0.955 -0.672 -0.989 -0.579 
0.000 0.000 0.000 0.000 0.000 0.000 -0.211 -0.851 -0.821 -0.918 -0.736 
0.000 0.000 0.000 0.000 0.000 0.000 -0.128 -0.708 -0.935 -0.796 -0.874 
0.000 0.000 0.000 0.000 0.000 0.000 0.000 -0.550 -0.995 -0.643 -0.968 
0.000 0.000 0.000 0.000 0.000 0.000 0.000 -0.398 -0.987 -0.585 -1.000 
0.000 0.000 0.000 0.000 0.000 0.000 0.000 -0.269 -0.914 -0.742 -0.964 
0.000 0.000 0.000 0.000 0.000 0.000 0.000 -0.170 -0.790 -0.879 -0.868 
0.000 0.000 0.000 0.000 0.000 0.000 0.000 -0.100 -0.637 -0.970 -0.729 
0.000 0.000 0.000 0.000 0.000 0.000 0.000 0.000 -0.479 -1.000 -0.571 
0.000 0.000 0.000 0.000 0.000 0.000 0.000 0.000 -0.336 -0.961 -0.658 
0.000 0.000 0.000 0.000 0.000 0.000 0.000 0.000 -0.220 -0.863 -0.808 
