1.910992
5
# 0 1 11 50
0.000 0.000 0.000 0.000 0.000 0.000 0.106 0.260 0.507 0.788 0.977 0.967 0.763 0.480 0.241 0.000 0.000 0.000 0.000 0.000 0.000 0.000 0.000 0.000 0.000 0.000 0.000 0.000 0.000 0.000 0.000 0.000 0.000 0.000 0.000 0.000 0.000 0.000 0.000 0.000 0.000 0.000 0.000 0.000 0.000 0.000 0.000 0.000 0.000 0.000 
0.532 0.279 0.116 0.000 0.000 0.000 0.000 0.000 0.000 0.000 0.000 0.164 0.362 0.637 0.894 1.000 0.893 0.636 0.361 0.164 0.000 0.000 0.000 0.000 0.000 0.000 0.000 0.000 0.000 0.000 0.000 0.000 0.000 0.000 0.000 0.000 0.000 0.000 0.000 0.000 0.000 0.000 0.000 0.000 0.000 0.000 0.000 0.000 0.000 0.000 
0.583 0.854 0.996 0.927 0.689 0.408 0.193 0.000 0.000 0.000 0.000 0.000 0.000 0.000 0.000 0.000 0.242 0.481 0.764 0.967 0.977 0.787 0.506 0.259 0.106 0.000 0.000 0.000 0.000 0.000 0.000 0.000 0.000 0.000 0.000 0.000 0.000 0.000 0.000 0.000 0.000 0.000 0.000 0.000 0.000 0.000 0.000 0.000 0.000 0.000 
0.000 0.000 0.000 0.208 0.431 0.713 0.942 0.992 0.833 0.558 0.298 0.127 0.000 0.000 0.000 0.000 0.000 0.000 0.000 0.000 0.151 0.340 0.611 0.875 0.999 0.910 0.662 0.384 0.178 0.000 0.000 0.000 0.000 0.000 0.000 0.000 0.000 0.000 0.000 0.000 0.000 0.000 0.000 0.000 0.000 0.000 0.000 0.000 0.000 0.000 
0.000 0.000 0.000 0.000 0.000 0.000 0.000 0.127 0.298 0.557 0.832 0.992 0.942 0.714 0.432 0.208 0.000 0.000 0.000 0.000 0.000 0.000 0.000 0.000 0.000 0.225 0.456 0.739 0.956 0.985 0.810 0.531 0.278 0.116 0.000 0.000 0.000 0.000 0.000 0.000 0.000 0.000 0.000 0.000 0.000 0.000 0.000 0.000 0.000 0.000 
0.000 0.000 0.000 0.000 0.000 0.000 0.000 0.000 0.000 0.000 0.000 0.000 0.192 0.407 0.688 0.927 0.996 0.854 0.584 0.319 0.139 0.000 0.000 0.000 0.000 0.000 0.000 0.000 0.000 0.139 0.319 0.584 0.854 0.996 0.927 0.688 0.407 0.192 0.000 0.000 0.000 0.000 0.000 0.000 0.000 0.000 0.000 0.000 0.000 0.000 
0.000 0.000 0.000 0.000 0.000 0.000 0.000 0.000 0.000 0.000 0.000 0.000 0.000 0.000 0.000 0.000 0.116 0.278 0.531 0.810 0.985 0.956 0.739 0.456 0.225 0.000 0.000 0.000 0.000 0.000 0.000 0.000 0.000 0.000 0.208 0.432 0.714 0.942 0.992 0.832 0.557 0.298 0.127 0.000 0.000 0.000 0.000 0.000 0.000 0.000 
0.000 0.000 0.000 0.000 0.000 0.000 0.000 0.000 0.000 0.000 0.000 0.000 0.000 0.000 0.000 0.000 0.000 0.000 0.000 0.000 0.000 0.178 0.384 0.662 0.910 0.999 0.875 0.611 0.340 0.151 0.000 0.000 0.000 0.000 0.000 0.000 0.000 0.000 0.127 0.298 0.558 0.833 0.992 0.942 0.713 0.431 0.208 0.000 0.000 0.000 
0.000 0.000 0.000 0.000 0.000 0.000 0.000 0.000 0.000 0.000 0.000 0.000 0.000 0.000 0.000 0.000 0.000 0.000 0.000 0.000 0.000 0.000 0.000 0.000 0.000 0.106 0.259 0.506 0.787 0.977 0.967 0.764 0.481 0.242 0.000 0.000 0.000 0.000 0.000 0.000 0.000 0.000 0.000 0.193 0.408 0.689 0.927 0.996 0.854 0.583 
0.000 0.000 0.000 0.000 0.000 0.000 0.000 0.000 0.000 0.000 0.000 0.000 0.000 0.000 0.000 0.000 0.000 0.000 0.000 0.000 0.000 0.000 0.000 0.000 0.000 0.000 0.000 0.000 0.000 0.000 0.164 0.361 0.636 0.893 1.000 0.894 0.637 0.362 0.164 0.000 0.000 0.000 0.000 0.000 0.000 0.000 0.000 0.116 0.279 0.532 
0.000 0.000 0.000 0.000 0.000 0.000 0.000 0.000 0.000 0.000 0.000 0.000 0.000 0.000 0.000 0.000 0.000 0.000 0.000 0.000 0.000 0.000 0.000 0.000 0.000 0.000 0.000 0.000 0.000 0.000 0.000 0.000 0.000 0.000 0.000 0.241 0.480 0.763 0.967 0.977 0.788 0.507 0.260 0.106 0.000 0.000 0.000 0.000 0.000 0.000 
# 0 2 49 50
0.000 0.000 0.000 0.000 0.000 0.215 0.441 0.724 0.948 0.989 0.824 0.547 0.290 0.123 0.000 0.000 0.000 0.000 0.000 0.000 0.000 0.000 0.000 0.000 0.000 0.000 0.000 0.000 0.000 0.000 0.000 0.000 0.000 0.000 0.000 0.000 0.000 0.000 0.000 0.000 0.000 0.000 0.000 0.000 0.000 0.000 0.000 0.000 0.000 0.000 
0.000 0.000 0.000 0.000 0.000 0.000 0.211 0.436 0.718 0.945 0.991 0.829 0.553 0.294 0.125 0.000 0.000 0.000 0.000 0.000 0.000 0.000 0.000 0.000 0.000 0.000 0.000 0.000 0.000 0.000 0.000 0.000 0.000 0.000 0.000 0.000 0.000 0.000 0.000 0.000 0.000 0.000 0.000 0.000 0.000 0.000 0.000 0.000 0.000 0.000 
0.000 0.000 0.000 0.000 0.000 0.000 0.000 0.207 0.430 0.713 0.941 0.992 0.834 0.559 0.299 0.128 0.000 0.000 0.000 0.000 0.000 0.000 0.000 0.000 0.000 0.000 0.000 0.000 0.000 0.000 0.000 0.000 0.000 0.000 0.000 0.000 0.000 0.000 0.000 0.000 0.000 0.000 0.000 0.000 0.000 0.000 0.000 0.000 0.000 0.000 
0.000 0.000 0.000 0.000 0.000 0.000 0.000 0.000 0.204 0.425 0.707 0.938 0.993 0.838 0.565 0.303 0.130 0.000 0.000 0.000 0.000 0.000 0.000 0.000 0.000 0.000 0.000 0.000 0.000 0.000 0.000 0.000 0.000 0.000 0.000 0.000 0.000 0.000 0.000 0.000 0.000 0.000 0.000 0.000 0.000 0.000 0.000 0.000 0.000 0.000 
0.000 0.000 0.000 0.000 0.000 0.000 0.000 0.000 0.000 0.200 0.420 0.701 0.935 0.994 0.843 0.571 0.308 0.133 0.000 0.000 0.000 0.000 0.000 0.000 0.000 0.000 0.000 0.000 0.000 0.000 0.000 0.000 0.000 0.000 0.000 0.000 0.000 0.000 0.000 0.000 0.000 0.000 0.000 0.000 0.000 0.000 0.000 0.000 0.000 0.000 
0.237 0.000 0.000 0.000 0.000 0.000 0.000 0.000 0.000 0.000 0.197 0.414 0.696 0.932 0.995 0.848 0.576 0.313 0.135 0.000 0.000 0.000 0.000 0.000 0.000 0.000 0.000 0.000 0.000 0.000 0.000 0.000 0.000 0.000 0.000 0.000 0.000 0.000 0.000 0.000 0.000 0.000 0.000 0.000 0.000 0.000 0.000 0.000 0.000 0.000 
0.480 0.241 0.000 0.000 0.000 0.000 0.000 0.000 0.000 0.000 0.000 0.193 0.409 0.690 0.928 0.996 0.853 0.582 0.317 0.138 0.000 0.000 0.000 0.000 0.000 0.000 0.000 0.000 0.000 0.000 0.000 0.000 0.000 0.000 0.000 0.000 0.000 0.000 0.000 0.000 0.000 0.000 0.000 0.000 0.000 0.000 0.000 0.000 0.000 0.000 
0.768 0.486 0.245 0.000 0.000 0.000 0.000 0.000 0.000 0.000 0.000 0.000 0.190 0.404 0.684 0.925 0.997 0.857 0.588 0.322 0.141 0.000 0.000 0.000 0.000 0.000 0.000 0.000 0.000 0.000 0.000 0.000 0.000 0.000 0.000 0.000 0.000 0.000 0.000 0.000 0.000 0.000 0.000 0.000 0.000 0.000 0.000 0.000 0.000 0.000 
0.971 0.774 0.492 0.249 0.101 0.000 0.000 0.000 0.000 0.000 0.000 0.000 0.000 0.187 0.398 0.678 0.921 0.998 0.862 0.594 0.327 0.143 0.000 0.000 0.000 0.000 0.000 0.000 0.000 0.000 0.000 0.000 0.000 0.000 0.000 0.000 0.000 0.000 0.000 0.000 0.000 0.000 0.000 0.000 0.000 0.000 0.000 0.000 0.000 0.000 
0.971 0.974 0.779 0.497 0.253 0.103 0.000 0.000 0.000 0.000 0.000 0.000 0.000 0.000 0.183 0.393 0.672 0.917 0.998 0.866 0.600 0.331 0.146 0.000 0.000 0.000 0.000 0.000 0.000 0.000 0.000 0.000 0.000 0.000 0.000 0.000 0.000 0.000 0.000 0.000 0.000 0.000 0.000 0.000 0.000 0.000 0.000 0.000 0.000 0.000 
0.766 0.968 0.976 0.784 0.503 0.257 0.105 0.000 0.000 0.000 0.000 0.000 0.000 0.000 0.000 0.180 0.388 0.667 0.914 0.999 0.871 0.606 0.336 0.149 0.000 0.000 0.000 0.000 0.000 0.000 0.000 0.000 0.000 0.000 0.000 0.000 0.000 0.000 0.000 0.000 0.000 0.000 0.000 0.000 0.000 0.000 0.000 0.000 0.000 0.000 
0.478 0.761 0.966 0.978 0.790 0.509 0.261 0.107 0.000 0.000 0.000 0.000 0.000 0.000 0.000 0.000 0.177 0.383 0.661 0.910 0.999 0.875 0.612 0.341 0.152 0.000 0.000 0.000 0.000 0.000 0.000 0.000 0.000 0.000 0.000 0.000 0.000 0.000 0.000 0.000 0.000 0.000 0.000 0.000 0.000 0.000 0.000 0.000 0.000 0.000 
0.236 0.473 0.755 0.963 0.980 0.795 0.515 0.266 0.109 0.000 0.000 0.000 0.000 0.000 0.000 0.000 0.000 0.174 0.378 0.655 0.906 1.000 0.880 0.618 0.346 0.155 0.000 0.000 0.000 0.000 0.000 0.000 0.000 0.000 0.000 0.000 0.000 0.000 0.000 0.000 0.000 0.000 0.000 0.000 0.000 0.000 0.000 0.000 0.000 0.000 
0.000 0.232 0.467 0.750 0.961 0.982 0.800 0.520 0.270 0.112 0.000 0.000 0.000 0.000 0.000 0.000 0.000 0.000 0.171 0.373 0.649 0.902 1.000 0.884 0.624 0.351 0.157 0.000 0.000 0.000 0.000 0.000 0.000 0.000 0.000 0.000 0.000 0.000 0.000 0.000 0.000 0.000 0.000 0.000 0.000 0.000 0.000 0.000 0.000 0.000 
0.000 0.000 0.228 0.461 0.744 0.958 0.983 0.805 0.526 0.274 0.114 0.000 0.000 0.000 0.000 0.000 0.000 0.000 0.000 0.168 0.368 0.643 0.898 1.000 0.888 0.629 0.356 0.160 0.000 0.000 0.000 0.000 0.000 0.000 0.000 0.000 0.000 0.000 0.000 0.000 0.000 0.000 0.000 0.000 0.000 0.000 0.000 0.000 0.000 0.000 
0.000 0.000 0.000 0.224 0.456 0.739 0.955 0.985 0.810 0.532 0.278 0.116 0.000 0.000 0.000 0.000 0.000 0.000 0.000 0.000 0.165 0.363 0.637 0.894 1.000 0.892 0.635 0.361 0.163 0.000 0.000 0.000 0.000 0.000 0.000 0.000 0.000 0.000 0.000 0.000 0.000 0.000 0.000 0.000 0.000 0.000 0.000 0.000 0.000 0.000 
0.000 0.000 0.000 0.000 0.221 0.450 0.733 0.952 0.987 0.816 0.538 0.283 0.119 0.000 0.000 0.000 0.000 0.000 0.000 0.000 0.000 0.162 0.358 0.632 0.890 1.000 0.896 0.641 0.366 0.166 0.000 0.000 0.000 0.000 0.000 0.000 0.000 0.000 0.000 0.000 0.000 0.000 0.000 0.000 0.000 0.000 0.000 0.000 0.000 0.000 
0.000 0.000 0.000 0.000 0.000 0.217 0.445 0.728 0.949 0.988 0.821 0.544 0.287 0.121 0.000 0.000 0.000 0.000 0.000 0.000 0.000 0.000 0.159 0.353 0.626 0.886 1.000 0.901 0.647 0.371 0.170 0.000 0.000 0.000 0.000 0.000 0.000 0.000 0.000 0.000 0.000 0.000 0.000 0.000 0.000 0.000 0.000 0.000 0.000 0.000 
0.000 0.000 0.000 0.000 0.000 0.000 0.213 0.439 0.722 0.946 0.990 0.826 0.549 0.292 0.123 0.000 0.000 0.000 0.000 0.000 0.000 0.000 0.000 0.156 0.348 0.620 0.881 1.000 0.904 0.653 0.376 0.173 0.000 0.000 0.000 0.000 0.000 0.000 0.000 0.000 0.000 0.000 0.000 0.000 0.000 0.000 0.000 0.000 0.000 0.000 
0.000 0.000 0.000 0.000 0.000 0.000 0.000 0.210 0.434 0.716 0.943 0.991 0.831 0.555 0.296 0.126 0.000 0.000 0.000 0.000 0.000 0.000 0.000 0.000 0.153 0.343 0.614 0.877 0.999 0.908 0.659 0.381 0.176 0.000 0.000 0.000 0.000 0.000 0.000 0.000 0.000 0.000 0.000 0.000 0.000 0.000 0.000 0.000 0.000 0.000 
0.000 0.000 0.000 0.000 0.000 0.000 0.000 0.000 0.206 0.429 0.711 0.940 0.992 0.835 0.561 0.301 0.128 0.000 0.000 0.000 0.000 0.000 0.000 0.000 0.000 0.150 0.338 0.608 0.873 0.999 0.912 0.665 0.386 0.179 0.000 0.000 0.000 0.000 0.000 0.000 0.000 0.000 0.000 0.000 0.000 0.000 0.000 0.000 0.000 0.000 
0.000 0.000 0.000 0.000 0.000 0.000 0.000 0.000 0.000 0.203 0.423 0.705 0.937 0.993 0.840 0.567 0.305 0.131 0.000 0.000 0.000 0.000 0.000 0.000 0.000 0.000 0.147 0.333 0.602 0.868 0.998 0.916 0.670 0.391 0.182 0.000 0.000 0.000 0.000 0.000 0.000 0.000 0.000 0.000 0.000 0.000 0.000 0.000 0.000 0.000 
0.000 0.000 0.000 0.000 0.000 0.000 0.000 0.000 0.000 0.000 0.199 0.418 0.699 0.934 0.995 0.845 0.573 0.310 0.134 0.000 0.000 0.000 0.000 0.000 0.000 0.000 0.000 0.144 0.328 0.596 0.864 0.998 0.920 0.676 0.397 0.186 0.000 0.000 0.000 0.000 0.000 0.000 0.000 0.000 0.000 0.000 0.000 0.000 0.000 0.000 
0.000 0.000 0.000 0.000 0.000 0.000 0.000 0.000 0.000 0.000 0.000 0.196 0.412 0.693 0.930 0.995 0.850 0.579 0.314 0.136 0.000 0.000 0.000 0.000 0.000 0.000 0.000 0.000 0.142 0.324 0.590 0.859 0.997 0.923 0.682 0.402 0.189 0.000 0.000 0.000 0.000 0.000 0.000 0.000 0.000 0.000 0.000 0.000 0.000 0.000 
0.000 0.000 0.000 0.000 0.000 0.000 0.000 0.000 0.000 0.000 0.000 0.000 0.192 0.407 0.688 0.927 0.996 0.854 0.584 0.319 0.139 0.000 0.000 0.000 0.000 0.000 0.000 0.000 0.000 0.139 0.319 0.584 0.854 0.996 0.927 0.688 0.407 0.192 0.000 0.000 0.000 0.000 0.000 0.000 0.000 0.000 0.000 0.000 0.000 0.000 
0.000 0.000 0.000 0.000 0.000 0.000 0.000 0.000 0.000 0.000 0.000 0.000 0.000 0.189 0.402 0.682 0.923 0.997 0.859 0.590 0.324 0.142 0.000 0.000 0.000 0.000 0.000 0.000 0.000 0.000 0.136 0.314 0.579 0.850 0.995 0.930 0.693 0.412 0.196 0.000 0.000 0.000 0.000 0.000 0.000 0.000 0.000 0.000 0.000 0.000 
0.000 0.000 0.000 0.000 0.000 0.000 0.000 0.000 0.000 0.000 0.000 0.000 0.000 0.000 0.186 0.397 0.676 0.920 0.998 0.864 0.596 0.328 0.144 0.000 0.000 0.000 0.000 0.000 0.000 0.000 0.000 0.134 0.310 0.573 0.845 0.995 0.934 0.699 0.418 0.199 0.000 0.000 0.000 0.000 0.000 0.000 0.000 0.000 0.000 0.000 
0.000 0.000 0.000 0.000 0.000 0.000 0.000 0.000 0.000 0.000 0.000 0.000 0.000 0.000 0.000 0.182 0.391 0.670 0.916 0.998 0.868 0.602 0.333 0.147 0.000 0.000 0.000 0.000 0.000 0.000 0.000 0.000 0.131 0.305 0.567 0.840 0.993 0.937 0.705 0.423 0.203 0.000 0.000 0.000 0.000 0.000 0.000 0.000 0.000 0.000 
0.000 0.000 0.000 0.000 0.000 0.000 0.000 0.000 0.000 0.000 0.000 0.000 0.000 0.000 0.000 0.000 0.179 0.386 0.665 0.912 0.999 0.873 0.608 0.338 0.150 0.000 0.000 0.000 0.000 0.000 0.000 0.000 0.000 0.128 0.301 0.561 0.835 0.992 0.940 0.711 0.429 0.206 0.000 0.000 0.000 0.000 0.000 0.000 0.000 0.000 
0.000 0.000 0.000 0.000 0.000 0.000 0.000 0.000 0.000 0.000 0.000 0.000 0.000 0.000 0.000 0.000 0.000 0.176 0.381 0.659 0.908 0.999 0.877 0.614 0.343 0.153 0.000 0.000 0.000 0.000 0.000 0.000 0.000 0.000 0.126 0.296 0.555 0.831 0.991 0.943 0.716 0.434 0.210 0.000 0.000 0.000 0.000 0.000 0.000 0.000 
0.000 0.000 0.000 0.000 0.000 0.000 0.000 0.000 0.000 0.000 0.000 0.000 0.000 0.000 0.000 0.000 0.000 0.000 0.173 0.376 0.653 0.904 1.000 0.881 0.620 0.348 0.156 0.000 0.000 0.000 0.000 0.000 0.000 0.000 0.000 0.123 0.292 0.549 0.826 0.990 0.946 0.722 0.439 0.213 0.000 0.000 0.000 0.000 0.000 0.000 
0.000 0.000 0.000 0.000 0.000 0.000 0.000 0.000 0.000 0.000 0.000 0.000 0.000 0.000 0.000 0.000 0.000 0.000 0.000 0.170 0.371 0.647 0.901 1.000 0.886 0.626 0.353 0.159 0.000 0.000 0.000 0.000 0.000 0.000 0.000 0.000 0.121 0.287 0.544 0.821 0.988 0.949 0.728 0.445 0.217 0.000 0.000 0.000 0.000 0.000 
0.000 0.000 0.000 0.000 0.000 0.000 0.000 0.000 0.000 0.000 0.000 0.000 0.000 0.000 0.000 0.000 0.000 0.000 0.000 0.000 0.166 0.366 0.641 0.896 1.000 0.890 0.632 0.358 0.162 0.000 0.000 0.000 0.000 0.000 0.000 0.000 0.000 0.119 0.283 0.538 0.816 0.987 0.952 0.733 0.450 0.221 0.000 0.000 0.000 0.000 
0.000 0.000 0.000 0.000 0.000 0.000 0.000 0.000 0.000 0.000 0.000 0.000 0.000 0.000 0.000 0.000 0.000 0.000 0.000 0.000 0.000 0.163 0.361 0.635 0.892 1.000 0.894 0.637 0.363 0.165 0.000 0.000 0.000 0.000 0.000 0.000 0.000 0.000 0.116 0.278 0.532 0.810 0.985 0.955 0.739 0.456 0.224 0.000 0.000 0.000 
0.000 0.000 0.000 0.000 0.000 0.000 0.000 0.000 0.000 0.000 0.000 0.000 0.000 0.000 0.000 0.000 0.000 0.000 0.000 0.000 0.000 0.000 0.160 0.356 0.629 0.888 1.000 0.898 0.643 0.368 0.168 0.000 0.000 0.000 0.000 0.000 0.000 0.000 0.000 0.114 0.274 0.526 0.805 0.983 0.958 0.744 0.461 0.228 0.000 0.000 
0.000 0.000 0.000 0.000 0.000 0.000 0.000 0.000 0.000 0.000 0.000 0.000 0.000 0.000 0.000 0.000 0.000 0.000 0.000 0.000 0.000 0.000 0.000 0.157 0.351 0.624 0.884 1.000 0.902 0.649 0.373 0.171 0.000 0.000 0.000 0.000 0.000 0.000 0.000 0.000 0.112 0.270 0.520 0.800 0.982 0.961 0.750 0.467 0.232 0.000 
0.000 0.000 0.000 0.000 0.000 0.000 0.000 0.000 0.000 0.000 0.000 0.000 0.000 0.000 0.000 0.000 0.000 0.000 0.000 0.000 0.000 0.000 0.000 0.000 0.155 0.346 0.618 0.880 1.000 0.906 0.655 0.378 0.174 0.000 0.000 0.000 0.000 0.000 0.000 0.000 0.000 0.109 0.266 0.515 0.795 0.980 0.963 0.755 0.473 0.236 
0.000 0.000 0.000 0.000 0.000 0.000 0.000 0.000 0.000 0.000 0.000 0.000 0.000 0.000 0.000 0.000 0.000 0.000 0.000 0.000 0.000 0.000 0.000 0.000 0.000 0.152 0.341 0.612 0.875 0.999 0.910 0.661 0.383 0.177 0.000 0.000 0.000 0.000 0.000 0.000 0.000 0.000 0.107 0.261 0.509 0.790 0.978 0.966 0.761 0.478 
0.000 0.000 0.000 0.000 0.000 0.000 0.000 0.000 0.000 0.000 0.000 0.000 0.000 0.000 0.000 0.000 0.000 0.000 0.000 0.000 0.000 0.000 0.000 0.000 0.000 0.000 0.149 0.336 0.606 0.871 0.999 0.914 0.667 0.388 0.180 0.000 0.000 0.000 0.000 0.000 0.000 0.000 0.000 0.105 0.257 0.503 0.784 0.976 0.968 0.766 
0.000 0.000 0.000 0.000 0.000 0.000 0.000 0.000 0.000 0.000 0.000 0.000 0.000 0.000 0.000 0.000 0.000 0.000 0.000 0.000 0.000 0.000 0.000 0.000 0.000 0.000 0.000 0.146 0.331 0.600 0.866 0.998 0.917 0.672 0.393 0.183 0.000 0.000 0.000 0.000 0.000 0.000 0.000 0.000 0.103 0.253 0.497 0.779 0.974 0.971 
0.000 0.000 0.000 0.000 0.000 0.000 0.000 0.000 0.000 0.000 0.000 0.000 0.000 0.000 0.000 0.000 0.000 0.000 0.000 0.000 0.000 0.000 0.000 0.000 0.000 0.000 0.000 0.000 0.143 0.327 0.594 0.862 0.998 0.921 0.678 0.398 0.187 0.000 0.000 0.000 0.000 0.000 0.000 0.000 0.000 0.101 0.249 0.492 0.774 0.971 
0.000 0.000 0.000 0.000 0.000 0.000 0.000 0.000 0.000 0.000 0.000 0.000 0.000 0.000 0.000 0.000 0.000 0.000 0.000 0.000 0.000 0.000 0.000 0.000 0.000 0.000 0.000 0.000 0.000 0.141 0.322 0.588 0.857 0.997 0.925 0.684 0.404 0.190 0.000 0.000 0.000 0.000 0.000 0.000 0.000 0.000 0.000 0.245 0.486 0.768 
0.000 0.000 0.000 0.000 0.000 0.000 0.000 0.000 0.000 0.000 0.000 0.000 0.000 0.000 0.000 0.000 0.000 0.000 0.000 0.000 0.000 0.000 0.000 0.000 0.000 0.000 0.000 0.000 0.000 0.000 0.138 0.317 0.582 0.853 0.996 0.928 0.690 0.409 0.193 0.000 0.000 0.000 0.000 0.000 0.000 0.000 0.000 0.000 0.241 0.480 
0.000 0.000 0.000 0.000 0.000 0.000 0.000 0.000 0.000 0.000 0.000 0.000 0.000 0.000 0.000 0.000 0.000 0.000 0.000 0.000 0.000 0.000 0.000 0.000 0.000 0.000 0.000 0.000 0.000 0.000 0.000 0.135 0.313 0.576 0.848 0.995 0.932 0.696 0.414 0.197 0.000 0.000 0.000 0.000 0.000 0.000 0.000 0.000 0.000 0.237 
0.000 0.000 0.000 0.000 0.000 0.000 0.000 0.000 0.000 0.000 0.000 0.000 0.000 0.000 0.000 0.000 0.000 0.000 0.000 0.000 0.000 0.000 0.000 0.000 0.000 0.000 0.000 0.000 0.000 0.000 0.000 0.000 0.133 0.308 0.571 0.843 0.994 0.935 0.701 0.420 0.200 0.000 0.000 0.000 0.000 0.000 0.000 0.000 0.000 0.000 
0.000 0.000 0.000 0.000 0.000 0.000 0.000 0.000 0.000 0.000 0.000 0.000 0.000 0.000 0.000 0.000 0.000 0.000 0.000 0.000 0.000 0.000 0.000 0.000 0.000 0.000 0.000 0.000 0.000 0.000 0.000 0.000 0.000 0.130 0.303 0.565 0.838 0.993 0.938 0.707 0.425 0.204 0.000 0.000 0.000 0.000 0.000 0.000 0.000 0.000 
0.000 0.000 0.000 0.000 0.000 0.000 0.000 0.000 0.000 0.000 0.000 0.000 0.000 0.000 0.000 0.000 0.000 0.000 0.000 0.000 0.000 0.000 0.000 0.000 0.000 0.000 0.000 0.000 0.000 0.000 0.000 0.000 0.000 0.000 0.128 0.299 0.559 0.834 0.992 0.941 0.713 0.430 0.207 0.000 0.000 0.000 0.000 0.000 0.000 0.000 
0.000 0.000 0.000 0.000 0.000 0.000 0.000 0.000 0.000 0.000 0.000 0.000 0.000 0.000 0.000 0.000 0.000 0.000 0.000 0.000 0.000 0.000 0.000 0.000 0.000 0.000 0.000 0.000 0.000 0.000 0.000 0.000 0.000 0.000 0.000 0.125 0.294 0.553 0.829 0.991 0.945 0.718 0.436 0.211 0.000 0.000 0.000 0.000 0.000 0.000 
0.000 0.000 0.000 0.000 0.000 0.000 0.000 0.000 0.000 0.000 0.000 0.000 0.000 0.000 0.000 0.000 0.000 0.000 0.000 0.000 0.000 0.000 0.000 0.000 0.000 0.000 0.000 0.000 0.000 0.000 0.000 0.000 0.000 0.000 0.000 0.000 0.123 0.290 0.547 0.824 0.989 0.948 0.724 0.441 0.215 0.000 0.000 0.000 0.000 0.000 
# 0 3 25 50
0.000 0.000 0.000 0.000 0.000 0.139 0.320 0.587 0.858 1.000 0.930 0.690 0.409 0.193 0.000 0.000 0.000 0.000 0.000 0.000 0.000 0.000 0.000 0.000 0.000 0.000 0.000 0.000 0.000 0.000 0.000 0.000 0.000 0.000 0.000 0.000 0.000 0.000 0.000 0.000 0.000 0.000 0.000 0.000 0.000 0.000 0.000 0.000 0.000 0.000 
0.000 0.000 0.000 0.000 0.000 0.000 0.000 0.139 0.320 0.587 0.858 1.000 0.930 0.690 0.409 0.193 0.000 0.000 0.000 0.000 0.000 0.000 0.000 0.000 0.000 0.000 0.000 0.000 0.000 0.000 0.000 0.000 0.000 0.000 0.000 0.000 0.000 0.000 0.000 0.000 0.000 0.000 0.000 0.000 0.000 0.000 0.000 0.000 0.000 0.000 
0.139 0.000 0.000 0.000 0.000 0.000 0.000 0.000 0.000 0.139 0.320 0.587 0.858 1.000 0.930 0.690 0.409 0.193 0.000 0.000 0.000 0.000 0.000 0.000 0.000 0.000 0.000 0.000 0.000 0.000 0.000 0.000 0.000 0.000 0.000 0.000 0.000 0.000 0.000 0.000 0.000 0.000 0.000 0.000 0.000 0.000 0.000 0.000 0.000 0.000 
0.587 0.320 0.139 0.000 0.000 0.000 0.000 0.000 0.000 0.000 0.000 0.139 0.320 0.587 0.858 1.000 0.930 0.690 0.409 0.193 0.000 0.000 0.000 0.000 0.000 0.000 0.000 0.000 0.000 0.000 0.000 0.000 0.000 0.000 0.000 0.000 0.000 0.000 0.000 0.000 0.000 0.000 0.000 0.000 0.000 0.000 0.000 0.000 0.000 0.000 
1.000 0.858 0.587 0.320 0.139 0.000 0.000 0.000 0.000 0.000 0.000 0.000 0.000 0.139 0.320 0.587 0.858 1.000 0.930 0.690 0.409 0.193 0.000 0.000 0.000 0.000 0.000 0.000 0.000 0.000 0.000 0.000 0.000 0.000 0.000 0.000 0.000 0.000 0.000 0.000 0.000 0.000 0.000 0.000 0.000 0.000 0.000 0.000 0.000 0.000 
0.690 0.930 1.000 0.858 0.587 0.320 0.139 0.000 0.000 0.000 0.000 0.000 0.000 0.000 0.000 0.139 0.320 0.587 0.858 1.000 0.930 0.690 0.409 0.193 0.000 0.000 0.000 0.000 0.000 0.000 0.000 0.000 0.000 0.000 0.000 0.000 0.000 0.000 0.000 0.000 0.000 0.000 0.000 0.000 0.000 0.000 0.000 0.000 0.000 0.000 
0.193 0.409 0.690 0.930 1.000 0.858 0.587 0.320 0.139 0.000 0.000 0.000 0.000 0.000 0.000 0.000 0.000 0.139 0.320 0.587 0.858 1.000 0.930 0.690 0.409 0.193 0.000 0.000 0.000 0.000 0.000 0.000 0.000 0.000 0.000 0.000 0.000 0.000 0.000 0.000 0.000 0.000 0.000 0.000 0.000 0.000 0.000 0.000 0.000 0.000 
0.000 0.000 0.193 0.409 0.690 0.930 1.000 0.858 0.587 0.320 0.139 0.000 0.000 0.000 0.000 0.000 0.000 0.000 0.000 0.139 0.320 0.587 0.858 1.000 0.930 0.690 0.409 0.193 0.000 0.000 0.000 0.000 0.000 0.000 0.000 0.000 0.000 0.000 0.000 0.000 0.000 0.000 0.000 0.000 0.000 0.000 0.000 0.000 0.000 0.000 
0.000 0.000 0.000 0.000 0.193 0.409 0.690 0.930 1.000 0.858 0.587 0.320 0.139 0.000 0.000 0.000 0.000 0.000 0.000 0.000 0.000 0.139 0.320 0.587 0.858 1.000 0.930 0.690 0.409 0.193 0.000 0.000 0.000 0.000 0.000 0.000 0.000 0.000 0.000 0.000 0.000 0.000 0.000 0.000 0.000 0.000 0.000 0.000 0.000 0.000 
0.000 0.000 0.000 0.000 0.000 0.000 0.193 0.409 0.690 0.930 1.000 0.858 0.587 0.320 0.139 0.000 0.000 0.000 0.000 0.000 0.000 0.000 0.000 0.139 0.320 0.587 0.858 1.000 0.930 0.690 0.409 0.193 0.000 0.000 0.000 0.000 0.000 0.000 0.000 0.000 0.000 0.000 0.000 0.000 0.000 0.000 0.000 0.000 0.000 0.000 
0.000 0.000 0.000 0.000 0.000 0.000 0.000 0.000 0.193 0.409 0.690 0.930 1.000 0.858 0.587 0.320 0.139 0.000 0.000 0.000 0.000 0.000 0.000 0.000 0.000 0.139 0.320 0.587 0.858 1.000 0.930 0.690 0.409 0.193 0.000 0.000 0.000 0.000 0.000 0.000 0.000 0.000 0.000 0.000 0.000 0.000 0.000 0.000 0.000 0.000 
0.000 0.000 0.000 0.000 0.000 0.000 0.000 0.000 0.000 0.000 0.193 0.409 0.690 0.930 1.000 0.858 0.587 0.320 0.139 0.000 0.000 0.000 0.000 0.000 0.000 0.000 0.000 0.139 0.320 0.587 0.858 1.000 0.930 0.690 0.409 0.193 0.000 0.000 0.000 0.000 0.000 0.000 0.000 0.000 0.000 0.000 0.000 0.000 0.000 0.000 
0.000 0.000 0.000 0.000 0.000 0.000 0.000 0.000 0.000 0.000 0.000 0.000 0.193 0.409 0.690 0.930 1.000 0.858 0.587 0.320 0.139 0.000 0.000 0.000 0.000 0.000 0.000 0.000 0.000 0.139 0.320 0.587 0.858 1.000 0.930 0.690 0.409 0.193 0.000 0.000 0.000 0.000 0.000 0.000 0.000 0.000 0.000 0.000 0.000 0.000 
0.000 0.000 0.000 0.000 0.000 0.000 0.000 0.000 0.000 0.000 0.000 0.000 0.000 0.000 0.193 0.409 0.690 0.930 1.000 0.858 0.587 0.320 0.139 0.000 0.000 0.000 0.000 0.000 0.000 0.000 0.000 0.139 0.320 0.587 0.858 1.000 0.930 0.690 0.409 0.193 0.000 0.000 0.000 0.000 0.000 0.000 0.000 0.000 0.000 0.000 
0.000 0.000 0.000 0.000 0.000 0.000 0.000 0.000 0.000 0.000 0.000 0.000 0.000 0.000 0.000 0.000 0.193 0.409 0.690 0.930 1.000 0.858 0.587 0.320 0.139 0.000 0.000 0.000 0.000 0.000 0.000 0.000 0.000 0.139 0.320 0.587 0.858 1.000 0.930 0.690 0.409 0.193 0.000 0.000 0.000 0.000 0.000 0.000 0.000 0.000 
0.000 0.000 0.000 0.000 0.000 0.000 0.000 0.000 0.000 0.000 0.000 0.000 0.000 0.000 0.000 0.000 0.000 0.000 0.193 0.409 0.690 0.930 1.000 0.858 0.587 0.320 0.139 0.000 0.000 0.000 0.000 0.000 0.000 0.000 0.000 0.139 0.320 0.587 0.858 1.000 0.930 0.690 0.409 0.193 0.000 0.000 0.000 0.000 0.000 0.000 
0.000 0.000 0.000 0.000 0.000 0.000 0.000 0.000 0.000 0.000 0.000 0.000 0.000 0.000 0.000 0.000 0.000 0.000 0.000 0.000 0.193 0.409 0.690 0.930 1.000 0.858 0.587 0.320 0.139 0.000 0.000 0.000 0.000 0.000 0.000 0.000 0.000 0.139 0.320 0.587 0.858 1.000 0.930 0.690 0.409 0.193 0.000 0.000 0.000 0.000 
0.000 0.000 0.000 0.000 0.000 0.000 0.000 0.000 0.000 0.000 0.000 0.000 0.000 0.000 0.000 0.000 0.000 0.000 0.000 0.000 0.000 0.000 0.193 0.409 0.690 0.930 1.000 0.858 0.587 0.320 0.139 0.000 0.000 0.000 0.000 0.000 0.000 0.000 0.000 0.139 0.320 0.587 0.858 1.000 0.930 0.690 0.409 0.193 0.000 0.000 
0.000 0.000 0.000 0.000 0.000 0.000 0.000 0.000 0.000 0.000 0.000 0.000 0.000 0.000 0.000 0.000 0.000 0.000 0.000 0.000 0.000 0.000 0.000 0.000 0.193 0.409 0.690 0.930 1.000 0.858 0.587 0.320 0.139 0.000 0.000 0.000 0.000 0.000 0.000 0.000 0.000 0.139 0.320 0.587 0.858 1.000 0.930 0.690 0.409 0.193 
0.000 0.000 0.000 0.000 0.000 0.000 0.000 0.000 0.000 0.000 0.000 0.000 0.000 0.000 0.000 0.000 0.000 0.000 0.000 0.000 0.000 0.000 0.000 0.000 0.000 0.000 0.193 0.409 0.690 0.930 1.000 0.858 0.587 0.320 0.139 0.000 0.000 0.000 0.000 0.000 0.000 0.000 0.000 0.139 0.320 0.587 0.858 1.000 0.930 0.690 
0.000 0.000 0.000 0.000 0.000 0.000 0.000 0.000 0.000 0.000 0.000 0.000 0.000 0.000 0.000 0.000 0.000 0.000 0.000 0.000 0.000 0.000 0.000 0.000 0.000 0.000 0.000 0.000 0.193 0.409 0.690 0.930 1.000 0.858 0.587 0.320 0.139 0.000 0.000 0.000 0.000 0.000 0.000 0.000 0.000 0.139 0.320 0.587 0.858 1.000 
0.000 0.000 0.000 0.000 0.000 0.000 0.000 0.000 0.000 0.000 0.000 0.000 0.000 0.000 0.000 0.000 0.000 0.000 0.000 0.000 0.000 0.000 0.000 0.000 0.000 0.000 0.000 0.000 0.000 0.000 0.193 0.409 0.690 0.930 1.000 0.858 0.587 0.320 0.139 0.000 0.000 0.000 0.000 0.000 0.000 0.000 0.000 0.139 0.320 0.587 
0.000 0.000 0.000 0.000 0.000 0.000 0.000 0.000 0.000 0.000 0.000 0.000 0.000 0.000 0.000 0.000 0.000 0.000 0.000 0.000 0.000 0.000 0.000 0.000 0.000 0.000 0.000 0.000 0.000 0.000 0.000 0.000 0.193 0.409 0.690 0.930 1.000 0.858 0.587 0.320 0.139 0.000 0.000 0.000 0.000 0.000 0.000 0.000 0.000 0.139 
0.000 0.000 0.000 0.000 0.000 0.000 0.000 0.000 0.000 0.000 0.000 0.000 0.000 0.000 0.000 0.000 0.000 0.000 0.000 0.000 0.000 0.000 0.000 0.000 0.000 0.000 0.000 0.000 0.000 0.000 0.000 0.000 0.000 0.000 0.193 0.409 0.690 0.930 1.000 0.858 0.587 0.320 0.139 0.000 0.000 0.000 0.000 0.000 0.000 0.000 
0.000 0.000 0.000 0.000 0.000 0.000 0.000 0.000 0.000 0.000 0.000 0.000 0.000 0.000 0.000 0.000 0.000 0.000 0.000 0.000 0.000 0.000 0.000 0.000 0.000 0.000 0.000 0.000 0.000 0.000 0.000 0.000 0.000 0.000 0.000 0.000 0.193 0.409 0.690 0.930 1.000 0.858 0.587 0.320 0.139 0.000 0.000 0.000 0.000 0.000 
# 0 4 12 50
0.000 0.000 0.000 0.000 0.000 0.000 0.128 0.300 0.561 0.835 0.993 0.941 0.712 0.429 0.207 0.000 0.000 0.000 0.000 0.000 0.000 0.000 0.000 0.000 0.000 0.000 0.000 0.000 0.000 0.000 0.000 0.000 0.000 0.000 0.000 0.000 0.000 0.000 0.000 0.000 0.000 0.000 0.000 0.000 0.000 0.000 0.000 0.000 0.000 0.000 
0.379 0.175 0.000 0.000 0.000 0.000 0.000 0.000 0.000 0.000 0.109 0.265 0.513 0.794 0.980 0.964 0.757 0.474 0.237 0.000 0.000 0.000 0.000 0.000 0.000 0.000 0.000 0.000 0.000 0.000 0.000 0.000 0.000 0.000 0.000 0.000 0.000 0.000 0.000 0.000 0.000 0.000 0.000 0.000 0.000 0.000 0.000 0.000 0.000 0.000 
0.842 0.994 0.937 0.704 0.422 0.202 0.000 0.000 0.000 0.000 0.000 0.000 0.000 0.000 0.000 0.232 0.467 0.750 0.961 0.982 0.801 0.521 0.270 0.112 0.000 0.000 0.000 0.000 0.000 0.000 0.000 0.000 0.000 0.000 0.000 0.000 0.000 0.000 0.000 0.000 0.000 0.000 0.000 0.000 0.000 0.000 0.000 0.000 0.000 0.000 
0.000 0.112 0.270 0.521 0.801 0.982 0.961 0.750 0.467 0.232 0.000 0.000 0.000 0.000 0.000 0.000 0.000 0.000 0.000 0.202 0.422 0.704 0.937 0.994 0.842 0.568 0.306 0.132 0.000 0.000 0.000 0.000 0.000 0.000 0.000 0.000 0.000 0.000 0.000 0.000 0.000 0.000 0.000 0.000 0.000 0.000 0.000 0.000 0.000 0.000 
0.000 0.000 0.000 0.000 0.000 0.000 0.237 0.474 0.757 0.964 0.980 0.794 0.513 0.265 0.109 0.000 0.000 0.000 0.000 0.000 0.000 0.000 0.000 0.175 0.379 0.657 0.907 1.000 0.879 0.616 0.345 0.154 0.000 0.000 0.000 0.000 0.000 0.000 0.000 0.000 0.000 0.000 0.000 0.000 0.000 0.000 0.000 0.000 0.000 0.000 
0.000 0.000 0.000 0.000 0.000 0.000 0.000 0.000 0.000 0.000 0.207 0.429 0.712 0.941 0.993 0.835 0.561 0.300 0.128 0.000 0.000 0.000 0.000 0.000 0.000 0.000 0.000 0.150 0.339 0.609 0.873 1.000 0.912 0.664 0.386 0.179 0.000 0.000 0.000 0.000 0.000 0.000 0.000 0.000 0.000 0.000 0.000 0.000 0.000 0.000 
0.000 0.000 0.000 0.000 0.000 0.000 0.000 0.000 0.000 0.000 0.000 0.000 0.000 0.000 0.179 0.386 0.664 0.912 1.000 0.873 0.609 0.339 0.150 0.000 0.000 0.000 0.000 0.000 0.000 0.000 0.000 0.128 0.300 0.561 0.835 0.993 0.941 0.712 0.429 0.207 0.000 0.000 0.000 0.000 0.000 0.000 0.000 0.000 0.000 0.000 
0.000 0.000 0.000 0.000 0.000 0.000 0.000 0.000 0.000 0.000 0.000 0.000 0.000 0.000 0.000 0.000 0.000 0.000 0.154 0.345 0.616 0.879 1.000 0.907 0.657 0.379 0.175 0.000 0.000 0.000 0.000 0.000 0.000 0.000 0.000 0.109 0.265 0.513 0.794 0.980 0.964 0.757 0.474 0.237 0.000 0.000 0.000 0.000 0.000 0.000 
0.000 0.000 0.000 0.000 0.000 0.000 0.000 0.000 0.000 0.000 0.000 0.000 0.000 0.000 0.000 0.000 0.000 0.000 0.000 0.000 0.000 0.000 0.132 0.306 0.568 0.842 0.994 0.937 0.704 0.422 0.202 0.000 0.000 0.000 0.000 0.000 0.000 0.000 0.000 0.000 0.232 0.467 0.750 0.961 0.982 0.801 0.521 0.270 0.112 0.000 
0.000 0.000 0.000 0.000 0.000 0.000 0.000 0.000 0.000 0.000 0.000 0.000 0.000 0.000 0.000 0.000 0.000 0.000 0.000 0.000 0.000 0.000 0.000 0.000 0.000 0.000 0.112 0.270 0.521 0.801 0.982 0.961 0.750 0.467 0.232 0.000 0.000 0.000 0.000 0.000 0.000 0.000 0.000 0.000 0.202 0.422 0.704 0.937 0.994 0.842 
0.000 0.000 0.000 0.000 0.000 0.000 0.000 0.000 0.000 0.000 0.000 0.000 0.000 0.000 0.000 0.000 0.000 0.000 0.000 0.000 0.000 0.000 0.000 0.000 0.000 0.000 0.000 0.000 0.000 0.000 0.000 0.237 0.474 0.757 0.964 0.980 0.794 0.513 0.265 0.109 0.000 0.000 0.000 0.000 0.000 0.000 0.000 0.000 0.175 0.379 
0.000 0.000 0.000 0.000 0.000 0.000 0.000 0.000 0.000 0.000 0.000 0.000 0.000 0.000 0.000 0.000 0.000 0.000 0.000 0.000 0.000 0.000 0.000 0.000 0.000 0.000 0.000 0.000 0.000 0.000 0.000 0.000 0.000 0.000 0.000 0.207 0.429 0.712 0.941 0.993 0.835 0.561 0.300 0.128 0.000 0.000 0.000 0.000 0.000 0.000 
# 1 0 50 11
0.000 -0.217 -0.502 -0.835 -1.000 -0.863 -0.537 -0.240 0.000 0.000 0.000 
0.000 -0.172 -0.430 -0.768 -0.988 -0.917 -0.614 -0.295 -0.101 0.000 0.000 
0.000 -0.134 -0.362 -0.695 -0.961 -0.959 -0.689 -0.357 -0.132 0.000 0.000 
0.000 -0.103 -0.300 -0.619 -0.920 -0.987 -0.762 -0.424 -0.169 0.000 0.000 
0.000 0.000 -0.244 -0.543 -0.868 -0.999 -0.830 -0.497 -0.213 0.000 0.000 
-0.101 0.000 -0.196 -0.469 -0.805 -0.996 -0.889 -0.572 -0.264 0.000 0.000 
-0.131 0.000 -0.154 -0.398 -0.735 -0.978 -0.938 -0.648 -0.322 -0.114 0.000 
-0.168 0.000 -0.119 -0.333 -0.661 -0.944 -0.973 -0.723 -0.387 -0.148 0.000 
-0.212 0.000 0.000 -0.273 -0.584 -0.898 -0.994 -0.794 -0.457 -0.188 0.000 
-0.263 0.000 0.000 -0.221 -0.509 -0.840 -1.000 -0.858 -0.531 -0.236 0.000 
-0.321 -0.114 0.000 -0.176 -0.436 -0.774 -0.990 -0.913 -0.607 -0.290 0.000 
-0.386 -0.147 0.000 -0.138 -0.368 -0.702 -0.964 -0.955 -0.683 -0.351 -0.129 
-0.455 -0.188 0.000 -0.106 -0.305 -0.626 -0.925 -0.985 -0.756 -0.418 -0.166 
-0.529 -0.235 0.000 0.000 -0.249 -0.550 -0.873 -0.999 -0.824 -0.490 -0.209 
-0.605 -0.289 0.000 0.000 -0.200 -0.475 -0.811 -0.997 -0.884 -0.565 -0.260 
-0.681 -0.350 -0.128 0.000 -0.158 -0.404 -0.742 -0.980 -0.934 -0.641 -0.317 
-0.755 -0.417 -0.165 0.000 -0.122 -0.338 -0.668 -0.948 -0.971 -0.716 -0.381 
-0.823 -0.489 -0.208 0.000 0.000 -0.279 -0.591 -0.903 -0.993 -0.788 -0.450 
-0.883 -0.564 -0.259 0.000 0.000 -0.226 -0.516 -0.846 -1.000 -0.853 -0.524 
-0.933 -0.640 -0.316 -0.111 0.000 -0.180 -0.442 -0.780 -0.991 -0.908 -0.600 
-0.970 -0.715 -0.380 -0.144 0.000 -0.141 -0.374 -0.708 -0.967 -0.952 -0.676 
-0.993 -0.787 -0.449 -0.184 0.000 -0.108 -0.310 -0.633 -0.929 -0.983 -0.749 
-1.000 -0.851 -0.522 -0.230 0.000 0.000 -0.254 -0.557 -0.878 -0.998 -0.818 
-0.992 -0.907 -0.598 -0.284 0.000 0.000 -0.204 -0.482 -0.817 -0.998 -0.879 
-0.968 -0.951 -0.674 -0.344 -0.125 0.000 -0.161 -0.410 -0.748 -0.982 -0.930 
-0.930 -0.982 -0.748 -0.410 -0.161 0.000 -0.125 -0.344 -0.674 -0.951 -0.968 
-0.879 -0.998 -0.817 -0.482 -0.204 0.000 0.000 -0.284 -0.598 -0.907 -0.992 
-0.818 -0.998 -0.878 -0.557 -0.254 0.000 0.000 -0.230 -0.522 -0.851 -1.000 
-0.749 -0.983 -0.929 -0.633 -0.310 -0.108 0.000 -0.184 -0.449 -0.787 -0.993 
-0.676 -0.952 -0.967 -0.708 -0.374 -0.141 0.000 -0.144 -0.380 -0.715 -0.970 
-0.600 -0.908 -0.991 -0.780 -0.442 -0.180 0.000 -0.111 -0.316 -0.640 -0.933 
-0.524 -0.853 -1.000 -0.846 -0.516 -0.226 0.000 0.000 -0.259 -0.564 -0.883 
-0.450 -0.788 -0.993 -0.903 -0.591 -0.279 0.000 0.000 -0.208 -0.489 -0.823 
-0.381 -0.716 -0.971 -0.948 -0.668 -0.338 -0.122 0.000 -0.165 -0.417 -0.755 
-0.317 -0.641 -0.934 -0.980 -0.742 -0.404 -0.158 0.000 -0.128 -0.350 -0.681 
-0.260 -0.565 -0.884 -0.997 -0.811 -0.475 -0.200 0.000 0.000 -0.289 -0.605 
-0.209 -0.490 -0.824 -0.999 -0.873 -0.550 -0.249 0.000 0.000 -0.235 -0.529 
-0.166 -0.418 -0.756 -0.985 -0.925 -0.626 -0.305 -0.106 0.000 -0.188 -0.455 
-0.129 -0.351 -0.683 -0.955 -0.964 -0.702 -0.368 -0.138 0.000 -0.147 -0.386 
0.000 -0.290 -0.607 -0.913 -0.990 -0.774 -0.436 -0.176 0.000 -0.114 -0.321 
0.000 -0.236 -0.531 -0.858 -1.000 -0.840 -0.509 -0.221 0.000 0.000 -0.263 
0.000 -0.188 -0.457 -0.794 -0.994 -0.898 -0.584 -0.273 0.000 0.000 -0.212 
0.000 -0.148 -0.387 -0.723 -0.973 -0.944 -0.661 -0.333 -0.119 0.000 -0.168 
0.000 -0.114 -0.322 -0.648 -0.938 -0.978 -0.735 -0.398 -0.154 0.000 -0.131 
0.000 0.000 -0.264 -0.572 -0.889 -0.996 -0.805 -0.469 -0.196 0.000 -0.101 
0.000 0.000 -0.213 -0.497 -0.830 -0.999 -0.868 -0.543 -0.244 0.000 0.000 
0.000 0.000 -0.169 -0.424 -0.762 -0.987 -0.920 -0.619 -0.300 -0.103 0.000 
0.000 0.000 -0.132 -0.357 -0.689 -0.959 -0.961 -0.695 -0.362 -0.134 0.000 
0.000 0.000 -0.101 -0.295 -0.614 -0.917 -0.988 -0.768 -0.430 -0.172 0.000 
0.000 0.000 0.000 -0.240 -0.537 -0.863 -1.000 -0.835 -0.502 -0.217 0.000 
# 1 2 49 11
0.000 -0.216 -0.501 -0.834 -1.000 -0.864 -0.538 -0.241 0.000 0.000 0.000 
0.000 -0.171 -0.427 -0.765 -0.987 -0.918 -0.616 -0.297 -0.102 0.000 0.000 
0.000 -0.133 -0.358 -0.691 -0.959 -0.960 -0.693 -0.360 -0.134 0.000 0.000 
0.000 -0.101 -0.295 -0.614 -0.917 -0.988 -0.767 -0.429 -0.172 0.000 0.000 
0.000 0.000 -0.239 -0.536 -0.862 -1.000 -0.836 -0.503 -0.218 0.000 0.000 
-0.104 0.000 -0.191 -0.460 -0.797 -0.995 -0.895 -0.580 -0.271 0.000 0.000 
-0.136 0.000 -0.149 -0.389 -0.725 -0.974 -0.943 -0.658 -0.331 -0.118 0.000 
-0.175 0.000 -0.115 -0.323 -0.649 -0.938 -0.977 -0.734 -0.397 -0.154 0.000 
-0.221 0.000 0.000 -0.264 -0.571 -0.889 -0.996 -0.806 -0.469 -0.196 0.000 
-0.274 0.000 0.000 -0.212 -0.494 -0.828 -0.999 -0.869 -0.545 -0.246 0.000 
-0.335 -0.120 0.000 -0.167 -0.421 -0.759 -0.985 -0.923 -0.623 -0.303 -0.105 
-0.402 -0.156 0.000 -0.130 -0.352 -0.684 -0.956 -0.964 -0.700 -0.366 -0.137 
-0.474 -0.199 0.000 0.000 -0.290 -0.607 -0.913 -0.990 -0.774 -0.436 -0.176 
-0.550 -0.249 0.000 0.000 -0.235 -0.529 -0.857 -1.000 -0.842 -0.510 -0.222 
-0.628 -0.306 -0.106 0.000 -0.187 -0.454 -0.791 -0.994 -0.900 -0.588 -0.276 
-0.705 -0.370 -0.139 0.000 -0.146 -0.383 -0.719 -0.971 -0.947 -0.665 -0.336 
-0.778 -0.440 -0.179 0.000 -0.112 -0.317 -0.642 -0.934 -0.980 -0.741 -0.404 
-0.845 -0.515 -0.225 0.000 0.000 -0.259 -0.564 -0.883 -0.997 -0.812 -0.476 
-0.903 -0.592 -0.279 0.000 0.000 -0.208 -0.488 -0.822 -0.999 -0.875 -0.552 
-0.949 -0.670 -0.340 -0.123 0.000 -0.163 -0.414 -0.752 -0.983 -0.927 -0.630 
-0.981 -0.746 -0.408 -0.160 0.000 -0.126 -0.346 -0.677 -0.953 -0.967 -0.707 
-0.998 -0.816 -0.481 -0.203 0.000 0.000 -0.285 -0.600 -0.908 -0.991 -0.780 
-0.998 -0.878 -0.557 -0.254 0.000 0.000 -0.230 -0.522 -0.851 -1.000 -0.847 
-0.982 -0.930 -0.635 -0.312 -0.109 0.000 -0.183 -0.447 -0.785 -0.992 -0.905 
-0.950 -0.969 -0.712 -0.377 -0.142 0.000 -0.142 -0.377 -0.712 -0.969 -0.950 
-0.905 -0.992 -0.785 -0.447 -0.183 0.000 -0.109 -0.312 -0.635 -0.930 -0.982 
-0.847 -1.000 -0.851 -0.522 -0.230 0.000 0.000 -0.254 -0.557 -0.878 -0.998 
-0.780 -0.991 -0.908 -0.600 -0.285 0.000 0.000 -0.203 -0.481 -0.816 -0.998 
-0.707 -0.967 -0.953 -0.677 -0.346 -0.126 0.000 -0.160 -0.408 -0.746 -0.981 
-0.630 -0.927 -0.983 -0.752 -0.414 -0.163 0.000 -0.123 -0.340 -0.670 -0.949 
-0.552 -0.875 -0.999 -0.822 -0.488 -0.208 0.000 0.000 -0.279 -0.592 -0.903 
-0.476 -0.812 -0.997 -0.883 -0.564 -0.259 0.000 0.000 -0.225 -0.515 -0.845 
-0.404 -0.741 -0.980 -0.934 -0.642 -0.317 -0.112 0.000 -0.179 -0.440 -0.778 
-0.336 -0.665 -0.947 -0.971 -0.719 -0.383 -0.146 0.000 -0.139 -0.370 -0.705 
-0.276 -0.588 -0.900 -0.994 -0.791 -0.454 -0.187 0.000 -0.106 -0.306 -0.628 
-0.222 -0.510 -0.842 -1.000 -0.857 -0.529 -0.235 0.000 0.000 -0.249 -0.550 
-0.176 -0.436 -0.774 -0.990 -0.913 -0.607 -0.290 0.000 0.000 -0.199 -0.474 
-0.137 -0.366 -0.700 -0.964 -0.956 -0.684 -0.352 -0.130 0.000 -0.156 -0.402 
-0.105 -0.303 -0.623 -0.923 -0.985 -0.759 -0.421 -0.167 0.000 -0.120 -0.335 
0.000 -0.246 -0.545 -0.869 -0.999 -0.828 -0.494 -0.212 0.000 0.000 -0.274 
0.000 -0.196 -0.469 -0.806 -0.996 -0.889 -0.571 -0.264 0.000 0.000 -0.221 
0.000 -0.154 -0.397 -0.734 -0.977 -0.938 -0.649 -0.323 -0.115 0.000 -0.175 
0.000 -0.118 -0.331 -0.658 -0.943 -0.974 -0.725 -0.389 -0.149 0.000 -0.136 
0.000 0.000 -0.271 -0.580 -0.895 -0.995 -0.797 -0.460 -0.191 0.000 -0.104 
0.000 0.000 -0.218 -0.503 -0.836 -1.000 -0.862 -0.536 -0.239 0.000 0.000 
0.000 0.000 -0.172 -0.429 -0.767 -0.988 -0.917 -0.614 -0.295 -0.101 0.000 
0.000 0.000 -0.134 -0.360 -0.693 -0.960 -0.959 -0.691 -0.358 -0.133 0.000 
0.000 0.000 -0.102 -0.297 -0.616 -0.918 -0.987 -0.765 -0.427 -0.171 0.000 
0.000 0.000 0.000 -0.241 -0.538 -0.864 -1.000 -0.834 -0.501 -0.216 0.000 
# 1 3 25 11
0.000 -0.193 -0.465 -0.802 -0.996 -0.891 -0.575 -0.266 0.000 0.000 0.000 
0.000 -0.117 -0.329 -0.657 -0.942 -0.974 -0.726 -0.390 -0.149 0.000 0.000 
0.000 0.000 -0.218 -0.505 -0.837 -1.000 -0.861 -0.534 -0.237 0.000 0.000 
-0.148 0.000 -0.135 -0.364 -0.698 -0.963 -0.957 -0.686 -0.353 -0.130 0.000 
-0.237 0.000 0.000 -0.246 -0.546 -0.870 -0.999 -0.827 -0.493 -0.211 0.000 
-0.352 -0.129 0.000 -0.155 -0.401 -0.738 -0.979 -0.936 -0.645 -0.319 -0.112 
-0.492 -0.210 0.000 0.000 -0.275 -0.588 -0.900 -0.994 -0.791 -0.453 -0.186 
-0.643 -0.318 -0.112 0.000 -0.177 -0.439 -0.777 -0.990 -0.910 -0.603 -0.287 
-0.789 -0.452 -0.185 0.000 -0.106 -0.307 -0.629 -0.927 -0.984 -0.753 -0.414 
-0.909 -0.601 -0.286 0.000 0.000 -0.201 -0.478 -0.814 -0.998 -0.882 -0.561 
-0.983 -0.751 -0.413 -0.162 0.000 -0.123 -0.341 -0.671 -0.950 -0.969 -0.713 
-0.998 -0.881 -0.560 -0.256 0.000 0.000 -0.227 -0.519 -0.849 -1.000 -0.850 
-0.950 -0.969 -0.712 -0.376 -0.142 0.000 -0.142 -0.376 -0.712 -0.969 -0.950 
-0.850 -1.000 -0.849 -0.519 -0.227 0.000 0.000 -0.256 -0.560 -0.881 -0.998 
-0.713 -0.969 -0.950 -0.671 -0.341 -0.123 0.000 -0.162 -0.413 -0.751 -0.983 
-0.561 -0.882 -0.998 -0.814 -0.478 -0.201 0.000 0.000 -0.286 -0.601 -0.909 
-0.414 -0.753 -0.984 -0.927 -0.629 -0.307 -0.106 0.000 -0.185 -0.452 -0.789 
-0.287 -0.603 -0.910 -0.990 -0.777 -0.439 -0.177 0.000 -0.112 -0.318 -0.643 
-0.186 -0.453 -0.791 -0.994 -0.900 -0.588 -0.275 0.000 0.000 -0.210 -0.492 
-0.112 -0.319 -0.645 -0.936 -0.979 -0.738 -0.401 -0.155 0.000 -0.129 -0.352 
0.000 -0.211 -0.493 -0.827 -0.999 -0.870 -0.546 -0.246 0.000 0.000 -0.237 
0.000 -0.130 -0.353 -0.686 -0.957 -0.963 -0.698 -0.364 -0.135 0.000 -0.148 
0.000 0.000 -0.237 -0.534 -0.861 -1.000 -0.837 -0.505 -0.218 0.000 0.000 
0.000 0.000 -0.149 -0.390 -0.726 -0.974 -0.942 -0.657 -0.329 -0.117 0.000 
0.000 0.000 0.000 -0.266 -0.575 -0.891 -0.996 -0.802 -0.465 -0.193 0.000 
# 2 0 50 49
0.000 0.000 0.000 0.000 0.000 0.000 0.000 0.000 0.000 0.000 -0.535 -0.810 0.000 0.000 0.000 0.000 0.000 0.000 0.000 0.000 0.000 0.000 0.000 0.000 0.000 0.000 0.000 0.000 0.000 0.000 0.000 0.000 0.000 0.000 0.000 0.000 0.000 0.000 0.000 0.000 0.000 0.000 0.000 0.000 0.000 0.000 0.000 0.000 0.000 
0.000 0.000 0.000 0.000 0.000 0.000 0.000 0.000 0.000 0.000 0.000 -0.556 -0.791 0.000 0.000 0.000 0.000 0.000 0.000 0.000 0.000 0.000 0.000 0.000 0.000 0.000 0.000 0.000 0.000 0.000 0.000 0.000 0.000 0.000 0.000 0.000 0.000 0.000 0.000 0.000 0.000 0.000 0.000 0.000 0.000 0.000 0.000 0.000 0.000 
0.000 0.000 0.000 0.000 0.000 0.000 0.000 0.000 0.000 0.000 0.000 0.000 -0.577 -0.772 0.000 0.000 0.000 0.000 0.000 0.000 0.000 0.000 0.000 0.000 0.000 0.000 0.000 0.000 0.000 0.000 0.000 0.000 0.000 0.000 0.000 0.000 0.000 0.000 0.000 0.000 0.000 0.000 0.000 0.000 0.000 0.000 0.000 0.000 0.000 
0.000 0.000 0.000 0.000 0.000 0.000 0.000 0.000 0.000 0.000 0.000 0.000 0.000 -0.599 -0.752 0.000 0.000 0.000 0.000 0.000 0.000 0.000 0.000 0.000 0.000 0.000 0.000 0.000 0.000 0.000 0.000 0.000 0.000 0.000 0.000 0.000 0.000 0.000 0.000 0.000 0.000 0.000 0.000 0.000 0.000 0.000 0.000 0.000 0.000 
0.000 0.000 0.000 0.000 0.000 0.000 0.000 0.000 0.000 0.000 0.000 0.000 0.000 0.000 -0.620 -0.731 0.000 0.000 0.000 0.000 0.000 0.000 0.000 0.000 0.000 0.000 0.000 0.000 0.000 0.000 0.000 0.000 0.000 0.000 0.000 0.000 0.000 0.000 0.000 0.000 0.000 0.000 0.000 0.000 0.000 0.000 0.000 0.000 0.000 
0.000 0.000 0.000 0.000 0.000 0.000 0.000 0.000 0.000 0.000 0.000 0.000 0.000 0.000 0.000 -0.642 -0.711 0.000 0.000 0.000 0.000 0.000 0.000 0.000 0.000 0.000 0.000 0.000 0.000 0.000 0.000 0.000 0.000 0.000 0.000 0.000 0.000 0.000 0.000 0.000 0.000 0.000 0.000 0.000 0.000 0.000 0.000 0.000 0.000 
0.000 0.000 0.000 0.000 0.000 0.000 0.000 0.000 0.000 0.000 0.000 0.000 0.000 0.000 0.000 0.000 -0.663 -0.690 0.000 0.000 0.000 0.000 0.000 0.000 0.000 0.000 0.000 0.000 0.000 0.000 0.000 0.000 0.000 0.000 0.000 0.000 0.000 0.000 0.000 0.000 0.000 0.000 0.000 0.000 0.000 0.000 0.000 0.000 0.000 
0.000 0.000 0.000 0.000 0.000 0.000 0.000 0.000 0.000 0.000 0.000 0.000 0.000 0.000 0.000 0.000 0.000 -0.684 -0.669 0.000 0.000 0.000 0.000 0.000 0.000 0.000 0.000 0.000 0.000 0.000 0.000 0.000 0.000 0.000 0.000 0.000 0.000 0.000 0.000 0.000 0.000 0.000 0.000 0.000 0.000 0.000 0.000 0.000 0.000 
0.000 0.000 0.000 0.000 0.000 0.000 0.000 0.000 0.000 0.000 0.000 0.000 0.000 0.000 0.000 0.000 0.000 0.000 -0.705 -0.647 0.000 0.000 0.000 0.000 0.000 0.000 0.000 0.000 0.000 0.000 0.000 0.000 0.000 0.000 0.000 0.000 0.000 0.000 0.000 0.000 0.000 0.000 0.000 0.000 0.000 0.000 0.000 0.000 0.000 
0.000 0.000 0.000 0.000 0.000 0.000 0.000 0.000 0.000 0.000 0.000 0.000 0.000 0.000 0.000 0.000 0.000 0.000 0.000 -0.726 -0.626 0.000 0.000 0.000 0.000 0.000 0.000 0.000 0.000 0.000 0.000 0.000 0.000 0.000 0.000 0.000 0.000 0.000 0.000 0.000 0.000 0.000 0.000 0.000 0.000 0.000 0.000 0.000 0.000 
-0.321 0.000 0.000 0.000 0.000 0.000 0.000 0.000 0.000 0.000 0.000 0.000 0.000 0.000 0.000 0.000 0.000 0.000 0.000 0.000 -0.746 -0.605 0.000 0.000 0.000 0.000 0.000 0.000 0.000 0.000 0.000 0.000 0.000 0.000 0.000 0.000 0.000 0.000 0.000 0.000 0.000 0.000 0.000 0.000 0.000 0.000 0.000 0.000 0.000 
-0.975 -0.304 0.000 0.000 0.000 0.000 0.000 0.000 0.000 0.000 0.000 0.000 0.000 0.000 0.000 0.000 0.000 0.000 0.000 0.000 0.000 -0.766 -0.583 0.000 0.000 0.000 0.000 0.000 0.000 0.000 0.000 0.000 0.000 0.000 0.000 0.000 0.000 0.000 0.000 0.000 0.000 0.000 0.000 0.000 0.000 0.000 0.000 0.000 0.000 
-0.147 -0.982 -0.288 0.000 0.000 0.000 0.000 0.000 0.000 0.000 0.000 0.000 0.000 0.000 0.000 0.000 0.000 0.000 0.000 0.000 0.000 0.000 -0.786 -0.562 0.000 0.000 0.000 0.000 0.000 0.000 0.000 0.000 0.000 0.000 0.000 0.000 0.000 0.000 0.000 0.000 0.000 0.000 0.000 0.000 0.000 0.000 0.000 0.000 0.000 
0.000 -0.157 -0.988 -0.272 0.000 0.000 0.000 0.000 0.000 0.000 0.000 0.000 0.000 0.000 0.000 0.000 0.000 0.000 0.000 0.000 0.000 0.000 0.000 -0.805 -0.541 0.000 0.000 0.000 0.000 0.000 0.000 0.000 0.000 0.000 0.000 0.000 0.000 0.000 0.000 0.000 0.000 0.000 0.000 0.000 0.000 0.000 0.000 0.000 0.000 
0.000 0.000 -0.168 -0.993 -0.257 0.000 0.000 0.000 0.000 0.000 0.000 0.000 0.000 0.000 0.000 0.000 0.000 0.000 0.000 0.000 0.000 0.000 0.000 0.000 -0.823 -0.519 0.000 0.000 0.000 0.000 0.000 0.000 0.000 0.000 0.000 0.000 0.000 0.000 0.000 0.000 0.000 0.000 0.000 0.000 0.000 0.000 0.000 0.000 0.000 
0.000 0.000 0.000 -0.180 -0.997 -0.242 0.000 0.000 0.000 0.000 0.000 0.000 0.000 0.000 0.000 0.000 0.000 0.000 0.000 0.000 0.000 0.000 0.000 0.000 0.000 -0.841 -0.498 0.000 0.000 0.000 0.000 0.000 0.000 0.000 0.000 0.000 0.000 0.000 0.000 0.000 0.000 0.000 0.000 0.000 0.000 0.000 0.000 0.000 0.000 
0.000 0.000 0.000 0.000 -0.192 -0.999 -0.228 0.000 0.000 0.000 0.000 0.000 0.000 0.000 0.000 0.000 0.000 0.000 0.000 0.000 0.000 0.000 0.000 0.000 0.000 0.000 -0.858 -0.478 0.000 0.000 0.000 0.000 0.000 0.000 0.000 0.000 0.000 0.000 0.000 0.000 0.000 0.000 0.000 0.000 0.000 0.000 0.000 0.000 0.000 
0.000 0.000 0.000 0.000 0.000 -0.205 -1.000 -0.214 0.000 0.000 0.000 0.000 0.000 0.000 0.000 0.000 0.000 0.000 0.000 0.000 0.000 0.000 0.000 0.000 0.000 0.000 0.000 -0.875 -0.457 0.000 0.000 0.000 0.000 0.000 0.000 0.000 0.000 0.000 0.000 0.000 0.000 0.000 0.000 0.000 0.000 0.000 0.000 0.000 0.000 
0.000 0.000 0.000 0.000 0.000 0.000 -0.218 -1.000 -0.201 0.000 0.000 0.000 0.000 0.000 0.000 0.000 0.000 0.000 0.000 0.000 0.000 0.000 0.000 0.000 0.000 0.000 0.000 0.000 -0.890 -0.437 0.000 0.000 0.000 0.000 0.000 0.000 0.000 0.000 0.000 0.000 0.000 0.000 0.000 0.000 0.000 0.000 0.000 0.000 0.000 
0.000 0.000 0.000 0.000 0.000 0.000 0.000 -0.232 -0.998 -0.189 0.000 0.000 0.000 0.000 0.000 0.000 0.000 0.000 0.000 0.000 0.000 0.000 0.000 0.000 0.000 0.000 0.000 0.000 0.000 -0.905 -0.418 0.000 0.000 0.000 0.000 0.000 0.000 0.000 0.000 0.000 0.000 0.000 0.000 0.000 0.000 0.000 0.000 0.000 0.000 
0.000 0.000 0.000 0.000 0.000 0.000 0.000 0.000 -0.246 -0.996 -0.177 0.000 0.000 0.000 0.000 0.000 0.000 0.000 0.000 0.000 0.000 0.000 0.000 0.000 0.000 0.000 0.000 0.000 0.000 0.000 -0.919 -0.398 0.000 0.000 0.000 0.000 0.000 0.000 0.000 0.000 0.000 0.000 0.000 0.000 0.000 0.000 0.000 0.000 0.000 
0.000 0.000 0.000 0.000 0.000 0.000 0.000 0.000 0.000 -0.261 -0.992 -0.165 0.000 0.000 0.000 0.000 0.000 0.000 0.000 0.000 0.000 0.000 0.000 0.000 0.000 0.000 0.000 0.000 0.000 0.000 -0.100 -0.932 -0.379 0.000 0.000 0.000 0.000 0.000 0.000 0.000 0.000 0.000 0.000 0.000 0.000 0.000 0.000 0.000 0.000 
0.000 0.000 0.000 0.000 0.000 0.000 0.000 0.000 0.000 0.000 -0.276 -0.987 -0.155 0.000 0.000 0.000 0.000 0.000 0.000 0.000 0.000 0.000 0.000 0.000 0.000 0.000 0.000 0.000 0.000 0.000 0.000 -0.108 -0.944 -0.361 0.000 0.000 0.000 0.000 0.000 0.000 0.000 0.000 0.000 0.000 0.000 0.000 0.000 0.000 0.000 
0.000 0.000 0.000 0.000 0.000 0.000 0.000 0.000 0.000 0.000 0.000 -0.292 -0.980 -0.144 0.000 0.000 0.000 0.000 0.000 0.000 0.000 0.000 0.000 0.000 0.000 0.000 0.000 0.000 0.000 0.000 0.000 0.000 -0.116 -0.955 -0.343 0.000 0.000 0.000 0.000 0.000 0.000 0.000 0.000 0.000 0.000 0.000 0.000 0.000 0.000 
0.000 0.000 0.000 0.000 0.000 0.000 0.000 0.000 0.000 0.000 0.000 0.000 -0.308 -0.973 -0.135 0.000 0.000 0.000 0.000 0.000 0.000 0.000 0.000 0.000 0.000 0.000 0.000 0.000 0.000 0.000 0.000 0.000 0.000 -0.125 -0.964 -0.325 0.000 0.000 0.000 0.000 0.000 0.000 0.000 0.000 0.000 0.000 0.000 0.000 0.000 
0.000 0.000 0.000 0.000 0.000 0.000 0.000 0.000 0.000 0.000 0.000 0.000 0.000 -0.325 -0.964 -0.125 0.000 0.000 0.000 0.000 0.000 0.000 0.000 0.000 0.000 0.000 0.000 0.000 0.000 0.000 0.000 0.000 0.000 0.000 -0.135 -0.973 -0.308 0.000 0.000 0.000 0.000 0.000 0.000 0.000 0.000 0.000 0.000 0.000 0.000 
0.000 0.000 0.000 0.000 0.000 0.000 0.000 0.000 0.000 0.000 0.000 0.000 0.000 0.000 -0.343 -0.955 -0.116 0.000 0.000 0.000 0.000 0.000 0.000 0.000 0.000 0.000 0.000 0.000 0.000 0.000 0.000 0.000 0.000 0.000 0.000 -0.144 -0.980 -0.292 0.000 0.000 0.000 0.000 0.000 0.000 0.000 0.000 0.000 0.000 0.000 
0.000 0.000 0.000 0.000 0.000 0.000 0.000 0.000 0.000 0.000 0.000 0.000 0.000 0.000 0.000 -0.361 -0.944 -0.108 0.000 0.000 0.000 0.000 0.000 0.000 0.000 0.000 0.000 0.000 0.000 0.000 0.000 0.000 0.000 0.000 0.000 0.000 -0.155 -0.987 -0.276 0.000 0.000 0.000 0.000 0.000 0.000 0.000 0.000 0.000 0.000 
0.000 0.000 0.000 0.000 0.000 0.000 0.000 0.000 0.000 0.000 0.000 0.000 0.000 0.000 0.000 0.000 -0.379 -0.932 -0.100 0.000 0.000 0.000 0.000 0.000 0.000 0.000 0.000 0.000 0.000 0.000 0.000 0.000 0.000 0.000 0.000 0.000 0.000 -0.165 -0.992 -0.261 0.000 0.000 0.000 0.000 0.000 0.000 0.000 0.000 0.000 
0.000 0.000 0.000 0.000 0.000 0.000 0.000 0.000 0.000 0.000 0.000 0.000 0.000 0.000 0.000 0.000 0.000 -0.398 -0.919 0.000 0.000 0.000 0.000 0.000 0.000 0.000 0.000 0.000 0.000 0.000 0.000 0.000 0.000 0.000 0.000 0.000 0.000 0.000 -0.177 -0.996 -0.246 0.000 0.000 0.000 0.000 0.000 0.000 0.000 0.000 
0.000 0.000 0.000 0.000 0.000 0.000 0.000 0.000 0.000 0.000 0.000 0.000 0.000 0.000 0.000 0.000 0.000 0.000 -0.418 -0.905 0.000 0.000 0.000 0.000 0.000 0.000 0.000 0.000 0.000 0.000 0.000 0.000 0.000 0.000 0.000 0.000 0.000 0.000 0.000 -0.189 -0.998 -0.232 0.000 0.000 0.000 0.000 0.000 0.000 0.000 
0.000 0.000 0.000 0.000 0.000 0.000 0.000 0.000 0.000 0.000 0.000 0.000 0.000 0.000 0.000 0.000 0.000 0.000 0.000 -0.437 -0.890 0.000 0.000 0.000 0.000 0.000 0.000 0.000 0.000 0.000 0.000 0.000 0.000 0.000 0.000 0.000 0.000 0.000 0.000 0.000 -0.201 -1.000 -0.218 0.000 0.000 0.000 0.000 0.000 0.000 
0.000 0.000 0.000 0.000 0.000 0.000 0.000 0.000 0.000 0.000 0.000 0.000 0.000 0.000 0.000 0.000 0.000 0.000 0.000 0.000 -0.457 -0.875 0.000 0.000 0.000 0.000 0.000 0.000 0.000 0.000 0.000 0.000 0.000 0.000 0.000 0.000 0.000 0.000 0.000 0.000 0.000 -0.214 -1.000 -0.205 0.000 0.000 0.000 0.000 0.000 
0.000 0.000 0.000 0.000 0.000 0.000 0.000 0.000 0.000 0.000 0.000 0.000 0.000 0.000 0.000 0.000 0.000 0.000 0.000 0.000 0.000 -0.478 -0.858 0.000 0.000 0.000 0.000 0.000 0.000 0.000 0.000 0.000 0.000 0.000 0.000 0.000 0.000 0.000 0.000 0.000 0.000 0.000 -0.228 -0.999 -0.192 0.000 0.000 0.000 0.000 
0.000 0.000 0.000 0.000 0.000 0.000 0.000 0.000 0.000 0.000 0.000 0.000 0.000 0.000 0.000 0.000 0.000 0.000 0.000 0.000 0.000 0.000 -0.498 -0.841 0.000 0.000 0.000 0.000 0.000 0.000 0.000 0.000 0.000 0.000 0.000 0.000 0.000 0.000 0.000 0.000 0.000 0.000 0.000 -0.242 -0.997 -0.180 0.000 0.000 0.000 
0.000 0.000 0.000 0.000 0.000 0.000 0.000 0.000 0.000 0.000 0.000 0.000 0.000 0.000 0.000 0.000 0.000 0.000 0.000 0.000 0.000 0.000 0.000 -0.519 -0.823 0.000 0.000 0.000 0.000 0.000 0.000 0.000 0.000 0.000 0.000 0.000 0.000 0.000 0.000 0.000 0.000 0.000 0.000 0.000 -0.257 -0.993 -0.168 0.000 0.000 
0.000 0.000 0.000 0.000 0.000 0.000 0.000 0.000 0.000 0.000 0.000 0.000 0.000 0.000 0.000 0.000 0.000 0.000 0.000 0.000 0.000 0.000 0.000 0.000 -0.541 -0.805 0.000 0.000 0.000 0.000 0.000 0.000 0.000 0.000 0.000 0.000 0.000 0.000 0.000 0.000 0.000 0.000 0.000 0.000 0.000 -0.272 -0.988 -0.157 0.000 
0.000 0.000 0.000 0.000 0.000 0.000 0.000 0.000 0.000 0.000 0.000 0.000 0.000 0.000 0.000 0.000 0.000 0.000 0.000 0.000 0.000 0.000 0.000 0.000 0.000 -0.562 -0.786 0.000 0.000 0.000 0.000 0.000 0.000 0.000 0.000 0.000 0.000 0.000 0.000 0.000 0.000 0.000 0.000 0.000 0.000 0.000 -0.288 -0.982 -0.147 
0.000 0.000 0.000 0.000 0.000 0.000 0.000 0.000 0.000 0.000 0.000 0.000 0.000 0.000 0.000 0.000 0.000 0.000 0.000 0.000 0.000 0.000 0.000 0.000 0.000 0.000 -0.583 -0.766 0.000 0.000 0.000 0.000 0.000 0.000 0.000 0.000 0.000 0.000 0.000 0.000 0.000 0.000 0.000 0.000 0.000 0.000 0.000 -0.304 -0.975 
0.000 0.000 0.000 0.000 0.000 0.000 0.000 0.000 0.000 0.000 0.000 0.000 0.000 0.000 0.000 0.000 0.000 0.000 0.000 0.000 0.000 0.000 0.000 0.000 0.000 0.000 0.000 -0.605 -0.746 0.000 0.000 0.000 0.000 0.000 0.000 0.000 0.000 0.000 0.000 0.000 0.000 0.000 0.000 0.000 0.000 0.000 0.000 0.000 -0.321 
0.000 0.000 0.000 0.000 0.000 0.000 0.000 0.000 0.000 0.000 0.000 0.000 0.000 0.000 0.000 0.000 0.000 0.000 0.000 0.000 0.000 0.000 0.000 0.000 0.000 0.000 0.000 0.000 -0.626 -0.726 0.000 0.000 0.000 0.000 0.000 0.000 0.000 0.000 0.000 0.000 0.000 0.000 0.000 0.000 0.000 0.000 0.000 0.000 0.000 
0.000 0.000 0.000 0.000 0.000 0.000 0.000 0.000 0.000 0.000 0.000 0.000 0.000 0.000 0.000 0.000 0.000 0.000 0.000 0.000 0.000 0.000 0.000 0.000 0.000 0.000 0.000 0.000 0.000 -0.647 -0.705 0.000 0.000 0.000 0.000 0.000 0.000 0.000 0.000 0.000 0.000 0.000 0.000 0.000 0.000 0.000 0.000 0.000 0.000 
0.000 0.000 0.000 0.000 0.000 0.000 0.000 0.000 0.000 0.000 0.000 0.000 0.000 0.000 0.000 0.000 0.000 0.000 0.000 0.000 0.000 0.000 0.000 0.000 0.000 0.000 0.000 0.000 0.000 0.000 -0.669 -0.684 0.000 0.000 0.000 0.000 0.000 0.000 0.000 0.000 0.000 0.000 0.000 0.000 0.000 0.000 0.000 0.000 0.000 
0.000 0.000 0.000 0.000 0.000 0.000 0.000 0.000 0.000 0.000 0.000 0.000 0.000 0.000 0.000 0.000 0.000 0.000 0.000 0.000 0.000 0.000 0.000 0.000 0.000 0.000 0.000 0.000 0.000 0.000 0.000 -0.690 -0.663 0.000 0.000 0.000 0.000 0.000 0.000 0.000 0.000 0.000 0.000 0.000 0.000 0.000 0.000 0.000 0.000 
0.000 0.000 0.000 0.000 0.000 0.000 0.000 0.000 0.000 0.000 0.000 0.000 0.000 0.000 0.000 0.000 0.000 0.000 0.000 0.000 0.000 0.000 0.000 0.000 0.000 0.000 0.000 0.000 0.000 0.000 0.000 0.000 -0.711 -0.642 0.000 0.000 0.000 0.000 0.000 0.000 0.000 0.000 0.000 0.000 0.000 0.000 0.000 0.000 0.000 
0.000 0.000 0.000 0.000 0.000 0.000 0.000 0.000 0.000 0.000 0.000 0.000 0.000 0.000 0.000 0.000 0.000 0.000 0.000 0.000 0.000 0.000 0.000 0.000 0.000 0.000 0.000 0.000 0.000 0.000 0.000 0.000 0.000 -0.731 -0.620 0.000 0.000 0.000 0.000 0.000 0.000 0.000 0.000 0.000 0.000 0.000 0.000 0.000 0.000 
0.000 0.000 0.000 0.000 0.000 0.000 0.000 0.000 0.000 0.000 0.000 0.000 0.000 0.000 0.000 0.000 0.000 0.000 0.000 0.000 0.000 0.000 0.000 0.000 0.000 0.000 0.000 0.000 0.000 0.000 0.000 0.000 0.000 0.000 -0.752 -0.599 0.000 0.000 0.000 0.000 0.000 0.000 0.000 0.000 0.000 0.000 0.000 0.000 0.000 
0.000 0.000 0.000 0.000 0.000 0.000 0.000 0.000 0.000 0.000 0.000 0.000 0.000 0.000 0.000 0.000 0.000 0.000 0.000 0.000 0.000 0.000 0.000 0.000 0.000 0.000 0.000 0.000 0.000 0.000 0.000 0.000 0.000 0.000 0.000 -0.772 -0.577 0.000 0.000 0.000 0.000 0.000 0.000 0.000 0.000 0.000 0.000 0.000 0.000 
0.000 0.000 0.000 0.000 0.000 0.000 0.000 0.000 0.000 0.000 0.000 0.000 0.000 0.000 0.000 0.000 0.000 0.000 0.000 0.000 0.000 0.000 0.000 0.000 0.000 0.000 0.000 0.000 0.000 0.000 0.000 0.000 0.000 0.000 0.000 0.000 -0.791 -0.556 0.000 0.000 0.000 0.000 0.000 0.000 0.000 0.000 0.000 0.000 0.000 
0.000 0.000 0.000 0.000 0.000 0.000 0.000 0.000 0.000 0.000 0.000 0.000 0.000 0.000 0.000 0.000 0.000 0.000 0.000 0.000 0.000 0.000 0.000 0.000 0.000 0.000 0.000 0.000 0.000 0.000 0.000 0.000 0.000 0.000 0.000 0.000 0.000 -0.810 -0.535 0.000 0.000 0.000 0.000 0.000 0.000 0.000 0.000 0.000 0.000 
# 2 1 11 49
0.000 0.000 0.000 0.000 0.000 0.000 0.000 0.000 0.000 0.000 0.000 0.000 -0.807 -0.538 0.000 0.000 0.000 0.000 0.000 0.000 0.000 0.000 0.000 0.000 0.000 0.000 0.000 0.000 0.000 0.000 0.000 0.000 0.000 0.000 0.000 0.000 0.000 0.000 0.000 0.000 0.000 0.000 0.000 0.000 0.000 0.000 0.000 0.000 0.000 
0.000 0.000 0.000 0.000 0.000 0.000 0.000 0.000 0.000 0.000 0.000 0.000 0.000 0.000 0.000 0.000 -0.345 -0.953 -0.115 0.000 0.000 0.000 0.000 0.000 0.000 0.000 0.000 0.000 0.000 0.000 0.000 0.000 0.000 0.000 0.000 0.000 0.000 0.000 0.000 0.000 0.000 0.000 0.000 0.000 0.000 0.000 0.000 0.000 0.000 
-1.000 -0.205 0.000 0.000 0.000 0.000 0.000 0.000 0.000 0.000 0.000 0.000 0.000 0.000 0.000 0.000 0.000 0.000 0.000 0.000 0.000 -0.885 -0.444 0.000 0.000 0.000 0.000 0.000 0.000 0.000 0.000 0.000 0.000 0.000 0.000 0.000 0.000 0.000 0.000 0.000 0.000 0.000 0.000 0.000 0.000 0.000 0.000 0.000 0.000 
0.000 0.000 0.000 0.000 -0.730 -0.621 0.000 0.000 0.000 0.000 0.000 0.000 0.000 0.000 0.000 0.000 0.000 0.000 0.000 0.000 0.000 0.000 0.000 0.000 0.000 -0.431 -0.895 0.000 0.000 0.000 0.000 0.000 0.000 0.000 0.000 0.000 0.000 0.000 0.000 0.000 0.000 0.000 0.000 0.000 0.000 0.000 0.000 0.000 0.000 
0.000 0.000 0.000 0.000 0.000 0.000 0.000 0.000 -0.280 -0.985 -0.152 0.000 0.000 0.000 0.000 0.000 0.000 0.000 0.000 0.000 0.000 0.000 0.000 0.000 0.000 0.000 0.000 0.000 0.000 -0.110 -0.946 -0.357 0.000 0.000 0.000 0.000 0.000 0.000 0.000 0.000 0.000 0.000 0.000 0.000 0.000 0.000 0.000 0.000 0.000 
0.000 0.000 0.000 0.000 0.000 0.000 0.000 0.000 0.000 0.000 0.000 0.000 0.000 -0.819 -0.524 0.000 0.000 0.000 0.000 0.000 0.000 0.000 0.000 0.000 0.000 0.000 0.000 0.000 0.000 0.000 0.000 0.000 0.000 0.000 -0.524 -0.819 0.000 0.000 0.000 0.000 0.000 0.000 0.000 0.000 0.000 0.000 0.000 0.000 0.000 
0.000 0.000 0.000 0.000 0.000 0.000 0.000 0.000 0.000 0.000 0.000 0.000 0.000 0.000 0.000 0.000 0.000 -0.357 -0.946 -0.110 0.000 0.000 0.000 0.000 0.000 0.000 0.000 0.000 0.000 0.000 0.000 0.000 0.000 0.000 0.000 0.000 0.000 0.000 -0.152 -0.985 -0.280 0.000 0.000 0.000 0.000 0.000 0.000 0.000 0.000 
0.000 0.000 0.000 0.000 0.000 0.000 0.000 0.000 0.000 0.000 0.000 0.000 0.000 0.000 0.000 0.000 0.000 0.000 0.000 0.000 0.000 0.000 -0.895 -0.431 0.000 0.000 0.000 0.000 0.000 0.000 0.000 0.000 0.000 0.000 0.000 0.000 0.000 0.000 0.000 0.000 0.000 0.000 0.000 -0.621 -0.730 0.000 0.000 0.000 0.000 
0.000 0.000 0.000 0.000 0.000 0.000 0.000 0.000 0.000 0.000 0.000 0.000 0.000 0.000 0.000 0.000 0.000 0.000 0.000 0.000 0.000 0.000 0.000 0.000 0.000 0.000 -0.444 -0.885 0.000 0.000 0.000 0.000 0.000 0.000 0.000 0.000 0.000 0.000 0.000 0.000 0.000 0.000 0.000 0.000 0.000 0.000 0.000 -0.205 -1.000 
0.000 0.000 0.000 0.000 0.000 0.000 0.000 0.000 0.000 0.000 0.000 0.000 0.000 0.000 0.000 0.000 0.000 0.000 0.000 0.000 0.000 0.000 0.000 0.000 0.000 0.000 0.000 0.000 0.000 0.000 -0.115 -0.953 -0.345 0.000 0.000 0.000 0.000 0.000 0.000 0.000 0.000 0.000 0.000 0.000 0.000 0.000 0.000 0.000 0.000 
0.000 0.000 0.000 0.000 0.000 0.000 0.000 0.000 0.000 0.000 0.000 0.000 0.000 0.000 0.000 0.000 0.000 0.000 0.000 0.000 0.000 0.000 0.000 0.000 0.000 0.000 0.000 0.000 0.000 0.000 0.000 0.000 0.000 0.000 0.000 -0.538 -0.807 0.000 0.000 0.000 0.000 0.000 0.000 0.000 0.000 0.000 0.000 0.000 0.000 
# 2 3 25 49
0.000 0.000 0.000 0.000 0.000 0.000 0.000 0.000 0.000 0.000 -0.139 -0.977 -0.300 0.000 0.000 0.000 0.000 0.000 0.000 0.000 0.000 0.000 0.000 0.000 0.000 0.000 0.000 0.000 0.000 0.000 0.000 0.000 0.000 0.000 0.000 0.000 0.000 0.000 0.000 0.000 0.000 0.000 0.000 0.000 0.000 0.000 0.000 0.000 0.000 
0.000 0.000 0.000 0.000 0.000 0.000 0.000 0.000 0.000 0.000 0.000 0.000 -0.160 -0.989 -0.268 0.000 0.000 0.000 0.000 0.000 0.000 0.000 0.000 0.000 0.000 0.000 0.000 0.000 0.000 0.000 0.000 0.000 0.000 0.000 0.000 0.000 0.000 0.000 0.000 0.000 0.000 0.000 0.000 0.000 0.000 0.000 0.000 0.000 0.000 
0.000 0.000 0.000 0.000 0.000 0.000 0.000 0.000 0.000 0.000 0.000 0.000 0.000 0.000 -0.183 -0.997 -0.239 0.000 0.000 0.000 0.000 0.000 0.000 0.000 0.000 0.000 0.000 0.000 0.000 0.000 0.000 0.000 0.000 0.000 0.000 0.000 0.000 0.000 0.000 0.000 0.000 0.000 0.000 0.000 0.000 0.000 0.000 0.000 0.000 
0.000 0.000 0.000 0.000 0.000 0.000 0.000 0.000 0.000 0.000 0.000 0.000 0.000 0.000 0.000 0.000 -0.208 -1.000 -0.211 0.000 0.000 0.000 0.000 0.000 0.000 0.000 0.000 0.000 0.000 0.000 0.000 0.000 0.000 0.000 0.000 0.000 0.000 0.000 0.000 0.000 0.000 0.000 0.000 0.000 0.000 0.000 0.000 0.000 0.000 
0.000 0.000 0.000 0.000 0.000 0.000 0.000 0.000 0.000 0.000 0.000 0.000 0.000 0.000 0.000 0.000 0.000 0.000 -0.235 -0.998 -0.186 0.000 0.000 0.000 0.000 0.000 0.000 0.000 0.000 0.000 0.000 0.000 0.000 0.000 0.000 0.000 0.000 0.000 0.000 0.000 0.000 0.000 0.000 0.000 0.000 0.000 0.000 0.000 0.000 
-0.814 0.000 0.000 0.000 0.000 0.000 0.000 0.000 0.000 0.000 0.000 0.000 0.000 0.000 0.000 0.000 0.000 0.000 0.000 0.000 -0.264 -0.991 -0.163 0.000 0.000 0.000 0.000 0.000 0.000 0.000 0.000 0.000 0.000 0.000 0.000 0.000 0.000 0.000 0.000 0.000 0.000 0.000 0.000 0.000 0.000 0.000 0.000 0.000 0.000 
0.000 -0.572 -0.776 0.000 0.000 0.000 0.000 0.000 0.000 0.000 0.000 0.000 0.000 0.000 0.000 0.000 0.000 0.000 0.000 0.000 0.000 0.000 -0.296 -0.979 -0.142 0.000 0.000 0.000 0.000 0.000 0.000 0.000 0.000 0.000 0.000 0.000 0.000 0.000 0.000 0.000 0.000 0.000 0.000 0.000 0.000 0.000 0.000 0.000 0.000 
0.000 0.000 0.000 -0.615 -0.736 0.000 0.000 0.000 0.000 0.000 0.000 0.000 0.000 0.000 0.000 0.000 0.000 0.000 0.000 0.000 0.000 0.000 0.000 0.000 -0.329 -0.962 -0.123 0.000 0.000 0.000 0.000 0.000 0.000 0.000 0.000 0.000 0.000 0.000 0.000 0.000 0.000 0.000 0.000 0.000 0.000 0.000 0.000 0.000 0.000 
0.000 0.000 0.000 0.000 0.000 -0.658 -0.695 0.000 0.000 0.000 0.000 0.000 0.000 0.000 0.000 0.000 0.000 0.000 0.000 0.000 0.000 0.000 0.000 0.000 0.000 0.000 -0.365 -0.941 -0.106 0.000 0.000 0.000 0.000 0.000 0.000 0.000 0.000 0.000 0.000 0.000 0.000 0.000 0.000 0.000 0.000 0.000 0.000 0.000 0.000 
0.000 0.000 0.000 0.000 0.000 0.000 0.000 -0.700 -0.652 0.000 0.000 0.000 0.000 0.000 0.000 0.000 0.000 0.000 0.000 0.000 0.000 0.000 0.000 0.000 0.000 0.000 0.000 0.000 -0.403 -0.916 0.000 0.000 0.000 0.000 0.000 0.000 0.000 0.000 0.000 0.000 0.000 0.000 0.000 0.000 0.000 0.000 0.000 0.000 0.000 
0.000 0.000 0.000 0.000 0.000 0.000 0.000 0.000 0.000 -0.742 -0.610 0.000 0.000 0.000 0.000 0.000 0.000 0.000 0.000 0.000 0.000 0.000 0.000 0.000 0.000 0.000 0.000 0.000 0.000 0.000 -0.442 -0.887 0.000 0.000 0.000 0.000 0.000 0.000 0.000 0.000 0.000 0.000 0.000 0.000 0.000 0.000 0.000 0.000 0.000 
0.000 0.000 0.000 0.000 0.000 0.000 0.000 0.000 0.000 0.000 0.000 -0.781 -0.567 0.000 0.000 0.000 0.000 0.000 0.000 0.000 0.000 0.000 0.000 0.000 0.000 0.000 0.000 0.000 0.000 0.000 0.000 0.000 -0.483 -0.854 0.000 0.000 0.000 0.000 0.000 0.000 0.000 0.000 0.000 0.000 0.000 0.000 0.000 0.000 0.000 
0.000 0.000 0.000 0.000 0.000 0.000 0.000 0.000 0.000 0.000 0.000 0.000 0.000 -0.819 -0.524 0.000 0.000 0.000 0.000 0.000 0.000 0.000 0.000 0.000 0.000 0.000 0.000 0.000 0.000 0.000 0.000 0.000 0.000 0.000 -0.524 -0.819 0.000 0.000 0.000 0.000 0.000 0.000 0.000 0.000 0.000 0.000 0.000 0.000 0.000 
0.000 0.000 0.000 0.000 0.000 0.000 0.000 0.000 0.000 0.000 0.000 0.000 0.000 0.000 0.000 -0.854 -0.483 0.000 0.000 0.000 0.000 0.000 0.000 0.000 0.000 0.000 0.000 0.000 0.000 0.000 0.000 0.000 0.000 0.000 0.000 0.000 -0.567 -0.781 0.000 0.000 0.000 0.000 0.000 0.000 0.000 0.000 0.000 0.000 0.000 
0.000 0.000 0.000 0.000 0.000 0.000 0.000 0.000 0.000 0.000 0.000 0.000 0.000 0.000 0.000 0.000 0.000 -0.887 -0.442 0.000 0.000 0.000 0.000 0.000 0.000 0.000 0.000 0.000 0.000 0.000 0.000 0.000 0.000 0.000 0.000 0.000 0.000 0.000 -0.610 -0.742 0.000 0.000 0.000 0.000 0.000 0.000 0.000 0.000 0.000 
0.000 0.000 0.000 0.000 0.000 0.000 0.000 0.000 0.000 0.000 0.000 0.000 0.000 0.000 0.000 0.000 0.000 0.000 0.000 -0.916 -0.403 0.000 0.000 0.000 0.000 0.000 0.000 0.000 0.000 0.000 0.000 0.000 0.000 0.000 0.000 0.000 0.000 0.000 0.000 0.000 -0.652 -0.700 0.000 0.000 0.000 0.000 0.000 0.000 0.000 
0.000 0.000 0.000 0.000 0.000 0.000 0.000 0.000 0.000 0.000 0.000 0.000 0.000 0.000 0.000 0.000 0.000 0.000 0.000 0.000 -0.106 -0.941 -0.365 0.000 0.000 0.000 0.000 0.000 0.000 0.000 0.000 0.000 0.000 0.000 0.000 0.000 0.000 0.000 0.000 0.000 0.000 0.000 -0.695 -0.658 0.000 0.000 0.000 0.000 0.000 
0.000 0.000 0.000 0.000 0.000 0.000 0.000 0.000 0.000 0.000 0.000 0.000 0.000 0.000 0.000 0.000 0.000 0.000 0.000 0.000 0.000 0.000 -0.123 -0.962 -0.329 0.000 0.000 0.000 0.000 0.000 0.000 0.000 0.000 0.000 0.000 0.000 0.000 0.000 0.000 0.000 0.000 0.000 0.000 0.000 -0.736 -0.615 0.000 0.000 0.000 
0.000 0.000 0.000 0.000 0.000 0.000 0.000 0.000 0.000 0.000 0.000 0.000 0.000 0.000 0.000 0.000 0.000 0.000 0.000 0.000 0.000 0.000 0.000 0.000 -0.142 -0.979 -0.296 0.000 0.000 0.000 0.000 0.000 0.000 0.000 0.000 0.000 0.000 0.000 0.000 0.000 0.000 0.000 0.000 0.000 0.000 0.000 -0.776 -0.572 0.000 
0.000 0.000 0.000 0.000 0.000 0.000 0.000 0.000 0.000 0.000 0.000 0.000 0.000 0.000 0.000 0.000 0.000 0.000 0.000 0.000 0.000 0.000 0.000 0.000 0.000 0.000 -0.163 -0.991 -0.264 0.000 0.000 0.000 0.000 0.000 0.000 0.000 0.000 0.000 0.000 0.000 0.000 0.000 0.000 0.000 0.000 0.000 0.000 0.000 -0.814 
0.000 0.000 0.000 0.000 0.000 0.000 0.000 0.000 0.000 0.000 0.000 0.000 0.000 0.000 0.000 0.000 0.000 0.000 0.000 0.000 0.000 0.000 0.000 0.000 0.000 0.000 0.000 0.000 -0.186 -0.998 -0.235 0.000 0.000 0.000 0.000 0.000 0.000 0.000 0.000 0.000 0.000 0.000 0.000 0.000 0.000 0.000 0.000 0.000 0.000 
0.000 0.000 0.000 0.000 0.000 0.000 0.000 0.000 0.000 0.000 0.000 0.000 0.000 0.000 0.000 0.000 0.000 0.000 0.000 0.000 0.000 0.000 0.000 0.000 0.000 0.000 0.000 0.000 0.000 0.000 -0.211 -1.000 -0.208 0.000 0.000 0.000 0.000 0.000 0.000 0.000 0.000 0.000 0.000 0.000 0.000 0.000 0.000 0.000 0.000 
0.000 0.000 0.000 0.000 0.000 0.000 0.000 0.000 0.000 0.000 0.000 0.000 0.000 0.000 0.000 0.000 0.000 0.000 0.000 0.000 0.000 0.000 0.000 0.000 0.000 0.000 0.000 0.000 0.000 0.000 0.000 0.000 -0.239 -0.997 -0.183 0.000 0.000 0.000 0.000 0.000 0.000 0.000 0.000 0.000 0.000 0.000 0.000 0.000 0.000 
0.000 0.000 0.000 0.000 0.000 0.000 0.000 0.000 0.000 0.000 0.000 0.000 0.000 0.000 0.000 0.000 0.000 0.000 0.000 0.000 0.000 0.000 0.000 0.000 0.000 0.000 0.000 0.000 0.000 0.000 0.000 0.000 0.000 0.000 -0.268 -0.989 -0.160 0.000 0.000 0.000 0.000 0.000 0.000 0.000 0.000 0.000 0.000 0.000 0.000 
0.000 0.000 0.000 0.000 0.000 0.000 0.000 0.000 0.000 0.000 0.000 0.000 0.000 0.000 0.000 0.000 0.000 0.000 0.000 0.000 0.000 0.000 0.000 0.000 0.000 0.000 0.000 0.000 0.000 0.000 0.000 0.000 0.000 0.000 0.000 0.000 -0.300 -0.977 -0.139 0.000 0.000 0.000 0.000 0.000 0.000 0.000 0.000 0.000 0.000 
# 3 0 50 25
0.000 1.000 0.000 0.000 0.000 0.000 0.000 0.000 0.000 0.000 0.000 0.000 0.000 0.000 0.000 0.000 0.000 0.000 0.000 0.000 0.000 0.000 0.000 0.000 0.000 
0.000 0.157 0.279 0.000 0.000 0.000 0.000 0.000 0.000 0.000 0.000 0.000 0.000 0.000 0.000 0.000 0.000 0.000 0.000 0.000 0.000 0.000 0.000 0.000 0.000 
0.157 0.000 1.000 0.000 0.000 0.000 0.000 0.000 0.000 0.000 0.000 0.000 0.000 0.000 0.000 0.000 0.000 0.000 0.000 0.000 0.000 0.000 0.000 0.000 0.000 
1.000 0.000 0.157 0.279 0.000 0.000 0.000 0.000 0.000 0.000 0.000 0.000 0.000 0.000 0.000 0.000 0.000 0.000 0.000 0.000 0.000 0.000 0.000 0.000 0.000 
0.279 0.157 0.000 1.000 0.000 0.000 0.000 0.000 0.000 0.000 0.000 0.000 0.000 0.000 0.000 0.000 0.000 0.000 0.000 0.000 0.000 0.000 0.000 0.000 0.000 
0.000 1.000 0.000 0.157 0.279 0.000 0.000 0.000 0.000 0.000 0.000 0.000 0.000 0.000 0.000 0.000 0.000 0.000 0.000 0.000 0.000 0.000 0.000 0.000 0.000 
0.000 0.279 0.157 0.000 1.000 0.000 0.000 0.000 0.000 0.000 0.000 0.000 0.000 0.000 0.000 0.000 0.000 0.000 0.000 0.000 0.000 0.000 0.000 0.000 0.000 
0.000 0.000 1.000 0.000 0.157 0.279 0.000 0.000 0.000 0.000 0.000 0.000 0.000 0.000 0.000 0.000 0.000 0.000 0.000 0.000 0.000 0.000 0.000 0.000 0.000 
0.000 0.000 0.279 0.157 0.000 1.000 0.000 0.000 0.000 0.000 0.000 0.000 0.000 0.000 0.000 0.000 0.000 0.000 0.000 0.000 0.000 0.000 0.000 0.000 0.000 
0.000 0.000 0.000 1.000 0.000 0.157 0.279 0.000 0.000 0.000 0.000 0.000 0.000 0.000 0.000 0.000 0.000 0.000 0.000 0.000 0.000 0.000 0.000 0.000 0.000 
0.000 0.000 0.000 0.279 0.157 0.000 1.000 0.000 0.000 0.000 0.000 0.000 0.000 0.000 0.000 0.000 0.000 0.000 0.000 0.000 0.000 0.000 0.000 0.000 0.000 
0.000 0.000 0.000 0.000 1.000 0.000 0.157 0.279 0.000 0.000 0.000 0.000 0.000 0.000 0.000 0.000 0.000 0.000 0.000 0.000 0.000 0.000 0.000 0.000 0.000 
0.000 0.000 0.000 0.000 0.279 0.157 0.000 1.000 0.000 0.000 0.000 0.000 0.000 0.000 0.000 0.000 0.000 0.000 0.000 0.000 0.000 0.000 0.000 0.000 0.000 
0.000 0.000 0.000 0.000 0.000 1.000 0.000 0.157 0.279 0.000 0.000 0.000 0.000 0.000 0.000 0.000 0.000 0.000 0.000 0.000 0.000 0.000 0.000 0.000 0.000 
0.000 0.000 0.000 0.000 0.000 0.279 0.157 0.000 1.000 0.000 0.000 0.000 0.000 0.000 0.000 0.000 0.000 0.000 0.000 0.000 0.000 0.000 0.000 0.000 0.000 
0.000 0.000 0.000 0.000 0.000 0.000 1.000 0.000 0.157 0.279 0.000 0.000 0.000 0.000 0.000 0.000 0.000 0.000 0.000 0.000 0.000 0.000 0.000 0.000 0.000 
0.000 0.000 0.000 0.000 0.000 0.000 0.279 0.157 0.000 1.000 0.000 0.000 0.000 0.000 0.000 0.000 0.000 0.000 0.000 0.000 0.000 0.000 0.000 0.000 0.000 
0.000 0.000 0.000 0.000 0.000 0.000 0.000 1.000 0.000 0.157 0.279 0.000 0.000 0.000 0.000 0.000 0.000 0.000 0.000 0.000 0.000 0.000 0.000 0.000 0.000 
0.000 0.000 0.000 0.000 0.000 0.000 0.000 0.279 0.157 0.000 1.000 0.000 0.000 0.000 0.000 0.000 0.000 0.000 0.000 0.000 0.000 0.000 0.000 0.000 0.000 
0.000 0.000 0.000 0.000 0.000 0.000 0.000 0.000 1.000 0.000 0.157 0.279 0.000 0.000 0.000 0.000 0.000 0.000 0.000 0.000 0.000 0.000 0.000 0.000 0.000 
0.000 0.000 0.000 0.000 0.000 0.000 0.000 0.000 0.279 0.157 0.000 1.000 0.000 0.000 0.000 0.000 0.000 0.000 0.000 0.000 0.000 0.000 0.000 0.000 0.000 
0.000 0.000 0.000 0.000 0.000 0.000 0.000 0.000 0.000 1.000 0.000 0.157 0.279 0.000 0.000 0.000 0.000 0.000 0.000 0.000 0.000 0.000 0.000 0.000 0.000 
0.000 0.000 0.000 0.000 0.000 0.000 0.000 0.000 0.000 0.279 0.157 0.000 1.000 0.000 0.000 0.000 0.000 0.000 0.000 0.000 0.000 0.000 0.000 0.000 0.000 
0.000 0.000 0.000 0.000 0.000 0.000 0.000 0.000 0.000 0.000 1.000 0.000 0.157 0.279 0.000 0.000 0.000 0.000 0.000 0.000 0.000 0.000 0.000 0.000 0.000 
0.000 0.000 0.000 0.000 0.000 0.000 0.000 0.000 0.000 0.000 0.279 0.157 0.000 1.000 0.000 0.000 0.000 0.000 0.000 0.000 0.000 0.000 0.000 0.000 0.000 
0.000 0.000 0.000 0.000 0.000 0.000 0.000 0.000 0.000 0.000 0.000 1.000 0.000 0.157 0.279 0.000 0.000 0.000 0.000 0.000 0.000 0.000 0.000 0.000 0.000 
0.000 0.000 0.000 0.000 0.000 0.000 0.000 0.000 0.000 0.000 0.000 0.279 0.157 0.000 1.000 0.000 0.000 0.000 0.000 0.000 0.000 0.000 0.000 0.000 0.000 
0.000 0.000 0.000 0.000 0.000 0.000 0.000 0.000 0.000 0.000 0.000 0.000 1.000 0.000 0.157 0.279 0.000 0.000 0.000 0.000 0.000 0.000 0.000 0.000 0.000 
0.000 0.000 0.000 0.000 0.000 0.000 0.000 0.000 0.000 0.000 0.000 0.000 0.279 0.157 0.000 1.000 0.000 0.000 0.000 0.000 0.000 0.000 0.000 0.000 0.000 
0.000 0.000 0.000 0.000 0.000 0.000 0.000 0.000 0.000 0.000 0.000 0.000 0.000 1.000 0.000 0.157 0.279 0.000 0.000 0.000 0.000 0.000 0.000 0.000 0.000 
0.000 0.000 0.000 0.000 0.000 0.000 0.000 0.000 0.000 0.000 0.000 0.000 0.000 0.279 0.157 0.000 1.000 0.000 0.000 0.000 0.000 0.000 0.000 0.000 0.000 
0.000 0.000 0.000 0.000 0.000 0.000 0.000 0.000 0.000 0.000 0.000 0.000 0.000 0.000 1.000 0.000 0.157 0.279 0.000 0.000 0.000 0.000 0.000 0.000 0.000 
0.000 0.000 0.000 0.000 0.000 0.000 0.000 0.000 0.000 0.000 0.000 0.000 0.000 0.000 0.279 0.157 0.000 1.000 0.000 0.000 0.000 0.000 0.000 0.000 0.000 
0.000 0.000 0.000 0.000 0.000 0.000 0.000 0.000 0.000 0.000 0.000 0.000 0.000 0.000 0.000 1.000 0.000 0.157 0.279 0.000 0.000 0.000 0.000 0.000 0.000 
0.000 0.000 0.000 0.000 0.000 0.000 0.000 0.000 0.000 0.000 0.000 0.000 0.000 0.000 0.000 0.279 0.157 0.000 1.000 0.000 0.000 0.000 0.000 0.000 0.000 
0.000 0.000 0.000 0.000 0.000 0.000 0.000 0.000 0.000 0.000 0.000 0.000 0.000 0.000 0.000 0.000 1.000 0.000 0.157 0.279 0.000 0.000 0.000 0.000 0.000 
0.000 0.000 0.000 0.000 0.000 0.000 0.000 0.000 0.000 0.000 0.000 0.000 0.000 0.000 0.000 0.000 0.279 0.157 0.000 1.000 0.000 0.000 0.000 0.000 0.000 
0.000 0.000 0.000 0.000 0.000 0.000 0.000 0.000 0.000 0.000 0.000 0.000 0.000 0.000 0.000 0.000 0.000 1.000 0.000 0.157 0.279 0.000 0.000 0.000 0.000 
0.000 0.000 0.000 0.000 0.000 0.000 0.000 0.000 0.000 0.000 0.000 0.000 0.000 0.000 0.000 0.000 0.000 0.279 0.157 0.000 1.000 0.000 0.000 0.000 0.000 
0.000 0.000 0.000 0.000 0.000 0.000 0.000 0.000 0.000 0.000 0.000 0.000 0.000 0.000 0.000 0.000 0.000 0.000 1.000 0.000 0.157 0.279 0.000 0.000 0.000 
0.000 0.000 0.000 0.000 0.000 0.000 0.000 0.000 0.000 0.000 0.000 0.000 0.000 0.000 0.000 0.000 0.000 0.000 0.279 0.157 0.000 1.000 0.000 0.000 0.000 
0.000 0.000 0.000 0.000 0.000 0.000 0.000 0.000 0.000 0.000 0.000 0.000 0.000 0.000 0.000 0.000 0.000 0.000 0.000 1.000 0.000 0.157 0.279 0.000 0.000 
0.000 0.000 0.000 0.000 0.000 0.000 0.000 0.000 0.000 0.000 0.000 0.000 0.000 0.000 0.000 0.000 0.000 0.000 0.000 0.279 0.157 0.000 1.000 0.000 0.000 
0.000 0.000 0.000 0.000 0.000 0.000 0.000 0.000 0.000 0.000 0.000 0.000 0.000 0.000 0.000 0.000 0.000 0.000 0.000 0.000 1.000 0.000 0.157 0.279 0.000 
0.000 0.000 0.000 0.000 0.000 0.000 0.000 0.000 0.000 0.000 0.000 0.000 0.000 0.000 0.000 0.000 0.000 0.000 0.000 0.000 0.279 0.157 0.000 1.000 0.000 
0.000 0.000 0.000 0.000 0.000 0.000 0.000 0.000 0.000 0.000 0.000 0.000 0.000 0.000 0.000 0.000 0.000 0.000 0.000 0.000 0.000 1.000 0.000 0.157 0.279 
0.000 0.000 0.000 0.000 0.000 0.000 0.000 0.000 0.000 0.000 0.000 0.000 0.000 0.000 0.000 0.000 0.000 0.000 0.000 0.000 0.000 0.279 0.157 0.000 1.000 
0.000 0.000 0.000 0.000 0.000 0.000 0.000 0.000 0.000 0.000 0.000 0.000 0.000 0.000 0.000 0.000 0.000 0.000 0.000 0.000 0.000 0.000 1.000 0.000 0.157 
0.000 0.000 0.000 0.000 0.000 0.000 0.000 0.000 0.000 0.000 0.000 0.000 0.000 0.000 0.000 0.000 0.000 0.000 0.000 0.000 0.000 0.000 0.279 0.157 0.000 
0.000 0.000 0.000 0.000 0.000 0.000 0.000 0.000 0.000 0.000 0.000 0.000 0.000 0.000 0.000 0.000 0.000 0.000 0.000 0.000 0.000 0.000 0.000 1.000 0.000 
# 3 1 11 25
0.000 0.000 0.975 0.000 0.000 0.000 0.000 0.000 0.000 0.000 0.000 0.000 0.000 0.000 0.000 0.000 0.000 0.000 0.000 0.000 0.000 0.000 0.000 0.000 0.000 
0.000 0.000 0.394 0.000 0.772 0.000 0.000 0.000 0.000 0.000 0.000 0.000 0.000 0.000 0.000 0.000 0.000 0.000 0.000 0.000 0.000 0.000 0.000 0.000 0.000 
0.000 0.000 0.000 0.000 0.925 0.000 0.241 0.182 0.000 0.000 0.000 0.000 0.000 0.000 0.000 0.000 0.000 0.000 0.000 0.000 0.000 0.000 0.000 0.000 0.000 
0.000 0.000 0.000 0.000 0.000 0.000 0.857 0.000 0.000 0.679 0.000 0.000 0.000 0.000 0.000 0.000 0.000 0.000 0.000 0.000 0.000 0.000 0.000 0.000 0.000 
0.000 0.000 0.000 0.000 0.000 0.000 0.000 0.000 0.313 0.133 0.000 1.000 0.000 0.000 0.000 0.000 0.000 0.000 0.000 0.000 0.000 0.000 0.000 0.000 0.000 
0.000 0.000 0.000 0.000 0.000 0.000 0.000 0.000 0.000 0.000 0.000 0.581 0.000 0.581 0.000 0.000 0.000 0.000 0.000 0.000 0.000 0.000 0.000 0.000 0.000 
0.000 0.000 0.000 0.000 0.000 0.000 0.000 0.000 0.000 0.000 0.000 0.000 0.000 1.000 0.000 0.133 0.313 0.000 0.000 0.000 0.000 0.000 0.000 0.000 0.000 
0.000 0.000 0.000 0.000 0.000 0.000 0.000 0.000 0.000 0.000 0.000 0.000 0.000 0.000 0.000 0.679 0.000 0.000 0.857 0.000 0.000 0.000 0.000 0.000 0.000 
0.000 0.000 0.000 0.000 0.000 0.000 0.000 0.000 0.000 0.000 0.000 0.000 0.000 0.000 0.000 0.000 0.000 0.182 0.241 0.000 0.925 0.000 0.000 0.000 0.000 
0.000 0.000 0.000 0.000 0.000 0.000 0.000 0.000 0.000 0.000 0.000 0.000 0.000 0.000 0.000 0.000 0.000 0.000 0.000 0.000 0.772 0.000 0.394 0.000 0.000 
0.000 0.000 0.000 0.000 0.000 0.000 0.000 0.000 0.000 0.000 0.000 0.000 0.000 0.000 0.000 0.000 0.000 0.000 0.000 0.000 0.000 0.000 0.975 0.000 0.000 
# 3 2 49 25
0.000 0.985 0.000 0.000 0.000 0.000 0.000 0.000 0.000 0.000 0.000 0.000 0.000 0.000 0.000 0.000 0.000 0.000 0.000 0.000 0.000 0.000 0.000 0.000 0.000 
0.000 0.140 0.300 0.000 0.000 0.000 0.000 0.000 0.000 0.000 0.000 0.000 0.000 0.000 0.000 0.000 0.000 0.000 0.000 0.000 0.000 0.000 0.000 0.000 0.000 
0.184 0.000 0.969 0.000 0.000 0.000 0.000 0.000 0.000 0.000 0.000 0.000 0.000 0.000 0.000 0.000 0.000 0.000 0.000 0.000 0.000 0.000 0.000 0.000 0.000 
1.000 0.000 0.121 0.335 0.000 0.000 0.000 0.000 0.000 0.000 0.000 0.000 0.000 0.000 0.000 0.000 0.000 0.000 0.000 0.000 0.000 0.000 0.000 0.000 0.000 
0.209 0.210 0.000 0.949 0.000 0.000 0.000 0.000 0.000 0.000 0.000 0.000 0.000 0.000 0.000 0.000 0.000 0.000 0.000 0.000 0.000 0.000 0.000 0.000 0.000 
0.000 1.000 0.000 0.104 0.371 0.000 0.000 0.000 0.000 0.000 0.000 0.000 0.000 0.000 0.000 0.000 0.000 0.000 0.000 0.000 0.000 0.000 0.000 0.000 0.000 
0.000 0.184 0.238 0.000 0.925 0.000 0.000 0.000 0.000 0.000 0.000 0.000 0.000 0.000 0.000 0.000 0.000 0.000 0.000 0.000 0.000 0.000 0.000 0.000 0.000 
0.000 0.000 0.995 0.000 0.000 0.410 0.000 0.000 0.000 0.000 0.000 0.000 0.000 0.000 0.000 0.000 0.000 0.000 0.000 0.000 0.000 0.000 0.000 0.000 0.000 
0.000 0.000 0.161 0.268 0.000 0.897 0.000 0.000 0.000 0.000 0.000 0.000 0.000 0.000 0.000 0.000 0.000 0.000 0.000 0.000 0.000 0.000 0.000 0.000 0.000 
0.000 0.000 0.000 0.984 0.000 0.000 0.450 0.000 0.000 0.000 0.000 0.000 0.000 0.000 0.000 0.000 0.000 0.000 0.000 0.000 0.000 0.000 0.000 0.000 0.000 
0.000 0.000 0.000 0.139 0.300 0.000 0.864 0.000 0.000 0.000 0.000 0.000 0.000 0.000 0.000 0.000 0.000 0.000 0.000 0.000 0.000 0.000 0.000 0.000 0.000 
0.000 0.000 0.000 0.000 0.969 0.000 0.000 0.492 0.000 0.000 0.000 0.000 0.000 0.000 0.000 0.000 0.000 0.000 0.000 0.000 0.000 0.000 0.000 0.000 0.000 
0.000 0.000 0.000 0.000 0.121 0.335 0.000 0.829 0.000 0.000 0.000 0.000 0.000 0.000 0.000 0.000 0.000 0.000 0.000 0.000 0.000 0.000 0.000 0.000 0.000 
0.000 0.000 0.000 0.000 0.000 0.949 0.000 0.000 0.535 0.000 0.000 0.000 0.000 0.000 0.000 0.000 0.000 0.000 0.000 0.000 0.000 0.000 0.000 0.000 0.000 
0.000 0.000 0.000 0.000 0.000 0.104 0.372 0.000 0.791 0.000 0.000 0.000 0.000 0.000 0.000 0.000 0.000 0.000 0.000 0.000 0.000 0.000 0.000 0.000 0.000 
0.000 0.000 0.000 0.000 0.000 0.000 0.925 0.000 0.000 0.578 0.000 0.000 0.000 0.000 0.000 0.000 0.000 0.000 0.000 0.000 0.000 0.000 0.000 0.000 0.000 
0.000 0.000 0.000 0.000 0.000 0.000 0.000 0.411 0.000 0.751 0.000 0.000 0.000 0.000 0.000 0.000 0.000 0.000 0.000 0.000 0.000 0.000 0.000 0.000 0.000 
0.000 0.000 0.000 0.000 0.000 0.000 0.000 0.896 0.000 0.000 0.622 0.000 0.000 0.000 0.000 0.000 0.000 0.000 0.000 0.000 0.000 0.000 0.000 0.000 0.000 
0.000 0.000 0.000 0.000 0.000 0.000 0.000 0.000 0.451 0.000 0.709 0.000 0.000 0.000 0.000 0.000 0.000 0.000 0.000 0.000 0.000 0.000 0.000 0.000 0.000 
0.000 0.000 0.000 0.000 0.000 0.000 0.000 0.000 0.864 0.000 0.000 0.666 0.000 0.000 0.000 0.000 0.000 0.000 0.000 0.000 0.000 0.000 0.000 0.000 0.000 
0.000 0.000 0.000 0.000 0.000 0.000 0.000 0.000 0.000 0.493 0.000 0.666 0.000 0.000 0.000 0.000 0.000 0.000 0.000 0.000 0.000 0.000 0.000 0.000 0.000 
0.000 0.000 0.000 0.000 0.000 0.000 0.000 0.000 0.000 0.829 0.000 0.000 0.709 0.000 0.000 0.000 0.000 0.000 0.000 0.000 0.000 0.000 0.000 0.000 0.000 
0.000 0.000 0.000 0.000 0.000 0.000 0.000 0.000 0.000 0.000 0.536 0.000 0.623 0.000 0.000 0.000 0.000 0.000 0.000 0.000 0.000 0.000 0.000 0.000 0.000 
0.000 0.000 0.000 0.000 0.000 0.000 0.000 0.000 0.000 0.000 0.791 0.000 0.000 0.751 0.000 0.000 0.000 0.000 0.000 0.000 0.000 0.000 0.000 0.000 0.000 
0.000 0.000 0.000 0.000 0.000 0.000 0.000 0.000 0.000 0.000 0.000 0.579 0.000 0.579 0.000 0.000 0.000 0.000 0.000 0.000 0.000 0.000 0.000 0.000 0.000 
0.000 0.000 0.000 0.000 0.000 0.000 0.000 0.000 0.000 0.000 0.000 0.751 0.000 0.000 0.791 0.000 0.000 0.000 0.000 0.000 0.000 0.000 0.000 0.000 0.000 
0.000 0.000 0.000 0.000 0.000 0.000 0.000 0.000 0.000 0.000 0.000 0.000 0.623 0.000 0.536 0.000 0.000 0.000 0.000 0.000 0.000 0.000 0.000 0.000 0.000 
0.000 0.000 0.000 0.000 0.000 0.000 0.000 0.000 0.000 0.000 0.000 0.000 0.709 0.000 0.000 0.829 0.000 0.000 0.000 0.000 0.000 0.000 0.000 0.000 0.000 
0.000 0.000 0.000 0.000 0.000 0.000 0.000 0.000 0.000 0.000 0.000 0.000 0.000 0.666 0.000 0.493 0.000 0.000 0.000 0.000 0.000 0.000 0.000 0.000 0.000 
0.000 0.000 0.000 0.000 0.000 0.000 0.000 0.000 0.000 0.000 0.000 0.000 0.000 0.666 0.000 0.000 0.864 0.000 0.000 0.000 0.000 0.000 0.000 0.000 0.000 
0.000 0.000 0.000 0.000 0.000 0.000 0.000 0.000 0.000 0.000 0.000 0.000 0.000 0.000 0.709 0.000 0.451 0.000 0.000 0.000 0.000 0.000 0.000 0.000 0.000 
0.000 0.000 0.000 0.000 0.000 0.000 0.000 0.000 0.000 0.000 0.000 0.000 0.000 0.000 0.622 0.000 0.000 0.896 0.000 0.000 0.000 0.000 0.000 0.000 0.000 
0.000 0.000 0.000 0.000 0.000 0.000 0.000 0.000 0.000 0.000 0.000 0.000 0.000 0.000 0.000 0.751 0.000 0.411 0.000 0.000 0.000 0.000 0.000 0.000 0.000 
0.000 0.000 0.000 0.000 0.000 0.000 0.000 0.000 0.000 0.000 0.000 0.000 0.000 0.000 0.000 0.578 0.000 0.000 0.925 0.000 0.000 0.000 0.000 0.000 0.000 
0.000 0.000 0.000 0.000 0.000 0.000 0.000 0.000 0.000 0.000 0.000 0.000 0.000 0.000 0.000 0.000 0.791 0.000 0.372 0.104 0.000 0.000 0.000 0.000 0.000 
0.000 0.000 0.000 0.000 0.000 0.000 0.000 0.000 0.000 0.000 0.000 0.000 0.000 0.000 0.000 0.000 0.535 0.000 0.000 0.949 0.000 0.000 0.000 0.000 0.000 
0.000 0.000 0.000 0.000 0.000 0.000 0.000 0.000 0.000 0.000 0.000 0.000 0.000 0.000 0.000 0.000 0.000 0.829 0.000 0.335 0.121 0.000 0.000 0.000 0.000 
0.000 0.000 0.000 0.000 0.000 0.000 0.000 0.000 0.000 0.000 0.000 0.000 0.000 0.000 0.000 0.000 0.000 0.492 0.000 0.000 0.969 0.000 0.000 0.000 0.000 
0.000 0.000 0.000 0.000 0.000 0.000 0.000 0.000 0.000 0.000 0.000 0.000 0.000 0.000 0.000 0.000 0.000 0.000 0.864 0.000 0.300 0.139 0.000 0.000 0.000 
0.000 0.000 0.000 0.000 0.000 0.000 0.000 0.000 0.000 0.000 0.000 0.000 0.000 0.000 0.000 0.000 0.000 0.000 0.450 0.000 0.000 0.984 0.000 0.000 0.000 
0.000 0.000 0.000 0.000 0.000 0.000 0.000 0.000 0.000 0.000 0.000 0.000 0.000 0.000 0.000 0.000 0.000 0.000 0.000 0.897 0.000 0.268 0.161 0.000 0.000 
0.000 0.000 0.000 0.000 0.000 0.000 0.000 0.000 0.000 0.000 0.000 0.000 0.000 0.000 0.000 0.000 0.000 0.000 0.000 0.410 0.000 0.000 0.995 0.000 0.000 
0.000 0.000 0.000 0.000 0.000 0.000 0.000 0.000 0.000 0.000 0.000 0.000 0.000 0.000 0.000 0.000 0.000 0.000 0.000 0.000 0.925 0.000 0.238 0.184 0.000 
0.000 0.000 0.000 0.000 0.000 0.000 0.000 0.000 0.000 0.000 0.000 0.000 0.000 0.000 0.000 0.000 0.000 0.000 0.000 0.000 0.371 0.104 0.000 1.000 0.000 
0.000 0.000 0.000 0.000 0.000 0.000 0.000 0.000 0.000 0.000 0.000 0.000 0.000 0.000 0.000 0.000 0.000 0.000 0.000 0.000 0.000 0.949 0.000 0.210 0.209 
0.000 0.000 0.000 0.000 0.000 0.000 0.000 0.000 0.000 0.000 0.000 0.000 0.000 0.000 0.000 0.000 0.000 0.000 0.000 0.000 0.000 0.335 0.121 0.000 1.000 
0.000 0.000 0.000 0.000 0.000 0.000 0.000 0.000 0.000 0.000 0.000 0.000 0.000 0.000 0.000 0.000 0.000 0.000 0.000 0.000 0.000 0.000 0.969 0.000 0.184 
0.000 0.000 0.000 0.000 0.000 0.000 0.000 0.000 0.000 0.000 0.000 0.000 0.000 0.000 0.000 0.000 0.000 0.000 0.000 0.000 0.000 0.000 0.300 0.140 0.000 
0.000 0.000 0.000 0.000 0.000 0.000 0.000 0.000 0.000 0.000 0.000 0.000 0.000 0.000 0.000 0.000 0.000 0.000 0.000 0.000 0.000 0.000 0.000 0.985 0.000 
