1.969068
7
# 0 1 5 50
0.441 0.166 0.000 0.000 0.000 0.000 0.000 0.000 0.166 0.441 0.802 1.000 0.854 0.499 0.200 0.000 0.000 0.000 0.000 0.000 0.000 0.000 0.000 0.000 0.000 0.000 0.000 0.000 0.000 0.000 0.000 0.000 0.000 0.000 0.000 0.000 0.000 0.000 0.000 0.000 0.000 0.000 0.000 0.000 0.000 0.000 0.000 0.000 0.000 0.000 
0.000 0.000 0.000 0.000 0.000 0.200 0.499 0.854 1.000 0.802 0.441 0.166 0.000 0.000 0.000 0.000 0.000 0.000 0.166 0.441 0.802 1.000 0.854 0.499 0.200 0.000 0.000 0.000 0.000 0.000 0.000 0.000 0.000 0.000 0.000 0.000 0.000 0.000 0.000 0.000 0.000 0.000 0.000 0.000 0.000 0.000 0.000 0.000 0.000 0.000 
0.000 0.000 0.000 0.000 0.000 0.000 0.000 0.000 0.000 0.000 0.000 0.000 0.000 0.000 0.000 0.200 0.499 0.854 1.000 0.802 0.441 0.166 0.000 0.000 0.000 0.000 0.000 0.000 0.166 0.441 0.802 1.000 0.854 0.499 0.200 0.000 0.000 0.000 0.000 0.000 0.000 0.000 0.000 0.000 0.000 0.000 0.000 0.000 0.000 0.000 
0.000 0.000 0.000 0.000 0.000 0.000 0.000 0.000 0.000 0.000 0.000 0.000 0.000 0.000 0.000 0.000 0.000 0.000 0.000 0.000 0.000 0.000 0.000 0.000 0.000 0.200 0.499 0.854 1.000 0.802 0.441 0.166 0.000 0.000 0.000 0.000 0.000 0.000 0.166 0.441 0.802 1.000 0.854 0.499 0.200 0.000 0.000 0.000 0.000 0.000 
0.000 0.000 0.000 0.000 0.000 0.000 0.000 0.000 0.000 0.000 0.000 0.000 0.000 0.000 0.000 0.000 0.000 0.000 0.000 0.000 0.000 0.000 0.000 0.000 0.000 0.000 0.000 0.000 0.000 0.000 0.000 0.000 0.000 0.000 0.000 0.200 0.499 0.854 1.000 0.802 0.441 0.166 0.000 0.000 0.000 0.000 0.000 0.000 0.166 0.441 
# 0 2 11 50
0.000 0.000 0.000 0.000 0.000 0.119 0.350 0.706 0.976 0.924 0.599 0.266 0.000 0.000 0.000 0.000 0.000 0.000 0.000 0.000 0.000 0.000 0.000 0.000 0.000 0.000 0.000 0.000 0.000 0.000 0.000 0.000 0.000 0.000 0.000 0.000 0.000 0.000 0.000 0.000 0.000 0.000 0.000 0.000 0.000 0.000 0.000 0.000 0.000 0.000 
0.987 0.739 0.379 0.133 0.000 0.000 0.000 0.000 0.000 0.000 0.203 0.505 0.858 0.998 0.796 0.434 0.162 0.000 0.000 0.000 0.000 0.000 0.000 0.000 0.000 0.000 0.000 0.000 0.000 0.000 0.000 0.000 0.000 0.000 0.000 0.000 0.000 0.000 0.000 0.000 0.000 0.000 0.000 0.000 0.000 0.000 0.000 0.000 0.000 0.000 
0.000 0.130 0.374 0.733 0.985 0.907 0.572 0.247 0.000 0.000 0.000 0.000 0.000 0.000 0.106 0.322 0.673 0.963 0.944 0.633 0.291 0.000 0.000 0.000 0.000 0.000 0.000 0.000 0.000 0.000 0.000 0.000 0.000 0.000 0.000 0.000 0.000 0.000 0.000 0.000 0.000 0.000 0.000 0.000 0.000 0.000 0.000 0.000 0.000 0.000 
0.000 0.000 0.000 0.000 0.000 0.000 0.220 0.532 0.879 0.994 0.770 0.409 0.149 0.000 0.000 0.000 0.000 0.000 0.000 0.184 0.472 0.830 1.000 0.825 0.466 0.180 0.000 0.000 0.000 0.000 0.000 0.000 0.000 0.000 0.000 0.000 0.000 0.000 0.000 0.000 0.000 0.000 0.000 0.000 0.000 0.000 0.000 0.000 0.000 0.000 
0.000 0.000 0.000 0.000 0.000 0.000 0.000 0.000 0.000 0.000 0.116 0.345 0.700 0.974 0.928 0.605 0.271 0.000 0.000 0.000 0.000 0.000 0.000 0.000 0.296 0.639 0.947 0.960 0.667 0.317 0.103 0.000 0.000 0.000 0.000 0.000 0.000 0.000 0.000 0.000 0.000 0.000 0.000 0.000 0.000 0.000 0.000 0.000 0.000 0.000 
0.000 0.000 0.000 0.000 0.000 0.000 0.000 0.000 0.000 0.000 0.000 0.000 0.000 0.000 0.000 0.200 0.499 0.853 0.999 0.801 0.440 0.165 0.000 0.000 0.000 0.000 0.000 0.000 0.165 0.440 0.801 0.999 0.853 0.499 0.200 0.000 0.000 0.000 0.000 0.000 0.000 0.000 0.000 0.000 0.000 0.000 0.000 0.000 0.000 0.000 
0.000 0.000 0.000 0.000 0.000 0.000 0.000 0.000 0.000 0.000 0.000 0.000 0.000 0.000 0.000 0.000 0.000 0.000 0.000 0.103 0.317 0.667 0.960 0.947 0.639 0.296 0.000 0.000 0.000 0.000 0.000 0.000 0.000 0.271 0.605 0.928 0.974 0.700 0.345 0.116 0.000 0.000 0.000 0.000 0.000 0.000 0.000 0.000 0.000 0.000 
0.000 0.000 0.000 0.000 0.000 0.000 0.000 0.000 0.000 0.000 0.000 0.000 0.000 0.000 0.000 0.000 0.000 0.000 0.000 0.000 0.000 0.000 0.000 0.000 0.180 0.466 0.825 1.000 0.830 0.472 0.184 0.000 0.000 0.000 0.000 0.000 0.000 0.149 0.409 0.770 0.994 0.879 0.532 0.220 0.000 0.000 0.000 0.000 0.000 0.000 
0.000 0.000 0.000 0.000 0.000 0.000 0.000 0.000 0.000 0.000 0.000 0.000 0.000 0.000 0.000 0.000 0.000 0.000 0.000 0.000 0.000 0.000 0.000 0.000 0.000 0.000 0.000 0.000 0.000 0.291 0.633 0.944 0.963 0.673 0.322 0.106 0.000 0.000 0.000 0.000 0.000 0.000 0.247 0.572 0.907 0.985 0.733 0.374 0.130 0.000 
0.000 0.000 0.000 0.000 0.000 0.000 0.000 0.000 0.000 0.000 0.000 0.000 0.000 0.000 0.000 0.000 0.000 0.000 0.000 0.000 0.000 0.000 0.000 0.000 0.000 0.000 0.000 0.000 0.000 0.000 0.000 0.000 0.000 0.162 0.434 0.796 0.998 0.858 0.505 0.203 0.000 0.000 0.000 0.000 0.000 0.000 0.133 0.379 0.739 0.987 
0.000 0.000 0.000 0.000 0.000 0.000 0.000 0.000 0.000 0.000 0.000 0.000 0.000 0.000 0.000 0.000 0.000 0.000 0.000 0.000 0.000 0.000 0.000 0.000 0.000 0.000 0.000 0.000 0.000 0.000 0.000 0.000 0.000 0.000 0.000 0.000 0.000 0.000 0.266 0.599 0.924 0.976 0.706 0.350 0.119 0.000 0.000 0.000 0.000 0.000 
# 0 3 45 50
0.000 0.000 0.000 0.000 0.268 0.602 0.926 0.976 0.704 0.348 0.118 0.000 0.000 0.000 0.000 0.000 0.000 0.000 0.000 0.000 0.000 0.000 0.000 0.000 0.000 0.000 0.000 0.000 0.000 0.000 0.000 0.000 0.000 0.000 0.000 0.000 0.000 0.000 0.000 0.000 0.000 0.000 0.000 0.000 0.000 0.000 0.000 0.000 0.000 0.000 
0.000 0.000 0.000 0.000 0.000 0.239 0.560 0.899 0.988 0.744 0.383 0.135 0.000 0.000 0.000 0.000 0.000 0.000 0.000 0.000 0.000 0.000 0.000 0.000 0.000 0.000 0.000 0.000 0.000 0.000 0.000 0.000 0.000 0.000 0.000 0.000 0.000 0.000 0.000 0.000 0.000 0.000 0.000 0.000 0.000 0.000 0.000 0.000 0.000 0.000 
0.000 0.000 0.000 0.000 0.000 0.000 0.213 0.519 0.869 0.996 0.782 0.421 0.155 0.000 0.000 0.000 0.000 0.000 0.000 0.000 0.000 0.000 0.000 0.000 0.000 0.000 0.000 0.000 0.000 0.000 0.000 0.000 0.000 0.000 0.000 0.000 0.000 0.000 0.000 0.000 0.000 0.000 0.000 0.000 0.000 0.000 0.000 0.000 0.000 0.000 
0.145 0.000 0.000 0.000 0.000 0.000 0.000 0.188 0.479 0.836 1.000 0.819 0.459 0.176 0.000 0.000 0.000 0.000 0.000 0.000 0.000 0.000 0.000 0.000 0.000 0.000 0.000 0.000 0.000 0.000 0.000 0.000 0.000 0.000 0.000 0.000 0.000 0.000 0.000 0.000 0.000 0.000 0.000 0.000 0.000 0.000 0.000 0.000 0.000 0.000 
0.440 0.166 0.000 0.000 0.000 0.000 0.000 0.000 0.166 0.440 0.801 0.999 0.853 0.499 0.200 0.000 0.000 0.000 0.000 0.000 0.000 0.000 0.000 0.000 0.000 0.000 0.000 0.000 0.000 0.000 0.000 0.000 0.000 0.000 0.000 0.000 0.000 0.000 0.000 0.000 0.000 0.000 0.000 0.000 0.000 0.000 0.000 0.000 0.000 0.000 
0.836 0.479 0.188 0.000 0.000 0.000 0.000 0.000 0.000 0.145 0.402 0.764 0.993 0.884 0.539 0.225 0.000 0.000 0.000 0.000 0.000 0.000 0.000 0.000 0.000 0.000 0.000 0.000 0.000 0.000 0.000 0.000 0.000 0.000 0.000 0.000 0.000 0.000 0.000 0.000 0.000 0.000 0.000 0.000 0.000 0.000 0.000 0.000 0.000 0.000 
0.996 0.869 0.519 0.213 0.000 0.000 0.000 0.000 0.000 0.000 0.127 0.366 0.725 0.983 0.913 0.581 0.253 0.000 0.000 0.000 0.000 0.000 0.000 0.000 0.000 0.000 0.000 0.000 0.000 0.000 0.000 0.000 0.000 0.000 0.000 0.000 0.000 0.000 0.000 0.000 0.000 0.000 0.000 0.000 0.000 0.000 0.000 0.000 0.000 0.000 
0.744 0.988 0.899 0.560 0.239 0.000 0.000 0.000 0.000 0.000 0.000 0.110 0.331 0.684 0.968 0.938 0.622 0.283 0.000 0.000 0.000 0.000 0.000 0.000 0.000 0.000 0.000 0.000 0.000 0.000 0.000 0.000 0.000 0.000 0.000 0.000 0.000 0.000 0.000 0.000 0.000 0.000 0.000 0.000 0.000 0.000 0.000 0.000 0.000 0.000 
0.348 0.704 0.976 0.926 0.602 0.268 0.000 0.000 0.000 0.000 0.000 0.000 0.000 0.299 0.643 0.949 0.959 0.663 0.314 0.102 0.000 0.000 0.000 0.000 0.000 0.000 0.000 0.000 0.000 0.000 0.000 0.000 0.000 0.000 0.000 0.000 0.000 0.000 0.000 0.000 0.000 0.000 0.000 0.000 0.000 0.000 0.000 0.000 0.000 0.000 
0.102 0.314 0.663 0.959 0.949 0.643 0.299 0.000 0.000 0.000 0.000 0.000 0.000 0.000 0.268 0.602 0.926 0.976 0.704 0.348 0.118 0.000 0.000 0.000 0.000 0.000 0.000 0.000 0.000 0.000 0.000 0.000 0.000 0.000 0.000 0.000 0.000 0.000 0.000 0.000 0.000 0.000 0.000 0.000 0.000 0.000 0.000 0.000 0.000 0.000 
0.000 0.000 0.283 0.622 0.938 0.968 0.684 0.331 0.110 0.000 0.000 0.000 0.000 0.000 0.000 0.239 0.560 0.899 0.988 0.744 0.383 0.135 0.000 0.000 0.000 0.000 0.000 0.000 0.000 0.000 0.000 0.000 0.000 0.000 0.000 0.000 0.000 0.000 0.000 0.000 0.000 0.000 0.000 0.000 0.000 0.000 0.000 0.000 0.000 0.000 
0.000 0.000 0.000 0.253 0.581 0.913 0.983 0.725 0.366 0.127 0.000 0.000 0.000 0.000 0.000 0.000 0.213 0.519 0.869 0.996 0.782 0.421 0.155 0.000 0.000 0.000 0.000 0.000 0.000 0.000 0.000 0.000 0.000 0.000 0.000 0.000 0.000 0.000 0.000 0.000 0.000 0.000 0.000 0.000 0.000 0.000 0.000 0.000 0.000 0.000 
0.000 0.000 0.000 0.000 0.225 0.539 0.884 0.993 0.764 0.402 0.145 0.000 0.000 0.000 0.000 0.000 0.000 0.188 0.479 0.836 1.000 0.819 0.459 0.176 0.000 0.000 0.000 0.000 0.000 0.000 0.000 0.000 0.000 0.000 0.000 0.000 0.000 0.000 0.000 0.000 0.000 0.000 0.000 0.000 0.000 0.000 0.000 0.000 0.000 0.000 
0.000 0.000 0.000 0.000 0.000 0.200 0.499 0.853 0.999 0.801 0.440 0.166 0.000 0.000 0.000 0.000 0.000 0.000 0.166 0.440 0.801 0.999 0.853 0.499 0.200 0.000 0.000 0.000 0.000 0.000 0.000 0.000 0.000 0.000 0.000 0.000 0.000 0.000 0.000 0.000 0.000 0.000 0.000 0.000 0.000 0.000 0.000 0.000 0.000 0.000 
0.000 0.000 0.000 0.000 0.000 0.000 0.176 0.459 0.819 1.000 0.836 0.479 0.188 0.000 0.000 0.000 0.000 0.000 0.000 0.145 0.402 0.764 0.993 0.884 0.539 0.225 0.000 0.000 0.000 0.000 0.000 0.000 0.000 0.000 0.000 0.000 0.000 0.000 0.000 0.000 0.000 0.000 0.000 0.000 0.000 0.000 0.000 0.000 0.000 0.000 
0.000 0.000 0.000 0.000 0.000 0.000 0.000 0.155 0.421 0.782 0.996 0.869 0.519 0.213 0.000 0.000 0.000 0.000 0.000 0.000 0.127 0.366 0.725 0.983 0.913 0.581 0.253 0.000 0.000 0.000 0.000 0.000 0.000 0.000 0.000 0.000 0.000 0.000 0.000 0.000 0.000 0.000 0.000 0.000 0.000 0.000 0.000 0.000 0.000 0.000 
0.000 0.000 0.000 0.000 0.000 0.000 0.000 0.000 0.135 0.383 0.744 0.988 0.899 0.560 0.239 0.000 0.000 0.000 0.000 0.000 0.000 0.110 0.331 0.684 0.968 0.938 0.622 0.283 0.000 0.000 0.000 0.000 0.000 0.000 0.000 0.000 0.000 0.000 0.000 0.000 0.000 0.000 0.000 0.000 0.000 0.000 0.000 0.000 0.000 0.000 
0.000 0.000 0.000 0.000 0.000 0.000 0.000 0.000 0.000 0.118 0.348 0.704 0.976 0.926 0.602 0.268 0.000 0.000 0.000 0.000 0.000 0.000 0.000 0.299 0.643 0.949 0.959 0.663 0.314 0.102 0.000 0.000 0.000 0.000 0.000 0.000 0.000 0.000 0.000 0.000 0.000 0.000 0.000 0.000 0.000 0.000 0.000 0.000 0.000 0.000 
0.000 0.000 0.000 0.000 0.000 0.000 0.000 0.000 0.000 0.000 0.102 0.314 0.663 0.959 0.949 0.643 0.299 0.000 0.000 0.000 0.000 0.000 0.000 0.000 0.268 0.602 0.926 0.976 0.704 0.348 0.118 0.000 0.000 0.000 0.000 0.000 0.000 0.000 0.000 0.000 0.000 0.000 0.000 0.000 0.000 0.000 0.000 0.000 0.000 0.000 
0.000 0.000 0.000 0.000 0.000 0.000 0.000 0.000 0.000 0.000 0.000 0.000 0.283 0.622 0.938 0.968 0.684 0.331 0.110 0.000 0.000 0.000 0.000 0.000 0.000 0.239 0.560 0.899 0.988 0.744 0.383 0.135 0.000 0.000 0.000 0.000 0.000 0.000 0.000 0.000 0.000 0.000 0.000 0.000 0.000 0.000 0.000 0.000 0.000 0.000 
0.000 0.000 0.000 0.000 0.000 0.000 0.000 0.000 0.000 0.000 0.000 0.000 0.000 0.253 0.581 0.913 0.983 0.725 0.366 0.127 0.000 0.000 0.000 0.000 0.000 0.000 0.213 0.519 0.869 0.996 0.782 0.421 0.155 0.000 0.000 0.000 0.000 0.000 0.000 0.000 0.000 0.000 0.000 0.000 0.000 0.000 0.000 0.000 0.000 0.000 
0.000 0.000 0.000 0.000 0.000 0.000 0.000 0.000 0.000 0.000 0.000 0.000 0.000 0.000 0.225 0.539 0.884 0.993 0.764 0.402 0.145 0.000 0.000 0.000 0.000 0.000 0.000 0.188 0.479 0.836 1.000 0.819 0.459 0.176 0.000 0.000 0.000 0.000 0.000 0.000 0.000 0.000 0.000 0.000 0.000 0.000 0.000 0.000 0.000 0.000 
0.000 0.000 0.000 0.000 0.000 0.000 0.000 0.000 0.000 0.000 0.000 0.000 0.000 0.000 0.000 0.200 0.499 0.853 0.999 0.801 0.440 0.166 0.000 0.000 0.000 0.000 0.000 0.000 0.166 0.440 0.801 0.999 0.853 0.499 0.200 0.000 0.000 0.000 0.000 0.000 0.000 0.000 0.000 0.000 0.000 0.000 0.000 0.000 0.000 0.000 
0.000 0.000 0.000 0.000 0.000 0.000 0.000 0.000 0.000 0.000 0.000 0.000 0.000 0.000 0.000 0.000 0.176 0.459 0.819 1.000 0.836 0.479 0.188 0.000 0.000 0.000 0.000 0.000 0.000 0.145 0.402 0.764 0.993 0.884 0.539 0.225 0.000 0.000 0.000 0.000 0.000 0.000 0.000 0.000 0.000 0.000 0.000 0.000 0.000 0.000 
0.000 0.000 0.000 0.000 0.000 0.000 0.000 0.000 0.000 0.000 0.000 0.000 0.000 0.000 0.000 0.000 0.000 0.155 0.421 0.782 0.996 0.869 0.519 0.213 0.000 0.000 0.000 0.000 0.000 0.000 0.127 0.366 0.725 0.983 0.913 0.581 0.253 0.000 0.000 0.000 0.000 0.000 0.000 0.000 0.000 0.000 0.000 0.000 0.000 0.000 
0.000 0.000 0.000 0.000 0.000 0.000 0.000 0.000 0.000 0.000 0.000 0.000 0.000 0.000 0.000 0.000 0.000 0.000 0.135 0.383 0.744 0.988 0.899 0.560 0.239 0.000 0.000 0.000 0.000 0.000 0.000 0.110 0.331 0.684 0.968 0.938 0.622 0.283 0.000 0.000 0.000 0.000 0.000 0.000 0.000 0.000 0.000 0.000 0.000 0.000 
0.000 0.000 0.000 0.000 0.000 0.000 0.000 0.000 0.000 0.000 0.000 0.000 0.000 0.000 0.000 0.000 0.000 0.000 0.000 0.118 0.348 0.704 0.976 0.926 0.602 0.268 0.000 0.000 0.000 0.000 0.000 0.000 0.000 0.299 0.643 0.949 0.959 0.663 0.314 0.102 0.000 0.000 0.000 0.000 0.000 0.000 0.000 0.000 0.000 0.000 
0.000 0.000 0.000 0.000 0.000 0.000 0.000 0.000 0.000 0.000 0.000 0.000 0.000 0.000 0.000 0.000 0.000 0.000 0.000 0.000 0.102 0.314 0.663 0.959 0.949 0.643 0.299 0.000 0.000 0.000 0.000 0.000 0.000 0.000 0.268 0.602 0.926 0.976 0.704 0.348 0.118 0.000 0.000 0.000 0.000 0.000 0.000 0.000 0.000 0.000 
0.000 0.000 0.000 0.000 0.000 0.000 0.000 0.000 0.000 0.000 0.000 0.000 0.000 0.000 0.000 0.000 0.000 0.000 0.000 0.000 0.000 0.000 0.283 0.622 0.938 0.968 0.684 0.331 0.110 0.000 0.000 0.000 0.000 0.000 0.000 0.239 0.560 0.899 0.988 0.744 0.383 0.135 0.000 0.000 0.000 0.000 0.000 0.000 0.000 0.000 
0.000 0.000 0.000 0.000 0.000 0.000 0.000 0.000 0.000 0.000 0.000 0.000 0.000 0.000 0.000 0.000 0.000 0.000 0.000 0.000 0.000 0.000 0.000 0.253 0.581 0.913 0.983 0.725 0.366 0.127 0.000 0.000 0.000 0.000 0.000 0.000 0.213 0.519 0.869 0.996 0.782 0.421 0.155 0.000 0.000 0.000 0.000 0.000 0.000 0.000 
0.000 0.000 0.000 0.000 0.000 0.000 0.000 0.000 0.000 0.000 0.000 0.000 0.000 0.000 0.000 0.000 0.000 0.000 0.000 0.000 0.000 0.000 0.000 0.000 0.225 0.539 0.884 0.993 0.764 0.402 0.145 0.000 0.000 0.000 0.000 0.000 0.000 0.188 0.479 0.836 1.000 0.819 0.459 0.176 0.000 0.000 0.000 0.000 0.000 0.000 
0.000 0.000 0.000 0.000 0.000 0.000 0.000 0.000 0.000 0.000 0.000 0.000 0.000 0.000 0.000 0.000 0.000 0.000 0.000 0.000 0.000 0.000 0.000 0.000 0.000 0.200 0.499 0.853 0.999 0.801 0.440 0.166 0.000 0.000 0.000 0.000 0.000 0.000 0.166 0.440 0.801 0.999 0.853 0.499 0.200 0.000 0.000 0.000 0.000 0.000 
0.000 0.000 0.000 0.000 0.000 0.000 0.000 0.000 0.000 0.000 0.000 0.000 0.000 0.000 0.000 0.000 0.000 0.000 0.000 0.000 0.000 0.000 0.000 0.000 0.000 0.000 0.176 0.459 0.819 1.000 0.836 0.479 0.188 0.000 0.000 0.000 0.000 0.000 0.000 0.145 0.402 0.764 0.993 0.884 0.539 0.225 0.000 0.000 0.000 0.000 
0.000 0.000 0.000 0.000 0.000 0.000 0.000 0.000 0.000 0.000 0.000 0.000 0.000 0.000 0.000 0.000 0.000 0.000 0.000 0.000 0.000 0.000 0.000 0.000 0.000 0.000 0.000 0.155 0.421 0.782 0.996 0.869 0.519 0.213 0.000 0.000 0.000 0.000 0.000 0.000 0.127 0.366 0.725 0.983 0.913 0.581 0.253 0.000 0.000 0.000 
0.000 0.000 0.000 0.000 0.000 0.000 0.000 0.000 0.000 0.000 0.000 0.000 0.000 0.000 0.000 0.000 0.000 0.000 0.000 0.000 0.000 0.000 0.000 0.000 0.000 0.000 0.000 0.000 0.135 0.383 0.744 0.988 0.899 0.560 0.239 0.000 0.000 0.000 0.000 0.000 0.000 0.110 0.331 0.684 0.968 0.938 0.622 0.283 0.000 0.000 
0.000 0.000 0.000 0.000 0.000 0.000 0.000 0.000 0.000 0.000 0.000 0.000 0.000 0.000 0.000 0.000 0.000 0.000 0.000 0.000 0.000 0.000 0.000 0.000 0.000 0.000 0.000 0.000 0.000 0.118 0.348 0.704 0.976 0.926 0.602 0.268 0.000 0.000 0.000 0.000 0.000 0.000 0.000 0.299 0.643 0.949 0.959 0.663 0.314 0.102 
0.000 0.000 0.000 0.000 0.000 0.000 0.000 0.000 0.000 0.000 0.000 0.000 0.000 0.000 0.000 0.000 0.000 0.000 0.000 0.000 0.000 0.000 0.000 0.000 0.000 0.000 0.000 0.000 0.000 0.000 0.102 0.314 0.663 0.959 0.949 0.643 0.299 0.000 0.000 0.000 0.000 0.000 0.000 0.000 0.268 0.602 0.926 0.976 0.704 0.348 
0.000 0.000 0.000 0.000 0.000 0.000 0.000 0.000 0.000 0.000 0.000 0.000 0.000 0.000 0.000 0.000 0.000 0.000 0.000 0.000 0.000 0.000 0.000 0.000 0.000 0.000 0.000 0.000 0.000 0.000 0.000 0.000 0.283 0.622 0.938 0.968 0.684 0.331 0.110 0.000 0.000 0.000 0.000 0.000 0.000 0.239 0.560 0.899 0.988 0.744 
0.000 0.000 0.000 0.000 0.000 0.000 0.000 0.000 0.000 0.000 0.000 0.000 0.000 0.000 0.000 0.000 0.000 0.000 0.000 0.000 0.000 0.000 0.000 0.000 0.000 0.000 0.000 0.000 0.000 0.000 0.000 0.000 0.000 0.253 0.581 0.913 0.983 0.725 0.366 0.127 0.000 0.000 0.000 0.000 0.000 0.000 0.213 0.519 0.869 0.996 
0.000 0.000 0.000 0.000 0.000 0.000 0.000 0.000 0.000 0.000 0.000 0.000 0.000 0.000 0.000 0.000 0.000 0.000 0.000 0.000 0.000 0.000 0.000 0.000 0.000 0.000 0.000 0.000 0.000 0.000 0.000 0.000 0.000 0.000 0.225 0.539 0.884 0.993 0.764 0.402 0.145 0.000 0.000 0.000 0.000 0.000 0.000 0.188 0.479 0.836 
0.000 0.000 0.000 0.000 0.000 0.000 0.000 0.000 0.000 0.000 0.000 0.000 0.000 0.000 0.000 0.000 0.000 0.000 0.000 0.000 0.000 0.000 0.000 0.000 0.000 0.000 0.000 0.000 0.000 0.000 0.000 0.000 0.000 0.000 0.000 0.200 0.499 0.853 0.999 0.801 0.440 0.166 0.000 0.000 0.000 0.000 0.000 0.000 0.166 0.440 
0.000 0.000 0.000 0.000 0.000 0.000 0.000 0.000 0.000 0.000 0.000 0.000 0.000 0.000 0.000 0.000 0.000 0.000 0.000 0.000 0.000 0.000 0.000 0.000 0.000 0.000 0.000 0.000 0.000 0.000 0.000 0.000 0.000 0.000 0.000 0.000 0.176 0.459 0.819 1.000 0.836 0.479 0.188 0.000 0.000 0.000 0.000 0.000 0.000 0.145 
0.000 0.000 0.000 0.000 0.000 0.000 0.000 0.000 0.000 0.000 0.000 0.000 0.000 0.000 0.000 0.000 0.000 0.000 0.000 0.000 0.000 0.000 0.000 0.000 0.000 0.000 0.000 0.000 0.000 0.000 0.000 0.000 0.000 0.000 0.000 0.000 0.000 0.155 0.421 0.782 0.996 0.869 0.519 0.213 0.000 0.000 0.000 0.000 0.000 0.000 
0.000 0.000 0.000 0.000 0.000 0.000 0.000 0.000 0.000 0.000 0.000 0.000 0.000 0.000 0.000 0.000 0.000 0.000 0.000 0.000 0.000 0.000 0.000 0.000 0.000 0.000 0.000 0.000 0.000 0.000 0.000 0.000 0.000 0.000 0.000 0.000 0.000 0.000 0.135 0.383 0.744 0.988 0.899 0.560 0.239 0.000 0.000 0.000 0.000 0.000 
0.000 0.000 0.000 0.000 0.000 0.000 0.000 0.000 0.000 0.000 0.000 0.000 0.000 0.000 0.000 0.000 0.000 0.000 0.000 0.000 0.000 0.000 0.000 0.000 0.000 0.000 0.000 0.000 0.000 0.000 0.000 0.000 0.000 0.000 0.000 0.000 0.000 0.000 0.000 0.118 0.348 0.704 0.976 0.926 0.602 0.268 0.000 0.000 0.000 0.000 
# 0 4 6 50
0.200 0.000 0.000 0.000 0.000 0.000 0.000 0.136 0.384 0.745 0.990 0.900 0.561 0.239 0.000 0.000 0.000 0.000 0.000 0.000 0.000 0.000 0.000 0.000 0.000 0.000 0.000 0.000 0.000 0.000 0.000 0.000 0.000 0.000 0.000 0.000 0.000 0.000 0.000 0.000 0.000 0.000 0.000 0.000 0.000 0.000 0.000 0.000 0.000 0.000 
0.000 0.000 0.110 0.331 0.685 0.969 0.939 0.623 0.283 0.000 0.000 0.000 0.000 0.000 0.000 0.000 0.283 0.623 0.939 0.969 0.685 0.331 0.110 0.000 0.000 0.000 0.000 0.000 0.000 0.000 0.000 0.000 0.000 0.000 0.000 0.000 0.000 0.000 0.000 0.000 0.000 0.000 0.000 0.000 0.000 0.000 0.000 0.000 0.000 0.000 
0.000 0.000 0.000 0.000 0.000 0.000 0.000 0.000 0.000 0.000 0.000 0.239 0.561 0.900 0.990 0.745 0.384 0.136 0.000 0.000 0.000 0.000 0.000 0.000 0.200 0.500 0.854 1.000 0.802 0.440 0.166 0.000 0.000 0.000 0.000 0.000 0.000 0.000 0.000 0.000 0.000 0.000 0.000 0.000 0.000 0.000 0.000 0.000 0.000 0.000 
0.000 0.000 0.000 0.000 0.000 0.000 0.000 0.000 0.000 0.000 0.000 0.000 0.000 0.000 0.000 0.000 0.000 0.000 0.000 0.166 0.440 0.802 1.000 0.854 0.500 0.200 0.000 0.000 0.000 0.000 0.000 0.000 0.136 0.384 0.745 0.990 0.900 0.561 0.239 0.000 0.000 0.000 0.000 0.000 0.000 0.000 0.000 0.000 0.000 0.000 
0.000 0.000 0.000 0.000 0.000 0.000 0.000 0.000 0.000 0.000 0.000 0.000 0.000 0.000 0.000 0.000 0.000 0.000 0.000 0.000 0.000 0.000 0.000 0.000 0.000 0.000 0.000 0.110 0.331 0.685 0.969 0.939 0.623 0.283 0.000 0.000 0.000 0.000 0.000 0.000 0.000 0.283 0.623 0.939 0.969 0.685 0.331 0.110 0.000 0.000 
0.000 0.000 0.000 0.000 0.000 0.000 0.000 0.000 0.000 0.000 0.000 0.000 0.000 0.000 0.000 0.000 0.000 0.000 0.000 0.000 0.000 0.000 0.000 0.000 0.000 0.000 0.000 0.000 0.000 0.000 0.000 0.000 0.000 0.000 0.000 0.000 0.239 0.561 0.900 0.990 0.745 0.384 0.136 0.000 0.000 0.000 0.000 0.000 0.000 0.200 
# 0 5 6 50
0.200 0.000 0.000 0.000 0.000 0.000 0.000 0.136 0.384 0.745 0.990 0.900 0.561 0.239 0.000 0.000 0.000 0.000 0.000 0.000 0.000 0.000 0.000 0.000 0.000 0.000 0.000 0.000 0.000 0.000 0.000 0.000 0.000 0.000 0.000 0.000 0.000 0.000 0.000 0.000 0.000 0.000 0.000 0.000 0.000 0.000 0.000 0.000 0.000 0.000 
0.000 0.000 0.110 0.331 0.685 0.969 0.939 0.623 0.283 0.000 0.000 0.000 0.000 0.000 0.000 0.000 0.283 0.623 0.939 0.969 0.685 0.331 0.110 0.000 0.000 0.000 0.000 0.000 0.000 0.000 0.000 0.000 0.000 0.000 0.000 0.000 0.000 0.000 0.000 0.000 0.000 0.000 0.000 0.000 0.000 0.000 0.000 0.000 0.000 0.000 
0.000 0.000 0.000 0.000 0.000 0.000 0.000 0.000 0.000 0.000 0.000 0.239 0.561 0.900 0.990 0.745 0.384 0.136 0.000 0.000 0.000 0.000 0.000 0.000 0.200 0.500 0.854 1.000 0.802 0.440 0.166 0.000 0.000 0.000 0.000 0.000 0.000 0.000 0.000 0.000 0.000 0.000 0.000 0.000 0.000 0.000 0.000 0.000 0.000 0.000 
0.000 0.000 0.000 0.000 0.000 0.000 0.000 0.000 0.000 0.000 0.000 0.000 0.000 0.000 0.000 0.000 0.000 0.000 0.000 0.166 0.440 0.802 1.000 0.854 0.500 0.200 0.000 0.000 0.000 0.000 0.000 0.000 0.136 0.384 0.745 0.990 0.900 0.561 0.239 0.000 0.000 0.000 0.000 0.000 0.000 0.000 0.000 0.000 0.000 0.000 
0.000 0.000 0.000 0.000 0.000 0.000 0.000 0.000 0.000 0.000 0.000 0.000 0.000 0.000 0.000 0.000 0.000 0.000 0.000 0.000 0.000 0.000 0.000 0.000 0.000 0.000 0.000 0.110 0.331 0.685 0.969 0.939 0.623 0.283 0.000 0.000 0.000 0.000 0.000 0.000 0.000 0.283 0.623 0.939 0.969 0.685 0.331 0.110 0.000 0.000 
0.000 0.000 0.000 0.000 0.000 0.000 0.000 0.000 0.000 0.000 0.000 0.000 0.000 0.000 0.000 0.000 0.000 0.000 0.000 0.000 0.000 0.000 0.000 0.000 0.000 0.000 0.000 0.000 0.000 0.000 0.000 0.000 0.000 0.000 0.000 0.000 0.239 0.561 0.900 0.990 0.745 0.384 0.136 0.000 0.000 0.000 0.000 0.000 0.000 0.200 
# 0 6 12 50
0.000 0.000 0.000 0.000 0.000 0.150 0.411 0.773 0.995 0.877 0.529 0.219 0.000 0.000 0.000 0.000 0.000 0.000 0.000 0.000 0.000 0.000 0.000 0.000 0.000 0.000 0.000 0.000 0.000 0.000 0.000 0.000 0.000 0.000 0.000 0.000 0.000 0.000 0.000 0.000 0.000 0.000 0.000 0.000 0.000 0.000 0.000 0.000 0.000 0.000 
0.877 0.530 0.219 0.000 0.000 0.000 0.000 0.000 0.000 0.122 0.357 0.714 0.979 0.919 0.591 0.260 0.000 0.000 0.000 0.000 0.000 0.000 0.000 0.000 0.000 0.000 0.000 0.000 0.000 0.000 0.000 0.000 0.000 0.000 0.000 0.000 0.000 0.000 0.000 0.000 0.000 0.000 0.000 0.000 0.000 0.000 0.000 0.000 0.000 0.000 
0.122 0.357 0.714 0.979 0.919 0.591 0.260 0.000 0.000 0.000 0.000 0.000 0.000 0.000 0.307 0.653 0.954 0.954 0.653 0.306 0.000 0.000 0.000 0.000 0.000 0.000 0.000 0.000 0.000 0.000 0.000 0.000 0.000 0.000 0.000 0.000 0.000 0.000 0.000 0.000 0.000 0.000 0.000 0.000 0.000 0.000 0.000 0.000 0.000 0.000 
0.000 0.000 0.000 0.000 0.000 0.306 0.653 0.954 0.954 0.653 0.307 0.000 0.000 0.000 0.000 0.000 0.000 0.000 0.260 0.591 0.919 0.979 0.714 0.357 0.122 0.000 0.000 0.000 0.000 0.000 0.000 0.000 0.000 0.000 0.000 0.000 0.000 0.000 0.000 0.000 0.000 0.000 0.000 0.000 0.000 0.000 0.000 0.000 0.000 0.000 
0.000 0.000 0.000 0.000 0.000 0.000 0.000 0.000 0.000 0.260 0.591 0.919 0.979 0.714 0.357 0.122 0.000 0.000 0.000 0.000 0.000 0.000 0.219 0.530 0.877 0.995 0.773 0.411 0.150 0.000 0.000 0.000 0.000 0.000 0.000 0.000 0.000 0.000 0.000 0.000 0.000 0.000 0.000 0.000 0.000 0.000 0.000 0.000 0.000 0.000 
0.000 0.000 0.000 0.000 0.000 0.000 0.000 0.000 0.000 0.000 0.000 0.000 0.000 0.219 0.529 0.877 0.995 0.773 0.411 0.150 0.000 0.000 0.000 0.000 0.000 0.000 0.182 0.469 0.828 1.000 0.827 0.469 0.182 0.000 0.000 0.000 0.000 0.000 0.000 0.000 0.000 0.000 0.000 0.000 0.000 0.000 0.000 0.000 0.000 0.000 
0.000 0.000 0.000 0.000 0.000 0.000 0.000 0.000 0.000 0.000 0.000 0.000 0.000 0.000 0.000 0.000 0.000 0.182 0.469 0.827 1.000 0.828 0.469 0.182 0.000 0.000 0.000 0.000 0.000 0.000 0.150 0.411 0.773 0.995 0.877 0.529 0.219 0.000 0.000 0.000 0.000 0.000 0.000 0.000 0.000 0.000 0.000 0.000 0.000 0.000 
0.000 0.000 0.000 0.000 0.000 0.000 0.000 0.000 0.000 0.000 0.000 0.000 0.000 0.000 0.000 0.000 0.000 0.000 0.000 0.000 0.000 0.150 0.411 0.773 0.995 0.877 0.530 0.219 0.000 0.000 0.000 0.000 0.000 0.000 0.122 0.357 0.714 0.979 0.919 0.591 0.260 0.000 0.000 0.000 0.000 0.000 0.000 0.000 0.000 0.000 
0.000 0.000 0.000 0.000 0.000 0.000 0.000 0.000 0.000 0.000 0.000 0.000 0.000 0.000 0.000 0.000 0.000 0.000 0.000 0.000 0.000 0.000 0.000 0.000 0.000 0.122 0.357 0.714 0.979 0.919 0.591 0.260 0.000 0.000 0.000 0.000 0.000 0.000 0.000 0.307 0.653 0.954 0.954 0.653 0.306 0.000 0.000 0.000 0.000 0.000 
0.000 0.000 0.000 0.000 0.000 0.000 0.000 0.000 0.000 0.000 0.000 0.000 0.000 0.000 0.000 0.000 0.000 0.000 0.000 0.000 0.000 0.000 0.000 0.000 0.000 0.000 0.000 0.000 0.000 0.000 0.306 0.653 0.954 0.954 0.653 0.307 0.000 0.000 0.000 0.000 0.000 0.000 0.000 0.260 0.591 0.919 0.979 0.714 0.357 0.122 
0.000 0.000 0.000 0.000 0.000 0.000 0.000 0.000 0.000 0.000 0.000 0.000 0.000 0.000 0.000 0.000 0.000 0.000 0.000 0.000 0.000 0.000 0.000 0.000 0.000 0.000 0.000 0.000 0.000 0.000 0.000 0.000 0.000 0.000 0.260 0.591 0.919 0.979 0.714 0.357 0.122 0.000 0.000 0.000 0.000 0.000 0.000 0.219 0.530 0.877 
0.000 0.000 0.000 0.000 0.000 0.000 0.000 0.000 0.000 0.000 0.000 0.000 0.000 0.000 0.000 0.000 0.000 0.000 0.000 0.000 0.000 0.000 0.000 0.000 0.000 0.000 0.000 0.000 0.000 0.000 0.000 0.000 0.000 0.000 0.000 0.000 0.000 0.000 0.219 0.529 0.877 0.995 0.773 0.411 0.150 0.000 0.000 0.000 0.000 0.000 
# 1 0 50 5
0.163 0.245 0.000 0.000 0.000 
0.000 0.420 0.000 0.000 0.000 
0.000 0.633 0.000 0.000 0.000 
0.000 0.838 0.000 0.000 0.000 
0.000 0.977 0.000 0.000 0.000 
0.000 1.000 0.000 0.000 0.000 
0.000 0.900 0.000 0.000 0.000 
0.000 0.712 0.000 0.000 0.000 
0.000 0.495 0.000 0.000 0.000 
0.163 0.303 0.125 0.000 0.000 
0.303 0.163 0.245 0.000 0.000 
0.495 0.000 0.420 0.000 0.000 
0.712 0.000 0.633 0.000 0.000 
0.900 0.000 0.838 0.000 0.000 
1.000 0.000 0.977 0.000 0.000 
0.977 0.000 1.000 0.000 0.000 
0.838 0.000 0.900 0.000 0.000 
0.633 0.000 0.712 0.000 0.000 
0.420 0.000 0.495 0.000 0.000 
0.245 0.163 0.303 0.125 0.000 
0.125 0.303 0.163 0.245 0.000 
0.000 0.495 0.000 0.420 0.000 
0.000 0.712 0.000 0.633 0.000 
0.000 0.900 0.000 0.838 0.000 
0.000 1.000 0.000 0.977 0.000 
0.000 0.977 0.000 1.000 0.000 
0.000 0.838 0.000 0.900 0.000 
0.000 0.633 0.000 0.712 0.000 
0.000 0.420 0.000 0.495 0.000 
0.000 0.245 0.163 0.303 0.125 
0.000 0.125 0.303 0.163 0.245 
0.000 0.000 0.495 0.000 0.420 
0.000 0.000 0.712 0.000 0.633 
0.000 0.000 0.900 0.000 0.838 
0.000 0.000 1.000 0.000 0.977 
0.000 0.000 0.977 0.000 1.000 
0.000 0.000 0.838 0.000 0.900 
0.000 0.000 0.633 0.000 0.712 
0.000 0.000 0.420 0.000 0.495 
0.000 0.000 0.245 0.163 0.303 
0.000 0.000 0.125 0.303 0.163 
0.000 0.000 0.000 0.495 0.000 
0.000 0.000 0.000 0.712 0.000 
0.000 0.000 0.000 0.900 0.000 
0.000 0.000 0.000 1.000 0.000 
0.000 0.000 0.000 0.977 0.000 
0.000 0.000 0.000 0.838 0.000 
0.000 0.000 0.000 0.633 0.000 
0.000 0.000 0.000 0.420 0.000 
0.000 0.000 0.000 0.245 0.163 
# 1 2 11 5
0.000 0.580 0.000 0.000 0.000 
0.000 0.844 0.000 0.000 0.000 
0.465 0.000 0.391 0.000 0.000 
0.928 0.000 0.969 0.000 0.000 
0.129 0.294 0.167 0.237 0.000 
0.000 1.000 0.000 1.000 0.000 
0.000 0.237 0.167 0.294 0.129 
0.000 0.000 0.969 0.000 0.928 
0.000 0.000 0.391 0.000 0.465 
0.000 0.000 0.000 0.844 0.000 
0.000 0.000 0.000 0.580 0.000 
# 1 3 45 5
0.156 0.252 0.000 0.000 0.000 
0.000 0.451 0.000 0.000 0.000 
0.000 0.690 0.000 0.000 0.000 
0.000 0.900 0.000 0.000 0.000 
0.000 1.000 0.000 0.000 0.000 
0.000 0.948 0.000 0.000 0.000 
0.000 0.767 0.000 0.000 0.000 
0.000 0.529 0.000 0.000 0.000 
0.156 0.311 0.120 0.000 0.000 
0.311 0.156 0.252 0.000 0.000 
0.529 0.000 0.451 0.000 0.000 
0.767 0.000 0.690 0.000 0.000 
0.948 0.000 0.900 0.000 0.000 
1.000 0.000 1.000 0.000 0.000 
0.900 0.000 0.948 0.000 0.000 
0.690 0.000 0.767 0.000 0.000 
0.451 0.000 0.529 0.000 0.000 
0.252 0.156 0.311 0.120 0.000 
0.120 0.311 0.156 0.252 0.000 
0.000 0.529 0.000 0.451 0.000 
0.000 0.767 0.000 0.690 0.000 
0.000 0.948 0.000 0.900 0.000 
0.000 1.000 0.000 1.000 0.000 
0.000 0.900 0.000 0.948 0.000 
0.000 0.690 0.000 0.767 0.000 
0.000 0.451 0.000 0.529 0.000 
0.000 0.252 0.156 0.311 0.120 
0.000 0.120 0.311 0.156 0.252 
0.000 0.000 0.529 0.000 0.451 
0.000 0.000 0.767 0.000 0.690 
0.000 0.000 0.948 0.000 0.900 
0.000 0.000 1.000 0.000 1.000 
0.000 0.000 0.900 0.000 0.948 
0.000 0.000 0.690 0.000 0.767 
0.000 0.000 0.451 0.000 0.529 
0.000 0.000 0.252 0.156 0.311 
0.000 0.000 0.120 0.311 0.156 
0.000 0.000 0.000 0.529 0.000 
0.000 0.000 0.000 0.767 0.000 
0.000 0.000 0.000 0.948 0.000 
0.000 0.000 0.000 1.000 0.000 
0.000 0.000 0.000 0.900 0.000 
0.000 0.000 0.000 0.690 0.000 
0.000 0.000 0.000 0.451 0.000 
0.000 0.000 0.000 0.252 0.156 
# 1 4 6 5
0.000 1.000 0.000 0.000 0.000 
0.756 0.000 0.672 0.000 0.000 
0.104 0.384 0.136 0.316 0.000 
0.000 0.316 0.136 0.384 0.104 
0.000 0.000 0.672 0.000 0.756 
0.000 0.000 0.000 1.000 0.000 
# 1 5 6 5
0.000 1.000 0.000 0.000 0.000 
0.756 0.000 0.672 0.000 0.000 
0.104 0.384 0.136 0.316 0.000 
0.000 0.316 0.136 0.384 0.104 
0.000 0.000 0.672 0.000 0.756 
0.000 0.000 0.000 1.000 0.000 
# 2 0 50 11
0.000 0.000 0.000 0.000 0.000 0.878 0.000 0.000 0.000 0.000 0.000 
0.000 0.000 0.000 0.000 0.000 0.214 0.000 0.000 0.000 0.000 0.000 
0.000 0.000 0.000 0.000 0.000 0.000 0.000 0.000 0.000 0.000 0.000 
0.000 0.000 0.000 0.000 0.000 0.000 0.000 0.000 0.000 0.000 0.000 
0.000 0.000 0.000 0.000 0.000 0.000 0.212 0.000 0.000 0.000 0.000 
0.000 0.000 0.000 0.000 0.000 0.000 0.880 0.000 0.000 0.000 0.000 
0.000 0.000 0.000 0.000 0.000 0.000 0.000 0.000 0.000 0.000 0.000 
0.000 0.000 0.000 0.000 0.000 0.000 0.000 0.000 0.000 0.000 0.000 
0.000 0.000 0.000 0.000 0.000 0.000 0.000 0.000 0.000 0.000 0.000 
0.000 0.000 0.000 0.000 0.000 0.000 0.000 0.772 0.000 0.000 0.000 
0.000 0.000 0.000 0.000 0.000 0.000 0.000 0.301 0.000 0.000 0.000 
0.000 0.000 0.000 0.000 0.000 0.000 0.000 0.000 0.000 0.000 0.000 
0.000 0.000 0.000 0.000 0.000 0.000 0.000 0.000 0.000 0.000 0.000 
0.000 0.000 0.000 0.000 0.000 0.000 0.000 0.000 0.144 0.000 0.000 
0.000 0.000 0.000 0.000 0.000 0.000 0.000 0.000 0.958 0.000 0.000 
0.000 0.000 0.000 0.000 0.000 0.000 0.000 0.000 0.000 0.000 0.000 
0.000 0.000 0.000 0.000 0.000 0.000 0.000 0.000 0.000 0.000 0.000 
0.000 0.000 0.000 0.000 0.000 0.000 0.000 0.000 0.000 0.000 0.000 
0.000 0.000 0.000 0.000 0.000 0.000 0.000 0.000 0.000 0.650 0.000 
0.000 0.000 0.000 0.000 0.000 0.000 0.000 0.000 0.000 0.407 0.000 
0.000 0.000 0.000 0.000 0.000 0.000 0.000 0.000 0.000 0.000 0.000 
0.000 0.000 0.000 0.000 0.000 0.000 0.000 0.000 0.000 0.000 0.000 
0.000 0.000 0.000 0.000 0.000 0.000 0.000 0.000 0.000 0.000 0.000 
0.000 0.000 0.000 0.000 0.000 0.000 0.000 0.000 0.000 0.000 1.000 
0.000 0.000 0.000 0.000 0.000 0.000 0.000 0.000 0.000 0.000 0.000 
0.000 0.000 0.000 0.000 0.000 0.000 0.000 0.000 0.000 0.000 0.000 
1.000 0.000 0.000 0.000 0.000 0.000 0.000 0.000 0.000 0.000 0.000 
0.000 0.000 0.000 0.000 0.000 0.000 0.000 0.000 0.000 0.000 0.000 
0.000 0.000 0.000 0.000 0.000 0.000 0.000 0.000 0.000 0.000 0.000 
0.000 0.000 0.000 0.000 0.000 0.000 0.000 0.000 0.000 0.000 0.000 
0.000 0.407 0.000 0.000 0.000 0.000 0.000 0.000 0.000 0.000 0.000 
0.000 0.650 0.000 0.000 0.000 0.000 0.000 0.000 0.000 0.000 0.000 
0.000 0.000 0.000 0.000 0.000 0.000 0.000 0.000 0.000 0.000 0.000 
0.000 0.000 0.000 0.000 0.000 0.000 0.000 0.000 0.000 0.000 0.000 
0.000 0.000 0.000 0.000 0.000 0.000 0.000 0.000 0.000 0.000 0.000 
0.000 0.000 0.958 0.000 0.000 0.000 0.000 0.000 0.000 0.000 0.000 
0.000 0.000 0.144 0.000 0.000 0.000 0.000 0.000 0.000 0.000 0.000 
0.000 0.000 0.000 0.000 0.000 0.000 0.000 0.000 0.000 0.000 0.000 
0.000 0.000 0.000 0.000 0.000 0.000 0.000 0.000 0.000 0.000 0.000 
0.000 0.000 0.000 0.301 0.000 0.000 0.000 0.000 0.000 0.000 0.000 
0.000 0.000 0.000 0.772 0.000 0.000 0.000 0.000 0.000 0.000 0.000 
0.000 0.000 0.000 0.000 0.000 0.000 0.000 0.000 0.000 0.000 0.000 
0.000 0.000 0.000 0.000 0.000 0.000 0.000 0.000 0.000 0.000 0.000 
0.000 0.000 0.000 0.000 0.000 0.000 0.000 0.000 0.000 0.000 0.000 
0.000 0.000 0.000 0.000 0.880 0.000 0.000 0.000 0.000 0.000 0.000 
0.000 0.000 0.000 0.000 0.212 0.000 0.000 0.000 0.000 0.000 0.000 
0.000 0.000 0.000 0.000 0.000 0.000 0.000 0.000 0.000 0.000 0.000 
0.000 0.000 0.000 0.000 0.000 0.000 0.000 0.000 0.000 0.000 0.000 
0.000 0.000 0.000 0.000 0.000 0.214 0.000 0.000 0.000 0.000 0.000 
0.000 0.000 0.000 0.000 0.000 0.878 0.000 0.000 0.000 0.000 0.000 
# 2 1 5 11
0.000 0.000 0.000 0.000 0.000 0.000 1.000 0.000 0.000 0.000 0.000 
0.000 0.000 0.000 0.000 0.000 0.000 0.000 0.000 0.425 0.000 0.000 
0.000 0.000 0.000 0.000 0.000 0.000 0.000 0.000 0.000 0.000 0.000 
0.000 0.000 0.425 0.000 0.000 0.000 0.000 0.000 0.000 0.000 0.000 
0.000 0.000 0.000 0.000 1.000 0.000 0.000 0.000 0.000 0.000 0.000 
# 2 3 45 11
0.000 0.000 0.000 0.000 0.000 1.000 0.000 0.000 0.000 0.000 0.000 
0.000 0.000 0.000 0.000 0.000 0.110 0.000 0.000 0.000 0.000 0.000 
0.000 0.000 0.000 0.000 0.000 0.000 0.000 0.000 0.000 0.000 0.000 
0.000 0.000 0.000 0.000 0.000 0.000 0.000 0.000 0.000 0.000 0.000 
0.000 0.000 0.000 0.000 0.000 0.000 0.890 0.000 0.000 0.000 0.000 
0.000 0.000 0.000 0.000 0.000 0.000 0.175 0.000 0.000 0.000 0.000 
0.000 0.000 0.000 0.000 0.000 0.000 0.000 0.000 0.000 0.000 0.000 
0.000 0.000 0.000 0.000 0.000 0.000 0.000 0.000 0.000 0.000 0.000 
0.000 0.000 0.000 0.000 0.000 0.000 0.000 0.750 0.000 0.000 0.000 
0.000 0.000 0.000 0.000 0.000 0.000 0.000 0.264 0.000 0.000 0.000 
0.000 0.000 0.000 0.000 0.000 0.000 0.000 0.000 0.000 0.000 0.000 
0.000 0.000 0.000 0.000 0.000 0.000 0.000 0.000 0.000 0.000 0.000 
0.000 0.000 0.000 0.000 0.000 0.000 0.000 0.000 0.600 0.000 0.000 
0.000 0.000 0.000 0.000 0.000 0.000 0.000 0.000 0.378 0.000 0.000 
0.000 0.000 0.000 0.000 0.000 0.000 0.000 0.000 0.000 0.000 0.000 
0.000 0.000 0.000 0.000 0.000 0.000 0.000 0.000 0.000 0.000 0.000 
0.000 0.000 0.000 0.000 0.000 0.000 0.000 0.000 0.000 0.455 0.000 
0.000 0.000 0.000 0.000 0.000 0.000 0.000 0.000 0.000 0.514 0.000 
0.000 0.000 0.000 0.000 0.000 0.000 0.000 0.000 0.000 0.000 0.000 
0.000 0.000 0.000 0.000 0.000 0.000 0.000 0.000 0.000 0.000 0.000 
0.000 0.000 0.000 0.000 0.000 0.000 0.000 0.000 0.000 0.000 0.328 
0.000 0.000 0.000 0.000 0.000 0.000 0.000 0.000 0.000 0.000 0.663 
0.000 0.000 0.000 0.000 0.000 0.000 0.000 0.000 0.000 0.000 0.000 
0.663 0.000 0.000 0.000 0.000 0.000 0.000 0.000 0.000 0.000 0.000 
0.328 0.000 0.000 0.000 0.000 0.000 0.000 0.000 0.000 0.000 0.000 
0.000 0.000 0.000 0.000 0.000 0.000 0.000 0.000 0.000 0.000 0.000 
0.000 0.000 0.000 0.000 0.000 0.000 0.000 0.000 0.000 0.000 0.000 
0.000 0.514 0.000 0.000 0.000 0.000 0.000 0.000 0.000 0.000 0.000 
0.000 0.455 0.000 0.000 0.000 0.000 0.000 0.000 0.000 0.000 0.000 
0.000 0.000 0.000 0.000 0.000 0.000 0.000 0.000 0.000 0.000 0.000 
0.000 0.000 0.000 0.000 0.000 0.000 0.000 0.000 0.000 0.000 0.000 
0.000 0.000 0.378 0.000 0.000 0.000 0.000 0.000 0.000 0.000 0.000 
0.000 0.000 0.600 0.000 0.000 0.000 0.000 0.000 0.000 0.000 0.000 
0.000 0.000 0.000 0.000 0.000 0.000 0.000 0.000 0.000 0.000 0.000 
0.000 0.000 0.000 0.000 0.000 0.000 0.000 0.000 0.000 0.000 0.000 
0.000 0.000 0.000 0.264 0.000 0.000 0.000 0.000 0.000 0.000 0.000 
0.000 0.000 0.000 0.750 0.000 0.000 0.000 0.000 0.000 0.000 0.000 
0.000 0.000 0.000 0.000 0.000 0.000 0.000 0.000 0.000 0.000 0.000 
0.000 0.000 0.000 0.000 0.000 0.000 0.000 0.000 0.000 0.000 0.000 
0.000 0.000 0.000 0.000 0.175 0.000 0.000 0.000 0.000 0.000 0.000 
0.000 0.000 0.000 0.000 0.890 0.000 0.000 0.000 0.000 0.000 0.000 
0.000 0.000 0.000 0.000 0.000 0.000 0.000 0.000 0.000 0.000 0.000 
0.000 0.000 0.000 0.000 0.000 0.000 0.000 0.000 0.000 0.000 0.000 
0.000 0.000 0.000 0.000 0.000 0.110 0.000 0.000 0.000 0.000 0.000 
0.000 0.000 0.000 0.000 0.000 1.000 0.000 0.000 0.000 0.000 0.000 
# 2 4 6 11
0.000 0.000 0.000 0.000 0.000 0.000 1.000 0.000 0.000 0.000 0.000 
0.000 0.000 0.000 0.000 0.000 0.000 0.000 0.000 0.000 0.000 0.000 
0.000 0.000 0.000 0.000 0.000 0.000 0.000 0.000 0.000 0.000 0.000 
0.000 0.000 0.000 0.000 0.000 0.000 0.000 0.000 0.000 0.000 0.000 
0.000 0.000 0.000 0.000 0.000 0.000 0.000 0.000 0.000 0.000 0.000 
0.000 0.000 0.000 0.000 1.000 0.000 0.000 0.000 0.000 0.000 0.000 
# 2 5 6 11
0.000 0.000 0.000 0.000 0.000 0.000 1.000 0.000 0.000 0.000 0.000 
0.000 0.000 0.000 0.000 0.000 0.000 0.000 0.000 0.000 0.000 0.000 
0.000 0.000 0.000 0.000 0.000 0.000 0.000 0.000 0.000 0.000 0.000 
0.000 0.000 0.000 0.000 0.000 0.000 0.000 0.000 0.000 0.000 0.000 
0.000 0.000 0.000 0.000 0.000 0.000 0.000 0.000 0.000 0.000 0.000 
0.000 0.000 0.000 0.000 1.000 0.000 0.000 0.000 0.000 0.000 0.000 
# 3 0 50 45
-0.932 -0.985 -1.000 -0.975 -0.913 -0.822 -0.711 -0.591 -0.471 -0.361 -0.266 -0.188 -0.128 0.000 0.000 0.000 0.000 0.000 0.000 0.000 0.000 0.000 0.000 0.000 0.000 0.000 0.000 0.000 0.000 0.000 0.000 0.000 0.000 0.000 0.000 0.000 0.000 0.000 0.000 0.000 0.000 0.000 0.000 0.000 0.000 
-0.977 -0.939 -0.988 -0.999 -0.970 -0.905 -0.812 -0.699 -0.578 -0.460 -0.351 -0.258 -0.182 -0.123 0.000 0.000 0.000 0.000 0.000 0.000 0.000 0.000 0.000 0.000 0.000 0.000 0.000 0.000 0.000 0.000 0.000 0.000 0.000 0.000 0.000 0.000 0.000 0.000 0.000 0.000 0.000 0.000 0.000 0.000 0.000 
-0.999 -0.973 -0.945 -0.991 -0.998 -0.965 -0.897 -0.801 -0.687 -0.566 -0.448 -0.341 -0.249 -0.175 -0.118 0.000 0.000 0.000 0.000 0.000 0.000 0.000 0.000 0.000 0.000 0.000 0.000 0.000 0.000 0.000 0.000 0.000 0.000 0.000 0.000 0.000 0.000 0.000 0.000 0.000 0.000 0.000 0.000 0.000 0.000 
-0.989 -0.999 -0.968 -0.952 -0.993 -0.996 -0.960 -0.889 -0.790 -0.675 -0.554 -0.437 -0.331 -0.241 -0.168 -0.113 0.000 0.000 0.000 0.000 0.000 0.000 0.000 0.000 0.000 0.000 0.000 0.000 0.000 0.000 0.000 0.000 0.000 0.000 0.000 0.000 0.000 0.000 0.000 0.000 0.000 0.000 0.000 0.000 0.000 
-0.948 -0.992 -0.997 -0.963 -0.957 -0.996 -0.994 -0.954 -0.880 -0.779 -0.663 -0.542 -0.426 -0.321 -0.233 -0.162 -0.109 0.000 0.000 0.000 0.000 0.000 0.000 0.000 0.000 0.000 0.000 0.000 0.000 0.000 0.000 0.000 0.000 0.000 0.000 0.000 0.000 0.000 0.000 0.000 0.000 0.000 0.000 0.000 0.000 
-0.880 -0.954 -0.994 -0.996 -0.957 -0.963 -0.997 -0.992 -0.948 -0.871 -0.768 -0.651 -0.530 -0.415 -0.312 -0.225 -0.156 -0.104 0.000 0.000 0.000 0.000 0.000 0.000 0.000 0.000 0.000 0.000 0.000 0.000 0.000 0.000 0.000 0.000 0.000 0.000 0.000 0.000 0.000 0.000 0.000 0.000 0.000 0.000 0.000 
-0.790 -0.889 -0.960 -0.996 -0.993 -0.952 -0.968 -0.999 -0.989 -0.942 -0.862 -0.757 -0.639 -0.518 -0.404 -0.302 -0.217 -0.150 0.000 0.000 0.000 0.000 0.000 0.000 0.000 0.000 0.000 0.000 0.000 0.000 0.000 0.000 0.000 0.000 0.000 0.000 0.000 0.000 0.000 0.000 0.000 0.000 0.000 0.000 0.000 
-0.687 -0.801 -0.897 -0.965 -0.998 -0.991 -0.945 -0.973 -0.999 -0.986 -0.935 -0.852 -0.746 -0.627 -0.506 -0.393 -0.293 -0.210 -0.144 0.000 0.000 0.000 0.000 0.000 0.000 0.000 0.000 0.000 0.000 0.000 0.000 0.000 0.000 0.000 0.000 0.000 0.000 0.000 0.000 0.000 0.000 0.000 0.000 0.000 0.000 
-0.578 -0.699 -0.812 -0.905 -0.970 -0.999 -0.988 -0.939 -0.977 -1.000 -0.983 -0.928 -0.842 -0.734 -0.615 -0.495 -0.382 -0.284 -0.203 -0.139 0.000 0.000 0.000 0.000 0.000 0.000 0.000 0.000 0.000 0.000 0.000 0.000 0.000 0.000 0.000 0.000 0.000 0.000 0.000 0.000 0.000 0.000 0.000 0.000 0.000 
-0.471 -0.591 -0.711 -0.822 -0.913 -0.975 -1.000 -0.985 -0.932 -0.981 -1.000 -0.979 -0.921 -0.832 -0.723 -0.603 -0.483 -0.372 -0.275 -0.195 -0.133 0.000 0.000 0.000 0.000 0.000 0.000 0.000 0.000 0.000 0.000 0.000 0.000 0.000 0.000 0.000 0.000 0.000 0.000 0.000 0.000 0.000 0.000 0.000 0.000 
-0.372 -0.483 -0.603 -0.723 -0.832 -0.921 -0.979 -1.000 -0.981 -0.932 -0.985 -1.000 -0.975 -0.913 -0.822 -0.711 -0.591 -0.471 -0.361 -0.266 -0.188 -0.128 0.000 0.000 0.000 0.000 0.000 0.000 0.000 0.000 0.000 0.000 0.000 0.000 0.000 0.000 0.000 0.000 0.000 0.000 0.000 0.000 0.000 0.000 0.000 
-0.284 -0.382 -0.495 -0.615 -0.734 -0.842 -0.928 -0.983 -1.000 -0.977 -0.939 -0.988 -0.999 -0.970 -0.905 -0.812 -0.699 -0.578 -0.460 -0.351 -0.258 -0.182 -0.123 0.000 0.000 0.000 0.000 0.000 0.000 0.000 0.000 0.000 0.000 0.000 0.000 0.000 0.000 0.000 0.000 0.000 0.000 0.000 0.000 0.000 0.000 
-0.210 -0.293 -0.393 -0.506 -0.627 -0.746 -0.852 -0.935 -0.986 -0.999 -0.973 -0.945 -0.991 -0.998 -0.965 -0.897 -0.801 -0.687 -0.566 -0.448 -0.341 -0.249 -0.175 -0.118 0.000 0.000 0.000 0.000 0.000 0.000 0.000 0.000 0.000 0.000 0.000 0.000 0.000 0.000 0.000 0.000 0.000 0.000 0.000 0.000 0.000 
-0.150 -0.217 -0.302 -0.404 -0.518 -0.639 -0.757 -0.862 -0.942 -0.989 -0.999 -0.968 -0.952 -0.993 -0.996 -0.960 -0.889 -0.790 -0.675 -0.554 -0.437 -0.331 -0.241 -0.168 -0.113 0.000 0.000 0.000 0.000 0.000 0.000 0.000 0.000 0.000 0.000 0.000 0.000 0.000 0.000 0.000 0.000 0.000 0.000 0.000 0.000 
-0.104 -0.156 -0.225 -0.312 -0.415 -0.530 -0.651 -0.768 -0.871 -0.948 -0.992 -0.997 -0.963 -0.957 -0.996 -0.994 -0.954 -0.880 -0.779 -0.663 -0.542 -0.426 -0.321 -0.233 -0.162 -0.109 0.000 0.000 0.000 0.000 0.000 0.000 0.000 0.000 0.000 0.000 0.000 0.000 0.000 0.000 0.000 0.000 0.000 0.000 0.000 
0.000 -0.109 -0.162 -0.233 -0.321 -0.426 -0.542 -0.663 -0.779 -0.880 -0.954 -0.994 -0.996 -0.957 -0.963 -0.997 -0.992 -0.948 -0.871 -0.768 -0.651 -0.530 -0.415 -0.312 -0.225 -0.156 -0.104 0.000 0.000 0.000 0.000 0.000 0.000 0.000 0.000 0.000 0.000 0.000 0.000 0.000 0.000 0.000 0.000 0.000 0.000 
0.000 0.000 -0.113 -0.168 -0.241 -0.331 -0.437 -0.554 -0.675 -0.790 -0.889 -0.960 -0.996 -0.993 -0.952 -0.968 -0.999 -0.989 -0.942 -0.862 -0.757 -0.639 -0.518 -0.404 -0.302 -0.217 -0.150 0.000 0.000 0.000 0.000 0.000 0.000 0.000 0.000 0.000 0.000 0.000 0.000 0.000 0.000 0.000 0.000 0.000 0.000 
0.000 0.000 0.000 -0.118 -0.175 -0.249 -0.341 -0.448 -0.566 -0.687 -0.801 -0.897 -0.965 -0.998 -0.991 -0.945 -0.973 -0.999 -0.986 -0.935 -0.852 -0.746 -0.627 -0.506 -0.393 -0.293 -0.210 -0.144 0.000 0.000 0.000 0.000 0.000 0.000 0.000 0.000 0.000 0.000 0.000 0.000 0.000 0.000 0.000 0.000 0.000 
0.000 0.000 0.000 0.000 -0.123 -0.182 -0.258 -0.351 -0.460 -0.578 -0.699 -0.812 -0.905 -0.970 -0.999 -0.988 -0.939 -0.977 -1.000 -0.983 -0.928 -0.842 -0.734 -0.615 -0.495 -0.382 -0.284 -0.203 -0.139 0.000 0.000 0.000 0.000 0.000 0.000 0.000 0.000 0.000 0.000 0.000 0.000 0.000 0.000 0.000 0.000 
0.000 0.000 0.000 0.000 0.000 -0.128 -0.188 -0.266 -0.361 -0.471 -0.591 -0.711 -0.822 -0.913 -0.975 -1.000 -0.985 -0.932 -0.981 -1.000 -0.979 -0.921 -0.832 -0.723 -0.603 -0.483 -0.372 -0.275 -0.195 -0.133 0.000 0.000 0.000 0.000 0.000 0.000 0.000 0.000 0.000 0.000 0.000 0.000 0.000 0.000 0.000 
0.000 0.000 0.000 0.000 0.000 0.000 -0.133 -0.195 -0.275 -0.372 -0.483 -0.603 -0.723 -0.832 -0.921 -0.979 -1.000 -0.981 -0.932 -0.985 -1.000 -0.975 -0.913 -0.822 -0.711 -0.591 -0.471 -0.361 -0.266 -0.188 -0.128 0.000 0.000 0.000 0.000 0.000 0.000 0.000 0.000 0.000 0.000 0.000 0.000 0.000 0.000 
0.000 0.000 0.000 0.000 0.000 0.000 0.000 -0.139 -0.203 -0.284 -0.382 -0.495 -0.615 -0.734 -0.842 -0.928 -0.983 -1.000 -0.977 -0.939 -0.988 -0.999 -0.970 -0.905 -0.812 -0.699 -0.578 -0.460 -0.351 -0.258 -0.182 -0.123 0.000 0.000 0.000 0.000 0.000 0.000 0.000 0.000 0.000 0.000 0.000 0.000 0.000 
0.000 0.000 0.000 0.000 0.000 0.000 0.000 0.000 -0.144 -0.210 -0.293 -0.393 -0.506 -0.627 -0.746 -0.852 -0.935 -0.986 -0.999 -0.973 -0.945 -0.991 -0.998 -0.965 -0.897 -0.801 -0.687 -0.566 -0.448 -0.341 -0.249 -0.175 -0.118 0.000 0.000 0.000 0.000 0.000 0.000 0.000 0.000 0.000 0.000 0.000 0.000 
0.000 0.000 0.000 0.000 0.000 0.000 0.000 0.000 0.000 -0.150 -0.217 -0.302 -0.404 -0.518 -0.639 -0.757 -0.862 -0.942 -0.989 -0.999 -0.968 -0.952 -0.993 -0.996 -0.960 -0.889 -0.790 -0.675 -0.554 -0.437 -0.331 -0.241 -0.168 -0.113 0.000 0.000 0.000 0.000 0.000 0.000 0.000 0.000 0.000 0.000 0.000 
0.000 0.000 0.000 0.000 0.000 0.000 0.000 0.000 0.000 -0.104 -0.156 -0.225 -0.312 -0.415 -0.530 -0.651 -0.768 -0.871 -0.948 -0.992 -0.997 -0.963 -0.957 -0.996 -0.994 -0.954 -0.880 -0.779 -0.663 -0.542 -0.426 -0.321 -0.233 -0.162 -0.109 0.000 0.000 0.000 0.000 0.000 0.000 0.000 0.000 0.000 0.000 
0.000 0.000 0.000 0.000 0.000 0.000 0.000 0.000 0.000 0.000 -0.109 -0.162 -0.233 -0.321 -0.426 -0.542 -0.663 -0.779 -0.880 -0.954 -0.994 -0.996 -0.957 -0.963 -0.997 -0.992 -0.948 -0.871 -0.768 -0.651 -0.530 -0.415 -0.312 -0.225 -0.156 -0.104 0.000 0.000 0.000 0.000 0.000 0.000 0.000 0.000 0.000 
0.000 0.000 0.000 0.000 0.000 0.000 0.000 0.000 0.000 0.000 0.000 -0.113 -0.168 -0.241 -0.331 -0.437 -0.554 -0.675 -0.790 -0.889 -0.960 -0.996 -0.993 -0.952 -0.968 -0.999 -0.989 -0.942 -0.862 -0.757 -0.639 -0.518 -0.404 -0.302 -0.217 -0.150 0.000 0.000 0.000 0.000 0.000 0.000 0.000 0.000 0.000 
0.000 0.000 0.000 0.000 0.000 0.000 0.000 0.000 0.000 0.000 0.000 0.000 -0.118 -0.175 -0.249 -0.341 -0.448 -0.566 -0.687 -0.801 -0.897 -0.965 -0.998 -0.991 -0.945 -0.973 -0.999 -0.986 -0.935 -0.852 -0.746 -0.627 -0.506 -0.393 -0.293 -0.210 -0.144 0.000 0.000 0.000 0.000 0.000 0.000 0.000 0.000 
0.000 0.000 0.000 0.000 0.000 0.000 0.000 0.000 0.000 0.000 0.000 0.000 0.000 -0.123 -0.182 -0.258 -0.351 -0.460 -0.578 -0.699 -0.812 -0.905 -0.970 -0.999 -0.988 -0.939 -0.977 -1.000 -0.983 -0.928 -0.842 -0.734 -0.615 -0.495 -0.382 -0.284 -0.203 -0.139 0.000 0.000 0.000 0.000 0.000 0.000 0.000 
0.000 0.000 0.000 0.000 0.000 0.000 0.000 0.000 0.000 0.000 0.000 0.000 0.000 0.000 -0.128 -0.188 -0.266 -0.361 -0.471 -0.591 -0.711 -0.822 -0.913 -0.975 -1.000 -0.985 -0.932 -0.981 -1.000 -0.979 -0.921 -0.832 -0.723 -0.603 -0.483 -0.372 -0.275 -0.195 -0.133 0.000 0.000 0.000 0.000 0.000 0.000 
0.000 0.000 0.000 0.000 0.000 0.000 0.000 0.000 0.000 0.000 0.000 0.000 0.000 0.000 0.000 -0.133 -0.195 -0.275 -0.372 -0.483 -0.603 -0.723 -0.832 -0.921 -0.979 -1.000 -0.981 -0.932 -0.985 -1.000 -0.975 -0.913 -0.822 -0.711 -0.591 -0.471 -0.361 -0.266 -0.188 -0.128 0.000 0.000 0.000 0.000 0.000 
0.000 0.000 0.000 0.000 0.000 0.000 0.000 0.000 0.000 0.000 0.000 0.000 0.000 0.000 0.000 0.000 -0.139 -0.203 -0.284 -0.382 -0.495 -0.615 -0.734 -0.842 -0.928 -0.983 -1.000 -0.977 -0.939 -0.988 -0.999 -0.970 -0.905 -0.812 -0.699 -0.578 -0.460 -0.351 -0.258 -0.182 -0.123 0.000 0.000 0.000 0.000 
0.000 0.000 0.000 0.000 0.000 0.000 0.000 0.000 0.000 0.000 0.000 0.000 0.000 0.000 0.000 0.000 0.000 -0.144 -0.210 -0.293 -0.393 -0.506 -0.627 -0.746 -0.852 -0.935 -0.986 -0.999 -0.973 -0.945 -0.991 -0.998 -0.965 -0.897 -0.801 -0.687 -0.566 -0.448 -0.341 -0.249 -0.175 -0.118 0.000 0.000 0.000 
0.000 0.000 0.000 0.000 0.000 0.000 0.000 0.000 0.000 0.000 0.000 0.000 0.000 0.000 0.000 0.000 0.000 0.000 -0.150 -0.217 -0.302 -0.404 -0.518 -0.639 -0.757 -0.862 -0.942 -0.989 -0.999 -0.968 -0.952 -0.993 -0.996 -0.960 -0.889 -0.790 -0.675 -0.554 -0.437 -0.331 -0.241 -0.168 -0.113 0.000 0.000 
0.000 0.000 0.000 0.000 0.000 0.000 0.000 0.000 0.000 0.000 0.000 0.000 0.000 0.000 0.000 0.000 0.000 0.000 -0.104 -0.156 -0.225 -0.312 -0.415 -0.530 -0.651 -0.768 -0.871 -0.948 -0.992 -0.997 -0.963 -0.957 -0.996 -0.994 -0.954 -0.880 -0.779 -0.663 -0.542 -0.426 -0.321 -0.233 -0.162 -0.109 0.000 
0.000 0.000 0.000 0.000 0.000 0.000 0.000 0.000 0.000 0.000 0.000 0.000 0.000 0.000 0.000 0.000 0.000 0.000 0.000 -0.109 -0.162 -0.233 -0.321 -0.426 -0.542 -0.663 -0.779 -0.880 -0.954 -0.994 -0.996 -0.957 -0.963 -0.997 -0.992 -0.948 -0.871 -0.768 -0.651 -0.530 -0.415 -0.312 -0.225 -0.156 -0.104 
0.000 0.000 0.000 0.000 0.000 0.000 0.000 0.000 0.000 0.000 0.000 0.000 0.000 0.000 0.000 0.000 0.000 0.000 0.000 0.000 -0.113 -0.168 -0.241 -0.331 -0.437 -0.554 -0.675 -0.790 -0.889 -0.960 -0.996 -0.993 -0.952 -0.968 -0.999 -0.989 -0.942 -0.862 -0.757 -0.639 -0.518 -0.404 -0.302 -0.217 -0.150 
0.000 0.000 0.000 0.000 0.000 0.000 0.000 0.000 0.000 0.000 0.000 0.000 0.000 0.000 0.000 0.000 0.000 0.000 0.000 0.000 0.000 -0.118 -0.175 -0.249 -0.341 -0.448 -0.566 -0.687 -0.801 -0.897 -0.965 -0.998 -0.991 -0.945 -0.973 -0.999 -0.986 -0.935 -0.852 -0.746 -0.627 -0.506 -0.393 -0.293 -0.210 
0.000 0.000 0.000 0.000 0.000 0.000 0.000 0.000 0.000 0.000 0.000 0.000 0.000 0.000 0.000 0.000 0.000 0.000 0.000 0.000 0.000 0.000 -0.123 -0.182 -0.258 -0.351 -0.460 -0.578 -0.699 -0.812 -0.905 -0.970 -0.999 -0.988 -0.939 -0.977 -1.000 -0.983 -0.928 -0.842 -0.734 -0.615 -0.495 -0.382 -0.284 
0.000 0.000 0.000 0.000 0.000 0.000 0.000 0.000 0.000 0.000 0.000 0.000 0.000 0.000 0.000 0.000 0.000 0.000 0.000 0.000 0.000 0.000 0.000 -0.128 -0.188 -0.266 -0.361 -0.471 -0.591 -0.711 -0.822 -0.913 -0.975 -1.000 -0.985 -0.932 -0.981 -1.000 -0.979 -0.921 -0.832 -0.723 -0.603 -0.483 -0.372 
0.000 0.000 0.000 0.000 0.000 0.000 0.000 0.000 0.000 0.000 0.000 0.000 0.000 0.000 0.000 0.000 0.000 0.000 0.000 0.000 0.000 0.000 0.000 0.000 -0.133 -0.195 -0.275 -0.372 -0.483 -0.603 -0.723 -0.832 -0.921 -0.979 -1.000 -0.981 -0.932 -0.985 -1.000 -0.975 -0.913 -0.822 -0.711 -0.591 -0.471 
0.000 0.000 0.000 0.000 0.000 0.000 0.000 0.000 0.000 0.000 0.000 0.000 0.000 0.000 0.000 0.000 0.000 0.000 0.000 0.000 0.000 0.000 0.000 0.000 0.000 -0.139 -0.203 -0.284 -0.382 -0.495 -0.615 -0.734 -0.842 -0.928 -0.983 -1.000 -0.977 -0.939 -0.988 -0.999 -0.970 -0.905 -0.812 -0.699 -0.578 
0.000 0.000 0.000 0.000 0.000 0.000 0.000 0.000 0.000 0.000 0.000 0.000 0.000 0.000 0.000 0.000 0.000 0.000 0.000 0.000 0.000 0.000 0.000 0.000 0.000 0.000 -0.144 -0.210 -0.293 -0.393 -0.506 -0.627 -0.746 -0.852 -0.935 -0.986 -0.999 -0.973 -0.945 -0.991 -0.998 -0.965 -0.897 -0.801 -0.687 
0.000 0.000 0.000 0.000 0.000 0.000 0.000 0.000 0.000 0.000 0.000 0.000 0.000 0.000 0.000 0.000 0.000 0.000 0.000 0.000 0.000 0.000 0.000 0.000 0.000 0.000 0.000 -0.150 -0.217 -0.302 -0.404 -0.518 -0.639 -0.757 -0.862 -0.942 -0.989 -0.999 -0.968 -0.952 -0.993 -0.996 -0.960 -0.889 -0.790 
0.000 0.000 0.000 0.000 0.000 0.000 0.000 0.000 0.000 0.000 0.000 0.000 0.000 0.000 0.000 0.000 0.000 0.000 0.000 0.000 0.000 0.000 0.000 0.000 0.000 0.000 0.000 -0.104 -0.156 -0.225 -0.312 -0.415 -0.530 -0.651 -0.768 -0.871 -0.948 -0.992 -0.997 -0.963 -0.957 -0.996 -0.994 -0.954 -0.880 
0.000 0.000 0.000 0.000 0.000 0.000 0.000 0.000 0.000 0.000 0.000 0.000 0.000 0.000 0.000 0.000 0.000 0.000 0.000 0.000 0.000 0.000 0.000 0.000 0.000 0.000 0.000 0.000 -0.109 -0.162 -0.233 -0.321 -0.426 -0.542 -0.663 -0.779 -0.880 -0.954 -0.994 -0.996 -0.957 -0.963 -0.997 -0.992 -0.948 
0.000 0.000 0.000 0.000 0.000 0.000 0.000 0.000 0.000 0.000 0.000 0.000 0.000 0.000 0.000 0.000 0.000 0.000 0.000 0.000 0.000 0.000 0.000 0.000 0.000 0.000 0.000 0.000 0.000 -0.113 -0.168 -0.241 -0.331 -0.437 -0.554 -0.675 -0.790 -0.889 -0.960 -0.996 -0.993 -0.952 -0.968 -0.999 -0.989 
0.000 0.000 0.000 0.000 0.000 0.000 0.000 0.000 0.000 0.000 0.000 0.000 0.000 0.000 0.000 0.000 0.000 0.000 0.000 0.000 0.000 0.000 0.000 0.000 0.000 0.000 0.000 0.000 0.000 0.000 -0.118 -0.175 -0.249 -0.341 -0.448 -0.566 -0.687 -0.801 -0.897 -0.965 -0.998 -0.991 -0.945 -0.973 -0.999 
0.000 0.000 0.000 0.000 0.000 0.000 0.000 0.000 0.000 0.000 0.000 0.000 0.000 0.000 0.000 0.000 0.000 0.000 0.000 0.000 0.000 0.000 0.000 0.000 0.000 0.000 0.000 0.000 0.000 0.000 0.000 -0.123 -0.182 -0.258 -0.351 -0.460 -0.578 -0.699 -0.812 -0.905 -0.970 -0.999 -0.988 -0.939 -0.977 
0.000 0.000 0.000 0.000 0.000 0.000 0.000 0.000 0.000 0.000 0.000 0.000 0.000 0.000 0.000 0.000 0.000 0.000 0.000 0.000 0.000 0.000 0.000 0.000 0.000 0.000 0.000 0.000 0.000 0.000 0.000 0.000 -0.128 -0.188 -0.266 -0.361 -0.471 -0.591 -0.711 -0.822 -0.913 -0.975 -1.000 -0.985 -0.932 
# 3 1 5 45
-0.917 -0.977 -1.000 -0.983 -0.929 -0.983 -1.000 -0.977 -0.917 -0.827 -0.717 -0.597 -0.477 -0.367 -0.271 -0.192 -0.131 0.000 0.000 0.000 0.000 0.000 0.000 0.000 0.000 0.000 0.000 0.000 0.000 0.000 0.000 0.000 0.000 0.000 0.000 0.000 0.000 0.000 0.000 0.000 0.000 0.000 0.000 0.000 0.000 
0.000 -0.131 -0.192 -0.271 -0.367 -0.477 -0.597 -0.717 -0.827 -0.917 -0.977 -1.000 -0.983 -0.929 -0.983 -1.000 -0.977 -0.917 -0.827 -0.717 -0.597 -0.477 -0.367 -0.271 -0.192 -0.131 0.000 0.000 0.000 0.000 0.000 0.000 0.000 0.000 0.000 0.000 0.000 0.000 0.000 0.000 0.000 0.000 0.000 0.000 0.000 
0.000 0.000 0.000 0.000 0.000 0.000 0.000 0.000 0.000 0.000 -0.131 -0.192 -0.271 -0.367 -0.477 -0.597 -0.717 -0.827 -0.917 -0.977 -1.000 -0.983 -0.929 -0.983 -1.000 -0.977 -0.917 -0.827 -0.717 -0.597 -0.477 -0.367 -0.271 -0.192 -0.131 0.000 0.000 0.000 0.000 0.000 0.000 0.000 0.000 0.000 0.000 
0.000 0.000 0.000 0.000 0.000 0.000 0.000 0.000 0.000 0.000 0.000 0.000 0.000 0.000 0.000 0.000 0.000 0.000 0.000 -0.131 -0.192 -0.271 -0.367 -0.477 -0.597 -0.717 -0.827 -0.917 -0.977 -1.000 -0.983 -0.929 -0.983 -1.000 -0.977 -0.917 -0.827 -0.717 -0.597 -0.477 -0.367 -0.271 -0.192 -0.131 0.000 
0.000 0.000 0.000 0.000 0.000 0.000 0.000 0.000 0.000 0.000 0.000 0.000 0.000 0.000 0.000 0.000 0.000 0.000 0.000 0.000 0.000 0.000 0.000 0.000 0.000 0.000 0.000 0.000 -0.131 -0.192 -0.271 -0.367 -0.477 -0.597 -0.717 -0.827 -0.917 -0.977 -1.000 -0.983 -0.929 -0.983 -1.000 -0.977 -0.917 
# 3 2 11 45
-0.997 -0.963 -0.958 -0.996 -0.994 -0.954 -0.880 -0.779 -0.663 -0.542 -0.425 -0.321 -0.233 -0.162 -0.108 0.000 0.000 0.000 0.000 0.000 0.000 0.000 0.000 0.000 0.000 0.000 0.000 0.000 0.000 0.000 0.000 0.000 0.000 0.000 0.000 0.000 0.000 0.000 0.000 0.000 0.000 0.000 0.000 0.000 0.000 
-0.759 -0.863 -0.943 -0.990 -0.998 -0.967 -0.952 -0.994 -0.996 -0.959 -0.888 -0.789 -0.674 -0.553 -0.436 -0.330 -0.240 -0.168 -0.113 0.000 0.000 0.000 0.000 0.000 0.000 0.000 0.000 0.000 0.000 0.000 0.000 0.000 0.000 0.000 0.000 0.000 0.000 0.000 0.000 0.000 0.000 0.000 0.000 0.000 0.000 
-0.295 -0.395 -0.509 -0.630 -0.748 -0.854 -0.937 -0.987 -0.999 -0.972 -0.947 -0.992 -0.998 -0.964 -0.895 -0.799 -0.684 -0.564 -0.446 -0.339 -0.247 -0.173 -0.117 0.000 0.000 0.000 0.000 0.000 0.000 0.000 0.000 0.000 0.000 0.000 0.000 0.000 0.000 0.000 0.000 0.000 0.000 0.000 0.000 0.000 0.000 
0.000 0.000 -0.141 -0.205 -0.287 -0.386 -0.498 -0.619 -0.738 -0.845 -0.931 -0.984 -1.000 -0.976 -0.941 -0.989 -0.999 -0.969 -0.903 -0.808 -0.695 -0.575 -0.456 -0.348 -0.255 -0.179 -0.121 0.000 0.000 0.000 0.000 0.000 0.000 0.000 0.000 0.000 0.000 0.000 0.000 0.000 0.000 0.000 0.000 0.000 0.000 
0.000 0.000 0.000 0.000 0.000 0.000 -0.136 -0.198 -0.279 -0.376 -0.488 -0.608 -0.727 -0.836 -0.924 -0.981 -1.000 -0.980 -0.935 -0.986 -0.999 -0.973 -0.910 -0.818 -0.706 -0.586 -0.467 -0.357 -0.263 -0.186 -0.126 0.000 0.000 0.000 0.000 0.000 0.000 0.000 0.000 0.000 0.000 0.000 0.000 0.000 0.000 
0.000 0.000 0.000 0.000 0.000 0.000 0.000 0.000 0.000 0.000 -0.131 -0.192 -0.271 -0.367 -0.477 -0.597 -0.717 -0.827 -0.917 -0.977 -1.000 -0.983 -0.929 -0.983 -1.000 -0.977 -0.917 -0.827 -0.717 -0.597 -0.477 -0.367 -0.271 -0.192 -0.131 0.000 0.000 0.000 0.000 0.000 0.000 0.000 0.000 0.000 0.000 
0.000 0.000 0.000 0.000 0.000 0.000 0.000 0.000 0.000 0.000 0.000 0.000 0.000 0.000 -0.126 -0.186 -0.263 -0.357 -0.467 -0.586 -0.706 -0.818 -0.910 -0.973 -0.999 -0.986 -0.935 -0.980 -1.000 -0.981 -0.924 -0.836 -0.727 -0.608 -0.488 -0.376 -0.279 -0.198 -0.136 0.000 0.000 0.000 0.000 0.000 0.000 
0.000 0.000 0.000 0.000 0.000 0.000 0.000 0.000 0.000 0.000 0.000 0.000 0.000 0.000 0.000 0.000 0.000 0.000 -0.121 -0.179 -0.255 -0.348 -0.456 -0.575 -0.695 -0.808 -0.903 -0.969 -0.999 -0.989 -0.941 -0.976 -1.000 -0.984 -0.931 -0.845 -0.738 -0.619 -0.498 -0.386 -0.287 -0.205 -0.141 0.000 0.000 
0.000 0.000 0.000 0.000 0.000 0.000 0.000 0.000 0.000 0.000 0.000 0.000 0.000 0.000 0.000 0.000 0.000 0.000 0.000 0.000 0.000 0.000 -0.117 -0.173 -0.247 -0.339 -0.446 -0.564 -0.684 -0.799 -0.895 -0.964 -0.998 -0.992 -0.947 -0.972 -0.999 -0.987 -0.937 -0.854 -0.748 -0.630 -0.509 -0.395 -0.295 
0.000 0.000 0.000 0.000 0.000 0.000 0.000 0.000 0.000 0.000 0.000 0.000 0.000 0.000 0.000 0.000 0.000 0.000 0.000 0.000 0.000 0.000 0.000 0.000 0.000 0.000 -0.113 -0.168 -0.240 -0.330 -0.436 -0.553 -0.674 -0.789 -0.888 -0.959 -0.996 -0.994 -0.952 -0.967 -0.998 -0.990 -0.943 -0.863 -0.759 
0.000 0.000 0.000 0.000 0.000 0.000 0.000 0.000 0.000 0.000 0.000 0.000 0.000 0.000 0.000 0.000 0.000 0.000 0.000 0.000 0.000 0.000 0.000 0.000 0.000 0.000 0.000 0.000 0.000 0.000 -0.108 -0.162 -0.233 -0.321 -0.425 -0.542 -0.663 -0.779 -0.880 -0.954 -0.994 -0.996 -0.958 -0.963 -0.997 
# 3 4 6 45
-0.966 -0.998 -0.992 -0.946 -0.973 -1.000 -0.987 -0.936 -0.853 -0.746 -0.627 -0.507 -0.393 -0.293 -0.210 -0.144 0.000 0.000 0.000 0.000 0.000 0.000 0.000 0.000 0.000 0.000 0.000 0.000 0.000 0.000 0.000 0.000 0.000 0.000 0.000 0.000 0.000 0.000 0.000 0.000 0.000 0.000 0.000 0.000 0.000 
-0.210 -0.293 -0.393 -0.507 -0.627 -0.746 -0.853 -0.936 -0.987 -1.000 -0.973 -0.946 -0.992 -0.998 -0.966 -0.898 -0.802 -0.688 -0.567 -0.449 -0.341 -0.249 -0.175 -0.118 0.000 0.000 0.000 0.000 0.000 0.000 0.000 0.000 0.000 0.000 0.000 0.000 0.000 0.000 0.000 0.000 0.000 0.000 0.000 0.000 0.000 
0.000 0.000 0.000 0.000 0.000 0.000 -0.118 -0.175 -0.249 -0.341 -0.449 -0.567 -0.688 -0.802 -0.898 -0.966 -0.998 -0.992 -0.946 -0.973 -1.000 -0.987 -0.936 -0.853 -0.746 -0.627 -0.507 -0.393 -0.293 -0.210 -0.144 0.000 0.000 0.000 0.000 0.000 0.000 0.000 0.000 0.000 0.000 0.000 0.000 0.000 0.000 
0.000 0.000 0.000 0.000 0.000 0.000 0.000 0.000 0.000 0.000 0.000 0.000 0.000 0.000 -0.144 -0.210 -0.293 -0.393 -0.507 -0.627 -0.746 -0.853 -0.936 -0.987 -1.000 -0.973 -0.946 -0.992 -0.998 -0.966 -0.898 -0.802 -0.688 -0.567 -0.449 -0.341 -0.249 -0.175 -0.118 0.000 0.000 0.000 0.000 0.000 0.000 
0.000 0.000 0.000 0.000 0.000 0.000 0.000 0.000 0.000 0.000 0.000 0.000 0.000 0.000 0.000 0.000 0.000 0.000 0.000 0.000 0.000 -0.118 -0.175 -0.249 -0.341 -0.449 -0.567 -0.688 -0.802 -0.898 -0.966 -0.998 -0.992 -0.946 -0.973 -1.000 -0.987 -0.936 -0.853 -0.746 -0.627 -0.507 -0.393 -0.293 -0.210 
0.000 0.000 0.000 0.000 0.000 0.000 0.000 0.000 0.000 0.000 0.000 0.000 0.000 0.000 0.000 0.000 0.000 0.000 0.000 0.000 0.000 0.000 0.000 0.000 0.000 0.000 0.000 0.000 0.000 -0.144 -0.210 -0.293 -0.393 -0.507 -0.627 -0.746 -0.853 -0.936 -0.987 -1.000 -0.973 -0.946 -0.992 -0.998 -0.966 
# 3 5 6 45
-0.966 -0.998 -0.992 -0.946 -0.973 -1.000 -0.987 -0.936 -0.853 -0.746 -0.627 -0.507 -0.393 -0.293 -0.210 -0.144 0.000 0.000 0.000 0.000 0.000 0.000 0.000 0.000 0.000 0.000 0.000 0.000 0.000 0.000 0.000 0.000 0.000 0.000 0.000 0.000 0.000 0.000 0.000 0.000 0.000 0.000 0.000 0.000 0.000 
-0.210 -0.293 -0.393 -0.507 -0.627 -0.746 -0.853 -0.936 -0.987 -1.000 -0.973 -0.946 -0.992 -0.998 -0.966 -0.898 -0.802 -0.688 -0.567 -0.449 -0.341 -0.249 -0.175 -0.118 0.000 0.000 0.000 0.000 0.000 0.000 0.000 0.000 0.000 0.000 0.000 0.000 0.000 0.000 0.000 0.000 0.000 0.000 0.000 0.000 0.000 
0.000 0.000 0.000 0.000 0.000 0.000 -0.118 -0.175 -0.249 -0.341 -0.449 -0.567 -0.688 -0.802 -0.898 -0.966 -0.998 -0.992 -0.946 -0.973 -1.000 -0.987 -0.936 -0.853 -0.746 -0.627 -0.507 -0.393 -0.293 -0.210 -0.144 0.000 0.000 0.000 0.000 0.000 0.000 0.000 0.000 0.000 0.000 0.000 0.000 0.000 0.000 
0.000 0.000 0.000 0.000 0.000 0.000 0.000 0.000 0.000 0.000 0.000 0.000 0.000 0.000 -0.144 -0.210 -0.293 -0.393 -0.507 -0.627 -0.746 -0.853 -0.936 -0.987 -1.000 -0.973 -0.946 -0.992 -0.998 -0.966 -0.898 -0.802 -0.688 -0.567 -0.449 -0.341 -0.249 -0.175 -0.118 0.000 0.000 0.000 0.000 0.000 0.000 
0.000 0.000 0.000 0.000 0.000 0.000 0.000 0.000 0.000 0.000 0.000 0.000 0.000 0.000 0.000 0.000 0.000 0.000 0.000 0.000 0.000 -0.118 -0.175 -0.249 -0.341 -0.449 -0.567 -0.688 -0.802 -0.898 -0.966 -0.998 -0.992 -0.946 -0.973 -1.000 -0.987 -0.936 -0.853 -0.746 -0.627 -0.507 -0.393 -0.293 -0.210 
0.000 0.000 0.000 0.000 0.000 0.000 0.000 0.000 0.000 0.000 0.000 0.000 0.000 0.000 0.000 0.000 0.000 0.000 0.000 0.000 0.000 0.000 0.000 0.000 0.000 0.000 0.000 0.000 0.000 -0.144 -0.210 -0.293 -0.393 -0.507 -0.627 -0.746 -0.853 -0.936 -0.987 -1.000 -0.973 -0.946 -0.992 -0.998 -0.966 
# 4 0 50 6
0.110 0.751 0.000 0.000 0.000 0.000 
0.000 0.918 0.000 0.000 0.000 0.000 
0.000 0.998 0.000 0.000 0.000 0.000 
0.000 0.965 0.000 0.000 0.000 0.000 
0.000 0.828 0.000 0.000 0.000 0.000 
0.000 0.632 0.164 0.000 0.000 0.000 
0.000 0.429 0.297 0.000 0.000 0.000 
0.000 0.259 0.478 0.000 0.000 0.000 
0.173 0.139 0.684 0.000 0.000 0.000 
0.310 0.000 0.870 0.000 0.000 0.000 
0.495 0.000 0.984 0.000 0.000 0.000 
0.701 0.000 0.989 0.000 0.000 0.000 
0.883 0.000 0.883 0.000 0.000 0.000 
0.989 0.000 0.701 0.131 0.000 0.000 
0.984 0.000 0.495 0.247 0.000 0.000 
0.870 0.000 0.310 0.413 0.000 0.000 
0.684 0.139 0.173 0.615 0.000 0.000 
0.478 0.259 0.000 0.814 0.000 0.000 
0.297 0.429 0.000 0.957 0.000 0.000 
0.164 0.632 0.000 1.000 0.000 0.000 
0.000 0.828 0.000 0.929 0.000 0.000 
0.000 0.965 0.000 0.767 0.103 0.000 
0.000 0.998 0.000 0.563 0.202 0.000 
0.000 0.918 0.000 0.367 0.352 0.000 
0.000 0.751 0.110 0.213 0.546 0.000 
0.000 0.546 0.213 0.110 0.751 0.000 
0.000 0.352 0.367 0.000 0.918 0.000 
0.000 0.202 0.563 0.000 0.998 0.000 
0.000 0.103 0.767 0.000 0.965 0.000 
0.000 0.000 0.929 0.000 0.828 0.000 
0.000 0.000 1.000 0.000 0.632 0.164 
0.000 0.000 0.957 0.000 0.429 0.297 
0.000 0.000 0.814 0.000 0.259 0.478 
0.000 0.000 0.615 0.173 0.139 0.684 
0.000 0.000 0.413 0.310 0.000 0.870 
0.000 0.000 0.247 0.495 0.000 0.984 
0.000 0.000 0.131 0.701 0.000 0.989 
0.000 0.000 0.000 0.883 0.000 0.883 
0.000 0.000 0.000 0.989 0.000 0.701 
0.000 0.000 0.000 0.984 0.000 0.495 
0.000 0.000 0.000 0.870 0.000 0.310 
0.000 0.000 0.000 0.684 0.139 0.173 
0.000 0.000 0.000 0.478 0.259 0.000 
0.000 0.000 0.000 0.297 0.429 0.000 
0.000 0.000 0.000 0.164 0.632 0.000 
0.000 0.000 0.000 0.000 0.828 0.000 
0.000 0.000 0.000 0.000 0.965 0.000 
0.000 0.000 0.000 0.000 0.998 0.000 
0.000 0.000 0.000 0.000 0.918 0.000 
0.000 0.000 0.000 0.000 0.751 0.110 
# 4 1 5 6
0.000 0.782 0.124 0.000 0.000 0.000 
1.000 0.000 0.424 0.345 0.000 0.000 
0.000 0.692 0.165 0.165 0.692 0.000 
0.000 0.000 0.345 0.424 0.000 1.000 
0.000 0.000 0.000 0.124 0.782 0.000 
# 4 2 11 6
0.000 0.995 0.000 0.000 0.000 0.000 
0.000 0.372 0.352 0.000 0.000 0.000 
0.677 0.000 1.000 0.000 0.000 0.000 
0.804 0.000 0.249 0.496 0.000 0.000 
0.000 0.825 0.000 0.939 0.000 0.000 
0.000 0.653 0.156 0.156 0.653 0.000 
0.000 0.000 0.939 0.000 0.825 0.000 
0.000 0.000 0.496 0.249 0.000 0.804 
0.000 0.000 0.000 1.000 0.000 0.677 
0.000 0.000 0.000 0.352 0.372 0.000 
0.000 0.000 0.000 0.000 0.995 0.000 
# 4 3 45 6
0.105 0.761 0.000 0.000 0.000 0.000 
0.000 0.938 0.000 0.000 0.000 0.000 
0.000 1.000 0.000 0.000 0.000 0.000 
0.000 0.921 0.000 0.000 0.000 0.000 
0.000 0.734 0.116 0.000 0.000 0.000 
0.000 0.506 0.239 0.000 0.000 0.000 
0.000 0.301 0.423 0.000 0.000 0.000 
0.155 0.155 0.649 0.000 0.000 0.000 
0.301 0.000 0.861 0.000 0.000 0.000 
0.506 0.000 0.986 0.000 0.000 0.000 
0.734 0.000 0.978 0.000 0.000 0.000 
0.921 0.000 0.838 0.000 0.000 0.000 
1.000 0.000 0.620 0.170 0.000 0.000 
0.938 0.000 0.397 0.324 0.000 0.000 
0.761 0.105 0.220 0.534 0.000 0.000 
0.534 0.220 0.105 0.761 0.000 0.000 
0.324 0.397 0.000 0.938 0.000 0.000 
0.170 0.620 0.000 1.000 0.000 0.000 
0.000 0.838 0.000 0.921 0.000 0.000 
0.000 0.978 0.000 0.734 0.116 0.000 
0.000 0.986 0.000 0.506 0.239 0.000 
0.000 0.861 0.000 0.301 0.423 0.000 
0.000 0.649 0.155 0.155 0.649 0.000 
0.000 0.423 0.301 0.000 0.861 0.000 
0.000 0.239 0.506 0.000 0.986 0.000 
0.000 0.116 0.734 0.000 0.978 0.000 
0.000 0.000 0.921 0.000 0.838 0.000 
0.000 0.000 1.000 0.000 0.620 0.170 
0.000 0.000 0.938 0.000 0.397 0.324 
0.000 0.000 0.761 0.105 0.220 0.534 
0.000 0.000 0.534 0.220 0.105 0.761 
0.000 0.000 0.324 0.397 0.000 0.938 
0.000 0.000 0.170 0.620 0.000 1.000 
0.000 0.000 0.000 0.838 0.000 0.921 
0.000 0.000 0.000 0.978 0.000 0.734 
0.000 0.000 0.000 0.986 0.000 0.506 
0.000 0.000 0.000 0.861 0.000 0.301 
0.000 0.000 0.000 0.649 0.155 0.155 
0.000 0.000 0.000 0.423 0.301 0.000 
0.000 0.000 0.000 0.239 0.506 0.000 
0.000 0.000 0.000 0.116 0.734 0.000 
0.000 0.000 0.000 0.000 0.921 0.000 
0.000 0.000 0.000 0.000 1.000 0.000 
0.000 0.000 0.000 0.000 0.938 0.000 
0.000 0.000 0.000 0.000 0.761 0.105 
# 4 5 6 6
0.000 1.000 0.000 0.000 0.000 0.000 
1.000 0.000 1.000 0.000 0.000 0.000 
0.000 1.000 0.000 1.000 0.000 0.000 
0.000 0.000 1.000 0.000 1.000 0.000 
0.000 0.000 0.000 1.000 0.000 1.000 
0.000 0.000 0.000 0.000 1.000 0.000 
# 5 0 50 6
0.102 0.751 0.000 0.000 0.000 0.000 
0.000 0.920 0.000 0.000 0.000 0.000 
0.000 0.999 0.000 0.000 0.000 0.000 
0.000 0.962 0.000 0.000 0.000 0.000 
0.000 0.820 0.000 0.000 0.000 0.000 
0.000 0.620 0.159 0.000 0.000 0.000 
0.000 0.415 0.292 0.000 0.000 0.000 
0.000 0.246 0.474 0.000 0.000 0.000 
0.162 0.129 0.683 0.000 0.000 0.000 
0.297 0.000 0.871 0.000 0.000 0.000 
0.481 0.000 0.985 0.000 0.000 0.000 
0.690 0.000 0.987 0.000 0.000 0.000 
0.877 0.000 0.877 0.000 0.000 0.000 
0.987 0.000 0.690 0.126 0.000 0.000 
0.985 0.000 0.481 0.241 0.000 0.000 
0.871 0.000 0.297 0.408 0.000 0.000 
0.683 0.129 0.162 0.613 0.000 0.000 
0.474 0.246 0.000 0.814 0.000 0.000 
0.292 0.415 0.000 0.959 0.000 0.000 
0.159 0.620 0.000 1.000 0.000 0.000 
0.000 0.820 0.000 0.924 0.000 0.000 
0.000 0.962 0.000 0.757 0.000 0.000 
0.000 0.999 0.000 0.549 0.197 0.000 
0.000 0.920 0.000 0.353 0.347 0.000 
0.000 0.751 0.102 0.201 0.542 0.000 
0.000 0.542 0.201 0.102 0.751 0.000 
0.000 0.347 0.353 0.000 0.920 0.000 
0.000 0.197 0.549 0.000 0.999 0.000 
0.000 0.000 0.757 0.000 0.962 0.000 
0.000 0.000 0.924 0.000 0.820 0.000 
0.000 0.000 1.000 0.000 0.620 0.159 
0.000 0.000 0.959 0.000 0.415 0.292 
0.000 0.000 0.814 0.000 0.246 0.474 
0.000 0.000 0.613 0.162 0.129 0.683 
0.000 0.000 0.408 0.297 0.000 0.871 
0.000 0.000 0.241 0.481 0.000 0.985 
0.000 0.000 0.126 0.690 0.000 0.987 
0.000 0.000 0.000 0.877 0.000 0.877 
0.000 0.000 0.000 0.987 0.000 0.690 
0.000 0.000 0.000 0.985 0.000 0.481 
0.000 0.000 0.000 0.871 0.000 0.297 
0.000 0.000 0.000 0.683 0.129 0.162 
0.000 0.000 0.000 0.474 0.246 0.000 
0.000 0.000 0.000 0.292 0.415 0.000 
0.000 0.000 0.000 0.159 0.620 0.000 
0.000 0.000 0.000 0.000 0.820 0.000 
0.000 0.000 0.000 0.000 0.962 0.000 
0.000 0.000 0.000 0.000 0.999 0.000 
0.000 0.000 0.000 0.000 0.920 0.000 
0.000 0.000 0.000 0.000 0.751 0.102 
# 5 1 5 6
0.000 0.769 0.119 0.000 0.000 0.000 
1.000 0.000 0.408 0.339 0.000 0.000 
0.000 0.689 0.154 0.154 0.689 0.000 
0.000 0.000 0.339 0.408 0.000 1.000 
0.000 0.000 0.000 0.119 0.769 0.000 
# 5 2 11 6
0.000 0.997 0.000 0.000 0.000 0.000 
0.000 0.358 0.347 0.000 0.000 0.000 
0.665 0.000 1.000 0.000 0.000 0.000 
0.805 0.000 0.237 0.492 0.000 0.000 
0.000 0.817 0.000 0.936 0.000 0.000 
0.000 0.652 0.146 0.146 0.652 0.000 
0.000 0.000 0.936 0.000 0.817 0.000 
0.000 0.000 0.492 0.237 0.000 0.805 
0.000 0.000 0.000 1.000 0.000 0.665 
0.000 0.000 0.000 0.347 0.358 0.000 
0.000 0.000 0.000 0.000 0.997 0.000 
# 5 3 45 6
0.000 0.761 0.000 0.000 0.000 0.000 
0.000 0.940 0.000 0.000 0.000 0.000 
0.000 1.000 0.000 0.000 0.000 0.000 
0.000 0.916 0.000 0.000 0.000 0.000 
0.000 0.723 0.112 0.000 0.000 0.000 
0.000 0.492 0.233 0.000 0.000 0.000 
0.000 0.288 0.419 0.000 0.000 0.000 
0.145 0.145 0.647 0.000 0.000 0.000 
0.288 0.000 0.862 0.000 0.000 0.000 
0.492 0.000 0.988 0.000 0.000 0.000 
0.723 0.000 0.975 0.000 0.000 0.000 
0.916 0.000 0.829 0.000 0.000 0.000 
1.000 0.000 0.607 0.165 0.000 0.000 
0.940 0.000 0.383 0.319 0.000 0.000 
0.761 0.000 0.208 0.530 0.000 0.000 
0.530 0.208 0.000 0.761 0.000 0.000 
0.319 0.383 0.000 0.940 0.000 0.000 
0.165 0.607 0.000 1.000 0.000 0.000 
0.000 0.829 0.000 0.916 0.000 0.000 
0.000 0.975 0.000 0.723 0.112 0.000 
0.000 0.988 0.000 0.492 0.233 0.000 
0.000 0.862 0.000 0.288 0.419 0.000 
0.000 0.647 0.145 0.145 0.647 0.000 
0.000 0.419 0.288 0.000 0.862 0.000 
0.000 0.233 0.492 0.000 0.988 0.000 
0.000 0.112 0.723 0.000 0.975 0.000 
0.000 0.000 0.916 0.000 0.829 0.000 
0.000 0.000 1.000 0.000 0.607 0.165 
0.000 0.000 0.940 0.000 0.383 0.319 
0.000 0.000 0.761 0.000 0.208 0.530 
0.000 0.000 0.530 0.208 0.000 0.761 
0.000 0.000 0.319 0.383 0.000 0.940 
0.000 0.000 0.165 0.607 0.000 1.000 
0.000 0.000 0.000 0.829 0.000 0.916 
0.000 0.000 0.000 0.975 0.000 0.723 
0.000 0.000 0.000 0.988 0.000 0.492 
0.000 0.000 0.000 0.862 0.000 0.288 
0.000 0.000 0.000 0.647 0.145 0.145 
0.000 0.000 0.000 0.419 0.288 0.000 
0.000 0.000 0.000 0.233 0.492 0.000 
0.000 0.000 0.000 0.112 0.723 0.000 
0.000 0.000 0.000 0.000 0.916 0.000 
0.000 0.000 0.000 0.000 1.000 0.000 
0.000 0.000 0.000 0.000 0.940 0.000 
0.000 0.000 0.000 0.000 0.761 0.000 
# 5 4 6 6
0.000 1.000 0.000 0.000 0.000 0.000 
1.000 0.000 1.000 0.000 0.000 0.000 
0.000 1.000 0.000 1.000 0.000 0.000 
0.000 0.000 1.000 0.000 1.000 0.000 
0.000 0.000 0.000 1.000 0.000 1.000 
0.000 0.000 0.000 0.000 1.000 0.000 
