3.273523
4
# 0 1 12 50
0.000 0.000 0.000 0.000 0.000 0.108 0.155 0.215 0.289 0.376 0.474 0.579 0.686 0.788 0.876 0.945 0.987 1.000 0.981 0.933 0.860 0.768 0.665 0.558 0.453 0.357 0.273 0.202 0.145 0.101 0.000 0.000 0.000 0.000 0.000 0.000 0.000 0.000 0.000 0.000 0.000 0.000 0.000 0.000 0.000 0.000 0.000 0.000 0.000 0.000 
0.238 0.173 0.123 0.000 0.000 0.000 0.000 0.000 0.000 0.102 0.146 0.204 0.275 0.360 0.457 0.561 0.668 0.772 0.863 0.935 0.982 1.000 0.986 0.943 0.874 0.784 0.683 0.576 0.470 0.372 0.286 0.213 0.153 0.107 0.000 0.000 0.000 0.000 0.000 0.000 0.000 0.000 0.000 0.000 0.000 0.000 0.000 0.000 0.000 0.000 
0.633 0.526 0.424 0.331 0.250 0.183 0.130 0.000 0.000 0.000 0.000 0.000 0.000 0.000 0.138 0.193 0.262 0.345 0.440 0.544 0.651 0.755 0.849 0.925 0.976 0.999 0.991 0.952 0.887 0.800 0.700 0.593 0.487 0.388 0.299 0.224 0.162 0.114 0.000 0.000 0.000 0.000 0.000 0.000 0.000 0.000 0.000 0.000 0.000 0.000 
0.976 0.925 0.849 0.755 0.651 0.544 0.440 0.345 0.262 0.193 0.138 0.000 0.000 0.000 0.000 0.000 0.000 0.000 0.130 0.183 0.250 0.331 0.424 0.526 0.633 0.738 0.834 0.914 0.970 0.998 0.994 0.961 0.899 0.816 0.717 0.611 0.505 0.404 0.313 0.235 0.172 0.121 0.000 0.000 0.000 0.000 0.000 0.000 0.000 0.000 
0.874 0.943 0.986 1.000 0.982 0.935 0.863 0.772 0.668 0.561 0.457 0.360 0.275 0.204 0.146 0.102 0.000 0.000 0.000 0.000 0.000 0.000 0.123 0.173 0.238 0.316 0.407 0.508 0.615 0.721 0.819 0.902 0.962 0.995 0.997 0.968 0.911 0.831 0.735 0.629 0.522 0.420 0.328 0.247 0.181 0.129 0.000 0.000 0.000 0.000 
0.453 0.558 0.665 0.768 0.860 0.933 0.981 1.000 0.987 0.945 0.876 0.788 0.686 0.579 0.474 0.376 0.289 0.215 0.155 0.108 0.000 0.000 0.000 0.000 0.000 0.000 0.115 0.164 0.226 0.302 0.391 0.491 0.597 0.704 0.804 0.889 0.954 0.992 0.999 0.975 0.923 0.846 0.752 0.647 0.540 0.437 0.342 0.260 0.191 0.136 
0.136 0.191 0.260 0.342 0.437 0.540 0.647 0.752 0.846 0.923 0.975 0.999 0.992 0.954 0.889 0.804 0.704 0.597 0.491 0.391 0.302 0.226 0.164 0.115 0.000 0.000 0.000 0.000 0.000 0.000 0.108 0.155 0.215 0.289 0.376 0.474 0.579 0.686 0.788 0.876 0.945 0.987 1.000 0.981 0.933 0.860 0.768 0.665 0.558 0.453 
0.000 0.000 0.000 0.000 0.129 0.181 0.247 0.328 0.420 0.522 0.629 0.735 0.831 0.911 0.968 0.997 0.995 0.962 0.902 0.819 0.721 0.615 0.508 0.407 0.316 0.238 0.173 0.123 0.000 0.000 0.000 0.000 0.000 0.000 0.102 0.146 0.204 0.275 0.360 0.457 0.561 0.668 0.772 0.863 0.935 0.982 1.000 0.986 0.943 0.874 
0.000 0.000 0.000 0.000 0.000 0.000 0.000 0.000 0.121 0.172 0.235 0.313 0.404 0.505 0.611 0.717 0.816 0.899 0.961 0.994 0.998 0.970 0.914 0.834 0.738 0.633 0.526 0.424 0.331 0.250 0.183 0.130 0.000 0.000 0.000 0.000 0.000 0.000 0.000 0.138 0.193 0.262 0.345 0.440 0.544 0.651 0.755 0.849 0.925 0.976 
0.000 0.000 0.000 0.000 0.000 0.000 0.000 0.000 0.000 0.000 0.000 0.000 0.114 0.162 0.224 0.299 0.388 0.487 0.593 0.700 0.800 0.887 0.952 0.991 0.999 0.976 0.925 0.849 0.755 0.651 0.544 0.440 0.345 0.262 0.193 0.138 0.000 0.000 0.000 0.000 0.000 0.000 0.000 0.130 0.183 0.250 0.331 0.424 0.526 0.633 
0.000 0.000 0.000 0.000 0.000 0.000 0.000 0.000 0.000 0.000 0.000 0.000 0.000 0.000 0.000 0.000 0.107 0.153 0.213 0.286 0.372 0.470 0.576 0.683 0.784 0.874 0.943 0.986 1.000 0.982 0.935 0.863 0.772 0.668 0.561 0.457 0.360 0.275 0.204 0.146 0.102 0.000 0.000 0.000 0.000 0.000 0.000 0.123 0.173 0.238 
0.000 0.000 0.000 0.000 0.000 0.000 0.000 0.000 0.000 0.000 0.000 0.000 0.000 0.000 0.000 0.000 0.000 0.000 0.000 0.000 0.101 0.145 0.202 0.273 0.357 0.453 0.558 0.665 0.768 0.860 0.933 0.981 1.000 0.987 0.945 0.876 0.788 0.686 0.579 0.474 0.376 0.289 0.215 0.155 0.108 0.000 0.000 0.000 0.000 0.000 
# 0 2 11 50
0.000 0.000 0.000 0.000 0.000 0.101 0.145 0.202 0.274 0.358 0.455 0.559 0.666 0.769 0.861 0.934 0.982 1.000 0.987 0.944 0.876 0.787 0.685 0.578 0.473 0.375 0.288 0.214 0.154 0.108 0.000 0.000 0.000 0.000 0.000 0.000 0.000 0.000 0.000 0.000 0.000 0.000 0.000 0.000 0.000 0.000 0.000 0.000 0.000 0.000 
0.281 0.208 0.150 0.104 0.000 0.000 0.000 0.000 0.000 0.000 0.120 0.170 0.233 0.310 0.401 0.501 0.608 0.714 0.813 0.897 0.959 0.994 0.998 0.971 0.916 0.837 0.742 0.637 0.530 0.427 0.334 0.253 0.185 0.132 0.000 0.000 0.000 0.000 0.000 0.000 0.000 0.000 0.000 0.000 0.000 0.000 0.000 0.000 0.000 0.000 
0.733 0.627 0.520 0.418 0.326 0.246 0.180 0.128 0.000 0.000 0.000 0.000 0.000 0.000 0.000 0.141 0.197 0.267 0.350 0.445 0.549 0.656 0.760 0.853 0.928 0.979 1.000 0.990 0.949 0.883 0.795 0.695 0.588 0.482 0.383 0.295 0.220 0.159 0.112 0.000 0.000 0.000 0.000 0.000 0.000 0.000 0.000 0.000 0.000 0.000 
1.000 0.987 0.945 0.876 0.787 0.685 0.578 0.473 0.375 0.288 0.214 0.155 0.108 0.000 0.000 0.000 0.000 0.000 0.000 0.116 0.164 0.227 0.303 0.392 0.492 0.598 0.704 0.804 0.890 0.954 0.992 0.999 0.975 0.922 0.845 0.751 0.646 0.539 0.436 0.342 0.259 0.191 0.136 0.000 0.000 0.000 0.000 0.000 0.000 0.000 
0.714 0.813 0.897 0.959 0.994 0.998 0.971 0.916 0.838 0.742 0.637 0.530 0.427 0.334 0.253 0.185 0.132 0.000 0.000 0.000 0.000 0.000 0.000 0.000 0.136 0.191 0.260 0.342 0.436 0.540 0.647 0.751 0.846 0.922 0.975 0.999 0.992 0.954 0.890 0.804 0.704 0.598 0.491 0.392 0.303 0.226 0.164 0.115 0.000 0.000 
0.266 0.350 0.445 0.549 0.656 0.760 0.853 0.928 0.978 1.000 0.990 0.950 0.883 0.796 0.695 0.588 0.482 0.383 0.295 0.220 0.159 0.112 0.000 0.000 0.000 0.000 0.000 0.000 0.112 0.159 0.220 0.295 0.383 0.482 0.588 0.695 0.796 0.883 0.950 0.990 1.000 0.978 0.928 0.853 0.760 0.656 0.549 0.445 0.350 0.266 
0.000 0.000 0.115 0.164 0.226 0.303 0.392 0.491 0.598 0.704 0.804 0.890 0.954 0.992 0.999 0.975 0.922 0.846 0.751 0.647 0.540 0.436 0.342 0.260 0.191 0.136 0.000 0.000 0.000 0.000 0.000 0.000 0.000 0.132 0.185 0.253 0.334 0.427 0.530 0.637 0.742 0.838 0.916 0.971 0.998 0.994 0.959 0.897 0.813 0.714 
0.000 0.000 0.000 0.000 0.000 0.000 0.000 0.136 0.191 0.259 0.342 0.436 0.539 0.646 0.751 0.845 0.922 0.975 0.999 0.992 0.954 0.890 0.804 0.704 0.598 0.492 0.392 0.303 0.227 0.164 0.116 0.000 0.000 0.000 0.000 0.000 0.000 0.108 0.155 0.214 0.288 0.375 0.473 0.578 0.685 0.787 0.876 0.945 0.987 1.000 
0.000 0.000 0.000 0.000 0.000 0.000 0.000 0.000 0.000 0.000 0.000 0.112 0.159 0.220 0.295 0.383 0.482 0.588 0.695 0.795 0.883 0.949 0.990 1.000 0.979 0.928 0.853 0.760 0.656 0.549 0.445 0.350 0.267 0.197 0.141 0.000 0.000 0.000 0.000 0.000 0.000 0.000 0.128 0.180 0.246 0.326 0.418 0.520 0.627 0.733 
0.000 0.000 0.000 0.000 0.000 0.000 0.000 0.000 0.000 0.000 0.000 0.000 0.000 0.000 0.000 0.000 0.132 0.185 0.253 0.334 0.427 0.530 0.637 0.742 0.837 0.916 0.971 0.998 0.994 0.959 0.897 0.813 0.714 0.608 0.501 0.401 0.310 0.233 0.170 0.120 0.000 0.000 0.000 0.000 0.000 0.000 0.104 0.150 0.208 0.281 
0.000 0.000 0.000 0.000 0.000 0.000 0.000 0.000 0.000 0.000 0.000 0.000 0.000 0.000 0.000 0.000 0.000 0.000 0.000 0.000 0.108 0.154 0.214 0.288 0.375 0.473 0.578 0.685 0.787 0.876 0.944 0.987 1.000 0.982 0.934 0.861 0.769 0.666 0.559 0.455 0.358 0.274 0.202 0.145 0.101 0.000 0.000 0.000 0.000 0.000 
# 0 3 8 50
0.000 0.000 0.000 0.000 0.000 0.000 0.107 0.153 0.212 0.285 0.372 0.470 0.575 0.682 0.784 0.873 0.943 0.986 1.000 0.983 0.936 0.864 0.772 0.669 0.562 0.458 0.361 0.276 0.204 0.147 0.102 0.000 0.000 0.000 0.000 0.000 0.000 0.000 0.000 0.000 0.000 0.000 0.000 0.000 0.000 0.000 0.000 0.000 0.000 0.000 
0.522 0.419 0.327 0.247 0.181 0.128 0.000 0.000 0.000 0.000 0.000 0.000 0.000 0.140 0.196 0.266 0.349 0.444 0.548 0.655 0.759 0.852 0.927 0.978 0.999 0.990 0.950 0.884 0.796 0.696 0.589 0.483 0.384 0.296 0.221 0.160 0.112 0.000 0.000 0.000 0.000 0.000 0.000 0.000 0.000 0.000 0.000 0.000 0.000 0.000 
0.999 0.978 0.927 0.852 0.759 0.655 0.548 0.444 0.349 0.266 0.196 0.140 0.000 0.000 0.000 0.000 0.000 0.000 0.000 0.128 0.181 0.247 0.327 0.419 0.522 0.628 0.734 0.830 0.911 0.968 0.997 0.995 0.963 0.902 0.820 0.722 0.616 0.509 0.408 0.317 0.238 0.174 0.123 0.000 0.000 0.000 0.000 0.000 0.000 0.000 
0.562 0.669 0.772 0.864 0.936 0.983 1.000 0.986 0.943 0.873 0.784 0.682 0.575 0.470 0.372 0.285 0.212 0.153 0.107 0.000 0.000 0.000 0.000 0.000 0.000 0.117 0.166 0.229 0.306 0.395 0.495 0.602 0.708 0.808 0.893 0.956 0.993 0.999 0.974 0.920 0.842 0.747 0.643 0.536 0.433 0.339 0.257 0.189 0.134 0.000 
0.000 0.134 0.189 0.257 0.339 0.433 0.536 0.643 0.747 0.842 0.920 0.974 0.999 0.993 0.956 0.893 0.808 0.708 0.602 0.495 0.395 0.306 0.229 0.166 0.117 0.000 0.000 0.000 0.000 0.000 0.000 0.107 0.153 0.212 0.285 0.372 0.470 0.575 0.682 0.784 0.873 0.943 0.986 1.000 0.983 0.936 0.864 0.772 0.669 0.562 
0.000 0.000 0.000 0.000 0.000 0.000 0.000 0.123 0.174 0.238 0.317 0.408 0.509 0.616 0.722 0.820 0.902 0.963 0.995 0.997 0.968 0.911 0.830 0.734 0.628 0.522 0.419 0.327 0.247 0.181 0.128 0.000 0.000 0.000 0.000 0.000 0.000 0.000 0.140 0.196 0.266 0.349 0.444 0.548 0.655 0.759 0.852 0.927 0.978 0.999 
0.000 0.000 0.000 0.000 0.000 0.000 0.000 0.000 0.000 0.000 0.000 0.000 0.000 0.112 0.160 0.221 0.296 0.384 0.483 0.589 0.696 0.796 0.884 0.950 0.990 0.999 0.978 0.927 0.852 0.759 0.655 0.548 0.444 0.349 0.266 0.196 0.140 0.000 0.000 0.000 0.000 0.000 0.000 0.000 0.128 0.181 0.247 0.327 0.419 0.522 
0.000 0.000 0.000 0.000 0.000 0.000 0.000 0.000 0.000 0.000 0.000 0.000 0.000 0.000 0.000 0.000 0.000 0.000 0.000 0.102 0.147 0.204 0.276 0.361 0.458 0.562 0.669 0.772 0.864 0.936 0.983 1.000 0.986 0.943 0.873 0.784 0.682 0.575 0.470 0.372 0.285 0.212 0.153 0.107 0.000 0.000 0.000 0.000 0.000 0.000 
# 1 0 50 12
-0.815 -0.988 -0.946 -0.714 -0.425 -0.199 0.000 0.000 0.000 0.000 0.000 0.000 
-0.751 -0.964 -0.977 -0.780 -0.491 -0.244 0.000 0.000 0.000 0.000 0.000 0.000 
-0.740 -0.928 -0.995 -0.841 -0.561 -0.295 -0.122 0.000 0.000 0.000 0.000 0.000 
-0.805 -0.881 -1.000 -0.895 -0.632 -0.352 -0.155 0.000 0.000 0.000 0.000 0.000 
-0.863 -0.825 -0.991 -0.939 -0.702 -0.414 -0.192 0.000 0.000 0.000 0.000 0.000 
-0.913 -0.762 -0.969 -0.972 -0.769 -0.480 -0.236 0.000 0.000 0.000 0.000 0.000 
-0.953 -0.728 -0.935 -0.993 -0.832 -0.549 -0.286 -0.118 0.000 0.000 0.000 0.000 
-0.982 -0.794 -0.889 -1.000 -0.887 -0.620 -0.342 -0.149 0.000 0.000 0.000 0.000 
-0.997 -0.854 -0.835 -0.994 -0.933 -0.691 -0.403 -0.186 0.000 0.000 0.000 0.000 
-0.999 -0.906 -0.773 -0.974 -0.968 -0.758 -0.469 -0.229 0.000 0.000 0.000 0.000 
-0.987 -0.948 -0.717 -0.941 -0.990 -0.822 -0.538 -0.278 -0.113 0.000 0.000 0.000 
-0.963 -0.978 -0.783 -0.898 -1.000 -0.878 -0.608 -0.332 -0.143 0.000 0.000 0.000 
-0.926 -0.996 -0.844 -0.844 -0.996 -0.926 -0.679 -0.393 -0.179 0.000 0.000 0.000 
-0.878 -1.000 -0.898 -0.783 -0.978 -0.963 -0.747 -0.458 -0.221 0.000 0.000 0.000 
-0.822 -0.990 -0.941 -0.717 -0.948 -0.987 -0.812 -0.526 -0.269 -0.108 0.000 0.000 
-0.758 -0.968 -0.974 -0.773 -0.906 -0.999 -0.869 -0.597 -0.323 -0.138 0.000 0.000 
-0.691 -0.933 -0.994 -0.835 -0.854 -0.997 -0.919 -0.667 -0.382 -0.173 0.000 0.000 
-0.620 -0.887 -1.000 -0.889 -0.794 -0.982 -0.957 -0.736 -0.447 -0.214 0.000 0.000 
-0.549 -0.832 -0.993 -0.935 -0.728 -0.953 -0.984 -0.801 -0.514 -0.261 -0.104 0.000 
-0.480 -0.769 -0.972 -0.969 -0.762 -0.913 -0.998 -0.860 -0.585 -0.313 -0.133 0.000 
-0.414 -0.702 -0.939 -0.991 -0.825 -0.863 -0.998 -0.911 -0.656 -0.372 -0.166 0.000 
-0.352 -0.632 -0.895 -1.000 -0.881 -0.805 -0.985 -0.952 -0.725 -0.436 -0.206 0.000 
-0.295 -0.561 -0.841 -0.995 -0.928 -0.740 -0.959 -0.981 -0.791 -0.503 -0.252 0.000 
-0.244 -0.491 -0.780 -0.977 -0.964 -0.751 -0.921 -0.997 -0.851 -0.573 -0.304 -0.127 
-0.199 -0.425 -0.714 -0.946 -0.988 -0.815 -0.872 -0.999 -0.903 -0.644 -0.362 -0.160 
-0.160 -0.362 -0.644 -0.903 -0.999 -0.872 -0.815 -0.988 -0.946 -0.714 -0.425 -0.199 
-0.127 -0.304 -0.573 -0.851 -0.997 -0.921 -0.751 -0.964 -0.977 -0.780 -0.491 -0.244 
0.000 -0.252 -0.503 -0.791 -0.981 -0.959 -0.740 -0.928 -0.995 -0.841 -0.561 -0.295 
0.000 -0.206 -0.436 -0.725 -0.952 -0.985 -0.805 -0.881 -1.000 -0.895 -0.632 -0.352 
0.000 -0.166 -0.372 -0.656 -0.911 -0.998 -0.863 -0.825 -0.991 -0.939 -0.702 -0.414 
0.000 -0.133 -0.313 -0.585 -0.860 -0.998 -0.913 -0.762 -0.969 -0.972 -0.769 -0.480 
0.000 -0.104 -0.261 -0.514 -0.801 -0.984 -0.953 -0.728 -0.935 -0.993 -0.832 -0.549 
0.000 0.000 -0.214 -0.447 -0.736 -0.957 -0.982 -0.794 -0.889 -1.000 -0.887 -0.620 
0.000 0.000 -0.173 -0.382 -0.667 -0.919 -0.997 -0.854 -0.835 -0.994 -0.933 -0.691 
0.000 0.000 -0.138 -0.323 -0.597 -0.869 -0.999 -0.906 -0.773 -0.974 -0.968 -0.758 
0.000 0.000 -0.108 -0.269 -0.526 -0.812 -0.987 -0.948 -0.717 -0.941 -0.990 -0.822 
0.000 0.000 0.000 -0.221 -0.458 -0.747 -0.963 -0.978 -0.783 -0.898 -1.000 -0.878 
0.000 0.000 0.000 -0.179 -0.393 -0.679 -0.926 -0.996 -0.844 -0.844 -0.996 -0.926 
0.000 0.000 0.000 -0.143 -0.332 -0.608 -0.878 -1.000 -0.898 -0.783 -0.978 -0.963 
0.000 0.000 0.000 -0.113 -0.278 -0.538 -0.822 -0.990 -0.941 -0.717 -0.948 -0.987 
0.000 0.000 0.000 0.000 -0.229 -0.469 -0.758 -0.968 -0.974 -0.773 -0.906 -0.999 
0.000 0.000 0.000 0.000 -0.186 -0.403 -0.691 -0.933 -0.994 -0.835 -0.854 -0.997 
0.000 0.000 0.000 0.000 -0.149 -0.342 -0.620 -0.887 -1.000 -0.889 -0.794 -0.982 
0.000 0.000 0.000 0.000 -0.118 -0.286 -0.549 -0.832 -0.993 -0.935 -0.728 -0.953 
0.000 0.000 0.000 0.000 0.000 -0.236 -0.480 -0.769 -0.972 -0.969 -0.762 -0.913 
0.000 0.000 0.000 0.000 0.000 -0.192 -0.414 -0.702 -0.939 -0.991 -0.825 -0.863 
0.000 0.000 0.000 0.000 0.000 -0.155 -0.352 -0.632 -0.895 -1.000 -0.881 -0.805 
0.000 0.000 0.000 0.000 0.000 -0.122 -0.295 -0.561 -0.841 -0.995 -0.928 -0.740 
0.000 0.000 0.000 0.000 0.000 0.000 -0.244 -0.491 -0.780 -0.977 -0.964 -0.751 
0.000 0.000 0.000 0.000 0.000 0.000 -0.199 -0.425 -0.714 -0.946 -0.988 -0.815 
# 1 2 11 12
-0.724 -0.937 -0.992 -0.828 -0.545 -0.283 -0.116 0.000 0.000 0.000 0.000 0.000 
-0.964 -0.750 -0.921 -0.997 -0.850 -0.572 -0.303 -0.127 0.000 0.000 0.000 0.000 
-0.967 -0.975 -0.775 -0.904 -0.999 -0.871 -0.599 -0.325 -0.139 0.000 0.000 0.000 
-0.731 -0.955 -0.983 -0.799 -0.886 -1.000 -0.891 -0.626 -0.346 -0.151 0.000 0.000 
-0.417 -0.705 -0.941 -0.990 -0.822 -0.866 -0.999 -0.909 -0.652 -0.369 -0.165 0.000 
-0.179 -0.393 -0.679 -0.926 -0.996 -0.844 -0.844 -0.996 -0.926 -0.679 -0.393 -0.179 
0.000 -0.165 -0.369 -0.652 -0.909 -0.999 -0.866 -0.822 -0.990 -0.941 -0.705 -0.417 
0.000 0.000 -0.151 -0.346 -0.626 -0.891 -1.000 -0.886 -0.799 -0.983 -0.955 -0.731 
0.000 0.000 0.000 -0.139 -0.325 -0.599 -0.871 -0.999 -0.904 -0.775 -0.975 -0.967 
0.000 0.000 0.000 0.000 -0.127 -0.303 -0.572 -0.850 -0.997 -0.921 -0.750 -0.964 
0.000 0.000 0.000 0.000 0.000 -0.116 -0.283 -0.545 -0.828 -0.992 -0.937 -0.724 
# 2 0 50 11
-0.824 -0.996 -0.908 -0.625 -0.324 -0.127 0.000 0.000 0.000 0.000 0.000 
-0.761 -0.978 -0.949 -0.695 -0.384 -0.160 0.000 0.000 0.000 0.000 0.000 
-0.724 -0.948 -0.979 -0.763 -0.448 -0.199 0.000 0.000 0.000 0.000 0.000 
-0.790 -0.907 -0.996 -0.825 -0.516 -0.243 0.000 0.000 0.000 0.000 0.000 
-0.850 -0.855 -1.000 -0.881 -0.586 -0.294 -0.111 0.000 0.000 0.000 0.000 
-0.903 -0.796 -0.990 -0.928 -0.657 -0.351 -0.141 0.000 0.000 0.000 0.000 
-0.945 -0.730 -0.966 -0.964 -0.726 -0.413 -0.177 0.000 0.000 0.000 0.000 
-0.976 -0.755 -0.931 -0.988 -0.792 -0.479 -0.218 0.000 0.000 0.000 0.000 
-0.995 -0.818 -0.885 -0.999 -0.852 -0.548 -0.266 0.000 0.000 0.000 0.000 
-1.000 -0.875 -0.829 -0.997 -0.904 -0.618 -0.319 -0.124 0.000 0.000 0.000 
-0.991 -0.923 -0.767 -0.981 -0.946 -0.689 -0.378 -0.157 0.000 0.000 0.000 
-0.970 -0.961 -0.718 -0.952 -0.977 -0.757 -0.442 -0.195 0.000 0.000 0.000 
-0.936 -0.986 -0.784 -0.911 -0.995 -0.820 -0.510 -0.239 0.000 0.000 0.000 
-0.891 -0.999 -0.845 -0.860 -1.000 -0.877 -0.580 -0.289 -0.109 0.000 0.000 
-0.836 -0.998 -0.898 -0.802 -0.991 -0.924 -0.651 -0.345 -0.138 0.000 0.000 
-0.774 -0.983 -0.942 -0.737 -0.969 -0.962 -0.720 -0.407 -0.173 0.000 0.000 
-0.708 -0.956 -0.974 -0.749 -0.935 -0.987 -0.786 -0.473 -0.214 0.000 0.000 
-0.638 -0.916 -0.994 -0.813 -0.889 -0.999 -0.847 -0.541 -0.261 0.000 0.000 
-0.567 -0.867 -1.000 -0.870 -0.835 -0.998 -0.900 -0.612 -0.314 -0.122 0.000 
-0.497 -0.809 -0.993 -0.919 -0.773 -0.983 -0.943 -0.682 -0.373 -0.154 0.000 
-0.430 -0.745 -0.972 -0.958 -0.712 -0.955 -0.975 -0.751 -0.436 -0.191 0.000 
-0.367 -0.676 -0.939 -0.984 -0.779 -0.915 -0.994 -0.814 -0.504 -0.235 0.000 
-0.309 -0.606 -0.895 -0.998 -0.840 -0.865 -1.000 -0.872 -0.573 -0.285 -0.107 
-0.257 -0.535 -0.841 -0.998 -0.894 -0.807 -0.992 -0.920 -0.644 -0.340 -0.135 
-0.210 -0.466 -0.780 -0.985 -0.938 -0.743 -0.971 -0.959 -0.714 -0.401 -0.170 
-0.170 -0.401 -0.714 -0.959 -0.971 -0.743 -0.938 -0.985 -0.780 -0.466 -0.210 
-0.135 -0.340 -0.644 -0.920 -0.992 -0.807 -0.894 -0.998 -0.841 -0.535 -0.257 
-0.107 -0.285 -0.573 -0.872 -1.000 -0.865 -0.840 -0.998 -0.895 -0.606 -0.309 
0.000 -0.235 -0.504 -0.814 -0.994 -0.915 -0.779 -0.984 -0.939 -0.676 -0.367 
0.000 -0.191 -0.436 -0.751 -0.975 -0.955 -0.712 -0.958 -0.972 -0.745 -0.430 
0.000 -0.154 -0.373 -0.682 -0.943 -0.983 -0.773 -0.919 -0.993 -0.809 -0.497 
0.000 -0.122 -0.314 -0.612 -0.900 -0.998 -0.835 -0.870 -1.000 -0.867 -0.567 
0.000 0.000 -0.261 -0.541 -0.847 -0.999 -0.889 -0.813 -0.994 -0.916 -0.638 
0.000 0.000 -0.214 -0.473 -0.786 -0.987 -0.935 -0.749 -0.974 -0.956 -0.708 
0.000 0.000 -0.173 -0.407 -0.720 -0.962 -0.969 -0.737 -0.942 -0.983 -0.774 
0.000 0.000 -0.138 -0.345 -0.651 -0.924 -0.991 -0.802 -0.898 -0.998 -0.836 
0.000 0.000 -0.109 -0.289 -0.580 -0.877 -1.000 -0.860 -0.845 -0.999 -0.891 
0.000 0.000 0.000 -0.239 -0.510 -0.820 -0.995 -0.911 -0.784 -0.986 -0.936 
0.000 0.000 0.000 -0.195 -0.442 -0.757 -0.977 -0.952 -0.718 -0.961 -0.970 
0.000 0.000 0.000 -0.157 -0.378 -0.689 -0.946 -0.981 -0.767 -0.923 -0.991 
0.000 0.000 0.000 -0.124 -0.319 -0.618 -0.904 -0.997 -0.829 -0.875 -1.000 
0.000 0.000 0.000 0.000 -0.266 -0.548 -0.852 -0.999 -0.885 -0.818 -0.995 
0.000 0.000 0.000 0.000 -0.218 -0.479 -0.792 -0.988 -0.931 -0.755 -0.976 
0.000 0.000 0.000 0.000 -0.177 -0.413 -0.726 -0.964 -0.966 -0.730 -0.945 
0.000 0.000 0.000 0.000 -0.141 -0.351 -0.657 -0.928 -0.990 -0.796 -0.903 
0.000 0.000 0.000 0.000 -0.111 -0.294 -0.586 -0.881 -1.000 -0.855 -0.850 
0.000 0.000 0.000 0.000 0.000 -0.243 -0.516 -0.825 -0.996 -0.907 -0.790 
0.000 0.000 0.000 0.000 0.000 -0.199 -0.448 -0.763 -0.979 -0.948 -0.724 
0.000 0.000 0.000 0.000 0.000 -0.160 -0.384 -0.695 -0.949 -0.978 -0.761 
0.000 0.000 0.000 0.000 0.000 -0.127 -0.324 -0.625 -0.908 -0.996 -0.824 
# 2 1 12 11
-0.722 -0.962 -0.968 -0.735 -0.421 -0.182 0.000 0.000 0.000 0.000 0.000 
-0.936 -0.747 -0.973 -0.957 -0.709 -0.397 -0.167 0.000 0.000 0.000 0.000 
-0.993 -0.920 -0.772 -0.982 -0.943 -0.683 -0.373 -0.154 0.000 0.000 0.000 
-0.831 -0.997 -0.902 -0.796 -0.990 -0.928 -0.656 -0.350 -0.141 0.000 0.000 
-0.549 -0.853 -1.000 -0.883 -0.820 -0.995 -0.911 -0.630 -0.328 -0.129 0.000 
-0.287 -0.576 -0.874 -1.000 -0.863 -0.842 -0.999 -0.893 -0.603 -0.307 -0.118 
-0.118 -0.307 -0.603 -0.893 -0.999 -0.842 -0.863 -1.000 -0.874 -0.576 -0.287 
0.000 -0.129 -0.328 -0.630 -0.911 -0.995 -0.820 -0.883 -1.000 -0.853 -0.549 
0.000 0.000 -0.141 -0.350 -0.656 -0.928 -0.990 -0.796 -0.902 -0.997 -0.831 
0.000 0.000 0.000 -0.154 -0.373 -0.683 -0.943 -0.982 -0.772 -0.920 -0.993 
0.000 0.000 0.000 0.000 -0.167 -0.397 -0.709 -0.957 -0.973 -0.747 -0.936 
0.000 0.000 0.000 0.000 0.000 -0.182 -0.421 -0.735 -0.968 -0.962 -0.722 
