3.453900
4
# 0 1 17 50
0.000 0.000 0.000 0.000 0.000 0.101 0.159 0.238 0.338 0.458 0.590 0.724 0.845 0.938 0.991 0.996 0.953 0.868 0.751 0.619 0.486 0.363 0.257 0.174 0.112 0.000 0.000 0.000 0.000 0.000 0.000 0.000 0.000 0.000 0.000 0.000 0.000 0.000 0.000 0.000 0.000 0.000 0.000 0.000 0.000 0.000 0.000 0.000 0.000 0.000 
0.000 0.000 0.000 0.000 0.000 0.000 0.000 0.000 0.104 0.163 0.243 0.345 0.465 0.598 0.731 0.851 0.942 0.993 0.995 0.949 0.861 0.744 0.611 0.478 0.356 0.252 0.170 0.109 0.000 0.000 0.000 0.000 0.000 0.000 0.000 0.000 0.000 0.000 0.000 0.000 0.000 0.000 0.000 0.000 0.000 0.000 0.000 0.000 0.000 0.000 
0.319 0.222 0.147 0.000 0.000 0.000 0.000 0.000 0.000 0.000 0.000 0.107 0.167 0.248 0.351 0.473 0.606 0.739 0.857 0.946 0.994 0.994 0.945 0.855 0.736 0.603 0.471 0.349 0.246 0.166 0.106 0.000 0.000 0.000 0.000 0.000 0.000 0.000 0.000 0.000 0.000 0.000 0.000 0.000 0.000 0.000 0.000 0.000 0.000 0.000 
0.693 0.558 0.428 0.313 0.217 0.143 0.000 0.000 0.000 0.000 0.000 0.000 0.000 0.000 0.110 0.171 0.254 0.358 0.481 0.614 0.746 0.863 0.950 0.995 0.992 0.941 0.849 0.729 0.596 0.463 0.343 0.241 0.161 0.103 0.000 0.000 0.000 0.000 0.000 0.000 0.000 0.000 0.000 0.000 0.000 0.000 0.000 0.000 0.000 0.000 
0.980 0.914 0.811 0.685 0.551 0.421 0.306 0.212 0.140 0.000 0.000 0.000 0.000 0.000 0.000 0.000 0.000 0.113 0.175 0.259 0.365 0.488 0.622 0.754 0.870 0.954 0.997 0.990 0.936 0.842 0.721 0.588 0.455 0.336 0.236 0.157 0.100 0.000 0.000 0.000 0.000 0.000 0.000 0.000 0.000 0.000 0.000 0.000 0.000 0.000 
0.902 0.974 1.000 0.977 0.909 0.804 0.677 0.543 0.414 0.300 0.207 0.136 0.000 0.000 0.000 0.000 0.000 0.000 0.000 0.000 0.116 0.180 0.265 0.372 0.496 0.630 0.761 0.876 0.958 0.998 0.988 0.932 0.836 0.714 0.580 0.448 0.329 0.231 0.154 0.000 0.000 0.000 0.000 0.000 0.000 0.000 0.000 0.000 0.000 0.000 
0.540 0.675 0.802 0.907 0.976 1.000 0.975 0.904 0.797 0.669 0.535 0.407 0.294 0.202 0.133 0.000 0.000 0.000 0.000 0.000 0.000 0.000 0.000 0.119 0.184 0.271 0.378 0.504 0.638 0.769 0.881 0.962 0.998 0.986 0.927 0.829 0.706 0.572 0.441 0.323 0.225 0.150 0.000 0.000 0.000 0.000 0.000 0.000 0.000 0.000 
0.210 0.304 0.419 0.548 0.683 0.809 0.912 0.979 1.000 0.972 0.898 0.790 0.662 0.527 0.399 0.288 0.198 0.129 0.000 0.000 0.000 0.000 0.000 0.000 0.000 0.000 0.122 0.189 0.276 0.385 0.511 0.646 0.776 0.887 0.965 0.999 0.984 0.922 0.823 0.698 0.564 0.433 0.317 0.220 0.146 0.000 0.000 0.000 0.000 0.000 
0.000 0.000 0.142 0.215 0.311 0.426 0.556 0.690 0.816 0.917 0.982 1.000 0.968 0.893 0.783 0.654 0.519 0.392 0.282 0.193 0.126 0.000 0.000 0.000 0.000 0.000 0.000 0.000 0.000 0.126 0.193 0.282 0.392 0.519 0.654 0.783 0.893 0.968 1.000 0.982 0.917 0.816 0.690 0.556 0.426 0.311 0.215 0.142 0.000 0.000 
0.000 0.000 0.000 0.000 0.000 0.146 0.220 0.317 0.433 0.564 0.698 0.823 0.922 0.984 0.999 0.965 0.887 0.776 0.646 0.511 0.385 0.276 0.189 0.122 0.000 0.000 0.000 0.000 0.000 0.000 0.000 0.000 0.129 0.198 0.288 0.399 0.527 0.662 0.790 0.898 0.972 1.000 0.979 0.912 0.809 0.683 0.548 0.419 0.304 0.210 
0.000 0.000 0.000 0.000 0.000 0.000 0.000 0.000 0.150 0.225 0.323 0.441 0.572 0.706 0.829 0.927 0.986 0.998 0.962 0.881 0.769 0.638 0.504 0.378 0.271 0.184 0.119 0.000 0.000 0.000 0.000 0.000 0.000 0.000 0.000 0.133 0.202 0.294 0.407 0.535 0.669 0.797 0.904 0.975 1.000 0.976 0.907 0.802 0.675 0.540 
0.000 0.000 0.000 0.000 0.000 0.000 0.000 0.000 0.000 0.000 0.000 0.154 0.231 0.329 0.448 0.580 0.714 0.836 0.932 0.988 0.998 0.958 0.876 0.761 0.630 0.496 0.372 0.265 0.180 0.116 0.000 0.000 0.000 0.000 0.000 0.000 0.000 0.000 0.136 0.207 0.300 0.414 0.543 0.677 0.804 0.909 0.977 1.000 0.974 0.902 
0.000 0.000 0.000 0.000 0.000 0.000 0.000 0.000 0.000 0.000 0.000 0.000 0.000 0.100 0.157 0.236 0.336 0.455 0.588 0.721 0.842 0.936 0.990 0.997 0.954 0.870 0.754 0.622 0.488 0.365 0.259 0.175 0.113 0.000 0.000 0.000 0.000 0.000 0.000 0.000 0.000 0.140 0.212 0.306 0.421 0.551 0.685 0.811 0.914 0.980 
0.000 0.000 0.000 0.000 0.000 0.000 0.000 0.000 0.000 0.000 0.000 0.000 0.000 0.000 0.000 0.000 0.103 0.161 0.241 0.343 0.463 0.596 0.729 0.849 0.941 0.992 0.995 0.950 0.863 0.746 0.614 0.481 0.358 0.254 0.171 0.110 0.000 0.000 0.000 0.000 0.000 0.000 0.000 0.000 0.143 0.217 0.313 0.428 0.558 0.693 
0.000 0.000 0.000 0.000 0.000 0.000 0.000 0.000 0.000 0.000 0.000 0.000 0.000 0.000 0.000 0.000 0.000 0.000 0.000 0.106 0.166 0.246 0.349 0.471 0.603 0.736 0.855 0.945 0.994 0.994 0.946 0.857 0.739 0.606 0.473 0.351 0.248 0.167 0.107 0.000 0.000 0.000 0.000 0.000 0.000 0.000 0.000 0.147 0.222 0.319 
0.000 0.000 0.000 0.000 0.000 0.000 0.000 0.000 0.000 0.000 0.000 0.000 0.000 0.000 0.000 0.000 0.000 0.000 0.000 0.000 0.000 0.000 0.109 0.170 0.252 0.356 0.478 0.611 0.744 0.861 0.949 0.995 0.993 0.942 0.851 0.731 0.598 0.465 0.345 0.243 0.163 0.104 0.000 0.000 0.000 0.000 0.000 0.000 0.000 0.000 
0.000 0.000 0.000 0.000 0.000 0.000 0.000 0.000 0.000 0.000 0.000 0.000 0.000 0.000 0.000 0.000 0.000 0.000 0.000 0.000 0.000 0.000 0.000 0.000 0.000 0.112 0.174 0.257 0.363 0.486 0.619 0.751 0.868 0.953 0.996 0.991 0.938 0.845 0.724 0.590 0.458 0.338 0.238 0.159 0.101 0.000 0.000 0.000 0.000 0.000 
# 0 2 47 50
0.000 0.000 0.000 0.000 0.000 0.155 0.232 0.331 0.450 0.582 0.716 0.838 0.933 0.989 0.997 0.957 0.874 0.759 0.628 0.494 0.370 0.263 0.178 0.115 0.000 0.000 0.000 0.000 0.000 0.000 0.000 0.000 0.000 0.000 0.000 0.000 0.000 0.000 0.000 0.000 0.000 0.000 0.000 0.000 0.000 0.000 0.000 0.000 0.000 0.000 
0.000 0.000 0.000 0.000 0.000 0.000 0.150 0.226 0.324 0.442 0.573 0.707 0.831 0.928 0.987 0.998 0.961 0.880 0.767 0.636 0.502 0.377 0.269 0.183 0.119 0.000 0.000 0.000 0.000 0.000 0.000 0.000 0.000 0.000 0.000 0.000 0.000 0.000 0.000 0.000 0.000 0.000 0.000 0.000 0.000 0.000 0.000 0.000 0.000 0.000 
0.000 0.000 0.000 0.000 0.000 0.000 0.000 0.146 0.221 0.318 0.434 0.565 0.699 0.823 0.923 0.984 0.999 0.965 0.886 0.775 0.645 0.511 0.385 0.276 0.188 0.122 0.000 0.000 0.000 0.000 0.000 0.000 0.000 0.000 0.000 0.000 0.000 0.000 0.000 0.000 0.000 0.000 0.000 0.000 0.000 0.000 0.000 0.000 0.000 0.000 
0.000 0.000 0.000 0.000 0.000 0.000 0.000 0.000 0.142 0.216 0.311 0.426 0.556 0.691 0.816 0.918 0.982 1.000 0.968 0.893 0.783 0.653 0.519 0.392 0.282 0.193 0.126 0.000 0.000 0.000 0.000 0.000 0.000 0.000 0.000 0.000 0.000 0.000 0.000 0.000 0.000 0.000 0.000 0.000 0.000 0.000 0.000 0.000 0.000 0.000 
0.114 0.000 0.000 0.000 0.000 0.000 0.000 0.000 0.000 0.138 0.210 0.304 0.418 0.548 0.682 0.809 0.912 0.979 1.000 0.972 0.899 0.791 0.662 0.527 0.400 0.288 0.198 0.129 0.000 0.000 0.000 0.000 0.000 0.000 0.000 0.000 0.000 0.000 0.000 0.000 0.000 0.000 0.000 0.000 0.000 0.000 0.000 0.000 0.000 0.000 
0.182 0.117 0.000 0.000 0.000 0.000 0.000 0.000 0.000 0.000 0.134 0.205 0.297 0.410 0.539 0.674 0.801 0.906 0.976 1.000 0.975 0.904 0.798 0.671 0.536 0.408 0.295 0.203 0.133 0.000 0.000 0.000 0.000 0.000 0.000 0.000 0.000 0.000 0.000 0.000 0.000 0.000 0.000 0.000 0.000 0.000 0.000 0.000 0.000 0.000 
0.274 0.187 0.121 0.000 0.000 0.000 0.000 0.000 0.000 0.000 0.000 0.131 0.200 0.291 0.403 0.531 0.665 0.793 0.901 0.973 1.000 0.978 0.910 0.806 0.679 0.544 0.415 0.302 0.208 0.137 0.000 0.000 0.000 0.000 0.000 0.000 0.000 0.000 0.000 0.000 0.000 0.000 0.000 0.000 0.000 0.000 0.000 0.000 0.000 0.000 
0.390 0.280 0.191 0.125 0.000 0.000 0.000 0.000 0.000 0.000 0.000 0.000 0.127 0.195 0.284 0.395 0.522 0.657 0.786 0.895 0.970 1.000 0.981 0.916 0.813 0.688 0.553 0.423 0.308 0.214 0.141 0.000 0.000 0.000 0.000 0.000 0.000 0.000 0.000 0.000 0.000 0.000 0.000 0.000 0.000 0.000 0.000 0.000 0.000 0.000 
0.525 0.398 0.286 0.196 0.128 0.000 0.000 0.000 0.000 0.000 0.000 0.000 0.000 0.123 0.190 0.278 0.387 0.514 0.648 0.778 0.889 0.966 0.999 0.983 0.921 0.821 0.696 0.562 0.431 0.315 0.219 0.145 0.000 0.000 0.000 0.000 0.000 0.000 0.000 0.000 0.000 0.000 0.000 0.000 0.000 0.000 0.000 0.000 0.000 0.000 
0.668 0.533 0.405 0.293 0.202 0.132 0.000 0.000 0.000 0.000 0.000 0.000 0.000 0.000 0.120 0.185 0.272 0.380 0.505 0.639 0.770 0.882 0.962 0.999 0.986 0.926 0.828 0.704 0.570 0.439 0.322 0.224 0.149 0.000 0.000 0.000 0.000 0.000 0.000 0.000 0.000 0.000 0.000 0.000 0.000 0.000 0.000 0.000 0.000 0.000 
0.804 0.676 0.542 0.413 0.300 0.207 0.136 0.000 0.000 0.000 0.000 0.000 0.000 0.000 0.000 0.116 0.180 0.266 0.372 0.497 0.631 0.762 0.876 0.958 0.998 0.988 0.931 0.835 0.713 0.579 0.447 0.329 0.230 0.153 0.000 0.000 0.000 0.000 0.000 0.000 0.000 0.000 0.000 0.000 0.000 0.000 0.000 0.000 0.000 0.000 
0.914 0.811 0.685 0.550 0.421 0.306 0.212 0.140 0.000 0.000 0.000 0.000 0.000 0.000 0.000 0.000 0.113 0.175 0.259 0.365 0.488 0.622 0.754 0.870 0.954 0.997 0.990 0.936 0.842 0.721 0.587 0.455 0.336 0.236 0.157 0.100 0.000 0.000 0.000 0.000 0.000 0.000 0.000 0.000 0.000 0.000 0.000 0.000 0.000 0.000 
0.983 0.919 0.819 0.693 0.559 0.429 0.313 0.217 0.144 0.000 0.000 0.000 0.000 0.000 0.000 0.000 0.000 0.110 0.171 0.253 0.358 0.480 0.614 0.746 0.863 0.950 0.995 0.992 0.941 0.849 0.729 0.596 0.463 0.343 0.241 0.162 0.103 0.000 0.000 0.000 0.000 0.000 0.000 0.000 0.000 0.000 0.000 0.000 0.000 0.000 
0.999 0.985 0.925 0.826 0.702 0.568 0.437 0.320 0.223 0.148 0.000 0.000 0.000 0.000 0.000 0.000 0.000 0.000 0.106 0.166 0.247 0.350 0.472 0.605 0.738 0.856 0.946 0.994 0.994 0.946 0.856 0.738 0.605 0.472 0.350 0.247 0.166 0.106 0.000 0.000 0.000 0.000 0.000 0.000 0.000 0.000 0.000 0.000 0.000 0.000 
0.960 0.998 0.987 0.930 0.833 0.710 0.576 0.445 0.327 0.228 0.152 0.000 0.000 0.000 0.000 0.000 0.000 0.000 0.000 0.103 0.162 0.242 0.343 0.464 0.596 0.730 0.849 0.941 0.992 0.995 0.950 0.863 0.746 0.613 0.480 0.357 0.253 0.171 0.110 0.000 0.000 0.000 0.000 0.000 0.000 0.000 0.000 0.000 0.000 0.000 
0.872 0.956 0.997 0.990 0.935 0.840 0.719 0.585 0.453 0.334 0.234 0.156 0.000 0.000 0.000 0.000 0.000 0.000 0.000 0.000 0.100 0.158 0.236 0.336 0.456 0.588 0.721 0.843 0.936 0.990 0.997 0.954 0.869 0.754 0.622 0.488 0.365 0.259 0.175 0.113 0.000 0.000 0.000 0.000 0.000 0.000 0.000 0.000 0.000 0.000 
0.748 0.865 0.951 0.996 0.992 0.940 0.847 0.727 0.593 0.461 0.341 0.240 0.160 0.102 0.000 0.000 0.000 0.000 0.000 0.000 0.000 0.000 0.153 0.230 0.329 0.447 0.579 0.713 0.835 0.931 0.988 0.998 0.958 0.876 0.762 0.631 0.497 0.372 0.265 0.180 0.116 0.000 0.000 0.000 0.000 0.000 0.000 0.000 0.000 0.000 
0.608 0.740 0.858 0.947 0.994 0.993 0.944 0.854 0.735 0.602 0.469 0.348 0.245 0.165 0.105 0.000 0.000 0.000 0.000 0.000 0.000 0.000 0.000 0.149 0.225 0.322 0.439 0.570 0.705 0.828 0.926 0.986 0.999 0.962 0.882 0.770 0.639 0.505 0.380 0.272 0.185 0.120 0.000 0.000 0.000 0.000 0.000 0.000 0.000 0.000 
0.466 0.599 0.732 0.852 0.943 0.993 0.995 0.949 0.861 0.743 0.611 0.477 0.355 0.251 0.169 0.109 0.000 0.000 0.000 0.000 0.000 0.000 0.000 0.000 0.145 0.219 0.315 0.431 0.562 0.696 0.821 0.921 0.984 0.999 0.966 0.889 0.778 0.648 0.513 0.387 0.278 0.190 0.123 0.000 0.000 0.000 0.000 0.000 0.000 0.000 
0.338 0.458 0.590 0.724 0.845 0.938 0.991 0.996 0.953 0.867 0.751 0.619 0.486 0.362 0.257 0.174 0.112 0.000 0.000 0.000 0.000 0.000 0.000 0.000 0.000 0.141 0.214 0.308 0.424 0.553 0.688 0.814 0.916 0.981 1.000 0.969 0.895 0.786 0.656 0.522 0.395 0.284 0.195 0.127 0.000 0.000 0.000 0.000 0.000 0.000 
0.232 0.331 0.450 0.582 0.716 0.838 0.933 0.989 0.997 0.957 0.874 0.759 0.628 0.494 0.370 0.263 0.179 0.115 0.000 0.000 0.000 0.000 0.000 0.000 0.000 0.000 0.137 0.208 0.302 0.416 0.545 0.679 0.806 0.910 0.978 1.000 0.973 0.901 0.793 0.665 0.530 0.402 0.291 0.200 0.131 0.000 0.000 0.000 0.000 0.000 
0.150 0.226 0.324 0.442 0.573 0.707 0.830 0.928 0.987 0.998 0.961 0.880 0.767 0.637 0.502 0.377 0.270 0.183 0.119 0.000 0.000 0.000 0.000 0.000 0.000 0.000 0.000 0.133 0.203 0.295 0.408 0.536 0.671 0.799 0.905 0.975 1.000 0.976 0.906 0.801 0.673 0.539 0.410 0.297 0.205 0.134 0.000 0.000 0.000 0.000 
0.000 0.146 0.221 0.317 0.434 0.564 0.699 0.823 0.923 0.984 0.999 0.965 0.887 0.775 0.645 0.511 0.385 0.276 0.188 0.122 0.000 0.000 0.000 0.000 0.000 0.000 0.000 0.000 0.129 0.198 0.289 0.400 0.528 0.662 0.791 0.899 0.972 1.000 0.979 0.912 0.808 0.682 0.547 0.418 0.304 0.210 0.138 0.000 0.000 0.000 
0.000 0.000 0.142 0.215 0.310 0.426 0.556 0.690 0.816 0.917 0.982 1.000 0.968 0.893 0.783 0.654 0.519 0.392 0.282 0.193 0.126 0.000 0.000 0.000 0.000 0.000 0.000 0.000 0.000 0.126 0.193 0.282 0.392 0.519 0.654 0.783 0.893 0.968 1.000 0.982 0.917 0.816 0.690 0.556 0.426 0.310 0.215 0.142 0.000 0.000 
0.000 0.000 0.000 0.138 0.210 0.304 0.418 0.547 0.682 0.808 0.912 0.979 1.000 0.972 0.899 0.791 0.662 0.528 0.400 0.289 0.198 0.129 0.000 0.000 0.000 0.000 0.000 0.000 0.000 0.000 0.122 0.188 0.276 0.385 0.511 0.645 0.775 0.887 0.965 0.999 0.984 0.923 0.823 0.699 0.564 0.434 0.317 0.221 0.146 0.000 
0.000 0.000 0.000 0.000 0.134 0.205 0.297 0.410 0.539 0.673 0.801 0.906 0.976 1.000 0.975 0.905 0.799 0.671 0.536 0.408 0.295 0.203 0.133 0.000 0.000 0.000 0.000 0.000 0.000 0.000 0.000 0.119 0.183 0.270 0.377 0.502 0.637 0.767 0.880 0.961 0.998 0.987 0.928 0.830 0.707 0.573 0.442 0.324 0.226 0.150 
0.000 0.000 0.000 0.000 0.000 0.131 0.200 0.291 0.402 0.530 0.665 0.793 0.901 0.973 1.000 0.978 0.910 0.806 0.679 0.545 0.416 0.302 0.208 0.137 0.000 0.000 0.000 0.000 0.000 0.000 0.000 0.000 0.115 0.179 0.263 0.370 0.494 0.628 0.759 0.874 0.957 0.997 0.989 0.933 0.838 0.716 0.582 0.450 0.331 0.232 
0.000 0.000 0.000 0.000 0.000 0.000 0.127 0.195 0.284 0.395 0.522 0.656 0.786 0.895 0.969 1.000 0.981 0.916 0.814 0.688 0.553 0.424 0.308 0.214 0.141 0.000 0.000 0.000 0.000 0.000 0.000 0.000 0.000 0.112 0.174 0.257 0.362 0.486 0.619 0.751 0.867 0.953 0.996 0.991 0.938 0.845 0.724 0.590 0.458 0.338 
0.000 0.000 0.000 0.000 0.000 0.000 0.000 0.123 0.190 0.278 0.387 0.513 0.648 0.778 0.889 0.966 0.999 0.984 0.921 0.821 0.696 0.562 0.431 0.315 0.219 0.145 0.000 0.000 0.000 0.000 0.000 0.000 0.000 0.000 0.109 0.169 0.251 0.355 0.477 0.611 0.743 0.861 0.949 0.995 0.993 0.943 0.852 0.732 0.599 0.466 
0.000 0.000 0.000 0.000 0.000 0.000 0.000 0.000 0.120 0.185 0.272 0.380 0.505 0.639 0.770 0.882 0.962 0.999 0.986 0.926 0.828 0.705 0.570 0.439 0.322 0.225 0.149 0.000 0.000 0.000 0.000 0.000 0.000 0.000 0.000 0.105 0.165 0.245 0.348 0.469 0.602 0.735 0.854 0.944 0.993 0.994 0.947 0.858 0.740 0.608 
0.000 0.000 0.000 0.000 0.000 0.000 0.000 0.000 0.000 0.116 0.180 0.265 0.372 0.497 0.631 0.762 0.876 0.958 0.998 0.988 0.931 0.835 0.713 0.579 0.447 0.329 0.230 0.153 0.000 0.000 0.000 0.000 0.000 0.000 0.000 0.000 0.102 0.160 0.240 0.341 0.461 0.593 0.727 0.847 0.940 0.992 0.996 0.951 0.865 0.748 
0.000 0.000 0.000 0.000 0.000 0.000 0.000 0.000 0.000 0.000 0.113 0.175 0.259 0.365 0.488 0.622 0.754 0.869 0.954 0.997 0.990 0.936 0.843 0.721 0.588 0.456 0.336 0.236 0.158 0.100 0.000 0.000 0.000 0.000 0.000 0.000 0.000 0.000 0.156 0.234 0.334 0.453 0.585 0.719 0.840 0.935 0.990 0.997 0.956 0.872 
0.000 0.000 0.000 0.000 0.000 0.000 0.000 0.000 0.000 0.000 0.000 0.110 0.171 0.253 0.357 0.480 0.613 0.746 0.863 0.950 0.995 0.992 0.941 0.849 0.730 0.596 0.464 0.343 0.242 0.162 0.103 0.000 0.000 0.000 0.000 0.000 0.000 0.000 0.000 0.152 0.228 0.327 0.445 0.576 0.710 0.833 0.930 0.987 0.998 0.960 
0.000 0.000 0.000 0.000 0.000 0.000 0.000 0.000 0.000 0.000 0.000 0.000 0.106 0.166 0.247 0.350 0.472 0.605 0.738 0.856 0.946 0.994 0.994 0.946 0.856 0.738 0.605 0.472 0.350 0.247 0.166 0.106 0.000 0.000 0.000 0.000 0.000 0.000 0.000 0.000 0.148 0.223 0.320 0.437 0.568 0.702 0.826 0.925 0.985 0.999 
0.000 0.000 0.000 0.000 0.000 0.000 0.000 0.000 0.000 0.000 0.000 0.000 0.000 0.103 0.162 0.241 0.343 0.463 0.596 0.729 0.849 0.941 0.992 0.995 0.950 0.863 0.746 0.614 0.480 0.358 0.253 0.171 0.110 0.000 0.000 0.000 0.000 0.000 0.000 0.000 0.000 0.144 0.217 0.313 0.429 0.559 0.693 0.819 0.919 0.983 
0.000 0.000 0.000 0.000 0.000 0.000 0.000 0.000 0.000 0.000 0.000 0.000 0.000 0.000 0.100 0.157 0.236 0.336 0.455 0.587 0.721 0.842 0.936 0.990 0.997 0.954 0.870 0.754 0.622 0.488 0.365 0.259 0.175 0.113 0.000 0.000 0.000 0.000 0.000 0.000 0.000 0.000 0.140 0.212 0.306 0.421 0.550 0.685 0.811 0.914 
0.000 0.000 0.000 0.000 0.000 0.000 0.000 0.000 0.000 0.000 0.000 0.000 0.000 0.000 0.000 0.000 0.153 0.230 0.329 0.447 0.579 0.713 0.835 0.931 0.988 0.998 0.958 0.876 0.762 0.631 0.497 0.372 0.266 0.180 0.116 0.000 0.000 0.000 0.000 0.000 0.000 0.000 0.000 0.136 0.207 0.300 0.413 0.542 0.676 0.804 
0.000 0.000 0.000 0.000 0.000 0.000 0.000 0.000 0.000 0.000 0.000 0.000 0.000 0.000 0.000 0.000 0.000 0.149 0.224 0.322 0.439 0.570 0.704 0.828 0.926 0.986 0.999 0.962 0.882 0.770 0.639 0.505 0.380 0.272 0.185 0.120 0.000 0.000 0.000 0.000 0.000 0.000 0.000 0.000 0.132 0.202 0.293 0.405 0.533 0.668 
0.000 0.000 0.000 0.000 0.000 0.000 0.000 0.000 0.000 0.000 0.000 0.000 0.000 0.000 0.000 0.000 0.000 0.000 0.145 0.219 0.315 0.431 0.562 0.696 0.821 0.921 0.983 0.999 0.966 0.889 0.778 0.648 0.514 0.387 0.278 0.190 0.123 0.000 0.000 0.000 0.000 0.000 0.000 0.000 0.000 0.128 0.196 0.286 0.398 0.525 
0.000 0.000 0.000 0.000 0.000 0.000 0.000 0.000 0.000 0.000 0.000 0.000 0.000 0.000 0.000 0.000 0.000 0.000 0.000 0.141 0.214 0.308 0.423 0.553 0.688 0.813 0.916 0.981 1.000 0.970 0.895 0.786 0.657 0.522 0.395 0.284 0.195 0.127 0.000 0.000 0.000 0.000 0.000 0.000 0.000 0.000 0.125 0.191 0.280 0.390 
0.000 0.000 0.000 0.000 0.000 0.000 0.000 0.000 0.000 0.000 0.000 0.000 0.000 0.000 0.000 0.000 0.000 0.000 0.000 0.000 0.137 0.208 0.302 0.415 0.544 0.679 0.806 0.910 0.978 1.000 0.973 0.901 0.793 0.665 0.531 0.403 0.291 0.200 0.131 0.000 0.000 0.000 0.000 0.000 0.000 0.000 0.000 0.121 0.187 0.274 
0.000 0.000 0.000 0.000 0.000 0.000 0.000 0.000 0.000 0.000 0.000 0.000 0.000 0.000 0.000 0.000 0.000 0.000 0.000 0.000 0.000 0.133 0.203 0.295 0.408 0.536 0.671 0.798 0.904 0.975 1.000 0.976 0.906 0.801 0.674 0.539 0.410 0.297 0.205 0.134 0.000 0.000 0.000 0.000 0.000 0.000 0.000 0.000 0.117 0.182 
0.000 0.000 0.000 0.000 0.000 0.000 0.000 0.000 0.000 0.000 0.000 0.000 0.000 0.000 0.000 0.000 0.000 0.000 0.000 0.000 0.000 0.000 0.129 0.198 0.288 0.400 0.527 0.662 0.791 0.899 0.972 1.000 0.979 0.912 0.809 0.682 0.548 0.418 0.304 0.210 0.138 0.000 0.000 0.000 0.000 0.000 0.000 0.000 0.000 0.114 
0.000 0.000 0.000 0.000 0.000 0.000 0.000 0.000 0.000 0.000 0.000 0.000 0.000 0.000 0.000 0.000 0.000 0.000 0.000 0.000 0.000 0.000 0.000 0.126 0.193 0.282 0.392 0.519 0.653 0.783 0.893 0.968 1.000 0.982 0.918 0.816 0.691 0.556 0.426 0.311 0.216 0.142 0.000 0.000 0.000 0.000 0.000 0.000 0.000 0.000 
0.000 0.000 0.000 0.000 0.000 0.000 0.000 0.000 0.000 0.000 0.000 0.000 0.000 0.000 0.000 0.000 0.000 0.000 0.000 0.000 0.000 0.000 0.000 0.000 0.122 0.188 0.276 0.385 0.511 0.645 0.775 0.886 0.965 0.999 0.984 0.923 0.823 0.699 0.565 0.434 0.318 0.221 0.146 0.000 0.000 0.000 0.000 0.000 0.000 0.000 
0.000 0.000 0.000 0.000 0.000 0.000 0.000 0.000 0.000 0.000 0.000 0.000 0.000 0.000 0.000 0.000 0.000 0.000 0.000 0.000 0.000 0.000 0.000 0.000 0.000 0.119 0.183 0.269 0.377 0.502 0.636 0.767 0.880 0.961 0.998 0.987 0.928 0.831 0.707 0.573 0.442 0.324 0.226 0.150 0.000 0.000 0.000 0.000 0.000 0.000 
0.000 0.000 0.000 0.000 0.000 0.000 0.000 0.000 0.000 0.000 0.000 0.000 0.000 0.000 0.000 0.000 0.000 0.000 0.000 0.000 0.000 0.000 0.000 0.000 0.000 0.000 0.115 0.178 0.263 0.370 0.494 0.628 0.759 0.874 0.957 0.997 0.989 0.933 0.838 0.716 0.582 0.450 0.331 0.232 0.155 0.000 0.000 0.000 0.000 0.000 
# 0 3 12 50
0.000 0.000 0.000 0.000 0.000 0.000 0.121 0.187 0.274 0.383 0.508 0.643 0.773 0.885 0.964 0.999 0.985 0.924 0.826 0.701 0.567 0.436 0.319 0.223 0.147 0.000 0.000 0.000 0.000 0.000 0.000 0.000 0.000 0.000 0.000 0.000 0.000 0.000 0.000 0.000 0.000 0.000 0.000 0.000 0.000 0.000 0.000 0.000 0.000 0.000 
0.213 0.141 0.000 0.000 0.000 0.000 0.000 0.000 0.000 0.000 0.112 0.174 0.258 0.363 0.486 0.620 0.752 0.868 0.953 0.996 0.991 0.938 0.844 0.723 0.590 0.457 0.338 0.237 0.158 0.101 0.000 0.000 0.000 0.000 0.000 0.000 0.000 0.000 0.000 0.000 0.000 0.000 0.000 0.000 0.000 0.000 0.000 0.000 0.000 0.000 
0.709 0.575 0.444 0.326 0.228 0.151 0.000 0.000 0.000 0.000 0.000 0.000 0.000 0.000 0.104 0.163 0.242 0.344 0.465 0.598 0.731 0.851 0.942 0.992 0.995 0.949 0.862 0.745 0.612 0.479 0.356 0.252 0.170 0.109 0.000 0.000 0.000 0.000 0.000 0.000 0.000 0.000 0.000 0.000 0.000 0.000 0.000 0.000 0.000 0.000 
0.995 0.992 0.942 0.851 0.731 0.598 0.465 0.344 0.242 0.163 0.104 0.000 0.000 0.000 0.000 0.000 0.000 0.000 0.000 0.151 0.228 0.326 0.444 0.575 0.709 0.832 0.929 0.987 0.998 0.960 0.879 0.766 0.635 0.501 0.376 0.268 0.182 0.118 0.000 0.000 0.000 0.000 0.000 0.000 0.000 0.000 0.000 0.000 0.000 0.000 
0.590 0.723 0.844 0.938 0.991 0.996 0.953 0.868 0.752 0.620 0.486 0.363 0.258 0.174 0.112 0.000 0.000 0.000 0.000 0.000 0.000 0.000 0.000 0.141 0.213 0.308 0.423 0.553 0.687 0.813 0.915 0.981 1.000 0.970 0.895 0.786 0.657 0.523 0.395 0.285 0.195 0.127 0.000 0.000 0.000 0.000 0.000 0.000 0.000 0.000 
0.147 0.223 0.319 0.436 0.567 0.701 0.826 0.924 0.985 0.999 0.964 0.885 0.773 0.643 0.508 0.383 0.274 0.187 0.121 0.000 0.000 0.000 0.000 0.000 0.000 0.000 0.000 0.131 0.200 0.291 0.402 0.530 0.665 0.793 0.901 0.973 1.000 0.978 0.910 0.806 0.679 0.545 0.416 0.302 0.208 0.137 0.000 0.000 0.000 0.000 
0.000 0.000 0.000 0.000 0.137 0.208 0.302 0.416 0.545 0.679 0.806 0.910 0.978 1.000 0.973 0.901 0.793 0.665 0.530 0.402 0.291 0.200 0.131 0.000 0.000 0.000 0.000 0.000 0.000 0.000 0.000 0.121 0.187 0.274 0.383 0.508 0.643 0.773 0.885 0.964 0.999 0.985 0.924 0.826 0.701 0.567 0.436 0.319 0.223 0.147 
0.000 0.000 0.000 0.000 0.000 0.000 0.000 0.000 0.127 0.195 0.285 0.395 0.523 0.657 0.786 0.895 0.970 1.000 0.981 0.915 0.813 0.687 0.553 0.423 0.308 0.213 0.141 0.000 0.000 0.000 0.000 0.000 0.000 0.000 0.000 0.112 0.174 0.258 0.363 0.486 0.620 0.752 0.868 0.953 0.996 0.991 0.938 0.844 0.723 0.590 
0.000 0.000 0.000 0.000 0.000 0.000 0.000 0.000 0.000 0.000 0.000 0.000 0.118 0.182 0.268 0.376 0.501 0.635 0.766 0.879 0.960 0.998 0.987 0.929 0.832 0.709 0.575 0.444 0.326 0.228 0.151 0.000 0.000 0.000 0.000 0.000 0.000 0.000 0.000 0.104 0.163 0.242 0.344 0.465 0.598 0.731 0.851 0.942 0.992 0.995 
0.000 0.000 0.000 0.000 0.000 0.000 0.000 0.000 0.000 0.000 0.000 0.000 0.000 0.000 0.000 0.000 0.109 0.170 0.252 0.356 0.479 0.612 0.745 0.862 0.949 0.995 0.992 0.942 0.851 0.731 0.598 0.465 0.344 0.242 0.163 0.104 0.000 0.000 0.000 0.000 0.000 0.000 0.000 0.000 0.151 0.228 0.326 0.444 0.575 0.709 
0.000 0.000 0.000 0.000 0.000 0.000 0.000 0.000 0.000 0.000 0.000 0.000 0.000 0.000 0.000 0.000 0.000 0.000 0.000 0.000 0.101 0.158 0.237 0.338 0.457 0.590 0.723 0.844 0.938 0.991 0.996 0.953 0.868 0.752 0.620 0.486 0.363 0.258 0.174 0.112 0.000 0.000 0.000 0.000 0.000 0.000 0.000 0.000 0.141 0.213 
0.000 0.000 0.000 0.000 0.000 0.000 0.000 0.000 0.000 0.000 0.000 0.000 0.000 0.000 0.000 0.000 0.000 0.000 0.000 0.000 0.000 0.000 0.000 0.000 0.000 0.147 0.223 0.319 0.436 0.567 0.701 0.826 0.924 0.985 0.999 0.964 0.885 0.773 0.643 0.508 0.383 0.274 0.187 0.121 0.000 0.000 0.000 0.000 0.000 0.000 
# 1 0 50 17
-0.331 -0.586 -0.845 -0.992 -0.948 -0.738 -0.467 -0.241 -0.101 0.000 0.000 0.000 0.000 0.000 0.000 0.000 0.000 
-0.264 -0.494 -0.764 -0.961 -0.985 -0.822 -0.559 -0.309 -0.139 0.000 0.000 0.000 0.000 0.000 0.000 0.000 0.000 
-0.335 -0.406 -0.674 -0.910 -1.000 -0.895 -0.652 -0.387 -0.187 0.000 0.000 0.000 0.000 0.000 0.000 0.000 0.000 
-0.416 -0.327 -0.581 -0.841 -0.991 -0.951 -0.743 -0.473 -0.245 -0.103 0.000 0.000 0.000 0.000 0.000 0.000 0.000 
-0.505 -0.268 -0.489 -0.759 -0.959 -0.987 -0.827 -0.564 -0.313 -0.142 0.000 0.000 0.000 0.000 0.000 0.000 0.000 
-0.597 -0.340 -0.401 -0.668 -0.906 -1.000 -0.899 -0.657 -0.392 -0.190 0.000 0.000 0.000 0.000 0.000 0.000 0.000 
-0.690 -0.421 -0.322 -0.575 -0.836 -0.990 -0.954 -0.748 -0.478 -0.249 -0.105 0.000 0.000 0.000 0.000 0.000 0.000 
-0.779 -0.510 -0.272 -0.483 -0.753 -0.956 -0.988 -0.831 -0.570 -0.318 -0.144 0.000 0.000 0.000 0.000 0.000 0.000 
-0.858 -0.603 -0.345 -0.397 -0.663 -0.902 -1.000 -0.902 -0.663 -0.396 -0.193 0.000 0.000 0.000 0.000 0.000 0.000 
-0.924 -0.695 -0.426 -0.318 -0.570 -0.832 -0.988 -0.956 -0.753 -0.483 -0.252 -0.107 0.000 0.000 0.000 0.000 0.000 
-0.970 -0.784 -0.515 -0.276 -0.478 -0.748 -0.954 -0.990 -0.836 -0.575 -0.322 -0.147 0.000 0.000 0.000 0.000 0.000 
-0.996 -0.862 -0.608 -0.349 -0.392 -0.657 -0.899 -1.000 -0.906 -0.668 -0.401 -0.196 0.000 0.000 0.000 0.000 0.000 
-0.998 -0.927 -0.701 -0.431 -0.313 -0.564 -0.827 -0.987 -0.959 -0.758 -0.488 -0.256 -0.109 0.000 0.000 0.000 0.000 
-0.977 -0.973 -0.789 -0.521 -0.280 -0.473 -0.743 -0.951 -0.991 -0.840 -0.580 -0.326 -0.149 0.000 0.000 0.000 0.000 
-0.933 -0.997 -0.867 -0.614 -0.354 -0.387 -0.652 -0.895 -1.000 -0.910 -0.674 -0.406 -0.199 0.000 0.000 0.000 0.000 
-0.871 -0.997 -0.930 -0.706 -0.437 -0.309 -0.559 -0.822 -0.985 -0.961 -0.763 -0.494 -0.260 -0.111 0.000 0.000 0.000 
-0.793 -0.975 -0.975 -0.794 -0.526 -0.284 -0.467 -0.738 -0.948 -0.992 -0.845 -0.586 -0.331 -0.152 0.000 0.000 0.000 
-0.706 -0.930 -0.997 -0.871 -0.619 -0.358 -0.382 -0.647 -0.891 -1.000 -0.913 -0.679 -0.411 -0.203 0.000 0.000 0.000 
-0.613 -0.867 -0.997 -0.933 -0.711 -0.442 -0.305 -0.553 -0.818 -0.984 -0.964 -0.769 -0.499 -0.264 -0.114 0.000 0.000 
-0.521 -0.789 -0.973 -0.977 -0.798 -0.531 -0.288 -0.462 -0.733 -0.945 -0.993 -0.849 -0.591 -0.335 -0.155 0.000 0.000 
-0.431 -0.701 -0.927 -0.998 -0.875 -0.625 -0.363 -0.377 -0.641 -0.887 -0.999 -0.917 -0.685 -0.416 -0.206 0.000 0.000 
-0.349 -0.608 -0.862 -0.996 -0.936 -0.717 -0.447 -0.301 -0.548 -0.813 -0.982 -0.966 -0.774 -0.504 -0.268 -0.116 0.000 
-0.276 -0.515 -0.784 -0.970 -0.979 -0.803 -0.537 -0.292 -0.457 -0.727 -0.942 -0.994 -0.854 -0.597 -0.340 -0.158 0.000 
-0.213 -0.426 -0.695 -0.923 -0.999 -0.879 -0.630 -0.368 -0.372 -0.636 -0.883 -0.999 -0.920 -0.690 -0.421 -0.209 0.000 
-0.160 -0.344 -0.602 -0.858 -0.995 -0.939 -0.722 -0.452 -0.296 -0.542 -0.808 -0.980 -0.968 -0.779 -0.510 -0.272 -0.118 
-0.118 -0.272 -0.510 -0.779 -0.968 -0.980 -0.808 -0.542 -0.296 -0.452 -0.722 -0.939 -0.995 -0.858 -0.602 -0.344 -0.160 
0.000 -0.209 -0.421 -0.690 -0.920 -0.999 -0.883 -0.636 -0.372 -0.368 -0.630 -0.879 -0.999 -0.923 -0.695 -0.426 -0.213 
0.000 -0.158 -0.340 -0.597 -0.854 -0.994 -0.942 -0.727 -0.457 -0.292 -0.537 -0.803 -0.979 -0.970 -0.784 -0.515 -0.276 
0.000 -0.116 -0.268 -0.504 -0.774 -0.966 -0.982 -0.813 -0.548 -0.301 -0.447 -0.717 -0.936 -0.996 -0.862 -0.608 -0.349 
0.000 0.000 -0.206 -0.416 -0.685 -0.917 -0.999 -0.887 -0.641 -0.377 -0.363 -0.625 -0.875 -0.998 -0.927 -0.701 -0.431 
0.000 0.000 -0.155 -0.335 -0.591 -0.849 -0.993 -0.945 -0.733 -0.462 -0.288 -0.531 -0.798 -0.977 -0.973 -0.789 -0.521 
0.000 0.000 -0.114 -0.264 -0.499 -0.769 -0.964 -0.984 -0.818 -0.553 -0.305 -0.442 -0.711 -0.933 -0.997 -0.867 -0.613 
0.000 0.000 0.000 -0.203 -0.411 -0.679 -0.913 -1.000 -0.891 -0.647 -0.382 -0.358 -0.619 -0.871 -0.997 -0.930 -0.706 
0.000 0.000 0.000 -0.152 -0.331 -0.586 -0.845 -0.992 -0.948 -0.738 -0.467 -0.284 -0.526 -0.794 -0.975 -0.975 -0.793 
0.000 0.000 0.000 -0.111 -0.260 -0.494 -0.763 -0.961 -0.985 -0.822 -0.559 -0.309 -0.437 -0.706 -0.930 -0.997 -0.871 
0.000 0.000 0.000 0.000 -0.199 -0.406 -0.674 -0.910 -1.000 -0.895 -0.652 -0.387 -0.354 -0.614 -0.867 -0.997 -0.933 
0.000 0.000 0.000 0.000 -0.149 -0.326 -0.580 -0.840 -0.991 -0.951 -0.743 -0.473 -0.280 -0.521 -0.789 -0.973 -0.977 
0.000 0.000 0.000 0.000 -0.109 -0.256 -0.488 -0.758 -0.959 -0.987 -0.827 -0.564 -0.313 -0.431 -0.701 -0.927 -0.998 
0.000 0.000 0.000 0.000 0.000 -0.196 -0.401 -0.668 -0.906 -1.000 -0.899 -0.657 -0.392 -0.349 -0.608 -0.862 -0.996 
0.000 0.000 0.000 0.000 0.000 -0.147 -0.322 -0.575 -0.836 -0.990 -0.954 -0.748 -0.478 -0.276 -0.515 -0.784 -0.970 
0.000 0.000 0.000 0.000 0.000 -0.107 -0.252 -0.483 -0.753 -0.956 -0.988 -0.832 -0.570 -0.318 -0.426 -0.695 -0.924 
0.000 0.000 0.000 0.000 0.000 0.000 -0.193 -0.396 -0.663 -0.902 -1.000 -0.902 -0.663 -0.397 -0.345 -0.603 -0.858 
0.000 0.000 0.000 0.000 0.000 0.000 -0.144 -0.318 -0.570 -0.831 -0.988 -0.956 -0.753 -0.483 -0.272 -0.510 -0.779 
0.000 0.000 0.000 0.000 0.000 0.000 -0.105 -0.249 -0.478 -0.748 -0.954 -0.990 -0.836 -0.575 -0.322 -0.421 -0.690 
0.000 0.000 0.000 0.000 0.000 0.000 0.000 -0.190 -0.392 -0.657 -0.899 -1.000 -0.906 -0.668 -0.401 -0.340 -0.597 
0.000 0.000 0.000 0.000 0.000 0.000 0.000 -0.142 -0.313 -0.564 -0.827 -0.987 -0.959 -0.759 -0.489 -0.268 -0.505 
0.000 0.000 0.000 0.000 0.000 0.000 0.000 -0.103 -0.245 -0.473 -0.743 -0.951 -0.991 -0.841 -0.581 -0.327 -0.416 
0.000 0.000 0.000 0.000 0.000 0.000 0.000 0.000 -0.187 -0.387 -0.652 -0.895 -1.000 -0.910 -0.674 -0.406 -0.335 
0.000 0.000 0.000 0.000 0.000 0.000 0.000 0.000 -0.139 -0.309 -0.559 -0.822 -0.985 -0.961 -0.764 -0.494 -0.264 
0.000 0.000 0.000 0.000 0.000 0.000 0.000 0.000 -0.101 -0.241 -0.467 -0.738 -0.948 -0.992 -0.845 -0.586 -0.331 
# 1 2 47 17
-0.329 -0.583 -0.843 -0.991 -0.950 -0.741 -0.470 -0.243 -0.102 0.000 0.000 0.000 0.000 0.000 0.000 0.000 0.000 
-0.270 -0.485 -0.755 -0.957 -0.988 -0.830 -0.567 -0.316 -0.143 0.000 0.000 0.000 0.000 0.000 0.000 0.000 0.000 
-0.348 -0.393 -0.659 -0.900 -1.000 -0.905 -0.667 -0.400 -0.195 0.000 0.000 0.000 0.000 0.000 0.000 0.000 0.000 
-0.435 -0.310 -0.560 -0.823 -0.986 -0.961 -0.762 -0.493 -0.259 -0.111 0.000 0.000 0.000 0.000 0.000 0.000 0.000 
-0.531 -0.288 -0.463 -0.733 -0.946 -0.993 -0.849 -0.591 -0.335 -0.154 0.000 0.000 0.000 0.000 0.000 0.000 0.000 
-0.630 -0.368 -0.373 -0.636 -0.883 -0.999 -0.920 -0.690 -0.421 -0.209 0.000 0.000 0.000 0.000 0.000 0.000 0.000 
-0.728 -0.457 -0.292 -0.537 -0.803 -0.978 -0.971 -0.784 -0.515 -0.276 -0.120 0.000 0.000 0.000 0.000 0.000 0.000 
-0.818 -0.554 -0.305 -0.441 -0.711 -0.933 -0.997 -0.867 -0.614 -0.354 -0.166 0.000 0.000 0.000 0.000 0.000 0.000 
-0.896 -0.653 -0.388 -0.353 -0.612 -0.866 -0.997 -0.934 -0.713 -0.443 -0.224 0.000 0.000 0.000 0.000 0.000 0.000 
-0.954 -0.750 -0.480 -0.275 -0.514 -0.782 -0.970 -0.979 -0.805 -0.538 -0.293 -0.130 0.000 0.000 0.000 0.000 0.000 
-0.990 -0.838 -0.577 -0.324 -0.419 -0.688 -0.919 -0.999 -0.885 -0.638 -0.374 -0.179 0.000 0.000 0.000 0.000 0.000 
-1.000 -0.911 -0.676 -0.409 -0.333 -0.589 -0.847 -0.993 -0.947 -0.735 -0.465 -0.239 -0.100 0.000 0.000 0.000 0.000 
-0.983 -0.965 -0.772 -0.502 -0.266 -0.491 -0.761 -0.960 -0.986 -0.825 -0.562 -0.311 -0.141 0.000 0.000 0.000 0.000 
-0.940 -0.995 -0.857 -0.601 -0.343 -0.398 -0.665 -0.904 -1.000 -0.901 -0.661 -0.395 -0.192 0.000 0.000 0.000 0.000 
-0.876 -0.998 -0.926 -0.699 -0.430 -0.315 -0.566 -0.828 -0.987 -0.958 -0.757 -0.487 -0.255 -0.109 0.000 0.000 0.000 
-0.794 -0.975 -0.974 -0.793 -0.525 -0.283 -0.468 -0.739 -0.949 -0.992 -0.844 -0.585 -0.330 -0.152 0.000 0.000 0.000 
-0.701 -0.927 -0.998 -0.875 -0.624 -0.363 -0.378 -0.642 -0.887 -0.999 -0.916 -0.684 -0.416 -0.206 0.000 0.000 0.000 
-0.603 -0.858 -0.995 -0.939 -0.722 -0.452 -0.296 -0.542 -0.808 -0.980 -0.968 -0.779 -0.510 -0.272 -0.118 0.000 0.000 
-0.504 -0.773 -0.966 -0.982 -0.813 -0.548 -0.301 -0.446 -0.716 -0.936 -0.996 -0.863 -0.608 -0.349 -0.163 0.000 0.000 
-0.410 -0.678 -0.913 -1.000 -0.892 -0.647 -0.383 -0.358 -0.618 -0.870 -0.997 -0.931 -0.707 -0.437 -0.220 0.000 0.000 
-0.325 -0.579 -0.839 -0.990 -0.952 -0.744 -0.474 -0.279 -0.519 -0.787 -0.972 -0.977 -0.800 -0.533 -0.289 -0.128 0.000 
-0.251 -0.481 -0.752 -0.955 -0.989 -0.833 -0.571 -0.319 -0.425 -0.694 -0.922 -0.999 -0.880 -0.632 -0.369 -0.176 0.000 
-0.189 -0.390 -0.655 -0.897 -1.000 -0.908 -0.671 -0.403 -0.338 -0.595 -0.852 -0.994 -0.944 -0.729 -0.459 -0.235 0.000 
-0.138 -0.307 -0.556 -0.820 -0.984 -0.963 -0.766 -0.497 -0.262 -0.497 -0.766 -0.963 -0.984 -0.820 -0.556 -0.307 -0.138 
0.000 -0.235 -0.459 -0.729 -0.944 -0.994 -0.852 -0.595 -0.338 -0.403 -0.671 -0.908 -1.000 -0.897 -0.655 -0.390 -0.189 
0.000 -0.176 -0.369 -0.632 -0.880 -0.999 -0.922 -0.694 -0.425 -0.319 -0.571 -0.833 -0.989 -0.955 -0.752 -0.481 -0.251 
0.000 -0.128 -0.289 -0.533 -0.800 -0.977 -0.972 -0.787 -0.519 -0.279 -0.474 -0.744 -0.952 -0.990 -0.839 -0.579 -0.325 
0.000 0.000 -0.220 -0.437 -0.707 -0.931 -0.997 -0.870 -0.618 -0.358 -0.383 -0.647 -0.892 -1.000 -0.913 -0.678 -0.410 
0.000 0.000 -0.163 -0.349 -0.608 -0.863 -0.996 -0.936 -0.716 -0.446 -0.301 -0.548 -0.813 -0.982 -0.966 -0.773 -0.504 
0.000 0.000 -0.118 -0.272 -0.510 -0.779 -0.968 -0.980 -0.808 -0.542 -0.296 -0.452 -0.722 -0.939 -0.995 -0.858 -0.603 
0.000 0.000 0.000 -0.206 -0.416 -0.684 -0.916 -0.999 -0.887 -0.642 -0.378 -0.363 -0.624 -0.875 -0.998 -0.927 -0.701 
0.000 0.000 0.000 -0.152 -0.330 -0.585 -0.844 -0.992 -0.949 -0.739 -0.468 -0.283 -0.525 -0.793 -0.974 -0.975 -0.794 
0.000 0.000 0.000 -0.109 -0.255 -0.487 -0.757 -0.958 -0.987 -0.828 -0.566 -0.315 -0.430 -0.699 -0.926 -0.998 -0.876 
0.000 0.000 0.000 0.000 -0.192 -0.395 -0.661 -0.901 -1.000 -0.904 -0.665 -0.398 -0.343 -0.601 -0.857 -0.995 -0.940 
0.000 0.000 0.000 0.000 -0.141 -0.311 -0.562 -0.825 -0.986 -0.960 -0.761 -0.491 -0.266 -0.502 -0.772 -0.965 -0.983 
0.000 0.000 0.000 0.000 -0.100 -0.239 -0.465 -0.735 -0.947 -0.993 -0.847 -0.589 -0.333 -0.409 -0.676 -0.911 -1.000 
0.000 0.000 0.000 0.000 0.000 -0.179 -0.374 -0.638 -0.885 -0.999 -0.919 -0.688 -0.419 -0.324 -0.577 -0.838 -0.990 
0.000 0.000 0.000 0.000 0.000 -0.130 -0.293 -0.538 -0.805 -0.979 -0.970 -0.782 -0.514 -0.275 -0.480 -0.750 -0.954 
0.000 0.000 0.000 0.000 0.000 0.000 -0.224 -0.443 -0.713 -0.934 -0.997 -0.866 -0.612 -0.353 -0.388 -0.653 -0.896 
0.000 0.000 0.000 0.000 0.000 0.000 -0.166 -0.354 -0.614 -0.867 -0.997 -0.933 -0.711 -0.441 -0.305 -0.554 -0.818 
0.000 0.000 0.000 0.000 0.000 0.000 -0.120 -0.276 -0.515 -0.784 -0.971 -0.978 -0.803 -0.537 -0.292 -0.457 -0.728 
0.000 0.000 0.000 0.000 0.000 0.000 0.000 -0.209 -0.421 -0.690 -0.920 -0.999 -0.883 -0.636 -0.373 -0.368 -0.630 
0.000 0.000 0.000 0.000 0.000 0.000 0.000 -0.154 -0.335 -0.591 -0.849 -0.993 -0.946 -0.733 -0.463 -0.288 -0.531 
0.000 0.000 0.000 0.000 0.000 0.000 0.000 -0.111 -0.259 -0.493 -0.762 -0.961 -0.986 -0.823 -0.560 -0.310 -0.435 
0.000 0.000 0.000 0.000 0.000 0.000 0.000 0.000 -0.195 -0.400 -0.667 -0.905 -1.000 -0.900 -0.659 -0.393 -0.348 
0.000 0.000 0.000 0.000 0.000 0.000 0.000 0.000 -0.143 -0.316 -0.567 -0.830 -0.988 -0.957 -0.755 -0.485 -0.270 
0.000 0.000 0.000 0.000 0.000 0.000 0.000 0.000 -0.102 -0.243 -0.470 -0.741 -0.950 -0.991 -0.843 -0.583 -0.329 
# 2 0 50 47
0.000 -0.134 -0.180 -0.235 -0.300 -0.375 -0.458 -0.547 -0.639 -0.728 -0.812 -0.885 -0.943 -0.982 -0.999 -0.994 -0.967 -0.919 -0.854 -0.775 -0.688 -0.597 -0.507 -0.420 -0.340 -0.270 -0.209 -0.158 -0.117 0.000 0.000 0.000 0.000 0.000 0.000 0.000 0.000 0.000 0.000 0.000 0.000 0.000 0.000 0.000 0.000 0.000 0.000 
-0.130 -0.100 -0.137 -0.183 -0.239 -0.305 -0.380 -0.464 -0.553 -0.644 -0.734 -0.817 -0.889 -0.946 -0.983 -0.999 -0.993 -0.964 -0.915 -0.849 -0.770 -0.683 -0.592 -0.501 -0.415 -0.336 -0.266 -0.205 -0.155 -0.115 0.000 0.000 0.000 0.000 0.000 0.000 0.000 0.000 0.000 0.000 0.000 0.000 0.000 0.000 0.000 0.000 0.000 
-0.171 -0.127 -0.102 -0.139 -0.186 -0.242 -0.309 -0.385 -0.469 -0.558 -0.650 -0.739 -0.822 -0.893 -0.949 -0.985 -1.000 -0.992 -0.962 -0.912 -0.845 -0.765 -0.678 -0.586 -0.496 -0.410 -0.331 -0.262 -0.202 -0.153 -0.113 0.000 0.000 0.000 0.000 0.000 0.000 0.000 0.000 0.000 0.000 0.000 0.000 0.000 0.000 0.000 0.000 
-0.221 -0.168 -0.125 -0.104 -0.142 -0.189 -0.246 -0.313 -0.390 -0.474 -0.564 -0.655 -0.744 -0.826 -0.897 -0.951 -0.986 -1.000 -0.991 -0.959 -0.908 -0.840 -0.760 -0.672 -0.581 -0.491 -0.405 -0.327 -0.258 -0.199 -0.150 -0.110 0.000 0.000 0.000 0.000 0.000 0.000 0.000 0.000 0.000 0.000 0.000 0.000 0.000 0.000 0.000 
-0.280 -0.217 -0.165 -0.123 -0.106 -0.144 -0.192 -0.250 -0.318 -0.395 -0.479 -0.569 -0.660 -0.749 -0.831 -0.900 -0.954 -0.988 -1.000 -0.989 -0.957 -0.905 -0.836 -0.755 -0.667 -0.575 -0.485 -0.400 -0.323 -0.254 -0.196 -0.147 -0.108 0.000 0.000 0.000 0.000 0.000 0.000 0.000 0.000 0.000 0.000 0.000 0.000 0.000 0.000 
-0.347 -0.276 -0.214 -0.162 -0.120 -0.108 -0.147 -0.195 -0.254 -0.322 -0.400 -0.485 -0.575 -0.666 -0.754 -0.835 -0.904 -0.957 -0.989 -1.000 -0.988 -0.954 -0.901 -0.831 -0.750 -0.661 -0.570 -0.480 -0.395 -0.318 -0.250 -0.193 -0.145 -0.106 0.000 0.000 0.000 0.000 0.000 0.000 0.000 0.000 0.000 0.000 0.000 0.000 0.000 
-0.423 -0.343 -0.272 -0.211 -0.159 -0.118 -0.110 -0.150 -0.198 -0.257 -0.326 -0.404 -0.490 -0.580 -0.671 -0.759 -0.840 -0.908 -0.959 -0.991 -1.000 -0.987 -0.952 -0.897 -0.827 -0.745 -0.656 -0.564 -0.475 -0.390 -0.314 -0.247 -0.189 -0.142 -0.104 0.000 0.000 0.000 0.000 0.000 0.000 0.000 0.000 0.000 0.000 0.000 0.000 
-0.504 -0.418 -0.338 -0.268 -0.207 -0.157 -0.116 -0.112 -0.152 -0.202 -0.261 -0.331 -0.409 -0.495 -0.586 -0.677 -0.765 -0.844 -0.911 -0.962 -0.992 -1.000 -0.985 -0.949 -0.893 -0.822 -0.740 -0.650 -0.559 -0.470 -0.386 -0.310 -0.243 -0.186 -0.140 -0.102 0.000 0.000 0.000 0.000 0.000 0.000 0.000 0.000 0.000 0.000 0.000 
-0.589 -0.499 -0.413 -0.334 -0.264 -0.204 -0.154 -0.114 -0.114 -0.155 -0.205 -0.265 -0.335 -0.414 -0.501 -0.591 -0.682 -0.770 -0.849 -0.915 -0.964 -0.993 -1.000 -0.984 -0.946 -0.890 -0.817 -0.734 -0.645 -0.553 -0.464 -0.381 -0.305 -0.239 -0.183 -0.137 -0.100 0.000 0.000 0.000 0.000 0.000 0.000 0.000 0.000 0.000 0.000 
-0.675 -0.584 -0.493 -0.408 -0.329 -0.260 -0.201 -0.151 -0.112 -0.117 -0.158 -0.208 -0.269 -0.340 -0.419 -0.506 -0.597 -0.688 -0.775 -0.853 -0.918 -0.966 -0.994 -0.999 -0.982 -0.943 -0.886 -0.813 -0.729 -0.639 -0.548 -0.459 -0.376 -0.301 -0.236 -0.180 -0.135 0.000 0.000 0.000 0.000 0.000 0.000 0.000 0.000 0.000 0.000 
-0.758 -0.670 -0.578 -0.488 -0.403 -0.325 -0.256 -0.197 -0.149 -0.109 -0.119 -0.160 -0.212 -0.273 -0.344 -0.424 -0.511 -0.602 -0.693 -0.780 -0.857 -0.922 -0.969 -0.995 -0.999 -0.980 -0.940 -0.882 -0.808 -0.724 -0.634 -0.543 -0.454 -0.371 -0.297 -0.232 -0.177 -0.132 0.000 0.000 0.000 0.000 0.000 0.000 0.000 0.000 0.000 
-0.834 -0.753 -0.664 -0.573 -0.483 -0.398 -0.320 -0.252 -0.194 -0.146 -0.107 -0.121 -0.163 -0.215 -0.277 -0.349 -0.429 -0.517 -0.608 -0.698 -0.785 -0.862 -0.925 -0.971 -0.996 -0.998 -0.978 -0.937 -0.878 -0.803 -0.719 -0.628 -0.537 -0.449 -0.367 -0.293 -0.228 -0.174 -0.130 0.000 0.000 0.000 0.000 0.000 0.000 0.000 0.000 
-0.899 -0.829 -0.748 -0.659 -0.567 -0.478 -0.393 -0.316 -0.249 -0.191 -0.144 -0.105 -0.123 -0.166 -0.219 -0.281 -0.353 -0.434 -0.522 -0.613 -0.704 -0.790 -0.866 -0.928 -0.973 -0.997 -0.998 -0.976 -0.934 -0.873 -0.798 -0.713 -0.623 -0.532 -0.444 -0.362 -0.289 -0.225 -0.171 -0.128 0.000 0.000 0.000 0.000 0.000 0.000 0.000 
-0.950 -0.895 -0.825 -0.742 -0.653 -0.562 -0.472 -0.388 -0.312 -0.245 -0.188 -0.141 -0.103 -0.126 -0.169 -0.222 -0.285 -0.358 -0.440 -0.527 -0.619 -0.709 -0.794 -0.870 -0.932 -0.975 -0.997 -0.997 -0.975 -0.931 -0.869 -0.794 -0.708 -0.617 -0.526 -0.439 -0.357 -0.284 -0.221 -0.168 -0.125 0.000 0.000 0.000 0.000 0.000 0.000 
-0.984 -0.948 -0.892 -0.820 -0.737 -0.648 -0.556 -0.467 -0.383 -0.308 -0.241 -0.185 -0.138 -0.101 -0.128 -0.172 -0.226 -0.289 -0.363 -0.445 -0.533 -0.624 -0.714 -0.799 -0.874 -0.935 -0.977 -0.998 -0.996 -0.972 -0.928 -0.865 -0.789 -0.703 -0.612 -0.521 -0.433 -0.353 -0.280 -0.218 -0.165 -0.123 0.000 0.000 0.000 0.000 0.000 
-0.999 -0.983 -0.945 -0.888 -0.815 -0.732 -0.642 -0.551 -0.462 -0.379 -0.303 -0.237 -0.182 -0.136 0.000 -0.130 -0.175 -0.229 -0.293 -0.367 -0.450 -0.538 -0.629 -0.720 -0.804 -0.878 -0.938 -0.979 -0.998 -0.996 -0.970 -0.924 -0.861 -0.784 -0.697 -0.606 -0.516 -0.428 -0.348 -0.276 -0.214 -0.163 -0.121 0.000 0.000 0.000 0.000 
-0.994 -0.999 -0.981 -0.942 -0.884 -0.811 -0.727 -0.637 -0.545 -0.457 -0.374 -0.299 -0.234 -0.179 -0.134 0.000 -0.133 -0.178 -0.233 -0.298 -0.372 -0.455 -0.544 -0.635 -0.725 -0.809 -0.882 -0.941 -0.981 -0.999 -0.995 -0.968 -0.921 -0.857 -0.779 -0.692 -0.601 -0.510 -0.423 -0.343 -0.272 -0.211 -0.160 -0.118 0.000 0.000 0.000 
-0.970 -0.995 -0.999 -0.979 -0.939 -0.880 -0.806 -0.721 -0.631 -0.540 -0.452 -0.369 -0.295 -0.230 -0.176 -0.131 0.000 -0.135 -0.181 -0.236 -0.302 -0.377 -0.460 -0.549 -0.640 -0.730 -0.814 -0.886 -0.944 -0.982 -0.999 -0.994 -0.966 -0.918 -0.852 -0.774 -0.687 -0.595 -0.505 -0.418 -0.339 -0.268 -0.208 -0.157 -0.116 0.000 0.000 
-0.927 -0.972 -0.996 -0.998 -0.977 -0.936 -0.876 -0.801 -0.716 -0.626 -0.535 -0.446 -0.364 -0.291 -0.227 -0.173 -0.129 -0.101 -0.138 -0.184 -0.240 -0.306 -0.382 -0.465 -0.555 -0.646 -0.735 -0.818 -0.890 -0.947 -0.984 -1.000 -0.993 -0.964 -0.914 -0.848 -0.769 -0.681 -0.590 -0.500 -0.413 -0.334 -0.264 -0.204 -0.154 -0.114 0.000 
-0.868 -0.930 -0.974 -0.997 -0.997 -0.976 -0.933 -0.872 -0.796 -0.711 -0.620 -0.529 -0.441 -0.360 -0.287 -0.223 -0.170 -0.126 -0.103 -0.140 -0.187 -0.244 -0.310 -0.387 -0.471 -0.560 -0.651 -0.741 -0.823 -0.894 -0.949 -0.985 -1.000 -0.991 -0.961 -0.911 -0.843 -0.764 -0.676 -0.584 -0.494 -0.408 -0.330 -0.261 -0.201 -0.152 -0.112 
-0.797 -0.872 -0.933 -0.976 -0.998 -0.997 -0.974 -0.929 -0.867 -0.791 -0.705 -0.615 -0.524 -0.436 -0.355 -0.282 -0.220 -0.167 -0.124 -0.105 -0.143 -0.190 -0.247 -0.315 -0.391 -0.476 -0.565 -0.657 -0.746 -0.828 -0.898 -0.952 -0.987 -1.000 -0.990 -0.959 -0.907 -0.839 -0.759 -0.670 -0.579 -0.489 -0.403 -0.326 -0.257 -0.198 -0.149 
-0.717 -0.802 -0.876 -0.936 -0.978 -0.998 -0.996 -0.971 -0.926 -0.863 -0.786 -0.700 -0.609 -0.518 -0.431 -0.350 -0.278 -0.216 -0.164 -0.122 -0.107 -0.145 -0.193 -0.251 -0.319 -0.396 -0.481 -0.571 -0.662 -0.751 -0.832 -0.902 -0.955 -0.988 -1.000 -0.989 -0.956 -0.903 -0.834 -0.753 -0.665 -0.574 -0.484 -0.399 -0.321 -0.253 -0.195 
-0.632 -0.722 -0.806 -0.880 -0.939 -0.980 -0.999 -0.995 -0.969 -0.923 -0.859 -0.781 -0.695 -0.604 -0.513 -0.426 -0.346 -0.274 -0.213 -0.161 -0.120 -0.109 -0.148 -0.196 -0.255 -0.323 -0.401 -0.486 -0.576 -0.668 -0.756 -0.837 -0.905 -0.957 -0.990 -1.000 -0.988 -0.953 -0.900 -0.830 -0.748 -0.659 -0.568 -0.478 -0.394 -0.317 -0.249 
-0.546 -0.638 -0.727 -0.811 -0.884 -0.942 -0.981 -0.999 -0.994 -0.967 -0.920 -0.855 -0.776 -0.689 -0.598 -0.508 -0.421 -0.341 -0.270 -0.209 -0.159 -0.117 -0.111 -0.150 -0.200 -0.259 -0.328 -0.406 -0.492 -0.582 -0.673 -0.761 -0.841 -0.909 -0.960 -0.991 -1.000 -0.986 -0.951 -0.896 -0.825 -0.743 -0.654 -0.563 -0.473 -0.389 -0.312 
-0.463 -0.552 -0.643 -0.733 -0.816 -0.888 -0.945 -0.983 -0.999 -0.993 -0.965 -0.916 -0.850 -0.771 -0.684 -0.593 -0.502 -0.416 -0.337 -0.266 -0.206 -0.156 -0.115 -0.113 -0.153 -0.203 -0.263 -0.332 -0.411 -0.497 -0.587 -0.679 -0.766 -0.846 -0.913 -0.962 -0.992 -1.000 -0.985 -0.948 -0.892 -0.821 -0.738 -0.649 -0.557 -0.468 -0.384 
-0.384 -0.468 -0.557 -0.649 -0.738 -0.821 -0.892 -0.948 -0.985 -1.000 -0.992 -0.962 -0.913 -0.846 -0.766 -0.679 -0.587 -0.497 -0.411 -0.332 -0.263 -0.203 -0.153 -0.113 -0.115 -0.156 -0.206 -0.266 -0.337 -0.416 -0.502 -0.593 -0.684 -0.771 -0.850 -0.916 -0.965 -0.993 -0.999 -0.983 -0.945 -0.888 -0.816 -0.733 -0.643 -0.552 -0.463 
-0.312 -0.389 -0.473 -0.563 -0.654 -0.743 -0.825 -0.896 -0.951 -0.986 -1.000 -0.991 -0.960 -0.909 -0.841 -0.761 -0.673 -0.582 -0.492 -0.406 -0.328 -0.259 -0.200 -0.150 -0.111 -0.117 -0.159 -0.209 -0.270 -0.341 -0.421 -0.508 -0.598 -0.689 -0.776 -0.855 -0.920 -0.967 -0.994 -0.999 -0.981 -0.942 -0.884 -0.811 -0.727 -0.638 -0.546 
-0.249 -0.317 -0.394 -0.478 -0.568 -0.659 -0.748 -0.830 -0.900 -0.953 -0.988 -1.000 -0.990 -0.957 -0.905 -0.837 -0.756 -0.668 -0.576 -0.486 -0.401 -0.323 -0.255 -0.196 -0.148 -0.109 -0.120 -0.161 -0.213 -0.274 -0.346 -0.426 -0.513 -0.604 -0.695 -0.781 -0.859 -0.923 -0.969 -0.995 -0.999 -0.980 -0.939 -0.880 -0.806 -0.722 -0.632 
-0.195 -0.253 -0.321 -0.399 -0.484 -0.574 -0.665 -0.753 -0.834 -0.903 -0.956 -0.989 -1.000 -0.988 -0.955 -0.902 -0.832 -0.751 -0.662 -0.571 -0.481 -0.396 -0.319 -0.251 -0.193 -0.145 -0.107 -0.122 -0.164 -0.216 -0.278 -0.350 -0.431 -0.518 -0.609 -0.700 -0.786 -0.863 -0.926 -0.971 -0.996 -0.998 -0.978 -0.936 -0.876 -0.802 -0.717 
-0.149 -0.198 -0.257 -0.326 -0.403 -0.489 -0.579 -0.670 -0.759 -0.839 -0.907 -0.959 -0.990 -1.000 -0.987 -0.952 -0.898 -0.828 -0.746 -0.657 -0.565 -0.476 -0.391 -0.315 -0.247 -0.190 -0.143 -0.105 -0.124 -0.167 -0.220 -0.282 -0.355 -0.436 -0.524 -0.615 -0.705 -0.791 -0.867 -0.929 -0.974 -0.997 -0.998 -0.976 -0.933 -0.872 -0.797 
-0.112 -0.152 -0.201 -0.261 -0.330 -0.408 -0.494 -0.584 -0.676 -0.764 -0.843 -0.911 -0.961 -0.991 -1.000 -0.985 -0.949 -0.894 -0.823 -0.741 -0.651 -0.560 -0.471 -0.387 -0.310 -0.244 -0.187 -0.140 -0.103 -0.126 -0.170 -0.223 -0.287 -0.360 -0.441 -0.529 -0.620 -0.711 -0.796 -0.872 -0.933 -0.976 -0.997 -0.997 -0.974 -0.930 -0.868 
0.000 -0.114 -0.154 -0.204 -0.264 -0.334 -0.413 -0.500 -0.590 -0.681 -0.769 -0.848 -0.914 -0.964 -0.993 -1.000 -0.984 -0.947 -0.890 -0.818 -0.735 -0.646 -0.555 -0.465 -0.382 -0.306 -0.240 -0.184 -0.138 -0.101 -0.129 -0.173 -0.227 -0.291 -0.364 -0.446 -0.535 -0.626 -0.716 -0.801 -0.876 -0.936 -0.977 -0.998 -0.996 -0.972 -0.927 
0.000 0.000 -0.116 -0.157 -0.208 -0.268 -0.339 -0.418 -0.505 -0.595 -0.687 -0.774 -0.852 -0.918 -0.966 -0.994 -0.999 -0.982 -0.944 -0.886 -0.814 -0.730 -0.640 -0.549 -0.460 -0.377 -0.302 -0.236 -0.181 -0.135 0.000 -0.131 -0.176 -0.230 -0.295 -0.369 -0.452 -0.540 -0.631 -0.721 -0.806 -0.880 -0.939 -0.979 -0.999 -0.995 -0.970 
0.000 0.000 0.000 -0.118 -0.160 -0.211 -0.272 -0.343 -0.423 -0.510 -0.601 -0.692 -0.779 -0.857 -0.921 -0.968 -0.995 -0.999 -0.981 -0.941 -0.882 -0.809 -0.725 -0.635 -0.544 -0.455 -0.372 -0.298 -0.233 -0.178 -0.133 0.000 -0.134 -0.179 -0.234 -0.299 -0.374 -0.457 -0.545 -0.637 -0.727 -0.811 -0.884 -0.942 -0.981 -0.999 -0.994 
0.000 0.000 0.000 0.000 -0.121 -0.163 -0.214 -0.276 -0.348 -0.428 -0.516 -0.606 -0.697 -0.784 -0.861 -0.924 -0.970 -0.996 -0.998 -0.979 -0.938 -0.878 -0.804 -0.720 -0.629 -0.538 -0.450 -0.367 -0.293 -0.229 -0.175 -0.130 0.000 -0.136 -0.182 -0.237 -0.303 -0.379 -0.462 -0.551 -0.642 -0.732 -0.815 -0.888 -0.945 -0.983 -0.999 
0.000 0.000 0.000 0.000 0.000 -0.123 -0.165 -0.218 -0.280 -0.353 -0.433 -0.521 -0.612 -0.703 -0.789 -0.865 -0.928 -0.972 -0.996 -0.998 -0.977 -0.935 -0.874 -0.799 -0.714 -0.624 -0.533 -0.445 -0.363 -0.289 -0.226 -0.172 -0.128 -0.101 -0.138 -0.185 -0.241 -0.308 -0.383 -0.467 -0.556 -0.648 -0.737 -0.820 -0.892 -0.948 -0.984 
0.000 0.000 0.000 0.000 0.000 0.000 -0.125 -0.168 -0.221 -0.284 -0.357 -0.439 -0.526 -0.617 -0.708 -0.794 -0.869 -0.931 -0.975 -0.997 -0.997 -0.975 -0.932 -0.870 -0.794 -0.709 -0.619 -0.527 -0.440 -0.358 -0.285 -0.222 -0.169 -0.126 -0.103 -0.141 -0.188 -0.245 -0.312 -0.388 -0.472 -0.562 -0.653 -0.742 -0.825 -0.895 -0.950 
0.000 0.000 0.000 0.000 0.000 0.000 0.000 -0.128 -0.171 -0.225 -0.289 -0.362 -0.444 -0.532 -0.623 -0.713 -0.798 -0.873 -0.934 -0.976 -0.998 -0.997 -0.973 -0.928 -0.866 -0.790 -0.704 -0.613 -0.522 -0.434 -0.353 -0.281 -0.219 -0.166 -0.123 -0.105 -0.144 -0.191 -0.249 -0.316 -0.393 -0.478 -0.567 -0.659 -0.748 -0.829 -0.899 
0.000 0.000 0.000 0.000 0.000 0.000 0.000 0.000 -0.130 -0.174 -0.228 -0.293 -0.367 -0.449 -0.537 -0.628 -0.719 -0.803 -0.878 -0.937 -0.978 -0.998 -0.996 -0.971 -0.925 -0.862 -0.785 -0.698 -0.608 -0.517 -0.429 -0.349 -0.277 -0.215 -0.163 -0.121 -0.107 -0.146 -0.194 -0.252 -0.320 -0.398 -0.483 -0.573 -0.664 -0.753 -0.834 
0.000 0.000 0.000 0.000 0.000 0.000 0.000 0.000 0.000 -0.132 -0.177 -0.232 -0.297 -0.371 -0.454 -0.543 -0.634 -0.724 -0.808 -0.882 -0.940 -0.980 -0.999 -0.995 -0.969 -0.922 -0.857 -0.780 -0.693 -0.602 -0.511 -0.424 -0.344 -0.273 -0.212 -0.160 -0.119 -0.109 -0.149 -0.197 -0.256 -0.325 -0.403 -0.488 -0.578 -0.670 -0.758 
0.000 0.000 0.000 0.000 0.000 0.000 0.000 0.000 0.000 0.000 -0.135 -0.180 -0.236 -0.301 -0.376 -0.459 -0.548 -0.639 -0.729 -0.813 -0.886 -0.943 -0.982 -0.999 -0.994 -0.966 -0.918 -0.853 -0.775 -0.688 -0.597 -0.506 -0.419 -0.340 -0.269 -0.208 -0.158 -0.117 -0.112 -0.151 -0.201 -0.260 -0.329 -0.408 -0.493 -0.584 -0.675 
0.000 0.000 0.000 0.000 0.000 0.000 0.000 0.000 0.000 0.000 -0.100 -0.137 -0.183 -0.239 -0.305 -0.381 -0.464 -0.553 -0.645 -0.734 -0.817 -0.890 -0.946 -0.984 -1.000 -0.993 -0.964 -0.915 -0.849 -0.770 -0.682 -0.591 -0.501 -0.414 -0.335 -0.265 -0.205 -0.155 -0.114 -0.114 -0.154 -0.204 -0.264 -0.334 -0.413 -0.499 -0.589 
0.000 0.000 0.000 0.000 0.000 0.000 0.000 0.000 0.000 0.000 0.000 -0.102 -0.140 -0.186 -0.243 -0.310 -0.386 -0.470 -0.559 -0.650 -0.740 -0.822 -0.893 -0.949 -0.985 -1.000 -0.992 -0.962 -0.911 -0.844 -0.765 -0.677 -0.586 -0.495 -0.409 -0.331 -0.261 -0.202 -0.152 -0.112 -0.116 -0.157 -0.207 -0.268 -0.338 -0.418 -0.504 
0.000 0.000 0.000 0.000 0.000 0.000 0.000 0.000 0.000 0.000 0.000 0.000 -0.104 -0.142 -0.189 -0.247 -0.314 -0.390 -0.475 -0.564 -0.656 -0.745 -0.827 -0.897 -0.952 -0.987 -1.000 -0.991 -0.959 -0.908 -0.840 -0.759 -0.671 -0.580 -0.490 -0.404 -0.326 -0.257 -0.198 -0.150 -0.110 -0.118 -0.159 -0.211 -0.272 -0.343 -0.423 
0.000 0.000 0.000 0.000 0.000 0.000 0.000 0.000 0.000 0.000 0.000 0.000 0.000 -0.106 -0.145 -0.193 -0.250 -0.318 -0.395 -0.480 -0.570 -0.661 -0.750 -0.831 -0.901 -0.954 -0.988 -1.000 -0.989 -0.957 -0.904 -0.835 -0.754 -0.666 -0.575 -0.485 -0.400 -0.322 -0.254 -0.195 -0.147 -0.108 -0.120 -0.162 -0.214 -0.276 -0.347 
0.000 0.000 0.000 0.000 0.000 0.000 0.000 0.000 0.000 0.000 0.000 0.000 0.000 0.000 -0.108 -0.147 -0.196 -0.254 -0.323 -0.400 -0.485 -0.575 -0.667 -0.755 -0.836 -0.905 -0.957 -0.989 -1.000 -0.988 -0.954 -0.900 -0.831 -0.749 -0.660 -0.569 -0.479 -0.395 -0.318 -0.250 -0.192 -0.144 -0.106 -0.123 -0.165 -0.217 -0.280 
0.000 0.000 0.000 0.000 0.000 0.000 0.000 0.000 0.000 0.000 0.000 0.000 0.000 0.000 0.000 -0.110 -0.150 -0.199 -0.258 -0.327 -0.405 -0.491 -0.581 -0.672 -0.760 -0.840 -0.908 -0.959 -0.991 -1.000 -0.986 -0.951 -0.897 -0.826 -0.744 -0.655 -0.564 -0.474 -0.390 -0.313 -0.246 -0.189 -0.142 -0.104 -0.125 -0.168 -0.221 
0.000 0.000 0.000 0.000 0.000 0.000 0.000 0.000 0.000 0.000 0.000 0.000 0.000 0.000 0.000 0.000 -0.113 -0.153 -0.202 -0.262 -0.331 -0.410 -0.496 -0.586 -0.678 -0.765 -0.845 -0.912 -0.962 -0.992 -1.000 -0.985 -0.949 -0.893 -0.822 -0.739 -0.650 -0.558 -0.469 -0.385 -0.309 -0.242 -0.186 -0.139 -0.102 -0.127 -0.171 
0.000 0.000 0.000 0.000 0.000 0.000 0.000 0.000 0.000 0.000 0.000 0.000 0.000 0.000 0.000 0.000 0.000 -0.115 -0.155 -0.205 -0.266 -0.336 -0.415 -0.501 -0.592 -0.683 -0.770 -0.849 -0.915 -0.964 -0.993 -0.999 -0.983 -0.946 -0.889 -0.817 -0.734 -0.644 -0.553 -0.464 -0.380 -0.305 -0.239 -0.183 -0.137 -0.100 -0.130 
0.000 0.000 0.000 0.000 0.000 0.000 0.000 0.000 0.000 0.000 0.000 0.000 0.000 0.000 0.000 0.000 0.000 0.000 -0.117 -0.158 -0.209 -0.270 -0.340 -0.420 -0.507 -0.597 -0.688 -0.775 -0.854 -0.919 -0.967 -0.994 -0.999 -0.982 -0.943 -0.885 -0.812 -0.728 -0.639 -0.547 -0.458 -0.375 -0.300 -0.235 -0.180 -0.134 0.000 
# 2 1 17 47
-0.128 -0.101 -0.138 -0.184 -0.240 -0.307 -0.382 -0.466 -0.555 -0.647 -0.736 -0.819 -0.891 -0.947 -0.984 -1.000 -0.992 -0.963 -0.914 -0.847 -0.768 -0.680 -0.589 -0.499 -0.413 -0.334 -0.264 -0.204 -0.154 -0.114 0.000 0.000 0.000 0.000 0.000 0.000 0.000 0.000 0.000 0.000 0.000 0.000 0.000 0.000 0.000 0.000 0.000 
-0.274 -0.213 -0.161 -0.119 -0.109 -0.148 -0.196 -0.255 -0.324 -0.401 -0.487 -0.577 -0.668 -0.756 -0.837 -0.906 -0.958 -0.990 -1.000 -0.988 -0.953 -0.900 -0.830 -0.748 -0.659 -0.568 -0.478 -0.393 -0.317 -0.249 -0.191 -0.144 -0.106 0.000 0.000 0.000 0.000 0.000 0.000 0.000 0.000 0.000 0.000 0.000 0.000 0.000 0.000 
-0.492 -0.406 -0.328 -0.259 -0.200 -0.151 -0.111 -0.117 -0.158 -0.209 -0.270 -0.341 -0.421 -0.508 -0.598 -0.689 -0.776 -0.854 -0.919 -0.967 -0.994 -0.999 -0.981 -0.942 -0.884 -0.811 -0.728 -0.638 -0.546 -0.458 -0.375 -0.300 -0.234 -0.179 -0.134 0.000 0.000 0.000 0.000 0.000 0.000 0.000 0.000 0.000 0.000 0.000 0.000 
-0.741 -0.652 -0.561 -0.471 -0.387 -0.311 -0.244 -0.187 -0.140 -0.103 -0.126 -0.170 -0.223 -0.286 -0.359 -0.441 -0.529 -0.620 -0.710 -0.796 -0.871 -0.932 -0.975 -0.997 -0.997 -0.974 -0.930 -0.868 -0.792 -0.707 -0.616 -0.525 -0.437 -0.356 -0.283 -0.221 -0.168 -0.125 0.000 0.000 0.000 0.000 0.000 0.000 0.000 0.000 0.000 
-0.938 -0.879 -0.805 -0.721 -0.630 -0.539 -0.451 -0.368 -0.294 -0.230 -0.175 -0.131 0.000 -0.136 -0.181 -0.237 -0.302 -0.378 -0.461 -0.550 -0.641 -0.731 -0.814 -0.887 -0.944 -0.982 -0.999 -0.994 -0.966 -0.917 -0.852 -0.773 -0.686 -0.595 -0.504 -0.418 -0.338 -0.268 -0.207 -0.157 -0.116 0.000 0.000 0.000 0.000 0.000 0.000 
-0.998 -0.996 -0.971 -0.926 -0.863 -0.786 -0.700 -0.609 -0.518 -0.431 -0.350 -0.278 -0.216 -0.164 -0.122 -0.107 -0.145 -0.193 -0.251 -0.319 -0.397 -0.481 -0.571 -0.663 -0.751 -0.833 -0.902 -0.955 -0.988 -1.000 -0.989 -0.956 -0.903 -0.834 -0.753 -0.664 -0.573 -0.483 -0.398 -0.321 -0.253 -0.194 -0.146 -0.108 0.000 0.000 0.000 
-0.892 -0.948 -0.985 -1.000 -0.992 -0.962 -0.913 -0.846 -0.766 -0.679 -0.587 -0.497 -0.411 -0.332 -0.263 -0.203 -0.153 -0.113 -0.115 -0.156 -0.206 -0.266 -0.337 -0.416 -0.502 -0.593 -0.684 -0.771 -0.850 -0.916 -0.965 -0.993 -0.999 -0.983 -0.945 -0.888 -0.816 -0.733 -0.643 -0.552 -0.463 -0.379 -0.304 -0.238 -0.182 -0.136 0.000 
-0.670 -0.758 -0.839 -0.907 -0.958 -0.990 -1.000 -0.987 -0.952 -0.898 -0.828 -0.746 -0.657 -0.566 -0.476 -0.392 -0.315 -0.248 -0.190 -0.143 -0.105 -0.124 -0.167 -0.219 -0.282 -0.355 -0.436 -0.523 -0.614 -0.705 -0.791 -0.867 -0.929 -0.973 -0.997 -0.998 -0.976 -0.933 -0.872 -0.797 -0.712 -0.622 -0.530 -0.442 -0.361 -0.287 -0.224 
-0.423 -0.509 -0.600 -0.691 -0.778 -0.856 -0.921 -0.968 -0.995 -0.999 -0.981 -0.941 -0.883 -0.810 -0.726 -0.636 -0.545 -0.456 -0.373 -0.298 -0.233 -0.178 -0.133 0.000 -0.133 -0.178 -0.233 -0.298 -0.373 -0.456 -0.545 -0.636 -0.726 -0.810 -0.883 -0.941 -0.981 -0.999 -0.995 -0.968 -0.921 -0.856 -0.778 -0.691 -0.600 -0.509 -0.423 
-0.224 -0.287 -0.361 -0.442 -0.530 -0.622 -0.712 -0.797 -0.872 -0.933 -0.976 -0.998 -0.997 -0.973 -0.929 -0.867 -0.791 -0.705 -0.614 -0.523 -0.436 -0.355 -0.282 -0.219 -0.167 -0.124 -0.105 -0.143 -0.190 -0.248 -0.315 -0.392 -0.476 -0.566 -0.657 -0.746 -0.828 -0.898 -0.952 -0.987 -1.000 -0.990 -0.958 -0.907 -0.839 -0.758 -0.670 
0.000 -0.136 -0.182 -0.238 -0.304 -0.379 -0.463 -0.552 -0.643 -0.733 -0.816 -0.888 -0.945 -0.983 -0.999 -0.993 -0.965 -0.916 -0.850 -0.771 -0.684 -0.593 -0.502 -0.416 -0.337 -0.266 -0.206 -0.156 -0.115 -0.113 -0.153 -0.203 -0.263 -0.332 -0.411 -0.497 -0.587 -0.679 -0.766 -0.846 -0.913 -0.962 -0.992 -1.000 -0.985 -0.948 -0.892 
0.000 0.000 0.000 -0.108 -0.146 -0.194 -0.253 -0.321 -0.398 -0.483 -0.573 -0.664 -0.753 -0.834 -0.903 -0.956 -0.989 -1.000 -0.988 -0.955 -0.902 -0.833 -0.751 -0.663 -0.571 -0.481 -0.397 -0.319 -0.251 -0.193 -0.145 -0.107 -0.122 -0.164 -0.216 -0.278 -0.350 -0.431 -0.518 -0.609 -0.700 -0.786 -0.863 -0.926 -0.971 -0.996 -0.998 
0.000 0.000 0.000 0.000 0.000 0.000 -0.116 -0.157 -0.207 -0.268 -0.338 -0.418 -0.504 -0.595 -0.686 -0.773 -0.852 -0.917 -0.966 -0.994 -0.999 -0.982 -0.944 -0.887 -0.814 -0.731 -0.641 -0.550 -0.461 -0.378 -0.302 -0.237 -0.181 -0.136 0.000 -0.131 -0.175 -0.230 -0.294 -0.368 -0.451 -0.539 -0.630 -0.721 -0.805 -0.879 -0.938 
0.000 0.000 0.000 0.000 0.000 0.000 0.000 0.000 0.000 -0.125 -0.168 -0.221 -0.283 -0.356 -0.437 -0.525 -0.616 -0.707 -0.792 -0.868 -0.930 -0.974 -0.997 -0.997 -0.975 -0.932 -0.871 -0.796 -0.710 -0.620 -0.529 -0.441 -0.359 -0.286 -0.223 -0.170 -0.126 -0.103 -0.140 -0.187 -0.244 -0.311 -0.387 -0.471 -0.561 -0.652 -0.741 
0.000 0.000 0.000 0.000 0.000 0.000 0.000 0.000 0.000 0.000 0.000 0.000 -0.134 -0.179 -0.234 -0.300 -0.375 -0.458 -0.546 -0.638 -0.728 -0.811 -0.884 -0.942 -0.981 -0.999 -0.994 -0.967 -0.919 -0.854 -0.776 -0.689 -0.598 -0.508 -0.421 -0.341 -0.270 -0.209 -0.158 -0.117 -0.111 -0.151 -0.200 -0.259 -0.328 -0.406 -0.492 
0.000 0.000 0.000 0.000 0.000 0.000 0.000 0.000 0.000 0.000 0.000 0.000 0.000 0.000 -0.106 -0.144 -0.191 -0.249 -0.317 -0.393 -0.478 -0.568 -0.659 -0.748 -0.830 -0.900 -0.953 -0.988 -1.000 -0.990 -0.958 -0.906 -0.837 -0.756 -0.668 -0.577 -0.487 -0.401 -0.324 -0.255 -0.196 -0.148 -0.109 -0.119 -0.161 -0.213 -0.274 
0.000 0.000 0.000 0.000 0.000 0.000 0.000 0.000 0.000 0.000 0.000 0.000 0.000 0.000 0.000 0.000 0.000 -0.114 -0.154 -0.204 -0.264 -0.334 -0.413 -0.499 -0.589 -0.680 -0.768 -0.847 -0.914 -0.963 -0.992 -1.000 -0.984 -0.947 -0.891 -0.819 -0.736 -0.647 -0.555 -0.466 -0.382 -0.307 -0.240 -0.184 -0.138 -0.101 -0.128 
