3.479659
4
# 0 1 37 50
0.000 0.000 0.000 0.000 0.000 0.125 0.190 0.277 0.385 0.509 0.642 0.771 0.882 0.961 0.998 0.988 0.931 0.836 0.716 0.584 0.453 0.336 0.237 0.159 0.102 0.000 0.000 0.000 0.000 0.000 0.000 0.000 0.000 0.000 0.000 0.000 0.000 0.000 0.000 0.000 0.000 0.000 0.000 0.000 0.000 0.000 0.000 0.000 0.000 0.000 
0.000 0.000 0.000 0.000 0.000 0.000 0.106 0.165 0.244 0.345 0.464 0.595 0.727 0.846 0.938 0.990 0.997 0.956 0.873 0.760 0.630 0.498 0.375 0.269 0.184 0.120 0.000 0.000 0.000 0.000 0.000 0.000 0.000 0.000 0.000 0.000 0.000 0.000 0.000 0.000 0.000 0.000 0.000 0.000 0.000 0.000 0.000 0.000 0.000 0.000 
0.000 0.000 0.000 0.000 0.000 0.000 0.000 0.000 0.142 0.214 0.307 0.421 0.548 0.681 0.806 0.909 0.977 1.000 0.975 0.906 0.802 0.677 0.544 0.417 0.304 0.211 0.140 0.000 0.000 0.000 0.000 0.000 0.000 0.000 0.000 0.000 0.000 0.000 0.000 0.000 0.000 0.000 0.000 0.000 0.000 0.000 0.000 0.000 0.000 0.000 
0.000 0.000 0.000 0.000 0.000 0.000 0.000 0.000 0.000 0.122 0.186 0.272 0.379 0.502 0.635 0.764 0.876 0.958 0.997 0.989 0.935 0.842 0.723 0.591 0.460 0.342 0.241 0.163 0.104 0.000 0.000 0.000 0.000 0.000 0.000 0.000 0.000 0.000 0.000 0.000 0.000 0.000 0.000 0.000 0.000 0.000 0.000 0.000 0.000 0.000 
0.172 0.111 0.000 0.000 0.000 0.000 0.000 0.000 0.000 0.000 0.103 0.161 0.240 0.339 0.457 0.588 0.720 0.840 0.934 0.989 0.998 0.959 0.879 0.767 0.638 0.505 0.381 0.274 0.188 0.123 0.000 0.000 0.000 0.000 0.000 0.000 0.000 0.000 0.000 0.000 0.000 0.000 0.000 0.000 0.000 0.000 0.000 0.000 0.000 0.000 
0.288 0.199 0.131 0.000 0.000 0.000 0.000 0.000 0.000 0.000 0.000 0.000 0.139 0.210 0.302 0.414 0.541 0.674 0.800 0.904 0.974 1.000 0.978 0.911 0.809 0.684 0.551 0.423 0.310 0.216 0.143 0.000 0.000 0.000 0.000 0.000 0.000 0.000 0.000 0.000 0.000 0.000 0.000 0.000 0.000 0.000 0.000 0.000 0.000 0.000 
0.441 0.325 0.228 0.152 0.000 0.000 0.000 0.000 0.000 0.000 0.000 0.000 0.000 0.119 0.182 0.267 0.373 0.495 0.628 0.757 0.871 0.954 0.996 0.991 0.939 0.848 0.730 0.598 0.467 0.347 0.246 0.166 0.107 0.000 0.000 0.000 0.000 0.000 0.000 0.000 0.000 0.000 0.000 0.000 0.000 0.000 0.000 0.000 0.000 0.000 
0.617 0.485 0.363 0.259 0.176 0.114 0.000 0.000 0.000 0.000 0.000 0.000 0.000 0.000 0.101 0.158 0.235 0.333 0.451 0.581 0.713 0.834 0.929 0.987 0.998 0.962 0.884 0.773 0.645 0.512 0.388 0.280 0.192 0.126 0.000 0.000 0.000 0.000 0.000 0.000 0.000 0.000 0.000 0.000 0.000 0.000 0.000 0.000 0.000 0.000 
0.790 0.663 0.531 0.404 0.294 0.203 0.134 0.000 0.000 0.000 0.000 0.000 0.000 0.000 0.000 0.000 0.135 0.205 0.296 0.408 0.534 0.667 0.794 0.900 0.972 1.000 0.980 0.916 0.815 0.691 0.558 0.430 0.315 0.220 0.147 0.000 0.000 0.000 0.000 0.000 0.000 0.000 0.000 0.000 0.000 0.000 0.000 0.000 0.000 0.000 
0.927 0.831 0.709 0.577 0.447 0.330 0.232 0.156 0.000 0.000 0.000 0.000 0.000 0.000 0.000 0.000 0.000 0.116 0.178 0.262 0.366 0.488 0.620 0.751 0.866 0.951 0.995 0.993 0.943 0.854 0.736 0.605 0.474 0.354 0.251 0.170 0.110 0.000 0.000 0.000 0.000 0.000 0.000 0.000 0.000 0.000 0.000 0.000 0.000 0.000 
0.996 0.953 0.868 0.754 0.624 0.492 0.369 0.264 0.180 0.117 0.000 0.000 0.000 0.000 0.000 0.000 0.000 0.000 0.000 0.154 0.230 0.327 0.444 0.574 0.706 0.828 0.925 0.985 0.999 0.965 0.889 0.780 0.652 0.519 0.394 0.285 0.196 0.129 0.000 0.000 0.000 0.000 0.000 0.000 0.000 0.000 0.000 0.000 0.000 0.000 
0.979 1.000 0.973 0.902 0.797 0.671 0.538 0.411 0.299 0.207 0.137 0.000 0.000 0.000 0.000 0.000 0.000 0.000 0.000 0.000 0.132 0.201 0.291 0.401 0.527 0.660 0.787 0.895 0.969 0.999 0.983 0.920 0.821 0.698 0.566 0.437 0.321 0.225 0.150 0.000 0.000 0.000 0.000 0.000 0.000 0.000 0.000 0.000 0.000 0.000 
0.881 0.961 0.998 0.988 0.931 0.837 0.716 0.584 0.454 0.336 0.237 0.159 0.102 0.000 0.000 0.000 0.000 0.000 0.000 0.000 0.000 0.113 0.174 0.257 0.360 0.481 0.613 0.744 0.860 0.947 0.994 0.994 0.947 0.859 0.743 0.612 0.481 0.360 0.256 0.174 0.113 0.000 0.000 0.000 0.000 0.000 0.000 0.000 0.000 0.000 
0.726 0.845 0.937 0.990 0.997 0.956 0.874 0.761 0.631 0.499 0.376 0.270 0.184 0.120 0.000 0.000 0.000 0.000 0.000 0.000 0.000 0.000 0.000 0.151 0.225 0.322 0.437 0.566 0.699 0.822 0.921 0.983 0.999 0.968 0.894 0.786 0.659 0.526 0.400 0.290 0.200 0.132 0.000 0.000 0.000 0.000 0.000 0.000 0.000 0.000 
0.548 0.681 0.806 0.909 0.977 1.000 0.976 0.907 0.803 0.678 0.545 0.417 0.305 0.212 0.140 0.000 0.000 0.000 0.000 0.000 0.000 0.000 0.000 0.000 0.129 0.197 0.285 0.395 0.520 0.653 0.781 0.890 0.966 0.999 0.985 0.925 0.827 0.705 0.573 0.443 0.327 0.230 0.154 0.000 0.000 0.000 0.000 0.000 0.000 0.000 
0.378 0.502 0.634 0.763 0.876 0.957 0.997 0.990 0.936 0.843 0.723 0.592 0.461 0.342 0.242 0.163 0.105 0.000 0.000 0.000 0.000 0.000 0.000 0.000 0.000 0.110 0.171 0.252 0.354 0.475 0.606 0.737 0.854 0.943 0.993 0.995 0.951 0.865 0.750 0.620 0.488 0.366 0.261 0.178 0.115 0.000 0.000 0.000 0.000 0.000 
0.239 0.339 0.457 0.587 0.719 0.839 0.933 0.988 0.998 0.959 0.879 0.767 0.638 0.506 0.382 0.275 0.188 0.123 0.000 0.000 0.000 0.000 0.000 0.000 0.000 0.000 0.000 0.147 0.221 0.316 0.431 0.559 0.692 0.816 0.916 0.980 1.000 0.971 0.899 0.793 0.666 0.533 0.407 0.296 0.205 0.135 0.000 0.000 0.000 0.000 
0.138 0.209 0.301 0.413 0.541 0.673 0.799 0.904 0.974 1.000 0.978 0.912 0.809 0.685 0.552 0.424 0.310 0.216 0.144 0.000 0.000 0.000 0.000 0.000 0.000 0.000 0.000 0.000 0.126 0.192 0.280 0.388 0.513 0.646 0.774 0.884 0.963 0.998 0.987 0.929 0.833 0.712 0.580 0.450 0.333 0.234 0.157 0.101 0.000 0.000 
0.000 0.118 0.182 0.266 0.372 0.495 0.627 0.757 0.870 0.954 0.996 0.991 0.940 0.849 0.730 0.599 0.468 0.348 0.247 0.167 0.107 0.000 0.000 0.000 0.000 0.000 0.000 0.000 0.000 0.107 0.167 0.247 0.348 0.468 0.599 0.730 0.849 0.940 0.991 0.996 0.954 0.870 0.757 0.627 0.495 0.372 0.266 0.182 0.118 0.000 
0.000 0.000 0.101 0.157 0.234 0.333 0.450 0.580 0.712 0.833 0.929 0.987 0.998 0.963 0.884 0.774 0.646 0.513 0.388 0.280 0.192 0.126 0.000 0.000 0.000 0.000 0.000 0.000 0.000 0.000 0.000 0.144 0.216 0.310 0.424 0.552 0.685 0.809 0.912 0.978 1.000 0.974 0.904 0.799 0.673 0.541 0.413 0.301 0.209 0.138 
0.000 0.000 0.000 0.000 0.135 0.205 0.296 0.407 0.533 0.666 0.793 0.899 0.971 1.000 0.980 0.916 0.816 0.692 0.559 0.431 0.316 0.221 0.147 0.000 0.000 0.000 0.000 0.000 0.000 0.000 0.000 0.000 0.123 0.188 0.275 0.382 0.506 0.638 0.767 0.879 0.959 0.998 0.988 0.933 0.839 0.719 0.587 0.457 0.339 0.239 
0.000 0.000 0.000 0.000 0.000 0.115 0.178 0.261 0.366 0.488 0.620 0.750 0.865 0.951 0.995 0.993 0.943 0.854 0.737 0.606 0.475 0.354 0.252 0.171 0.110 0.000 0.000 0.000 0.000 0.000 0.000 0.000 0.000 0.105 0.163 0.242 0.342 0.461 0.592 0.723 0.843 0.936 0.990 0.997 0.957 0.876 0.763 0.634 0.502 0.378 
0.000 0.000 0.000 0.000 0.000 0.000 0.000 0.154 0.230 0.327 0.443 0.573 0.705 0.827 0.925 0.985 0.999 0.966 0.890 0.781 0.653 0.520 0.395 0.285 0.197 0.129 0.000 0.000 0.000 0.000 0.000 0.000 0.000 0.000 0.000 0.140 0.212 0.305 0.417 0.545 0.678 0.803 0.907 0.976 1.000 0.977 0.909 0.806 0.681 0.548 
0.000 0.000 0.000 0.000 0.000 0.000 0.000 0.000 0.132 0.200 0.290 0.400 0.526 0.659 0.786 0.894 0.968 0.999 0.983 0.921 0.822 0.699 0.566 0.437 0.322 0.225 0.151 0.000 0.000 0.000 0.000 0.000 0.000 0.000 0.000 0.000 0.120 0.184 0.270 0.376 0.499 0.631 0.761 0.874 0.956 0.997 0.990 0.937 0.845 0.726 
0.000 0.000 0.000 0.000 0.000 0.000 0.000 0.000 0.000 0.113 0.174 0.256 0.360 0.481 0.612 0.743 0.859 0.947 0.994 0.994 0.947 0.860 0.744 0.613 0.481 0.360 0.257 0.174 0.113 0.000 0.000 0.000 0.000 0.000 0.000 0.000 0.000 0.102 0.159 0.237 0.336 0.454 0.584 0.716 0.837 0.931 0.988 0.998 0.961 0.881 
0.000 0.000 0.000 0.000 0.000 0.000 0.000 0.000 0.000 0.000 0.000 0.150 0.225 0.321 0.437 0.566 0.698 0.821 0.920 0.983 0.999 0.969 0.895 0.787 0.660 0.527 0.401 0.291 0.201 0.132 0.000 0.000 0.000 0.000 0.000 0.000 0.000 0.000 0.000 0.137 0.207 0.299 0.411 0.538 0.671 0.797 0.902 0.973 1.000 0.979 
0.000 0.000 0.000 0.000 0.000 0.000 0.000 0.000 0.000 0.000 0.000 0.000 0.129 0.196 0.285 0.394 0.519 0.652 0.780 0.889 0.965 0.999 0.985 0.925 0.828 0.706 0.574 0.444 0.327 0.230 0.154 0.000 0.000 0.000 0.000 0.000 0.000 0.000 0.000 0.000 0.117 0.180 0.264 0.369 0.492 0.624 0.754 0.868 0.953 0.996 
0.000 0.000 0.000 0.000 0.000 0.000 0.000 0.000 0.000 0.000 0.000 0.000 0.000 0.110 0.170 0.251 0.354 0.474 0.605 0.736 0.854 0.943 0.993 0.995 0.951 0.866 0.751 0.620 0.488 0.366 0.262 0.178 0.116 0.000 0.000 0.000 0.000 0.000 0.000 0.000 0.000 0.000 0.156 0.232 0.330 0.447 0.577 0.709 0.831 0.927 
0.000 0.000 0.000 0.000 0.000 0.000 0.000 0.000 0.000 0.000 0.000 0.000 0.000 0.000 0.000 0.147 0.220 0.315 0.430 0.558 0.691 0.815 0.916 0.980 1.000 0.972 0.900 0.794 0.667 0.534 0.408 0.296 0.205 0.135 0.000 0.000 0.000 0.000 0.000 0.000 0.000 0.000 0.000 0.134 0.203 0.294 0.404 0.531 0.663 0.790 
0.000 0.000 0.000 0.000 0.000 0.000 0.000 0.000 0.000 0.000 0.000 0.000 0.000 0.000 0.000 0.000 0.126 0.192 0.280 0.388 0.512 0.645 0.773 0.884 0.962 0.998 0.987 0.929 0.834 0.713 0.581 0.451 0.333 0.235 0.158 0.101 0.000 0.000 0.000 0.000 0.000 0.000 0.000 0.000 0.114 0.176 0.259 0.363 0.485 0.617 
0.000 0.000 0.000 0.000 0.000 0.000 0.000 0.000 0.000 0.000 0.000 0.000 0.000 0.000 0.000 0.000 0.000 0.107 0.166 0.246 0.347 0.467 0.598 0.730 0.848 0.939 0.991 0.996 0.954 0.871 0.757 0.628 0.495 0.373 0.267 0.182 0.119 0.000 0.000 0.000 0.000 0.000 0.000 0.000 0.000 0.000 0.152 0.228 0.325 0.441 
0.000 0.000 0.000 0.000 0.000 0.000 0.000 0.000 0.000 0.000 0.000 0.000 0.000 0.000 0.000 0.000 0.000 0.000 0.000 0.143 0.216 0.310 0.423 0.551 0.684 0.809 0.911 0.978 1.000 0.974 0.904 0.800 0.674 0.541 0.414 0.302 0.210 0.139 0.000 0.000 0.000 0.000 0.000 0.000 0.000 0.000 0.000 0.131 0.199 0.288 
0.000 0.000 0.000 0.000 0.000 0.000 0.000 0.000 0.000 0.000 0.000 0.000 0.000 0.000 0.000 0.000 0.000 0.000 0.000 0.000 0.123 0.188 0.274 0.381 0.505 0.638 0.767 0.879 0.959 0.998 0.989 0.934 0.840 0.720 0.588 0.457 0.339 0.240 0.161 0.103 0.000 0.000 0.000 0.000 0.000 0.000 0.000 0.000 0.111 0.172 
0.000 0.000 0.000 0.000 0.000 0.000 0.000 0.000 0.000 0.000 0.000 0.000 0.000 0.000 0.000 0.000 0.000 0.000 0.000 0.000 0.000 0.104 0.163 0.241 0.342 0.460 0.591 0.723 0.842 0.935 0.989 0.997 0.958 0.876 0.764 0.635 0.502 0.379 0.272 0.186 0.122 0.000 0.000 0.000 0.000 0.000 0.000 0.000 0.000 0.000 
0.000 0.000 0.000 0.000 0.000 0.000 0.000 0.000 0.000 0.000 0.000 0.000 0.000 0.000 0.000 0.000 0.000 0.000 0.000 0.000 0.000 0.000 0.000 0.140 0.211 0.304 0.417 0.544 0.677 0.802 0.906 0.975 1.000 0.977 0.909 0.806 0.681 0.548 0.421 0.307 0.214 0.142 0.000 0.000 0.000 0.000 0.000 0.000 0.000 0.000 
0.000 0.000 0.000 0.000 0.000 0.000 0.000 0.000 0.000 0.000 0.000 0.000 0.000 0.000 0.000 0.000 0.000 0.000 0.000 0.000 0.000 0.000 0.000 0.000 0.120 0.184 0.269 0.375 0.498 0.630 0.760 0.873 0.956 0.997 0.990 0.938 0.846 0.727 0.595 0.464 0.345 0.244 0.165 0.106 0.000 0.000 0.000 0.000 0.000 0.000 
0.000 0.000 0.000 0.000 0.000 0.000 0.000 0.000 0.000 0.000 0.000 0.000 0.000 0.000 0.000 0.000 0.000 0.000 0.000 0.000 0.000 0.000 0.000 0.000 0.000 0.102 0.159 0.237 0.336 0.453 0.584 0.716 0.836 0.931 0.988 0.998 0.961 0.882 0.771 0.642 0.509 0.385 0.277 0.190 0.125 0.000 0.000 0.000 0.000 0.000 
# 0 2 37 50
0.000 0.000 0.000 0.000 0.000 0.125 0.190 0.277 0.385 0.509 0.642 0.771 0.882 0.961 0.998 0.988 0.931 0.836 0.716 0.584 0.453 0.336 0.237 0.159 0.102 0.000 0.000 0.000 0.000 0.000 0.000 0.000 0.000 0.000 0.000 0.000 0.000 0.000 0.000 0.000 0.000 0.000 0.000 0.000 0.000 0.000 0.000 0.000 0.000 0.000 
0.000 0.000 0.000 0.000 0.000 0.000 0.106 0.165 0.244 0.345 0.464 0.595 0.727 0.846 0.938 0.990 0.997 0.956 0.873 0.760 0.630 0.498 0.375 0.269 0.184 0.120 0.000 0.000 0.000 0.000 0.000 0.000 0.000 0.000 0.000 0.000 0.000 0.000 0.000 0.000 0.000 0.000 0.000 0.000 0.000 0.000 0.000 0.000 0.000 0.000 
0.000 0.000 0.000 0.000 0.000 0.000 0.000 0.000 0.142 0.214 0.307 0.421 0.548 0.681 0.806 0.909 0.977 1.000 0.975 0.906 0.802 0.677 0.544 0.417 0.304 0.211 0.140 0.000 0.000 0.000 0.000 0.000 0.000 0.000 0.000 0.000 0.000 0.000 0.000 0.000 0.000 0.000 0.000 0.000 0.000 0.000 0.000 0.000 0.000 0.000 
0.000 0.000 0.000 0.000 0.000 0.000 0.000 0.000 0.000 0.122 0.186 0.272 0.379 0.502 0.635 0.764 0.876 0.958 0.997 0.989 0.935 0.842 0.723 0.591 0.460 0.342 0.241 0.163 0.104 0.000 0.000 0.000 0.000 0.000 0.000 0.000 0.000 0.000 0.000 0.000 0.000 0.000 0.000 0.000 0.000 0.000 0.000 0.000 0.000 0.000 
0.172 0.111 0.000 0.000 0.000 0.000 0.000 0.000 0.000 0.000 0.103 0.161 0.240 0.339 0.457 0.588 0.720 0.840 0.934 0.989 0.998 0.959 0.879 0.767 0.638 0.505 0.381 0.274 0.188 0.123 0.000 0.000 0.000 0.000 0.000 0.000 0.000 0.000 0.000 0.000 0.000 0.000 0.000 0.000 0.000 0.000 0.000 0.000 0.000 0.000 
0.288 0.199 0.131 0.000 0.000 0.000 0.000 0.000 0.000 0.000 0.000 0.000 0.139 0.210 0.302 0.414 0.541 0.674 0.800 0.904 0.974 1.000 0.978 0.911 0.809 0.684 0.551 0.423 0.310 0.216 0.143 0.000 0.000 0.000 0.000 0.000 0.000 0.000 0.000 0.000 0.000 0.000 0.000 0.000 0.000 0.000 0.000 0.000 0.000 0.000 
0.441 0.325 0.228 0.152 0.000 0.000 0.000 0.000 0.000 0.000 0.000 0.000 0.000 0.119 0.182 0.267 0.373 0.495 0.628 0.757 0.871 0.954 0.996 0.991 0.939 0.848 0.730 0.598 0.467 0.347 0.246 0.166 0.107 0.000 0.000 0.000 0.000 0.000 0.000 0.000 0.000 0.000 0.000 0.000 0.000 0.000 0.000 0.000 0.000 0.000 
0.617 0.485 0.363 0.259 0.176 0.114 0.000 0.000 0.000 0.000 0.000 0.000 0.000 0.000 0.101 0.158 0.235 0.333 0.451 0.581 0.713 0.834 0.929 0.987 0.998 0.962 0.884 0.773 0.645 0.512 0.388 0.280 0.192 0.126 0.000 0.000 0.000 0.000 0.000 0.000 0.000 0.000 0.000 0.000 0.000 0.000 0.000 0.000 0.000 0.000 
0.790 0.663 0.531 0.404 0.294 0.203 0.134 0.000 0.000 0.000 0.000 0.000 0.000 0.000 0.000 0.000 0.135 0.205 0.296 0.408 0.534 0.667 0.794 0.900 0.972 1.000 0.980 0.916 0.815 0.691 0.558 0.430 0.315 0.220 0.147 0.000 0.000 0.000 0.000 0.000 0.000 0.000 0.000 0.000 0.000 0.000 0.000 0.000 0.000 0.000 
0.927 0.831 0.709 0.577 0.447 0.330 0.232 0.156 0.000 0.000 0.000 0.000 0.000 0.000 0.000 0.000 0.000 0.116 0.178 0.262 0.366 0.488 0.620 0.751 0.866 0.951 0.995 0.993 0.943 0.854 0.736 0.605 0.474 0.354 0.251 0.170 0.110 0.000 0.000 0.000 0.000 0.000 0.000 0.000 0.000 0.000 0.000 0.000 0.000 0.000 
0.996 0.953 0.868 0.754 0.624 0.492 0.369 0.264 0.180 0.117 0.000 0.000 0.000 0.000 0.000 0.000 0.000 0.000 0.000 0.154 0.230 0.327 0.444 0.574 0.706 0.828 0.925 0.985 0.999 0.965 0.889 0.780 0.652 0.519 0.394 0.285 0.196 0.129 0.000 0.000 0.000 0.000 0.000 0.000 0.000 0.000 0.000 0.000 0.000 0.000 
0.979 1.000 0.973 0.902 0.797 0.671 0.538 0.411 0.299 0.207 0.137 0.000 0.000 0.000 0.000 0.000 0.000 0.000 0.000 0.000 0.132 0.201 0.291 0.401 0.527 0.660 0.787 0.895 0.969 0.999 0.983 0.920 0.821 0.698 0.566 0.437 0.321 0.225 0.150 0.000 0.000 0.000 0.000 0.000 0.000 0.000 0.000 0.000 0.000 0.000 
0.881 0.961 0.998 0.988 0.931 0.837 0.716 0.584 0.454 0.336 0.237 0.159 0.102 0.000 0.000 0.000 0.000 0.000 0.000 0.000 0.000 0.113 0.174 0.257 0.360 0.481 0.613 0.744 0.860 0.947 0.994 0.994 0.947 0.859 0.743 0.612 0.481 0.360 0.256 0.174 0.113 0.000 0.000 0.000 0.000 0.000 0.000 0.000 0.000 0.000 
0.726 0.845 0.937 0.990 0.997 0.956 0.874 0.761 0.631 0.499 0.376 0.270 0.184 0.120 0.000 0.000 0.000 0.000 0.000 0.000 0.000 0.000 0.000 0.151 0.225 0.322 0.437 0.566 0.699 0.822 0.921 0.983 0.999 0.968 0.894 0.786 0.659 0.526 0.400 0.290 0.200 0.132 0.000 0.000 0.000 0.000 0.000 0.000 0.000 0.000 
0.548 0.681 0.806 0.909 0.977 1.000 0.976 0.907 0.803 0.678 0.545 0.417 0.305 0.212 0.140 0.000 0.000 0.000 0.000 0.000 0.000 0.000 0.000 0.000 0.129 0.197 0.285 0.395 0.520 0.653 0.781 0.890 0.966 0.999 0.985 0.925 0.827 0.705 0.573 0.443 0.327 0.230 0.154 0.000 0.000 0.000 0.000 0.000 0.000 0.000 
0.378 0.502 0.634 0.763 0.876 0.957 0.997 0.990 0.936 0.843 0.723 0.592 0.461 0.342 0.242 0.163 0.105 0.000 0.000 0.000 0.000 0.000 0.000 0.000 0.000 0.110 0.171 0.252 0.354 0.475 0.606 0.737 0.854 0.943 0.993 0.995 0.951 0.865 0.750 0.620 0.488 0.366 0.261 0.178 0.115 0.000 0.000 0.000 0.000 0.000 
0.239 0.339 0.457 0.587 0.719 0.839 0.933 0.988 0.998 0.959 0.879 0.767 0.638 0.506 0.382 0.275 0.188 0.123 0.000 0.000 0.000 0.000 0.000 0.000 0.000 0.000 0.000 0.147 0.221 0.316 0.431 0.559 0.692 0.816 0.916 0.980 1.000 0.971 0.899 0.793 0.666 0.533 0.407 0.296 0.205 0.135 0.000 0.000 0.000 0.000 
0.138 0.209 0.301 0.413 0.541 0.673 0.799 0.904 0.974 1.000 0.978 0.912 0.809 0.685 0.552 0.424 0.310 0.216 0.144 0.000 0.000 0.000 0.000 0.000 0.000 0.000 0.000 0.000 0.126 0.192 0.280 0.388 0.513 0.646 0.774 0.884 0.963 0.998 0.987 0.929 0.833 0.712 0.580 0.450 0.333 0.234 0.157 0.101 0.000 0.000 
0.000 0.118 0.182 0.266 0.372 0.495 0.627 0.757 0.870 0.954 0.996 0.991 0.940 0.849 0.730 0.599 0.468 0.348 0.247 0.167 0.107 0.000 0.000 0.000 0.000 0.000 0.000 0.000 0.000 0.107 0.167 0.247 0.348 0.468 0.599 0.730 0.849 0.940 0.991 0.996 0.954 0.870 0.757 0.627 0.495 0.372 0.266 0.182 0.118 0.000 
0.000 0.000 0.101 0.157 0.234 0.333 0.450 0.580 0.712 0.833 0.929 0.987 0.998 0.963 0.884 0.774 0.646 0.513 0.388 0.280 0.192 0.126 0.000 0.000 0.000 0.000 0.000 0.000 0.000 0.000 0.000 0.144 0.216 0.310 0.424 0.552 0.685 0.809 0.912 0.978 1.000 0.974 0.904 0.799 0.673 0.541 0.413 0.301 0.209 0.138 
0.000 0.000 0.000 0.000 0.135 0.205 0.296 0.407 0.533 0.666 0.793 0.899 0.971 1.000 0.980 0.916 0.816 0.692 0.559 0.431 0.316 0.221 0.147 0.000 0.000 0.000 0.000 0.000 0.000 0.000 0.000 0.000 0.123 0.188 0.275 0.382 0.506 0.638 0.767 0.879 0.959 0.998 0.988 0.933 0.839 0.719 0.587 0.457 0.339 0.239 
0.000 0.000 0.000 0.000 0.000 0.115 0.178 0.261 0.366 0.488 0.620 0.750 0.865 0.951 0.995 0.993 0.943 0.854 0.737 0.606 0.475 0.354 0.252 0.171 0.110 0.000 0.000 0.000 0.000 0.000 0.000 0.000 0.000 0.105 0.163 0.242 0.342 0.461 0.592 0.723 0.843 0.936 0.990 0.997 0.957 0.876 0.763 0.634 0.502 0.378 
0.000 0.000 0.000 0.000 0.000 0.000 0.000 0.154 0.230 0.327 0.443 0.573 0.705 0.827 0.925 0.985 0.999 0.966 0.890 0.781 0.653 0.520 0.395 0.285 0.197 0.129 0.000 0.000 0.000 0.000 0.000 0.000 0.000 0.000 0.000 0.140 0.212 0.305 0.417 0.545 0.678 0.803 0.907 0.976 1.000 0.977 0.909 0.806 0.681 0.548 
0.000 0.000 0.000 0.000 0.000 0.000 0.000 0.000 0.132 0.200 0.290 0.400 0.526 0.659 0.786 0.894 0.968 0.999 0.983 0.921 0.822 0.699 0.566 0.437 0.322 0.225 0.151 0.000 0.000 0.000 0.000 0.000 0.000 0.000 0.000 0.000 0.120 0.184 0.270 0.376 0.499 0.631 0.761 0.874 0.956 0.997 0.990 0.937 0.845 0.726 
0.000 0.000 0.000 0.000 0.000 0.000 0.000 0.000 0.000 0.113 0.174 0.256 0.360 0.481 0.612 0.743 0.859 0.947 0.994 0.994 0.947 0.860 0.744 0.613 0.481 0.360 0.257 0.174 0.113 0.000 0.000 0.000 0.000 0.000 0.000 0.000 0.000 0.102 0.159 0.237 0.336 0.454 0.584 0.716 0.837 0.931 0.988 0.998 0.961 0.881 
0.000 0.000 0.000 0.000 0.000 0.000 0.000 0.000 0.000 0.000 0.000 0.150 0.225 0.321 0.437 0.566 0.698 0.821 0.920 0.983 0.999 0.969 0.895 0.787 0.660 0.527 0.401 0.291 0.201 0.132 0.000 0.000 0.000 0.000 0.000 0.000 0.000 0.000 0.000 0.137 0.207 0.299 0.411 0.538 0.671 0.797 0.902 0.973 1.000 0.979 
0.000 0.000 0.000 0.000 0.000 0.000 0.000 0.000 0.000 0.000 0.000 0.000 0.129 0.196 0.285 0.394 0.519 0.652 0.780 0.889 0.965 0.999 0.985 0.925 0.828 0.706 0.574 0.444 0.327 0.230 0.154 0.000 0.000 0.000 0.000 0.000 0.000 0.000 0.000 0.000 0.117 0.180 0.264 0.369 0.492 0.624 0.754 0.868 0.953 0.996 
0.000 0.000 0.000 0.000 0.000 0.000 0.000 0.000 0.000 0.000 0.000 0.000 0.000 0.110 0.170 0.251 0.354 0.474 0.605 0.736 0.854 0.943 0.993 0.995 0.951 0.866 0.751 0.620 0.488 0.366 0.262 0.178 0.116 0.000 0.000 0.000 0.000 0.000 0.000 0.000 0.000 0.000 0.156 0.232 0.330 0.447 0.577 0.709 0.831 0.927 
0.000 0.000 0.000 0.000 0.000 0.000 0.000 0.000 0.000 0.000 0.000 0.000 0.000 0.000 0.000 0.147 0.220 0.315 0.430 0.558 0.691 0.815 0.916 0.980 1.000 0.972 0.900 0.794 0.667 0.534 0.408 0.296 0.205 0.135 0.000 0.000 0.000 0.000 0.000 0.000 0.000 0.000 0.000 0.134 0.203 0.294 0.404 0.531 0.663 0.790 
0.000 0.000 0.000 0.000 0.000 0.000 0.000 0.000 0.000 0.000 0.000 0.000 0.000 0.000 0.000 0.000 0.126 0.192 0.280 0.388 0.512 0.645 0.773 0.884 0.962 0.998 0.987 0.929 0.834 0.713 0.581 0.451 0.333 0.235 0.158 0.101 0.000 0.000 0.000 0.000 0.000 0.000 0.000 0.000 0.114 0.176 0.259 0.363 0.485 0.617 
0.000 0.000 0.000 0.000 0.000 0.000 0.000 0.000 0.000 0.000 0.000 0.000 0.000 0.000 0.000 0.000 0.000 0.107 0.166 0.246 0.347 0.467 0.598 0.730 0.848 0.939 0.991 0.996 0.954 0.871 0.757 0.628 0.495 0.373 0.267 0.182 0.119 0.000 0.000 0.000 0.000 0.000 0.000 0.000 0.000 0.000 0.152 0.228 0.325 0.441 
0.000 0.000 0.000 0.000 0.000 0.000 0.000 0.000 0.000 0.000 0.000 0.000 0.000 0.000 0.000 0.000 0.000 0.000 0.000 0.143 0.216 0.310 0.423 0.551 0.684 0.809 0.911 0.978 1.000 0.974 0.904 0.800 0.674 0.541 0.414 0.302 0.210 0.139 0.000 0.000 0.000 0.000 0.000 0.000 0.000 0.000 0.000 0.131 0.199 0.288 
0.000 0.000 0.000 0.000 0.000 0.000 0.000 0.000 0.000 0.000 0.000 0.000 0.000 0.000 0.000 0.000 0.000 0.000 0.000 0.000 0.123 0.188 0.274 0.381 0.505 0.638 0.767 0.879 0.959 0.998 0.989 0.934 0.840 0.720 0.588 0.457 0.339 0.240 0.161 0.103 0.000 0.000 0.000 0.000 0.000 0.000 0.000 0.000 0.111 0.172 
0.000 0.000 0.000 0.000 0.000 0.000 0.000 0.000 0.000 0.000 0.000 0.000 0.000 0.000 0.000 0.000 0.000 0.000 0.000 0.000 0.000 0.104 0.163 0.241 0.342 0.460 0.591 0.723 0.842 0.935 0.989 0.997 0.958 0.876 0.764 0.635 0.502 0.379 0.272 0.186 0.122 0.000 0.000 0.000 0.000 0.000 0.000 0.000 0.000 0.000 
0.000 0.000 0.000 0.000 0.000 0.000 0.000 0.000 0.000 0.000 0.000 0.000 0.000 0.000 0.000 0.000 0.000 0.000 0.000 0.000 0.000 0.000 0.000 0.140 0.211 0.304 0.417 0.544 0.677 0.802 0.906 0.975 1.000 0.977 0.909 0.806 0.681 0.548 0.421 0.307 0.214 0.142 0.000 0.000 0.000 0.000 0.000 0.000 0.000 0.000 
0.000 0.000 0.000 0.000 0.000 0.000 0.000 0.000 0.000 0.000 0.000 0.000 0.000 0.000 0.000 0.000 0.000 0.000 0.000 0.000 0.000 0.000 0.000 0.000 0.120 0.184 0.269 0.375 0.498 0.630 0.760 0.873 0.956 0.997 0.990 0.938 0.846 0.727 0.595 0.464 0.345 0.244 0.165 0.106 0.000 0.000 0.000 0.000 0.000 0.000 
0.000 0.000 0.000 0.000 0.000 0.000 0.000 0.000 0.000 0.000 0.000 0.000 0.000 0.000 0.000 0.000 0.000 0.000 0.000 0.000 0.000 0.000 0.000 0.000 0.000 0.102 0.159 0.237 0.336 0.453 0.584 0.716 0.836 0.931 0.988 0.998 0.961 0.882 0.771 0.642 0.509 0.385 0.277 0.190 0.125 0.000 0.000 0.000 0.000 0.000 
# 0 3 13 50
0.000 0.000 0.000 0.000 0.000 0.000 0.111 0.172 0.254 0.357 0.478 0.609 0.740 0.857 0.945 0.993 0.995 0.949 0.863 0.747 0.617 0.485 0.363 0.259 0.176 0.114 0.000 0.000 0.000 0.000 0.000 0.000 0.000 0.000 0.000 0.000 0.000 0.000 0.000 0.000 0.000 0.000 0.000 0.000 0.000 0.000 0.000 0.000 0.000 0.000 
0.151 0.000 0.000 0.000 0.000 0.000 0.000 0.000 0.000 0.000 0.119 0.183 0.268 0.374 0.497 0.630 0.759 0.873 0.955 0.997 0.991 0.938 0.847 0.728 0.596 0.465 0.346 0.245 0.165 0.106 0.000 0.000 0.000 0.000 0.000 0.000 0.000 0.000 0.000 0.000 0.000 0.000 0.000 0.000 0.000 0.000 0.000 0.000 0.000 0.000 
0.548 0.420 0.307 0.214 0.142 0.000 0.000 0.000 0.000 0.000 0.000 0.000 0.000 0.000 0.128 0.195 0.283 0.392 0.517 0.650 0.778 0.888 0.965 0.999 0.986 0.926 0.830 0.708 0.576 0.446 0.329 0.231 0.155 0.000 0.000 0.000 0.000 0.000 0.000 0.000 0.000 0.000 0.000 0.000 0.000 0.000 0.000 0.000 0.000 0.000 
0.969 0.895 0.787 0.660 0.527 0.401 0.291 0.201 0.132 0.000 0.000 0.000 0.000 0.000 0.000 0.000 0.000 0.000 0.137 0.207 0.299 0.411 0.538 0.670 0.797 0.902 0.973 1.000 0.979 0.914 0.812 0.688 0.555 0.427 0.313 0.218 0.145 0.000 0.000 0.000 0.000 0.000 0.000 0.000 0.000 0.000 0.000 0.000 0.000 0.000 
0.838 0.932 0.988 0.998 0.960 0.880 0.769 0.640 0.507 0.383 0.276 0.189 0.124 0.000 0.000 0.000 0.000 0.000 0.000 0.000 0.000 0.000 0.146 0.220 0.315 0.429 0.558 0.691 0.815 0.915 0.980 1.000 0.972 0.900 0.794 0.668 0.535 0.408 0.297 0.206 0.136 0.000 0.000 0.000 0.000 0.000 0.000 0.000 0.000 0.000 
0.354 0.475 0.606 0.738 0.855 0.944 0.993 0.995 0.950 0.865 0.750 0.619 0.487 0.365 0.261 0.178 0.115 0.000 0.000 0.000 0.000 0.000 0.000 0.000 0.000 0.000 0.156 0.233 0.331 0.448 0.578 0.711 0.832 0.928 0.986 0.999 0.964 0.886 0.776 0.647 0.515 0.390 0.281 0.194 0.127 0.000 0.000 0.000 0.000 0.000 
0.000 0.118 0.182 0.266 0.372 0.495 0.627 0.757 0.871 0.954 0.996 0.991 0.940 0.849 0.730 0.599 0.468 0.348 0.247 0.167 0.107 0.000 0.000 0.000 0.000 0.000 0.000 0.000 0.000 0.107 0.167 0.247 0.348 0.468 0.599 0.730 0.849 0.940 0.991 0.996 0.954 0.871 0.757 0.627 0.495 0.372 0.266 0.182 0.118 0.000 
0.000 0.000 0.000 0.000 0.000 0.127 0.194 0.281 0.390 0.515 0.647 0.776 0.886 0.964 0.999 0.986 0.928 0.832 0.711 0.578 0.448 0.331 0.233 0.156 0.000 0.000 0.000 0.000 0.000 0.000 0.000 0.000 0.000 0.115 0.178 0.261 0.365 0.487 0.619 0.750 0.865 0.950 0.995 0.993 0.944 0.855 0.738 0.606 0.475 0.354 
0.000 0.000 0.000 0.000 0.000 0.000 0.000 0.000 0.000 0.136 0.206 0.297 0.408 0.535 0.668 0.794 0.900 0.972 1.000 0.980 0.915 0.815 0.691 0.558 0.429 0.315 0.220 0.146 0.000 0.000 0.000 0.000 0.000 0.000 0.000 0.000 0.000 0.124 0.189 0.276 0.383 0.507 0.640 0.769 0.880 0.960 0.998 0.988 0.932 0.838 
0.000 0.000 0.000 0.000 0.000 0.000 0.000 0.000 0.000 0.000 0.000 0.000 0.000 0.145 0.218 0.313 0.427 0.555 0.688 0.812 0.914 0.979 1.000 0.973 0.902 0.797 0.670 0.538 0.411 0.299 0.207 0.137 0.000 0.000 0.000 0.000 0.000 0.000 0.000 0.000 0.000 0.132 0.201 0.291 0.401 0.527 0.660 0.787 0.895 0.969 
0.000 0.000 0.000 0.000 0.000 0.000 0.000 0.000 0.000 0.000 0.000 0.000 0.000 0.000 0.000 0.000 0.000 0.155 0.231 0.329 0.446 0.576 0.708 0.830 0.926 0.986 0.999 0.965 0.888 0.778 0.650 0.517 0.392 0.283 0.195 0.128 0.000 0.000 0.000 0.000 0.000 0.000 0.000 0.000 0.000 0.142 0.214 0.307 0.420 0.548 
0.000 0.000 0.000 0.000 0.000 0.000 0.000 0.000 0.000 0.000 0.000 0.000 0.000 0.000 0.000 0.000 0.000 0.000 0.000 0.000 0.106 0.165 0.245 0.346 0.465 0.596 0.728 0.847 0.938 0.991 0.997 0.955 0.873 0.759 0.630 0.497 0.374 0.268 0.183 0.119 0.000 0.000 0.000 0.000 0.000 0.000 0.000 0.000 0.000 0.151 
0.000 0.000 0.000 0.000 0.000 0.000 0.000 0.000 0.000 0.000 0.000 0.000 0.000 0.000 0.000 0.000 0.000 0.000 0.000 0.000 0.000 0.000 0.000 0.000 0.114 0.176 0.259 0.363 0.485 0.617 0.747 0.863 0.949 0.995 0.993 0.945 0.857 0.740 0.609 0.478 0.357 0.254 0.172 0.111 0.000 0.000 0.000 0.000 0.000 0.000 
# 1 0 50 37
-0.417 -0.553 -0.694 -0.824 -0.928 -0.988 -0.997 -0.952 -0.861 -0.738 -0.598 -0.459 -0.334 -0.230 -0.150 0.000 0.000 0.000 0.000 0.000 0.000 0.000 0.000 0.000 0.000 0.000 0.000 0.000 0.000 0.000 0.000 0.000 0.000 0.000 0.000 0.000 0.000 
-0.481 -0.451 -0.590 -0.729 -0.855 -0.948 -0.996 -0.990 -0.933 -0.832 -0.702 -0.561 -0.425 -0.305 -0.207 -0.133 0.000 0.000 0.000 0.000 0.000 0.000 0.000 0.000 0.000 0.000 0.000 0.000 0.000 0.000 0.000 0.000 0.000 0.000 0.000 0.000 0.000 
-0.584 -0.446 -0.486 -0.626 -0.764 -0.882 -0.965 -0.999 -0.980 -0.910 -0.800 -0.666 -0.525 -0.392 -0.277 -0.185 -0.117 0.000 0.000 0.000 0.000 0.000 0.000 0.000 0.000 0.000 0.000 0.000 0.000 0.000 0.000 0.000 0.000 0.000 0.000 0.000 0.000 
-0.688 -0.547 -0.412 -0.522 -0.663 -0.797 -0.908 -0.979 -1.000 -0.966 -0.885 -0.767 -0.629 -0.489 -0.360 -0.251 -0.165 -0.103 0.000 0.000 0.000 0.000 0.000 0.000 0.000 0.000 0.000 0.000 0.000 0.000 0.000 0.000 0.000 0.000 0.000 0.000 0.000 
-0.787 -0.652 -0.511 -0.422 -0.558 -0.699 -0.829 -0.931 -0.990 -0.996 -0.949 -0.857 -0.732 -0.592 -0.454 -0.329 -0.226 -0.147 0.000 0.000 0.000 0.000 0.000 0.000 0.000 0.000 0.000 0.000 0.000 0.000 0.000 0.000 0.000 0.000 0.000 0.000 0.000 
-0.874 -0.754 -0.615 -0.475 -0.457 -0.595 -0.735 -0.859 -0.951 -0.996 -0.989 -0.929 -0.827 -0.697 -0.556 -0.420 -0.300 -0.203 -0.130 0.000 0.000 0.000 0.000 0.000 0.000 0.000 0.000 0.000 0.000 0.000 0.000 0.000 0.000 0.000 0.000 0.000 0.000 
-0.942 -0.845 -0.719 -0.578 -0.441 -0.492 -0.632 -0.769 -0.887 -0.967 -1.000 -0.978 -0.906 -0.795 -0.660 -0.519 -0.387 -0.273 -0.182 -0.115 0.000 0.000 0.000 0.000 0.000 0.000 0.000 0.000 0.000 0.000 0.000 0.000 0.000 0.000 0.000 0.000 0.000 
-0.985 -0.921 -0.815 -0.683 -0.542 -0.407 -0.528 -0.669 -0.802 -0.912 -0.981 -0.999 -0.964 -0.880 -0.762 -0.624 -0.484 -0.355 -0.247 -0.163 -0.101 0.000 0.000 0.000 0.000 0.000 0.000 0.000 0.000 0.000 0.000 0.000 0.000 0.000 0.000 0.000 0.000 
-1.000 -0.973 -0.897 -0.782 -0.646 -0.505 -0.428 -0.564 -0.705 -0.834 -0.934 -0.991 -0.995 -0.946 -0.852 -0.727 -0.587 -0.449 -0.325 -0.223 -0.144 0.000 0.000 0.000 0.000 0.000 0.000 0.000 0.000 0.000 0.000 0.000 0.000 0.000 0.000 0.000 0.000 
-0.985 -0.998 -0.958 -0.870 -0.748 -0.609 -0.470 -0.462 -0.601 -0.740 -0.863 -0.954 -0.997 -0.987 -0.926 -0.822 -0.691 -0.550 -0.415 -0.296 -0.200 -0.128 0.000 0.000 0.000 0.000 0.000 0.000 0.000 0.000 0.000 0.000 0.000 0.000 0.000 0.000 0.000 
-0.942 -0.994 -0.993 -0.939 -0.841 -0.713 -0.573 -0.435 -0.497 -0.638 -0.774 -0.891 -0.970 -1.000 -0.976 -0.902 -0.790 -0.655 -0.514 -0.382 -0.269 -0.179 -0.113 0.000 0.000 0.000 0.000 0.000 0.000 0.000 0.000 0.000 0.000 0.000 0.000 0.000 0.000 
-0.874 -0.960 -0.999 -0.984 -0.917 -0.810 -0.677 -0.536 -0.402 -0.533 -0.674 -0.807 -0.915 -0.983 -0.999 -0.961 -0.876 -0.756 -0.618 -0.478 -0.350 -0.243 -0.160 0.000 0.000 0.000 0.000 0.000 0.000 0.000 0.000 0.000 0.000 0.000 0.000 0.000 0.000 
-0.787 -0.901 -0.975 -1.000 -0.971 -0.893 -0.777 -0.641 -0.500 -0.433 -0.570 -0.710 -0.839 -0.937 -0.992 -0.994 -0.944 -0.848 -0.721 -0.581 -0.443 -0.320 -0.219 -0.142 0.000 0.000 0.000 0.000 0.000 0.000 0.000 0.000 0.000 0.000 0.000 0.000 0.000 
-0.688 -0.820 -0.924 -0.987 -0.998 -0.955 -0.866 -0.743 -0.604 -0.465 -0.467 -0.607 -0.746 -0.868 -0.956 -0.998 -0.986 -0.922 -0.817 -0.686 -0.545 -0.410 -0.292 -0.197 -0.126 0.000 0.000 0.000 0.000 0.000 0.000 0.000 0.000 0.000 0.000 0.000 0.000 
-0.584 -0.724 -0.850 -0.945 -0.995 -0.991 -0.936 -0.836 -0.708 -0.567 -0.430 -0.503 -0.643 -0.780 -0.895 -0.972 -1.000 -0.974 -0.899 -0.785 -0.649 -0.508 -0.377 -0.265 -0.176 -0.111 0.000 0.000 0.000 0.000 0.000 0.000 0.000 0.000 0.000 0.000 0.000 
-0.481 -0.621 -0.759 -0.878 -0.963 -0.999 -0.982 -0.914 -0.805 -0.671 -0.530 -0.404 -0.539 -0.680 -0.812 -0.919 -0.984 -0.998 -0.959 -0.872 -0.751 -0.612 -0.473 -0.346 -0.239 -0.157 0.000 0.000 0.000 0.000 0.000 0.000 0.000 0.000 0.000 0.000 0.000 
-0.384 -0.517 -0.658 -0.792 -0.904 -0.977 -1.000 -0.969 -0.889 -0.772 -0.635 -0.494 -0.438 -0.575 -0.716 -0.843 -0.940 -0.993 -0.993 -0.940 -0.843 -0.716 -0.576 -0.438 -0.316 -0.215 -0.139 0.000 0.000 0.000 0.000 0.000 0.000 0.000 0.000 0.000 0.000 
-0.298 -0.417 -0.553 -0.694 -0.824 -0.928 -0.988 -0.997 -0.952 -0.861 -0.737 -0.598 -0.459 -0.473 -0.612 -0.751 -0.872 -0.959 -0.998 -0.984 -0.919 -0.812 -0.680 -0.539 -0.404 -0.287 -0.193 -0.123 0.000 0.000 0.000 0.000 0.000 0.000 0.000 0.000 0.000 
-0.224 -0.327 -0.451 -0.590 -0.730 -0.855 -0.948 -0.996 -0.990 -0.932 -0.831 -0.702 -0.561 -0.425 -0.508 -0.649 -0.785 -0.899 -0.974 -1.000 -0.972 -0.895 -0.780 -0.643 -0.503 -0.372 -0.261 -0.173 -0.109 0.000 0.000 0.000 0.000 0.000 0.000 0.000 0.000 
-0.164 -0.249 -0.357 -0.486 -0.626 -0.764 -0.883 -0.965 -0.999 -0.980 -0.910 -0.800 -0.666 -0.525 -0.409 -0.544 -0.685 -0.817 -0.922 -0.986 -0.998 -0.956 -0.868 -0.746 -0.607 -0.467 -0.341 -0.235 -0.154 0.000 0.000 0.000 0.000 0.000 0.000 0.000 0.000 
-0.116 -0.184 -0.275 -0.389 -0.522 -0.663 -0.797 -0.908 -0.979 -1.000 -0.966 -0.885 -0.767 -0.629 -0.489 -0.443 -0.581 -0.721 -0.848 -0.943 -0.994 -0.992 -0.937 -0.839 -0.710 -0.570 -0.433 -0.311 -0.212 -0.137 0.000 0.000 0.000 0.000 0.000 0.000 0.000 
0.000 -0.132 -0.205 -0.302 -0.422 -0.559 -0.699 -0.829 -0.931 -0.990 -0.996 -0.949 -0.857 -0.732 -0.592 -0.454 -0.478 -0.618 -0.756 -0.876 -0.961 -0.999 -0.983 -0.915 -0.807 -0.674 -0.533 -0.399 -0.283 -0.190 -0.121 0.000 0.000 0.000 0.000 0.000 0.000 
0.000 0.000 -0.149 -0.228 -0.332 -0.457 -0.595 -0.735 -0.859 -0.951 -0.996 -0.989 -0.929 -0.827 -0.697 -0.556 -0.420 -0.514 -0.655 -0.790 -0.902 -0.976 -1.000 -0.970 -0.891 -0.775 -0.638 -0.497 -0.367 -0.257 -0.170 -0.106 0.000 0.000 0.000 0.000 0.000 
0.000 0.000 -0.104 -0.167 -0.253 -0.362 -0.492 -0.632 -0.769 -0.887 -0.968 -1.000 -0.978 -0.906 -0.795 -0.660 -0.519 -0.415 -0.550 -0.691 -0.822 -0.926 -0.987 -0.997 -0.954 -0.863 -0.740 -0.601 -0.462 -0.336 -0.232 -0.151 0.000 0.000 0.000 0.000 0.000 
0.000 0.000 0.000 -0.119 -0.187 -0.279 -0.394 -0.528 -0.669 -0.802 -0.912 -0.981 -0.999 -0.964 -0.880 -0.761 -0.624 -0.484 -0.449 -0.587 -0.727 -0.852 -0.946 -0.995 -0.991 -0.934 -0.834 -0.705 -0.564 -0.428 -0.307 -0.209 -0.134 0.000 0.000 0.000 0.000 
0.000 0.000 0.000 0.000 -0.134 -0.209 -0.307 -0.428 -0.564 -0.705 -0.834 -0.934 -0.991 -0.995 -0.946 -0.852 -0.727 -0.587 -0.449 -0.484 -0.624 -0.761 -0.880 -0.964 -0.999 -0.981 -0.912 -0.802 -0.669 -0.528 -0.394 -0.279 -0.187 -0.119 0.000 0.000 0.000 
0.000 0.000 0.000 0.000 0.000 -0.151 -0.232 -0.336 -0.462 -0.601 -0.740 -0.863 -0.954 -0.997 -0.987 -0.926 -0.822 -0.691 -0.550 -0.415 -0.519 -0.660 -0.795 -0.906 -0.978 -1.000 -0.968 -0.887 -0.769 -0.632 -0.492 -0.362 -0.253 -0.167 -0.104 0.000 0.000 
0.000 0.000 0.000 0.000 0.000 -0.106 -0.170 -0.257 -0.367 -0.497 -0.638 -0.775 -0.891 -0.970 -1.000 -0.976 -0.902 -0.790 -0.655 -0.514 -0.420 -0.556 -0.697 -0.827 -0.929 -0.989 -0.996 -0.951 -0.859 -0.735 -0.595 -0.457 -0.332 -0.228 -0.149 0.000 0.000 
0.000 0.000 0.000 0.000 0.000 0.000 -0.121 -0.190 -0.283 -0.399 -0.533 -0.674 -0.807 -0.915 -0.983 -0.999 -0.961 -0.876 -0.756 -0.618 -0.478 -0.454 -0.592 -0.732 -0.857 -0.949 -0.996 -0.990 -0.931 -0.829 -0.699 -0.559 -0.422 -0.302 -0.205 -0.132 0.000 
0.000 0.000 0.000 0.000 0.000 0.000 0.000 -0.137 -0.212 -0.311 -0.433 -0.570 -0.710 -0.839 -0.937 -0.992 -0.994 -0.943 -0.848 -0.721 -0.581 -0.443 -0.489 -0.629 -0.767 -0.885 -0.966 -1.000 -0.979 -0.908 -0.797 -0.663 -0.522 -0.389 -0.275 -0.184 -0.116 
0.000 0.000 0.000 0.000 0.000 0.000 0.000 0.000 -0.154 -0.235 -0.341 -0.467 -0.607 -0.746 -0.868 -0.956 -0.998 -0.986 -0.922 -0.817 -0.685 -0.544 -0.409 -0.525 -0.666 -0.800 -0.910 -0.980 -0.999 -0.965 -0.883 -0.764 -0.626 -0.486 -0.357 -0.249 -0.164 
0.000 0.000 0.000 0.000 0.000 0.000 0.000 0.000 -0.109 -0.173 -0.261 -0.372 -0.503 -0.643 -0.780 -0.895 -0.972 -1.000 -0.974 -0.899 -0.785 -0.649 -0.508 -0.425 -0.561 -0.702 -0.831 -0.932 -0.990 -0.996 -0.948 -0.855 -0.730 -0.590 -0.451 -0.327 -0.224 
0.000 0.000 0.000 0.000 0.000 0.000 0.000 0.000 0.000 -0.123 -0.193 -0.287 -0.404 -0.539 -0.680 -0.812 -0.919 -0.984 -0.998 -0.959 -0.872 -0.751 -0.612 -0.473 -0.459 -0.598 -0.737 -0.861 -0.952 -0.997 -0.988 -0.928 -0.824 -0.694 -0.553 -0.417 -0.298 
0.000 0.000 0.000 0.000 0.000 0.000 0.000 0.000 0.000 0.000 -0.139 -0.215 -0.316 -0.438 -0.576 -0.716 -0.843 -0.940 -0.993 -0.993 -0.940 -0.843 -0.716 -0.575 -0.438 -0.494 -0.635 -0.772 -0.889 -0.969 -1.000 -0.977 -0.904 -0.792 -0.658 -0.517 -0.384 
0.000 0.000 0.000 0.000 0.000 0.000 0.000 0.000 0.000 0.000 0.000 -0.157 -0.239 -0.346 -0.473 -0.612 -0.751 -0.872 -0.959 -0.998 -0.984 -0.919 -0.812 -0.680 -0.539 -0.404 -0.530 -0.671 -0.805 -0.914 -0.982 -0.999 -0.963 -0.878 -0.759 -0.621 -0.481 
0.000 0.000 0.000 0.000 0.000 0.000 0.000 0.000 0.000 0.000 0.000 -0.111 -0.176 -0.265 -0.377 -0.508 -0.649 -0.785 -0.899 -0.974 -1.000 -0.972 -0.895 -0.780 -0.643 -0.503 -0.430 -0.567 -0.708 -0.836 -0.936 -0.991 -0.995 -0.945 -0.850 -0.724 -0.584 
0.000 0.000 0.000 0.000 0.000 0.000 0.000 0.000 0.000 0.000 0.000 0.000 -0.126 -0.197 -0.292 -0.410 -0.545 -0.686 -0.817 -0.922 -0.986 -0.998 -0.956 -0.868 -0.746 -0.607 -0.467 -0.465 -0.604 -0.743 -0.866 -0.955 -0.998 -0.987 -0.924 -0.820 -0.688 
0.000 0.000 0.000 0.000 0.000 0.000 0.000 0.000 0.000 0.000 0.000 0.000 0.000 -0.142 -0.219 -0.320 -0.443 -0.581 -0.721 -0.848 -0.944 -0.994 -0.992 -0.937 -0.839 -0.710 -0.570 -0.433 -0.500 -0.641 -0.777 -0.893 -0.971 -1.000 -0.975 -0.901 -0.787 
0.000 0.000 0.000 0.000 0.000 0.000 0.000 0.000 0.000 0.000 0.000 0.000 0.000 0.000 -0.160 -0.243 -0.350 -0.478 -0.618 -0.756 -0.876 -0.961 -0.999 -0.983 -0.915 -0.807 -0.674 -0.533 -0.402 -0.536 -0.677 -0.810 -0.917 -0.984 -0.999 -0.960 -0.874 
0.000 0.000 0.000 0.000 0.000 0.000 0.000 0.000 0.000 0.000 0.000 0.000 0.000 0.000 -0.113 -0.179 -0.269 -0.382 -0.514 -0.655 -0.790 -0.902 -0.976 -1.000 -0.970 -0.891 -0.774 -0.638 -0.497 -0.435 -0.573 -0.713 -0.841 -0.939 -0.993 -0.994 -0.942 
0.000 0.000 0.000 0.000 0.000 0.000 0.000 0.000 0.000 0.000 0.000 0.000 0.000 0.000 0.000 -0.128 -0.200 -0.296 -0.415 -0.550 -0.691 -0.822 -0.926 -0.987 -0.997 -0.954 -0.863 -0.740 -0.601 -0.462 -0.470 -0.609 -0.748 -0.870 -0.958 -0.998 -0.985 
0.000 0.000 0.000 0.000 0.000 0.000 0.000 0.000 0.000 0.000 0.000 0.000 0.000 0.000 0.000 0.000 -0.144 -0.223 -0.325 -0.449 -0.587 -0.727 -0.852 -0.946 -0.995 -0.991 -0.934 -0.834 -0.705 -0.564 -0.428 -0.505 -0.646 -0.782 -0.897 -0.973 -1.000 
0.000 0.000 0.000 0.000 0.000 0.000 0.000 0.000 0.000 0.000 0.000 0.000 0.000 0.000 0.000 0.000 -0.101 -0.163 -0.247 -0.355 -0.484 -0.624 -0.762 -0.880 -0.964 -0.999 -0.981 -0.912 -0.802 -0.669 -0.528 -0.407 -0.542 -0.683 -0.815 -0.921 -0.985 
0.000 0.000 0.000 0.000 0.000 0.000 0.000 0.000 0.000 0.000 0.000 0.000 0.000 0.000 0.000 0.000 0.000 -0.115 -0.182 -0.273 -0.387 -0.519 -0.660 -0.795 -0.906 -0.978 -1.000 -0.967 -0.887 -0.769 -0.632 -0.492 -0.441 -0.578 -0.719 -0.845 -0.942 
0.000 0.000 0.000 0.000 0.000 0.000 0.000 0.000 0.000 0.000 0.000 0.000 0.000 0.000 0.000 0.000 0.000 0.000 -0.130 -0.203 -0.300 -0.420 -0.556 -0.697 -0.827 -0.929 -0.989 -0.996 -0.951 -0.859 -0.735 -0.595 -0.457 -0.475 -0.615 -0.754 -0.874 
0.000 0.000 0.000 0.000 0.000 0.000 0.000 0.000 0.000 0.000 0.000 0.000 0.000 0.000 0.000 0.000 0.000 0.000 0.000 -0.147 -0.226 -0.329 -0.454 -0.592 -0.732 -0.857 -0.949 -0.996 -0.990 -0.931 -0.829 -0.699 -0.558 -0.422 -0.511 -0.652 -0.787 
0.000 0.000 0.000 0.000 0.000 0.000 0.000 0.000 0.000 0.000 0.000 0.000 0.000 0.000 0.000 0.000 0.000 0.000 0.000 -0.103 -0.165 -0.251 -0.360 -0.489 -0.629 -0.767 -0.885 -0.966 -1.000 -0.979 -0.908 -0.797 -0.663 -0.522 -0.412 -0.547 -0.688 
0.000 0.000 0.000 0.000 0.000 0.000 0.000 0.000 0.000 0.000 0.000 0.000 0.000 0.000 0.000 0.000 0.000 0.000 0.000 0.000 -0.117 -0.185 -0.277 -0.392 -0.525 -0.666 -0.800 -0.910 -0.980 -0.999 -0.965 -0.882 -0.764 -0.626 -0.486 -0.446 -0.584 
0.000 0.000 0.000 0.000 0.000 0.000 0.000 0.000 0.000 0.000 0.000 0.000 0.000 0.000 0.000 0.000 0.000 0.000 0.000 0.000 0.000 -0.133 -0.207 -0.305 -0.425 -0.561 -0.702 -0.832 -0.933 -0.990 -0.996 -0.948 -0.855 -0.729 -0.590 -0.451 -0.481 
0.000 0.000 0.000 0.000 0.000 0.000 0.000 0.000 0.000 0.000 0.000 0.000 0.000 0.000 0.000 0.000 0.000 0.000 0.000 0.000 0.000 0.000 -0.150 -0.230 -0.334 -0.459 -0.598 -0.738 -0.861 -0.952 -0.997 -0.988 -0.928 -0.824 -0.694 -0.553 -0.417 
# 1 2 37 37
-0.401 -0.535 -0.676 -0.810 -0.917 -0.984 -1.000 -0.962 -0.876 -0.756 -0.617 -0.477 -0.350 -0.242 -0.159 0.000 0.000 0.000 0.000 0.000 0.000 0.000 0.000 0.000 0.000 0.000 0.000 0.000 0.000 0.000 0.000 0.000 0.000 0.000 0.000 0.000 0.000 
-0.535 -0.401 -0.535 -0.676 -0.810 -0.917 -0.984 -1.000 -0.962 -0.876 -0.756 -0.617 -0.477 -0.350 -0.242 -0.159 0.000 0.000 0.000 0.000 0.000 0.000 0.000 0.000 0.000 0.000 0.000 0.000 0.000 0.000 0.000 0.000 0.000 0.000 0.000 0.000 0.000 
-0.676 -0.535 -0.401 -0.535 -0.676 -0.810 -0.917 -0.984 -1.000 -0.962 -0.876 -0.756 -0.617 -0.477 -0.350 -0.242 -0.159 0.000 0.000 0.000 0.000 0.000 0.000 0.000 0.000 0.000 0.000 0.000 0.000 0.000 0.000 0.000 0.000 0.000 0.000 0.000 0.000 
-0.810 -0.676 -0.535 -0.401 -0.535 -0.676 -0.810 -0.917 -0.984 -1.000 -0.962 -0.876 -0.756 -0.617 -0.477 -0.350 -0.242 -0.159 0.000 0.000 0.000 0.000 0.000 0.000 0.000 0.000 0.000 0.000 0.000 0.000 0.000 0.000 0.000 0.000 0.000 0.000 0.000 
-0.917 -0.810 -0.676 -0.535 -0.401 -0.535 -0.676 -0.810 -0.917 -0.984 -1.000 -0.962 -0.876 -0.756 -0.617 -0.477 -0.350 -0.242 -0.159 0.000 0.000 0.000 0.000 0.000 0.000 0.000 0.000 0.000 0.000 0.000 0.000 0.000 0.000 0.000 0.000 0.000 0.000 
-0.984 -0.917 -0.810 -0.676 -0.535 -0.401 -0.535 -0.676 -0.810 -0.917 -0.984 -1.000 -0.962 -0.876 -0.756 -0.617 -0.477 -0.350 -0.242 -0.159 0.000 0.000 0.000 0.000 0.000 0.000 0.000 0.000 0.000 0.000 0.000 0.000 0.000 0.000 0.000 0.000 0.000 
-1.000 -0.984 -0.917 -0.810 -0.676 -0.535 -0.401 -0.535 -0.676 -0.810 -0.917 -0.984 -1.000 -0.962 -0.876 -0.756 -0.617 -0.477 -0.350 -0.242 -0.159 0.000 0.000 0.000 0.000 0.000 0.000 0.000 0.000 0.000 0.000 0.000 0.000 0.000 0.000 0.000 0.000 
-0.962 -1.000 -0.984 -0.917 -0.810 -0.676 -0.535 -0.401 -0.535 -0.676 -0.810 -0.917 -0.984 -1.000 -0.962 -0.876 -0.756 -0.617 -0.477 -0.350 -0.242 -0.159 0.000 0.000 0.000 0.000 0.000 0.000 0.000 0.000 0.000 0.000 0.000 0.000 0.000 0.000 0.000 
-0.876 -0.962 -1.000 -0.984 -0.917 -0.810 -0.676 -0.535 -0.401 -0.535 -0.676 -0.810 -0.917 -0.984 -1.000 -0.962 -0.876 -0.756 -0.617 -0.477 -0.350 -0.242 -0.159 0.000 0.000 0.000 0.000 0.000 0.000 0.000 0.000 0.000 0.000 0.000 0.000 0.000 0.000 
-0.756 -0.876 -0.962 -1.000 -0.984 -0.917 -0.810 -0.676 -0.535 -0.401 -0.535 -0.676 -0.810 -0.917 -0.984 -1.000 -0.962 -0.876 -0.756 -0.617 -0.477 -0.350 -0.242 -0.159 0.000 0.000 0.000 0.000 0.000 0.000 0.000 0.000 0.000 0.000 0.000 0.000 0.000 
-0.617 -0.756 -0.876 -0.962 -1.000 -0.984 -0.917 -0.810 -0.676 -0.535 -0.401 -0.535 -0.676 -0.810 -0.917 -0.984 -1.000 -0.962 -0.876 -0.756 -0.617 -0.477 -0.350 -0.242 -0.159 0.000 0.000 0.000 0.000 0.000 0.000 0.000 0.000 0.000 0.000 0.000 0.000 
-0.477 -0.617 -0.756 -0.876 -0.962 -1.000 -0.984 -0.917 -0.810 -0.676 -0.535 -0.401 -0.535 -0.676 -0.810 -0.917 -0.984 -1.000 -0.962 -0.876 -0.756 -0.617 -0.477 -0.350 -0.242 -0.159 0.000 0.000 0.000 0.000 0.000 0.000 0.000 0.000 0.000 0.000 0.000 
-0.350 -0.477 -0.617 -0.756 -0.876 -0.962 -1.000 -0.984 -0.917 -0.810 -0.676 -0.535 -0.401 -0.535 -0.676 -0.810 -0.917 -0.984 -1.000 -0.962 -0.876 -0.756 -0.617 -0.477 -0.350 -0.242 -0.159 0.000 0.000 0.000 0.000 0.000 0.000 0.000 0.000 0.000 0.000 
-0.242 -0.350 -0.477 -0.617 -0.756 -0.876 -0.962 -1.000 -0.984 -0.917 -0.810 -0.676 -0.535 -0.401 -0.535 -0.676 -0.810 -0.917 -0.984 -1.000 -0.962 -0.876 -0.756 -0.617 -0.477 -0.350 -0.242 -0.159 0.000 0.000 0.000 0.000 0.000 0.000 0.000 0.000 0.000 
-0.159 -0.242 -0.350 -0.477 -0.617 -0.756 -0.876 -0.962 -1.000 -0.984 -0.917 -0.810 -0.676 -0.535 -0.401 -0.535 -0.676 -0.810 -0.917 -0.984 -1.000 -0.962 -0.876 -0.756 -0.617 -0.477 -0.350 -0.242 -0.159 0.000 0.000 0.000 0.000 0.000 0.000 0.000 0.000 
0.000 -0.159 -0.242 -0.350 -0.477 -0.617 -0.756 -0.876 -0.962 -1.000 -0.984 -0.917 -0.810 -0.676 -0.535 -0.401 -0.535 -0.676 -0.810 -0.917 -0.984 -1.000 -0.962 -0.876 -0.756 -0.617 -0.477 -0.350 -0.242 -0.159 0.000 0.000 0.000 0.000 0.000 0.000 0.000 
0.000 0.000 -0.159 -0.242 -0.350 -0.477 -0.617 -0.756 -0.876 -0.962 -1.000 -0.984 -0.917 -0.810 -0.676 -0.535 -0.401 -0.535 -0.676 -0.810 -0.917 -0.984 -1.000 -0.962 -0.876 -0.756 -0.617 -0.477 -0.350 -0.242 -0.159 0.000 0.000 0.000 0.000 0.000 0.000 
0.000 0.000 0.000 -0.159 -0.242 -0.350 -0.477 -0.617 -0.756 -0.876 -0.962 -1.000 -0.984 -0.917 -0.810 -0.676 -0.535 -0.401 -0.535 -0.676 -0.810 -0.917 -0.984 -1.000 -0.962 -0.876 -0.756 -0.617 -0.477 -0.350 -0.242 -0.159 0.000 0.000 0.000 0.000 0.000 
0.000 0.000 0.000 0.000 -0.159 -0.242 -0.350 -0.477 -0.617 -0.756 -0.876 -0.962 -1.000 -0.984 -0.917 -0.810 -0.676 -0.535 -0.401 -0.535 -0.676 -0.810 -0.917 -0.984 -1.000 -0.962 -0.876 -0.756 -0.617 -0.477 -0.350 -0.242 -0.159 0.000 0.000 0.000 0.000 
0.000 0.000 0.000 0.000 0.000 -0.159 -0.242 -0.350 -0.477 -0.617 -0.756 -0.876 -0.962 -1.000 -0.984 -0.917 -0.810 -0.676 -0.535 -0.401 -0.535 -0.676 -0.810 -0.917 -0.984 -1.000 -0.962 -0.876 -0.756 -0.617 -0.477 -0.350 -0.242 -0.159 0.000 0.000 0.000 
0.000 0.000 0.000 0.000 0.000 0.000 -0.159 -0.242 -0.350 -0.477 -0.617 -0.756 -0.876 -0.962 -1.000 -0.984 -0.917 -0.810 -0.676 -0.535 -0.401 -0.535 -0.676 -0.810 -0.917 -0.984 -1.000 -0.962 -0.876 -0.756 -0.617 -0.477 -0.350 -0.242 -0.159 0.000 0.000 
0.000 0.000 0.000 0.000 0.000 0.000 0.000 -0.159 -0.242 -0.350 -0.477 -0.617 -0.756 -0.876 -0.962 -1.000 -0.984 -0.917 -0.810 -0.676 -0.535 -0.401 -0.535 -0.676 -0.810 -0.917 -0.984 -1.000 -0.962 -0.876 -0.756 -0.617 -0.477 -0.350 -0.242 -0.159 0.000 
0.000 0.000 0.000 0.000 0.000 0.000 0.000 0.000 -0.159 -0.242 -0.350 -0.477 -0.617 -0.756 -0.876 -0.962 -1.000 -0.984 -0.917 -0.810 -0.676 -0.535 -0.401 -0.535 -0.676 -0.810 -0.917 -0.984 -1.000 -0.962 -0.876 -0.756 -0.617 -0.477 -0.350 -0.242 -0.159 
0.000 0.000 0.000 0.000 0.000 0.000 0.000 0.000 0.000 -0.159 -0.242 -0.350 -0.477 -0.617 -0.756 -0.876 -0.962 -1.000 -0.984 -0.917 -0.810 -0.676 -0.535 -0.401 -0.535 -0.676 -0.810 -0.917 -0.984 -1.000 -0.962 -0.876 -0.756 -0.617 -0.477 -0.350 -0.242 
0.000 0.000 0.000 0.000 0.000 0.000 0.000 0.000 0.000 0.000 -0.159 -0.242 -0.350 -0.477 -0.617 -0.756 -0.876 -0.962 -1.000 -0.984 -0.917 -0.810 -0.676 -0.535 -0.401 -0.535 -0.676 -0.810 -0.917 -0.984 -1.000 -0.962 -0.876 -0.756 -0.617 -0.477 -0.350 
0.000 0.000 0.000 0.000 0.000 0.000 0.000 0.000 0.000 0.000 0.000 -0.159 -0.242 -0.350 -0.477 -0.617 -0.756 -0.876 -0.962 -1.000 -0.984 -0.917 -0.810 -0.676 -0.535 -0.401 -0.535 -0.676 -0.810 -0.917 -0.984 -1.000 -0.962 -0.876 -0.756 -0.617 -0.477 
0.000 0.000 0.000 0.000 0.000 0.000 0.000 0.000 0.000 0.000 0.000 0.000 -0.159 -0.242 -0.350 -0.477 -0.617 -0.756 -0.876 -0.962 -1.000 -0.984 -0.917 -0.810 -0.676 -0.535 -0.401 -0.535 -0.676 -0.810 -0.917 -0.984 -1.000 -0.962 -0.876 -0.756 -0.617 
0.000 0.000 0.000 0.000 0.000 0.000 0.000 0.000 0.000 0.000 0.000 0.000 0.000 -0.159 -0.242 -0.350 -0.477 -0.617 -0.756 -0.876 -0.962 -1.000 -0.984 -0.917 -0.810 -0.676 -0.535 -0.401 -0.535 -0.676 -0.810 -0.917 -0.984 -1.000 -0.962 -0.876 -0.756 
0.000 0.000 0.000 0.000 0.000 0.000 0.000 0.000 0.000 0.000 0.000 0.000 0.000 0.000 -0.159 -0.242 -0.350 -0.477 -0.617 -0.756 -0.876 -0.962 -1.000 -0.984 -0.917 -0.810 -0.676 -0.535 -0.401 -0.535 -0.676 -0.810 -0.917 -0.984 -1.000 -0.962 -0.876 
0.000 0.000 0.000 0.000 0.000 0.000 0.000 0.000 0.000 0.000 0.000 0.000 0.000 0.000 0.000 -0.159 -0.242 -0.350 -0.477 -0.617 -0.756 -0.876 -0.962 -1.000 -0.984 -0.917 -0.810 -0.676 -0.535 -0.401 -0.535 -0.676 -0.810 -0.917 -0.984 -1.000 -0.962 
0.000 0.000 0.000 0.000 0.000 0.000 0.000 0.000 0.000 0.000 0.000 0.000 0.000 0.000 0.000 0.000 -0.159 -0.242 -0.350 -0.477 -0.617 -0.756 -0.876 -0.962 -1.000 -0.984 -0.917 -0.810 -0.676 -0.535 -0.401 -0.535 -0.676 -0.810 -0.917 -0.984 -1.000 
0.000 0.000 0.000 0.000 0.000 0.000 0.000 0.000 0.000 0.000 0.000 0.000 0.000 0.000 0.000 0.000 0.000 -0.159 -0.242 -0.350 -0.477 -0.617 -0.756 -0.876 -0.962 -1.000 -0.984 -0.917 -0.810 -0.676 -0.535 -0.401 -0.535 -0.676 -0.810 -0.917 -0.984 
0.000 0.000 0.000 0.000 0.000 0.000 0.000 0.000 0.000 0.000 0.000 0.000 0.000 0.000 0.000 0.000 0.000 0.000 -0.159 -0.242 -0.350 -0.477 -0.617 -0.756 -0.876 -0.962 -1.000 -0.984 -0.917 -0.810 -0.676 -0.535 -0.401 -0.535 -0.676 -0.810 -0.917 
0.000 0.000 0.000 0.000 0.000 0.000 0.000 0.000 0.000 0.000 0.000 0.000 0.000 0.000 0.000 0.000 0.000 0.000 0.000 -0.159 -0.242 -0.350 -0.477 -0.617 -0.756 -0.876 -0.962 -1.000 -0.984 -0.917 -0.810 -0.676 -0.535 -0.401 -0.535 -0.676 -0.810 
0.000 0.000 0.000 0.000 0.000 0.000 0.000 0.000 0.000 0.000 0.000 0.000 0.000 0.000 0.000 0.000 0.000 0.000 0.000 0.000 -0.159 -0.242 -0.350 -0.477 -0.617 -0.756 -0.876 -0.962 -1.000 -0.984 -0.917 -0.810 -0.676 -0.535 -0.401 -0.535 -0.676 
0.000 0.000 0.000 0.000 0.000 0.000 0.000 0.000 0.000 0.000 0.000 0.000 0.000 0.000 0.000 0.000 0.000 0.000 0.000 0.000 0.000 -0.159 -0.242 -0.350 -0.477 -0.617 -0.756 -0.876 -0.962 -1.000 -0.984 -0.917 -0.810 -0.676 -0.535 -0.401 -0.535 
0.000 0.000 0.000 0.000 0.000 0.000 0.000 0.000 0.000 0.000 0.000 0.000 0.000 0.000 0.000 0.000 0.000 0.000 0.000 0.000 0.000 0.000 -0.159 -0.242 -0.350 -0.477 -0.617 -0.756 -0.876 -0.962 -1.000 -0.984 -0.917 -0.810 -0.676 -0.535 -0.401 
# 2 0 50 37
-0.426 -0.562 -0.703 -0.832 -0.933 -0.990 -0.996 -0.948 -0.855 -0.730 -0.591 -0.453 -0.329 -0.226 -0.147 0.000 0.000 0.000 0.000 0.000 0.000 0.000 0.000 0.000 0.000 0.000 0.000 0.000 0.000 0.000 0.000 0.000 0.000 0.000 0.000 0.000 0.000 
-0.490 -0.461 -0.599 -0.738 -0.862 -0.952 -0.997 -0.988 -0.928 -0.825 -0.695 -0.554 -0.419 -0.300 -0.203 -0.130 0.000 0.000 0.000 0.000 0.000 0.000 0.000 0.000 0.000 0.000 0.000 0.000 0.000 0.000 0.000 0.000 0.000 0.000 0.000 0.000 0.000 
-0.594 -0.455 -0.496 -0.636 -0.773 -0.889 -0.969 -1.000 -0.977 -0.905 -0.793 -0.659 -0.518 -0.386 -0.272 -0.182 -0.115 0.000 0.000 0.000 0.000 0.000 0.000 0.000 0.000 0.000 0.000 0.000 0.000 0.000 0.000 0.000 0.000 0.000 0.000 0.000 0.000 
-0.697 -0.557 -0.421 -0.532 -0.672 -0.805 -0.914 -0.982 -0.999 -0.963 -0.879 -0.760 -0.622 -0.482 -0.354 -0.246 -0.162 -0.101 0.000 0.000 0.000 0.000 0.000 0.000 0.000 0.000 0.000 0.000 0.000 0.000 0.000 0.000 0.000 0.000 0.000 0.000 0.000 
-0.796 -0.661 -0.521 -0.431 -0.568 -0.708 -0.837 -0.936 -0.991 -0.995 -0.945 -0.851 -0.725 -0.585 -0.447 -0.324 -0.222 -0.144 0.000 0.000 0.000 0.000 0.000 0.000 0.000 0.000 0.000 0.000 0.000 0.000 0.000 0.000 0.000 0.000 0.000 0.000 0.000 
-0.881 -0.762 -0.625 -0.485 -0.466 -0.605 -0.744 -0.866 -0.955 -0.998 -0.987 -0.925 -0.820 -0.689 -0.549 -0.414 -0.295 -0.200 -0.128 0.000 0.000 0.000 0.000 0.000 0.000 0.000 0.000 0.000 0.000 0.000 0.000 0.000 0.000 0.000 0.000 0.000 0.000 
-0.947 -0.853 -0.728 -0.588 -0.450 -0.501 -0.642 -0.778 -0.893 -0.971 -1.000 -0.975 -0.901 -0.788 -0.653 -0.512 -0.381 -0.268 -0.179 -0.113 0.000 0.000 0.000 0.000 0.000 0.000 0.000 0.000 0.000 0.000 0.000 0.000 0.000 0.000 0.000 0.000 0.000 
-0.987 -0.926 -0.823 -0.692 -0.551 -0.416 -0.537 -0.678 -0.810 -0.917 -0.984 -0.999 -0.960 -0.875 -0.755 -0.616 -0.477 -0.349 -0.243 -0.159 0.000 0.000 0.000 0.000 0.000 0.000 0.000 0.000 0.000 0.000 0.000 0.000 0.000 0.000 0.000 0.000 0.000 
-1.000 -0.976 -0.903 -0.790 -0.656 -0.515 -0.437 -0.574 -0.714 -0.841 -0.939 -0.993 -0.994 -0.942 -0.846 -0.720 -0.580 -0.442 -0.319 -0.219 -0.142 0.000 0.000 0.000 0.000 0.000 0.000 0.000 0.000 0.000 0.000 0.000 0.000 0.000 0.000 0.000 0.000 
-0.983 -0.999 -0.962 -0.877 -0.757 -0.619 -0.479 -0.471 -0.610 -0.749 -0.870 -0.958 -0.998 -0.985 -0.921 -0.816 -0.684 -0.543 -0.408 -0.291 -0.196 -0.125 0.000 0.000 0.000 0.000 0.000 0.000 0.000 0.000 0.000 0.000 0.000 0.000 0.000 0.000 0.000 
-0.938 -0.992 -0.994 -0.944 -0.848 -0.722 -0.582 -0.445 -0.507 -0.647 -0.783 -0.897 -0.973 -1.000 -0.973 -0.897 -0.783 -0.647 -0.507 -0.376 -0.264 -0.176 -0.111 0.000 0.000 0.000 0.000 0.000 0.000 0.000 0.000 0.000 0.000 0.000 0.000 0.000 0.000 
-0.868 -0.957 -0.998 -0.986 -0.923 -0.818 -0.686 -0.546 -0.411 -0.543 -0.684 -0.815 -0.921 -0.985 -0.998 -0.958 -0.870 -0.749 -0.611 -0.472 -0.345 -0.239 -0.157 0.000 0.000 0.000 0.000 0.000 0.000 0.000 0.000 0.000 0.000 0.000 0.000 0.000 0.000 
-0.781 -0.895 -0.972 -1.000 -0.974 -0.899 -0.785 -0.650 -0.509 -0.442 -0.579 -0.719 -0.846 -0.942 -0.994 -0.993 -0.939 -0.842 -0.714 -0.574 -0.437 -0.315 -0.215 -0.139 0.000 0.000 0.000 0.000 0.000 0.000 0.000 0.000 0.000 0.000 0.000 0.000 0.000 
-0.681 -0.813 -0.919 -0.984 -0.998 -0.959 -0.872 -0.752 -0.613 -0.474 -0.477 -0.616 -0.754 -0.875 -0.960 -0.999 -0.984 -0.918 -0.811 -0.678 -0.537 -0.403 -0.287 -0.193 -0.123 0.000 0.000 0.000 0.000 0.000 0.000 0.000 0.000 0.000 0.000 0.000 0.000 
-0.577 -0.717 -0.844 -0.941 -0.993 -0.993 -0.941 -0.844 -0.717 -0.577 -0.439 -0.512 -0.653 -0.788 -0.901 -0.975 -1.000 -0.971 -0.893 -0.778 -0.642 -0.501 -0.371 -0.260 -0.173 -0.109 0.000 0.000 0.000 0.000 0.000 0.000 0.000 0.000 0.000 0.000 0.000 
-0.474 -0.614 -0.752 -0.873 -0.959 -0.998 -0.984 -0.919 -0.813 -0.681 -0.540 -0.413 -0.548 -0.689 -0.820 -0.924 -0.987 -0.998 -0.955 -0.866 -0.744 -0.605 -0.466 -0.340 -0.235 -0.154 0.000 0.000 0.000 0.000 0.000 0.000 0.000 0.000 0.000 0.000 0.000 
-0.378 -0.510 -0.650 -0.786 -0.899 -0.974 -1.000 -0.972 -0.895 -0.780 -0.644 -0.504 -0.447 -0.585 -0.725 -0.850 -0.945 -0.995 -0.992 -0.936 -0.837 -0.709 -0.568 -0.432 -0.311 -0.212 -0.137 0.000 0.000 0.000 0.000 0.000 0.000 0.000 0.000 0.000 0.000 
-0.293 -0.411 -0.546 -0.687 -0.818 -0.923 -0.986 -0.998 -0.956 -0.868 -0.746 -0.608 -0.469 -0.482 -0.622 -0.760 -0.879 -0.963 -0.999 -0.982 -0.914 -0.806 -0.673 -0.532 -0.398 -0.283 -0.190 -0.121 0.000 0.000 0.000 0.000 0.000 0.000 0.000 0.000 0.000 
-0.220 -0.322 -0.445 -0.582 -0.722 -0.848 -0.944 -0.994 -0.992 -0.937 -0.839 -0.711 -0.571 -0.434 -0.518 -0.658 -0.793 -0.905 -0.977 -1.000 -0.969 -0.889 -0.773 -0.636 -0.496 -0.366 -0.256 -0.170 -0.106 0.000 0.000 0.000 0.000 0.000 0.000 0.000 0.000 
-0.161 -0.244 -0.352 -0.480 -0.619 -0.757 -0.877 -0.962 -0.999 -0.983 -0.916 -0.808 -0.675 -0.534 -0.418 -0.554 -0.695 -0.825 -0.928 -0.988 -0.997 -0.952 -0.862 -0.739 -0.599 -0.461 -0.335 -0.231 -0.151 0.000 0.000 0.000 0.000 0.000 0.000 0.000 0.000 
-0.114 -0.180 -0.270 -0.383 -0.515 -0.656 -0.791 -0.903 -0.976 -1.000 -0.970 -0.891 -0.775 -0.639 -0.498 -0.453 -0.591 -0.730 -0.855 -0.948 -0.996 -0.990 -0.933 -0.832 -0.703 -0.563 -0.426 -0.306 -0.208 -0.134 0.000 0.000 0.000 0.000 0.000 0.000 0.000 
0.000 -0.129 -0.201 -0.297 -0.416 -0.551 -0.692 -0.823 -0.926 -0.988 -0.997 -0.954 -0.864 -0.741 -0.602 -0.463 -0.488 -0.627 -0.765 -0.883 -0.965 -0.999 -0.980 -0.910 -0.801 -0.667 -0.526 -0.393 -0.278 -0.187 -0.118 0.000 0.000 0.000 0.000 0.000 0.000 
0.000 0.000 -0.146 -0.224 -0.326 -0.450 -0.588 -0.728 -0.853 -0.947 -0.995 -0.991 -0.934 -0.834 -0.706 -0.565 -0.429 -0.523 -0.664 -0.798 -0.908 -0.979 -1.000 -0.967 -0.885 -0.768 -0.631 -0.490 -0.361 -0.252 -0.167 -0.104 0.000 0.000 0.000 0.000 0.000 
0.000 0.000 -0.102 -0.164 -0.248 -0.357 -0.485 -0.625 -0.762 -0.881 -0.964 -0.999 -0.981 -0.912 -0.803 -0.670 -0.529 -0.424 -0.560 -0.700 -0.830 -0.931 -0.990 -0.996 -0.950 -0.857 -0.733 -0.594 -0.455 -0.331 -0.228 -0.148 0.000 0.000 0.000 0.000 0.000 
0.000 0.000 0.000 -0.116 -0.183 -0.274 -0.388 -0.521 -0.661 -0.796 -0.907 -0.978 -1.000 -0.968 -0.887 -0.770 -0.633 -0.493 -0.458 -0.596 -0.736 -0.859 -0.951 -0.996 -0.989 -0.930 -0.828 -0.698 -0.557 -0.421 -0.302 -0.205 -0.131 0.000 0.000 0.000 0.000 
0.000 0.000 0.000 0.000 -0.131 -0.205 -0.302 -0.421 -0.557 -0.698 -0.828 -0.930 -0.989 -0.996 -0.951 -0.859 -0.736 -0.596 -0.458 -0.493 -0.633 -0.770 -0.887 -0.968 -1.000 -0.978 -0.907 -0.796 -0.661 -0.521 -0.388 -0.274 -0.183 -0.116 0.000 0.000 0.000 
0.000 0.000 0.000 0.000 0.000 -0.148 -0.228 -0.331 -0.455 -0.594 -0.733 -0.857 -0.950 -0.996 -0.990 -0.931 -0.830 -0.700 -0.560 -0.424 -0.529 -0.670 -0.803 -0.912 -0.981 -0.999 -0.964 -0.881 -0.762 -0.625 -0.485 -0.357 -0.248 -0.164 -0.102 0.000 0.000 
0.000 0.000 0.000 0.000 0.000 -0.104 -0.167 -0.252 -0.361 -0.490 -0.631 -0.768 -0.885 -0.967 -1.000 -0.979 -0.908 -0.798 -0.664 -0.523 -0.429 -0.565 -0.706 -0.834 -0.934 -0.991 -0.995 -0.947 -0.853 -0.728 -0.588 -0.450 -0.326 -0.224 -0.146 0.000 0.000 
0.000 0.000 0.000 0.000 0.000 0.000 -0.118 -0.187 -0.278 -0.393 -0.526 -0.667 -0.801 -0.910 -0.980 -0.999 -0.965 -0.883 -0.765 -0.627 -0.488 -0.463 -0.602 -0.741 -0.864 -0.954 -0.997 -0.988 -0.926 -0.823 -0.692 -0.551 -0.416 -0.297 -0.201 -0.129 0.000 
0.000 0.000 0.000 0.000 0.000 0.000 0.000 -0.134 -0.208 -0.306 -0.426 -0.563 -0.703 -0.832 -0.933 -0.990 -0.996 -0.948 -0.855 -0.730 -0.591 -0.453 -0.498 -0.639 -0.775 -0.891 -0.970 -1.000 -0.976 -0.903 -0.791 -0.656 -0.515 -0.383 -0.270 -0.180 -0.114 
0.000 0.000 0.000 0.000 0.000 0.000 0.000 0.000 -0.151 -0.231 -0.335 -0.461 -0.599 -0.739 -0.862 -0.952 -0.997 -0.988 -0.928 -0.825 -0.695 -0.554 -0.418 -0.534 -0.675 -0.808 -0.916 -0.983 -0.999 -0.962 -0.877 -0.757 -0.619 -0.480 -0.352 -0.244 -0.161 
0.000 0.000 0.000 0.000 0.000 0.000 0.000 0.000 -0.106 -0.170 -0.256 -0.366 -0.496 -0.636 -0.773 -0.889 -0.969 -1.000 -0.977 -0.905 -0.793 -0.658 -0.518 -0.434 -0.571 -0.711 -0.839 -0.937 -0.992 -0.994 -0.944 -0.848 -0.722 -0.582 -0.445 -0.322 -0.220 
0.000 0.000 0.000 0.000 0.000 0.000 0.000 0.000 0.000 -0.121 -0.190 -0.283 -0.398 -0.532 -0.673 -0.806 -0.914 -0.982 -0.999 -0.963 -0.879 -0.760 -0.622 -0.482 -0.469 -0.608 -0.746 -0.868 -0.956 -0.998 -0.986 -0.923 -0.818 -0.687 -0.546 -0.411 -0.293 
0.000 0.000 0.000 0.000 0.000 0.000 0.000 0.000 0.000 0.000 -0.137 -0.212 -0.311 -0.432 -0.568 -0.709 -0.837 -0.936 -0.992 -0.995 -0.945 -0.850 -0.725 -0.585 -0.447 -0.504 -0.644 -0.780 -0.895 -0.972 -1.000 -0.974 -0.899 -0.786 -0.650 -0.510 -0.378 
0.000 0.000 0.000 0.000 0.000 0.000 0.000 0.000 0.000 0.000 0.000 -0.154 -0.235 -0.340 -0.466 -0.605 -0.744 -0.866 -0.955 -0.998 -0.987 -0.924 -0.820 -0.689 -0.548 -0.413 -0.540 -0.681 -0.813 -0.919 -0.984 -0.998 -0.959 -0.873 -0.752 -0.614 -0.474 
0.000 0.000 0.000 0.000 0.000 0.000 0.000 0.000 0.000 0.000 0.000 -0.109 -0.173 -0.260 -0.371 -0.501 -0.642 -0.778 -0.893 -0.971 -1.000 -0.975 -0.901 -0.788 -0.653 -0.512 -0.439 -0.577 -0.717 -0.844 -0.941 -0.993 -0.993 -0.941 -0.844 -0.717 -0.577 
0.000 0.000 0.000 0.000 0.000 0.000 0.000 0.000 0.000 0.000 0.000 0.000 -0.123 -0.193 -0.287 -0.403 -0.537 -0.678 -0.811 -0.918 -0.984 -0.999 -0.960 -0.875 -0.754 -0.616 -0.477 -0.474 -0.613 -0.752 -0.872 -0.959 -0.998 -0.984 -0.919 -0.813 -0.681 
0.000 0.000 0.000 0.000 0.000 0.000 0.000 0.000 0.000 0.000 0.000 0.000 0.000 -0.139 -0.215 -0.315 -0.437 -0.574 -0.714 -0.842 -0.939 -0.993 -0.994 -0.942 -0.846 -0.719 -0.579 -0.442 -0.509 -0.650 -0.785 -0.899 -0.974 -1.000 -0.972 -0.895 -0.781 
0.000 0.000 0.000 0.000 0.000 0.000 0.000 0.000 0.000 0.000 0.000 0.000 0.000 0.000 -0.157 -0.239 -0.345 -0.472 -0.611 -0.749 -0.870 -0.958 -0.998 -0.985 -0.921 -0.815 -0.684 -0.543 -0.411 -0.546 -0.686 -0.818 -0.923 -0.986 -0.998 -0.957 -0.868 
0.000 0.000 0.000 0.000 0.000 0.000 0.000 0.000 0.000 0.000 0.000 0.000 0.000 0.000 -0.111 -0.176 -0.264 -0.376 -0.507 -0.647 -0.783 -0.897 -0.973 -1.000 -0.973 -0.897 -0.783 -0.647 -0.507 -0.445 -0.582 -0.722 -0.848 -0.944 -0.994 -0.992 -0.938 
0.000 0.000 0.000 0.000 0.000 0.000 0.000 0.000 0.000 0.000 0.000 0.000 0.000 0.000 0.000 -0.125 -0.196 -0.291 -0.408 -0.543 -0.684 -0.816 -0.921 -0.985 -0.998 -0.958 -0.870 -0.749 -0.610 -0.471 -0.479 -0.619 -0.757 -0.877 -0.962 -0.999 -0.983 
0.000 0.000 0.000 0.000 0.000 0.000 0.000 0.000 0.000 0.000 0.000 0.000 0.000 0.000 0.000 0.000 -0.142 -0.219 -0.319 -0.442 -0.580 -0.720 -0.846 -0.942 -0.994 -0.993 -0.939 -0.841 -0.714 -0.574 -0.437 -0.515 -0.656 -0.790 -0.903 -0.976 -1.000 
0.000 0.000 0.000 0.000 0.000 0.000 0.000 0.000 0.000 0.000 0.000 0.000 0.000 0.000 0.000 0.000 0.000 -0.159 -0.243 -0.349 -0.477 -0.616 -0.755 -0.875 -0.960 -0.999 -0.984 -0.917 -0.810 -0.678 -0.537 -0.416 -0.551 -0.692 -0.823 -0.926 -0.987 
0.000 0.000 0.000 0.000 0.000 0.000 0.000 0.000 0.000 0.000 0.000 0.000 0.000 0.000 0.000 0.000 0.000 -0.113 -0.179 -0.268 -0.381 -0.512 -0.653 -0.788 -0.901 -0.975 -1.000 -0.971 -0.893 -0.778 -0.642 -0.501 -0.450 -0.588 -0.728 -0.853 -0.947 
0.000 0.000 0.000 0.000 0.000 0.000 0.000 0.000 0.000 0.000 0.000 0.000 0.000 0.000 0.000 0.000 0.000 0.000 -0.128 -0.200 -0.295 -0.414 -0.549 -0.689 -0.820 -0.925 -0.987 -0.998 -0.955 -0.866 -0.744 -0.605 -0.466 -0.485 -0.625 -0.762 -0.881 
0.000 0.000 0.000 0.000 0.000 0.000 0.000 0.000 0.000 0.000 0.000 0.000 0.000 0.000 0.000 0.000 0.000 0.000 0.000 -0.144 -0.222 -0.324 -0.447 -0.585 -0.725 -0.851 -0.945 -0.995 -0.991 -0.936 -0.837 -0.708 -0.568 -0.431 -0.521 -0.661 -0.796 
0.000 0.000 0.000 0.000 0.000 0.000 0.000 0.000 0.000 0.000 0.000 0.000 0.000 0.000 0.000 0.000 0.000 0.000 0.000 -0.101 -0.162 -0.246 -0.354 -0.482 -0.622 -0.760 -0.879 -0.963 -0.999 -0.982 -0.914 -0.805 -0.672 -0.532 -0.421 -0.557 -0.697 
0.000 0.000 0.000 0.000 0.000 0.000 0.000 0.000 0.000 0.000 0.000 0.000 0.000 0.000 0.000 0.000 0.000 0.000 0.000 0.000 -0.115 -0.182 -0.272 -0.386 -0.518 -0.659 -0.793 -0.905 -0.977 -1.000 -0.969 -0.889 -0.773 -0.636 -0.496 -0.455 -0.594 
0.000 0.000 0.000 0.000 0.000 0.000 0.000 0.000 0.000 0.000 0.000 0.000 0.000 0.000 0.000 0.000 0.000 0.000 0.000 0.000 0.000 -0.130 -0.203 -0.300 -0.419 -0.554 -0.695 -0.825 -0.928 -0.988 -0.997 -0.952 -0.862 -0.738 -0.599 -0.461 -0.490 
0.000 0.000 0.000 0.000 0.000 0.000 0.000 0.000 0.000 0.000 0.000 0.000 0.000 0.000 0.000 0.000 0.000 0.000 0.000 0.000 0.000 0.000 -0.147 -0.226 -0.329 -0.453 -0.591 -0.730 -0.855 -0.948 -0.996 -0.990 -0.933 -0.832 -0.703 -0.562 -0.426 
# 2 1 37 37
-0.410 -0.545 -0.686 -0.818 -0.924 -0.988 -1.000 -0.959 -0.871 -0.749 -0.611 -0.471 -0.344 -0.238 -0.156 0.000 0.000 0.000 0.000 0.000 0.000 0.000 0.000 0.000 0.000 0.000 0.000 0.000 0.000 0.000 0.000 0.000 0.000 0.000 0.000 0.000 0.000 
-0.545 -0.410 -0.545 -0.686 -0.818 -0.924 -0.988 -1.000 -0.959 -0.871 -0.749 -0.611 -0.471 -0.344 -0.238 -0.156 0.000 0.000 0.000 0.000 0.000 0.000 0.000 0.000 0.000 0.000 0.000 0.000 0.000 0.000 0.000 0.000 0.000 0.000 0.000 0.000 0.000 
-0.686 -0.545 -0.410 -0.545 -0.686 -0.818 -0.924 -0.988 -1.000 -0.959 -0.871 -0.749 -0.611 -0.471 -0.344 -0.238 -0.156 0.000 0.000 0.000 0.000 0.000 0.000 0.000 0.000 0.000 0.000 0.000 0.000 0.000 0.000 0.000 0.000 0.000 0.000 0.000 0.000 
-0.818 -0.686 -0.545 -0.410 -0.545 -0.686 -0.818 -0.924 -0.988 -1.000 -0.959 -0.871 -0.749 -0.611 -0.471 -0.344 -0.238 -0.156 0.000 0.000 0.000 0.000 0.000 0.000 0.000 0.000 0.000 0.000 0.000 0.000 0.000 0.000 0.000 0.000 0.000 0.000 0.000 
-0.924 -0.818 -0.686 -0.545 -0.410 -0.545 -0.686 -0.818 -0.924 -0.988 -1.000 -0.959 -0.871 -0.749 -0.611 -0.471 -0.344 -0.238 -0.156 0.000 0.000 0.000 0.000 0.000 0.000 0.000 0.000 0.000 0.000 0.000 0.000 0.000 0.000 0.000 0.000 0.000 0.000 
-0.988 -0.924 -0.818 -0.686 -0.545 -0.410 -0.545 -0.686 -0.818 -0.924 -0.988 -1.000 -0.959 -0.871 -0.749 -0.611 -0.471 -0.344 -0.238 -0.156 0.000 0.000 0.000 0.000 0.000 0.000 0.000 0.000 0.000 0.000 0.000 0.000 0.000 0.000 0.000 0.000 0.000 
-1.000 -0.988 -0.924 -0.818 -0.686 -0.545 -0.410 -0.545 -0.686 -0.818 -0.924 -0.988 -1.000 -0.959 -0.871 -0.749 -0.611 -0.471 -0.344 -0.238 -0.156 0.000 0.000 0.000 0.000 0.000 0.000 0.000 0.000 0.000 0.000 0.000 0.000 0.000 0.000 0.000 0.000 
-0.959 -1.000 -0.988 -0.924 -0.818 -0.686 -0.545 -0.410 -0.545 -0.686 -0.818 -0.924 -0.988 -1.000 -0.959 -0.871 -0.749 -0.611 -0.471 -0.344 -0.238 -0.156 0.000 0.000 0.000 0.000 0.000 0.000 0.000 0.000 0.000 0.000 0.000 0.000 0.000 0.000 0.000 
-0.871 -0.959 -1.000 -0.988 -0.924 -0.818 -0.686 -0.545 -0.410 -0.545 -0.686 -0.818 -0.924 -0.988 -1.000 -0.959 -0.871 -0.749 -0.611 -0.471 -0.344 -0.238 -0.156 0.000 0.000 0.000 0.000 0.000 0.000 0.000 0.000 0.000 0.000 0.000 0.000 0.000 0.000 
-0.749 -0.871 -0.959 -1.000 -0.988 -0.924 -0.818 -0.686 -0.545 -0.410 -0.545 -0.686 -0.818 -0.924 -0.988 -1.000 -0.959 -0.871 -0.749 -0.611 -0.471 -0.344 -0.238 -0.156 0.000 0.000 0.000 0.000 0.000 0.000 0.000 0.000 0.000 0.000 0.000 0.000 0.000 
-0.611 -0.749 -0.871 -0.959 -1.000 -0.988 -0.924 -0.818 -0.686 -0.545 -0.410 -0.545 -0.686 -0.818 -0.924 -0.988 -1.000 -0.959 -0.871 -0.749 -0.611 -0.471 -0.344 -0.238 -0.156 0.000 0.000 0.000 0.000 0.000 0.000 0.000 0.000 0.000 0.000 0.000 0.000 
-0.471 -0.611 -0.749 -0.871 -0.959 -1.000 -0.988 -0.924 -0.818 -0.686 -0.545 -0.410 -0.545 -0.686 -0.818 -0.924 -0.988 -1.000 -0.959 -0.871 -0.749 -0.611 -0.471 -0.344 -0.238 -0.156 0.000 0.000 0.000 0.000 0.000 0.000 0.000 0.000 0.000 0.000 0.000 
-0.344 -0.471 -0.611 -0.749 -0.871 -0.959 -1.000 -0.988 -0.924 -0.818 -0.686 -0.545 -0.410 -0.545 -0.686 -0.818 -0.924 -0.988 -1.000 -0.959 -0.871 -0.749 -0.611 -0.471 -0.344 -0.238 -0.156 0.000 0.000 0.000 0.000 0.000 0.000 0.000 0.000 0.000 0.000 
-0.238 -0.344 -0.471 -0.611 -0.749 -0.871 -0.959 -1.000 -0.988 -0.924 -0.818 -0.686 -0.545 -0.410 -0.545 -0.686 -0.818 -0.924 -0.988 -1.000 -0.959 -0.871 -0.749 -0.611 -0.471 -0.344 -0.238 -0.156 0.000 0.000 0.000 0.000 0.000 0.000 0.000 0.000 0.000 
-0.156 -0.238 -0.344 -0.471 -0.611 -0.749 -0.871 -0.959 -1.000 -0.988 -0.924 -0.818 -0.686 -0.545 -0.410 -0.545 -0.686 -0.818 -0.924 -0.988 -1.000 -0.959 -0.871 -0.749 -0.611 -0.471 -0.344 -0.238 -0.156 0.000 0.000 0.000 0.000 0.000 0.000 0.000 0.000 
0.000 -0.156 -0.238 -0.344 -0.471 -0.611 -0.749 -0.871 -0.959 -1.000 -0.988 -0.924 -0.818 -0.686 -0.545 -0.410 -0.545 -0.686 -0.818 -0.924 -0.988 -1.000 -0.959 -0.871 -0.749 -0.611 -0.471 -0.344 -0.238 -0.156 0.000 0.000 0.000 0.000 0.000 0.000 0.000 
0.000 0.000 -0.156 -0.238 -0.344 -0.471 -0.611 -0.749 -0.871 -0.959 -1.000 -0.988 -0.924 -0.818 -0.686 -0.545 -0.410 -0.545 -0.686 -0.818 -0.924 -0.988 -1.000 -0.959 -0.871 -0.749 -0.611 -0.471 -0.344 -0.238 -0.156 0.000 0.000 0.000 0.000 0.000 0.000 
0.000 0.000 0.000 -0.156 -0.238 -0.344 -0.471 -0.611 -0.749 -0.871 -0.959 -1.000 -0.988 -0.924 -0.818 -0.686 -0.545 -0.410 -0.545 -0.686 -0.818 -0.924 -0.988 -1.000 -0.959 -0.871 -0.749 -0.611 -0.471 -0.344 -0.238 -0.156 0.000 0.000 0.000 0.000 0.000 
0.000 0.000 0.000 0.000 -0.156 -0.238 -0.344 -0.471 -0.611 -0.749 -0.871 -0.959 -1.000 -0.988 -0.924 -0.818 -0.686 -0.545 -0.410 -0.545 -0.686 -0.818 -0.924 -0.988 -1.000 -0.959 -0.871 -0.749 -0.611 -0.471 -0.344 -0.238 -0.156 0.000 0.000 0.000 0.000 
0.000 0.000 0.000 0.000 0.000 -0.156 -0.238 -0.344 -0.471 -0.611 -0.749 -0.871 -0.959 -1.000 -0.988 -0.924 -0.818 -0.686 -0.545 -0.410 -0.545 -0.686 -0.818 -0.924 -0.988 -1.000 -0.959 -0.871 -0.749 -0.611 -0.471 -0.344 -0.238 -0.156 0.000 0.000 0.000 
0.000 0.000 0.000 0.000 0.000 0.000 -0.156 -0.238 -0.344 -0.471 -0.611 -0.749 -0.871 -0.959 -1.000 -0.988 -0.924 -0.818 -0.686 -0.545 -0.410 -0.545 -0.686 -0.818 -0.924 -0.988 -1.000 -0.959 -0.871 -0.749 -0.611 -0.471 -0.344 -0.238 -0.156 0.000 0.000 
0.000 0.000 0.000 0.000 0.000 0.000 0.000 -0.156 -0.238 -0.344 -0.471 -0.611 -0.749 -0.871 -0.959 -1.000 -0.988 -0.924 -0.818 -0.686 -0.545 -0.410 -0.545 -0.686 -0.818 -0.924 -0.988 -1.000 -0.959 -0.871 -0.749 -0.611 -0.471 -0.344 -0.238 -0.156 0.000 
0.000 0.000 0.000 0.000 0.000 0.000 0.000 0.000 -0.156 -0.238 -0.344 -0.471 -0.611 -0.749 -0.871 -0.959 -1.000 -0.988 -0.924 -0.818 -0.686 -0.545 -0.410 -0.545 -0.686 -0.818 -0.924 -0.988 -1.000 -0.959 -0.871 -0.749 -0.611 -0.471 -0.344 -0.238 -0.156 
0.000 0.000 0.000 0.000 0.000 0.000 0.000 0.000 0.000 -0.156 -0.238 -0.344 -0.471 -0.611 -0.749 -0.871 -0.959 -1.000 -0.988 -0.924 -0.818 -0.686 -0.545 -0.410 -0.545 -0.686 -0.818 -0.924 -0.988 -1.000 -0.959 -0.871 -0.749 -0.611 -0.471 -0.344 -0.238 
0.000 0.000 0.000 0.000 0.000 0.000 0.000 0.000 0.000 0.000 -0.156 -0.238 -0.344 -0.471 -0.611 -0.749 -0.871 -0.959 -1.000 -0.988 -0.924 -0.818 -0.686 -0.545 -0.410 -0.545 -0.686 -0.818 -0.924 -0.988 -1.000 -0.959 -0.871 -0.749 -0.611 -0.471 -0.344 
0.000 0.000 0.000 0.000 0.000 0.000 0.000 0.000 0.000 0.000 0.000 -0.156 -0.238 -0.344 -0.471 -0.611 -0.749 -0.871 -0.959 -1.000 -0.988 -0.924 -0.818 -0.686 -0.545 -0.410 -0.545 -0.686 -0.818 -0.924 -0.988 -1.000 -0.959 -0.871 -0.749 -0.611 -0.471 
0.000 0.000 0.000 0.000 0.000 0.000 0.000 0.000 0.000 0.000 0.000 0.000 -0.156 -0.238 -0.344 -0.471 -0.611 -0.749 -0.871 -0.959 -1.000 -0.988 -0.924 -0.818 -0.686 -0.545 -0.410 -0.545 -0.686 -0.818 -0.924 -0.988 -1.000 -0.959 -0.871 -0.749 -0.611 
0.000 0.000 0.000 0.000 0.000 0.000 0.000 0.000 0.000 0.000 0.000 0.000 0.000 -0.156 -0.238 -0.344 -0.471 -0.611 -0.749 -0.871 -0.959 -1.000 -0.988 -0.924 -0.818 -0.686 -0.545 -0.410 -0.545 -0.686 -0.818 -0.924 -0.988 -1.000 -0.959 -0.871 -0.749 
0.000 0.000 0.000 0.000 0.000 0.000 0.000 0.000 0.000 0.000 0.000 0.000 0.000 0.000 -0.156 -0.238 -0.344 -0.471 -0.611 -0.749 -0.871 -0.959 -1.000 -0.988 -0.924 -0.818 -0.686 -0.545 -0.410 -0.545 -0.686 -0.818 -0.924 -0.988 -1.000 -0.959 -0.871 
0.000 0.000 0.000 0.000 0.000 0.000 0.000 0.000 0.000 0.000 0.000 0.000 0.000 0.000 0.000 -0.156 -0.238 -0.344 -0.471 -0.611 -0.749 -0.871 -0.959 -1.000 -0.988 -0.924 -0.818 -0.686 -0.545 -0.410 -0.545 -0.686 -0.818 -0.924 -0.988 -1.000 -0.959 
0.000 0.000 0.000 0.000 0.000 0.000 0.000 0.000 0.000 0.000 0.000 0.000 0.000 0.000 0.000 0.000 -0.156 -0.238 -0.344 -0.471 -0.611 -0.749 -0.871 -0.959 -1.000 -0.988 -0.924 -0.818 -0.686 -0.545 -0.410 -0.545 -0.686 -0.818 -0.924 -0.988 -1.000 
0.000 0.000 0.000 0.000 0.000 0.000 0.000 0.000 0.000 0.000 0.000 0.000 0.000 0.000 0.000 0.000 0.000 -0.156 -0.238 -0.344 -0.471 -0.611 -0.749 -0.871 -0.959 -1.000 -0.988 -0.924 -0.818 -0.686 -0.545 -0.410 -0.545 -0.686 -0.818 -0.924 -0.988 
0.000 0.000 0.000 0.000 0.000 0.000 0.000 0.000 0.000 0.000 0.000 0.000 0.000 0.000 0.000 0.000 0.000 0.000 -0.156 -0.238 -0.344 -0.471 -0.611 -0.749 -0.871 -0.959 -1.000 -0.988 -0.924 -0.818 -0.686 -0.545 -0.410 -0.545 -0.686 -0.818 -0.924 
0.000 0.000 0.000 0.000 0.000 0.000 0.000 0.000 0.000 0.000 0.000 0.000 0.000 0.000 0.000 0.000 0.000 0.000 0.000 -0.156 -0.238 -0.344 -0.471 -0.611 -0.749 -0.871 -0.959 -1.000 -0.988 -0.924 -0.818 -0.686 -0.545 -0.410 -0.545 -0.686 -0.818 
0.000 0.000 0.000 0.000 0.000 0.000 0.000 0.000 0.000 0.000 0.000 0.000 0.000 0.000 0.000 0.000 0.000 0.000 0.000 0.000 -0.156 -0.238 -0.344 -0.471 -0.611 -0.749 -0.871 -0.959 -1.000 -0.988 -0.924 -0.818 -0.686 -0.545 -0.410 -0.545 -0.686 
0.000 0.000 0.000 0.000 0.000 0.000 0.000 0.000 0.000 0.000 0.000 0.000 0.000 0.000 0.000 0.000 0.000 0.000 0.000 0.000 0.000 -0.156 -0.238 -0.344 -0.471 -0.611 -0.749 -0.871 -0.959 -1.000 -0.988 -0.924 -0.818 -0.686 -0.545 -0.410 -0.545 
0.000 0.000 0.000 0.000 0.000 0.000 0.000 0.000 0.000 0.000 0.000 0.000 0.000 0.000 0.000 0.000 0.000 0.000 0.000 0.000 0.000 0.000 -0.156 -0.238 -0.344 -0.471 -0.611 -0.749 -0.871 -0.959 -1.000 -0.988 -0.924 -0.818 -0.686 -0.545 -0.410 
