3.542919
4
# 0 1 22 50
0.000 0.000 0.000 0.000 0.000 0.000 0.120 0.189 0.282 0.399 0.534 0.676 0.810 0.918 0.984 0.998 0.958 0.870 0.748 0.608 0.468 0.341 0.234 0.153 0.000 0.000 0.000 0.000 0.000 0.000 0.000 0.000 0.000 0.000 0.000 0.000 0.000 0.000 0.000 0.000 0.000 0.000 0.000 0.000 0.000 0.000 0.000 0.000 0.000 0.000 
0.000 0.000 0.000 0.000 0.000 0.000 0.000 0.000 0.104 0.168 0.254 0.365 0.496 0.637 0.775 0.892 0.971 1.000 0.975 0.899 0.784 0.647 0.505 0.373 0.261 0.173 0.108 0.000 0.000 0.000 0.000 0.000 0.000 0.000 0.000 0.000 0.000 0.000 0.000 0.000 0.000 0.000 0.000 0.000 0.000 0.000 0.000 0.000 0.000 0.000 
0.109 0.000 0.000 0.000 0.000 0.000 0.000 0.000 0.000 0.000 0.000 0.148 0.228 0.333 0.459 0.599 0.739 0.863 0.954 0.997 0.987 0.924 0.818 0.686 0.544 0.408 0.289 0.194 0.123 0.000 0.000 0.000 0.000 0.000 0.000 0.000 0.000 0.000 0.000 0.000 0.000 0.000 0.000 0.000 0.000 0.000 0.000 0.000 0.000 0.000 
0.292 0.196 0.125 0.000 0.000 0.000 0.000 0.000 0.000 0.000 0.000 0.000 0.000 0.130 0.204 0.302 0.423 0.560 0.701 0.832 0.933 0.991 0.995 0.946 0.850 0.723 0.582 0.443 0.320 0.218 0.141 0.000 0.000 0.000 0.000 0.000 0.000 0.000 0.000 0.000 0.000 0.000 0.000 0.000 0.000 0.000 0.000 0.000 0.000 0.000 
0.586 0.447 0.322 0.220 0.142 0.000 0.000 0.000 0.000 0.000 0.000 0.000 0.000 0.000 0.000 0.114 0.182 0.273 0.388 0.521 0.663 0.798 0.909 0.980 0.999 0.964 0.880 0.760 0.621 0.480 0.351 0.243 0.159 0.000 0.000 0.000 0.000 0.000 0.000 0.000 0.000 0.000 0.000 0.000 0.000 0.000 0.000 0.000 0.000 0.000 
0.883 0.763 0.624 0.483 0.354 0.245 0.161 0.000 0.000 0.000 0.000 0.000 0.000 0.000 0.000 0.000 0.000 0.000 0.161 0.245 0.354 0.483 0.624 0.763 0.883 0.966 1.000 0.979 0.907 0.796 0.660 0.518 0.385 0.270 0.180 0.113 0.000 0.000 0.000 0.000 0.000 0.000 0.000 0.000 0.000 0.000 0.000 0.000 0.000 0.000 
0.999 0.980 0.909 0.798 0.663 0.521 0.388 0.273 0.182 0.114 0.000 0.000 0.000 0.000 0.000 0.000 0.000 0.000 0.000 0.000 0.142 0.220 0.322 0.447 0.586 0.727 0.853 0.947 0.996 0.990 0.931 0.829 0.698 0.556 0.419 0.299 0.202 0.129 0.000 0.000 0.000 0.000 0.000 0.000 0.000 0.000 0.000 0.000 0.000 0.000 
0.850 0.946 0.995 0.991 0.933 0.832 0.701 0.560 0.423 0.302 0.204 0.130 0.000 0.000 0.000 0.000 0.000 0.000 0.000 0.000 0.000 0.000 0.125 0.196 0.292 0.411 0.547 0.689 0.821 0.926 0.988 0.997 0.952 0.861 0.736 0.595 0.456 0.330 0.226 0.147 0.000 0.000 0.000 0.000 0.000 0.000 0.000 0.000 0.000 0.000 
0.544 0.686 0.818 0.924 0.987 0.997 0.954 0.863 0.739 0.599 0.459 0.333 0.228 0.148 0.000 0.000 0.000 0.000 0.000 0.000 0.000 0.000 0.000 0.000 0.109 0.174 0.263 0.376 0.509 0.650 0.787 0.901 0.976 1.000 0.970 0.890 0.772 0.634 0.493 0.362 0.252 0.166 0.103 0.000 0.000 0.000 0.000 0.000 0.000 0.000 
0.261 0.373 0.505 0.647 0.784 0.899 0.975 1.000 0.971 0.892 0.775 0.637 0.496 0.365 0.254 0.168 0.104 0.000 0.000 0.000 0.000 0.000 0.000 0.000 0.000 0.000 0.000 0.154 0.237 0.343 0.471 0.611 0.751 0.873 0.960 0.999 0.983 0.916 0.807 0.673 0.531 0.396 0.280 0.187 0.118 0.000 0.000 0.000 0.000 0.000 
0.000 0.153 0.234 0.341 0.468 0.608 0.748 0.870 0.958 0.998 0.984 0.918 0.810 0.676 0.534 0.399 0.282 0.189 0.120 0.000 0.000 0.000 0.000 0.000 0.000 0.000 0.000 0.000 0.000 0.136 0.212 0.312 0.434 0.573 0.714 0.843 0.941 0.993 0.993 0.939 0.840 0.711 0.569 0.431 0.309 0.210 0.135 0.000 0.000 0.000 
0.000 0.000 0.000 0.135 0.210 0.309 0.431 0.569 0.711 0.840 0.939 0.993 0.993 0.941 0.843 0.714 0.573 0.434 0.312 0.212 0.136 0.000 0.000 0.000 0.000 0.000 0.000 0.000 0.000 0.000 0.000 0.120 0.189 0.282 0.399 0.534 0.676 0.810 0.918 0.984 0.998 0.958 0.870 0.748 0.608 0.468 0.341 0.234 0.153 0.000 
0.000 0.000 0.000 0.000 0.000 0.118 0.187 0.280 0.396 0.531 0.673 0.807 0.916 0.983 0.999 0.960 0.873 0.751 0.611 0.471 0.343 0.237 0.154 0.000 0.000 0.000 0.000 0.000 0.000 0.000 0.000 0.000 0.000 0.104 0.168 0.254 0.365 0.496 0.637 0.775 0.892 0.971 1.000 0.975 0.899 0.784 0.647 0.505 0.373 0.261 
0.000 0.000 0.000 0.000 0.000 0.000 0.000 0.103 0.166 0.252 0.362 0.493 0.634 0.772 0.890 0.970 1.000 0.976 0.901 0.787 0.650 0.509 0.376 0.263 0.174 0.109 0.000 0.000 0.000 0.000 0.000 0.000 0.000 0.000 0.000 0.000 0.148 0.228 0.333 0.459 0.599 0.739 0.863 0.954 0.997 0.987 0.924 0.818 0.686 0.544 
0.000 0.000 0.000 0.000 0.000 0.000 0.000 0.000 0.000 0.000 0.147 0.226 0.330 0.456 0.595 0.736 0.861 0.952 0.997 0.988 0.926 0.821 0.689 0.547 0.411 0.292 0.196 0.125 0.000 0.000 0.000 0.000 0.000 0.000 0.000 0.000 0.000 0.000 0.130 0.204 0.302 0.423 0.560 0.701 0.832 0.933 0.991 0.995 0.946 0.850 
0.000 0.000 0.000 0.000 0.000 0.000 0.000 0.000 0.000 0.000 0.000 0.000 0.129 0.202 0.299 0.419 0.556 0.698 0.829 0.931 0.990 0.996 0.947 0.853 0.727 0.586 0.447 0.322 0.220 0.142 0.000 0.000 0.000 0.000 0.000 0.000 0.000 0.000 0.000 0.000 0.114 0.182 0.273 0.388 0.521 0.663 0.798 0.909 0.980 0.999 
0.000 0.000 0.000 0.000 0.000 0.000 0.000 0.000 0.000 0.000 0.000 0.000 0.000 0.000 0.113 0.180 0.270 0.385 0.518 0.660 0.796 0.907 0.979 1.000 0.966 0.883 0.763 0.624 0.483 0.354 0.245 0.161 0.000 0.000 0.000 0.000 0.000 0.000 0.000 0.000 0.000 0.000 0.000 0.161 0.245 0.354 0.483 0.624 0.763 0.883 
0.000 0.000 0.000 0.000 0.000 0.000 0.000 0.000 0.000 0.000 0.000 0.000 0.000 0.000 0.000 0.000 0.000 0.159 0.243 0.351 0.480 0.621 0.760 0.880 0.964 0.999 0.980 0.909 0.798 0.663 0.521 0.388 0.273 0.182 0.114 0.000 0.000 0.000 0.000 0.000 0.000 0.000 0.000 0.000 0.000 0.142 0.220 0.322 0.447 0.586 
0.000 0.000 0.000 0.000 0.000 0.000 0.000 0.000 0.000 0.000 0.000 0.000 0.000 0.000 0.000 0.000 0.000 0.000 0.000 0.141 0.218 0.320 0.443 0.582 0.723 0.850 0.946 0.995 0.991 0.933 0.832 0.701 0.560 0.423 0.302 0.204 0.130 0.000 0.000 0.000 0.000 0.000 0.000 0.000 0.000 0.000 0.000 0.125 0.196 0.292 
0.000 0.000 0.000 0.000 0.000 0.000 0.000 0.000 0.000 0.000 0.000 0.000 0.000 0.000 0.000 0.000 0.000 0.000 0.000 0.000 0.000 0.123 0.194 0.289 0.408 0.544 0.686 0.818 0.924 0.987 0.997 0.954 0.863 0.739 0.599 0.459 0.333 0.228 0.148 0.000 0.000 0.000 0.000 0.000 0.000 0.000 0.000 0.000 0.000 0.109 
0.000 0.000 0.000 0.000 0.000 0.000 0.000 0.000 0.000 0.000 0.000 0.000 0.000 0.000 0.000 0.000 0.000 0.000 0.000 0.000 0.000 0.000 0.000 0.108 0.173 0.261 0.373 0.505 0.647 0.784 0.899 0.975 1.000 0.971 0.892 0.775 0.637 0.496 0.365 0.254 0.168 0.104 0.000 0.000 0.000 0.000 0.000 0.000 0.000 0.000 
0.000 0.000 0.000 0.000 0.000 0.000 0.000 0.000 0.000 0.000 0.000 0.000 0.000 0.000 0.000 0.000 0.000 0.000 0.000 0.000 0.000 0.000 0.000 0.000 0.000 0.000 0.153 0.234 0.341 0.468 0.608 0.748 0.870 0.958 0.998 0.984 0.918 0.810 0.676 0.534 0.399 0.282 0.189 0.120 0.000 0.000 0.000 0.000 0.000 0.000 
# 0 2 20 50
0.000 0.000 0.000 0.000 0.000 0.000 0.113 0.180 0.270 0.385 0.518 0.660 0.796 0.908 0.979 1.000 0.966 0.883 0.763 0.625 0.484 0.354 0.245 0.161 0.000 0.000 0.000 0.000 0.000 0.000 0.000 0.000 0.000 0.000 0.000 0.000 0.000 0.000 0.000 0.000 0.000 0.000 0.000 0.000 0.000 0.000 0.000 0.000 0.000 0.000 
0.000 0.000 0.000 0.000 0.000 0.000 0.000 0.000 0.000 0.144 0.222 0.325 0.450 0.589 0.730 0.856 0.949 0.997 0.990 0.930 0.827 0.695 0.553 0.417 0.297 0.200 0.128 0.000 0.000 0.000 0.000 0.000 0.000 0.000 0.000 0.000 0.000 0.000 0.000 0.000 0.000 0.000 0.000 0.000 0.000 0.000 0.000 0.000 0.000 0.000 
0.144 0.000 0.000 0.000 0.000 0.000 0.000 0.000 0.000 0.000 0.000 0.113 0.180 0.270 0.385 0.518 0.660 0.796 0.908 0.979 1.000 0.966 0.883 0.763 0.625 0.484 0.354 0.245 0.161 0.000 0.000 0.000 0.000 0.000 0.000 0.000 0.000 0.000 0.000 0.000 0.000 0.000 0.000 0.000 0.000 0.000 0.000 0.000 0.000 0.000 
0.385 0.270 0.180 0.113 0.000 0.000 0.000 0.000 0.000 0.000 0.000 0.000 0.000 0.000 0.144 0.222 0.325 0.450 0.589 0.730 0.856 0.949 0.997 0.990 0.930 0.827 0.695 0.553 0.417 0.297 0.200 0.128 0.000 0.000 0.000 0.000 0.000 0.000 0.000 0.000 0.000 0.000 0.000 0.000 0.000 0.000 0.000 0.000 0.000 0.000 
0.730 0.589 0.450 0.325 0.222 0.144 0.000 0.000 0.000 0.000 0.000 0.000 0.000 0.000 0.000 0.000 0.113 0.180 0.270 0.385 0.518 0.660 0.796 0.908 0.979 1.000 0.966 0.883 0.763 0.625 0.484 0.354 0.245 0.161 0.000 0.000 0.000 0.000 0.000 0.000 0.000 0.000 0.000 0.000 0.000 0.000 0.000 0.000 0.000 0.000 
0.979 0.908 0.796 0.660 0.518 0.385 0.270 0.180 0.113 0.000 0.000 0.000 0.000 0.000 0.000 0.000 0.000 0.000 0.000 0.144 0.222 0.325 0.450 0.589 0.730 0.856 0.949 0.997 0.990 0.930 0.827 0.695 0.553 0.417 0.297 0.200 0.128 0.000 0.000 0.000 0.000 0.000 0.000 0.000 0.000 0.000 0.000 0.000 0.000 0.000 
0.930 0.990 0.997 0.949 0.856 0.730 0.589 0.450 0.325 0.222 0.144 0.000 0.000 0.000 0.000 0.000 0.000 0.000 0.000 0.000 0.000 0.113 0.180 0.270 0.385 0.518 0.660 0.796 0.908 0.979 1.000 0.966 0.883 0.763 0.625 0.484 0.354 0.245 0.161 0.000 0.000 0.000 0.000 0.000 0.000 0.000 0.000 0.000 0.000 0.000 
0.625 0.763 0.883 0.966 1.000 0.979 0.908 0.796 0.660 0.518 0.385 0.270 0.180 0.113 0.000 0.000 0.000 0.000 0.000 0.000 0.000 0.000 0.000 0.000 0.144 0.222 0.325 0.450 0.589 0.730 0.856 0.949 0.997 0.990 0.930 0.827 0.695 0.553 0.417 0.297 0.200 0.128 0.000 0.000 0.000 0.000 0.000 0.000 0.000 0.000 
0.297 0.417 0.553 0.695 0.827 0.930 0.990 0.997 0.949 0.856 0.730 0.589 0.450 0.325 0.222 0.144 0.000 0.000 0.000 0.000 0.000 0.000 0.000 0.000 0.000 0.000 0.113 0.180 0.270 0.385 0.518 0.660 0.796 0.908 0.979 1.000 0.966 0.883 0.763 0.625 0.484 0.354 0.245 0.161 0.000 0.000 0.000 0.000 0.000 0.000 
0.000 0.161 0.245 0.354 0.484 0.625 0.763 0.883 0.966 1.000 0.979 0.908 0.796 0.660 0.518 0.385 0.270 0.180 0.113 0.000 0.000 0.000 0.000 0.000 0.000 0.000 0.000 0.000 0.000 0.144 0.222 0.325 0.450 0.589 0.730 0.856 0.949 0.997 0.990 0.930 0.827 0.695 0.553 0.417 0.297 0.200 0.128 0.000 0.000 0.000 
0.000 0.000 0.000 0.128 0.200 0.297 0.417 0.553 0.695 0.827 0.930 0.990 0.997 0.949 0.856 0.730 0.589 0.450 0.325 0.222 0.144 0.000 0.000 0.000 0.000 0.000 0.000 0.000 0.000 0.000 0.000 0.113 0.180 0.270 0.385 0.518 0.660 0.796 0.908 0.979 1.000 0.966 0.883 0.763 0.625 0.484 0.354 0.245 0.161 0.000 
0.000 0.000 0.000 0.000 0.000 0.000 0.161 0.245 0.354 0.484 0.625 0.763 0.883 0.966 1.000 0.979 0.908 0.796 0.660 0.518 0.385 0.270 0.180 0.113 0.000 0.000 0.000 0.000 0.000 0.000 0.000 0.000 0.000 0.000 0.144 0.222 0.325 0.450 0.589 0.730 0.856 0.949 0.997 0.990 0.930 0.827 0.695 0.553 0.417 0.297 
0.000 0.000 0.000 0.000 0.000 0.000 0.000 0.000 0.128 0.200 0.297 0.417 0.553 0.695 0.827 0.930 0.990 0.997 0.949 0.856 0.730 0.589 0.450 0.325 0.222 0.144 0.000 0.000 0.000 0.000 0.000 0.000 0.000 0.000 0.000 0.000 0.113 0.180 0.270 0.385 0.518 0.660 0.796 0.908 0.979 1.000 0.966 0.883 0.763 0.625 
0.000 0.000 0.000 0.000 0.000 0.000 0.000 0.000 0.000 0.000 0.000 0.161 0.245 0.354 0.484 0.625 0.763 0.883 0.966 1.000 0.979 0.908 0.796 0.660 0.518 0.385 0.270 0.180 0.113 0.000 0.000 0.000 0.000 0.000 0.000 0.000 0.000 0.000 0.000 0.144 0.222 0.325 0.450 0.589 0.730 0.856 0.949 0.997 0.990 0.930 
0.000 0.000 0.000 0.000 0.000 0.000 0.000 0.000 0.000 0.000 0.000 0.000 0.000 0.128 0.200 0.297 0.417 0.553 0.695 0.827 0.930 0.990 0.997 0.949 0.856 0.730 0.589 0.450 0.325 0.222 0.144 0.000 0.000 0.000 0.000 0.000 0.000 0.000 0.000 0.000 0.000 0.113 0.180 0.270 0.385 0.518 0.660 0.796 0.908 0.979 
0.000 0.000 0.000 0.000 0.000 0.000 0.000 0.000 0.000 0.000 0.000 0.000 0.000 0.000 0.000 0.000 0.161 0.245 0.354 0.484 0.625 0.763 0.883 0.966 1.000 0.979 0.908 0.796 0.660 0.518 0.385 0.270 0.180 0.113 0.000 0.000 0.000 0.000 0.000 0.000 0.000 0.000 0.000 0.000 0.144 0.222 0.325 0.450 0.589 0.730 
0.000 0.000 0.000 0.000 0.000 0.000 0.000 0.000 0.000 0.000 0.000 0.000 0.000 0.000 0.000 0.000 0.000 0.000 0.128 0.200 0.297 0.417 0.553 0.695 0.827 0.930 0.990 0.997 0.949 0.856 0.730 0.589 0.450 0.325 0.222 0.144 0.000 0.000 0.000 0.000 0.000 0.000 0.000 0.000 0.000 0.000 0.113 0.180 0.270 0.385 
0.000 0.000 0.000 0.000 0.000 0.000 0.000 0.000 0.000 0.000 0.000 0.000 0.000 0.000 0.000 0.000 0.000 0.000 0.000 0.000 0.000 0.161 0.245 0.354 0.484 0.625 0.763 0.883 0.966 1.000 0.979 0.908 0.796 0.660 0.518 0.385 0.270 0.180 0.113 0.000 0.000 0.000 0.000 0.000 0.000 0.000 0.000 0.000 0.000 0.144 
0.000 0.000 0.000 0.000 0.000 0.000 0.000 0.000 0.000 0.000 0.000 0.000 0.000 0.000 0.000 0.000 0.000 0.000 0.000 0.000 0.000 0.000 0.000 0.128 0.200 0.297 0.417 0.553 0.695 0.827 0.930 0.990 0.997 0.949 0.856 0.730 0.589 0.450 0.325 0.222 0.144 0.000 0.000 0.000 0.000 0.000 0.000 0.000 0.000 0.000 
0.000 0.000 0.000 0.000 0.000 0.000 0.000 0.000 0.000 0.000 0.000 0.000 0.000 0.000 0.000 0.000 0.000 0.000 0.000 0.000 0.000 0.000 0.000 0.000 0.000 0.000 0.161 0.245 0.354 0.484 0.625 0.763 0.883 0.966 1.000 0.979 0.908 0.796 0.660 0.518 0.385 0.270 0.180 0.113 0.000 0.000 0.000 0.000 0.000 0.000 
# 0 3 10 50
0.000 0.000 0.000 0.000 0.000 0.000 0.000 0.000 0.161 0.245 0.354 0.484 0.625 0.764 0.883 0.966 1.000 0.979 0.908 0.796 0.660 0.518 0.385 0.270 0.180 0.113 0.000 0.000 0.000 0.000 0.000 0.000 0.000 0.000 0.000 0.000 0.000 0.000 0.000 0.000 0.000 0.000 0.000 0.000 0.000 0.000 0.000 0.000 0.000 0.000 
0.245 0.161 0.000 0.000 0.000 0.000 0.000 0.000 0.000 0.000 0.000 0.000 0.000 0.161 0.245 0.354 0.484 0.625 0.764 0.883 0.966 1.000 0.979 0.908 0.796 0.660 0.518 0.385 0.270 0.180 0.113 0.000 0.000 0.000 0.000 0.000 0.000 0.000 0.000 0.000 0.000 0.000 0.000 0.000 0.000 0.000 0.000 0.000 0.000 0.000 
0.883 0.764 0.625 0.484 0.354 0.245 0.161 0.000 0.000 0.000 0.000 0.000 0.000 0.000 0.000 0.000 0.000 0.000 0.161 0.245 0.354 0.484 0.625 0.764 0.883 0.966 1.000 0.979 0.908 0.796 0.660 0.518 0.385 0.270 0.180 0.113 0.000 0.000 0.000 0.000 0.000 0.000 0.000 0.000 0.000 0.000 0.000 0.000 0.000 0.000 
0.796 0.908 0.979 1.000 0.966 0.883 0.764 0.625 0.484 0.354 0.245 0.161 0.000 0.000 0.000 0.000 0.000 0.000 0.000 0.000 0.000 0.000 0.000 0.161 0.245 0.354 0.484 0.625 0.764 0.883 0.966 1.000 0.979 0.908 0.796 0.660 0.518 0.385 0.270 0.180 0.113 0.000 0.000 0.000 0.000 0.000 0.000 0.000 0.000 0.000 
0.180 0.270 0.385 0.518 0.660 0.796 0.908 0.979 1.000 0.966 0.883 0.764 0.625 0.484 0.354 0.245 0.161 0.000 0.000 0.000 0.000 0.000 0.000 0.000 0.000 0.000 0.000 0.000 0.161 0.245 0.354 0.484 0.625 0.764 0.883 0.966 1.000 0.979 0.908 0.796 0.660 0.518 0.385 0.270 0.180 0.113 0.000 0.000 0.000 0.000 
0.000 0.000 0.000 0.000 0.113 0.180 0.270 0.385 0.518 0.660 0.796 0.908 0.979 1.000 0.966 0.883 0.764 0.625 0.484 0.354 0.245 0.161 0.000 0.000 0.000 0.000 0.000 0.000 0.000 0.000 0.000 0.000 0.000 0.161 0.245 0.354 0.484 0.625 0.764 0.883 0.966 1.000 0.979 0.908 0.796 0.660 0.518 0.385 0.270 0.180 
0.000 0.000 0.000 0.000 0.000 0.000 0.000 0.000 0.000 0.113 0.180 0.270 0.385 0.518 0.660 0.796 0.908 0.979 1.000 0.966 0.883 0.764 0.625 0.484 0.354 0.245 0.161 0.000 0.000 0.000 0.000 0.000 0.000 0.000 0.000 0.000 0.000 0.000 0.161 0.245 0.354 0.484 0.625 0.764 0.883 0.966 1.000 0.979 0.908 0.796 
0.000 0.000 0.000 0.000 0.000 0.000 0.000 0.000 0.000 0.000 0.000 0.000 0.000 0.000 0.113 0.180 0.270 0.385 0.518 0.660 0.796 0.908 0.979 1.000 0.966 0.883 0.764 0.625 0.484 0.354 0.245 0.161 0.000 0.000 0.000 0.000 0.000 0.000 0.000 0.000 0.000 0.000 0.000 0.161 0.245 0.354 0.484 0.625 0.764 0.883 
0.000 0.000 0.000 0.000 0.000 0.000 0.000 0.000 0.000 0.000 0.000 0.000 0.000 0.000 0.000 0.000 0.000 0.000 0.000 0.113 0.180 0.270 0.385 0.518 0.660 0.796 0.908 0.979 1.000 0.966 0.883 0.764 0.625 0.484 0.354 0.245 0.161 0.000 0.000 0.000 0.000 0.000 0.000 0.000 0.000 0.000 0.000 0.000 0.161 0.245 
0.000 0.000 0.000 0.000 0.000 0.000 0.000 0.000 0.000 0.000 0.000 0.000 0.000 0.000 0.000 0.000 0.000 0.000 0.000 0.000 0.000 0.000 0.000 0.000 0.113 0.180 0.270 0.385 0.518 0.660 0.796 0.908 0.979 1.000 0.966 0.883 0.764 0.625 0.484 0.354 0.245 0.161 0.000 0.000 0.000 0.000 0.000 0.000 0.000 0.000 
# 1 0 50 22
-0.909 -0.998 -0.953 -0.791 -0.571 -0.358 -0.195 0.000 0.000 0.000 0.000 0.000 0.000 0.000 0.000 0.000 0.000 0.000 0.000 0.000 0.000 0.000 
-0.890 -0.974 -0.989 -0.873 -0.670 -0.447 -0.259 -0.131 0.000 0.000 0.000 0.000 0.000 0.000 0.000 0.000 0.000 0.000 0.000 0.000 0.000 0.000 
-0.951 -0.926 -1.000 -0.939 -0.766 -0.544 -0.335 -0.180 0.000 0.000 0.000 0.000 0.000 0.000 0.000 0.000 0.000 0.000 0.000 0.000 0.000 0.000 
-0.988 -0.870 -0.983 -0.982 -0.852 -0.643 -0.422 -0.241 -0.119 0.000 0.000 0.000 0.000 0.000 0.000 0.000 0.000 0.000 0.000 0.000 0.000 0.000 
-1.000 -0.936 -0.941 -1.000 -0.923 -0.741 -0.517 -0.313 -0.165 0.000 0.000 0.000 0.000 0.000 0.000 0.000 0.000 0.000 0.000 0.000 0.000 0.000 
-0.985 -0.981 -0.877 -0.991 -0.973 -0.830 -0.616 -0.397 -0.223 -0.109 0.000 0.000 0.000 0.000 0.000 0.000 0.000 0.000 0.000 0.000 0.000 0.000 
-0.944 -0.999 -0.920 -0.955 -0.997 -0.905 -0.715 -0.490 -0.292 -0.152 0.000 0.000 0.000 0.000 0.000 0.000 0.000 0.000 0.000 0.000 0.000 0.000 
-0.880 -0.991 -0.971 -0.897 -0.996 -0.961 -0.807 -0.589 -0.374 -0.206 0.000 0.000 0.000 0.000 0.000 0.000 0.000 0.000 0.000 0.000 0.000 0.000 
-0.799 -0.957 -0.997 -0.903 -0.967 -0.993 -0.887 -0.688 -0.464 -0.272 -0.139 0.000 0.000 0.000 0.000 0.000 0.000 0.000 0.000 0.000 0.000 0.000 
-0.706 -0.899 -0.996 -0.959 -0.915 -0.999 -0.948 -0.783 -0.562 -0.350 -0.190 0.000 0.000 0.000 0.000 0.000 0.000 0.000 0.000 0.000 0.000 0.000 
-0.607 -0.822 -0.969 -0.992 -0.884 -0.978 -0.987 -0.866 -0.661 -0.439 -0.253 -0.127 0.000 0.000 0.000 0.000 0.000 0.000 0.000 0.000 0.000 0.000 
-0.508 -0.732 -0.917 -0.999 -0.946 -0.931 -1.000 -0.934 -0.758 -0.535 -0.328 -0.175 0.000 0.000 0.000 0.000 0.000 0.000 0.000 0.000 0.000 0.000 
-0.414 -0.634 -0.845 -0.979 -0.986 -0.863 -0.986 -0.979 -0.845 -0.634 -0.414 -0.235 -0.116 0.000 0.000 0.000 0.000 0.000 0.000 0.000 0.000 0.000 
-0.328 -0.535 -0.758 -0.934 -1.000 -0.931 -0.946 -0.999 -0.917 -0.732 -0.508 -0.306 -0.161 0.000 0.000 0.000 0.000 0.000 0.000 0.000 0.000 0.000 
-0.253 -0.439 -0.661 -0.866 -0.987 -0.978 -0.884 -0.992 -0.969 -0.822 -0.607 -0.389 -0.217 -0.105 0.000 0.000 0.000 0.000 0.000 0.000 0.000 0.000 
-0.190 -0.350 -0.562 -0.783 -0.948 -0.999 -0.915 -0.959 -0.996 -0.899 -0.706 -0.482 -0.286 -0.147 0.000 0.000 0.000 0.000 0.000 0.000 0.000 0.000 
-0.139 -0.272 -0.464 -0.688 -0.887 -0.993 -0.967 -0.903 -0.997 -0.957 -0.799 -0.580 -0.366 -0.201 0.000 0.000 0.000 0.000 0.000 0.000 0.000 0.000 
0.000 -0.206 -0.374 -0.589 -0.807 -0.961 -0.996 -0.897 -0.971 -0.991 -0.880 -0.679 -0.456 -0.266 -0.135 0.000 0.000 0.000 0.000 0.000 0.000 0.000 
0.000 -0.152 -0.292 -0.490 -0.715 -0.905 -0.997 -0.955 -0.920 -0.999 -0.944 -0.774 -0.553 -0.343 -0.185 0.000 0.000 0.000 0.000 0.000 0.000 0.000 
0.000 -0.109 -0.223 -0.397 -0.616 -0.830 -0.973 -0.991 -0.877 -0.981 -0.985 -0.859 -0.652 -0.430 -0.247 -0.123 0.000 0.000 0.000 0.000 0.000 0.000 
0.000 0.000 -0.165 -0.313 -0.517 -0.741 -0.923 -1.000 -0.941 -0.936 -1.000 -0.928 -0.749 -0.526 -0.321 -0.170 0.000 0.000 0.000 0.000 0.000 0.000 
0.000 0.000 -0.119 -0.241 -0.422 -0.643 -0.852 -0.982 -0.983 -0.870 -0.988 -0.976 -0.838 -0.625 -0.406 -0.229 -0.112 0.000 0.000 0.000 0.000 0.000 
0.000 0.000 0.000 -0.180 -0.335 -0.544 -0.766 -0.939 -1.000 -0.926 -0.951 -0.998 -0.911 -0.723 -0.499 -0.299 -0.156 0.000 0.000 0.000 0.000 0.000 
0.000 0.000 0.000 -0.131 -0.259 -0.447 -0.670 -0.873 -0.989 -0.974 -0.890 -0.994 -0.965 -0.815 -0.598 -0.381 -0.212 -0.102 0.000 0.000 0.000 0.000 
0.000 0.000 0.000 0.000 -0.195 -0.358 -0.571 -0.791 -0.953 -0.998 -0.909 -0.964 -0.995 -0.893 -0.697 -0.473 -0.279 -0.143 0.000 0.000 0.000 0.000 
0.000 0.000 0.000 0.000 -0.143 -0.279 -0.473 -0.697 -0.893 -0.995 -0.964 -0.909 -0.998 -0.953 -0.791 -0.571 -0.358 -0.195 0.000 0.000 0.000 0.000 
0.000 0.000 0.000 0.000 -0.102 -0.212 -0.381 -0.598 -0.815 -0.965 -0.994 -0.890 -0.974 -0.989 -0.873 -0.670 -0.447 -0.259 -0.131 0.000 0.000 0.000 
0.000 0.000 0.000 0.000 0.000 -0.156 -0.299 -0.499 -0.723 -0.911 -0.998 -0.951 -0.926 -1.000 -0.939 -0.766 -0.544 -0.335 -0.180 0.000 0.000 0.000 
0.000 0.000 0.000 0.000 0.000 -0.112 -0.229 -0.406 -0.625 -0.838 -0.976 -0.988 -0.870 -0.983 -0.982 -0.852 -0.643 -0.422 -0.241 -0.119 0.000 0.000 
0.000 0.000 0.000 0.000 0.000 0.000 -0.170 -0.321 -0.526 -0.749 -0.928 -1.000 -0.936 -0.941 -1.000 -0.923 -0.741 -0.517 -0.313 -0.165 0.000 0.000 
0.000 0.000 0.000 0.000 0.000 0.000 -0.123 -0.247 -0.430 -0.652 -0.859 -0.985 -0.981 -0.877 -0.991 -0.973 -0.830 -0.616 -0.397 -0.223 -0.109 0.000 
0.000 0.000 0.000 0.000 0.000 0.000 0.000 -0.185 -0.343 -0.553 -0.774 -0.944 -0.999 -0.920 -0.955 -0.997 -0.905 -0.715 -0.490 -0.292 -0.152 0.000 
0.000 0.000 0.000 0.000 0.000 0.000 0.000 -0.135 -0.266 -0.456 -0.679 -0.880 -0.991 -0.971 -0.897 -0.996 -0.961 -0.807 -0.589 -0.374 -0.206 0.000 
0.000 0.000 0.000 0.000 0.000 0.000 0.000 0.000 -0.201 -0.366 -0.580 -0.799 -0.957 -0.997 -0.903 -0.967 -0.993 -0.887 -0.688 -0.464 -0.272 -0.139 
0.000 0.000 0.000 0.000 0.000 0.000 0.000 0.000 -0.147 -0.286 -0.482 -0.706 -0.899 -0.996 -0.959 -0.915 -0.999 -0.948 -0.783 -0.562 -0.350 -0.190 
0.000 0.000 0.000 0.000 0.000 0.000 0.000 0.000 -0.105 -0.217 -0.389 -0.607 -0.822 -0.969 -0.992 -0.884 -0.978 -0.987 -0.866 -0.661 -0.439 -0.253 
0.000 0.000 0.000 0.000 0.000 0.000 0.000 0.000 0.000 -0.161 -0.306 -0.508 -0.732 -0.917 -0.999 -0.946 -0.931 -1.000 -0.934 -0.758 -0.535 -0.328 
0.000 0.000 0.000 0.000 0.000 0.000 0.000 0.000 0.000 -0.116 -0.235 -0.414 -0.634 -0.845 -0.979 -0.986 -0.863 -0.986 -0.979 -0.845 -0.634 -0.414 
0.000 0.000 0.000 0.000 0.000 0.000 0.000 0.000 0.000 0.000 -0.175 -0.328 -0.535 -0.758 -0.934 -1.000 -0.931 -0.946 -0.999 -0.917 -0.732 -0.508 
0.000 0.000 0.000 0.000 0.000 0.000 0.000 0.000 0.000 0.000 -0.127 -0.253 -0.439 -0.661 -0.866 -0.987 -0.978 -0.884 -0.992 -0.969 -0.822 -0.607 
0.000 0.000 0.000 0.000 0.000 0.000 0.000 0.000 0.000 0.000 0.000 -0.190 -0.350 -0.562 -0.783 -0.948 -0.999 -0.915 -0.959 -0.996 -0.899 -0.706 
0.000 0.000 0.000 0.000 0.000 0.000 0.000 0.000 0.000 0.000 0.000 -0.139 -0.272 -0.464 -0.688 -0.887 -0.993 -0.967 -0.903 -0.997 -0.957 -0.799 
0.000 0.000 0.000 0.000 0.000 0.000 0.000 0.000 0.000 0.000 0.000 0.000 -0.206 -0.374 -0.589 -0.807 -0.961 -0.996 -0.897 -0.971 -0.991 -0.880 
0.000 0.000 0.000 0.000 0.000 0.000 0.000 0.000 0.000 0.000 0.000 0.000 -0.152 -0.292 -0.490 -0.715 -0.905 -0.997 -0.955 -0.920 -0.999 -0.944 
0.000 0.000 0.000 0.000 0.000 0.000 0.000 0.000 0.000 0.000 0.000 0.000 -0.109 -0.223 -0.397 -0.616 -0.830 -0.973 -0.991 -0.877 -0.981 -0.985 
0.000 0.000 0.000 0.000 0.000 0.000 0.000 0.000 0.000 0.000 0.000 0.000 0.000 -0.165 -0.313 -0.517 -0.741 -0.923 -1.000 -0.941 -0.936 -1.000 
0.000 0.000 0.000 0.000 0.000 0.000 0.000 0.000 0.000 0.000 0.000 0.000 0.000 -0.119 -0.241 -0.422 -0.643 -0.852 -0.982 -0.983 -0.870 -0.988 
0.000 0.000 0.000 0.000 0.000 0.000 0.000 0.000 0.000 0.000 0.000 0.000 0.000 0.000 -0.180 -0.335 -0.544 -0.766 -0.939 -1.000 -0.926 -0.951 
0.000 0.000 0.000 0.000 0.000 0.000 0.000 0.000 0.000 0.000 0.000 0.000 0.000 0.000 -0.131 -0.259 -0.447 -0.670 -0.873 -0.989 -0.974 -0.890 
0.000 0.000 0.000 0.000 0.000 0.000 0.000 0.000 0.000 0.000 0.000 0.000 0.000 0.000 0.000 -0.195 -0.358 -0.571 -0.791 -0.953 -0.998 -0.909 
# 1 2 20 22
-0.872 -0.983 -0.983 -0.854 -0.645 -0.424 -0.242 -0.120 0.000 0.000 0.000 0.000 0.000 0.000 0.000 0.000 0.000 0.000 0.000 0.000 0.000 0.000 
-0.994 -0.889 -0.975 -0.989 -0.872 -0.668 -0.445 -0.258 -0.130 0.000 0.000 0.000 0.000 0.000 0.000 0.000 0.000 0.000 0.000 0.000 0.000 0.000 
-0.956 -0.997 -0.904 -0.966 -0.994 -0.888 -0.690 -0.466 -0.274 -0.140 0.000 0.000 0.000 0.000 0.000 0.000 0.000 0.000 0.000 0.000 0.000 0.000 
-0.777 -0.945 -0.999 -0.919 -0.956 -0.997 -0.904 -0.712 -0.488 -0.291 -0.151 0.000 0.000 0.000 0.000 0.000 0.000 0.000 0.000 0.000 0.000 0.000 
-0.532 -0.756 -0.932 -1.000 -0.933 -0.945 -0.999 -0.919 -0.734 -0.510 -0.308 -0.162 0.000 0.000 0.000 0.000 0.000 0.000 0.000 0.000 0.000 0.000 
-0.308 -0.510 -0.734 -0.919 -0.999 -0.945 -0.933 -1.000 -0.932 -0.756 -0.532 -0.326 -0.174 0.000 0.000 0.000 0.000 0.000 0.000 0.000 0.000 0.000 
-0.151 -0.291 -0.488 -0.712 -0.904 -0.997 -0.956 -0.919 -0.999 -0.945 -0.777 -0.555 -0.345 -0.186 0.000 0.000 0.000 0.000 0.000 0.000 0.000 0.000 
0.000 -0.140 -0.274 -0.466 -0.690 -0.888 -0.994 -0.966 -0.904 -0.997 -0.956 -0.797 -0.577 -0.364 -0.199 0.000 0.000 0.000 0.000 0.000 0.000 0.000 
0.000 0.000 -0.130 -0.258 -0.445 -0.668 -0.872 -0.989 -0.975 -0.889 -0.994 -0.966 -0.817 -0.600 -0.383 -0.213 -0.103 0.000 0.000 0.000 0.000 0.000 
0.000 0.000 0.000 -0.120 -0.242 -0.424 -0.645 -0.854 -0.983 -0.983 -0.872 -0.989 -0.975 -0.836 -0.623 -0.403 -0.227 -0.111 0.000 0.000 0.000 0.000 
0.000 0.000 0.000 0.000 -0.111 -0.227 -0.403 -0.623 -0.836 -0.975 -0.989 -0.872 -0.983 -0.983 -0.854 -0.645 -0.424 -0.242 -0.120 0.000 0.000 0.000 
0.000 0.000 0.000 0.000 0.000 -0.103 -0.213 -0.383 -0.600 -0.817 -0.966 -0.994 -0.889 -0.975 -0.989 -0.872 -0.668 -0.445 -0.258 -0.130 0.000 0.000 
0.000 0.000 0.000 0.000 0.000 0.000 0.000 -0.199 -0.364 -0.577 -0.797 -0.956 -0.997 -0.904 -0.966 -0.994 -0.888 -0.690 -0.466 -0.274 -0.140 0.000 
0.000 0.000 0.000 0.000 0.000 0.000 0.000 0.000 -0.186 -0.345 -0.555 -0.777 -0.945 -0.999 -0.919 -0.956 -0.997 -0.904 -0.712 -0.488 -0.291 -0.151 
0.000 0.000 0.000 0.000 0.000 0.000 0.000 0.000 0.000 -0.174 -0.326 -0.532 -0.756 -0.932 -1.000 -0.933 -0.945 -0.999 -0.919 -0.734 -0.510 -0.308 
0.000 0.000 0.000 0.000 0.000 0.000 0.000 0.000 0.000 0.000 -0.162 -0.308 -0.510 -0.734 -0.919 -0.999 -0.945 -0.933 -1.000 -0.932 -0.756 -0.532 
0.000 0.000 0.000 0.000 0.000 0.000 0.000 0.000 0.000 0.000 0.000 -0.151 -0.291 -0.488 -0.712 -0.904 -0.997 -0.956 -0.919 -0.999 -0.945 -0.777 
0.000 0.000 0.000 0.000 0.000 0.000 0.000 0.000 0.000 0.000 0.000 0.000 -0.140 -0.274 -0.466 -0.690 -0.888 -0.994 -0.966 -0.904 -0.997 -0.956 
0.000 0.000 0.000 0.000 0.000 0.000 0.000 0.000 0.000 0.000 0.000 0.000 0.000 -0.130 -0.258 -0.445 -0.668 -0.872 -0.989 -0.975 -0.889 -0.994 
0.000 0.000 0.000 0.000 0.000 0.000 0.000 0.000 0.000 0.000 0.000 0.000 0.000 0.000 -0.120 -0.242 -0.424 -0.645 -0.854 -0.983 -0.983 -0.872 
# 2 0 50 20
-0.999 -0.966 -0.848 -0.677 -0.491 -0.324 -0.194 -0.105 0.000 0.000 0.000 0.000 0.000 0.000 0.000 0.000 0.000 0.000 0.000 0.000 
-0.994 -0.990 -0.904 -0.750 -0.565 -0.387 -0.241 -0.136 0.000 0.000 0.000 0.000 0.000 0.000 0.000 0.000 0.000 0.000 0.000 0.000 
-1.000 -1.000 -0.948 -0.817 -0.640 -0.455 -0.294 -0.173 0.000 0.000 0.000 0.000 0.000 0.000 0.000 0.000 0.000 0.000 0.000 0.000 
-0.990 -0.994 -0.980 -0.877 -0.714 -0.528 -0.354 -0.216 -0.120 0.000 0.000 0.000 0.000 0.000 0.000 0.000 0.000 0.000 0.000 0.000 
-0.966 -0.999 -0.997 -0.928 -0.784 -0.602 -0.420 -0.267 -0.154 0.000 0.000 0.000 0.000 0.000 0.000 0.000 0.000 0.000 0.000 0.000 
-0.928 -0.997 -0.999 -0.966 -0.848 -0.677 -0.491 -0.324 -0.194 -0.105 0.000 0.000 0.000 0.000 0.000 0.000 0.000 0.000 0.000 0.000 
-0.877 -0.980 -0.994 -0.990 -0.904 -0.750 -0.565 -0.387 -0.241 -0.136 0.000 0.000 0.000 0.000 0.000 0.000 0.000 0.000 0.000 0.000 
-0.817 -0.948 -1.000 -1.000 -0.948 -0.817 -0.640 -0.455 -0.294 -0.173 0.000 0.000 0.000 0.000 0.000 0.000 0.000 0.000 0.000 0.000 
-0.750 -0.904 -0.990 -0.994 -0.980 -0.877 -0.714 -0.528 -0.354 -0.216 -0.120 0.000 0.000 0.000 0.000 0.000 0.000 0.000 0.000 0.000 
-0.677 -0.848 -0.966 -0.999 -0.997 -0.928 -0.784 -0.602 -0.420 -0.267 -0.154 0.000 0.000 0.000 0.000 0.000 0.000 0.000 0.000 0.000 
-0.602 -0.784 -0.928 -0.997 -0.999 -0.966 -0.848 -0.677 -0.491 -0.324 -0.194 -0.105 0.000 0.000 0.000 0.000 0.000 0.000 0.000 0.000 
-0.528 -0.714 -0.877 -0.980 -0.994 -0.990 -0.904 -0.750 -0.565 -0.387 -0.241 -0.136 0.000 0.000 0.000 0.000 0.000 0.000 0.000 0.000 
-0.455 -0.640 -0.817 -0.948 -1.000 -1.000 -0.948 -0.817 -0.640 -0.455 -0.294 -0.173 0.000 0.000 0.000 0.000 0.000 0.000 0.000 0.000 
-0.387 -0.565 -0.750 -0.904 -0.990 -0.994 -0.980 -0.877 -0.714 -0.528 -0.354 -0.216 -0.120 0.000 0.000 0.000 0.000 0.000 0.000 0.000 
-0.324 -0.491 -0.677 -0.848 -0.966 -0.999 -0.997 -0.928 -0.784 -0.602 -0.420 -0.267 -0.154 0.000 0.000 0.000 0.000 0.000 0.000 0.000 
-0.267 -0.420 -0.602 -0.784 -0.928 -0.997 -0.999 -0.966 -0.848 -0.677 -0.491 -0.324 -0.194 -0.105 0.000 0.000 0.000 0.000 0.000 0.000 
-0.216 -0.354 -0.528 -0.714 -0.877 -0.980 -0.994 -0.990 -0.904 -0.750 -0.565 -0.387 -0.241 -0.136 0.000 0.000 0.000 0.000 0.000 0.000 
-0.173 -0.294 -0.455 -0.640 -0.817 -0.948 -1.000 -1.000 -0.948 -0.817 -0.640 -0.455 -0.294 -0.173 0.000 0.000 0.000 0.000 0.000 0.000 
-0.136 -0.241 -0.387 -0.565 -0.750 -0.904 -0.990 -0.994 -0.980 -0.877 -0.714 -0.528 -0.354 -0.216 -0.120 0.000 0.000 0.000 0.000 0.000 
-0.105 -0.194 -0.324 -0.491 -0.677 -0.848 -0.966 -0.999 -0.997 -0.928 -0.784 -0.602 -0.420 -0.267 -0.154 0.000 0.000 0.000 0.000 0.000 
0.000 -0.154 -0.267 -0.420 -0.602 -0.784 -0.928 -0.997 -0.999 -0.966 -0.848 -0.677 -0.491 -0.324 -0.194 -0.105 0.000 0.000 0.000 0.000 
0.000 -0.120 -0.216 -0.354 -0.528 -0.714 -0.877 -0.980 -0.994 -0.990 -0.904 -0.750 -0.565 -0.387 -0.241 -0.136 0.000 0.000 0.000 0.000 
0.000 0.000 -0.173 -0.294 -0.455 -0.640 -0.817 -0.948 -1.000 -1.000 -0.948 -0.817 -0.640 -0.455 -0.294 -0.173 0.000 0.000 0.000 0.000 
0.000 0.000 -0.136 -0.241 -0.387 -0.565 -0.750 -0.904 -0.990 -0.994 -0.980 -0.877 -0.714 -0.528 -0.354 -0.216 -0.120 0.000 0.000 0.000 
0.000 0.000 -0.105 -0.194 -0.324 -0.491 -0.677 -0.848 -0.966 -0.999 -0.997 -0.928 -0.784 -0.602 -0.420 -0.267 -0.154 0.000 0.000 0.000 
0.000 0.000 0.000 -0.154 -0.267 -0.420 -0.602 -0.784 -0.928 -0.997 -0.999 -0.966 -0.848 -0.677 -0.491 -0.324 -0.194 -0.105 0.000 0.000 
0.000 0.000 0.000 -0.120 -0.216 -0.354 -0.528 -0.714 -0.877 -0.980 -0.994 -0.990 -0.904 -0.750 -0.565 -0.387 -0.241 -0.136 0.000 0.000 
0.000 0.000 0.000 0.000 -0.173 -0.294 -0.455 -0.640 -0.817 -0.948 -1.000 -1.000 -0.948 -0.817 -0.640 -0.455 -0.294 -0.173 0.000 0.000 
0.000 0.000 0.000 0.000 -0.136 -0.241 -0.387 -0.565 -0.750 -0.904 -0.990 -0.994 -0.980 -0.877 -0.714 -0.528 -0.354 -0.216 -0.120 0.000 
0.000 0.000 0.000 0.000 -0.105 -0.194 -0.324 -0.491 -0.677 -0.848 -0.966 -0.999 -0.997 -0.928 -0.784 -0.602 -0.420 -0.267 -0.154 0.000 
0.000 0.000 0.000 0.000 0.000 -0.154 -0.267 -0.420 -0.602 -0.784 -0.928 -0.997 -0.999 -0.966 -0.848 -0.677 -0.491 -0.324 -0.194 -0.105 
0.000 0.000 0.000 0.000 0.000 -0.120 -0.216 -0.354 -0.528 -0.714 -0.877 -0.980 -0.994 -0.990 -0.904 -0.750 -0.565 -0.387 -0.241 -0.136 
0.000 0.000 0.000 0.000 0.000 0.000 -0.173 -0.294 -0.455 -0.640 -0.817 -0.948 -1.000 -1.000 -0.948 -0.817 -0.640 -0.455 -0.294 -0.173 
0.000 0.000 0.000 0.000 0.000 0.000 -0.136 -0.241 -0.387 -0.565 -0.750 -0.904 -0.990 -0.994 -0.980 -0.877 -0.714 -0.528 -0.354 -0.216 
0.000 0.000 0.000 0.000 0.000 0.000 -0.105 -0.194 -0.324 -0.491 -0.677 -0.848 -0.966 -0.999 -0.997 -0.928 -0.784 -0.602 -0.420 -0.267 
0.000 0.000 0.000 0.000 0.000 0.000 0.000 -0.154 -0.267 -0.420 -0.602 -0.784 -0.928 -0.997 -0.999 -0.966 -0.848 -0.677 -0.491 -0.324 
0.000 0.000 0.000 0.000 0.000 0.000 0.000 -0.120 -0.216 -0.354 -0.528 -0.714 -0.877 -0.980 -0.994 -0.990 -0.904 -0.750 -0.565 -0.387 
0.000 0.000 0.000 0.000 0.000 0.000 0.000 0.000 -0.173 -0.294 -0.455 -0.640 -0.817 -0.948 -1.000 -1.000 -0.948 -0.817 -0.640 -0.455 
0.000 0.000 0.000 0.000 0.000 0.000 0.000 0.000 -0.136 -0.241 -0.387 -0.565 -0.750 -0.904 -0.990 -0.994 -0.980 -0.877 -0.714 -0.528 
0.000 0.000 0.000 0.000 0.000 0.000 0.000 0.000 -0.105 -0.194 -0.324 -0.491 -0.677 -0.848 -0.966 -0.999 -0.997 -0.928 -0.784 -0.602 
0.000 0.000 0.000 0.000 0.000 0.000 0.000 0.000 0.000 -0.154 -0.267 -0.420 -0.602 -0.784 -0.928 -0.997 -0.999 -0.966 -0.848 -0.677 
0.000 0.000 0.000 0.000 0.000 0.000 0.000 0.000 0.000 -0.120 -0.216 -0.354 -0.528 -0.714 -0.877 -0.980 -0.994 -0.990 -0.904 -0.750 
0.000 0.000 0.000 0.000 0.000 0.000 0.000 0.000 0.000 0.000 -0.173 -0.294 -0.455 -0.640 -0.817 -0.948 -1.000 -1.000 -0.948 -0.817 
0.000 0.000 0.000 0.000 0.000 0.000 0.000 0.000 0.000 0.000 -0.136 -0.241 -0.387 -0.565 -0.750 -0.904 -0.990 -0.994 -0.980 -0.877 
0.000 0.000 0.000 0.000 0.000 0.000 0.000 0.000 0.000 0.000 -0.105 -0.194 -0.324 -0.491 -0.677 -0.848 -0.966 -0.999 -0.997 -0.928 
0.000 0.000 0.000 0.000 0.000 0.000 0.000 0.000 0.000 0.000 0.000 -0.154 -0.267 -0.420 -0.602 -0.784 -0.928 -0.997 -0.999 -0.966 
0.000 0.000 0.000 0.000 0.000 0.000 0.000 0.000 0.000 0.000 0.000 -0.120 -0.216 -0.354 -0.528 -0.714 -0.877 -0.980 -0.994 -0.990 
0.000 0.000 0.000 0.000 0.000 0.000 0.000 0.000 0.000 0.000 0.000 0.000 -0.173 -0.294 -0.455 -0.640 -0.817 -0.948 -1.000 -1.000 
0.000 0.000 0.000 0.000 0.000 0.000 0.000 0.000 0.000 0.000 0.000 0.000 -0.136 -0.241 -0.387 -0.565 -0.750 -0.904 -0.990 -0.994 
0.000 0.000 0.000 0.000 0.000 0.000 0.000 0.000 0.000 0.000 0.000 0.000 -0.105 -0.194 -0.324 -0.491 -0.677 -0.848 -0.966 -0.999 
# 2 1 22 20
-0.992 -0.983 -0.885 -0.724 -0.538 -0.363 -0.223 -0.124 0.000 0.000 0.000 0.000 0.000 0.000 0.000 0.000 0.000 0.000 0.000 0.000 
-0.992 -0.995 -0.978 -0.872 -0.707 -0.521 -0.349 -0.212 -0.117 0.000 0.000 0.000 0.000 0.000 0.000 0.000 0.000 0.000 0.000 0.000 
-0.919 -0.995 -0.998 -0.971 -0.859 -0.690 -0.504 -0.335 -0.202 -0.111 0.000 0.000 0.000 0.000 0.000 0.000 0.000 0.000 0.000 0.000 
-0.787 -0.930 -0.997 -0.999 -0.964 -0.846 -0.674 -0.488 -0.321 -0.192 -0.104 0.000 0.000 0.000 0.000 0.000 0.000 0.000 0.000 0.000 
-0.623 -0.802 -0.939 -0.999 -1.000 -0.957 -0.832 -0.657 -0.471 -0.307 -0.182 0.000 0.000 0.000 0.000 0.000 0.000 0.000 0.000 0.000 
-0.455 -0.640 -0.817 -0.948 -1.000 -1.000 -0.948 -0.817 -0.640 -0.455 -0.294 -0.173 0.000 0.000 0.000 0.000 0.000 0.000 0.000 0.000 
-0.307 -0.471 -0.657 -0.832 -0.957 -1.000 -0.999 -0.939 -0.802 -0.623 -0.439 -0.282 -0.164 0.000 0.000 0.000 0.000 0.000 0.000 0.000 
-0.192 -0.321 -0.488 -0.674 -0.846 -0.964 -0.999 -0.997 -0.930 -0.787 -0.606 -0.424 -0.269 -0.155 0.000 0.000 0.000 0.000 0.000 0.000 
-0.111 -0.202 -0.335 -0.504 -0.690 -0.859 -0.971 -0.998 -0.995 -0.919 -0.772 -0.589 -0.408 -0.257 -0.147 0.000 0.000 0.000 0.000 0.000 
0.000 -0.117 -0.212 -0.349 -0.521 -0.707 -0.872 -0.978 -0.995 -0.992 -0.908 -0.756 -0.572 -0.393 -0.245 -0.139 0.000 0.000 0.000 0.000 
0.000 0.000 -0.124 -0.223 -0.363 -0.538 -0.724 -0.885 -0.983 -0.992 -0.988 -0.897 -0.740 -0.555 -0.378 -0.234 -0.132 0.000 0.000 0.000 
0.000 0.000 0.000 -0.132 -0.234 -0.378 -0.555 -0.740 -0.897 -0.988 -0.992 -0.983 -0.885 -0.724 -0.538 -0.363 -0.223 -0.124 0.000 0.000 
0.000 0.000 0.000 0.000 -0.139 -0.245 -0.393 -0.572 -0.756 -0.908 -0.992 -0.995 -0.978 -0.872 -0.707 -0.521 -0.349 -0.212 -0.117 0.000 
0.000 0.000 0.000 0.000 0.000 -0.147 -0.257 -0.408 -0.589 -0.772 -0.919 -0.995 -0.998 -0.971 -0.859 -0.690 -0.504 -0.335 -0.202 -0.111 
0.000 0.000 0.000 0.000 0.000 0.000 -0.155 -0.269 -0.424 -0.606 -0.787 -0.930 -0.997 -0.999 -0.964 -0.846 -0.674 -0.488 -0.321 -0.192 
0.000 0.000 0.000 0.000 0.000 0.000 0.000 -0.164 -0.282 -0.439 -0.623 -0.802 -0.939 -0.999 -1.000 -0.957 -0.832 -0.657 -0.471 -0.307 
0.000 0.000 0.000 0.000 0.000 0.000 0.000 0.000 -0.173 -0.294 -0.455 -0.640 -0.817 -0.948 -1.000 -1.000 -0.948 -0.817 -0.640 -0.455 
0.000 0.000 0.000 0.000 0.000 0.000 0.000 0.000 0.000 -0.182 -0.307 -0.471 -0.657 -0.832 -0.957 -1.000 -0.999 -0.939 -0.802 -0.623 
0.000 0.000 0.000 0.000 0.000 0.000 0.000 0.000 0.000 -0.104 -0.192 -0.321 -0.488 -0.674 -0.846 -0.964 -0.999 -0.997 -0.930 -0.787 
0.000 0.000 0.000 0.000 0.000 0.000 0.000 0.000 0.000 0.000 -0.111 -0.202 -0.335 -0.504 -0.690 -0.859 -0.971 -0.998 -0.995 -0.919 
0.000 0.000 0.000 0.000 0.000 0.000 0.000 0.000 0.000 0.000 0.000 -0.117 -0.212 -0.349 -0.521 -0.707 -0.872 -0.978 -0.995 -0.992 
0.000 0.000 0.000 0.000 0.000 0.000 0.000 0.000 0.000 0.000 0.000 0.000 -0.124 -0.223 -0.363 -0.538 -0.724 -0.885 -0.983 -0.992 
