3.554808
5
# 0 1 14 50
0.000 0.000 0.000 0.000 0.000 0.000 0.000 0.000 0.000 0.000 0.000 0.166 0.446 0.812 1.000 0.832 0.468 0.178 0.000 0.000 0.000 0.000 0.000 0.000 0.000 0.000 0.000 0.000 0.000 0.000 0.000 0.000 0.000 0.000 0.000 0.000 0.000 0.000 0.000 0.000 0.000 0.000 0.000 0.000 0.000 0.000 0.000 0.000 0.000 0.000 
0.000 0.000 0.000 0.000 0.000 0.000 0.000 0.000 0.000 0.000 0.000 0.000 0.000 0.000 0.000 0.266 0.605 0.932 0.970 0.682 0.325 0.104 0.000 0.000 0.000 0.000 0.000 0.000 0.000 0.000 0.000 0.000 0.000 0.000 0.000 0.000 0.000 0.000 0.000 0.000 0.000 0.000 0.000 0.000 0.000 0.000 0.000 0.000 0.000 0.000 
0.000 0.000 0.000 0.000 0.000 0.000 0.000 0.000 0.000 0.000 0.000 0.000 0.000 0.000 0.000 0.000 0.000 0.000 0.139 0.397 0.764 0.994 0.875 0.521 0.209 0.000 0.000 0.000 0.000 0.000 0.000 0.000 0.000 0.000 0.000 0.000 0.000 0.000 0.000 0.000 0.000 0.000 0.000 0.000 0.000 0.000 0.000 0.000 0.000 0.000 
0.897 0.551 0.229 0.000 0.000 0.000 0.000 0.000 0.000 0.000 0.000 0.000 0.000 0.000 0.000 0.000 0.000 0.000 0.000 0.000 0.000 0.000 0.229 0.551 0.897 0.988 0.735 0.370 0.126 0.000 0.000 0.000 0.000 0.000 0.000 0.000 0.000 0.000 0.000 0.000 0.000 0.000 0.000 0.000 0.000 0.000 0.000 0.000 0.000 0.000 
0.209 0.521 0.875 0.994 0.764 0.397 0.139 0.000 0.000 0.000 0.000 0.000 0.000 0.000 0.000 0.000 0.000 0.000 0.000 0.000 0.000 0.000 0.000 0.000 0.000 0.116 0.350 0.712 0.981 0.913 0.574 0.244 0.000 0.000 0.000 0.000 0.000 0.000 0.000 0.000 0.000 0.000 0.000 0.000 0.000 0.000 0.000 0.000 0.000 0.000 
0.000 0.000 0.000 0.104 0.325 0.682 0.970 0.932 0.605 0.266 0.000 0.000 0.000 0.000 0.000 0.000 0.000 0.000 0.000 0.000 0.000 0.000 0.000 0.000 0.000 0.000 0.000 0.000 0.000 0.195 0.498 0.857 0.998 0.785 0.418 0.150 0.000 0.000 0.000 0.000 0.000 0.000 0.000 0.000 0.000 0.000 0.000 0.000 0.000 0.000 
0.000 0.000 0.000 0.000 0.000 0.000 0.000 0.178 0.468 0.832 1.000 0.812 0.446 0.166 0.000 0.000 0.000 0.000 0.000 0.000 0.000 0.000 0.000 0.000 0.000 0.000 0.000 0.000 0.000 0.000 0.000 0.000 0.000 0.306 0.659 0.960 0.945 0.629 0.283 0.000 0.000 0.000 0.000 0.000 0.000 0.000 0.000 0.000 0.000 0.000 
0.000 0.000 0.000 0.000 0.000 0.000 0.000 0.000 0.000 0.000 0.000 0.283 0.629 0.945 0.960 0.659 0.306 0.000 0.000 0.000 0.000 0.000 0.000 0.000 0.000 0.000 0.000 0.000 0.000 0.000 0.000 0.000 0.000 0.000 0.000 0.000 0.166 0.446 0.812 1.000 0.832 0.468 0.178 0.000 0.000 0.000 0.000 0.000 0.000 0.000 
0.000 0.000 0.000 0.000 0.000 0.000 0.000 0.000 0.000 0.000 0.000 0.000 0.000 0.000 0.150 0.418 0.785 0.998 0.857 0.498 0.195 0.000 0.000 0.000 0.000 0.000 0.000 0.000 0.000 0.000 0.000 0.000 0.000 0.000 0.000 0.000 0.000 0.000 0.000 0.000 0.266 0.605 0.932 0.970 0.682 0.325 0.104 0.000 0.000 0.000 
0.000 0.000 0.000 0.000 0.000 0.000 0.000 0.000 0.000 0.000 0.000 0.000 0.000 0.000 0.000 0.000 0.000 0.000 0.244 0.574 0.913 0.981 0.712 0.350 0.116 0.000 0.000 0.000 0.000 0.000 0.000 0.000 0.000 0.000 0.000 0.000 0.000 0.000 0.000 0.000 0.000 0.000 0.000 0.139 0.397 0.764 0.994 0.875 0.521 0.209 
0.000 0.000 0.000 0.000 0.000 0.000 0.000 0.000 0.000 0.000 0.000 0.000 0.000 0.000 0.000 0.000 0.000 0.000 0.000 0.000 0.000 0.126 0.370 0.735 0.988 0.897 0.551 0.229 0.000 0.000 0.000 0.000 0.000 0.000 0.000 0.000 0.000 0.000 0.000 0.000 0.000 0.000 0.000 0.000 0.000 0.000 0.000 0.229 0.551 0.897 
0.000 0.000 0.000 0.000 0.000 0.000 0.000 0.000 0.000 0.000 0.000 0.000 0.000 0.000 0.000 0.000 0.000 0.000 0.000 0.000 0.000 0.000 0.000 0.000 0.000 0.209 0.521 0.875 0.994 0.764 0.397 0.139 0.000 0.000 0.000 0.000 0.000 0.000 0.000 0.000 0.000 0.000 0.000 0.000 0.000 0.000 0.000 0.000 0.000 0.000 
0.000 0.000 0.000 0.000 0.000 0.000 0.000 0.000 0.000 0.000 0.000 0.000 0.000 0.000 0.000 0.000 0.000 0.000 0.000 0.000 0.000 0.000 0.000 0.000 0.000 0.000 0.000 0.000 0.104 0.325 0.682 0.970 0.932 0.605 0.266 0.000 0.000 0.000 0.000 0.000 0.000 0.000 0.000 0.000 0.000 0.000 0.000 0.000 0.000 0.000 
0.000 0.000 0.000 0.000 0.000 0.000 0.000 0.000 0.000 0.000 0.000 0.000 0.000 0.000 0.000 0.000 0.000 0.000 0.000 0.000 0.000 0.000 0.000 0.000 0.000 0.000 0.000 0.000 0.000 0.000 0.000 0.000 0.178 0.468 0.832 1.000 0.812 0.446 0.166 0.000 0.000 0.000 0.000 0.000 0.000 0.000 0.000 0.000 0.000 0.000 
# 0 2 5 50
0.000 0.000 0.000 0.000 0.000 0.000 0.000 0.000 0.000 0.000 0.000 0.000 0.000 0.000 0.129 0.377 0.747 1.000 0.905 0.554 0.229 0.000 0.000 0.000 0.000 0.000 0.000 0.000 0.000 0.000 0.000 0.000 0.000 0.000 0.000 0.000 0.000 0.000 0.000 0.000 0.000 0.000 0.000 0.000 0.000 0.000 0.000 0.000 0.000 0.000 
0.554 0.905 1.000 0.747 0.377 0.129 0.000 0.000 0.000 0.000 0.000 0.000 0.000 0.000 0.000 0.000 0.000 0.000 0.000 0.000 0.000 0.000 0.000 0.000 0.129 0.377 0.747 1.000 0.905 0.554 0.229 0.000 0.000 0.000 0.000 0.000 0.000 0.000 0.000 0.000 0.000 0.000 0.000 0.000 0.000 0.000 0.000 0.000 0.000 0.000 
0.000 0.000 0.000 0.000 0.000 0.000 0.000 0.000 0.000 0.229 0.554 0.905 1.000 0.747 0.377 0.129 0.000 0.000 0.000 0.000 0.000 0.000 0.000 0.000 0.000 0.000 0.000 0.000 0.000 0.000 0.000 0.000 0.000 0.000 0.129 0.377 0.747 1.000 0.905 0.554 0.229 0.000 0.000 0.000 0.000 0.000 0.000 0.000 0.000 0.000 
0.000 0.000 0.000 0.000 0.000 0.000 0.000 0.000 0.000 0.000 0.000 0.000 0.000 0.000 0.000 0.000 0.000 0.000 0.000 0.229 0.554 0.905 1.000 0.747 0.377 0.129 0.000 0.000 0.000 0.000 0.000 0.000 0.000 0.000 0.000 0.000 0.000 0.000 0.000 0.000 0.000 0.000 0.000 0.000 0.129 0.377 0.747 1.000 0.905 0.554 
0.000 0.000 0.000 0.000 0.000 0.000 0.000 0.000 0.000 0.000 0.000 0.000 0.000 0.000 0.000 0.000 0.000 0.000 0.000 0.000 0.000 0.000 0.000 0.000 0.000 0.000 0.000 0.000 0.000 0.229 0.554 0.905 1.000 0.747 0.377 0.129 0.000 0.000 0.000 0.000 0.000 0.000 0.000 0.000 0.000 0.000 0.000 0.000 0.000 0.000 
# 0 3 42 50
0.000 0.000 0.000 0.000 0.000 0.000 0.000 0.000 0.000 0.000 0.206 0.515 0.871 0.995 0.769 0.401 0.142 0.000 0.000 0.000 0.000 0.000 0.000 0.000 0.000 0.000 0.000 0.000 0.000 0.000 0.000 0.000 0.000 0.000 0.000 0.000 0.000 0.000 0.000 0.000 0.000 0.000 0.000 0.000 0.000 0.000 0.000 0.000 0.000 0.000 
0.000 0.000 0.000 0.000 0.000 0.000 0.000 0.000 0.000 0.000 0.000 0.166 0.446 0.812 1.000 0.832 0.468 0.178 0.000 0.000 0.000 0.000 0.000 0.000 0.000 0.000 0.000 0.000 0.000 0.000 0.000 0.000 0.000 0.000 0.000 0.000 0.000 0.000 0.000 0.000 0.000 0.000 0.000 0.000 0.000 0.000 0.000 0.000 0.000 0.000 
0.000 0.000 0.000 0.000 0.000 0.000 0.000 0.000 0.000 0.000 0.000 0.000 0.131 0.381 0.747 0.991 0.888 0.538 0.221 0.000 0.000 0.000 0.000 0.000 0.000 0.000 0.000 0.000 0.000 0.000 0.000 0.000 0.000 0.000 0.000 0.000 0.000 0.000 0.000 0.000 0.000 0.000 0.000 0.000 0.000 0.000 0.000 0.000 0.000 0.000 
0.000 0.000 0.000 0.000 0.000 0.000 0.000 0.000 0.000 0.000 0.000 0.000 0.000 0.102 0.320 0.677 0.967 0.935 0.610 0.270 0.000 0.000 0.000 0.000 0.000 0.000 0.000 0.000 0.000 0.000 0.000 0.000 0.000 0.000 0.000 0.000 0.000 0.000 0.000 0.000 0.000 0.000 0.000 0.000 0.000 0.000 0.000 0.000 0.000 0.000 
0.000 0.000 0.000 0.000 0.000 0.000 0.000 0.000 0.000 0.000 0.000 0.000 0.000 0.000 0.000 0.266 0.605 0.932 0.970 0.682 0.325 0.104 0.000 0.000 0.000 0.000 0.000 0.000 0.000 0.000 0.000 0.000 0.000 0.000 0.000 0.000 0.000 0.000 0.000 0.000 0.000 0.000 0.000 0.000 0.000 0.000 0.000 0.000 0.000 0.000 
0.000 0.000 0.000 0.000 0.000 0.000 0.000 0.000 0.000 0.000 0.000 0.000 0.000 0.000 0.000 0.000 0.217 0.533 0.884 0.992 0.752 0.385 0.134 0.000 0.000 0.000 0.000 0.000 0.000 0.000 0.000 0.000 0.000 0.000 0.000 0.000 0.000 0.000 0.000 0.000 0.000 0.000 0.000 0.000 0.000 0.000 0.000 0.000 0.000 0.000 
0.000 0.000 0.000 0.000 0.000 0.000 0.000 0.000 0.000 0.000 0.000 0.000 0.000 0.000 0.000 0.000 0.000 0.175 0.463 0.828 1.000 0.817 0.451 0.168 0.000 0.000 0.000 0.000 0.000 0.000 0.000 0.000 0.000 0.000 0.000 0.000 0.000 0.000 0.000 0.000 0.000 0.000 0.000 0.000 0.000 0.000 0.000 0.000 0.000 0.000 
0.000 0.000 0.000 0.000 0.000 0.000 0.000 0.000 0.000 0.000 0.000 0.000 0.000 0.000 0.000 0.000 0.000 0.000 0.139 0.397 0.764 0.994 0.875 0.521 0.209 0.000 0.000 0.000 0.000 0.000 0.000 0.000 0.000 0.000 0.000 0.000 0.000 0.000 0.000 0.000 0.000 0.000 0.000 0.000 0.000 0.000 0.000 0.000 0.000 0.000 
0.148 0.000 0.000 0.000 0.000 0.000 0.000 0.000 0.000 0.000 0.000 0.000 0.000 0.000 0.000 0.000 0.000 0.000 0.000 0.109 0.335 0.695 0.974 0.924 0.592 0.257 0.000 0.000 0.000 0.000 0.000 0.000 0.000 0.000 0.000 0.000 0.000 0.000 0.000 0.000 0.000 0.000 0.000 0.000 0.000 0.000 0.000 0.000 0.000 0.000 
0.480 0.185 0.000 0.000 0.000 0.000 0.000 0.000 0.000 0.000 0.000 0.000 0.000 0.000 0.000 0.000 0.000 0.000 0.000 0.000 0.000 0.279 0.623 0.942 0.962 0.664 0.310 0.000 0.000 0.000 0.000 0.000 0.000 0.000 0.000 0.000 0.000 0.000 0.000 0.000 0.000 0.000 0.000 0.000 0.000 0.000 0.000 0.000 0.000 0.000 
0.897 0.551 0.229 0.000 0.000 0.000 0.000 0.000 0.000 0.000 0.000 0.000 0.000 0.000 0.000 0.000 0.000 0.000 0.000 0.000 0.000 0.000 0.229 0.551 0.897 0.987 0.735 0.370 0.126 0.000 0.000 0.000 0.000 0.000 0.000 0.000 0.000 0.000 0.000 0.000 0.000 0.000 0.000 0.000 0.000 0.000 0.000 0.000 0.000 0.000 
0.962 0.942 0.623 0.279 0.000 0.000 0.000 0.000 0.000 0.000 0.000 0.000 0.000 0.000 0.000 0.000 0.000 0.000 0.000 0.000 0.000 0.000 0.000 0.185 0.480 0.843 0.999 0.801 0.434 0.159 0.000 0.000 0.000 0.000 0.000 0.000 0.000 0.000 0.000 0.000 0.000 0.000 0.000 0.000 0.000 0.000 0.000 0.000 0.000 0.000 
0.592 0.924 0.974 0.695 0.335 0.109 0.000 0.000 0.000 0.000 0.000 0.000 0.000 0.000 0.000 0.000 0.000 0.000 0.000 0.000 0.000 0.000 0.000 0.000 0.148 0.413 0.780 0.997 0.861 0.503 0.199 0.000 0.000 0.000 0.000 0.000 0.000 0.000 0.000 0.000 0.000 0.000 0.000 0.000 0.000 0.000 0.000 0.000 0.000 0.000 
0.209 0.521 0.875 0.994 0.764 0.397 0.139 0.000 0.000 0.000 0.000 0.000 0.000 0.000 0.000 0.000 0.000 0.000 0.000 0.000 0.000 0.000 0.000 0.000 0.000 0.116 0.350 0.712 0.981 0.913 0.574 0.244 0.000 0.000 0.000 0.000 0.000 0.000 0.000 0.000 0.000 0.000 0.000 0.000 0.000 0.000 0.000 0.000 0.000 0.000 
0.000 0.168 0.451 0.817 1.000 0.828 0.463 0.175 0.000 0.000 0.000 0.000 0.000 0.000 0.000 0.000 0.000 0.000 0.000 0.000 0.000 0.000 0.000 0.000 0.000 0.000 0.000 0.292 0.641 0.951 0.954 0.646 0.296 0.000 0.000 0.000 0.000 0.000 0.000 0.000 0.000 0.000 0.000 0.000 0.000 0.000 0.000 0.000 0.000 0.000 
0.000 0.000 0.134 0.385 0.752 0.992 0.884 0.533 0.217 0.000 0.000 0.000 0.000 0.000 0.000 0.000 0.000 0.000 0.000 0.000 0.000 0.000 0.000 0.000 0.000 0.000 0.000 0.000 0.241 0.569 0.909 0.982 0.717 0.354 0.118 0.000 0.000 0.000 0.000 0.000 0.000 0.000 0.000 0.000 0.000 0.000 0.000 0.000 0.000 0.000 
0.000 0.000 0.000 0.104 0.325 0.682 0.970 0.932 0.605 0.266 0.000 0.000 0.000 0.000 0.000 0.000 0.000 0.000 0.000 0.000 0.000 0.000 0.000 0.000 0.000 0.000 0.000 0.000 0.000 0.195 0.498 0.857 0.998 0.785 0.418 0.150 0.000 0.000 0.000 0.000 0.000 0.000 0.000 0.000 0.000 0.000 0.000 0.000 0.000 0.000 
0.000 0.000 0.000 0.000 0.000 0.270 0.610 0.935 0.967 0.677 0.320 0.102 0.000 0.000 0.000 0.000 0.000 0.000 0.000 0.000 0.000 0.000 0.000 0.000 0.000 0.000 0.000 0.000 0.000 0.000 0.156 0.429 0.796 0.999 0.847 0.485 0.188 0.000 0.000 0.000 0.000 0.000 0.000 0.000 0.000 0.000 0.000 0.000 0.000 0.000 
0.000 0.000 0.000 0.000 0.000 0.000 0.221 0.538 0.888 0.991 0.747 0.381 0.131 0.000 0.000 0.000 0.000 0.000 0.000 0.000 0.000 0.000 0.000 0.000 0.000 0.000 0.000 0.000 0.000 0.000 0.000 0.123 0.365 0.730 0.986 0.901 0.556 0.232 0.000 0.000 0.000 0.000 0.000 0.000 0.000 0.000 0.000 0.000 0.000 0.000 
0.000 0.000 0.000 0.000 0.000 0.000 0.000 0.178 0.468 0.832 1.000 0.812 0.446 0.166 0.000 0.000 0.000 0.000 0.000 0.000 0.000 0.000 0.000 0.000 0.000 0.000 0.000 0.000 0.000 0.000 0.000 0.000 0.000 0.306 0.659 0.960 0.944 0.628 0.283 0.000 0.000 0.000 0.000 0.000 0.000 0.000 0.000 0.000 0.000 0.000 
0.000 0.000 0.000 0.000 0.000 0.000 0.000 0.000 0.142 0.401 0.769 0.995 0.871 0.515 0.206 0.000 0.000 0.000 0.000 0.000 0.000 0.000 0.000 0.000 0.000 0.000 0.000 0.000 0.000 0.000 0.000 0.000 0.000 0.000 0.253 0.587 0.921 0.976 0.700 0.339 0.111 0.000 0.000 0.000 0.000 0.000 0.000 0.000 0.000 0.000 
0.000 0.000 0.000 0.000 0.000 0.000 0.000 0.000 0.000 0.111 0.339 0.700 0.976 0.921 0.587 0.253 0.000 0.000 0.000 0.000 0.000 0.000 0.000 0.000 0.000 0.000 0.000 0.000 0.000 0.000 0.000 0.000 0.000 0.000 0.000 0.206 0.515 0.871 0.995 0.769 0.401 0.142 0.000 0.000 0.000 0.000 0.000 0.000 0.000 0.000 
0.000 0.000 0.000 0.000 0.000 0.000 0.000 0.000 0.000 0.000 0.000 0.283 0.628 0.944 0.960 0.659 0.306 0.000 0.000 0.000 0.000 0.000 0.000 0.000 0.000 0.000 0.000 0.000 0.000 0.000 0.000 0.000 0.000 0.000 0.000 0.000 0.166 0.446 0.812 1.000 0.832 0.468 0.178 0.000 0.000 0.000 0.000 0.000 0.000 0.000 
0.000 0.000 0.000 0.000 0.000 0.000 0.000 0.000 0.000 0.000 0.000 0.000 0.232 0.556 0.901 0.986 0.730 0.365 0.123 0.000 0.000 0.000 0.000 0.000 0.000 0.000 0.000 0.000 0.000 0.000 0.000 0.000 0.000 0.000 0.000 0.000 0.000 0.131 0.381 0.747 0.991 0.888 0.538 0.221 0.000 0.000 0.000 0.000 0.000 0.000 
0.000 0.000 0.000 0.000 0.000 0.000 0.000 0.000 0.000 0.000 0.000 0.000 0.000 0.188 0.485 0.847 0.999 0.796 0.429 0.156 0.000 0.000 0.000 0.000 0.000 0.000 0.000 0.000 0.000 0.000 0.000 0.000 0.000 0.000 0.000 0.000 0.000 0.000 0.102 0.320 0.677 0.967 0.935 0.610 0.270 0.000 0.000 0.000 0.000 0.000 
0.000 0.000 0.000 0.000 0.000 0.000 0.000 0.000 0.000 0.000 0.000 0.000 0.000 0.000 0.150 0.418 0.785 0.998 0.857 0.498 0.195 0.000 0.000 0.000 0.000 0.000 0.000 0.000 0.000 0.000 0.000 0.000 0.000 0.000 0.000 0.000 0.000 0.000 0.000 0.000 0.266 0.605 0.932 0.970 0.682 0.325 0.104 0.000 0.000 0.000 
0.000 0.000 0.000 0.000 0.000 0.000 0.000 0.000 0.000 0.000 0.000 0.000 0.000 0.000 0.000 0.118 0.354 0.717 0.982 0.909 0.569 0.241 0.000 0.000 0.000 0.000 0.000 0.000 0.000 0.000 0.000 0.000 0.000 0.000 0.000 0.000 0.000 0.000 0.000 0.000 0.000 0.217 0.533 0.884 0.992 0.752 0.385 0.134 0.000 0.000 
0.000 0.000 0.000 0.000 0.000 0.000 0.000 0.000 0.000 0.000 0.000 0.000 0.000 0.000 0.000 0.000 0.000 0.296 0.646 0.954 0.951 0.641 0.292 0.000 0.000 0.000 0.000 0.000 0.000 0.000 0.000 0.000 0.000 0.000 0.000 0.000 0.000 0.000 0.000 0.000 0.000 0.000 0.175 0.463 0.828 1.000 0.817 0.451 0.168 0.000 
0.000 0.000 0.000 0.000 0.000 0.000 0.000 0.000 0.000 0.000 0.000 0.000 0.000 0.000 0.000 0.000 0.000 0.000 0.244 0.574 0.913 0.981 0.712 0.350 0.116 0.000 0.000 0.000 0.000 0.000 0.000 0.000 0.000 0.000 0.000 0.000 0.000 0.000 0.000 0.000 0.000 0.000 0.000 0.139 0.397 0.764 0.994 0.875 0.521 0.209 
0.000 0.000 0.000 0.000 0.000 0.000 0.000 0.000 0.000 0.000 0.000 0.000 0.000 0.000 0.000 0.000 0.000 0.000 0.000 0.199 0.503 0.861 0.997 0.780 0.413 0.148 0.000 0.000 0.000 0.000 0.000 0.000 0.000 0.000 0.000 0.000 0.000 0.000 0.000 0.000 0.000 0.000 0.000 0.000 0.109 0.335 0.695 0.974 0.924 0.592 
0.000 0.000 0.000 0.000 0.000 0.000 0.000 0.000 0.000 0.000 0.000 0.000 0.000 0.000 0.000 0.000 0.000 0.000 0.000 0.000 0.159 0.434 0.801 0.999 0.843 0.480 0.185 0.000 0.000 0.000 0.000 0.000 0.000 0.000 0.000 0.000 0.000 0.000 0.000 0.000 0.000 0.000 0.000 0.000 0.000 0.000 0.279 0.623 0.942 0.962 
0.000 0.000 0.000 0.000 0.000 0.000 0.000 0.000 0.000 0.000 0.000 0.000 0.000 0.000 0.000 0.000 0.000 0.000 0.000 0.000 0.000 0.126 0.370 0.735 0.987 0.897 0.551 0.229 0.000 0.000 0.000 0.000 0.000 0.000 0.000 0.000 0.000 0.000 0.000 0.000 0.000 0.000 0.000 0.000 0.000 0.000 0.000 0.229 0.551 0.897 
0.000 0.000 0.000 0.000 0.000 0.000 0.000 0.000 0.000 0.000 0.000 0.000 0.000 0.000 0.000 0.000 0.000 0.000 0.000 0.000 0.000 0.000 0.000 0.310 0.664 0.962 0.942 0.623 0.279 0.000 0.000 0.000 0.000 0.000 0.000 0.000 0.000 0.000 0.000 0.000 0.000 0.000 0.000 0.000 0.000 0.000 0.000 0.000 0.185 0.480 
0.000 0.000 0.000 0.000 0.000 0.000 0.000 0.000 0.000 0.000 0.000 0.000 0.000 0.000 0.000 0.000 0.000 0.000 0.000 0.000 0.000 0.000 0.000 0.000 0.257 0.592 0.924 0.974 0.695 0.335 0.109 0.000 0.000 0.000 0.000 0.000 0.000 0.000 0.000 0.000 0.000 0.000 0.000 0.000 0.000 0.000 0.000 0.000 0.000 0.148 
0.000 0.000 0.000 0.000 0.000 0.000 0.000 0.000 0.000 0.000 0.000 0.000 0.000 0.000 0.000 0.000 0.000 0.000 0.000 0.000 0.000 0.000 0.000 0.000 0.000 0.209 0.521 0.875 0.994 0.764 0.397 0.139 0.000 0.000 0.000 0.000 0.000 0.000 0.000 0.000 0.000 0.000 0.000 0.000 0.000 0.000 0.000 0.000 0.000 0.000 
0.000 0.000 0.000 0.000 0.000 0.000 0.000 0.000 0.000 0.000 0.000 0.000 0.000 0.000 0.000 0.000 0.000 0.000 0.000 0.000 0.000 0.000 0.000 0.000 0.000 0.000 0.168 0.451 0.817 1.000 0.828 0.463 0.175 0.000 0.000 0.000 0.000 0.000 0.000 0.000 0.000 0.000 0.000 0.000 0.000 0.000 0.000 0.000 0.000 0.000 
0.000 0.000 0.000 0.000 0.000 0.000 0.000 0.000 0.000 0.000 0.000 0.000 0.000 0.000 0.000 0.000 0.000 0.000 0.000 0.000 0.000 0.000 0.000 0.000 0.000 0.000 0.000 0.134 0.385 0.752 0.992 0.884 0.533 0.217 0.000 0.000 0.000 0.000 0.000 0.000 0.000 0.000 0.000 0.000 0.000 0.000 0.000 0.000 0.000 0.000 
0.000 0.000 0.000 0.000 0.000 0.000 0.000 0.000 0.000 0.000 0.000 0.000 0.000 0.000 0.000 0.000 0.000 0.000 0.000 0.000 0.000 0.000 0.000 0.000 0.000 0.000 0.000 0.000 0.104 0.325 0.682 0.970 0.932 0.605 0.266 0.000 0.000 0.000 0.000 0.000 0.000 0.000 0.000 0.000 0.000 0.000 0.000 0.000 0.000 0.000 
0.000 0.000 0.000 0.000 0.000 0.000 0.000 0.000 0.000 0.000 0.000 0.000 0.000 0.000 0.000 0.000 0.000 0.000 0.000 0.000 0.000 0.000 0.000 0.000 0.000 0.000 0.000 0.000 0.000 0.000 0.270 0.610 0.935 0.967 0.677 0.320 0.102 0.000 0.000 0.000 0.000 0.000 0.000 0.000 0.000 0.000 0.000 0.000 0.000 0.000 
0.000 0.000 0.000 0.000 0.000 0.000 0.000 0.000 0.000 0.000 0.000 0.000 0.000 0.000 0.000 0.000 0.000 0.000 0.000 0.000 0.000 0.000 0.000 0.000 0.000 0.000 0.000 0.000 0.000 0.000 0.000 0.221 0.538 0.888 0.991 0.747 0.381 0.131 0.000 0.000 0.000 0.000 0.000 0.000 0.000 0.000 0.000 0.000 0.000 0.000 
0.000 0.000 0.000 0.000 0.000 0.000 0.000 0.000 0.000 0.000 0.000 0.000 0.000 0.000 0.000 0.000 0.000 0.000 0.000 0.000 0.000 0.000 0.000 0.000 0.000 0.000 0.000 0.000 0.000 0.000 0.000 0.000 0.178 0.468 0.832 1.000 0.812 0.446 0.166 0.000 0.000 0.000 0.000 0.000 0.000 0.000 0.000 0.000 0.000 0.000 
0.000 0.000 0.000 0.000 0.000 0.000 0.000 0.000 0.000 0.000 0.000 0.000 0.000 0.000 0.000 0.000 0.000 0.000 0.000 0.000 0.000 0.000 0.000 0.000 0.000 0.000 0.000 0.000 0.000 0.000 0.000 0.000 0.000 0.142 0.401 0.769 0.995 0.871 0.515 0.206 0.000 0.000 0.000 0.000 0.000 0.000 0.000 0.000 0.000 0.000 
# 0 4 12 50
0.000 0.000 0.000 0.000 0.000 0.000 0.000 0.000 0.000 0.000 0.000 0.114 0.346 0.708 0.979 0.916 0.579 0.247 0.000 0.000 0.000 0.000 0.000 0.000 0.000 0.000 0.000 0.000 0.000 0.000 0.000 0.000 0.000 0.000 0.000 0.000 0.000 0.000 0.000 0.000 0.000 0.000 0.000 0.000 0.000 0.000 0.000 0.000 0.000 0.000 
0.000 0.000 0.000 0.000 0.000 0.000 0.000 0.000 0.000 0.000 0.000 0.000 0.000 0.000 0.000 0.000 0.296 0.646 0.953 0.951 0.642 0.293 0.000 0.000 0.000 0.000 0.000 0.000 0.000 0.000 0.000 0.000 0.000 0.000 0.000 0.000 0.000 0.000 0.000 0.000 0.000 0.000 0.000 0.000 0.000 0.000 0.000 0.000 0.000 0.000 
0.209 0.000 0.000 0.000 0.000 0.000 0.000 0.000 0.000 0.000 0.000 0.000 0.000 0.000 0.000 0.000 0.000 0.000 0.000 0.000 0.250 0.582 0.918 0.978 0.704 0.343 0.113 0.000 0.000 0.000 0.000 0.000 0.000 0.000 0.000 0.000 0.000 0.000 0.000 0.000 0.000 0.000 0.000 0.000 0.000 0.000 0.000 0.000 0.000 0.000 
0.704 0.978 0.918 0.582 0.250 0.000 0.000 0.000 0.000 0.000 0.000 0.000 0.000 0.000 0.000 0.000 0.000 0.000 0.000 0.000 0.000 0.000 0.000 0.000 0.209 0.520 0.874 0.994 0.764 0.397 0.140 0.000 0.000 0.000 0.000 0.000 0.000 0.000 0.000 0.000 0.000 0.000 0.000 0.000 0.000 0.000 0.000 0.000 0.000 0.000 
0.000 0.000 0.000 0.293 0.642 0.951 0.953 0.646 0.296 0.000 0.000 0.000 0.000 0.000 0.000 0.000 0.000 0.000 0.000 0.000 0.000 0.000 0.000 0.000 0.000 0.000 0.000 0.000 0.173 0.459 0.824 1.000 0.821 0.455 0.171 0.000 0.000 0.000 0.000 0.000 0.000 0.000 0.000 0.000 0.000 0.000 0.000 0.000 0.000 0.000 
0.000 0.000 0.000 0.000 0.000 0.000 0.000 0.247 0.579 0.916 0.979 0.708 0.346 0.114 0.000 0.000 0.000 0.000 0.000 0.000 0.000 0.000 0.000 0.000 0.000 0.000 0.000 0.000 0.000 0.000 0.000 0.000 0.141 0.401 0.768 0.995 0.872 0.516 0.207 0.000 0.000 0.000 0.000 0.000 0.000 0.000 0.000 0.000 0.000 0.000 
0.000 0.000 0.000 0.000 0.000 0.000 0.000 0.000 0.000 0.000 0.000 0.207 0.516 0.872 0.995 0.768 0.401 0.141 0.000 0.000 0.000 0.000 0.000 0.000 0.000 0.000 0.000 0.000 0.000 0.000 0.000 0.000 0.000 0.000 0.000 0.000 0.114 0.346 0.708 0.979 0.916 0.579 0.247 0.000 0.000 0.000 0.000 0.000 0.000 0.000 
0.000 0.000 0.000 0.000 0.000 0.000 0.000 0.000 0.000 0.000 0.000 0.000 0.000 0.000 0.000 0.171 0.455 0.821 1.000 0.824 0.459 0.173 0.000 0.000 0.000 0.000 0.000 0.000 0.000 0.000 0.000 0.000 0.000 0.000 0.000 0.000 0.000 0.000 0.000 0.000 0.000 0.296 0.646 0.953 0.951 0.642 0.293 0.000 0.000 0.000 
0.000 0.000 0.000 0.000 0.000 0.000 0.000 0.000 0.000 0.000 0.000 0.000 0.000 0.000 0.000 0.000 0.000 0.000 0.000 0.140 0.397 0.764 0.994 0.874 0.520 0.209 0.000 0.000 0.000 0.000 0.000 0.000 0.000 0.000 0.000 0.000 0.000 0.000 0.000 0.000 0.000 0.000 0.000 0.000 0.000 0.250 0.582 0.918 0.978 0.704 
0.000 0.000 0.000 0.000 0.000 0.000 0.000 0.000 0.000 0.000 0.000 0.000 0.000 0.000 0.000 0.000 0.000 0.000 0.000 0.000 0.000 0.000 0.000 0.113 0.343 0.704 0.978 0.918 0.582 0.250 0.000 0.000 0.000 0.000 0.000 0.000 0.000 0.000 0.000 0.000 0.000 0.000 0.000 0.000 0.000 0.000 0.000 0.000 0.000 0.209 
0.000 0.000 0.000 0.000 0.000 0.000 0.000 0.000 0.000 0.000 0.000 0.000 0.000 0.000 0.000 0.000 0.000 0.000 0.000 0.000 0.000 0.000 0.000 0.000 0.000 0.000 0.000 0.000 0.293 0.642 0.951 0.953 0.646 0.296 0.000 0.000 0.000 0.000 0.000 0.000 0.000 0.000 0.000 0.000 0.000 0.000 0.000 0.000 0.000 0.000 
0.000 0.000 0.000 0.000 0.000 0.000 0.000 0.000 0.000 0.000 0.000 0.000 0.000 0.000 0.000 0.000 0.000 0.000 0.000 0.000 0.000 0.000 0.000 0.000 0.000 0.000 0.000 0.000 0.000 0.000 0.000 0.000 0.247 0.579 0.916 0.979 0.708 0.346 0.114 0.000 0.000 0.000 0.000 0.000 0.000 0.000 0.000 0.000 0.000 0.000 
# 1 0 50 14
0.000 -0.155 -0.430 -0.799 -0.999 -0.841 -0.476 -0.181 0.000 0.000 0.000 0.000 0.000 0.000 
0.000 -0.109 -0.336 -0.699 -0.977 -0.918 -0.581 -0.247 0.000 0.000 0.000 0.000 0.000 0.000 
0.000 0.000 -0.255 -0.593 -0.926 -0.972 -0.687 -0.327 -0.104 0.000 0.000 0.000 0.000 0.000 
0.000 0.000 -0.188 -0.487 -0.850 -0.998 -0.788 -0.419 -0.150 0.000 0.000 0.000 0.000 0.000 
0.000 0.000 -0.134 -0.388 -0.757 -0.993 -0.876 -0.520 -0.208 0.000 0.000 0.000 0.000 0.000 
-0.103 0.000 0.000 -0.300 -0.654 -0.958 -0.945 -0.627 -0.280 0.000 0.000 0.000 0.000 0.000 
-0.148 0.000 0.000 -0.225 -0.547 -0.896 -0.987 -0.732 -0.365 -0.122 0.000 0.000 0.000 0.000 
-0.206 0.000 0.000 -0.163 -0.444 -0.812 -1.000 -0.828 -0.461 -0.173 0.000 0.000 0.000 0.000 
-0.277 0.000 0.000 -0.115 -0.349 -0.714 -0.982 -0.909 -0.565 -0.237 0.000 0.000 0.000 0.000 
-0.362 -0.121 0.000 0.000 -0.266 -0.608 -0.935 -0.966 -0.672 -0.314 0.000 0.000 0.000 0.000 
-0.458 -0.171 0.000 0.000 -0.197 -0.502 -0.862 -0.996 -0.774 -0.405 -0.142 0.000 0.000 0.000 
-0.562 -0.235 0.000 0.000 -0.141 -0.402 -0.771 -0.996 -0.865 -0.505 -0.199 0.000 0.000 0.000 
-0.669 -0.312 0.000 0.000 0.000 -0.312 -0.669 -0.965 -0.936 -0.611 -0.268 0.000 0.000 0.000 
-0.771 -0.402 -0.141 0.000 0.000 -0.235 -0.562 -0.906 -0.983 -0.717 -0.352 -0.116 0.000 0.000 
-0.862 -0.502 -0.197 0.000 0.000 -0.171 -0.458 -0.825 -1.000 -0.815 -0.447 -0.165 0.000 0.000 
-0.935 -0.608 -0.266 0.000 0.000 -0.121 -0.362 -0.729 -0.986 -0.898 -0.550 -0.227 0.000 0.000 
-0.982 -0.714 -0.349 -0.115 0.000 0.000 -0.277 -0.623 -0.943 -0.960 -0.657 -0.303 0.000 0.000 
-1.000 -0.812 -0.444 -0.163 0.000 0.000 -0.206 -0.517 -0.874 -0.994 -0.760 -0.391 -0.135 0.000 
-0.987 -0.896 -0.547 -0.225 0.000 0.000 -0.148 -0.416 -0.785 -0.998 -0.853 -0.490 -0.190 0.000 
-0.945 -0.958 -0.654 -0.300 0.000 0.000 -0.103 -0.324 -0.684 -0.971 -0.928 -0.596 -0.258 0.000 
-0.876 -0.993 -0.757 -0.388 -0.134 0.000 0.000 -0.245 -0.578 -0.916 -0.978 -0.702 -0.339 -0.110 
-0.788 -0.998 -0.850 -0.487 -0.188 0.000 0.000 -0.179 -0.473 -0.838 -0.999 -0.802 -0.433 -0.157 
-0.687 -0.972 -0.926 -0.593 -0.255 0.000 0.000 -0.127 -0.375 -0.743 -0.990 -0.888 -0.535 -0.217 
-0.581 -0.918 -0.977 -0.699 -0.336 -0.109 0.000 0.000 -0.289 -0.639 -0.951 -0.952 -0.642 -0.291 
-0.476 -0.841 -0.999 -0.799 -0.430 -0.155 0.000 0.000 -0.215 -0.532 -0.885 -0.991 -0.746 -0.378 
-0.378 -0.746 -0.991 -0.885 -0.532 -0.215 0.000 0.000 -0.155 -0.430 -0.799 -0.999 -0.841 -0.476 
-0.291 -0.642 -0.952 -0.951 -0.639 -0.289 0.000 0.000 -0.109 -0.336 -0.699 -0.977 -0.918 -0.581 
-0.217 -0.535 -0.888 -0.990 -0.743 -0.375 -0.127 0.000 0.000 -0.255 -0.593 -0.926 -0.972 -0.687 
-0.157 -0.433 -0.802 -0.999 -0.838 -0.473 -0.179 0.000 0.000 -0.188 -0.487 -0.850 -0.998 -0.788 
-0.110 -0.339 -0.702 -0.978 -0.916 -0.578 -0.245 0.000 0.000 -0.134 -0.388 -0.757 -0.993 -0.876 
0.000 -0.258 -0.596 -0.928 -0.971 -0.684 -0.324 -0.103 0.000 0.000 -0.300 -0.654 -0.958 -0.945 
0.000 -0.190 -0.490 -0.853 -0.998 -0.785 -0.416 -0.148 0.000 0.000 -0.225 -0.547 -0.896 -0.987 
0.000 -0.135 -0.391 -0.760 -0.994 -0.874 -0.517 -0.206 0.000 0.000 -0.163 -0.444 -0.812 -1.000 
0.000 0.000 -0.303 -0.657 -0.960 -0.943 -0.623 -0.277 0.000 0.000 -0.115 -0.349 -0.714 -0.982 
0.000 0.000 -0.227 -0.550 -0.898 -0.986 -0.729 -0.362 -0.121 0.000 0.000 -0.266 -0.608 -0.935 
0.000 0.000 -0.165 -0.447 -0.815 -1.000 -0.825 -0.458 -0.171 0.000 0.000 -0.197 -0.502 -0.862 
0.000 0.000 -0.116 -0.352 -0.717 -0.983 -0.906 -0.562 -0.235 0.000 0.000 -0.141 -0.402 -0.771 
0.000 0.000 0.000 -0.268 -0.611 -0.936 -0.965 -0.669 -0.312 0.000 0.000 0.000 -0.312 -0.669 
0.000 0.000 0.000 -0.199 -0.505 -0.865 -0.996 -0.771 -0.402 -0.141 0.000 0.000 -0.235 -0.562 
0.000 0.000 0.000 -0.142 -0.405 -0.774 -0.996 -0.862 -0.502 -0.197 0.000 0.000 -0.171 -0.458 
0.000 0.000 0.000 0.000 -0.314 -0.672 -0.966 -0.935 -0.608 -0.266 0.000 0.000 -0.121 -0.362 
0.000 0.000 0.000 0.000 -0.237 -0.565 -0.909 -0.982 -0.714 -0.349 -0.115 0.000 0.000 -0.277 
0.000 0.000 0.000 0.000 -0.173 -0.461 -0.828 -1.000 -0.812 -0.444 -0.163 0.000 0.000 -0.206 
0.000 0.000 0.000 0.000 -0.122 -0.365 -0.732 -0.987 -0.896 -0.547 -0.225 0.000 0.000 -0.148 
0.000 0.000 0.000 0.000 0.000 -0.280 -0.627 -0.945 -0.958 -0.654 -0.300 0.000 0.000 -0.103 
0.000 0.000 0.000 0.000 0.000 -0.208 -0.520 -0.876 -0.993 -0.757 -0.388 -0.134 0.000 0.000 
0.000 0.000 0.000 0.000 0.000 -0.150 -0.419 -0.788 -0.998 -0.850 -0.487 -0.188 0.000 0.000 
0.000 0.000 0.000 0.000 0.000 -0.104 -0.327 -0.687 -0.972 -0.926 -0.593 -0.255 0.000 0.000 
0.000 0.000 0.000 0.000 0.000 0.000 -0.247 -0.581 -0.918 -0.977 -0.699 -0.336 -0.109 0.000 
0.000 0.000 0.000 0.000 0.000 0.000 -0.181 -0.476 -0.841 -0.999 -0.799 -0.430 -0.155 0.000 
# 1 2 5 14
0.000 0.000 -0.112 -0.343 -0.707 -0.981 -0.914 -0.574 -0.242 0.000 0.000 0.000 0.000 0.000 
-0.902 -0.555 -0.230 0.000 0.000 -0.145 -0.409 -0.779 -0.998 -0.860 -0.498 -0.194 0.000 0.000 
-0.426 -0.796 -1.000 -0.845 -0.481 -0.184 0.000 0.000 -0.184 -0.481 -0.845 -1.000 -0.796 -0.426 
0.000 0.000 -0.194 -0.498 -0.860 -0.998 -0.779 -0.409 -0.145 0.000 0.000 -0.230 -0.555 -0.902 
0.000 0.000 0.000 0.000 0.000 -0.242 -0.574 -0.914 -0.981 -0.707 -0.343 -0.112 0.000 0.000 
# 1 3 42 14
0.000 -0.151 -0.421 -0.791 -1.000 -0.850 -0.486 -0.187 0.000 0.000 0.000 0.000 0.000 0.000 
0.000 0.000 -0.312 -0.670 -0.967 -0.938 -0.612 -0.269 0.000 0.000 0.000 0.000 0.000 0.000 
0.000 0.000 -0.222 -0.543 -0.894 -0.990 -0.738 -0.370 -0.125 0.000 0.000 0.000 0.000 0.000 
0.000 0.000 -0.151 -0.421 -0.791 -1.000 -0.850 -0.486 -0.187 0.000 0.000 0.000 0.000 0.000 
0.000 0.000 0.000 -0.312 -0.670 -0.967 -0.938 -0.612 -0.269 0.000 0.000 0.000 0.000 0.000 
-0.151 0.000 0.000 -0.222 -0.543 -0.894 -0.990 -0.738 -0.370 -0.125 0.000 0.000 0.000 0.000 
-0.222 0.000 0.000 -0.151 -0.421 -0.791 -1.000 -0.850 -0.486 -0.187 0.000 0.000 0.000 0.000 
-0.312 0.000 0.000 0.000 -0.312 -0.670 -0.967 -0.938 -0.612 -0.269 0.000 0.000 0.000 0.000 
-0.421 -0.151 0.000 0.000 -0.222 -0.543 -0.894 -0.990 -0.738 -0.370 -0.125 0.000 0.000 0.000 
-0.543 -0.222 0.000 0.000 -0.151 -0.421 -0.791 -1.000 -0.850 -0.486 -0.187 0.000 0.000 0.000 
-0.670 -0.312 0.000 0.000 0.000 -0.312 -0.670 -0.967 -0.938 -0.612 -0.269 0.000 0.000 0.000 
-0.791 -0.421 -0.151 0.000 0.000 -0.222 -0.543 -0.894 -0.990 -0.738 -0.370 -0.125 0.000 0.000 
-0.894 -0.543 -0.222 0.000 0.000 -0.151 -0.421 -0.791 -1.000 -0.850 -0.486 -0.187 0.000 0.000 
-0.967 -0.670 -0.312 0.000 0.000 0.000 -0.312 -0.670 -0.967 -0.938 -0.612 -0.269 0.000 0.000 
-1.000 -0.791 -0.421 -0.151 0.000 0.000 -0.222 -0.543 -0.894 -0.990 -0.738 -0.370 -0.125 0.000 
-0.990 -0.894 -0.543 -0.222 0.000 0.000 -0.151 -0.421 -0.791 -1.000 -0.850 -0.486 -0.187 0.000 
-0.938 -0.967 -0.670 -0.312 0.000 0.000 0.000 -0.312 -0.670 -0.967 -0.938 -0.612 -0.269 0.000 
-0.850 -1.000 -0.791 -0.421 -0.151 0.000 0.000 -0.222 -0.543 -0.894 -0.990 -0.738 -0.370 -0.125 
-0.738 -0.990 -0.894 -0.543 -0.222 0.000 0.000 -0.151 -0.421 -0.791 -1.000 -0.850 -0.486 -0.187 
-0.612 -0.938 -0.967 -0.670 -0.312 0.000 0.000 0.000 -0.312 -0.670 -0.967 -0.938 -0.612 -0.269 
-0.486 -0.850 -1.000 -0.791 -0.421 -0.151 0.000 0.000 -0.222 -0.543 -0.894 -0.990 -0.738 -0.370 
-0.370 -0.738 -0.990 -0.894 -0.543 -0.222 0.000 0.000 -0.151 -0.421 -0.791 -1.000 -0.850 -0.486 
-0.269 -0.612 -0.938 -0.967 -0.670 -0.312 0.000 0.000 0.000 -0.312 -0.670 -0.967 -0.938 -0.612 
-0.187 -0.486 -0.850 -1.000 -0.791 -0.421 -0.151 0.000 0.000 -0.222 -0.543 -0.894 -0.990 -0.738 
-0.125 -0.370 -0.738 -0.990 -0.894 -0.543 -0.222 0.000 0.000 -0.151 -0.421 -0.791 -1.000 -0.850 
0.000 -0.269 -0.612 -0.938 -0.967 -0.670 -0.312 0.000 0.000 0.000 -0.312 -0.670 -0.967 -0.938 
0.000 -0.187 -0.486 -0.850 -1.000 -0.791 -0.421 -0.151 0.000 0.000 -0.222 -0.543 -0.894 -0.990 
0.000 -0.125 -0.370 -0.738 -0.990 -0.894 -0.543 -0.222 0.000 0.000 -0.151 -0.421 -0.791 -1.000 
0.000 0.000 -0.269 -0.612 -0.938 -0.967 -0.670 -0.312 0.000 0.000 0.000 -0.312 -0.670 -0.967 
0.000 0.000 -0.187 -0.486 -0.850 -1.000 -0.791 -0.421 -0.151 0.000 0.000 -0.222 -0.543 -0.894 
0.000 0.000 -0.125 -0.370 -0.738 -0.990 -0.894 -0.543 -0.222 0.000 0.000 -0.151 -0.421 -0.791 
0.000 0.000 0.000 -0.269 -0.612 -0.938 -0.967 -0.670 -0.312 0.000 0.000 0.000 -0.312 -0.670 
0.000 0.000 0.000 -0.187 -0.486 -0.850 -1.000 -0.791 -0.421 -0.151 0.000 0.000 -0.222 -0.543 
0.000 0.000 0.000 -0.125 -0.370 -0.738 -0.990 -0.894 -0.543 -0.222 0.000 0.000 -0.151 -0.421 
0.000 0.000 0.000 0.000 -0.269 -0.612 -0.938 -0.967 -0.670 -0.312 0.000 0.000 0.000 -0.312 
0.000 0.000 0.000 0.000 -0.187 -0.486 -0.850 -1.000 -0.791 -0.421 -0.151 0.000 0.000 -0.222 
0.000 0.000 0.000 0.000 -0.125 -0.370 -0.738 -0.990 -0.894 -0.543 -0.222 0.000 0.000 -0.151 
0.000 0.000 0.000 0.000 0.000 -0.269 -0.612 -0.938 -0.967 -0.670 -0.312 0.000 0.000 0.000 
0.000 0.000 0.000 0.000 0.000 -0.187 -0.486 -0.850 -1.000 -0.791 -0.421 -0.151 0.000 0.000 
0.000 0.000 0.000 0.000 0.000 -0.125 -0.370 -0.738 -0.990 -0.894 -0.543 -0.222 0.000 0.000 
0.000 0.000 0.000 0.000 0.000 0.000 -0.269 -0.612 -0.938 -0.967 -0.670 -0.312 0.000 0.000 
0.000 0.000 0.000 0.000 0.000 0.000 -0.187 -0.486 -0.850 -1.000 -0.791 -0.421 -0.151 0.000 
# 2 0 50 5
-0.925 0.000 0.000 0.000 0.000 
-0.801 -0.142 0.000 0.000 0.000 
-0.646 -0.232 0.000 0.000 0.000 
-0.486 -0.354 0.000 0.000 0.000 
-0.340 -0.501 0.000 0.000 0.000 
-0.340 -0.662 0.000 0.000 0.000 
-0.486 -0.815 0.000 0.000 0.000 
-0.646 -0.935 0.000 0.000 0.000 
-0.801 -1.000 0.000 0.000 0.000 
-0.925 -0.996 0.000 0.000 0.000 
-0.996 -0.925 0.000 0.000 0.000 
-1.000 -0.801 -0.142 0.000 0.000 
-0.935 -0.646 -0.232 0.000 0.000 
-0.815 -0.486 -0.354 0.000 0.000 
-0.662 -0.340 -0.501 0.000 0.000 
-0.501 -0.340 -0.662 0.000 0.000 
-0.354 -0.486 -0.815 0.000 0.000 
-0.232 -0.646 -0.935 0.000 0.000 
-0.142 -0.801 -1.000 0.000 0.000 
0.000 -0.925 -0.996 0.000 0.000 
0.000 -0.996 -0.925 0.000 0.000 
0.000 -1.000 -0.801 -0.142 0.000 
0.000 -0.935 -0.646 -0.232 0.000 
0.000 -0.815 -0.486 -0.354 0.000 
0.000 -0.662 -0.340 -0.501 0.000 
0.000 -0.501 -0.340 -0.662 0.000 
0.000 -0.354 -0.486 -0.815 0.000 
0.000 -0.232 -0.646 -0.935 0.000 
0.000 -0.142 -0.801 -1.000 0.000 
0.000 0.000 -0.925 -0.996 0.000 
0.000 0.000 -0.996 -0.925 0.000 
0.000 0.000 -1.000 -0.801 -0.142 
0.000 0.000 -0.935 -0.646 -0.232 
0.000 0.000 -0.815 -0.486 -0.354 
0.000 0.000 -0.662 -0.340 -0.501 
0.000 0.000 -0.501 -0.340 -0.662 
0.000 0.000 -0.354 -0.486 -0.815 
0.000 0.000 -0.232 -0.646 -0.935 
0.000 0.000 -0.142 -0.801 -1.000 
0.000 0.000 0.000 -0.925 -0.996 
0.000 0.000 0.000 -0.996 -0.925 
0.000 0.000 0.000 -1.000 -0.801 
0.000 0.000 0.000 -0.935 -0.646 
0.000 0.000 0.000 -0.815 -0.486 
0.000 0.000 0.000 -0.662 -0.340 
0.000 0.000 0.000 -0.501 -0.340 
0.000 0.000 0.000 -0.354 -0.486 
0.000 0.000 0.000 -0.232 -0.646 
0.000 0.000 0.000 -0.142 -0.801 
0.000 0.000 0.000 0.000 -0.925 
# 2 1 14 5
-0.753 -0.164 0.000 0.000 0.000 
-0.319 -0.635 0.000 0.000 0.000 
-0.853 -1.000 0.000 0.000 0.000 
-0.929 -0.641 -0.231 0.000 0.000 
-0.411 -0.418 -0.747 0.000 0.000 
0.000 -0.933 -0.983 0.000 0.000 
0.000 -0.848 -0.527 -0.314 0.000 
0.000 -0.314 -0.527 -0.848 0.000 
0.000 0.000 -0.983 -0.933 0.000 
0.000 0.000 -0.747 -0.418 -0.411 
0.000 0.000 -0.231 -0.641 -0.929 
0.000 0.000 0.000 -1.000 -0.853 
0.000 0.000 0.000 -0.635 -0.319 
0.000 0.000 0.000 -0.164 -0.753 
# 2 3 42 5
-0.909 0.000 0.000 0.000 0.000 
-0.753 -0.164 0.000 0.000 0.000 
-0.565 -0.284 0.000 0.000 0.000 
-0.383 -0.446 0.000 0.000 0.000 
-0.319 -0.635 0.000 0.000 0.000 
-0.490 -0.816 0.000 0.000 0.000 
-0.679 -0.950 0.000 0.000 0.000 
-0.853 -1.000 0.000 0.000 0.000 
-0.970 -0.953 0.000 0.000 0.000 
-0.998 -0.822 -0.128 0.000 0.000 
-0.929 -0.641 -0.231 0.000 0.000 
-0.782 -0.453 -0.377 0.000 0.000 
-0.596 -0.289 -0.558 0.000 0.000 
-0.411 -0.418 -0.747 0.000 0.000 
-0.257 -0.603 -0.904 0.000 0.000 
-0.145 -0.788 -0.991 0.000 0.000 
0.000 -0.933 -0.983 0.000 0.000 
0.000 -0.998 -0.883 0.000 0.000 
0.000 -0.967 -0.717 -0.184 0.000 
0.000 -0.848 -0.527 -0.314 0.000 
0.000 -0.673 -0.350 -0.483 0.000 
0.000 -0.483 -0.350 -0.673 0.000 
0.000 -0.314 -0.527 -0.848 0.000 
0.000 -0.184 -0.717 -0.967 0.000 
0.000 0.000 -0.883 -0.998 0.000 
0.000 0.000 -0.983 -0.933 0.000 
0.000 0.000 -0.991 -0.788 -0.145 
0.000 0.000 -0.904 -0.603 -0.257 
0.000 0.000 -0.747 -0.418 -0.411 
0.000 0.000 -0.558 -0.289 -0.596 
0.000 0.000 -0.377 -0.453 -0.782 
0.000 0.000 -0.231 -0.641 -0.929 
0.000 0.000 -0.128 -0.822 -0.998 
0.000 0.000 0.000 -0.953 -0.970 
0.000 0.000 0.000 -1.000 -0.853 
0.000 0.000 0.000 -0.950 -0.679 
0.000 0.000 0.000 -0.816 -0.490 
0.000 0.000 0.000 -0.635 -0.319 
0.000 0.000 0.000 -0.446 -0.383 
0.000 0.000 0.000 -0.284 -0.565 
0.000 0.000 0.000 -0.164 -0.753 
0.000 0.000 0.000 0.000 -0.909 
# 3 0 50 42
0.000 0.000 0.000 0.000 -0.114 -0.266 -0.504 -0.775 -0.967 -0.980 -0.807 -0.540 -0.293 -0.129 0.000 0.000 0.000 0.000 0.000 0.000 0.000 0.000 0.000 0.000 0.000 0.000 0.000 0.000 0.000 0.000 0.000 0.000 0.000 0.000 0.000 0.000 0.000 0.000 0.000 0.000 0.000 0.000 
0.000 0.000 0.000 0.000 0.000 -0.133 -0.299 -0.548 -0.814 -0.983 -0.964 -0.767 -0.496 -0.261 -0.111 0.000 0.000 0.000 0.000 0.000 0.000 0.000 0.000 0.000 0.000 0.000 0.000 0.000 0.000 0.000 0.000 0.000 0.000 0.000 0.000 0.000 0.000 0.000 0.000 0.000 0.000 0.000 
0.000 0.000 0.000 0.000 0.000 0.000 -0.153 -0.334 -0.592 -0.851 -0.994 -0.942 -0.726 -0.454 -0.231 0.000 0.000 0.000 0.000 0.000 0.000 0.000 0.000 0.000 0.000 0.000 0.000 0.000 0.000 0.000 0.000 0.000 0.000 0.000 0.000 0.000 0.000 0.000 0.000 0.000 0.000 0.000 
0.000 0.000 0.000 0.000 0.000 0.000 0.000 -0.176 -0.371 -0.636 -0.885 -0.999 -0.917 -0.683 -0.413 -0.203 0.000 0.000 0.000 0.000 0.000 0.000 0.000 0.000 0.000 0.000 0.000 0.000 0.000 0.000 0.000 0.000 0.000 0.000 0.000 0.000 0.000 0.000 0.000 0.000 0.000 0.000 
0.000 0.000 0.000 0.000 0.000 0.000 0.000 0.000 -0.201 -0.411 -0.680 -0.915 -0.999 -0.887 -0.639 -0.374 -0.178 0.000 0.000 0.000 0.000 0.000 0.000 0.000 0.000 0.000 0.000 0.000 0.000 0.000 0.000 0.000 0.000 0.000 0.000 0.000 0.000 0.000 0.000 0.000 0.000 0.000 
-0.119 0.000 0.000 0.000 0.000 0.000 0.000 0.000 0.000 -0.229 -0.451 -0.723 -0.941 -0.994 -0.853 -0.595 -0.337 -0.155 0.000 0.000 0.000 0.000 0.000 0.000 0.000 0.000 0.000 0.000 0.000 0.000 0.000 0.000 0.000 0.000 0.000 0.000 0.000 0.000 0.000 0.000 0.000 0.000 
-0.243 -0.102 0.000 0.000 0.000 0.000 0.000 0.000 0.000 -0.110 -0.259 -0.494 -0.765 -0.963 -0.984 -0.817 -0.550 -0.301 -0.134 0.000 0.000 0.000 0.000 0.000 0.000 0.000 0.000 0.000 0.000 0.000 0.000 0.000 0.000 0.000 0.000 0.000 0.000 0.000 0.000 0.000 0.000 0.000 
-0.431 -0.215 0.000 0.000 0.000 0.000 0.000 0.000 0.000 0.000 -0.128 -0.291 -0.537 -0.805 -0.980 -0.968 -0.778 -0.507 -0.268 -0.115 0.000 0.000 0.000 0.000 0.000 0.000 0.000 0.000 0.000 0.000 0.000 0.000 0.000 0.000 0.000 0.000 0.000 0.000 0.000 0.000 0.000 0.000 
-0.658 -0.391 -0.188 0.000 0.000 0.000 0.000 0.000 0.000 0.000 0.000 -0.148 -0.325 -0.581 -0.842 -0.992 -0.948 -0.736 -0.464 -0.238 0.000 0.000 0.000 0.000 0.000 0.000 0.000 0.000 0.000 0.000 0.000 0.000 0.000 0.000 0.000 0.000 0.000 0.000 0.000 0.000 0.000 0.000 
-0.868 -0.614 -0.353 -0.164 0.000 0.000 0.000 0.000 0.000 0.000 0.000 0.000 -0.170 -0.362 -0.625 -0.877 -0.998 -0.923 -0.694 -0.423 -0.210 0.000 0.000 0.000 0.000 0.000 0.000 0.000 0.000 0.000 0.000 0.000 0.000 0.000 0.000 0.000 0.000 0.000 0.000 0.000 0.000 0.000 
-0.989 -0.833 -0.570 -0.317 -0.143 0.000 0.000 0.000 0.000 0.000 0.000 0.000 0.000 -0.195 -0.401 -0.669 -0.908 -1.000 -0.894 -0.650 -0.383 -0.184 0.000 0.000 0.000 0.000 0.000 0.000 0.000 0.000 0.000 0.000 0.000 0.000 0.000 0.000 0.000 0.000 0.000 0.000 0.000 0.000 
-0.973 -0.976 -0.795 -0.526 -0.283 -0.123 0.000 0.000 0.000 0.000 0.000 0.000 0.000 0.000 -0.222 -0.441 -0.712 -0.935 -0.996 -0.862 -0.606 -0.346 -0.160 0.000 0.000 0.000 0.000 0.000 0.000 0.000 0.000 0.000 0.000 0.000 0.000 0.000 0.000 0.000 0.000 0.000 0.000 0.000 
-0.826 -0.987 -0.958 -0.755 -0.483 -0.251 -0.106 0.000 0.000 0.000 0.000 0.000 0.000 0.000 -0.106 -0.251 -0.483 -0.755 -0.958 -0.987 -0.826 -0.561 -0.310 -0.139 0.000 0.000 0.000 0.000 0.000 0.000 0.000 0.000 0.000 0.000 0.000 0.000 0.000 0.000 0.000 0.000 0.000 0.000 
-0.606 -0.862 -0.996 -0.935 -0.712 -0.441 -0.222 0.000 0.000 0.000 0.000 0.000 0.000 0.000 0.000 -0.123 -0.283 -0.526 -0.795 -0.976 -0.973 -0.788 -0.518 -0.276 -0.120 0.000 0.000 0.000 0.000 0.000 0.000 0.000 0.000 0.000 0.000 0.000 0.000 0.000 0.000 0.000 0.000 0.000 
-0.383 -0.650 -0.894 -1.000 -0.908 -0.669 -0.401 -0.195 0.000 0.000 0.000 0.000 0.000 0.000 0.000 0.000 -0.143 -0.317 -0.570 -0.833 -0.989 -0.954 -0.747 -0.475 -0.245 -0.103 0.000 0.000 0.000 0.000 0.000 0.000 0.000 0.000 0.000 0.000 0.000 0.000 0.000 0.000 0.000 0.000 
-0.210 -0.423 -0.694 -0.923 -0.998 -0.877 -0.625 -0.362 -0.170 0.000 0.000 0.000 0.000 0.000 0.000 0.000 0.000 -0.164 -0.353 -0.614 -0.868 -0.997 -0.930 -0.704 -0.433 -0.216 0.000 0.000 0.000 0.000 0.000 0.000 0.000 0.000 0.000 0.000 0.000 0.000 0.000 0.000 0.000 0.000 
0.000 -0.238 -0.464 -0.736 -0.948 -0.992 -0.842 -0.581 -0.325 -0.148 0.000 0.000 0.000 0.000 0.000 0.000 0.000 0.000 -0.188 -0.391 -0.658 -0.900 -1.000 -0.902 -0.661 -0.393 -0.190 0.000 0.000 0.000 0.000 0.000 0.000 0.000 0.000 0.000 0.000 0.000 0.000 0.000 0.000 0.000 
0.000 -0.115 -0.268 -0.507 -0.778 -0.968 -0.980 -0.805 -0.537 -0.291 -0.128 0.000 0.000 0.000 0.000 0.000 0.000 0.000 0.000 -0.215 -0.431 -0.702 -0.928 -0.998 -0.870 -0.617 -0.355 -0.166 0.000 0.000 0.000 0.000 0.000 0.000 0.000 0.000 0.000 0.000 0.000 0.000 0.000 0.000 
0.000 0.000 -0.134 -0.301 -0.550 -0.817 -0.984 -0.963 -0.765 -0.494 -0.259 -0.110 0.000 0.000 0.000 0.000 0.000 0.000 0.000 -0.102 -0.243 -0.472 -0.744 -0.952 -0.990 -0.835 -0.573 -0.319 -0.144 0.000 0.000 0.000 0.000 0.000 0.000 0.000 0.000 0.000 0.000 0.000 0.000 0.000 
0.000 0.000 0.000 -0.155 -0.337 -0.595 -0.853 -0.994 -0.941 -0.723 -0.451 -0.229 0.000 0.000 0.000 0.000 0.000 0.000 0.000 0.000 -0.119 -0.274 -0.515 -0.785 -0.972 -0.977 -0.797 -0.529 -0.285 -0.124 0.000 0.000 0.000 0.000 0.000 0.000 0.000 0.000 0.000 0.000 0.000 0.000 
0.000 0.000 0.000 0.000 -0.178 -0.374 -0.639 -0.887 -0.999 -0.915 -0.680 -0.411 -0.201 0.000 0.000 0.000 0.000 0.000 0.000 0.000 0.000 -0.138 -0.308 -0.559 -0.824 -0.986 -0.959 -0.757 -0.485 -0.253 -0.107 0.000 0.000 0.000 0.000 0.000 0.000 0.000 0.000 0.000 0.000 0.000 
0.000 0.000 0.000 0.000 0.000 -0.203 -0.413 -0.683 -0.917 -0.999 -0.885 -0.636 -0.371 -0.176 0.000 0.000 0.000 0.000 0.000 0.000 0.000 0.000 -0.159 -0.343 -0.603 -0.860 -0.996 -0.936 -0.715 -0.444 -0.223 0.000 0.000 0.000 0.000 0.000 0.000 0.000 0.000 0.000 0.000 0.000 
0.000 0.000 0.000 0.000 0.000 0.000 -0.231 -0.454 -0.726 -0.942 -0.994 -0.851 -0.592 -0.334 -0.153 0.000 0.000 0.000 0.000 0.000 0.000 0.000 0.000 -0.182 -0.381 -0.647 -0.893 -1.000 -0.909 -0.672 -0.403 -0.196 0.000 0.000 0.000 0.000 0.000 0.000 0.000 0.000 0.000 0.000 
0.000 0.000 0.000 0.000 0.000 0.000 -0.111 -0.261 -0.496 -0.767 -0.964 -0.983 -0.814 -0.548 -0.299 -0.133 0.000 0.000 0.000 0.000 0.000 0.000 0.000 0.000 -0.208 -0.421 -0.691 -0.922 -0.999 -0.879 -0.628 -0.364 -0.172 0.000 0.000 0.000 0.000 0.000 0.000 0.000 0.000 0.000 
0.000 0.000 0.000 0.000 0.000 0.000 0.000 -0.129 -0.293 -0.540 -0.807 -0.980 -0.967 -0.775 -0.504 -0.266 -0.114 0.000 0.000 0.000 0.000 0.000 0.000 0.000 0.000 -0.236 -0.462 -0.734 -0.947 -0.992 -0.844 -0.584 -0.328 -0.149 0.000 0.000 0.000 0.000 0.000 0.000 0.000 0.000 
0.000 0.000 0.000 0.000 0.000 0.000 0.000 0.000 -0.149 -0.328 -0.584 -0.844 -0.992 -0.947 -0.734 -0.462 -0.236 0.000 0.000 0.000 0.000 0.000 0.000 0.000 0.000 -0.114 -0.266 -0.504 -0.775 -0.967 -0.980 -0.807 -0.540 -0.293 -0.129 0.000 0.000 0.000 0.000 0.000 0.000 0.000 
0.000 0.000 0.000 0.000 0.000 0.000 0.000 0.000 0.000 -0.172 -0.364 -0.628 -0.879 -0.999 -0.922 -0.691 -0.421 -0.208 0.000 0.000 0.000 0.000 0.000 0.000 0.000 0.000 -0.133 -0.299 -0.548 -0.814 -0.983 -0.964 -0.767 -0.496 -0.261 -0.111 0.000 0.000 0.000 0.000 0.000 0.000 
0.000 0.000 0.000 0.000 0.000 0.000 0.000 0.000 0.000 0.000 -0.196 -0.403 -0.672 -0.909 -1.000 -0.893 -0.647 -0.381 -0.182 0.000 0.000 0.000 0.000 0.000 0.000 0.000 0.000 -0.153 -0.334 -0.592 -0.851 -0.994 -0.942 -0.726 -0.454 -0.231 0.000 0.000 0.000 0.000 0.000 0.000 
0.000 0.000 0.000 0.000 0.000 0.000 0.000 0.000 0.000 0.000 0.000 -0.223 -0.444 -0.715 -0.936 -0.996 -0.860 -0.603 -0.343 -0.159 0.000 0.000 0.000 0.000 0.000 0.000 0.000 0.000 -0.176 -0.371 -0.636 -0.885 -0.999 -0.917 -0.683 -0.413 -0.203 0.000 0.000 0.000 0.000 0.000 
0.000 0.000 0.000 0.000 0.000 0.000 0.000 0.000 0.000 0.000 0.000 -0.107 -0.253 -0.485 -0.757 -0.959 -0.986 -0.824 -0.559 -0.308 -0.138 0.000 0.000 0.000 0.000 0.000 0.000 0.000 0.000 -0.201 -0.411 -0.680 -0.915 -0.999 -0.887 -0.639 -0.374 -0.178 0.000 0.000 0.000 0.000 
0.000 0.000 0.000 0.000 0.000 0.000 0.000 0.000 0.000 0.000 0.000 0.000 -0.124 -0.285 -0.529 -0.797 -0.977 -0.972 -0.785 -0.515 -0.274 -0.119 0.000 0.000 0.000 0.000 0.000 0.000 0.000 0.000 -0.229 -0.451 -0.723 -0.941 -0.994 -0.853 -0.595 -0.337 -0.155 0.000 0.000 0.000 
0.000 0.000 0.000 0.000 0.000 0.000 0.000 0.000 0.000 0.000 0.000 0.000 0.000 -0.144 -0.319 -0.573 -0.835 -0.990 -0.952 -0.744 -0.472 -0.243 -0.102 0.000 0.000 0.000 0.000 0.000 0.000 0.000 -0.110 -0.259 -0.494 -0.765 -0.963 -0.984 -0.817 -0.550 -0.301 -0.134 0.000 0.000 
0.000 0.000 0.000 0.000 0.000 0.000 0.000 0.000 0.000 0.000 0.000 0.000 0.000 0.000 -0.166 -0.355 -0.617 -0.870 -0.998 -0.928 -0.702 -0.431 -0.215 0.000 0.000 0.000 0.000 0.000 0.000 0.000 0.000 -0.128 -0.291 -0.537 -0.805 -0.980 -0.968 -0.778 -0.507 -0.268 -0.115 0.000 
0.000 0.000 0.000 0.000 0.000 0.000 0.000 0.000 0.000 0.000 0.000 0.000 0.000 0.000 0.000 -0.190 -0.393 -0.661 -0.902 -1.000 -0.900 -0.658 -0.391 -0.188 0.000 0.000 0.000 0.000 0.000 0.000 0.000 0.000 -0.148 -0.325 -0.581 -0.842 -0.992 -0.948 -0.736 -0.464 -0.238 0.000 
0.000 0.000 0.000 0.000 0.000 0.000 0.000 0.000 0.000 0.000 0.000 0.000 0.000 0.000 0.000 0.000 -0.216 -0.433 -0.704 -0.930 -0.997 -0.868 -0.614 -0.353 -0.164 0.000 0.000 0.000 0.000 0.000 0.000 0.000 0.000 -0.170 -0.362 -0.625 -0.877 -0.998 -0.923 -0.694 -0.423 -0.210 
0.000 0.000 0.000 0.000 0.000 0.000 0.000 0.000 0.000 0.000 0.000 0.000 0.000 0.000 0.000 0.000 -0.103 -0.245 -0.475 -0.747 -0.954 -0.989 -0.833 -0.570 -0.317 -0.143 0.000 0.000 0.000 0.000 0.000 0.000 0.000 0.000 -0.195 -0.401 -0.669 -0.908 -1.000 -0.894 -0.650 -0.383 
0.000 0.000 0.000 0.000 0.000 0.000 0.000 0.000 0.000 0.000 0.000 0.000 0.000 0.000 0.000 0.000 0.000 -0.120 -0.276 -0.518 -0.788 -0.973 -0.976 -0.795 -0.526 -0.283 -0.123 0.000 0.000 0.000 0.000 0.000 0.000 0.000 0.000 -0.222 -0.441 -0.712 -0.935 -0.996 -0.862 -0.606 
0.000 0.000 0.000 0.000 0.000 0.000 0.000 0.000 0.000 0.000 0.000 0.000 0.000 0.000 0.000 0.000 0.000 0.000 -0.139 -0.310 -0.561 -0.826 -0.987 -0.958 -0.755 -0.483 -0.251 -0.106 0.000 0.000 0.000 0.000 0.000 0.000 0.000 -0.106 -0.251 -0.483 -0.755 -0.958 -0.987 -0.826 
0.000 0.000 0.000 0.000 0.000 0.000 0.000 0.000 0.000 0.000 0.000 0.000 0.000 0.000 0.000 0.000 0.000 0.000 0.000 -0.160 -0.346 -0.606 -0.862 -0.996 -0.935 -0.712 -0.441 -0.222 0.000 0.000 0.000 0.000 0.000 0.000 0.000 0.000 -0.123 -0.283 -0.526 -0.795 -0.976 -0.973 
0.000 0.000 0.000 0.000 0.000 0.000 0.000 0.000 0.000 0.000 0.000 0.000 0.000 0.000 0.000 0.000 0.000 0.000 0.000 0.000 -0.184 -0.383 -0.650 -0.894 -1.000 -0.908 -0.669 -0.401 -0.195 0.000 0.000 0.000 0.000 0.000 0.000 0.000 0.000 -0.143 -0.317 -0.570 -0.833 -0.989 
0.000 0.000 0.000 0.000 0.000 0.000 0.000 0.000 0.000 0.000 0.000 0.000 0.000 0.000 0.000 0.000 0.000 0.000 0.000 0.000 0.000 -0.210 -0.423 -0.694 -0.923 -0.998 -0.877 -0.625 -0.362 -0.170 0.000 0.000 0.000 0.000 0.000 0.000 0.000 0.000 -0.164 -0.353 -0.614 -0.868 
0.000 0.000 0.000 0.000 0.000 0.000 0.000 0.000 0.000 0.000 0.000 0.000 0.000 0.000 0.000 0.000 0.000 0.000 0.000 0.000 0.000 0.000 -0.238 -0.464 -0.736 -0.948 -0.992 -0.842 -0.581 -0.325 -0.148 0.000 0.000 0.000 0.000 0.000 0.000 0.000 0.000 -0.188 -0.391 -0.658 
0.000 0.000 0.000 0.000 0.000 0.000 0.000 0.000 0.000 0.000 0.000 0.000 0.000 0.000 0.000 0.000 0.000 0.000 0.000 0.000 0.000 0.000 -0.115 -0.268 -0.507 -0.778 -0.968 -0.980 -0.805 -0.537 -0.291 -0.128 0.000 0.000 0.000 0.000 0.000 0.000 0.000 0.000 -0.215 -0.431 
0.000 0.000 0.000 0.000 0.000 0.000 0.000 0.000 0.000 0.000 0.000 0.000 0.000 0.000 0.000 0.000 0.000 0.000 0.000 0.000 0.000 0.000 0.000 -0.134 -0.301 -0.550 -0.817 -0.984 -0.963 -0.765 -0.494 -0.259 -0.110 0.000 0.000 0.000 0.000 0.000 0.000 0.000 -0.102 -0.243 
0.000 0.000 0.000 0.000 0.000 0.000 0.000 0.000 0.000 0.000 0.000 0.000 0.000 0.000 0.000 0.000 0.000 0.000 0.000 0.000 0.000 0.000 0.000 0.000 -0.155 -0.337 -0.595 -0.853 -0.994 -0.941 -0.723 -0.451 -0.229 0.000 0.000 0.000 0.000 0.000 0.000 0.000 0.000 -0.119 
0.000 0.000 0.000 0.000 0.000 0.000 0.000 0.000 0.000 0.000 0.000 0.000 0.000 0.000 0.000 0.000 0.000 0.000 0.000 0.000 0.000 0.000 0.000 0.000 0.000 -0.178 -0.374 -0.639 -0.887 -0.999 -0.915 -0.680 -0.411 -0.201 0.000 0.000 0.000 0.000 0.000 0.000 0.000 0.000 
0.000 0.000 0.000 0.000 0.000 0.000 0.000 0.000 0.000 0.000 0.000 0.000 0.000 0.000 0.000 0.000 0.000 0.000 0.000 0.000 0.000 0.000 0.000 0.000 0.000 0.000 -0.203 -0.413 -0.683 -0.917 -0.999 -0.885 -0.636 -0.371 -0.176 0.000 0.000 0.000 0.000 0.000 0.000 0.000 
0.000 0.000 0.000 0.000 0.000 0.000 0.000 0.000 0.000 0.000 0.000 0.000 0.000 0.000 0.000 0.000 0.000 0.000 0.000 0.000 0.000 0.000 0.000 0.000 0.000 0.000 0.000 -0.231 -0.454 -0.726 -0.942 -0.994 -0.851 -0.592 -0.334 -0.153 0.000 0.000 0.000 0.000 0.000 0.000 
0.000 0.000 0.000 0.000 0.000 0.000 0.000 0.000 0.000 0.000 0.000 0.000 0.000 0.000 0.000 0.000 0.000 0.000 0.000 0.000 0.000 0.000 0.000 0.000 0.000 0.000 0.000 -0.111 -0.261 -0.496 -0.767 -0.964 -0.983 -0.814 -0.548 -0.299 -0.133 0.000 0.000 0.000 0.000 0.000 
0.000 0.000 0.000 0.000 0.000 0.000 0.000 0.000 0.000 0.000 0.000 0.000 0.000 0.000 0.000 0.000 0.000 0.000 0.000 0.000 0.000 0.000 0.000 0.000 0.000 0.000 0.000 0.000 -0.129 -0.293 -0.540 -0.807 -0.980 -0.967 -0.775 -0.504 -0.266 -0.114 0.000 0.000 0.000 0.000 
# 3 1 14 42
0.000 0.000 0.000 0.000 0.000 -0.107 -0.254 -0.489 -0.765 -0.970 -1.000 -0.837 -0.569 -0.314 -0.141 0.000 0.000 0.000 0.000 0.000 0.000 0.000 0.000 0.000 0.000 0.000 0.000 0.000 0.000 0.000 0.000 0.000 0.000 0.000 0.000 0.000 0.000 0.000 0.000 0.000 0.000 0.000 
-0.107 0.000 0.000 0.000 0.000 0.000 0.000 0.000 -0.107 -0.254 -0.489 -0.765 -0.970 -1.000 -0.837 -0.569 -0.314 -0.141 0.000 0.000 0.000 0.000 0.000 0.000 0.000 0.000 0.000 0.000 0.000 0.000 0.000 0.000 0.000 0.000 0.000 0.000 0.000 0.000 0.000 0.000 0.000 0.000 
-0.765 -0.489 -0.254 -0.107 0.000 0.000 0.000 0.000 0.000 0.000 0.000 -0.107 -0.254 -0.489 -0.765 -0.970 -1.000 -0.837 -0.569 -0.314 -0.141 0.000 0.000 0.000 0.000 0.000 0.000 0.000 0.000 0.000 0.000 0.000 0.000 0.000 0.000 0.000 0.000 0.000 0.000 0.000 0.000 0.000 
-0.837 -1.000 -0.970 -0.765 -0.489 -0.254 -0.107 0.000 0.000 0.000 0.000 0.000 0.000 0.000 -0.107 -0.254 -0.489 -0.765 -0.970 -1.000 -0.837 -0.569 -0.314 -0.141 0.000 0.000 0.000 0.000 0.000 0.000 0.000 0.000 0.000 0.000 0.000 0.000 0.000 0.000 0.000 0.000 0.000 0.000 
-0.141 -0.314 -0.569 -0.837 -1.000 -0.970 -0.765 -0.489 -0.254 -0.107 0.000 0.000 0.000 0.000 0.000 0.000 0.000 -0.107 -0.254 -0.489 -0.765 -0.970 -1.000 -0.837 -0.569 -0.314 -0.141 0.000 0.000 0.000 0.000 0.000 0.000 0.000 0.000 0.000 0.000 0.000 0.000 0.000 0.000 0.000 
0.000 0.000 0.000 -0.141 -0.314 -0.569 -0.837 -1.000 -0.970 -0.765 -0.489 -0.254 -0.107 0.000 0.000 0.000 0.000 0.000 0.000 0.000 -0.107 -0.254 -0.489 -0.765 -0.970 -1.000 -0.837 -0.569 -0.314 -0.141 0.000 0.000 0.000 0.000 0.000 0.000 0.000 0.000 0.000 0.000 0.000 0.000 
0.000 0.000 0.000 0.000 0.000 0.000 -0.141 -0.314 -0.569 -0.837 -1.000 -0.970 -0.765 -0.489 -0.254 -0.107 0.000 0.000 0.000 0.000 0.000 0.000 0.000 -0.107 -0.254 -0.489 -0.765 -0.970 -1.000 -0.837 -0.569 -0.314 -0.141 0.000 0.000 0.000 0.000 0.000 0.000 0.000 0.000 0.000 
0.000 0.000 0.000 0.000 0.000 0.000 0.000 0.000 0.000 -0.141 -0.314 -0.569 -0.837 -1.000 -0.970 -0.765 -0.489 -0.254 -0.107 0.000 0.000 0.000 0.000 0.000 0.000 0.000 -0.107 -0.254 -0.489 -0.765 -0.970 -1.000 -0.837 -0.569 -0.314 -0.141 0.000 0.000 0.000 0.000 0.000 0.000 
0.000 0.000 0.000 0.000 0.000 0.000 0.000 0.000 0.000 0.000 0.000 0.000 -0.141 -0.314 -0.569 -0.837 -1.000 -0.970 -0.765 -0.489 -0.254 -0.107 0.000 0.000 0.000 0.000 0.000 0.000 0.000 -0.107 -0.254 -0.489 -0.765 -0.970 -1.000 -0.837 -0.569 -0.314 -0.141 0.000 0.000 0.000 
0.000 0.000 0.000 0.000 0.000 0.000 0.000 0.000 0.000 0.000 0.000 0.000 0.000 0.000 0.000 -0.141 -0.314 -0.569 -0.837 -1.000 -0.970 -0.765 -0.489 -0.254 -0.107 0.000 0.000 0.000 0.000 0.000 0.000 0.000 -0.107 -0.254 -0.489 -0.765 -0.970 -1.000 -0.837 -0.569 -0.314 -0.141 
0.000 0.000 0.000 0.000 0.000 0.000 0.000 0.000 0.000 0.000 0.000 0.000 0.000 0.000 0.000 0.000 0.000 0.000 -0.141 -0.314 -0.569 -0.837 -1.000 -0.970 -0.765 -0.489 -0.254 -0.107 0.000 0.000 0.000 0.000 0.000 0.000 0.000 -0.107 -0.254 -0.489 -0.765 -0.970 -1.000 -0.837 
0.000 0.000 0.000 0.000 0.000 0.000 0.000 0.000 0.000 0.000 0.000 0.000 0.000 0.000 0.000 0.000 0.000 0.000 0.000 0.000 0.000 -0.141 -0.314 -0.569 -0.837 -1.000 -0.970 -0.765 -0.489 -0.254 -0.107 0.000 0.000 0.000 0.000 0.000 0.000 0.000 -0.107 -0.254 -0.489 -0.765 
0.000 0.000 0.000 0.000 0.000 0.000 0.000 0.000 0.000 0.000 0.000 0.000 0.000 0.000 0.000 0.000 0.000 0.000 0.000 0.000 0.000 0.000 0.000 0.000 -0.141 -0.314 -0.569 -0.837 -1.000 -0.970 -0.765 -0.489 -0.254 -0.107 0.000 0.000 0.000 0.000 0.000 0.000 0.000 -0.107 
0.000 0.000 0.000 0.000 0.000 0.000 0.000 0.000 0.000 0.000 0.000 0.000 0.000 0.000 0.000 0.000 0.000 0.000 0.000 0.000 0.000 0.000 0.000 0.000 0.000 0.000 0.000 -0.141 -0.314 -0.569 -0.837 -1.000 -0.970 -0.765 -0.489 -0.254 -0.107 0.000 0.000 0.000 0.000 0.000 
# 3 2 5 42
0.000 0.000 0.000 0.000 0.000 0.000 0.000 0.000 -0.141 -0.313 -0.566 -0.830 -0.990 -0.958 -0.754 -0.481 -0.250 -0.105 0.000 0.000 0.000 0.000 0.000 0.000 0.000 0.000 0.000 0.000 0.000 0.000 0.000 0.000 0.000 0.000 0.000 0.000 0.000 0.000 0.000 0.000 0.000 0.000 
-0.289 -0.535 -0.804 -0.981 -0.972 -0.782 -0.511 -0.271 -0.117 0.000 0.000 0.000 0.000 0.000 0.000 0.000 0.000 -0.233 -0.458 -0.730 -0.946 -0.995 -0.851 -0.590 -0.333 -0.152 0.000 0.000 0.000 0.000 0.000 0.000 0.000 0.000 0.000 0.000 0.000 0.000 0.000 0.000 0.000 0.000 
0.000 0.000 0.000 0.000 0.000 0.000 0.000 0.000 -0.213 -0.429 -0.701 -0.929 -1.000 -0.874 -0.621 -0.358 -0.168 0.000 0.000 0.000 0.000 0.000 0.000 0.000 0.000 -0.168 -0.358 -0.621 -0.874 -1.000 -0.929 -0.701 -0.429 -0.213 0.000 0.000 0.000 0.000 0.000 0.000 0.000 0.000 
0.000 0.000 0.000 0.000 0.000 0.000 0.000 0.000 0.000 0.000 0.000 0.000 0.000 0.000 0.000 0.000 -0.152 -0.333 -0.590 -0.851 -0.995 -0.946 -0.730 -0.458 -0.233 0.000 0.000 0.000 0.000 0.000 0.000 0.000 0.000 -0.117 -0.271 -0.511 -0.782 -0.972 -0.981 -0.804 -0.535 -0.289 
0.000 0.000 0.000 0.000 0.000 0.000 0.000 0.000 0.000 0.000 0.000 0.000 0.000 0.000 0.000 0.000 0.000 0.000 0.000 0.000 0.000 0.000 0.000 0.000 -0.105 -0.250 -0.481 -0.754 -0.958 -0.990 -0.830 -0.566 -0.313 -0.141 0.000 0.000 0.000 0.000 0.000 0.000 0.000 0.000 
