3.562978
3
# 0 1 48 50
0.104 0.131 0.164 0.203 0.248 0.298 0.354 0.415 0.480 0.548 0.617 0.686 0.753 0.816 0.872 0.920 0.957 0.984 0.998 0.999 0.987 0.962 0.926 0.880 0.825 0.763 0.697 0.628 0.559 0.490 0.425 0.363 0.306 0.255 0.209 0.170 0.136 0.107 0.000 0.000 0.000 0.000 0.000 0.000 0.000 0.000 0.000 0.000 0.000 0.000 
0.133 0.105 0.130 0.163 0.201 0.246 0.296 0.352 0.413 0.477 0.545 0.615 0.684 0.751 0.813 0.870 0.918 0.956 0.983 0.998 0.999 0.988 0.964 0.928 0.882 0.827 0.766 0.700 0.631 0.562 0.493 0.428 0.366 0.309 0.257 0.211 0.171 0.137 0.108 0.000 0.000 0.000 0.000 0.000 0.000 0.000 0.000 0.000 0.000 0.000 
0.169 0.135 0.106 0.128 0.161 0.200 0.244 0.294 0.349 0.410 0.475 0.542 0.612 0.681 0.748 0.811 0.867 0.916 0.955 0.982 0.997 0.999 0.988 0.965 0.930 0.884 0.830 0.768 0.703 0.634 0.564 0.496 0.430 0.368 0.311 0.259 0.213 0.173 0.138 0.109 0.000 0.000 0.000 0.000 0.000 0.000 0.000 0.000 0.000 0.000 
0.210 0.170 0.136 0.107 0.127 0.160 0.198 0.242 0.292 0.347 0.407 0.472 0.540 0.609 0.678 0.745 0.808 0.865 0.914 0.953 0.981 0.997 0.999 0.989 0.966 0.931 0.886 0.832 0.771 0.705 0.637 0.567 0.499 0.433 0.371 0.313 0.261 0.215 0.174 0.139 0.110 0.000 0.000 0.000 0.000 0.000 0.000 0.000 0.000 0.000 
0.258 0.212 0.172 0.137 0.108 0.126 0.158 0.196 0.240 0.289 0.345 0.405 0.469 0.537 0.606 0.675 0.742 0.806 0.863 0.912 0.952 0.980 0.996 1.000 0.990 0.967 0.933 0.888 0.834 0.774 0.708 0.640 0.570 0.502 0.436 0.373 0.316 0.263 0.217 0.176 0.141 0.111 0.000 0.000 0.000 0.000 0.000 0.000 0.000 0.000 
0.312 0.260 0.214 0.173 0.139 0.109 0.125 0.157 0.194 0.238 0.287 0.342 0.402 0.466 0.534 0.603 0.672 0.740 0.803 0.861 0.910 0.950 0.979 0.996 1.000 0.990 0.968 0.935 0.890 0.837 0.776 0.711 0.643 0.573 0.505 0.438 0.376 0.318 0.265 0.218 0.177 0.142 0.112 0.000 0.000 0.000 0.000 0.000 0.000 0.000 
0.372 0.314 0.262 0.215 0.175 0.140 0.110 0.123 0.155 0.193 0.236 0.285 0.340 0.400 0.464 0.531 0.600 0.669 0.737 0.801 0.858 0.909 0.949 0.978 0.996 1.000 0.991 0.970 0.936 0.892 0.839 0.779 0.714 0.645 0.576 0.507 0.441 0.378 0.320 0.267 0.220 0.179 0.144 0.113 0.000 0.000 0.000 0.000 0.000 0.000 
0.436 0.374 0.316 0.264 0.217 0.176 0.141 0.112 0.122 0.154 0.191 0.234 0.283 0.337 0.397 0.461 0.528 0.597 0.667 0.734 0.798 0.856 0.907 0.948 0.977 0.995 1.000 0.992 0.971 0.938 0.894 0.842 0.782 0.717 0.648 0.579 0.510 0.444 0.381 0.322 0.269 0.222 0.181 0.145 0.115 0.000 0.000 0.000 0.000 0.000 
0.505 0.439 0.377 0.319 0.266 0.219 0.178 0.143 0.113 0.121 0.152 0.189 0.232 0.281 0.335 0.394 0.458 0.525 0.594 0.664 0.731 0.795 0.854 0.905 0.946 0.976 0.995 1.000 0.992 0.972 0.939 0.896 0.844 0.784 0.719 0.651 0.582 0.513 0.446 0.383 0.325 0.272 0.224 0.182 0.146 0.116 0.000 0.000 0.000 0.000 
0.577 0.508 0.442 0.379 0.321 0.268 0.221 0.180 0.144 0.114 0.120 0.151 0.188 0.230 0.279 0.333 0.392 0.455 0.522 0.591 0.661 0.729 0.793 0.852 0.903 0.945 0.975 0.994 1.000 0.993 0.973 0.941 0.898 0.846 0.787 0.722 0.654 0.585 0.516 0.449 0.386 0.327 0.274 0.226 0.184 0.148 0.117 0.000 0.000 0.000 
0.649 0.580 0.511 0.445 0.382 0.323 0.270 0.223 0.181 0.145 0.115 0.118 0.150 0.186 0.228 0.276 0.330 0.389 0.453 0.520 0.589 0.658 0.726 0.790 0.849 0.901 0.943 0.974 0.994 1.000 0.993 0.974 0.942 0.900 0.849 0.789 0.725 0.657 0.588 0.519 0.452 0.388 0.329 0.276 0.228 0.186 0.149 0.118 0.000 0.000 
0.720 0.652 0.583 0.514 0.447 0.384 0.326 0.272 0.225 0.183 0.147 0.116 0.117 0.148 0.184 0.226 0.274 0.328 0.387 0.450 0.517 0.586 0.655 0.723 0.788 0.847 0.899 0.941 0.973 0.993 1.000 0.994 0.975 0.944 0.902 0.851 0.792 0.728 0.660 0.590 0.522 0.455 0.391 0.332 0.278 0.230 0.187 0.150 0.119 0.000 
0.788 0.723 0.655 0.586 0.517 0.450 0.387 0.328 0.274 0.226 0.184 0.148 0.117 0.116 0.147 0.183 0.225 0.272 0.326 0.384 0.447 0.514 0.583 0.652 0.720 0.785 0.845 0.897 0.940 0.972 0.992 1.000 0.994 0.976 0.946 0.904 0.853 0.795 0.730 0.663 0.593 0.524 0.457 0.394 0.334 0.280 0.232 0.189 0.152 0.120 
0.849 0.790 0.726 0.658 0.589 0.520 0.453 0.389 0.330 0.276 0.228 0.186 0.150 0.118 0.115 0.145 0.181 0.223 0.270 0.323 0.382 0.445 0.511 0.580 0.649 0.717 0.783 0.842 0.895 0.938 0.971 0.992 1.000 0.995 0.977 0.947 0.906 0.855 0.797 0.733 0.666 0.596 0.527 0.460 0.396 0.337 0.282 0.233 0.190 0.153 
0.903 0.852 0.793 0.729 0.661 0.591 0.522 0.455 0.392 0.333 0.279 0.230 0.188 0.151 0.120 0.114 0.144 0.180 0.221 0.268 0.321 0.379 0.442 0.508 0.577 0.646 0.715 0.780 0.840 0.893 0.937 0.970 0.991 1.000 0.995 0.978 0.949 0.908 0.858 0.800 0.736 0.668 0.599 0.530 0.463 0.399 0.339 0.284 0.235 0.192 
0.946 0.905 0.854 0.795 0.731 0.664 0.594 0.525 0.458 0.394 0.335 0.281 0.232 0.189 0.152 0.121 0.113 0.143 0.178 0.219 0.266 0.319 0.377 0.439 0.505 0.574 0.644 0.712 0.777 0.838 0.891 0.935 0.969 0.991 1.000 0.996 0.979 0.950 0.910 0.860 0.802 0.739 0.671 0.602 0.533 0.466 0.401 0.341 0.287 0.237 
0.977 0.948 0.907 0.856 0.798 0.734 0.667 0.597 0.528 0.461 0.397 0.337 0.283 0.234 0.191 0.154 0.122 0.112 0.141 0.176 0.217 0.264 0.316 0.374 0.436 0.503 0.571 0.641 0.709 0.775 0.835 0.889 0.933 0.968 0.990 1.000 0.996 0.980 0.951 0.912 0.862 0.805 0.741 0.674 0.605 0.536 0.468 0.404 0.344 0.289 
0.996 0.978 0.949 0.909 0.858 0.801 0.737 0.669 0.600 0.531 0.464 0.400 0.340 0.285 0.236 0.193 0.155 0.123 0.110 0.140 0.175 0.215 0.262 0.314 0.372 0.434 0.500 0.568 0.638 0.706 0.772 0.833 0.887 0.932 0.966 0.989 0.999 0.997 0.981 0.953 0.914 0.864 0.807 0.744 0.677 0.608 0.539 0.471 0.406 0.346 
1.000 0.996 0.979 0.950 0.910 0.861 0.803 0.740 0.672 0.603 0.534 0.466 0.402 0.342 0.287 0.238 0.194 0.157 0.125 0.109 0.139 0.173 0.214 0.260 0.312 0.369 0.431 0.497 0.565 0.635 0.703 0.769 0.830 0.885 0.930 0.965 0.989 0.999 0.997 0.982 0.954 0.915 0.867 0.810 0.747 0.680 0.611 0.541 0.474 0.409 
0.990 1.000 0.996 0.980 0.952 0.912 0.863 0.806 0.742 0.675 0.606 0.537 0.469 0.405 0.345 0.289 0.240 0.196 0.158 0.126 0.108 0.137 0.172 0.212 0.258 0.309 0.367 0.428 0.494 0.563 0.632 0.701 0.767 0.828 0.883 0.928 0.964 0.988 0.999 0.997 0.983 0.956 0.917 0.869 0.812 0.750 0.683 0.614 0.544 0.477 
0.966 0.989 0.999 0.997 0.981 0.953 0.914 0.865 0.808 0.745 0.678 0.609 0.540 0.472 0.407 0.347 0.292 0.242 0.198 0.160 0.127 0.107 0.136 0.170 0.210 0.256 0.307 0.364 0.426 0.491 0.560 0.629 0.698 0.764 0.826 0.880 0.927 0.963 0.987 0.999 0.998 0.984 0.957 0.919 0.871 0.815 0.752 0.686 0.617 0.547 
0.930 0.965 0.988 0.999 0.997 0.982 0.955 0.916 0.867 0.811 0.748 0.681 0.612 0.542 0.475 0.410 0.349 0.294 0.244 0.200 0.161 0.128 0.106 0.135 0.169 0.208 0.254 0.305 0.362 0.423 0.489 0.557 0.626 0.695 0.761 0.823 0.878 0.925 0.961 0.986 0.999 0.998 0.984 0.958 0.921 0.873 0.817 0.755 0.688 0.619 
0.882 0.928 0.964 0.988 0.999 0.998 0.983 0.956 0.918 0.870 0.813 0.751 0.684 0.615 0.545 0.477 0.413 0.352 0.296 0.246 0.201 0.163 0.130 0.105 0.133 0.167 0.206 0.252 0.303 0.359 0.420 0.486 0.554 0.623 0.692 0.759 0.821 0.876 0.923 0.960 0.986 0.998 0.998 0.985 0.960 0.923 0.875 0.820 0.758 0.691 
0.825 0.880 0.926 0.962 0.987 0.999 0.998 0.984 0.957 0.920 0.872 0.816 0.753 0.686 0.617 0.548 0.480 0.415 0.354 0.298 0.248 0.203 0.164 0.131 0.104 0.132 0.166 0.205 0.250 0.300 0.357 0.418 0.483 0.551 0.620 0.689 0.756 0.818 0.874 0.921 0.959 0.985 0.998 0.999 0.986 0.961 0.924 0.878 0.822 0.760 
0.760 0.822 0.878 0.924 0.961 0.986 0.999 0.998 0.985 0.959 0.921 0.874 0.818 0.756 0.689 0.620 0.551 0.483 0.418 0.357 0.300 0.250 0.205 0.166 0.132 0.104 0.131 0.164 0.203 0.248 0.298 0.354 0.415 0.480 0.548 0.617 0.686 0.753 0.816 0.872 0.920 0.957 0.984 0.998 0.999 0.987 0.962 0.926 0.880 0.825 
0.691 0.758 0.820 0.875 0.923 0.960 0.985 0.998 0.998 0.986 0.960 0.923 0.876 0.821 0.759 0.692 0.623 0.554 0.486 0.420 0.359 0.303 0.252 0.206 0.167 0.133 0.105 0.130 0.163 0.201 0.246 0.296 0.352 0.413 0.477 0.545 0.615 0.684 0.751 0.813 0.870 0.918 0.956 0.983 0.998 0.999 0.988 0.964 0.928 0.882 
0.619 0.688 0.755 0.817 0.873 0.921 0.958 0.984 0.998 0.999 0.986 0.961 0.925 0.878 0.823 0.761 0.695 0.626 0.557 0.489 0.423 0.362 0.305 0.254 0.208 0.169 0.135 0.106 0.128 0.161 0.200 0.244 0.294 0.349 0.410 0.475 0.542 0.612 0.681 0.748 0.811 0.867 0.916 0.955 0.982 0.997 0.999 0.988 0.965 0.930 
0.547 0.617 0.686 0.752 0.815 0.871 0.919 0.957 0.984 0.998 0.999 0.987 0.963 0.927 0.880 0.826 0.764 0.698 0.629 0.560 0.491 0.426 0.364 0.307 0.256 0.210 0.170 0.136 0.107 0.127 0.160 0.198 0.242 0.292 0.347 0.407 0.472 0.540 0.609 0.678 0.745 0.808 0.865 0.914 0.953 0.981 0.997 0.999 0.989 0.966 
0.477 0.544 0.614 0.683 0.750 0.812 0.869 0.917 0.956 0.983 0.997 0.999 0.988 0.964 0.928 0.883 0.828 0.767 0.701 0.632 0.563 0.494 0.428 0.367 0.309 0.258 0.212 0.172 0.137 0.108 0.126 0.158 0.196 0.240 0.289 0.345 0.405 0.469 0.537 0.606 0.675 0.742 0.806 0.863 0.912 0.952 0.980 0.996 1.000 0.990 
0.409 0.474 0.541 0.611 0.680 0.747 0.810 0.867 0.915 0.954 0.982 0.997 0.999 0.989 0.965 0.930 0.885 0.830 0.769 0.703 0.635 0.565 0.497 0.431 0.369 0.312 0.260 0.214 0.173 0.139 0.109 0.125 0.157 0.194 0.238 0.287 0.342 0.402 0.466 0.534 0.603 0.672 0.740 0.803 0.861 0.910 0.950 0.979 0.996 1.000 
0.346 0.406 0.471 0.539 0.608 0.677 0.744 0.807 0.864 0.914 0.953 0.981 0.997 0.999 0.989 0.966 0.932 0.887 0.833 0.772 0.706 0.638 0.568 0.500 0.434 0.372 0.314 0.262 0.215 0.175 0.140 0.110 0.123 0.155 0.193 0.236 0.285 0.340 0.400 0.464 0.531 0.600 0.669 0.737 0.801 0.858 0.909 0.949 0.978 0.996 
0.289 0.344 0.404 0.468 0.536 0.605 0.674 0.741 0.805 0.862 0.912 0.951 0.980 0.996 1.000 0.990 0.968 0.933 0.889 0.835 0.775 0.709 0.641 0.571 0.503 0.436 0.374 0.316 0.264 0.217 0.176 0.141 0.112 0.122 0.154 0.191 0.234 0.283 0.337 0.397 0.461 0.528 0.597 0.667 0.734 0.798 0.856 0.907 0.948 0.977 
0.237 0.287 0.341 0.401 0.466 0.533 0.602 0.671 0.739 0.802 0.860 0.910 0.950 0.979 0.996 1.000 0.991 0.969 0.935 0.891 0.838 0.777 0.712 0.644 0.574 0.505 0.439 0.377 0.319 0.266 0.219 0.178 0.143 0.113 0.121 0.152 0.189 0.232 0.281 0.335 0.394 0.458 0.525 0.594 0.664 0.731 0.795 0.854 0.905 0.946 
0.192 0.235 0.284 0.339 0.399 0.463 0.530 0.599 0.668 0.736 0.800 0.858 0.908 0.949 0.978 0.995 1.000 0.991 0.970 0.937 0.893 0.840 0.780 0.715 0.646 0.577 0.508 0.442 0.379 0.321 0.268 0.221 0.180 0.144 0.114 0.120 0.151 0.188 0.230 0.279 0.333 0.392 0.455 0.522 0.591 0.661 0.729 0.793 0.852 0.903 
0.153 0.190 0.233 0.282 0.337 0.396 0.460 0.527 0.596 0.666 0.733 0.797 0.855 0.906 0.947 0.977 0.995 1.000 0.992 0.971 0.938 0.895 0.842 0.783 0.717 0.649 0.580 0.511 0.445 0.382 0.323 0.270 0.223 0.181 0.145 0.115 0.118 0.150 0.186 0.228 0.276 0.330 0.389 0.453 0.520 0.589 0.658 0.726 0.790 0.849 
0.120 0.152 0.189 0.232 0.280 0.334 0.394 0.457 0.524 0.593 0.663 0.730 0.795 0.853 0.904 0.946 0.976 0.994 1.000 0.992 0.972 0.940 0.897 0.845 0.785 0.720 0.652 0.583 0.514 0.447 0.384 0.326 0.272 0.225 0.183 0.147 0.116 0.117 0.148 0.184 0.226 0.274 0.328 0.387 0.450 0.517 0.586 0.655 0.723 0.788 
0.000 0.119 0.150 0.187 0.230 0.278 0.332 0.391 0.455 0.522 0.590 0.660 0.728 0.792 0.851 0.902 0.944 0.975 0.994 1.000 0.993 0.973 0.941 0.899 0.847 0.788 0.723 0.655 0.586 0.517 0.450 0.387 0.328 0.274 0.226 0.184 0.148 0.117 0.116 0.147 0.183 0.225 0.272 0.326 0.384 0.447 0.514 0.583 0.652 0.720 
0.000 0.000 0.118 0.149 0.186 0.228 0.276 0.329 0.388 0.452 0.519 0.588 0.657 0.725 0.789 0.849 0.900 0.942 0.974 0.993 1.000 0.994 0.974 0.943 0.901 0.849 0.790 0.726 0.658 0.589 0.520 0.453 0.389 0.330 0.276 0.228 0.186 0.150 0.118 0.115 0.145 0.181 0.223 0.270 0.323 0.382 0.445 0.511 0.580 0.649 
0.000 0.000 0.000 0.117 0.148 0.184 0.226 0.274 0.327 0.386 0.449 0.516 0.585 0.654 0.722 0.787 0.846 0.898 0.941 0.973 0.993 1.000 0.994 0.975 0.945 0.903 0.852 0.793 0.729 0.661 0.591 0.522 0.455 0.392 0.333 0.279 0.230 0.188 0.151 0.120 0.114 0.144 0.180 0.221 0.268 0.321 0.379 0.442 0.508 0.577 
0.000 0.000 0.000 0.000 0.116 0.146 0.182 0.224 0.272 0.325 0.383 0.446 0.513 0.582 0.651 0.719 0.784 0.844 0.896 0.939 0.972 0.992 1.000 0.995 0.976 0.946 0.905 0.854 0.795 0.731 0.664 0.594 0.525 0.458 0.394 0.335 0.281 0.232 0.189 0.152 0.121 0.113 0.143 0.178 0.219 0.266 0.319 0.377 0.439 0.505 
0.000 0.000 0.000 0.000 0.000 0.115 0.145 0.181 0.222 0.269 0.322 0.381 0.444 0.510 0.579 0.648 0.717 0.782 0.842 0.894 0.938 0.971 0.992 1.000 0.995 0.977 0.948 0.907 0.856 0.798 0.734 0.667 0.597 0.528 0.461 0.397 0.337 0.283 0.234 0.191 0.154 0.122 0.112 0.141 0.176 0.217 0.264 0.316 0.374 0.436 
0.000 0.000 0.000 0.000 0.000 0.000 0.113 0.144 0.179 0.220 0.267 0.320 0.378 0.441 0.507 0.576 0.645 0.714 0.779 0.839 0.892 0.936 0.970 0.991 1.000 0.996 0.978 0.949 0.909 0.858 0.801 0.737 0.669 0.600 0.531 0.464 0.400 0.340 0.285 0.236 0.193 0.155 0.123 0.110 0.140 0.175 0.215 0.262 0.314 0.372 
0.000 0.000 0.000 0.000 0.000 0.000 0.000 0.112 0.142 0.177 0.218 0.265 0.318 0.376 0.438 0.505 0.573 0.643 0.711 0.776 0.837 0.890 0.935 0.968 0.990 1.000 0.996 0.979 0.950 0.910 0.861 0.803 0.740 0.672 0.603 0.534 0.466 0.402 0.342 0.287 0.238 0.194 0.157 0.125 0.109 0.139 0.173 0.214 0.260 0.312 
0.000 0.000 0.000 0.000 0.000 0.000 0.000 0.000 0.111 0.141 0.176 0.217 0.263 0.316 0.373 0.436 0.502 0.570 0.640 0.708 0.774 0.834 0.888 0.933 0.967 0.990 1.000 0.996 0.980 0.952 0.912 0.863 0.806 0.742 0.675 0.606 0.537 0.469 0.405 0.345 0.289 0.240 0.196 0.158 0.126 0.108 0.137 0.172 0.212 0.258 
0.000 0.000 0.000 0.000 0.000 0.000 0.000 0.000 0.000 0.110 0.139 0.174 0.215 0.261 0.313 0.371 0.433 0.499 0.567 0.637 0.705 0.771 0.832 0.886 0.931 0.966 0.989 0.999 0.997 0.981 0.953 0.914 0.865 0.808 0.745 0.678 0.609 0.540 0.472 0.407 0.347 0.292 0.242 0.198 0.160 0.127 0.107 0.136 0.170 0.210 
0.000 0.000 0.000 0.000 0.000 0.000 0.000 0.000 0.000 0.000 0.109 0.138 0.173 0.213 0.259 0.311 0.368 0.430 0.496 0.564 0.634 0.703 0.768 0.830 0.884 0.930 0.965 0.988 0.999 0.997 0.982 0.955 0.916 0.867 0.811 0.748 0.681 0.612 0.542 0.475 0.410 0.349 0.294 0.244 0.200 0.161 0.128 0.106 0.135 0.169 
0.000 0.000 0.000 0.000 0.000 0.000 0.000 0.000 0.000 0.000 0.000 0.108 0.137 0.171 0.211 0.257 0.309 0.366 0.428 0.493 0.562 0.631 0.700 0.766 0.827 0.882 0.928 0.964 0.988 0.999 0.998 0.983 0.956 0.918 0.870 0.813 0.751 0.684 0.615 0.545 0.477 0.413 0.352 0.296 0.246 0.201 0.163 0.130 0.105 0.133 
0.000 0.000 0.000 0.000 0.000 0.000 0.000 0.000 0.000 0.000 0.000 0.000 0.107 0.136 0.170 0.209 0.255 0.306 0.363 0.425 0.490 0.559 0.628 0.697 0.763 0.825 0.880 0.926 0.962 0.987 0.999 0.998 0.984 0.957 0.920 0.872 0.816 0.753 0.686 0.617 0.548 0.480 0.415 0.354 0.298 0.248 0.203 0.164 0.131 0.104 
# 0 2 8 50
0.185 0.148 0.117 0.110 0.140 0.175 0.217 0.264 0.317 0.375 0.438 0.505 0.574 0.644 0.712 0.778 0.838 0.891 0.936 0.969 0.991 1.000 0.996 0.978 0.949 0.909 0.858 0.800 0.736 0.669 0.599 0.530 0.462 0.398 0.338 0.283 0.233 0.190 0.152 0.120 0.000 0.000 0.000 0.000 0.000 0.000 0.000 0.000 0.000 0.000 
0.539 0.471 0.406 0.346 0.290 0.240 0.195 0.157 0.124 0.103 0.132 0.166 0.206 0.252 0.303 0.360 0.422 0.488 0.556 0.626 0.695 0.762 0.824 0.879 0.926 0.962 0.987 0.999 0.998 0.984 0.958 0.920 0.872 0.815 0.753 0.686 0.616 0.547 0.479 0.413 0.352 0.296 0.245 0.200 0.161 0.128 0.000 0.000 0.000 0.000 
0.926 0.879 0.824 0.762 0.695 0.626 0.556 0.488 0.422 0.360 0.303 0.252 0.206 0.166 0.132 0.103 0.124 0.157 0.195 0.240 0.290 0.346 0.406 0.471 0.539 0.609 0.678 0.745 0.809 0.866 0.915 0.954 0.982 0.997 0.999 0.989 0.965 0.930 0.885 0.830 0.769 0.703 0.634 0.564 0.495 0.429 0.367 0.309 0.257 0.211 
0.949 0.978 0.996 1.000 0.991 0.969 0.936 0.891 0.838 0.778 0.712 0.644 0.574 0.505 0.438 0.375 0.317 0.264 0.217 0.175 0.140 0.110 0.117 0.148 0.185 0.228 0.277 0.331 0.391 0.455 0.522 0.591 0.661 0.729 0.793 0.852 0.903 0.945 0.976 0.994 1.000 0.993 0.972 0.940 0.897 0.844 0.785 0.720 0.651 0.582 
0.582 0.651 0.720 0.785 0.844 0.897 0.940 0.972 0.993 1.000 0.994 0.976 0.945 0.903 0.852 0.793 0.729 0.661 0.591 0.522 0.455 0.391 0.331 0.277 0.228 0.185 0.148 0.117 0.110 0.140 0.175 0.217 0.264 0.317 0.375 0.438 0.505 0.574 0.644 0.712 0.778 0.838 0.891 0.936 0.969 0.991 1.000 0.996 0.978 0.949 
0.211 0.257 0.309 0.367 0.429 0.495 0.564 0.634 0.703 0.769 0.830 0.885 0.930 0.965 0.989 0.999 0.997 0.982 0.954 0.915 0.866 0.809 0.745 0.678 0.609 0.539 0.471 0.406 0.346 0.290 0.240 0.195 0.157 0.124 0.103 0.132 0.166 0.206 0.252 0.303 0.360 0.422 0.488 0.556 0.626 0.695 0.762 0.824 0.879 0.926 
0.000 0.000 0.000 0.000 0.128 0.161 0.200 0.245 0.296 0.352 0.413 0.479 0.547 0.616 0.686 0.753 0.815 0.872 0.920 0.958 0.984 0.998 0.999 0.987 0.962 0.926 0.879 0.824 0.762 0.695 0.626 0.556 0.488 0.422 0.360 0.303 0.252 0.206 0.166 0.132 0.103 0.124 0.157 0.195 0.240 0.290 0.346 0.406 0.471 0.539 
0.000 0.000 0.000 0.000 0.000 0.000 0.000 0.000 0.000 0.000 0.120 0.152 0.190 0.233 0.283 0.338 0.398 0.462 0.530 0.599 0.669 0.736 0.800 0.858 0.909 0.949 0.978 0.996 1.000 0.991 0.969 0.936 0.891 0.838 0.778 0.712 0.644 0.574 0.505 0.438 0.375 0.317 0.264 0.217 0.175 0.140 0.110 0.117 0.148 0.185 
# 1 0 50 48
-0.423 -0.540 -0.661 -0.777 -0.878 -0.953 -0.994 -0.996 -0.959 -0.886 -0.788 -0.672 -0.551 -0.434 -0.329 -0.239 -0.167 -0.112 0.000 0.000 0.000 0.000 0.000 0.000 0.000 0.000 0.000 0.000 0.000 0.000 0.000 0.000 0.000 0.000 0.000 0.000 0.000 0.000 0.000 0.000 0.000 0.000 0.000 0.000 0.000 0.000 0.000 0.000 
-0.530 -0.428 -0.544 -0.665 -0.781 -0.882 -0.955 -0.995 -0.995 -0.956 -0.883 -0.783 -0.667 -0.546 -0.430 -0.325 -0.236 -0.164 -0.110 0.000 0.000 0.000 0.000 0.000 0.000 0.000 0.000 0.000 0.000 0.000 0.000 0.000 0.000 0.000 0.000 0.000 0.000 0.000 0.000 0.000 0.000 0.000 0.000 0.000 0.000 0.000 0.000 0.000 
-0.646 -0.525 -0.432 -0.549 -0.670 -0.786 -0.885 -0.958 -0.996 -0.994 -0.954 -0.879 -0.779 -0.663 -0.542 -0.425 -0.321 -0.232 -0.162 -0.108 0.000 0.000 0.000 0.000 0.000 0.000 0.000 0.000 0.000 0.000 0.000 0.000 0.000 0.000 0.000 0.000 0.000 0.000 0.000 0.000 0.000 0.000 0.000 0.000 0.000 0.000 0.000 0.000 
-0.759 -0.641 -0.520 -0.437 -0.554 -0.675 -0.790 -0.889 -0.960 -0.996 -0.993 -0.952 -0.876 -0.774 -0.658 -0.537 -0.421 -0.317 -0.229 -0.159 -0.106 0.000 0.000 0.000 0.000 0.000 0.000 0.000 0.000 0.000 0.000 0.000 0.000 0.000 0.000 0.000 0.000 0.000 0.000 0.000 0.000 0.000 0.000 0.000 0.000 0.000 0.000 0.000 
-0.860 -0.755 -0.636 -0.516 -0.441 -0.559 -0.680 -0.794 -0.892 -0.962 -0.997 -0.993 -0.949 -0.872 -0.770 -0.653 -0.532 -0.416 -0.313 -0.226 -0.157 -0.105 0.000 0.000 0.000 0.000 0.000 0.000 0.000 0.000 0.000 0.000 0.000 0.000 0.000 0.000 0.000 0.000 0.000 0.000 0.000 0.000 0.000 0.000 0.000 0.000 0.000 0.000 
-0.938 -0.856 -0.750 -0.632 -0.511 -0.446 -0.564 -0.685 -0.799 -0.895 -0.964 -0.998 -0.992 -0.947 -0.869 -0.765 -0.648 -0.527 -0.412 -0.309 -0.223 -0.155 -0.103 0.000 0.000 0.000 0.000 0.000 0.000 0.000 0.000 0.000 0.000 0.000 0.000 0.000 0.000 0.000 0.000 0.000 0.000 0.000 0.000 0.000 0.000 0.000 0.000 0.000 
-0.986 -0.935 -0.852 -0.745 -0.627 -0.506 -0.450 -0.568 -0.689 -0.803 -0.899 -0.966 -0.998 -0.990 -0.944 -0.865 -0.761 -0.643 -0.522 -0.408 -0.305 -0.220 -0.152 -0.101 0.000 0.000 0.000 0.000 0.000 0.000 0.000 0.000 0.000 0.000 0.000 0.000 0.000 0.000 0.000 0.000 0.000 0.000 0.000 0.000 0.000 0.000 0.000 0.000 
-1.000 -0.985 -0.932 -0.848 -0.741 -0.622 -0.501 -0.455 -0.573 -0.694 -0.807 -0.902 -0.968 -0.999 -0.989 -0.942 -0.861 -0.756 -0.638 -0.518 -0.403 -0.302 -0.217 -0.150 0.000 0.000 0.000 0.000 0.000 0.000 0.000 0.000 0.000 0.000 0.000 0.000 0.000 0.000 0.000 0.000 0.000 0.000 0.000 0.000 0.000 0.000 0.000 0.000 
-0.976 -1.000 -0.984 -0.930 -0.844 -0.736 -0.617 -0.497 -0.460 -0.578 -0.699 -0.811 -0.905 -0.970 -0.999 -0.988 -0.939 -0.857 -0.752 -0.634 -0.513 -0.399 -0.298 -0.214 -0.147 0.000 0.000 0.000 0.000 0.000 0.000 0.000 0.000 0.000 0.000 0.000 0.000 0.000 0.000 0.000 0.000 0.000 0.000 0.000 0.000 0.000 0.000 0.000 
-0.919 -0.978 -1.000 -0.982 -0.927 -0.840 -0.732 -0.612 -0.492 -0.464 -0.583 -0.704 -0.816 -0.908 -0.972 -0.999 -0.987 -0.936 -0.853 -0.747 -0.629 -0.508 -0.395 -0.294 -0.211 -0.145 0.000 0.000 0.000 0.000 0.000 0.000 0.000 0.000 0.000 0.000 0.000 0.000 0.000 0.000 0.000 0.000 0.000 0.000 0.000 0.000 0.000 0.000 
-0.834 -0.922 -0.980 -1.000 -0.981 -0.924 -0.836 -0.727 -0.607 -0.487 -0.469 -0.588 -0.708 -0.820 -0.912 -0.974 -1.000 -0.986 -0.934 -0.850 -0.743 -0.624 -0.503 -0.390 -0.291 -0.208 -0.143 0.000 0.000 0.000 0.000 0.000 0.000 0.000 0.000 0.000 0.000 0.000 0.000 0.000 0.000 0.000 0.000 0.000 0.000 0.000 0.000 0.000 
-0.729 -0.838 -0.925 -0.981 -1.000 -0.979 -0.921 -0.832 -0.722 -0.602 -0.483 -0.473 -0.593 -0.713 -0.824 -0.915 -0.976 -1.000 -0.984 -0.931 -0.846 -0.738 -0.619 -0.499 -0.386 -0.287 -0.205 -0.141 0.000 0.000 0.000 0.000 0.000 0.000 0.000 0.000 0.000 0.000 0.000 0.000 0.000 0.000 0.000 0.000 0.000 0.000 0.000 0.000 
-0.614 -0.734 -0.842 -0.928 -0.983 -1.000 -0.977 -0.918 -0.828 -0.718 -0.598 -0.478 -0.478 -0.598 -0.718 -0.828 -0.918 -0.977 -1.000 -0.983 -0.928 -0.842 -0.734 -0.614 -0.494 -0.382 -0.283 -0.202 -0.138 0.000 0.000 0.000 0.000 0.000 0.000 0.000 0.000 0.000 0.000 0.000 0.000 0.000 0.000 0.000 0.000 0.000 0.000 0.000 
-0.499 -0.619 -0.738 -0.846 -0.931 -0.984 -1.000 -0.976 -0.915 -0.824 -0.713 -0.593 -0.473 -0.483 -0.602 -0.722 -0.832 -0.921 -0.979 -1.000 -0.981 -0.925 -0.838 -0.729 -0.609 -0.489 -0.377 -0.280 -0.199 -0.136 0.000 0.000 0.000 0.000 0.000 0.000 0.000 0.000 0.000 0.000 0.000 0.000 0.000 0.000 0.000 0.000 0.000 0.000 
-0.390 -0.503 -0.624 -0.743 -0.850 -0.934 -0.986 -1.000 -0.974 -0.912 -0.820 -0.708 -0.588 -0.469 -0.487 -0.607 -0.727 -0.836 -0.924 -0.981 -1.000 -0.980 -0.922 -0.834 -0.724 -0.604 -0.485 -0.373 -0.276 -0.196 -0.134 0.000 0.000 0.000 0.000 0.000 0.000 0.000 0.000 0.000 0.000 0.000 0.000 0.000 0.000 0.000 0.000 0.000 
-0.294 -0.395 -0.508 -0.629 -0.747 -0.853 -0.936 -0.987 -0.999 -0.972 -0.908 -0.816 -0.704 -0.583 -0.464 -0.492 -0.612 -0.732 -0.840 -0.927 -0.982 -1.000 -0.978 -0.919 -0.830 -0.720 -0.600 -0.480 -0.369 -0.273 -0.194 -0.132 0.000 0.000 0.000 0.000 0.000 0.000 0.000 0.000 0.000 0.000 0.000 0.000 0.000 0.000 0.000 0.000 
-0.214 -0.298 -0.399 -0.513 -0.634 -0.752 -0.857 -0.939 -0.988 -0.999 -0.970 -0.905 -0.811 -0.699 -0.578 -0.460 -0.497 -0.617 -0.736 -0.844 -0.930 -0.984 -1.000 -0.976 -0.916 -0.826 -0.715 -0.595 -0.475 -0.365 -0.269 -0.191 -0.130 0.000 0.000 0.000 0.000 0.000 0.000 0.000 0.000 0.000 0.000 0.000 0.000 0.000 0.000 0.000 
-0.150 -0.217 -0.302 -0.403 -0.518 -0.638 -0.756 -0.861 -0.942 -0.989 -0.999 -0.968 -0.902 -0.807 -0.694 -0.573 -0.455 -0.501 -0.622 -0.741 -0.848 -0.932 -0.985 -1.000 -0.975 -0.913 -0.822 -0.710 -0.590 -0.471 -0.361 -0.266 -0.188 -0.128 0.000 0.000 0.000 0.000 0.000 0.000 0.000 0.000 0.000 0.000 0.000 0.000 0.000 0.000 
-0.101 -0.152 -0.220 -0.305 -0.408 -0.522 -0.643 -0.761 -0.865 -0.944 -0.990 -0.998 -0.966 -0.899 -0.803 -0.689 -0.568 -0.450 -0.506 -0.627 -0.745 -0.852 -0.935 -0.986 -0.999 -0.973 -0.910 -0.817 -0.705 -0.585 -0.466 -0.357 -0.262 -0.185 -0.126 0.000 0.000 0.000 0.000 0.000 0.000 0.000 0.000 0.000 0.000 0.000 0.000 0.000 
0.000 -0.103 -0.155 -0.223 -0.309 -0.412 -0.527 -0.648 -0.765 -0.869 -0.947 -0.992 -0.998 -0.964 -0.895 -0.799 -0.685 -0.564 -0.446 -0.511 -0.632 -0.750 -0.856 -0.938 -0.988 -0.999 -0.971 -0.907 -0.813 -0.701 -0.580 -0.461 -0.353 -0.259 -0.182 -0.124 0.000 0.000 0.000 0.000 0.000 0.000 0.000 0.000 0.000 0.000 0.000 0.000 
0.000 0.000 -0.105 -0.157 -0.226 -0.313 -0.416 -0.532 -0.653 -0.770 -0.872 -0.949 -0.993 -0.997 -0.962 -0.892 -0.794 -0.680 -0.559 -0.441 -0.516 -0.636 -0.755 -0.860 -0.941 -0.989 -0.999 -0.969 -0.903 -0.809 -0.696 -0.575 -0.457 -0.348 -0.255 -0.180 -0.122 0.000 0.000 0.000 0.000 0.000 0.000 0.000 0.000 0.000 0.000 0.000 
0.000 0.000 0.000 -0.106 -0.159 -0.229 -0.317 -0.421 -0.537 -0.658 -0.774 -0.876 -0.952 -0.993 -0.996 -0.960 -0.889 -0.790 -0.675 -0.554 -0.437 -0.520 -0.641 -0.759 -0.863 -0.943 -0.990 -0.998 -0.967 -0.900 -0.805 -0.691 -0.570 -0.452 -0.344 -0.252 -0.177 -0.120 0.000 0.000 0.000 0.000 0.000 0.000 0.000 0.000 0.000 0.000 
0.000 0.000 0.000 0.000 -0.108 -0.162 -0.232 -0.321 -0.425 -0.542 -0.663 -0.779 -0.879 -0.954 -0.994 -0.996 -0.958 -0.885 -0.786 -0.670 -0.549 -0.432 -0.525 -0.646 -0.764 -0.867 -0.946 -0.991 -0.998 -0.965 -0.897 -0.801 -0.687 -0.566 -0.448 -0.340 -0.249 -0.175 -0.118 0.000 0.000 0.000 0.000 0.000 0.000 0.000 0.000 0.000 
0.000 0.000 0.000 0.000 0.000 -0.110 -0.164 -0.236 -0.325 -0.430 -0.546 -0.667 -0.783 -0.883 -0.956 -0.995 -0.995 -0.955 -0.882 -0.781 -0.665 -0.544 -0.428 -0.530 -0.651 -0.768 -0.871 -0.948 -0.992 -0.997 -0.963 -0.893 -0.796 -0.682 -0.561 -0.443 -0.336 -0.245 -0.172 -0.116 0.000 0.000 0.000 0.000 0.000 0.000 0.000 0.000 
0.000 0.000 0.000 0.000 0.000 0.000 -0.112 -0.167 -0.239 -0.329 -0.434 -0.551 -0.672 -0.788 -0.886 -0.959 -0.996 -0.994 -0.953 -0.878 -0.777 -0.661 -0.540 -0.423 -0.535 -0.656 -0.773 -0.874 -0.951 -0.993 -0.997 -0.961 -0.890 -0.792 -0.677 -0.556 -0.439 -0.332 -0.242 -0.169 -0.114 0.000 0.000 0.000 0.000 0.000 0.000 0.000 
0.000 0.000 0.000 0.000 0.000 0.000 0.000 -0.114 -0.169 -0.242 -0.332 -0.439 -0.556 -0.677 -0.792 -0.890 -0.961 -0.997 -0.993 -0.951 -0.874 -0.773 -0.656 -0.535 -0.423 -0.540 -0.661 -0.777 -0.878 -0.953 -0.994 -0.996 -0.959 -0.886 -0.788 -0.672 -0.551 -0.434 -0.329 -0.239 -0.167 -0.112 0.000 0.000 0.000 0.000 0.000 0.000 
0.000 0.000 0.000 0.000 0.000 0.000 0.000 0.000 -0.116 -0.172 -0.245 -0.336 -0.443 -0.561 -0.682 -0.796 -0.893 -0.963 -0.997 -0.992 -0.948 -0.871 -0.768 -0.651 -0.530 -0.428 -0.544 -0.665 -0.781 -0.882 -0.955 -0.995 -0.995 -0.956 -0.883 -0.783 -0.667 -0.546 -0.430 -0.325 -0.236 -0.164 -0.110 0.000 0.000 0.000 0.000 0.000 
0.000 0.000 0.000 0.000 0.000 0.000 0.000 0.000 0.000 -0.118 -0.175 -0.249 -0.340 -0.448 -0.566 -0.687 -0.801 -0.897 -0.965 -0.998 -0.991 -0.946 -0.867 -0.764 -0.646 -0.525 -0.432 -0.549 -0.670 -0.786 -0.885 -0.958 -0.996 -0.994 -0.954 -0.879 -0.779 -0.663 -0.542 -0.425 -0.321 -0.232 -0.162 -0.108 0.000 0.000 0.000 0.000 
0.000 0.000 0.000 0.000 0.000 0.000 0.000 0.000 0.000 0.000 -0.120 -0.177 -0.252 -0.344 -0.452 -0.570 -0.691 -0.805 -0.900 -0.967 -0.998 -0.990 -0.943 -0.863 -0.759 -0.641 -0.520 -0.437 -0.554 -0.675 -0.790 -0.889 -0.960 -0.996 -0.993 -0.952 -0.876 -0.774 -0.658 -0.537 -0.421 -0.317 -0.229 -0.159 -0.106 0.000 0.000 0.000 
0.000 0.000 0.000 0.000 0.000 0.000 0.000 0.000 0.000 0.000 0.000 -0.122 -0.180 -0.255 -0.348 -0.457 -0.575 -0.696 -0.809 -0.903 -0.969 -0.999 -0.989 -0.941 -0.860 -0.755 -0.636 -0.516 -0.441 -0.559 -0.680 -0.794 -0.892 -0.962 -0.997 -0.993 -0.949 -0.872 -0.770 -0.653 -0.532 -0.416 -0.313 -0.226 -0.157 -0.105 0.000 0.000 
0.000 0.000 0.000 0.000 0.000 0.000 0.000 0.000 0.000 0.000 0.000 0.000 -0.124 -0.182 -0.259 -0.353 -0.461 -0.580 -0.701 -0.813 -0.907 -0.971 -0.999 -0.988 -0.938 -0.856 -0.750 -0.632 -0.511 -0.446 -0.564 -0.685 -0.799 -0.895 -0.964 -0.998 -0.992 -0.947 -0.869 -0.765 -0.648 -0.527 -0.412 -0.309 -0.223 -0.155 -0.103 0.000 
0.000 0.000 0.000 0.000 0.000 0.000 0.000 0.000 0.000 0.000 0.000 0.000 0.000 -0.126 -0.185 -0.262 -0.357 -0.466 -0.585 -0.705 -0.817 -0.910 -0.973 -0.999 -0.986 -0.935 -0.852 -0.745 -0.627 -0.506 -0.450 -0.568 -0.689 -0.803 -0.899 -0.966 -0.998 -0.990 -0.944 -0.865 -0.761 -0.643 -0.522 -0.408 -0.305 -0.220 -0.152 -0.101 
0.000 0.000 0.000 0.000 0.000 0.000 0.000 0.000 0.000 0.000 0.000 0.000 0.000 0.000 -0.128 -0.188 -0.266 -0.361 -0.471 -0.590 -0.710 -0.822 -0.913 -0.975 -1.000 -0.985 -0.932 -0.848 -0.741 -0.622 -0.501 -0.455 -0.573 -0.694 -0.807 -0.902 -0.968 -0.999 -0.989 -0.942 -0.861 -0.756 -0.638 -0.518 -0.403 -0.302 -0.217 -0.150 
0.000 0.000 0.000 0.000 0.000 0.000 0.000 0.000 0.000 0.000 0.000 0.000 0.000 0.000 0.000 -0.130 -0.191 -0.269 -0.365 -0.475 -0.595 -0.715 -0.826 -0.916 -0.976 -1.000 -0.984 -0.930 -0.844 -0.736 -0.617 -0.497 -0.460 -0.578 -0.699 -0.811 -0.905 -0.970 -0.999 -0.988 -0.939 -0.857 -0.752 -0.634 -0.513 -0.399 -0.298 -0.214 
0.000 0.000 0.000 0.000 0.000 0.000 0.000 0.000 0.000 0.000 0.000 0.000 0.000 0.000 0.000 0.000 -0.132 -0.194 -0.273 -0.369 -0.480 -0.600 -0.720 -0.830 -0.919 -0.978 -1.000 -0.982 -0.927 -0.840 -0.732 -0.612 -0.492 -0.464 -0.583 -0.704 -0.816 -0.908 -0.972 -0.999 -0.987 -0.936 -0.853 -0.747 -0.629 -0.508 -0.395 -0.294 
0.000 0.000 0.000 0.000 0.000 0.000 0.000 0.000 0.000 0.000 0.000 0.000 0.000 0.000 0.000 0.000 0.000 -0.134 -0.196 -0.276 -0.373 -0.485 -0.604 -0.724 -0.834 -0.922 -0.980 -1.000 -0.981 -0.924 -0.836 -0.727 -0.607 -0.487 -0.469 -0.588 -0.708 -0.820 -0.912 -0.974 -1.000 -0.986 -0.934 -0.850 -0.743 -0.624 -0.503 -0.390 
0.000 0.000 0.000 0.000 0.000 0.000 0.000 0.000 0.000 0.000 0.000 0.000 0.000 0.000 0.000 0.000 0.000 0.000 -0.136 -0.199 -0.280 -0.377 -0.489 -0.609 -0.729 -0.838 -0.925 -0.981 -1.000 -0.979 -0.921 -0.832 -0.722 -0.602 -0.483 -0.473 -0.593 -0.713 -0.824 -0.915 -0.976 -1.000 -0.984 -0.931 -0.846 -0.738 -0.619 -0.499 
0.000 0.000 0.000 0.000 0.000 0.000 0.000 0.000 0.000 0.000 0.000 0.000 0.000 0.000 0.000 0.000 0.000 0.000 0.000 -0.138 -0.202 -0.283 -0.382 -0.494 -0.614 -0.734 -0.842 -0.928 -0.983 -1.000 -0.977 -0.918 -0.828 -0.718 -0.598 -0.478 -0.478 -0.598 -0.718 -0.828 -0.918 -0.977 -1.000 -0.983 -0.928 -0.842 -0.734 -0.614 
0.000 0.000 0.000 0.000 0.000 0.000 0.000 0.000 0.000 0.000 0.000 0.000 0.000 0.000 0.000 0.000 0.000 0.000 0.000 0.000 -0.141 -0.205 -0.287 -0.386 -0.499 -0.619 -0.738 -0.846 -0.931 -0.984 -1.000 -0.976 -0.915 -0.824 -0.713 -0.593 -0.473 -0.483 -0.602 -0.722 -0.832 -0.921 -0.979 -1.000 -0.981 -0.925 -0.838 -0.729 
0.000 0.000 0.000 0.000 0.000 0.000 0.000 0.000 0.000 0.000 0.000 0.000 0.000 0.000 0.000 0.000 0.000 0.000 0.000 0.000 0.000 -0.143 -0.208 -0.291 -0.390 -0.503 -0.624 -0.743 -0.850 -0.934 -0.986 -1.000 -0.974 -0.912 -0.820 -0.708 -0.588 -0.469 -0.487 -0.607 -0.727 -0.836 -0.924 -0.981 -1.000 -0.980 -0.922 -0.834 
0.000 0.000 0.000 0.000 0.000 0.000 0.000 0.000 0.000 0.000 0.000 0.000 0.000 0.000 0.000 0.000 0.000 0.000 0.000 0.000 0.000 0.000 -0.145 -0.211 -0.294 -0.395 -0.508 -0.629 -0.747 -0.853 -0.936 -0.987 -0.999 -0.972 -0.908 -0.816 -0.704 -0.583 -0.464 -0.492 -0.612 -0.732 -0.840 -0.927 -0.982 -1.000 -0.978 -0.919 
0.000 0.000 0.000 0.000 0.000 0.000 0.000 0.000 0.000 0.000 0.000 0.000 0.000 0.000 0.000 0.000 0.000 0.000 0.000 0.000 0.000 0.000 0.000 -0.147 -0.214 -0.298 -0.399 -0.513 -0.634 -0.752 -0.857 -0.939 -0.988 -0.999 -0.970 -0.905 -0.811 -0.699 -0.578 -0.460 -0.497 -0.617 -0.736 -0.844 -0.930 -0.984 -1.000 -0.976 
0.000 0.000 0.000 0.000 0.000 0.000 0.000 0.000 0.000 0.000 0.000 0.000 0.000 0.000 0.000 0.000 0.000 0.000 0.000 0.000 0.000 0.000 0.000 0.000 -0.150 -0.217 -0.302 -0.403 -0.518 -0.638 -0.756 -0.861 -0.942 -0.989 -0.999 -0.968 -0.902 -0.807 -0.694 -0.573 -0.455 -0.501 -0.622 -0.741 -0.848 -0.932 -0.985 -1.000 
0.000 0.000 0.000 0.000 0.000 0.000 0.000 0.000 0.000 0.000 0.000 0.000 0.000 0.000 0.000 0.000 0.000 0.000 0.000 0.000 0.000 0.000 0.000 0.000 -0.101 -0.152 -0.220 -0.305 -0.408 -0.522 -0.643 -0.761 -0.865 -0.944 -0.990 -0.998 -0.966 -0.899 -0.803 -0.689 -0.568 -0.450 -0.506 -0.627 -0.745 -0.852 -0.935 -0.986 
0.000 0.000 0.000 0.000 0.000 0.000 0.000 0.000 0.000 0.000 0.000 0.000 0.000 0.000 0.000 0.000 0.000 0.000 0.000 0.000 0.000 0.000 0.000 0.000 0.000 -0.103 -0.155 -0.223 -0.309 -0.412 -0.527 -0.648 -0.765 -0.869 -0.947 -0.992 -0.998 -0.964 -0.895 -0.799 -0.685 -0.564 -0.446 -0.511 -0.632 -0.750 -0.856 -0.938 
0.000 0.000 0.000 0.000 0.000 0.000 0.000 0.000 0.000 0.000 0.000 0.000 0.000 0.000 0.000 0.000 0.000 0.000 0.000 0.000 0.000 0.000 0.000 0.000 0.000 0.000 -0.105 -0.157 -0.226 -0.313 -0.416 -0.532 -0.653 -0.770 -0.872 -0.949 -0.993 -0.997 -0.962 -0.892 -0.794 -0.680 -0.559 -0.441 -0.516 -0.636 -0.755 -0.860 
0.000 0.000 0.000 0.000 0.000 0.000 0.000 0.000 0.000 0.000 0.000 0.000 0.000 0.000 0.000 0.000 0.000 0.000 0.000 0.000 0.000 0.000 0.000 0.000 0.000 0.000 0.000 -0.106 -0.159 -0.229 -0.317 -0.421 -0.537 -0.658 -0.774 -0.876 -0.952 -0.993 -0.996 -0.960 -0.889 -0.790 -0.675 -0.554 -0.437 -0.520 -0.641 -0.759 
0.000 0.000 0.000 0.000 0.000 0.000 0.000 0.000 0.000 0.000 0.000 0.000 0.000 0.000 0.000 0.000 0.000 0.000 0.000 0.000 0.000 0.000 0.000 0.000 0.000 0.000 0.000 0.000 -0.108 -0.162 -0.232 -0.321 -0.425 -0.542 -0.663 -0.779 -0.879 -0.954 -0.994 -0.996 -0.958 -0.885 -0.786 -0.670 -0.549 -0.432 -0.525 -0.646 
0.000 0.000 0.000 0.000 0.000 0.000 0.000 0.000 0.000 0.000 0.000 0.000 0.000 0.000 0.000 0.000 0.000 0.000 0.000 0.000 0.000 0.000 0.000 0.000 0.000 0.000 0.000 0.000 0.000 -0.110 -0.164 -0.236 -0.325 -0.430 -0.546 -0.667 -0.783 -0.883 -0.956 -0.995 -0.995 -0.955 -0.882 -0.781 -0.665 -0.544 -0.428 -0.530 
0.000 0.000 0.000 0.000 0.000 0.000 0.000 0.000 0.000 0.000 0.000 0.000 0.000 0.000 0.000 0.000 0.000 0.000 0.000 0.000 0.000 0.000 0.000 0.000 0.000 0.000 0.000 0.000 0.000 0.000 -0.112 -0.167 -0.239 -0.329 -0.434 -0.551 -0.672 -0.788 -0.886 -0.959 -0.996 -0.994 -0.953 -0.878 -0.777 -0.661 -0.540 -0.423 
