3.563315
5
# 0 1 31 50
0.000 0.000 0.000 0.000 0.000 0.000 0.000 0.000 0.140 0.213 0.307 0.421 0.550 0.684 0.810 0.912 0.979 1.000 0.972 0.900 0.793 0.665 0.531 0.403 0.292 0.201 0.132 0.000 0.000 0.000 0.000 0.000 0.000 0.000 0.000 0.000 0.000 0.000 0.000 0.000 0.000 0.000 0.000 0.000 0.000 0.000 0.000 0.000 0.000 0.000 
0.000 0.000 0.000 0.000 0.000 0.000 0.000 0.000 0.000 0.106 0.166 0.246 0.349 0.469 0.602 0.734 0.853 0.943 0.993 0.995 0.949 0.862 0.745 0.613 0.480 0.358 0.254 0.172 0.110 0.000 0.000 0.000 0.000 0.000 0.000 0.000 0.000 0.000 0.000 0.000 0.000 0.000 0.000 0.000 0.000 0.000 0.000 0.000 0.000 0.000 
0.000 0.000 0.000 0.000 0.000 0.000 0.000 0.000 0.000 0.000 0.000 0.127 0.194 0.283 0.393 0.520 0.654 0.783 0.892 0.968 0.999 0.983 0.920 0.819 0.695 0.561 0.431 0.315 0.220 0.146 0.000 0.000 0.000 0.000 0.000 0.000 0.000 0.000 0.000 0.000 0.000 0.000 0.000 0.000 0.000 0.000 0.000 0.000 0.000 0.000 
0.000 0.000 0.000 0.000 0.000 0.000 0.000 0.000 0.000 0.000 0.000 0.000 0.000 0.151 0.226 0.324 0.441 0.571 0.705 0.828 0.926 0.986 0.999 0.963 0.884 0.773 0.643 0.509 0.384 0.276 0.188 0.122 0.000 0.000 0.000 0.000 0.000 0.000 0.000 0.000 0.000 0.000 0.000 0.000 0.000 0.000 0.000 0.000 0.000 0.000 
0.000 0.000 0.000 0.000 0.000 0.000 0.000 0.000 0.000 0.000 0.000 0.000 0.000 0.000 0.114 0.177 0.261 0.367 0.490 0.623 0.755 0.870 0.954 0.996 0.991 0.937 0.844 0.724 0.591 0.459 0.340 0.239 0.160 0.102 0.000 0.000 0.000 0.000 0.000 0.000 0.000 0.000 0.000 0.000 0.000 0.000 0.000 0.000 0.000 0.000 
0.187 0.121 0.000 0.000 0.000 0.000 0.000 0.000 0.000 0.000 0.000 0.000 0.000 0.000 0.000 0.000 0.136 0.207 0.300 0.413 0.541 0.675 0.802 0.907 0.976 1.000 0.975 0.906 0.800 0.673 0.539 0.411 0.298 0.206 0.136 0.000 0.000 0.000 0.000 0.000 0.000 0.000 0.000 0.000 0.000 0.000 0.000 0.000 0.000 0.000 
0.338 0.238 0.159 0.101 0.000 0.000 0.000 0.000 0.000 0.000 0.000 0.000 0.000 0.000 0.000 0.000 0.000 0.103 0.161 0.240 0.341 0.461 0.593 0.726 0.846 0.938 0.991 0.996 0.953 0.868 0.753 0.622 0.488 0.365 0.260 0.176 0.114 0.000 0.000 0.000 0.000 0.000 0.000 0.000 0.000 0.000 0.000 0.000 0.000 0.000 
0.537 0.409 0.296 0.205 0.134 0.000 0.000 0.000 0.000 0.000 0.000 0.000 0.000 0.000 0.000 0.000 0.000 0.000 0.000 0.123 0.189 0.277 0.386 0.511 0.645 0.775 0.886 0.964 0.999 0.985 0.925 0.827 0.703 0.569 0.439 0.322 0.225 0.150 0.000 0.000 0.000 0.000 0.000 0.000 0.000 0.000 0.000 0.000 0.000 0.000 
0.751 0.619 0.486 0.363 0.258 0.175 0.113 0.000 0.000 0.000 0.000 0.000 0.000 0.000 0.000 0.000 0.000 0.000 0.000 0.000 0.000 0.146 0.221 0.317 0.433 0.563 0.697 0.821 0.921 0.983 0.999 0.967 0.891 0.781 0.652 0.518 0.392 0.282 0.193 0.126 0.000 0.000 0.000 0.000 0.000 0.000 0.000 0.000 0.000 0.000 
0.923 0.824 0.701 0.567 0.437 0.320 0.223 0.148 0.000 0.000 0.000 0.000 0.000 0.000 0.000 0.000 0.000 0.000 0.000 0.000 0.000 0.000 0.111 0.173 0.255 0.359 0.482 0.615 0.747 0.863 0.950 0.995 0.992 0.942 0.851 0.732 0.600 0.468 0.347 0.245 0.165 0.105 0.000 0.000 0.000 0.000 0.000 0.000 0.000 0.000 
0.999 0.966 0.889 0.779 0.649 0.515 0.390 0.280 0.192 0.125 0.000 0.000 0.000 0.000 0.000 0.000 0.000 0.000 0.000 0.000 0.000 0.000 0.000 0.000 0.133 0.202 0.293 0.405 0.533 0.667 0.794 0.901 0.973 1.000 0.978 0.911 0.808 0.682 0.548 0.419 0.305 0.211 0.139 0.000 0.000 0.000 0.000 0.000 0.000 0.000 
0.951 0.996 0.992 0.941 0.849 0.730 0.597 0.465 0.345 0.243 0.164 0.105 0.000 0.000 0.000 0.000 0.000 0.000 0.000 0.000 0.000 0.000 0.000 0.000 0.000 0.000 0.157 0.235 0.334 0.453 0.584 0.718 0.839 0.934 0.989 0.997 0.957 0.875 0.761 0.630 0.497 0.373 0.266 0.181 0.117 0.000 0.000 0.000 0.000 0.000 
0.796 0.903 0.974 1.000 0.978 0.910 0.806 0.679 0.545 0.417 0.303 0.210 0.138 0.000 0.000 0.000 0.000 0.000 0.000 0.000 0.000 0.000 0.000 0.000 0.000 0.000 0.000 0.120 0.184 0.271 0.378 0.503 0.636 0.767 0.879 0.960 0.998 0.987 0.930 0.834 0.712 0.578 0.447 0.329 0.231 0.154 0.000 0.000 0.000 0.000 
0.587 0.720 0.841 0.935 0.990 0.997 0.956 0.873 0.759 0.628 0.494 0.371 0.264 0.180 0.116 0.000 0.000 0.000 0.000 0.000 0.000 0.000 0.000 0.000 0.000 0.000 0.000 0.000 0.000 0.142 0.215 0.310 0.425 0.554 0.688 0.813 0.915 0.980 1.000 0.970 0.897 0.789 0.660 0.526 0.399 0.288 0.198 0.130 0.000 0.000 
0.380 0.505 0.639 0.769 0.881 0.961 0.998 0.987 0.929 0.832 0.709 0.576 0.445 0.327 0.229 0.153 0.000 0.000 0.000 0.000 0.000 0.000 0.000 0.000 0.000 0.000 0.000 0.000 0.000 0.000 0.108 0.168 0.249 0.352 0.473 0.606 0.738 0.856 0.945 0.994 0.994 0.947 0.858 0.741 0.608 0.476 0.354 0.251 0.169 0.109 
0.217 0.312 0.427 0.556 0.690 0.815 0.917 0.981 1.000 0.969 0.895 0.787 0.658 0.524 0.397 0.287 0.197 0.129 0.000 0.000 0.000 0.000 0.000 0.000 0.000 0.000 0.000 0.000 0.000 0.000 0.000 0.000 0.129 0.197 0.287 0.397 0.524 0.658 0.787 0.895 0.969 1.000 0.981 0.917 0.815 0.690 0.556 0.427 0.312 0.217 
0.109 0.169 0.251 0.354 0.476 0.608 0.741 0.858 0.947 0.994 0.994 0.945 0.856 0.738 0.606 0.473 0.352 0.249 0.168 0.108 0.000 0.000 0.000 0.000 0.000 0.000 0.000 0.000 0.000 0.000 0.000 0.000 0.000 0.000 0.153 0.229 0.327 0.445 0.576 0.709 0.832 0.929 0.987 0.998 0.961 0.881 0.769 0.639 0.505 0.380 
0.000 0.000 0.130 0.198 0.288 0.399 0.526 0.660 0.789 0.897 0.970 1.000 0.980 0.915 0.813 0.688 0.554 0.425 0.310 0.215 0.142 0.000 0.000 0.000 0.000 0.000 0.000 0.000 0.000 0.000 0.000 0.000 0.000 0.000 0.000 0.116 0.180 0.264 0.371 0.494 0.628 0.759 0.873 0.956 0.997 0.990 0.935 0.841 0.720 0.587 
0.000 0.000 0.000 0.000 0.154 0.231 0.329 0.447 0.578 0.712 0.834 0.930 0.987 0.998 0.960 0.879 0.767 0.636 0.503 0.378 0.271 0.184 0.120 0.000 0.000 0.000 0.000 0.000 0.000 0.000 0.000 0.000 0.000 0.000 0.000 0.000 0.000 0.138 0.210 0.303 0.417 0.545 0.679 0.806 0.910 0.978 1.000 0.974 0.903 0.796 
0.000 0.000 0.000 0.000 0.000 0.117 0.181 0.266 0.373 0.497 0.630 0.761 0.875 0.957 0.997 0.989 0.934 0.839 0.718 0.584 0.453 0.334 0.235 0.157 0.000 0.000 0.000 0.000 0.000 0.000 0.000 0.000 0.000 0.000 0.000 0.000 0.000 0.000 0.105 0.164 0.243 0.345 0.465 0.597 0.730 0.849 0.941 0.992 0.996 0.951 
0.000 0.000 0.000 0.000 0.000 0.000 0.000 0.139 0.211 0.305 0.419 0.548 0.682 0.808 0.911 0.978 1.000 0.973 0.901 0.794 0.667 0.533 0.405 0.293 0.202 0.133 0.000 0.000 0.000 0.000 0.000 0.000 0.000 0.000 0.000 0.000 0.000 0.000 0.000 0.000 0.125 0.192 0.280 0.390 0.515 0.649 0.779 0.889 0.966 0.999 
0.000 0.000 0.000 0.000 0.000 0.000 0.000 0.000 0.105 0.165 0.245 0.347 0.468 0.600 0.732 0.851 0.942 0.992 0.995 0.950 0.863 0.747 0.615 0.482 0.359 0.255 0.173 0.111 0.000 0.000 0.000 0.000 0.000 0.000 0.000 0.000 0.000 0.000 0.000 0.000 0.000 0.000 0.148 0.223 0.320 0.437 0.567 0.701 0.824 0.923 
0.000 0.000 0.000 0.000 0.000 0.000 0.000 0.000 0.000 0.000 0.126 0.193 0.282 0.392 0.518 0.652 0.781 0.891 0.967 0.999 0.983 0.921 0.821 0.697 0.563 0.433 0.317 0.221 0.146 0.000 0.000 0.000 0.000 0.000 0.000 0.000 0.000 0.000 0.000 0.000 0.000 0.000 0.000 0.113 0.175 0.258 0.363 0.486 0.619 0.751 
0.000 0.000 0.000 0.000 0.000 0.000 0.000 0.000 0.000 0.000 0.000 0.000 0.150 0.225 0.322 0.439 0.569 0.703 0.827 0.925 0.985 0.999 0.964 0.886 0.775 0.645 0.511 0.386 0.277 0.189 0.123 0.000 0.000 0.000 0.000 0.000 0.000 0.000 0.000 0.000 0.000 0.000 0.000 0.000 0.000 0.134 0.205 0.296 0.409 0.537 
0.000 0.000 0.000 0.000 0.000 0.000 0.000 0.000 0.000 0.000 0.000 0.000 0.000 0.114 0.176 0.260 0.365 0.488 0.622 0.753 0.868 0.953 0.996 0.991 0.938 0.846 0.726 0.593 0.461 0.341 0.240 0.161 0.103 0.000 0.000 0.000 0.000 0.000 0.000 0.000 0.000 0.000 0.000 0.000 0.000 0.000 0.101 0.159 0.238 0.338 
0.000 0.000 0.000 0.000 0.000 0.000 0.000 0.000 0.000 0.000 0.000 0.000 0.000 0.000 0.000 0.136 0.206 0.298 0.411 0.539 0.673 0.800 0.906 0.975 1.000 0.976 0.907 0.802 0.675 0.541 0.413 0.300 0.207 0.136 0.000 0.000 0.000 0.000 0.000 0.000 0.000 0.000 0.000 0.000 0.000 0.000 0.000 0.000 0.121 0.187 
0.000 0.000 0.000 0.000 0.000 0.000 0.000 0.000 0.000 0.000 0.000 0.000 0.000 0.000 0.000 0.000 0.102 0.160 0.239 0.340 0.459 0.591 0.724 0.844 0.937 0.991 0.996 0.954 0.870 0.755 0.623 0.490 0.367 0.261 0.177 0.114 0.000 0.000 0.000 0.000 0.000 0.000 0.000 0.000 0.000 0.000 0.000 0.000 0.000 0.000 
0.000 0.000 0.000 0.000 0.000 0.000 0.000 0.000 0.000 0.000 0.000 0.000 0.000 0.000 0.000 0.000 0.000 0.000 0.122 0.188 0.276 0.384 0.509 0.643 0.773 0.884 0.963 0.999 0.986 0.926 0.828 0.705 0.571 0.441 0.324 0.226 0.151 0.000 0.000 0.000 0.000 0.000 0.000 0.000 0.000 0.000 0.000 0.000 0.000 0.000 
0.000 0.000 0.000 0.000 0.000 0.000 0.000 0.000 0.000 0.000 0.000 0.000 0.000 0.000 0.000 0.000 0.000 0.000 0.000 0.000 0.146 0.220 0.315 0.431 0.561 0.695 0.819 0.920 0.983 0.999 0.968 0.892 0.783 0.654 0.520 0.393 0.283 0.194 0.127 0.000 0.000 0.000 0.000 0.000 0.000 0.000 0.000 0.000 0.000 0.000 
0.000 0.000 0.000 0.000 0.000 0.000 0.000 0.000 0.000 0.000 0.000 0.000 0.000 0.000 0.000 0.000 0.000 0.000 0.000 0.000 0.000 0.110 0.172 0.254 0.358 0.480 0.613 0.745 0.862 0.949 0.995 0.993 0.943 0.853 0.734 0.602 0.469 0.349 0.246 0.166 0.106 0.000 0.000 0.000 0.000 0.000 0.000 0.000 0.000 0.000 
0.000 0.000 0.000 0.000 0.000 0.000 0.000 0.000 0.000 0.000 0.000 0.000 0.000 0.000 0.000 0.000 0.000 0.000 0.000 0.000 0.000 0.000 0.000 0.132 0.201 0.292 0.403 0.531 0.665 0.793 0.900 0.972 1.000 0.979 0.912 0.810 0.684 0.550 0.421 0.307 0.213 0.140 0.000 0.000 0.000 0.000 0.000 0.000 0.000 0.000 
# 0 2 3 50
0.149 0.000 0.000 0.000 0.000 0.000 0.000 0.000 0.000 0.000 0.000 0.000 0.000 0.000 0.000 0.111 0.172 0.254 0.358 0.481 0.613 0.745 0.862 0.950 0.995 0.993 0.943 0.853 0.734 0.601 0.469 0.348 0.246 0.166 0.106 0.000 0.000 0.000 0.000 0.000 0.000 0.000 0.000 0.000 0.000 0.000 0.000 0.000 0.000 0.000 
0.217 0.312 0.427 0.557 0.691 0.816 0.917 0.982 1.000 0.970 0.895 0.787 0.658 0.524 0.397 0.287 0.197 0.129 0.000 0.000 0.000 0.000 0.000 0.000 0.000 0.000 0.000 0.000 0.000 0.000 0.000 0.000 0.129 0.197 0.287 0.397 0.524 0.658 0.787 0.895 0.970 1.000 0.982 0.917 0.816 0.691 0.557 0.427 0.312 0.217 
0.000 0.000 0.000 0.000 0.000 0.000 0.000 0.000 0.000 0.000 0.000 0.000 0.000 0.000 0.000 0.106 0.166 0.246 0.348 0.469 0.601 0.734 0.853 0.943 0.993 0.995 0.950 0.862 0.745 0.613 0.481 0.358 0.254 0.172 0.111 0.000 0.000 0.000 0.000 0.000 0.000 0.000 0.000 0.000 0.000 0.000 0.000 0.000 0.000 0.149 
# 0 3 3 50
0.149 0.000 0.000 0.000 0.000 0.000 0.000 0.000 0.000 0.000 0.000 0.000 0.000 0.000 0.000 0.111 0.172 0.254 0.358 0.481 0.613 0.745 0.862 0.950 0.995 0.993 0.943 0.853 0.734 0.601 0.469 0.348 0.246 0.166 0.106 0.000 0.000 0.000 0.000 0.000 0.000 0.000 0.000 0.000 0.000 0.000 0.000 0.000 0.000 0.000 
0.217 0.312 0.427 0.557 0.691 0.816 0.917 0.982 1.000 0.970 0.895 0.787 0.658 0.524 0.397 0.287 0.197 0.129 0.000 0.000 0.000 0.000 0.000 0.000 0.000 0.000 0.000 0.000 0.000 0.000 0.000 0.000 0.129 0.197 0.287 0.397 0.524 0.658 0.787 0.895 0.970 1.000 0.982 0.917 0.816 0.691 0.557 0.427 0.312 0.217 
0.000 0.000 0.000 0.000 0.000 0.000 0.000 0.000 0.000 0.000 0.000 0.000 0.000 0.000 0.000 0.106 0.166 0.246 0.348 0.469 0.601 0.734 0.853 0.943 0.993 0.995 0.950 0.862 0.745 0.613 0.481 0.358 0.254 0.172 0.111 0.000 0.000 0.000 0.000 0.000 0.000 0.000 0.000 0.000 0.000 0.000 0.000 0.000 0.000 0.149 
# 0 4 10 50
0.000 0.000 0.000 0.000 0.000 0.000 0.000 0.000 0.000 0.103 0.161 0.240 0.341 0.461 0.593 0.726 0.847 0.941 0.994 1.000 0.958 0.873 0.758 0.626 0.492 0.368 0.263 0.178 0.115 0.000 0.000 0.000 0.000 0.000 0.000 0.000 0.000 0.000 0.000 0.000 0.000 0.000 0.000 0.000 0.000 0.000 0.000 0.000 0.000 0.000 
0.103 0.000 0.000 0.000 0.000 0.000 0.000 0.000 0.000 0.000 0.000 0.000 0.000 0.000 0.103 0.161 0.240 0.341 0.461 0.593 0.726 0.847 0.941 0.994 1.000 0.958 0.873 0.758 0.626 0.492 0.368 0.263 0.178 0.115 0.000 0.000 0.000 0.000 0.000 0.000 0.000 0.000 0.000 0.000 0.000 0.000 0.000 0.000 0.000 0.000 
0.593 0.461 0.341 0.240 0.161 0.103 0.000 0.000 0.000 0.000 0.000 0.000 0.000 0.000 0.000 0.000 0.000 0.000 0.000 0.103 0.161 0.240 0.341 0.461 0.593 0.726 0.847 0.941 0.994 1.000 0.958 0.873 0.758 0.626 0.492 0.368 0.263 0.178 0.115 0.000 0.000 0.000 0.000 0.000 0.000 0.000 0.000 0.000 0.000 0.000 
1.000 0.994 0.941 0.847 0.726 0.593 0.461 0.341 0.240 0.161 0.103 0.000 0.000 0.000 0.000 0.000 0.000 0.000 0.000 0.000 0.000 0.000 0.000 0.000 0.103 0.161 0.240 0.341 0.461 0.593 0.726 0.847 0.941 0.994 1.000 0.958 0.873 0.758 0.626 0.492 0.368 0.263 0.178 0.115 0.000 0.000 0.000 0.000 0.000 0.000 
0.492 0.626 0.758 0.873 0.958 1.000 0.994 0.941 0.847 0.726 0.593 0.461 0.341 0.240 0.161 0.103 0.000 0.000 0.000 0.000 0.000 0.000 0.000 0.000 0.000 0.000 0.000 0.000 0.000 0.103 0.161 0.240 0.341 0.461 0.593 0.726 0.847 0.941 0.994 1.000 0.958 0.873 0.758 0.626 0.492 0.368 0.263 0.178 0.115 0.000 
0.000 0.115 0.178 0.263 0.368 0.492 0.626 0.758 0.873 0.958 1.000 0.994 0.941 0.847 0.726 0.593 0.461 0.341 0.240 0.161 0.103 0.000 0.000 0.000 0.000 0.000 0.000 0.000 0.000 0.000 0.000 0.000 0.000 0.000 0.103 0.161 0.240 0.341 0.461 0.593 0.726 0.847 0.941 0.994 1.000 0.958 0.873 0.758 0.626 0.492 
0.000 0.000 0.000 0.000 0.000 0.000 0.115 0.178 0.263 0.368 0.492 0.626 0.758 0.873 0.958 1.000 0.994 0.941 0.847 0.726 0.593 0.461 0.341 0.240 0.161 0.103 0.000 0.000 0.000 0.000 0.000 0.000 0.000 0.000 0.000 0.000 0.000 0.000 0.000 0.103 0.161 0.240 0.341 0.461 0.593 0.726 0.847 0.941 0.994 1.000 
0.000 0.000 0.000 0.000 0.000 0.000 0.000 0.000 0.000 0.000 0.000 0.115 0.178 0.263 0.368 0.492 0.626 0.758 0.873 0.958 1.000 0.994 0.941 0.847 0.726 0.593 0.461 0.341 0.240 0.161 0.103 0.000 0.000 0.000 0.000 0.000 0.000 0.000 0.000 0.000 0.000 0.000 0.000 0.000 0.103 0.161 0.240 0.341 0.461 0.593 
0.000 0.000 0.000 0.000 0.000 0.000 0.000 0.000 0.000 0.000 0.000 0.000 0.000 0.000 0.000 0.000 0.115 0.178 0.263 0.368 0.492 0.626 0.758 0.873 0.958 1.000 0.994 0.941 0.847 0.726 0.593 0.461 0.341 0.240 0.161 0.103 0.000 0.000 0.000 0.000 0.000 0.000 0.000 0.000 0.000 0.000 0.000 0.000 0.000 0.103 
0.000 0.000 0.000 0.000 0.000 0.000 0.000 0.000 0.000 0.000 0.000 0.000 0.000 0.000 0.000 0.000 0.000 0.000 0.000 0.000 0.000 0.115 0.178 0.263 0.368 0.492 0.626 0.758 0.873 0.958 1.000 0.994 0.941 0.847 0.726 0.593 0.461 0.341 0.240 0.161 0.103 0.000 0.000 0.000 0.000 0.000 0.000 0.000 0.000 0.000 
# 1 0 50 31
0.000 0.000 -0.140 -0.301 -0.536 -0.792 -0.970 -0.983 -0.825 -0.574 -0.330 -0.157 0.000 0.000 0.000 0.000 0.000 0.000 0.000 0.000 0.000 0.000 0.000 0.000 0.000 0.000 0.000 0.000 0.000 0.000 0.000 
0.000 0.000 0.000 -0.191 -0.383 -0.636 -0.875 -0.997 -0.940 -0.735 -0.475 -0.255 -0.113 0.000 0.000 0.000 0.000 0.000 0.000 0.000 0.000 0.000 0.000 0.000 0.000 0.000 0.000 0.000 0.000 0.000 0.000 
0.000 0.000 0.000 -0.113 -0.254 -0.475 -0.734 -0.940 -0.997 -0.875 -0.637 -0.384 -0.191 0.000 0.000 0.000 0.000 0.000 0.000 0.000 0.000 0.000 0.000 0.000 0.000 0.000 0.000 0.000 0.000 0.000 0.000 
0.000 0.000 0.000 0.000 -0.157 -0.330 -0.573 -0.824 -0.983 -0.970 -0.793 -0.537 -0.301 -0.140 0.000 0.000 0.000 0.000 0.000 0.000 0.000 0.000 0.000 0.000 0.000 0.000 0.000 0.000 0.000 0.000 0.000 
-0.152 0.000 0.000 0.000 0.000 -0.213 -0.416 -0.673 -0.901 -1.000 -0.919 -0.699 -0.441 -0.230 0.000 0.000 0.000 0.000 0.000 0.000 0.000 0.000 0.000 0.000 0.000 0.000 0.000 0.000 0.000 0.000 0.000 
-0.247 -0.109 0.000 0.000 0.000 -0.128 -0.281 -0.510 -0.769 -0.958 -0.990 -0.847 -0.600 -0.352 -0.171 0.000 0.000 0.000 0.000 0.000 0.000 0.000 0.000 0.000 0.000 0.000 0.000 0.000 0.000 0.000 0.000 
-0.374 -0.185 0.000 0.000 0.000 0.000 -0.176 -0.360 -0.610 -0.855 -0.992 -0.954 -0.759 -0.501 -0.274 -0.124 0.000 0.000 0.000 0.000 0.000 0.000 0.000 0.000 0.000 0.000 0.000 0.000 0.000 0.000 0.000 
-0.526 -0.293 -0.135 0.000 0.000 0.000 -0.103 -0.237 -0.450 -0.709 -0.925 -0.999 -0.894 -0.663 -0.407 -0.207 0.000 0.000 0.000 0.000 0.000 0.000 0.000 0.000 0.000 0.000 0.000 0.000 0.000 0.000 0.000 
-0.688 -0.430 -0.223 0.000 0.000 0.000 0.000 -0.144 -0.309 -0.547 -0.802 -0.974 -0.980 -0.816 -0.563 -0.322 -0.152 0.000 0.000 0.000 0.000 0.000 0.000 0.000 0.000 0.000 0.000 0.000 0.000 0.000 0.000 
-0.838 -0.589 -0.343 -0.165 0.000 0.000 0.000 0.000 -0.197 -0.392 -0.647 -0.883 -0.998 -0.934 -0.725 -0.465 -0.248 -0.109 0.000 0.000 0.000 0.000 0.000 0.000 0.000 0.000 0.000 0.000 0.000 0.000 0.000 
-0.948 -0.749 -0.490 -0.265 -0.119 0.000 0.000 0.000 -0.117 -0.262 -0.485 -0.744 -0.945 -0.995 -0.867 -0.626 -0.374 -0.185 0.000 0.000 0.000 0.000 0.000 0.000 0.000 0.000 0.000 0.000 0.000 0.000 0.000 
-0.998 -0.886 -0.652 -0.397 -0.200 0.000 0.000 0.000 0.000 -0.162 -0.338 -0.583 -0.833 -0.986 -0.966 -0.784 -0.527 -0.293 -0.135 0.000 0.000 0.000 0.000 0.000 0.000 0.000 0.000 0.000 0.000 0.000 0.000 
-0.978 -0.976 -0.806 -0.552 -0.313 -0.147 0.000 0.000 0.000 0.000 -0.220 -0.425 -0.683 -0.908 -1.000 -0.912 -0.689 -0.431 -0.223 0.000 0.000 0.000 0.000 0.000 0.000 0.000 0.000 0.000 0.000 0.000 0.000 
-0.891 -0.999 -0.928 -0.714 -0.455 -0.240 -0.105 0.000 0.000 0.000 -0.132 -0.289 -0.521 -0.778 -0.963 -0.987 -0.838 -0.589 -0.343 -0.166 0.000 0.000 0.000 0.000 0.000 0.000 0.000 0.000 0.000 0.000 0.000 
-0.755 -0.951 -0.993 -0.859 -0.615 -0.365 -0.179 0.000 0.000 0.000 0.000 -0.182 -0.369 -0.620 -0.863 -0.994 -0.949 -0.750 -0.491 -0.266 -0.119 0.000 0.000 0.000 0.000 0.000 0.000 0.000 0.000 0.000 0.000 
-0.595 -0.842 -0.989 -0.961 -0.773 -0.516 -0.285 -0.130 0.000 0.000 0.000 -0.107 -0.244 -0.460 -0.719 -0.931 -0.998 -0.887 -0.652 -0.398 -0.201 0.000 0.000 0.000 0.000 0.000 0.000 0.000 0.000 0.000 0.000 
-0.436 -0.694 -0.915 -1.000 -0.905 -0.678 -0.421 -0.216 0.000 0.000 0.000 0.000 -0.149 -0.317 -0.557 -0.811 -0.978 -0.976 -0.807 -0.553 -0.313 -0.147 0.000 0.000 0.000 0.000 0.000 0.000 0.000 0.000 0.000 
-0.297 -0.532 -0.788 -0.968 -0.984 -0.829 -0.578 -0.334 -0.160 0.000 0.000 0.000 0.000 -0.203 -0.402 -0.657 -0.890 -0.999 -0.928 -0.715 -0.455 -0.240 -0.105 0.000 0.000 0.000 0.000 0.000 0.000 0.000 0.000 
-0.188 -0.379 -0.631 -0.871 -0.996 -0.943 -0.739 -0.480 -0.258 -0.115 0.000 0.000 0.000 -0.121 -0.269 -0.495 -0.754 -0.951 -0.993 -0.859 -0.616 -0.365 -0.180 0.000 0.000 0.000 0.000 0.000 0.000 0.000 0.000 
-0.111 -0.251 -0.470 -0.730 -0.937 -0.997 -0.879 -0.641 -0.388 -0.194 0.000 0.000 0.000 0.000 -0.168 -0.347 -0.594 -0.842 -0.988 -0.961 -0.774 -0.516 -0.285 -0.130 0.000 0.000 0.000 0.000 0.000 0.000 0.000 
0.000 -0.155 -0.326 -0.568 -0.821 -0.981 -0.972 -0.797 -0.542 -0.305 -0.142 0.000 0.000 0.000 0.000 -0.226 -0.435 -0.693 -0.915 -1.000 -0.905 -0.679 -0.421 -0.217 0.000 0.000 0.000 0.000 0.000 0.000 0.000 
0.000 0.000 -0.210 -0.412 -0.668 -0.898 -1.000 -0.922 -0.704 -0.445 -0.233 -0.101 0.000 0.000 0.000 -0.137 -0.297 -0.531 -0.788 -0.968 -0.984 -0.829 -0.579 -0.335 -0.160 0.000 0.000 0.000 0.000 0.000 0.000 
0.000 0.000 -0.126 -0.277 -0.506 -0.764 -0.956 -0.991 -0.850 -0.604 -0.356 -0.173 0.000 0.000 0.000 0.000 -0.188 -0.378 -0.631 -0.871 -0.996 -0.943 -0.740 -0.481 -0.259 -0.115 0.000 0.000 0.000 0.000 0.000 
0.000 0.000 0.000 -0.174 -0.356 -0.605 -0.851 -0.991 -0.956 -0.764 -0.505 -0.277 -0.126 0.000 0.000 0.000 -0.111 -0.251 -0.470 -0.729 -0.937 -0.997 -0.879 -0.642 -0.388 -0.194 0.000 0.000 0.000 0.000 0.000 
0.000 0.000 0.000 -0.101 -0.234 -0.446 -0.704 -0.922 -1.000 -0.897 -0.667 -0.411 -0.210 0.000 0.000 0.000 0.000 -0.155 -0.325 -0.568 -0.820 -0.981 -0.972 -0.798 -0.542 -0.305 -0.142 0.000 0.000 0.000 0.000 
0.000 0.000 0.000 0.000 -0.142 -0.305 -0.542 -0.798 -0.972 -0.981 -0.820 -0.568 -0.325 -0.155 0.000 0.000 0.000 0.000 -0.210 -0.411 -0.667 -0.897 -1.000 -0.922 -0.704 -0.446 -0.234 -0.101 0.000 0.000 0.000 
0.000 0.000 0.000 0.000 0.000 -0.194 -0.388 -0.642 -0.879 -0.997 -0.937 -0.729 -0.470 -0.251 -0.111 0.000 0.000 0.000 -0.126 -0.277 -0.505 -0.764 -0.956 -0.991 -0.851 -0.605 -0.356 -0.174 0.000 0.000 0.000 
0.000 0.000 0.000 0.000 0.000 -0.115 -0.259 -0.481 -0.740 -0.943 -0.996 -0.871 -0.631 -0.378 -0.188 0.000 0.000 0.000 0.000 -0.173 -0.356 -0.604 -0.850 -0.991 -0.956 -0.764 -0.506 -0.277 -0.126 0.000 0.000 
0.000 0.000 0.000 0.000 0.000 0.000 -0.160 -0.335 -0.579 -0.829 -0.984 -0.968 -0.788 -0.531 -0.297 -0.137 0.000 0.000 0.000 -0.101 -0.233 -0.445 -0.704 -0.922 -1.000 -0.898 -0.668 -0.412 -0.210 0.000 0.000 
0.000 0.000 0.000 0.000 0.000 0.000 0.000 -0.217 -0.421 -0.679 -0.905 -1.000 -0.915 -0.693 -0.435 -0.226 0.000 0.000 0.000 0.000 -0.142 -0.305 -0.542 -0.797 -0.972 -0.981 -0.821 -0.568 -0.326 -0.155 0.000 
0.000 0.000 0.000 0.000 0.000 0.000 0.000 -0.130 -0.285 -0.516 -0.774 -0.961 -0.988 -0.842 -0.594 -0.347 -0.168 0.000 0.000 0.000 0.000 -0.194 -0.388 -0.641 -0.879 -0.997 -0.937 -0.730 -0.470 -0.251 -0.111 
0.000 0.000 0.000 0.000 0.000 0.000 0.000 0.000 -0.180 -0.365 -0.616 -0.859 -0.993 -0.951 -0.754 -0.495 -0.269 -0.121 0.000 0.000 0.000 -0.115 -0.258 -0.480 -0.739 -0.943 -0.996 -0.871 -0.631 -0.379 -0.188 
0.000 0.000 0.000 0.000 0.000 0.000 0.000 0.000 -0.105 -0.240 -0.455 -0.715 -0.928 -0.999 -0.890 -0.657 -0.402 -0.203 0.000 0.000 0.000 0.000 -0.160 -0.334 -0.578 -0.829 -0.984 -0.968 -0.788 -0.532 -0.297 
0.000 0.000 0.000 0.000 0.000 0.000 0.000 0.000 0.000 -0.147 -0.313 -0.553 -0.807 -0.976 -0.978 -0.811 -0.557 -0.317 -0.149 0.000 0.000 0.000 0.000 -0.216 -0.421 -0.678 -0.905 -1.000 -0.915 -0.694 -0.436 
0.000 0.000 0.000 0.000 0.000 0.000 0.000 0.000 0.000 0.000 -0.201 -0.398 -0.652 -0.887 -0.998 -0.931 -0.719 -0.460 -0.244 -0.107 0.000 0.000 0.000 -0.130 -0.285 -0.516 -0.773 -0.961 -0.989 -0.842 -0.595 
0.000 0.000 0.000 0.000 0.000 0.000 0.000 0.000 0.000 0.000 -0.119 -0.266 -0.491 -0.750 -0.949 -0.994 -0.863 -0.620 -0.369 -0.182 0.000 0.000 0.000 0.000 -0.179 -0.365 -0.615 -0.859 -0.993 -0.951 -0.755 
0.000 0.000 0.000 0.000 0.000 0.000 0.000 0.000 0.000 0.000 0.000 -0.166 -0.343 -0.589 -0.838 -0.987 -0.963 -0.778 -0.521 -0.289 -0.132 0.000 0.000 0.000 -0.105 -0.240 -0.455 -0.714 -0.928 -0.999 -0.891 
0.000 0.000 0.000 0.000 0.000 0.000 0.000 0.000 0.000 0.000 0.000 0.000 -0.223 -0.431 -0.689 -0.912 -1.000 -0.908 -0.683 -0.425 -0.220 0.000 0.000 0.000 0.000 -0.147 -0.313 -0.552 -0.806 -0.976 -0.978 
0.000 0.000 0.000 0.000 0.000 0.000 0.000 0.000 0.000 0.000 0.000 0.000 -0.135 -0.293 -0.527 -0.784 -0.966 -0.986 -0.833 -0.583 -0.338 -0.162 0.000 0.000 0.000 0.000 -0.200 -0.397 -0.652 -0.886 -0.998 
0.000 0.000 0.000 0.000 0.000 0.000 0.000 0.000 0.000 0.000 0.000 0.000 0.000 -0.185 -0.374 -0.626 -0.867 -0.995 -0.945 -0.744 -0.485 -0.262 -0.117 0.000 0.000 0.000 -0.119 -0.265 -0.490 -0.749 -0.948 
0.000 0.000 0.000 0.000 0.000 0.000 0.000 0.000 0.000 0.000 0.000 0.000 0.000 -0.109 -0.248 -0.465 -0.725 -0.934 -0.998 -0.883 -0.647 -0.392 -0.197 0.000 0.000 0.000 0.000 -0.165 -0.343 -0.589 -0.838 
0.000 0.000 0.000 0.000 0.000 0.000 0.000 0.000 0.000 0.000 0.000 0.000 0.000 0.000 -0.152 -0.322 -0.563 -0.816 -0.980 -0.974 -0.802 -0.547 -0.309 -0.144 0.000 0.000 0.000 0.000 -0.223 -0.430 -0.688 
0.000 0.000 0.000 0.000 0.000 0.000 0.000 0.000 0.000 0.000 0.000 0.000 0.000 0.000 0.000 -0.207 -0.407 -0.663 -0.894 -0.999 -0.925 -0.709 -0.450 -0.237 -0.103 0.000 0.000 0.000 -0.135 -0.293 -0.526 
0.000 0.000 0.000 0.000 0.000 0.000 0.000 0.000 0.000 0.000 0.000 0.000 0.000 0.000 0.000 -0.124 -0.274 -0.501 -0.759 -0.954 -0.992 -0.855 -0.610 -0.360 -0.176 0.000 0.000 0.000 0.000 -0.185 -0.374 
0.000 0.000 0.000 0.000 0.000 0.000 0.000 0.000 0.000 0.000 0.000 0.000 0.000 0.000 0.000 0.000 -0.171 -0.352 -0.600 -0.847 -0.990 -0.958 -0.769 -0.510 -0.281 -0.128 0.000 0.000 0.000 -0.109 -0.247 
0.000 0.000 0.000 0.000 0.000 0.000 0.000 0.000 0.000 0.000 0.000 0.000 0.000 0.000 0.000 0.000 0.000 -0.230 -0.441 -0.699 -0.919 -1.000 -0.901 -0.673 -0.416 -0.213 0.000 0.000 0.000 0.000 -0.152 
0.000 0.000 0.000 0.000 0.000 0.000 0.000 0.000 0.000 0.000 0.000 0.000 0.000 0.000 0.000 0.000 0.000 -0.140 -0.301 -0.537 -0.793 -0.970 -0.983 -0.824 -0.573 -0.330 -0.157 0.000 0.000 0.000 0.000 
0.000 0.000 0.000 0.000 0.000 0.000 0.000 0.000 0.000 0.000 0.000 0.000 0.000 0.000 0.000 0.000 0.000 0.000 -0.191 -0.384 -0.637 -0.875 -0.997 -0.940 -0.734 -0.475 -0.254 -0.113 0.000 0.000 0.000 
0.000 0.000 0.000 0.000 0.000 0.000 0.000 0.000 0.000 0.000 0.000 0.000 0.000 0.000 0.000 0.000 0.000 0.000 -0.113 -0.255 -0.475 -0.735 -0.940 -0.997 -0.875 -0.636 -0.383 -0.191 0.000 0.000 0.000 
0.000 0.000 0.000 0.000 0.000 0.000 0.000 0.000 0.000 0.000 0.000 0.000 0.000 0.000 0.000 0.000 0.000 0.000 0.000 -0.157 -0.330 -0.574 -0.825 -0.983 -0.970 -0.792 -0.536 -0.301 -0.140 0.000 0.000 
# 1 2 3 31
-0.665 -0.408 -0.207 0.000 0.000 0.000 0.000 -0.158 -0.332 -0.577 -0.830 -0.988 -0.975 -0.797 -0.539 -0.302 -0.140 0.000 0.000 0.000 0.000 0.000 0.000 0.000 0.000 0.000 0.000 0.000 0.000 0.000 0.000 
0.000 0.000 0.000 0.000 -0.185 -0.374 -0.627 -0.870 -1.000 -0.952 -0.751 -0.490 -0.265 -0.119 0.000 0.000 0.000 -0.119 -0.265 -0.490 -0.751 -0.952 -1.000 -0.870 -0.627 -0.374 -0.185 0.000 0.000 0.000 0.000 
0.000 0.000 0.000 0.000 0.000 0.000 0.000 0.000 0.000 0.000 0.000 0.000 0.000 0.000 -0.140 -0.302 -0.539 -0.797 -0.975 -0.988 -0.830 -0.577 -0.332 -0.158 0.000 0.000 0.000 0.000 -0.207 -0.408 -0.665 
# 1 3 3 31
-0.665 -0.408 -0.207 0.000 0.000 0.000 0.000 -0.158 -0.332 -0.577 -0.830 -0.988 -0.975 -0.797 -0.539 -0.302 -0.140 0.000 0.000 0.000 0.000 0.000 0.000 0.000 0.000 0.000 0.000 0.000 0.000 0.000 0.000 
0.000 0.000 0.000 0.000 -0.185 -0.374 -0.627 -0.870 -1.000 -0.952 -0.751 -0.490 -0.265 -0.119 0.000 0.000 0.000 -0.119 -0.265 -0.490 -0.751 -0.952 -1.000 -0.870 -0.627 -0.374 -0.185 0.000 0.000 0.000 0.000 
0.000 0.000 0.000 0.000 0.000 0.000 0.000 0.000 0.000 0.000 0.000 0.000 0.000 0.000 -0.140 -0.302 -0.539 -0.797 -0.975 -0.988 -0.830 -0.577 -0.332 -0.158 0.000 0.000 0.000 0.000 -0.207 -0.408 -0.665 
# 2 0 50 3
0.962 0.000 0.000 
0.992 0.000 0.000 
1.000 0.000 0.000 
0.985 0.000 0.000 
0.947 0.000 0.000 
0.890 0.120 0.000 
0.817 0.163 0.000 
0.733 0.215 0.000 
0.673 0.278 0.000 
0.762 0.350 0.000 
0.843 0.432 0.000 
0.911 0.520 0.000 
0.962 0.612 0.000 
0.992 0.704 0.000 
1.000 0.791 0.000 
0.985 0.868 0.000 
0.947 0.930 0.000 
0.890 0.975 0.000 
0.818 0.997 0.000 
0.734 0.997 0.000 
0.643 0.974 0.000 
0.551 0.930 0.000 
0.461 0.867 0.133 
0.377 0.790 0.179 
0.301 0.703 0.235 
0.235 0.703 0.301 
0.179 0.790 0.377 
0.133 0.867 0.461 
0.000 0.930 0.551 
0.000 0.974 0.643 
0.000 0.997 0.734 
0.000 0.997 0.818 
0.000 0.975 0.890 
0.000 0.930 0.947 
0.000 0.868 0.985 
0.000 0.791 1.000 
0.000 0.704 0.992 
0.000 0.612 0.962 
0.000 0.520 0.911 
0.000 0.432 0.843 
0.000 0.350 0.762 
0.000 0.278 0.673 
0.000 0.215 0.733 
0.000 0.163 0.817 
0.000 0.120 0.890 
0.000 0.000 0.947 
0.000 0.000 0.985 
0.000 0.000 1.000 
0.000 0.000 0.992 
0.000 0.000 0.962 
# 2 1 31 3
0.973 0.000 0.000 
1.000 0.000 0.000 
0.967 0.000 0.000 
0.880 0.126 0.000 
0.754 0.201 0.000 
0.707 0.303 0.000 
0.842 0.430 0.000 
0.943 0.575 0.000 
0.996 0.722 0.000 
0.989 0.855 0.000 
0.925 0.952 0.000 
0.814 0.998 0.000 
0.674 0.984 0.000 
0.525 0.914 0.106 
0.386 0.799 0.173 
0.266 0.658 0.266 
0.173 0.799 0.386 
0.106 0.914 0.525 
0.000 0.984 0.674 
0.000 0.998 0.814 
0.000 0.952 0.925 
0.000 0.855 0.989 
0.000 0.722 0.996 
0.000 0.575 0.943 
0.000 0.430 0.842 
0.000 0.303 0.707 
0.000 0.201 0.754 
0.000 0.126 0.880 
0.000 0.000 0.967 
0.000 0.000 1.000 
0.000 0.000 0.973 
# 2 3 3 3
1.000 0.405 0.000 
0.405 1.000 0.405 
0.000 0.405 1.000 
# 3 0 50 3
0.000 -0.396 0.000 
0.000 -0.658 0.000 
0.000 -0.896 0.000 
0.000 -1.000 0.000 
0.000 -0.915 0.000 
0.000 -0.687 0.000 
0.000 -0.422 0.000 
0.000 -0.213 0.000 
0.000 0.000 0.000 
0.000 0.000 0.000 
0.000 0.000 0.000 
0.000 0.000 0.000 
0.000 0.000 0.000 
0.000 0.000 0.000 
0.000 0.000 0.000 
0.000 0.000 -0.109 
0.000 0.000 -0.253 
0.000 0.000 -0.480 
0.000 0.000 -0.746 
0.000 0.000 -0.950 
0.000 0.000 -0.993 
0.000 0.000 -0.850 
0.000 0.000 -0.597 
0.000 0.000 -0.344 
0.000 0.000 -0.162 
-0.162 0.000 0.000 
-0.344 0.000 0.000 
-0.597 0.000 0.000 
-0.850 0.000 0.000 
-0.993 0.000 0.000 
-0.950 0.000 0.000 
-0.746 0.000 0.000 
-0.480 0.000 0.000 
-0.253 0.000 0.000 
-0.109 0.000 0.000 
0.000 0.000 0.000 
0.000 0.000 0.000 
0.000 0.000 0.000 
0.000 0.000 0.000 
0.000 0.000 0.000 
0.000 0.000 0.000 
0.000 0.000 0.000 
0.000 -0.213 0.000 
0.000 -0.422 0.000 
0.000 -0.687 0.000 
0.000 -0.915 0.000 
0.000 -1.000 0.000 
0.000 -0.896 0.000 
0.000 -0.658 0.000 
0.000 -0.396 0.000 
# 3 1 31 3
0.000 -0.473 0.000 
0.000 -0.880 0.000 
0.000 -0.978 0.000 
0.000 -0.648 0.000 
0.000 -0.256 0.000 
0.000 0.000 0.000 
0.000 0.000 0.000 
0.000 0.000 0.000 
0.000 0.000 0.000 
0.000 0.000 0.000 
0.000 0.000 -0.343 
0.000 0.000 -0.758 
0.000 0.000 -1.000 
0.000 0.000 -0.787 
0.000 0.000 -0.369 
-0.103 0.000 -0.103 
-0.369 0.000 0.000 
-0.787 0.000 0.000 
-1.000 0.000 0.000 
-0.758 0.000 0.000 
-0.343 0.000 0.000 
0.000 0.000 0.000 
0.000 0.000 0.000 
0.000 0.000 0.000 
0.000 0.000 0.000 
0.000 0.000 0.000 
0.000 -0.256 0.000 
0.000 -0.648 0.000 
0.000 -0.978 0.000 
0.000 -0.880 0.000 
0.000 -0.473 0.000 
# 3 2 3 3
0.000 -1.000 0.000 
-1.000 0.000 -1.000 
0.000 -1.000 0.000 
