3.564361
4
# 0 1 45 50
0.000 0.000 0.000 0.000 0.141 0.196 0.266 0.348 0.442 0.545 0.651 0.754 0.848 0.923 0.975 0.999 0.992 0.955 0.892 0.808 0.709 0.604 0.499 0.399 0.310 0.233 0.170 0.120 0.000 0.000 0.000 0.000 0.000 0.000 0.000 0.000 0.000 0.000 0.000 0.000 0.000 0.000 0.000 0.000 0.000 0.000 0.000 0.000 0.000 0.000 
0.000 0.000 0.000 0.000 0.000 0.136 0.190 0.257 0.338 0.431 0.533 0.639 0.743 0.838 0.916 0.971 0.998 0.994 0.961 0.900 0.818 0.721 0.616 0.510 0.410 0.319 0.241 0.176 0.125 0.000 0.000 0.000 0.000 0.000 0.000 0.000 0.000 0.000 0.000 0.000 0.000 0.000 0.000 0.000 0.000 0.000 0.000 0.000 0.000 0.000 
0.000 0.000 0.000 0.000 0.000 0.000 0.130 0.183 0.249 0.329 0.420 0.522 0.628 0.732 0.828 0.908 0.966 0.996 0.996 0.966 0.908 0.828 0.732 0.628 0.522 0.420 0.329 0.249 0.183 0.130 0.000 0.000 0.000 0.000 0.000 0.000 0.000 0.000 0.000 0.000 0.000 0.000 0.000 0.000 0.000 0.000 0.000 0.000 0.000 0.000 
0.116 0.000 0.000 0.000 0.000 0.000 0.000 0.125 0.176 0.241 0.319 0.410 0.510 0.616 0.721 0.818 0.900 0.961 0.994 0.998 0.971 0.916 0.838 0.743 0.639 0.533 0.431 0.338 0.257 0.190 0.136 0.000 0.000 0.000 0.000 0.000 0.000 0.000 0.000 0.000 0.000 0.000 0.000 0.000 0.000 0.000 0.000 0.000 0.000 0.000 
0.170 0.120 0.000 0.000 0.000 0.000 0.000 0.000 0.120 0.170 0.233 0.310 0.399 0.499 0.604 0.709 0.808 0.892 0.955 0.992 0.999 0.975 0.923 0.847 0.754 0.651 0.545 0.442 0.348 0.266 0.196 0.141 0.000 0.000 0.000 0.000 0.000 0.000 0.000 0.000 0.000 0.000 0.000 0.000 0.000 0.000 0.000 0.000 0.000 0.000 
0.241 0.176 0.125 0.000 0.000 0.000 0.000 0.000 0.000 0.116 0.164 0.225 0.301 0.389 0.487 0.592 0.698 0.797 0.884 0.950 0.989 1.000 0.979 0.930 0.857 0.765 0.663 0.557 0.453 0.358 0.274 0.203 0.146 0.102 0.000 0.000 0.000 0.000 0.000 0.000 0.000 0.000 0.000 0.000 0.000 0.000 0.000 0.000 0.000 0.000 
0.329 0.249 0.183 0.130 0.000 0.000 0.000 0.000 0.000 0.000 0.111 0.158 0.218 0.292 0.378 0.476 0.580 0.686 0.787 0.875 0.943 0.986 1.000 0.983 0.937 0.866 0.776 0.675 0.568 0.464 0.368 0.283 0.211 0.152 0.107 0.000 0.000 0.000 0.000 0.000 0.000 0.000 0.000 0.000 0.000 0.000 0.000 0.000 0.000 0.000 
0.431 0.338 0.257 0.190 0.136 0.000 0.000 0.000 0.000 0.000 0.000 0.107 0.152 0.211 0.283 0.368 0.464 0.568 0.675 0.776 0.866 0.937 0.983 1.000 0.986 0.943 0.875 0.787 0.686 0.580 0.476 0.378 0.292 0.218 0.158 0.111 0.000 0.000 0.000 0.000 0.000 0.000 0.000 0.000 0.000 0.000 0.000 0.000 0.000 0.000 
0.545 0.442 0.348 0.266 0.196 0.141 0.000 0.000 0.000 0.000 0.000 0.000 0.102 0.146 0.203 0.274 0.358 0.453 0.557 0.663 0.765 0.857 0.930 0.979 1.000 0.989 0.950 0.884 0.797 0.698 0.592 0.487 0.389 0.301 0.225 0.164 0.116 0.000 0.000 0.000 0.000 0.000 0.000 0.000 0.000 0.000 0.000 0.000 0.000 0.000 
0.663 0.557 0.453 0.358 0.274 0.203 0.146 0.102 0.000 0.000 0.000 0.000 0.000 0.000 0.141 0.196 0.266 0.348 0.442 0.545 0.651 0.754 0.848 0.923 0.975 0.999 0.992 0.955 0.892 0.808 0.709 0.604 0.499 0.399 0.310 0.233 0.170 0.120 0.000 0.000 0.000 0.000 0.000 0.000 0.000 0.000 0.000 0.000 0.000 0.000 
0.776 0.675 0.568 0.464 0.368 0.283 0.211 0.152 0.107 0.000 0.000 0.000 0.000 0.000 0.000 0.136 0.190 0.257 0.338 0.431 0.533 0.639 0.743 0.838 0.916 0.971 0.998 0.994 0.961 0.900 0.818 0.721 0.616 0.510 0.410 0.319 0.241 0.176 0.125 0.000 0.000 0.000 0.000 0.000 0.000 0.000 0.000 0.000 0.000 0.000 
0.875 0.787 0.686 0.580 0.476 0.378 0.292 0.218 0.158 0.111 0.000 0.000 0.000 0.000 0.000 0.000 0.130 0.183 0.249 0.329 0.420 0.522 0.628 0.732 0.828 0.908 0.966 0.996 0.996 0.966 0.908 0.828 0.732 0.628 0.522 0.420 0.329 0.249 0.183 0.130 0.000 0.000 0.000 0.000 0.000 0.000 0.000 0.000 0.000 0.000 
0.950 0.884 0.797 0.698 0.592 0.487 0.389 0.301 0.225 0.164 0.116 0.000 0.000 0.000 0.000 0.000 0.000 0.125 0.176 0.241 0.319 0.410 0.510 0.616 0.721 0.818 0.900 0.961 0.994 0.998 0.971 0.916 0.838 0.743 0.639 0.533 0.431 0.338 0.257 0.190 0.136 0.000 0.000 0.000 0.000 0.000 0.000 0.000 0.000 0.000 
0.992 0.955 0.892 0.808 0.709 0.604 0.499 0.399 0.310 0.233 0.170 0.120 0.000 0.000 0.000 0.000 0.000 0.000 0.120 0.170 0.233 0.310 0.399 0.499 0.604 0.709 0.808 0.892 0.955 0.992 0.999 0.975 0.923 0.847 0.754 0.651 0.545 0.442 0.348 0.266 0.196 0.141 0.000 0.000 0.000 0.000 0.000 0.000 0.000 0.000 
0.998 0.994 0.961 0.900 0.818 0.721 0.616 0.510 0.410 0.319 0.241 0.176 0.125 0.000 0.000 0.000 0.000 0.000 0.000 0.116 0.164 0.225 0.301 0.389 0.487 0.592 0.698 0.797 0.884 0.950 0.989 1.000 0.979 0.930 0.857 0.765 0.663 0.557 0.453 0.358 0.274 0.203 0.146 0.102 0.000 0.000 0.000 0.000 0.000 0.000 
0.966 0.996 0.996 0.966 0.908 0.828 0.732 0.628 0.522 0.420 0.329 0.249 0.183 0.130 0.000 0.000 0.000 0.000 0.000 0.000 0.111 0.158 0.218 0.292 0.378 0.476 0.580 0.686 0.787 0.875 0.943 0.986 1.000 0.983 0.937 0.866 0.776 0.675 0.568 0.464 0.368 0.283 0.211 0.152 0.107 0.000 0.000 0.000 0.000 0.000 
0.900 0.961 0.994 0.998 0.971 0.916 0.838 0.743 0.639 0.533 0.431 0.338 0.257 0.190 0.136 0.000 0.000 0.000 0.000 0.000 0.000 0.107 0.152 0.211 0.283 0.368 0.464 0.568 0.675 0.776 0.866 0.937 0.983 1.000 0.986 0.943 0.875 0.787 0.686 0.580 0.476 0.378 0.292 0.218 0.158 0.111 0.000 0.000 0.000 0.000 
0.808 0.892 0.955 0.992 0.999 0.975 0.923 0.848 0.754 0.651 0.545 0.442 0.348 0.266 0.196 0.141 0.000 0.000 0.000 0.000 0.000 0.000 0.102 0.146 0.203 0.274 0.358 0.453 0.557 0.663 0.765 0.857 0.930 0.979 1.000 0.989 0.950 0.884 0.797 0.698 0.592 0.487 0.389 0.301 0.225 0.164 0.116 0.000 0.000 0.000 
0.698 0.797 0.884 0.950 0.989 1.000 0.979 0.930 0.857 0.765 0.663 0.557 0.453 0.358 0.274 0.203 0.146 0.102 0.000 0.000 0.000 0.000 0.000 0.000 0.141 0.196 0.266 0.348 0.442 0.545 0.651 0.754 0.848 0.923 0.975 0.999 0.992 0.955 0.892 0.808 0.709 0.604 0.499 0.399 0.310 0.233 0.170 0.120 0.000 0.000 
0.580 0.686 0.787 0.875 0.943 0.986 1.000 0.983 0.937 0.866 0.776 0.675 0.568 0.464 0.368 0.283 0.211 0.152 0.107 0.000 0.000 0.000 0.000 0.000 0.000 0.136 0.190 0.257 0.338 0.431 0.533 0.639 0.743 0.838 0.916 0.971 0.998 0.994 0.961 0.900 0.818 0.721 0.616 0.510 0.410 0.319 0.241 0.176 0.125 0.000 
0.464 0.568 0.675 0.776 0.866 0.937 0.983 1.000 0.986 0.943 0.875 0.787 0.686 0.580 0.476 0.378 0.292 0.218 0.158 0.111 0.000 0.000 0.000 0.000 0.000 0.000 0.130 0.183 0.249 0.329 0.420 0.522 0.628 0.732 0.828 0.908 0.966 0.996 0.996 0.966 0.908 0.828 0.732 0.628 0.522 0.420 0.329 0.249 0.183 0.130 
0.358 0.453 0.557 0.663 0.765 0.857 0.930 0.979 1.000 0.989 0.950 0.884 0.797 0.698 0.592 0.487 0.389 0.301 0.225 0.164 0.116 0.000 0.000 0.000 0.000 0.000 0.000 0.125 0.176 0.241 0.319 0.410 0.510 0.616 0.721 0.818 0.900 0.961 0.994 0.998 0.971 0.916 0.838 0.743 0.639 0.533 0.431 0.338 0.257 0.190 
0.266 0.348 0.442 0.545 0.651 0.754 0.847 0.923 0.975 0.999 0.992 0.955 0.892 0.808 0.709 0.604 0.499 0.399 0.310 0.233 0.170 0.120 0.000 0.000 0.000 0.000 0.000 0.000 0.120 0.170 0.233 0.310 0.399 0.499 0.604 0.709 0.808 0.892 0.955 0.992 0.999 0.975 0.923 0.847 0.754 0.651 0.545 0.442 0.348 0.266 
0.190 0.257 0.338 0.431 0.533 0.639 0.743 0.838 0.916 0.971 0.998 0.994 0.961 0.900 0.818 0.721 0.616 0.510 0.410 0.319 0.241 0.176 0.125 0.000 0.000 0.000 0.000 0.000 0.000 0.116 0.164 0.225 0.301 0.389 0.487 0.592 0.698 0.797 0.884 0.950 0.989 1.000 0.979 0.930 0.857 0.765 0.663 0.557 0.453 0.358 
0.130 0.183 0.249 0.329 0.420 0.522 0.628 0.732 0.828 0.908 0.966 0.996 0.996 0.966 0.908 0.828 0.732 0.628 0.522 0.420 0.329 0.249 0.183 0.130 0.000 0.000 0.000 0.000 0.000 0.000 0.111 0.158 0.218 0.292 0.378 0.476 0.580 0.686 0.787 0.875 0.943 0.986 1.000 0.983 0.937 0.866 0.776 0.675 0.568 0.464 
0.000 0.125 0.176 0.241 0.319 0.410 0.510 0.616 0.721 0.818 0.900 0.961 0.994 0.998 0.971 0.916 0.838 0.743 0.639 0.533 0.431 0.338 0.257 0.190 0.136 0.000 0.000 0.000 0.000 0.000 0.000 0.107 0.152 0.211 0.283 0.368 0.464 0.568 0.675 0.776 0.866 0.937 0.983 1.000 0.986 0.943 0.875 0.787 0.686 0.580 
0.000 0.000 0.120 0.170 0.233 0.310 0.399 0.499 0.604 0.709 0.808 0.892 0.955 0.992 0.999 0.975 0.923 0.848 0.754 0.651 0.545 0.442 0.348 0.266 0.196 0.141 0.000 0.000 0.000 0.000 0.000 0.000 0.102 0.146 0.203 0.274 0.358 0.453 0.557 0.663 0.765 0.857 0.930 0.979 1.000 0.989 0.950 0.884 0.797 0.698 
0.000 0.000 0.000 0.116 0.164 0.225 0.301 0.389 0.487 0.592 0.698 0.797 0.884 0.950 0.989 1.000 0.979 0.930 0.857 0.765 0.663 0.557 0.453 0.358 0.274 0.203 0.146 0.102 0.000 0.000 0.000 0.000 0.000 0.000 0.141 0.196 0.266 0.348 0.442 0.545 0.651 0.754 0.848 0.923 0.975 0.999 0.992 0.955 0.892 0.808 
0.000 0.000 0.000 0.000 0.111 0.158 0.218 0.292 0.378 0.476 0.580 0.686 0.787 0.875 0.943 0.986 1.000 0.983 0.937 0.866 0.776 0.675 0.568 0.464 0.368 0.283 0.211 0.152 0.107 0.000 0.000 0.000 0.000 0.000 0.000 0.136 0.190 0.257 0.338 0.431 0.533 0.639 0.743 0.838 0.916 0.971 0.998 0.994 0.961 0.900 
0.000 0.000 0.000 0.000 0.000 0.107 0.152 0.211 0.283 0.368 0.464 0.568 0.675 0.776 0.866 0.937 0.983 1.000 0.986 0.943 0.875 0.787 0.686 0.580 0.476 0.378 0.292 0.218 0.158 0.111 0.000 0.000 0.000 0.000 0.000 0.000 0.130 0.183 0.249 0.329 0.420 0.522 0.628 0.732 0.828 0.908 0.966 0.996 0.996 0.966 
0.000 0.000 0.000 0.000 0.000 0.000 0.102 0.146 0.203 0.274 0.358 0.453 0.557 0.663 0.765 0.857 0.930 0.979 1.000 0.989 0.950 0.884 0.797 0.698 0.592 0.487 0.389 0.301 0.225 0.164 0.116 0.000 0.000 0.000 0.000 0.000 0.000 0.125 0.176 0.241 0.319 0.410 0.510 0.616 0.721 0.818 0.900 0.961 0.994 0.998 
0.000 0.000 0.000 0.000 0.000 0.000 0.000 0.000 0.141 0.196 0.266 0.348 0.442 0.545 0.651 0.754 0.847 0.923 0.975 0.999 0.992 0.955 0.892 0.808 0.709 0.604 0.499 0.399 0.310 0.233 0.170 0.120 0.000 0.000 0.000 0.000 0.000 0.000 0.120 0.170 0.233 0.310 0.399 0.499 0.604 0.709 0.808 0.892 0.955 0.992 
0.000 0.000 0.000 0.000 0.000 0.000 0.000 0.000 0.000 0.136 0.190 0.257 0.338 0.431 0.533 0.639 0.743 0.838 0.916 0.971 0.998 0.994 0.961 0.900 0.818 0.721 0.616 0.510 0.410 0.319 0.241 0.176 0.125 0.000 0.000 0.000 0.000 0.000 0.000 0.116 0.164 0.225 0.301 0.389 0.487 0.592 0.698 0.797 0.884 0.950 
0.000 0.000 0.000 0.000 0.000 0.000 0.000 0.000 0.000 0.000 0.130 0.183 0.249 0.329 0.420 0.522 0.628 0.732 0.828 0.908 0.966 0.996 0.996 0.966 0.908 0.828 0.732 0.628 0.522 0.420 0.329 0.249 0.183 0.130 0.000 0.000 0.000 0.000 0.000 0.000 0.111 0.158 0.218 0.292 0.378 0.476 0.580 0.686 0.787 0.875 
0.000 0.000 0.000 0.000 0.000 0.000 0.000 0.000 0.000 0.000 0.000 0.125 0.176 0.241 0.319 0.410 0.510 0.616 0.721 0.818 0.900 0.961 0.994 0.998 0.971 0.916 0.838 0.743 0.639 0.533 0.431 0.338 0.257 0.190 0.136 0.000 0.000 0.000 0.000 0.000 0.000 0.107 0.152 0.211 0.283 0.368 0.464 0.568 0.675 0.776 
0.000 0.000 0.000 0.000 0.000 0.000 0.000 0.000 0.000 0.000 0.000 0.000 0.120 0.170 0.233 0.310 0.399 0.499 0.604 0.709 0.808 0.892 0.955 0.992 0.999 0.975 0.923 0.848 0.754 0.651 0.545 0.442 0.348 0.266 0.196 0.141 0.000 0.000 0.000 0.000 0.000 0.000 0.102 0.146 0.203 0.274 0.358 0.453 0.557 0.663 
0.000 0.000 0.000 0.000 0.000 0.000 0.000 0.000 0.000 0.000 0.000 0.000 0.000 0.116 0.164 0.225 0.301 0.389 0.487 0.592 0.698 0.797 0.884 0.950 0.989 1.000 0.979 0.930 0.857 0.765 0.663 0.557 0.453 0.358 0.274 0.203 0.146 0.102 0.000 0.000 0.000 0.000 0.000 0.000 0.141 0.196 0.266 0.348 0.442 0.545 
0.000 0.000 0.000 0.000 0.000 0.000 0.000 0.000 0.000 0.000 0.000 0.000 0.000 0.000 0.111 0.158 0.218 0.292 0.378 0.476 0.580 0.686 0.787 0.875 0.943 0.986 1.000 0.983 0.937 0.866 0.776 0.675 0.568 0.464 0.368 0.283 0.211 0.152 0.107 0.000 0.000 0.000 0.000 0.000 0.000 0.136 0.190 0.257 0.338 0.431 
0.000 0.000 0.000 0.000 0.000 0.000 0.000 0.000 0.000 0.000 0.000 0.000 0.000 0.000 0.000 0.107 0.152 0.211 0.283 0.368 0.464 0.568 0.675 0.776 0.866 0.937 0.983 1.000 0.986 0.943 0.875 0.787 0.686 0.580 0.476 0.378 0.292 0.218 0.158 0.111 0.000 0.000 0.000 0.000 0.000 0.000 0.130 0.183 0.249 0.329 
0.000 0.000 0.000 0.000 0.000 0.000 0.000 0.000 0.000 0.000 0.000 0.000 0.000 0.000 0.000 0.000 0.102 0.146 0.203 0.274 0.358 0.453 0.557 0.663 0.765 0.857 0.930 0.979 1.000 0.989 0.950 0.884 0.797 0.698 0.592 0.487 0.389 0.301 0.225 0.164 0.116 0.000 0.000 0.000 0.000 0.000 0.000 0.125 0.176 0.241 
0.000 0.000 0.000 0.000 0.000 0.000 0.000 0.000 0.000 0.000 0.000 0.000 0.000 0.000 0.000 0.000 0.000 0.000 0.141 0.196 0.266 0.348 0.442 0.545 0.651 0.754 0.847 0.923 0.975 0.999 0.992 0.955 0.892 0.808 0.709 0.604 0.499 0.399 0.310 0.233 0.170 0.120 0.000 0.000 0.000 0.000 0.000 0.000 0.120 0.170 
0.000 0.000 0.000 0.000 0.000 0.000 0.000 0.000 0.000 0.000 0.000 0.000 0.000 0.000 0.000 0.000 0.000 0.000 0.000 0.136 0.190 0.257 0.338 0.431 0.533 0.639 0.743 0.838 0.916 0.971 0.998 0.994 0.961 0.900 0.818 0.721 0.616 0.510 0.410 0.319 0.241 0.176 0.125 0.000 0.000 0.000 0.000 0.000 0.000 0.116 
0.000 0.000 0.000 0.000 0.000 0.000 0.000 0.000 0.000 0.000 0.000 0.000 0.000 0.000 0.000 0.000 0.000 0.000 0.000 0.000 0.130 0.183 0.249 0.329 0.420 0.522 0.628 0.732 0.828 0.908 0.966 0.996 0.996 0.966 0.908 0.828 0.732 0.628 0.522 0.420 0.329 0.249 0.183 0.130 0.000 0.000 0.000 0.000 0.000 0.000 
0.000 0.000 0.000 0.000 0.000 0.000 0.000 0.000 0.000 0.000 0.000 0.000 0.000 0.000 0.000 0.000 0.000 0.000 0.000 0.000 0.000 0.125 0.176 0.241 0.319 0.410 0.510 0.616 0.721 0.818 0.900 0.961 0.994 0.998 0.971 0.916 0.838 0.743 0.639 0.533 0.431 0.338 0.257 0.190 0.136 0.000 0.000 0.000 0.000 0.000 
0.000 0.000 0.000 0.000 0.000 0.000 0.000 0.000 0.000 0.000 0.000 0.000 0.000 0.000 0.000 0.000 0.000 0.000 0.000 0.000 0.000 0.000 0.120 0.170 0.233 0.310 0.399 0.499 0.604 0.709 0.808 0.892 0.955 0.992 0.999 0.975 0.923 0.848 0.754 0.651 0.545 0.442 0.348 0.266 0.196 0.141 0.000 0.000 0.000 0.000 
# 0 2 31 50
0.000 0.000 0.000 0.000 0.129 0.181 0.247 0.326 0.418 0.519 0.624 0.729 0.825 0.906 0.965 0.996 0.997 0.967 0.910 0.831 0.735 0.631 0.525 0.423 0.331 0.251 0.185 0.132 0.000 0.000 0.000 0.000 0.000 0.000 0.000 0.000 0.000 0.000 0.000 0.000 0.000 0.000 0.000 0.000 0.000 0.000 0.000 0.000 0.000 0.000 
0.000 0.000 0.000 0.000 0.000 0.103 0.148 0.205 0.276 0.360 0.456 0.559 0.666 0.768 0.859 0.932 0.980 1.000 0.989 0.948 0.882 0.795 0.695 0.589 0.484 0.386 0.299 0.224 0.163 0.115 0.000 0.000 0.000 0.000 0.000 0.000 0.000 0.000 0.000 0.000 0.000 0.000 0.000 0.000 0.000 0.000 0.000 0.000 0.000 0.000 
0.122 0.000 0.000 0.000 0.000 0.000 0.000 0.119 0.168 0.231 0.307 0.396 0.495 0.600 0.706 0.805 0.890 0.954 0.991 0.999 0.976 0.925 0.850 0.758 0.654 0.548 0.445 0.351 0.268 0.198 0.143 0.000 0.000 0.000 0.000 0.000 0.000 0.000 0.000 0.000 0.000 0.000 0.000 0.000 0.000 0.000 0.000 0.000 0.000 0.000 
0.209 0.151 0.106 0.000 0.000 0.000 0.000 0.000 0.000 0.137 0.191 0.259 0.340 0.433 0.536 0.642 0.745 0.840 0.917 0.972 0.998 0.994 0.960 0.899 0.816 0.718 0.613 0.508 0.408 0.317 0.239 0.175 0.124 0.000 0.000 0.000 0.000 0.000 0.000 0.000 0.000 0.000 0.000 0.000 0.000 0.000 0.000 0.000 0.000 0.000 
0.332 0.252 0.185 0.132 0.000 0.000 0.000 0.000 0.000 0.000 0.110 0.156 0.216 0.289 0.375 0.472 0.576 0.682 0.783 0.872 0.941 0.985 1.000 0.984 0.939 0.869 0.780 0.678 0.572 0.468 0.371 0.286 0.213 0.154 0.108 0.000 0.000 0.000 0.000 0.000 0.000 0.000 0.000 0.000 0.000 0.000 0.000 0.000 0.000 0.000 
0.485 0.387 0.299 0.224 0.163 0.115 0.000 0.000 0.000 0.000 0.000 0.000 0.126 0.178 0.242 0.321 0.411 0.512 0.618 0.723 0.820 0.902 0.962 0.995 0.997 0.970 0.915 0.836 0.741 0.637 0.531 0.429 0.337 0.256 0.189 0.135 0.000 0.000 0.000 0.000 0.000 0.000 0.000 0.000 0.000 0.000 0.000 0.000 0.000 0.000 
0.655 0.549 0.446 0.352 0.269 0.199 0.143 0.000 0.000 0.000 0.000 0.000 0.000 0.101 0.145 0.201 0.271 0.354 0.449 0.553 0.659 0.761 0.854 0.928 0.978 0.999 0.990 0.952 0.887 0.801 0.702 0.596 0.491 0.392 0.304 0.228 0.166 0.117 0.000 0.000 0.000 0.000 0.000 0.000 0.000 0.000 0.000 0.000 0.000 0.000 
0.817 0.719 0.614 0.509 0.408 0.318 0.240 0.176 0.125 0.000 0.000 0.000 0.000 0.000 0.000 0.116 0.165 0.226 0.302 0.390 0.489 0.594 0.699 0.799 0.885 0.950 0.990 1.000 0.979 0.929 0.856 0.764 0.661 0.555 0.452 0.357 0.273 0.203 0.146 0.102 0.000 0.000 0.000 0.000 0.000 0.000 0.000 0.000 0.000 0.000 
0.940 0.870 0.780 0.679 0.573 0.469 0.372 0.286 0.213 0.154 0.108 0.000 0.000 0.000 0.000 0.000 0.000 0.134 0.187 0.254 0.334 0.427 0.529 0.635 0.739 0.834 0.913 0.969 0.997 0.995 0.963 0.903 0.822 0.725 0.620 0.514 0.414 0.323 0.244 0.179 0.127 0.000 0.000 0.000 0.000 0.000 0.000 0.000 0.000 0.000 
0.998 0.970 0.915 0.837 0.742 0.638 0.532 0.430 0.337 0.256 0.189 0.135 0.000 0.000 0.000 0.000 0.000 0.000 0.107 0.153 0.211 0.284 0.369 0.466 0.570 0.676 0.777 0.867 0.938 0.983 1.000 0.986 0.943 0.874 0.786 0.685 0.579 0.475 0.377 0.291 0.217 0.157 0.111 0.000 0.000 0.000 0.000 0.000 0.000 0.000 
0.978 0.999 0.991 0.952 0.887 0.802 0.703 0.597 0.492 0.393 0.304 0.229 0.167 0.118 0.000 0.000 0.000 0.000 0.000 0.000 0.123 0.174 0.238 0.315 0.405 0.505 0.611 0.716 0.814 0.897 0.959 0.993 0.998 0.973 0.919 0.842 0.748 0.644 0.538 0.436 0.342 0.261 0.192 0.138 0.000 0.000 0.000 0.000 0.000 0.000 
0.884 0.950 0.990 1.000 0.979 0.930 0.856 0.765 0.662 0.556 0.453 0.357 0.274 0.203 0.146 0.102 0.000 0.000 0.000 0.000 0.000 0.000 0.141 0.197 0.266 0.349 0.443 0.546 0.652 0.755 0.848 0.924 0.975 0.999 0.992 0.955 0.892 0.807 0.709 0.603 0.498 0.398 0.309 0.233 0.170 0.120 0.000 0.000 0.000 0.000 
0.738 0.833 0.912 0.969 0.997 0.995 0.963 0.904 0.823 0.726 0.621 0.515 0.415 0.323 0.245 0.179 0.128 0.000 0.000 0.000 0.000 0.000 0.000 0.114 0.161 0.222 0.297 0.384 0.482 0.587 0.693 0.793 0.880 0.947 0.988 1.000 0.981 0.933 0.861 0.770 0.668 0.562 0.458 0.362 0.278 0.207 0.149 0.104 0.000 0.000 
0.569 0.675 0.777 0.866 0.937 0.983 1.000 0.986 0.943 0.875 0.787 0.686 0.580 0.475 0.378 0.291 0.218 0.158 0.111 0.000 0.000 0.000 0.000 0.000 0.000 0.131 0.183 0.249 0.329 0.421 0.522 0.628 0.732 0.828 0.908 0.966 0.996 0.996 0.966 0.908 0.828 0.732 0.627 0.521 0.420 0.328 0.249 0.183 0.130 0.000 
0.405 0.504 0.610 0.715 0.813 0.896 0.958 0.993 0.998 0.973 0.919 0.843 0.749 0.645 0.539 0.437 0.343 0.261 0.193 0.138 0.000 0.000 0.000 0.000 0.000 0.000 0.104 0.149 0.207 0.279 0.363 0.459 0.563 0.669 0.771 0.862 0.934 0.981 1.000 0.988 0.946 0.879 0.792 0.692 0.586 0.481 0.383 0.296 0.222 0.161 
0.266 0.348 0.442 0.545 0.651 0.754 0.847 0.923 0.975 0.999 0.992 0.955 0.892 0.808 0.709 0.604 0.499 0.399 0.310 0.233 0.170 0.120 0.000 0.000 0.000 0.000 0.000 0.000 0.120 0.170 0.233 0.310 0.399 0.499 0.604 0.709 0.808 0.892 0.955 0.992 0.999 0.975 0.923 0.847 0.754 0.651 0.545 0.442 0.348 0.266 
0.161 0.222 0.296 0.383 0.481 0.586 0.692 0.792 0.879 0.946 0.988 1.000 0.981 0.934 0.862 0.771 0.669 0.563 0.459 0.363 0.279 0.207 0.149 0.104 0.000 0.000 0.000 0.000 0.000 0.000 0.138 0.193 0.261 0.343 0.437 0.539 0.645 0.749 0.843 0.919 0.973 0.998 0.993 0.958 0.896 0.813 0.715 0.610 0.504 0.405 
0.000 0.130 0.183 0.249 0.328 0.420 0.521 0.627 0.732 0.828 0.908 0.966 0.996 0.996 0.966 0.908 0.828 0.732 0.628 0.522 0.421 0.329 0.249 0.183 0.131 0.000 0.000 0.000 0.000 0.000 0.000 0.111 0.158 0.218 0.291 0.378 0.475 0.580 0.686 0.787 0.875 0.943 0.986 1.000 0.983 0.937 0.866 0.777 0.675 0.569 
0.000 0.000 0.104 0.149 0.207 0.278 0.362 0.458 0.562 0.668 0.770 0.861 0.933 0.981 1.000 0.988 0.947 0.880 0.793 0.693 0.587 0.482 0.384 0.297 0.222 0.161 0.114 0.000 0.000 0.000 0.000 0.000 0.000 0.128 0.179 0.245 0.323 0.415 0.515 0.621 0.726 0.823 0.904 0.963 0.995 0.997 0.969 0.912 0.833 0.738 
0.000 0.000 0.000 0.000 0.120 0.170 0.233 0.309 0.398 0.498 0.603 0.709 0.807 0.892 0.955 0.992 0.999 0.975 0.924 0.848 0.755 0.652 0.546 0.443 0.349 0.266 0.197 0.141 0.000 0.000 0.000 0.000 0.000 0.000 0.102 0.146 0.203 0.274 0.357 0.453 0.556 0.662 0.765 0.856 0.930 0.979 1.000 0.990 0.950 0.884 
0.000 0.000 0.000 0.000 0.000 0.000 0.138 0.192 0.261 0.342 0.436 0.538 0.644 0.748 0.842 0.919 0.973 0.998 0.993 0.959 0.897 0.814 0.716 0.611 0.505 0.405 0.315 0.238 0.174 0.123 0.000 0.000 0.000 0.000 0.000 0.000 0.118 0.167 0.229 0.304 0.393 0.492 0.597 0.703 0.802 0.887 0.952 0.991 0.999 0.978 
0.000 0.000 0.000 0.000 0.000 0.000 0.000 0.111 0.157 0.217 0.291 0.377 0.475 0.579 0.685 0.786 0.874 0.943 0.986 1.000 0.983 0.938 0.867 0.777 0.676 0.570 0.466 0.369 0.284 0.211 0.153 0.107 0.000 0.000 0.000 0.000 0.000 0.000 0.135 0.189 0.256 0.337 0.430 0.532 0.638 0.742 0.837 0.915 0.970 0.998 
0.000 0.000 0.000 0.000 0.000 0.000 0.000 0.000 0.000 0.127 0.179 0.244 0.323 0.414 0.514 0.620 0.725 0.822 0.903 0.963 0.995 0.997 0.969 0.913 0.834 0.739 0.635 0.529 0.427 0.334 0.254 0.187 0.134 0.000 0.000 0.000 0.000 0.000 0.000 0.108 0.154 0.213 0.286 0.372 0.469 0.573 0.679 0.780 0.870 0.940 
0.000 0.000 0.000 0.000 0.000 0.000 0.000 0.000 0.000 0.000 0.102 0.146 0.203 0.273 0.357 0.452 0.555 0.661 0.764 0.856 0.929 0.979 1.000 0.990 0.950 0.885 0.799 0.699 0.594 0.489 0.390 0.302 0.226 0.165 0.116 0.000 0.000 0.000 0.000 0.000 0.000 0.125 0.176 0.240 0.318 0.408 0.509 0.614 0.719 0.817 
0.000 0.000 0.000 0.000 0.000 0.000 0.000 0.000 0.000 0.000 0.000 0.000 0.117 0.166 0.228 0.304 0.392 0.491 0.596 0.702 0.801 0.887 0.952 0.990 0.999 0.978 0.928 0.854 0.761 0.659 0.553 0.449 0.354 0.271 0.201 0.145 0.101 0.000 0.000 0.000 0.000 0.000 0.000 0.143 0.199 0.269 0.352 0.446 0.549 0.655 
0.000 0.000 0.000 0.000 0.000 0.000 0.000 0.000 0.000 0.000 0.000 0.000 0.000 0.000 0.135 0.189 0.256 0.337 0.429 0.531 0.637 0.741 0.836 0.915 0.970 0.997 0.995 0.962 0.902 0.820 0.723 0.618 0.512 0.411 0.321 0.242 0.178 0.126 0.000 0.000 0.000 0.000 0.000 0.000 0.115 0.163 0.224 0.299 0.387 0.485 
0.000 0.000 0.000 0.000 0.000 0.000 0.000 0.000 0.000 0.000 0.000 0.000 0.000 0.000 0.000 0.108 0.154 0.213 0.286 0.371 0.468 0.572 0.678 0.780 0.869 0.939 0.984 1.000 0.985 0.941 0.872 0.783 0.682 0.576 0.472 0.375 0.289 0.216 0.156 0.110 0.000 0.000 0.000 0.000 0.000 0.000 0.132 0.185 0.252 0.332 
0.000 0.000 0.000 0.000 0.000 0.000 0.000 0.000 0.000 0.000 0.000 0.000 0.000 0.000 0.000 0.000 0.000 0.124 0.175 0.239 0.317 0.408 0.508 0.613 0.718 0.816 0.899 0.960 0.994 0.998 0.972 0.917 0.840 0.745 0.642 0.536 0.433 0.340 0.259 0.191 0.137 0.000 0.000 0.000 0.000 0.000 0.000 0.106 0.151 0.209 
0.000 0.000 0.000 0.000 0.000 0.000 0.000 0.000 0.000 0.000 0.000 0.000 0.000 0.000 0.000 0.000 0.000 0.000 0.000 0.143 0.198 0.268 0.351 0.445 0.548 0.654 0.758 0.850 0.925 0.976 0.999 0.991 0.954 0.890 0.805 0.706 0.600 0.495 0.396 0.307 0.231 0.168 0.119 0.000 0.000 0.000 0.000 0.000 0.000 0.122 
0.000 0.000 0.000 0.000 0.000 0.000 0.000 0.000 0.000 0.000 0.000 0.000 0.000 0.000 0.000 0.000 0.000 0.000 0.000 0.000 0.115 0.163 0.224 0.299 0.386 0.484 0.589 0.695 0.795 0.882 0.948 0.989 1.000 0.980 0.932 0.859 0.768 0.666 0.559 0.456 0.360 0.276 0.205 0.148 0.103 0.000 0.000 0.000 0.000 0.000 
0.000 0.000 0.000 0.000 0.000 0.000 0.000 0.000 0.000 0.000 0.000 0.000 0.000 0.000 0.000 0.000 0.000 0.000 0.000 0.000 0.000 0.000 0.132 0.185 0.251 0.331 0.423 0.525 0.631 0.735 0.831 0.910 0.967 0.997 0.996 0.965 0.906 0.825 0.729 0.624 0.519 0.418 0.326 0.247 0.181 0.129 0.000 0.000 0.000 0.000 
# 0 3 11 50
0.000 0.000 0.000 0.000 0.000 0.109 0.155 0.215 0.288 0.374 0.471 0.575 0.681 0.782 0.871 0.941 0.985 1.000 0.985 0.940 0.870 0.781 0.680 0.574 0.470 0.373 0.287 0.214 0.155 0.109 0.000 0.000 0.000 0.000 0.000 0.000 0.000 0.000 0.000 0.000 0.000 0.000 0.000 0.000 0.000 0.000 0.000 0.000 0.000 0.000 
0.295 0.221 0.160 0.113 0.000 0.000 0.000 0.000 0.000 0.000 0.129 0.181 0.246 0.325 0.417 0.517 0.623 0.728 0.824 0.905 0.964 0.996 0.997 0.968 0.911 0.832 0.736 0.632 0.526 0.424 0.332 0.252 0.185 0.132 0.000 0.000 0.000 0.000 0.000 0.000 0.000 0.000 0.000 0.000 0.000 0.000 0.000 0.000 0.000 0.000 
0.746 0.643 0.536 0.434 0.341 0.259 0.191 0.137 0.000 0.000 0.000 0.000 0.000 0.000 0.105 0.151 0.209 0.280 0.365 0.461 0.565 0.671 0.773 0.864 0.935 0.982 1.000 0.987 0.945 0.877 0.790 0.689 0.583 0.479 0.381 0.294 0.220 0.160 0.112 0.000 0.000 0.000 0.000 0.000 0.000 0.000 0.000 0.000 0.000 0.000 
0.999 0.990 0.951 0.885 0.799 0.700 0.594 0.489 0.390 0.302 0.227 0.165 0.117 0.000 0.000 0.000 0.000 0.000 0.000 0.124 0.175 0.240 0.317 0.408 0.508 0.614 0.719 0.816 0.899 0.960 0.994 0.998 0.972 0.917 0.840 0.745 0.641 0.535 0.433 0.340 0.259 0.191 0.137 0.000 0.000 0.000 0.000 0.000 0.000 0.000 
0.708 0.807 0.891 0.955 0.992 0.999 0.976 0.924 0.848 0.755 0.652 0.546 0.443 0.349 0.266 0.197 0.141 0.000 0.000 0.000 0.000 0.000 0.000 0.102 0.146 0.203 0.273 0.357 0.452 0.556 0.662 0.764 0.856 0.930 0.979 1.000 0.990 0.950 0.884 0.798 0.699 0.593 0.488 0.390 0.301 0.226 0.165 0.116 0.000 0.000 
0.266 0.348 0.442 0.545 0.651 0.754 0.847 0.923 0.975 0.999 0.992 0.955 0.892 0.808 0.709 0.604 0.499 0.399 0.310 0.233 0.170 0.120 0.000 0.000 0.000 0.000 0.000 0.000 0.120 0.170 0.233 0.310 0.399 0.499 0.604 0.709 0.808 0.892 0.955 0.992 0.999 0.975 0.923 0.847 0.754 0.651 0.545 0.442 0.348 0.266 
0.000 0.000 0.116 0.165 0.226 0.301 0.390 0.488 0.593 0.699 0.798 0.884 0.950 0.990 1.000 0.979 0.930 0.856 0.764 0.662 0.556 0.452 0.357 0.273 0.203 0.146 0.102 0.000 0.000 0.000 0.000 0.000 0.000 0.141 0.197 0.266 0.349 0.443 0.546 0.652 0.755 0.848 0.924 0.976 0.999 0.992 0.955 0.891 0.807 0.708 
0.000 0.000 0.000 0.000 0.000 0.000 0.000 0.137 0.191 0.259 0.340 0.433 0.535 0.641 0.745 0.840 0.917 0.972 0.998 0.994 0.960 0.899 0.816 0.719 0.614 0.508 0.408 0.317 0.240 0.175 0.124 0.000 0.000 0.000 0.000 0.000 0.000 0.117 0.165 0.227 0.302 0.390 0.489 0.594 0.700 0.799 0.885 0.951 0.990 0.999 
0.000 0.000 0.000 0.000 0.000 0.000 0.000 0.000 0.000 0.000 0.000 0.112 0.160 0.220 0.294 0.381 0.479 0.583 0.689 0.790 0.877 0.945 0.987 1.000 0.982 0.935 0.864 0.773 0.671 0.565 0.461 0.365 0.280 0.209 0.151 0.105 0.000 0.000 0.000 0.000 0.000 0.000 0.137 0.191 0.259 0.341 0.434 0.536 0.643 0.746 
0.000 0.000 0.000 0.000 0.000 0.000 0.000 0.000 0.000 0.000 0.000 0.000 0.000 0.000 0.000 0.000 0.132 0.185 0.252 0.332 0.424 0.526 0.632 0.736 0.832 0.911 0.968 0.997 0.996 0.964 0.905 0.824 0.728 0.623 0.517 0.417 0.325 0.246 0.181 0.129 0.000 0.000 0.000 0.000 0.000 0.000 0.113 0.160 0.221 0.295 
0.000 0.000 0.000 0.000 0.000 0.000 0.000 0.000 0.000 0.000 0.000 0.000 0.000 0.000 0.000 0.000 0.000 0.000 0.000 0.000 0.109 0.155 0.214 0.287 0.373 0.470 0.574 0.680 0.781 0.870 0.940 0.985 1.000 0.985 0.941 0.871 0.782 0.681 0.575 0.471 0.374 0.288 0.215 0.155 0.109 0.000 0.000 0.000 0.000 0.000 
# 1 0 50 45
-0.145 -0.235 -0.355 -0.501 -0.659 -0.809 -0.927 -0.992 -0.991 -0.924 -0.804 -0.653 -0.495 -0.350 -0.231 -0.143 0.000 0.000 0.000 0.000 0.000 0.000 0.000 0.000 0.000 0.000 0.000 0.000 0.000 0.000 0.000 0.000 0.000 0.000 0.000 0.000 0.000 0.000 0.000 0.000 0.000 0.000 0.000 0.000 0.000 
-0.215 -0.153 -0.246 -0.369 -0.516 -0.674 -0.823 -0.936 -0.995 -0.987 -0.914 -0.790 -0.637 -0.480 -0.337 -0.221 -0.135 0.000 0.000 0.000 0.000 0.000 0.000 0.000 0.000 0.000 0.000 0.000 0.000 0.000 0.000 0.000 0.000 0.000 0.000 0.000 0.000 0.000 0.000 0.000 0.000 0.000 0.000 0.000 0.000 
-0.316 -0.205 -0.161 -0.257 -0.383 -0.532 -0.690 -0.836 -0.945 -0.997 -0.982 -0.903 -0.775 -0.621 -0.465 -0.324 -0.211 -0.128 0.000 0.000 0.000 0.000 0.000 0.000 0.000 0.000 0.000 0.000 0.000 0.000 0.000 0.000 0.000 0.000 0.000 0.000 0.000 0.000 0.000 0.000 0.000 0.000 0.000 0.000 0.000 
-0.440 -0.304 -0.196 -0.169 -0.268 -0.397 -0.548 -0.706 -0.849 -0.953 -0.999 -0.977 -0.892 -0.761 -0.605 -0.450 -0.312 -0.202 -0.122 0.000 0.000 0.000 0.000 0.000 0.000 0.000 0.000 0.000 0.000 0.000 0.000 0.000 0.000 0.000 0.000 0.000 0.000 0.000 0.000 0.000 0.000 0.000 0.000 0.000 0.000 
-0.579 -0.425 -0.292 -0.187 -0.178 -0.280 -0.411 -0.563 -0.721 -0.861 -0.961 -1.000 -0.971 -0.881 -0.746 -0.589 -0.435 -0.299 -0.192 -0.115 0.000 0.000 0.000 0.000 0.000 0.000 0.000 0.000 0.000 0.000 0.000 0.000 0.000 0.000 0.000 0.000 0.000 0.000 0.000 0.000 0.000 0.000 0.000 0.000 0.000 
-0.721 -0.563 -0.411 -0.280 -0.178 -0.187 -0.292 -0.425 -0.579 -0.736 -0.873 -0.967 -1.000 -0.965 -0.869 -0.731 -0.573 -0.420 -0.287 -0.183 -0.109 0.000 0.000 0.000 0.000 0.000 0.000 0.000 0.000 0.000 0.000 0.000 0.000 0.000 0.000 0.000 0.000 0.000 0.000 0.000 0.000 0.000 0.000 0.000 0.000 
-0.849 -0.706 -0.548 -0.397 -0.268 -0.169 -0.196 -0.304 -0.440 -0.595 -0.751 -0.885 -0.974 -1.000 -0.958 -0.857 -0.715 -0.558 -0.406 -0.275 -0.175 -0.103 0.000 0.000 0.000 0.000 0.000 0.000 0.000 0.000 0.000 0.000 0.000 0.000 0.000 0.000 0.000 0.000 0.000 0.000 0.000 0.000 0.000 0.000 0.000 
-0.945 -0.836 -0.690 -0.532 -0.383 -0.257 -0.161 -0.205 -0.316 -0.455 -0.611 -0.766 -0.896 -0.979 -0.998 -0.950 -0.844 -0.700 -0.542 -0.391 -0.264 -0.166 0.000 0.000 0.000 0.000 0.000 0.000 0.000 0.000 0.000 0.000 0.000 0.000 0.000 0.000 0.000 0.000 0.000 0.000 0.000 0.000 0.000 0.000 0.000 
-0.995 -0.936 -0.823 -0.674 -0.516 -0.369 -0.246 -0.153 -0.215 -0.329 -0.470 -0.627 -0.781 -0.907 -0.984 -0.997 -0.942 -0.831 -0.684 -0.526 -0.378 -0.253 -0.158 0.000 0.000 0.000 0.000 0.000 0.000 0.000 0.000 0.000 0.000 0.000 0.000 0.000 0.000 0.000 0.000 0.000 0.000 0.000 0.000 0.000 0.000 
-0.991 -0.992 -0.927 -0.809 -0.659 -0.501 -0.355 -0.235 -0.145 -0.225 -0.342 -0.485 -0.643 -0.795 -0.917 -0.988 -0.994 -0.933 -0.818 -0.669 -0.511 -0.364 -0.242 -0.150 0.000 0.000 0.000 0.000 0.000 0.000 0.000 0.000 0.000 0.000 0.000 0.000 0.000 0.000 0.000 0.000 0.000 0.000 0.000 0.000 0.000 
-0.933 -0.994 -0.988 -0.917 -0.795 -0.643 -0.485 -0.342 -0.225 -0.145 -0.235 -0.355 -0.501 -0.659 -0.809 -0.927 -0.992 -0.991 -0.924 -0.804 -0.653 -0.495 -0.350 -0.231 -0.143 0.000 0.000 0.000 0.000 0.000 0.000 0.000 0.000 0.000 0.000 0.000 0.000 0.000 0.000 0.000 0.000 0.000 0.000 0.000 0.000 
-0.831 -0.942 -0.997 -0.984 -0.907 -0.781 -0.627 -0.470 -0.329 -0.215 -0.153 -0.246 -0.369 -0.516 -0.674 -0.823 -0.936 -0.995 -0.987 -0.914 -0.790 -0.637 -0.480 -0.337 -0.221 -0.135 0.000 0.000 0.000 0.000 0.000 0.000 0.000 0.000 0.000 0.000 0.000 0.000 0.000 0.000 0.000 0.000 0.000 0.000 0.000 
-0.700 -0.844 -0.950 -0.998 -0.979 -0.896 -0.766 -0.611 -0.455 -0.316 -0.205 -0.161 -0.257 -0.383 -0.532 -0.690 -0.836 -0.945 -0.997 -0.982 -0.903 -0.775 -0.621 -0.465 -0.324 -0.211 -0.128 0.000 0.000 0.000 0.000 0.000 0.000 0.000 0.000 0.000 0.000 0.000 0.000 0.000 0.000 0.000 0.000 0.000 0.000 
-0.558 -0.715 -0.857 -0.958 -1.000 -0.974 -0.885 -0.751 -0.595 -0.440 -0.304 -0.196 -0.169 -0.268 -0.397 -0.548 -0.706 -0.849 -0.953 -0.999 -0.977 -0.892 -0.761 -0.605 -0.450 -0.312 -0.202 -0.122 0.000 0.000 0.000 0.000 0.000 0.000 0.000 0.000 0.000 0.000 0.000 0.000 0.000 0.000 0.000 0.000 0.000 
-0.420 -0.573 -0.731 -0.869 -0.965 -1.000 -0.967 -0.873 -0.736 -0.579 -0.425 -0.292 -0.187 -0.178 -0.280 -0.411 -0.563 -0.721 -0.861 -0.961 -1.000 -0.971 -0.881 -0.746 -0.589 -0.435 -0.299 -0.192 -0.115 0.000 0.000 0.000 0.000 0.000 0.000 0.000 0.000 0.000 0.000 0.000 0.000 0.000 0.000 0.000 0.000 
-0.299 -0.435 -0.589 -0.746 -0.881 -0.971 -1.000 -0.961 -0.861 -0.721 -0.563 -0.411 -0.280 -0.178 -0.187 -0.292 -0.425 -0.579 -0.736 -0.873 -0.967 -1.000 -0.965 -0.869 -0.731 -0.573 -0.420 -0.287 -0.183 -0.109 0.000 0.000 0.000 0.000 0.000 0.000 0.000 0.000 0.000 0.000 0.000 0.000 0.000 0.000 0.000 
-0.202 -0.312 -0.450 -0.605 -0.761 -0.892 -0.977 -0.999 -0.953 -0.849 -0.706 -0.548 -0.397 -0.268 -0.169 -0.196 -0.304 -0.440 -0.595 -0.751 -0.885 -0.974 -1.000 -0.958 -0.857 -0.715 -0.558 -0.406 -0.275 -0.175 -0.103 0.000 0.000 0.000 0.000 0.000 0.000 0.000 0.000 0.000 0.000 0.000 0.000 0.000 0.000 
-0.128 -0.211 -0.324 -0.465 -0.621 -0.775 -0.903 -0.982 -0.997 -0.945 -0.836 -0.690 -0.532 -0.383 -0.257 -0.161 -0.205 -0.316 -0.455 -0.611 -0.766 -0.896 -0.979 -0.998 -0.950 -0.844 -0.700 -0.542 -0.391 -0.264 -0.166 0.000 0.000 0.000 0.000 0.000 0.000 0.000 0.000 0.000 0.000 0.000 0.000 0.000 0.000 
0.000 -0.135 -0.221 -0.337 -0.480 -0.637 -0.790 -0.914 -0.987 -0.995 -0.936 -0.823 -0.674 -0.516 -0.369 -0.246 -0.153 -0.215 -0.329 -0.470 -0.627 -0.781 -0.907 -0.984 -0.997 -0.942 -0.831 -0.684 -0.526 -0.378 -0.253 -0.158 0.000 0.000 0.000 0.000 0.000 0.000 0.000 0.000 0.000 0.000 0.000 0.000 0.000 
0.000 0.000 -0.143 -0.231 -0.350 -0.495 -0.653 -0.804 -0.924 -0.991 -0.992 -0.927 -0.809 -0.659 -0.501 -0.355 -0.235 -0.145 -0.225 -0.342 -0.485 -0.643 -0.795 -0.917 -0.988 -0.994 -0.933 -0.818 -0.669 -0.511 -0.364 -0.242 -0.150 0.000 0.000 0.000 0.000 0.000 0.000 0.000 0.000 0.000 0.000 0.000 0.000 
0.000 0.000 0.000 -0.150 -0.242 -0.364 -0.511 -0.669 -0.818 -0.933 -0.994 -0.988 -0.917 -0.795 -0.643 -0.485 -0.342 -0.225 -0.145 -0.235 -0.355 -0.501 -0.659 -0.809 -0.927 -0.992 -0.991 -0.924 -0.804 -0.653 -0.495 -0.350 -0.231 -0.143 0.000 0.000 0.000 0.000 0.000 0.000 0.000 0.000 0.000 0.000 0.000 
0.000 0.000 0.000 0.000 -0.158 -0.253 -0.378 -0.526 -0.684 -0.831 -0.942 -0.997 -0.984 -0.907 -0.781 -0.627 -0.470 -0.329 -0.215 -0.153 -0.246 -0.369 -0.516 -0.674 -0.823 -0.936 -0.995 -0.987 -0.914 -0.790 -0.637 -0.480 -0.337 -0.221 -0.135 0.000 0.000 0.000 0.000 0.000 0.000 0.000 0.000 0.000 0.000 
0.000 0.000 0.000 0.000 0.000 -0.166 -0.264 -0.391 -0.542 -0.700 -0.844 -0.950 -0.998 -0.979 -0.896 -0.766 -0.611 -0.455 -0.316 -0.205 -0.161 -0.257 -0.383 -0.532 -0.690 -0.836 -0.945 -0.997 -0.982 -0.903 -0.775 -0.621 -0.465 -0.324 -0.211 -0.128 0.000 0.000 0.000 0.000 0.000 0.000 0.000 0.000 0.000 
0.000 0.000 0.000 0.000 0.000 -0.103 -0.175 -0.275 -0.406 -0.558 -0.715 -0.857 -0.958 -1.000 -0.974 -0.885 -0.751 -0.595 -0.440 -0.304 -0.196 -0.169 -0.268 -0.397 -0.548 -0.706 -0.849 -0.953 -0.999 -0.977 -0.892 -0.761 -0.605 -0.450 -0.312 -0.202 -0.122 0.000 0.000 0.000 0.000 0.000 0.000 0.000 0.000 
0.000 0.000 0.000 0.000 0.000 0.000 -0.109 -0.183 -0.287 -0.420 -0.573 -0.731 -0.869 -0.965 -1.000 -0.967 -0.873 -0.736 -0.579 -0.425 -0.292 -0.187 -0.178 -0.280 -0.411 -0.563 -0.721 -0.861 -0.961 -1.000 -0.971 -0.881 -0.746 -0.589 -0.435 -0.299 -0.192 -0.115 0.000 0.000 0.000 0.000 0.000 0.000 0.000 
0.000 0.000 0.000 0.000 0.000 0.000 0.000 -0.115 -0.192 -0.299 -0.435 -0.589 -0.746 -0.881 -0.971 -1.000 -0.961 -0.861 -0.721 -0.563 -0.411 -0.280 -0.178 -0.187 -0.292 -0.425 -0.579 -0.736 -0.873 -0.967 -1.000 -0.965 -0.869 -0.731 -0.573 -0.420 -0.287 -0.183 -0.109 0.000 0.000 0.000 0.000 0.000 0.000 
0.000 0.000 0.000 0.000 0.000 0.000 0.000 0.000 -0.122 -0.202 -0.312 -0.450 -0.605 -0.761 -0.892 -0.977 -0.999 -0.953 -0.849 -0.706 -0.548 -0.397 -0.268 -0.169 -0.196 -0.304 -0.440 -0.595 -0.751 -0.885 -0.974 -1.000 -0.958 -0.857 -0.715 -0.558 -0.406 -0.275 -0.175 -0.103 0.000 0.000 0.000 0.000 0.000 
0.000 0.000 0.000 0.000 0.000 0.000 0.000 0.000 0.000 -0.128 -0.211 -0.324 -0.465 -0.621 -0.775 -0.903 -0.982 -0.997 -0.945 -0.836 -0.690 -0.532 -0.383 -0.257 -0.161 -0.205 -0.316 -0.455 -0.611 -0.766 -0.896 -0.979 -0.998 -0.950 -0.844 -0.700 -0.542 -0.391 -0.264 -0.166 0.000 0.000 0.000 0.000 0.000 
0.000 0.000 0.000 0.000 0.000 0.000 0.000 0.000 0.000 0.000 -0.135 -0.221 -0.337 -0.480 -0.637 -0.790 -0.914 -0.987 -0.995 -0.936 -0.823 -0.674 -0.516 -0.369 -0.246 -0.153 -0.215 -0.329 -0.470 -0.627 -0.781 -0.907 -0.984 -0.997 -0.942 -0.831 -0.684 -0.526 -0.378 -0.253 -0.158 0.000 0.000 0.000 0.000 
0.000 0.000 0.000 0.000 0.000 0.000 0.000 0.000 0.000 0.000 0.000 -0.143 -0.231 -0.350 -0.495 -0.653 -0.804 -0.924 -0.991 -0.992 -0.927 -0.809 -0.659 -0.501 -0.355 -0.235 -0.145 -0.225 -0.342 -0.485 -0.643 -0.795 -0.917 -0.988 -0.994 -0.933 -0.818 -0.669 -0.511 -0.364 -0.242 -0.150 0.000 0.000 0.000 
0.000 0.000 0.000 0.000 0.000 0.000 0.000 0.000 0.000 0.000 0.000 0.000 -0.150 -0.242 -0.364 -0.511 -0.669 -0.818 -0.933 -0.994 -0.988 -0.917 -0.795 -0.643 -0.485 -0.342 -0.225 -0.145 -0.235 -0.355 -0.501 -0.659 -0.809 -0.927 -0.992 -0.991 -0.924 -0.804 -0.653 -0.495 -0.350 -0.231 -0.143 0.000 0.000 
0.000 0.000 0.000 0.000 0.000 0.000 0.000 0.000 0.000 0.000 0.000 0.000 0.000 -0.158 -0.253 -0.378 -0.526 -0.684 -0.831 -0.942 -0.997 -0.984 -0.907 -0.781 -0.627 -0.470 -0.329 -0.215 -0.153 -0.246 -0.369 -0.516 -0.674 -0.823 -0.936 -0.995 -0.987 -0.914 -0.790 -0.637 -0.480 -0.337 -0.221 -0.135 0.000 
0.000 0.000 0.000 0.000 0.000 0.000 0.000 0.000 0.000 0.000 0.000 0.000 0.000 0.000 -0.166 -0.264 -0.391 -0.542 -0.700 -0.844 -0.950 -0.998 -0.979 -0.896 -0.766 -0.611 -0.455 -0.316 -0.205 -0.161 -0.257 -0.383 -0.532 -0.690 -0.836 -0.945 -0.997 -0.982 -0.903 -0.775 -0.621 -0.465 -0.324 -0.211 -0.128 
0.000 0.000 0.000 0.000 0.000 0.000 0.000 0.000 0.000 0.000 0.000 0.000 0.000 0.000 -0.103 -0.175 -0.275 -0.406 -0.558 -0.715 -0.857 -0.958 -1.000 -0.974 -0.885 -0.751 -0.595 -0.440 -0.304 -0.196 -0.169 -0.268 -0.397 -0.548 -0.706 -0.849 -0.953 -0.999 -0.977 -0.892 -0.761 -0.605 -0.450 -0.312 -0.202 
0.000 0.000 0.000 0.000 0.000 0.000 0.000 0.000 0.000 0.000 0.000 0.000 0.000 0.000 0.000 -0.109 -0.183 -0.287 -0.420 -0.573 -0.731 -0.869 -0.965 -1.000 -0.967 -0.873 -0.736 -0.579 -0.425 -0.292 -0.187 -0.178 -0.280 -0.411 -0.563 -0.721 -0.861 -0.961 -1.000 -0.971 -0.881 -0.746 -0.589 -0.435 -0.299 
0.000 0.000 0.000 0.000 0.000 0.000 0.000 0.000 0.000 0.000 0.000 0.000 0.000 0.000 0.000 0.000 -0.115 -0.192 -0.299 -0.435 -0.589 -0.746 -0.881 -0.971 -1.000 -0.961 -0.861 -0.721 -0.563 -0.411 -0.280 -0.178 -0.187 -0.292 -0.425 -0.579 -0.736 -0.873 -0.967 -1.000 -0.965 -0.869 -0.731 -0.573 -0.420 
0.000 0.000 0.000 0.000 0.000 0.000 0.000 0.000 0.000 0.000 0.000 0.000 0.000 0.000 0.000 0.000 0.000 -0.122 -0.202 -0.312 -0.450 -0.605 -0.761 -0.892 -0.977 -0.999 -0.953 -0.849 -0.706 -0.548 -0.397 -0.268 -0.169 -0.196 -0.304 -0.440 -0.595 -0.751 -0.885 -0.974 -1.000 -0.958 -0.857 -0.715 -0.558 
0.000 0.000 0.000 0.000 0.000 0.000 0.000 0.000 0.000 0.000 0.000 0.000 0.000 0.000 0.000 0.000 0.000 0.000 -0.128 -0.211 -0.324 -0.465 -0.621 -0.775 -0.903 -0.982 -0.997 -0.945 -0.836 -0.690 -0.532 -0.383 -0.257 -0.161 -0.205 -0.316 -0.455 -0.611 -0.766 -0.896 -0.979 -0.998 -0.950 -0.844 -0.700 
0.000 0.000 0.000 0.000 0.000 0.000 0.000 0.000 0.000 0.000 0.000 0.000 0.000 0.000 0.000 0.000 0.000 0.000 0.000 -0.135 -0.221 -0.337 -0.480 -0.637 -0.790 -0.914 -0.987 -0.995 -0.936 -0.823 -0.674 -0.516 -0.369 -0.246 -0.153 -0.215 -0.329 -0.470 -0.627 -0.781 -0.907 -0.984 -0.997 -0.942 -0.831 
0.000 0.000 0.000 0.000 0.000 0.000 0.000 0.000 0.000 0.000 0.000 0.000 0.000 0.000 0.000 0.000 0.000 0.000 0.000 0.000 -0.143 -0.231 -0.350 -0.495 -0.653 -0.804 -0.924 -0.991 -0.992 -0.927 -0.809 -0.659 -0.501 -0.355 -0.235 -0.145 -0.225 -0.342 -0.485 -0.643 -0.795 -0.917 -0.988 -0.994 -0.933 
0.000 0.000 0.000 0.000 0.000 0.000 0.000 0.000 0.000 0.000 0.000 0.000 0.000 0.000 0.000 0.000 0.000 0.000 0.000 0.000 0.000 -0.150 -0.242 -0.364 -0.511 -0.669 -0.818 -0.933 -0.994 -0.988 -0.917 -0.795 -0.643 -0.485 -0.342 -0.225 -0.145 -0.235 -0.355 -0.501 -0.659 -0.809 -0.927 -0.992 -0.991 
0.000 0.000 0.000 0.000 0.000 0.000 0.000 0.000 0.000 0.000 0.000 0.000 0.000 0.000 0.000 0.000 0.000 0.000 0.000 0.000 0.000 0.000 -0.158 -0.253 -0.378 -0.526 -0.684 -0.831 -0.942 -0.997 -0.984 -0.907 -0.781 -0.627 -0.470 -0.329 -0.215 -0.153 -0.246 -0.369 -0.516 -0.674 -0.823 -0.936 -0.995 
0.000 0.000 0.000 0.000 0.000 0.000 0.000 0.000 0.000 0.000 0.000 0.000 0.000 0.000 0.000 0.000 0.000 0.000 0.000 0.000 0.000 0.000 0.000 -0.166 -0.264 -0.391 -0.542 -0.700 -0.844 -0.950 -0.998 -0.979 -0.896 -0.766 -0.611 -0.455 -0.316 -0.205 -0.161 -0.257 -0.383 -0.532 -0.690 -0.836 -0.945 
0.000 0.000 0.000 0.000 0.000 0.000 0.000 0.000 0.000 0.000 0.000 0.000 0.000 0.000 0.000 0.000 0.000 0.000 0.000 0.000 0.000 0.000 0.000 -0.103 -0.175 -0.275 -0.406 -0.558 -0.715 -0.857 -0.958 -1.000 -0.974 -0.885 -0.751 -0.595 -0.440 -0.304 -0.196 -0.169 -0.268 -0.397 -0.548 -0.706 -0.849 
0.000 0.000 0.000 0.000 0.000 0.000 0.000 0.000 0.000 0.000 0.000 0.000 0.000 0.000 0.000 0.000 0.000 0.000 0.000 0.000 0.000 0.000 0.000 0.000 -0.109 -0.183 -0.287 -0.420 -0.573 -0.731 -0.869 -0.965 -1.000 -0.967 -0.873 -0.736 -0.579 -0.425 -0.292 -0.187 -0.178 -0.280 -0.411 -0.563 -0.721 
0.000 0.000 0.000 0.000 0.000 0.000 0.000 0.000 0.000 0.000 0.000 0.000 0.000 0.000 0.000 0.000 0.000 0.000 0.000 0.000 0.000 0.000 0.000 0.000 0.000 -0.115 -0.192 -0.299 -0.435 -0.589 -0.746 -0.881 -0.971 -1.000 -0.961 -0.861 -0.721 -0.563 -0.411 -0.280 -0.178 -0.187 -0.292 -0.425 -0.579 
0.000 0.000 0.000 0.000 0.000 0.000 0.000 0.000 0.000 0.000 0.000 0.000 0.000 0.000 0.000 0.000 0.000 0.000 0.000 0.000 0.000 0.000 0.000 0.000 0.000 0.000 -0.122 -0.202 -0.312 -0.450 -0.605 -0.761 -0.892 -0.977 -0.999 -0.953 -0.849 -0.706 -0.548 -0.397 -0.268 -0.169 -0.196 -0.304 -0.440 
0.000 0.000 0.000 0.000 0.000 0.000 0.000 0.000 0.000 0.000 0.000 0.000 0.000 0.000 0.000 0.000 0.000 0.000 0.000 0.000 0.000 0.000 0.000 0.000 0.000 0.000 0.000 -0.128 -0.211 -0.324 -0.465 -0.621 -0.775 -0.903 -0.982 -0.997 -0.945 -0.836 -0.690 -0.532 -0.383 -0.257 -0.161 -0.205 -0.316 
0.000 0.000 0.000 0.000 0.000 0.000 0.000 0.000 0.000 0.000 0.000 0.000 0.000 0.000 0.000 0.000 0.000 0.000 0.000 0.000 0.000 0.000 0.000 0.000 0.000 0.000 0.000 0.000 -0.135 -0.221 -0.337 -0.480 -0.637 -0.790 -0.914 -0.987 -0.995 -0.936 -0.823 -0.674 -0.516 -0.369 -0.246 -0.153 -0.215 
0.000 0.000 0.000 0.000 0.000 0.000 0.000 0.000 0.000 0.000 0.000 0.000 0.000 0.000 0.000 0.000 0.000 0.000 0.000 0.000 0.000 0.000 0.000 0.000 0.000 0.000 0.000 0.000 0.000 -0.143 -0.231 -0.350 -0.495 -0.653 -0.804 -0.924 -0.991 -0.992 -0.927 -0.809 -0.659 -0.501 -0.355 -0.235 -0.145 
# 1 2 31 45
-0.159 -0.207 -0.319 -0.459 -0.615 -0.770 -0.899 -0.980 -0.998 -0.948 -0.841 -0.696 -0.538 -0.388 -0.261 -0.164 0.000 0.000 0.000 0.000 0.000 0.000 0.000 0.000 0.000 0.000 0.000 0.000 0.000 0.000 0.000 0.000 0.000 0.000 0.000 0.000 0.000 0.000 0.000 0.000 0.000 0.000 0.000 0.000 0.000 
-0.307 -0.198 -0.167 -0.265 -0.393 -0.543 -0.701 -0.845 -0.951 -0.999 -0.979 -0.895 -0.765 -0.610 -0.454 -0.315 -0.204 -0.124 0.000 0.000 0.000 0.000 0.000 0.000 0.000 0.000 0.000 0.000 0.000 0.000 0.000 0.000 0.000 0.000 0.000 0.000 0.000 0.000 0.000 0.000 0.000 0.000 0.000 0.000 0.000 
-0.513 -0.366 -0.244 -0.151 -0.217 -0.332 -0.473 -0.630 -0.784 -0.909 -0.985 -0.996 -0.940 -0.828 -0.681 -0.523 -0.375 -0.251 -0.156 0.000 0.000 0.000 0.000 0.000 0.000 0.000 0.000 0.000 0.000 0.000 0.000 0.000 0.000 0.000 0.000 0.000 0.000 0.000 0.000 0.000 0.000 0.000 0.000 0.000 0.000 
-0.741 -0.584 -0.430 -0.295 -0.189 -0.175 -0.276 -0.406 -0.559 -0.716 -0.858 -0.958 -1.000 -0.973 -0.885 -0.750 -0.594 -0.439 -0.303 -0.195 -0.117 0.000 0.000 0.000 0.000 0.000 0.000 0.000 0.000 0.000 0.000 0.000 0.000 0.000 0.000 0.000 0.000 0.000 0.000 0.000 0.000 0.000 0.000 0.000 0.000 
-0.925 -0.806 -0.656 -0.498 -0.353 -0.233 -0.144 -0.227 -0.344 -0.488 -0.646 -0.797 -0.919 -0.989 -0.993 -0.931 -0.815 -0.666 -0.508 -0.361 -0.240 -0.149 0.000 0.000 0.000 0.000 0.000 0.000 0.000 0.000 0.000 0.000 0.000 0.000 0.000 0.000 0.000 0.000 0.000 0.000 0.000 0.000 0.000 0.000 0.000 
-1.000 -0.963 -0.866 -0.726 -0.569 -0.416 -0.284 -0.181 -0.184 -0.288 -0.420 -0.574 -0.731 -0.869 -0.965 -1.000 -0.967 -0.873 -0.736 -0.579 -0.425 -0.291 -0.186 -0.111 0.000 0.000 0.000 0.000 0.000 0.000 0.000 0.000 0.000 0.000 0.000 0.000 0.000 0.000 0.000 0.000 0.000 0.000 0.000 0.000 0.000 
-0.934 -0.994 -0.988 -0.916 -0.793 -0.641 -0.483 -0.340 -0.223 -0.147 -0.237 -0.357 -0.503 -0.661 -0.811 -0.929 -0.993 -0.990 -0.922 -0.802 -0.651 -0.493 -0.348 -0.230 -0.142 0.000 0.000 0.000 0.000 0.000 0.000 0.000 0.000 0.000 0.000 0.000 0.000 0.000 0.000 0.000 0.000 0.000 0.000 0.000 0.000 
-0.755 -0.888 -0.975 -0.999 -0.956 -0.853 -0.711 -0.553 -0.402 -0.272 -0.172 -0.192 -0.299 -0.435 -0.589 -0.746 -0.881 -0.971 -1.000 -0.961 -0.861 -0.721 -0.563 -0.411 -0.280 -0.178 -0.105 0.000 0.000 0.000 0.000 0.000 0.000 0.000 0.000 0.000 0.000 0.000 0.000 0.000 0.000 0.000 0.000 0.000 0.000 
-0.528 -0.686 -0.833 -0.943 -0.997 -0.984 -0.906 -0.779 -0.625 -0.468 -0.327 -0.214 -0.154 -0.247 -0.370 -0.518 -0.676 -0.824 -0.937 -0.995 -0.986 -0.913 -0.788 -0.635 -0.478 -0.336 -0.220 -0.135 0.000 0.000 0.000 0.000 0.000 0.000 0.000 0.000 0.000 0.000 0.000 0.000 0.000 0.000 0.000 0.000 0.000 
-0.319 -0.458 -0.615 -0.769 -0.899 -0.980 -0.998 -0.948 -0.841 -0.696 -0.538 -0.388 -0.261 -0.164 -0.201 -0.311 -0.449 -0.605 -0.760 -0.892 -0.977 -0.999 -0.953 -0.849 -0.706 -0.548 -0.397 -0.269 -0.170 0.000 0.000 0.000 0.000 0.000 0.000 0.000 0.000 0.000 0.000 0.000 0.000 0.000 0.000 0.000 0.000 
-0.167 -0.265 -0.393 -0.543 -0.701 -0.845 -0.951 -0.998 -0.979 -0.896 -0.765 -0.610 -0.454 -0.315 -0.204 -0.162 -0.258 -0.384 -0.533 -0.691 -0.837 -0.946 -0.997 -0.982 -0.902 -0.774 -0.620 -0.463 -0.323 -0.210 -0.128 0.000 0.000 0.000 0.000 0.000 0.000 0.000 0.000 0.000 0.000 0.000 0.000 0.000 0.000 
0.000 -0.132 -0.217 -0.332 -0.473 -0.630 -0.783 -0.909 -0.985 -0.996 -0.940 -0.828 -0.681 -0.523 -0.375 -0.251 -0.156 -0.211 -0.323 -0.463 -0.620 -0.774 -0.903 -0.982 -0.997 -0.946 -0.837 -0.691 -0.533 -0.384 -0.258 -0.162 0.000 0.000 0.000 0.000 0.000 0.000 0.000 0.000 0.000 0.000 0.000 0.000 0.000 
0.000 0.000 -0.104 -0.175 -0.276 -0.406 -0.558 -0.716 -0.857 -0.958 -1.000 -0.973 -0.885 -0.751 -0.594 -0.439 -0.303 -0.195 -0.170 -0.269 -0.397 -0.548 -0.706 -0.849 -0.953 -0.999 -0.977 -0.892 -0.760 -0.604 -0.449 -0.311 -0.201 -0.121 0.000 0.000 0.000 0.000 0.000 0.000 0.000 0.000 0.000 0.000 0.000 
0.000 0.000 0.000 0.000 -0.139 -0.227 -0.344 -0.488 -0.645 -0.797 -0.919 -0.989 -0.994 -0.932 -0.815 -0.666 -0.508 -0.362 -0.240 -0.149 -0.220 -0.336 -0.478 -0.635 -0.788 -0.913 -0.986 -0.995 -0.937 -0.824 -0.676 -0.518 -0.370 -0.247 -0.154 0.000 0.000 0.000 0.000 0.000 0.000 0.000 0.000 0.000 0.000 
0.000 0.000 0.000 0.000 0.000 -0.109 -0.183 -0.287 -0.420 -0.574 -0.731 -0.869 -0.965 -1.000 -0.967 -0.873 -0.736 -0.579 -0.425 -0.291 -0.186 -0.178 -0.280 -0.411 -0.564 -0.721 -0.862 -0.961 -1.000 -0.971 -0.881 -0.746 -0.589 -0.434 -0.299 -0.192 -0.115 0.000 0.000 0.000 0.000 0.000 0.000 0.000 0.000 
0.000 0.000 0.000 0.000 0.000 0.000 0.000 -0.146 -0.237 -0.357 -0.503 -0.661 -0.811 -0.928 -0.992 -0.990 -0.922 -0.802 -0.651 -0.493 -0.349 -0.230 -0.142 -0.230 -0.349 -0.493 -0.651 -0.802 -0.922 -0.990 -0.992 -0.928 -0.811 -0.661 -0.503 -0.357 -0.237 -0.146 0.000 0.000 0.000 0.000 0.000 0.000 0.000 
0.000 0.000 0.000 0.000 0.000 0.000 0.000 0.000 -0.115 -0.192 -0.299 -0.434 -0.589 -0.746 -0.881 -0.971 -1.000 -0.961 -0.862 -0.721 -0.564 -0.411 -0.280 -0.178 -0.186 -0.291 -0.425 -0.579 -0.736 -0.873 -0.967 -1.000 -0.965 -0.869 -0.731 -0.574 -0.420 -0.287 -0.183 -0.109 0.000 0.000 0.000 0.000 0.000 
0.000 0.000 0.000 0.000 0.000 0.000 0.000 0.000 0.000 0.000 -0.154 -0.247 -0.370 -0.518 -0.676 -0.824 -0.937 -0.995 -0.986 -0.913 -0.788 -0.635 -0.478 -0.336 -0.220 -0.149 -0.240 -0.362 -0.508 -0.666 -0.815 -0.932 -0.994 -0.989 -0.919 -0.797 -0.645 -0.488 -0.344 -0.227 -0.139 0.000 0.000 0.000 0.000 
0.000 0.000 0.000 0.000 0.000 0.000 0.000 0.000 0.000 0.000 0.000 -0.121 -0.201 -0.311 -0.449 -0.604 -0.760 -0.892 -0.977 -0.999 -0.953 -0.849 -0.706 -0.548 -0.397 -0.269 -0.170 -0.195 -0.303 -0.439 -0.594 -0.751 -0.885 -0.973 -1.000 -0.958 -0.857 -0.716 -0.558 -0.406 -0.276 -0.175 -0.104 0.000 0.000 
0.000 0.000 0.000 0.000 0.000 0.000 0.000 0.000 0.000 0.000 0.000 0.000 0.000 -0.162 -0.258 -0.384 -0.533 -0.691 -0.837 -0.946 -0.997 -0.982 -0.903 -0.774 -0.620 -0.463 -0.323 -0.211 -0.156 -0.251 -0.375 -0.523 -0.681 -0.828 -0.940 -0.996 -0.985 -0.909 -0.783 -0.630 -0.473 -0.332 -0.217 -0.132 0.000 
0.000 0.000 0.000 0.000 0.000 0.000 0.000 0.000 0.000 0.000 0.000 0.000 0.000 0.000 -0.128 -0.210 -0.323 -0.463 -0.620 -0.774 -0.902 -0.982 -0.997 -0.946 -0.837 -0.691 -0.533 -0.384 -0.258 -0.162 -0.204 -0.315 -0.454 -0.610 -0.765 -0.896 -0.979 -0.998 -0.951 -0.845 -0.701 -0.543 -0.393 -0.265 -0.167 
0.000 0.000 0.000 0.000 0.000 0.000 0.000 0.000 0.000 0.000 0.000 0.000 0.000 0.000 0.000 0.000 -0.170 -0.269 -0.397 -0.548 -0.706 -0.849 -0.953 -0.999 -0.977 -0.892 -0.760 -0.605 -0.449 -0.311 -0.201 -0.164 -0.261 -0.388 -0.538 -0.696 -0.841 -0.948 -0.998 -0.980 -0.899 -0.769 -0.615 -0.458 -0.319 
0.000 0.000 0.000 0.000 0.000 0.000 0.000 0.000 0.000 0.000 0.000 0.000 0.000 0.000 0.000 0.000 0.000 -0.135 -0.220 -0.336 -0.478 -0.635 -0.788 -0.913 -0.986 -0.995 -0.937 -0.824 -0.676 -0.518 -0.370 -0.247 -0.154 -0.214 -0.327 -0.468 -0.625 -0.779 -0.906 -0.984 -0.997 -0.943 -0.833 -0.686 -0.528 
0.000 0.000 0.000 0.000 0.000 0.000 0.000 0.000 0.000 0.000 0.000 0.000 0.000 0.000 0.000 0.000 0.000 0.000 -0.105 -0.178 -0.280 -0.411 -0.563 -0.721 -0.861 -0.961 -1.000 -0.971 -0.881 -0.746 -0.589 -0.435 -0.299 -0.192 -0.172 -0.272 -0.402 -0.553 -0.711 -0.853 -0.956 -0.999 -0.975 -0.888 -0.755 
0.000 0.000 0.000 0.000 0.000 0.000 0.000 0.000 0.000 0.000 0.000 0.000 0.000 0.000 0.000 0.000 0.000 0.000 0.000 0.000 -0.142 -0.230 -0.348 -0.493 -0.651 -0.802 -0.922 -0.990 -0.993 -0.929 -0.811 -0.661 -0.503 -0.357 -0.237 -0.147 -0.223 -0.340 -0.483 -0.641 -0.793 -0.916 -0.988 -0.994 -0.934 
0.000 0.000 0.000 0.000 0.000 0.000 0.000 0.000 0.000 0.000 0.000 0.000 0.000 0.000 0.000 0.000 0.000 0.000 0.000 0.000 0.000 -0.111 -0.186 -0.291 -0.425 -0.579 -0.736 -0.873 -0.967 -1.000 -0.965 -0.869 -0.731 -0.574 -0.420 -0.288 -0.184 -0.181 -0.284 -0.416 -0.569 -0.726 -0.866 -0.963 -1.000 
0.000 0.000 0.000 0.000 0.000 0.000 0.000 0.000 0.000 0.000 0.000 0.000 0.000 0.000 0.000 0.000 0.000 0.000 0.000 0.000 0.000 0.000 0.000 -0.149 -0.240 -0.361 -0.508 -0.666 -0.815 -0.931 -0.993 -0.989 -0.919 -0.797 -0.646 -0.488 -0.344 -0.227 -0.144 -0.233 -0.353 -0.498 -0.656 -0.806 -0.925 
0.000 0.000 0.000 0.000 0.000 0.000 0.000 0.000 0.000 0.000 0.000 0.000 0.000 0.000 0.000 0.000 0.000 0.000 0.000 0.000 0.000 0.000 0.000 0.000 -0.117 -0.195 -0.303 -0.439 -0.594 -0.750 -0.885 -0.973 -1.000 -0.958 -0.858 -0.716 -0.559 -0.406 -0.276 -0.175 -0.189 -0.295 -0.430 -0.584 -0.741 
0.000 0.000 0.000 0.000 0.000 0.000 0.000 0.000 0.000 0.000 0.000 0.000 0.000 0.000 0.000 0.000 0.000 0.000 0.000 0.000 0.000 0.000 0.000 0.000 0.000 0.000 -0.156 -0.251 -0.375 -0.523 -0.681 -0.828 -0.940 -0.996 -0.985 -0.909 -0.784 -0.630 -0.473 -0.332 -0.217 -0.151 -0.244 -0.366 -0.513 
0.000 0.000 0.000 0.000 0.000 0.000 0.000 0.000 0.000 0.000 0.000 0.000 0.000 0.000 0.000 0.000 0.000 0.000 0.000 0.000 0.000 0.000 0.000 0.000 0.000 0.000 0.000 -0.124 -0.204 -0.315 -0.454 -0.610 -0.765 -0.895 -0.979 -0.999 -0.951 -0.845 -0.701 -0.543 -0.393 -0.265 -0.167 -0.198 -0.307 
0.000 0.000 0.000 0.000 0.000 0.000 0.000 0.000 0.000 0.000 0.000 0.000 0.000 0.000 0.000 0.000 0.000 0.000 0.000 0.000 0.000 0.000 0.000 0.000 0.000 0.000 0.000 0.000 0.000 -0.164 -0.261 -0.388 -0.538 -0.696 -0.841 -0.948 -0.998 -0.980 -0.899 -0.770 -0.615 -0.459 -0.319 -0.207 -0.159 
# 2 0 50 31
0.000 0.000 -0.155 -0.323 -0.561 -0.810 -0.976 -0.979 -0.819 -0.571 -0.332 -0.161 0.000 0.000 0.000 0.000 0.000 0.000 0.000 0.000 0.000 0.000 0.000 0.000 0.000 0.000 0.000 0.000 0.000 0.000 0.000 
0.000 0.000 0.000 -0.210 -0.407 -0.659 -0.888 -0.998 -0.935 -0.730 -0.475 -0.257 -0.116 0.000 0.000 0.000 0.000 0.000 0.000 0.000 0.000 0.000 0.000 0.000 0.000 0.000 0.000 0.000 0.000 0.000 0.000 
0.000 0.000 0.000 -0.127 -0.276 -0.499 -0.754 -0.949 -0.995 -0.869 -0.633 -0.384 -0.194 0.000 0.000 0.000 0.000 0.000 0.000 0.000 0.000 0.000 0.000 0.000 0.000 0.000 0.000 0.000 0.000 0.000 0.000 
0.000 0.000 0.000 0.000 -0.174 -0.353 -0.597 -0.841 -0.987 -0.966 -0.787 -0.535 -0.303 -0.143 0.000 0.000 0.000 0.000 0.000 0.000 0.000 0.000 0.000 0.000 0.000 0.000 0.000 0.000 0.000 0.000 0.000 
-0.169 0.000 0.000 0.000 -0.103 -0.233 -0.440 -0.695 -0.913 -1.000 -0.913 -0.695 -0.441 -0.233 -0.103 0.000 0.000 0.000 0.000 0.000 0.000 0.000 0.000 0.000 0.000 0.000 0.000 0.000 0.000 0.000 0.000 
-0.268 -0.123 0.000 0.000 0.000 -0.143 -0.303 -0.535 -0.787 -0.966 -0.987 -0.841 -0.597 -0.353 -0.174 0.000 0.000 0.000 0.000 0.000 0.000 0.000 0.000 0.000 0.000 0.000 0.000 0.000 0.000 0.000 0.000 
-0.398 -0.204 0.000 0.000 0.000 0.000 -0.194 -0.384 -0.633 -0.869 -0.995 -0.949 -0.754 -0.500 -0.276 -0.127 0.000 0.000 0.000 0.000 0.000 0.000 0.000 0.000 0.000 0.000 0.000 0.000 0.000 0.000 0.000 
-0.550 -0.315 -0.150 0.000 0.000 0.000 -0.116 -0.257 -0.475 -0.730 -0.935 -0.998 -0.888 -0.659 -0.407 -0.210 0.000 0.000 0.000 0.000 0.000 0.000 0.000 0.000 0.000 0.000 0.000 0.000 0.000 0.000 0.000 
-0.710 -0.455 -0.243 -0.108 0.000 0.000 0.000 -0.161 -0.332 -0.571 -0.819 -0.979 -0.976 -0.810 -0.561 -0.324 -0.156 0.000 0.000 0.000 0.000 0.000 0.000 0.000 0.000 0.000 0.000 0.000 0.000 0.000 0.000 
-0.853 -0.612 -0.366 -0.183 0.000 0.000 0.000 0.000 -0.216 -0.417 -0.669 -0.896 -0.999 -0.929 -0.720 -0.465 -0.250 -0.112 0.000 0.000 0.000 0.000 0.000 0.000 0.000 0.000 0.000 0.000 0.000 0.000 0.000 
-0.956 -0.768 -0.515 -0.287 -0.134 0.000 0.000 0.000 -0.131 -0.283 -0.510 -0.764 -0.954 -0.993 -0.861 -0.623 -0.375 -0.189 0.000 0.000 0.000 0.000 0.000 0.000 0.000 0.000 0.000 0.000 0.000 0.000 0.000 
-0.999 -0.899 -0.674 -0.421 -0.219 0.000 0.000 0.000 0.000 -0.180 -0.362 -0.607 -0.849 -0.989 -0.961 -0.778 -0.525 -0.295 -0.138 0.000 0.000 0.000 0.000 0.000 0.000 0.000 0.000 0.000 0.000 0.000 0.000 
-0.974 -0.981 -0.823 -0.576 -0.336 -0.163 0.000 0.000 0.000 -0.106 -0.240 -0.450 -0.705 -0.919 -1.000 -0.906 -0.685 -0.431 -0.226 0.000 0.000 0.000 0.000 0.000 0.000 0.000 0.000 0.000 0.000 0.000 0.000 
-0.885 -0.998 -0.938 -0.735 -0.480 -0.261 -0.118 0.000 0.000 0.000 -0.148 -0.311 -0.545 -0.796 -0.970 -0.984 -0.832 -0.587 -0.345 -0.169 0.000 0.000 0.000 0.000 0.000 0.000 0.000 0.000 0.000 0.000 0.000 
-0.749 -0.946 -0.996 -0.873 -0.638 -0.389 -0.197 0.000 0.000 0.000 0.000 -0.200 -0.393 -0.643 -0.877 -0.996 -0.943 -0.745 -0.490 -0.268 -0.123 0.000 0.000 0.000 0.000 0.000 0.000 0.000 0.000 0.000 0.000 
-0.592 -0.837 -0.986 -0.968 -0.792 -0.540 -0.307 -0.145 0.000 0.000 0.000 -0.120 -0.265 -0.484 -0.739 -0.941 -0.997 -0.881 -0.649 -0.398 -0.204 0.000 0.000 0.000 0.000 0.000 0.000 0.000 0.000 0.000 0.000 
-0.436 -0.690 -0.910 -1.000 -0.916 -0.700 -0.445 -0.236 -0.104 0.000 0.000 0.000 -0.166 -0.340 -0.581 -0.828 -0.982 -0.972 -0.801 -0.551 -0.315 -0.150 0.000 0.000 0.000 0.000 0.000 0.000 0.000 0.000 0.000 
-0.299 -0.530 -0.783 -0.963 -0.988 -0.845 -0.602 -0.357 -0.177 0.000 0.000 0.000 0.000 -0.223 -0.426 -0.679 -0.903 -1.000 -0.923 -0.710 -0.455 -0.243 -0.108 0.000 0.000 0.000 0.000 0.000 0.000 0.000 0.000 
-0.191 -0.380 -0.628 -0.865 -0.994 -0.951 -0.759 -0.505 -0.280 -0.129 0.000 0.000 0.000 -0.136 -0.291 -0.520 -0.773 -0.959 -0.991 -0.853 -0.613 -0.366 -0.183 0.000 0.000 0.000 0.000 0.000 0.000 0.000 0.000 
-0.114 -0.254 -0.470 -0.725 -0.932 -0.999 -0.892 -0.664 -0.412 -0.213 0.000 0.000 0.000 0.000 -0.185 -0.371 -0.617 -0.857 -0.992 -0.956 -0.769 -0.515 -0.287 -0.134 0.000 0.000 0.000 0.000 0.000 0.000 0.000 
0.000 -0.158 -0.328 -0.566 -0.815 -0.978 -0.977 -0.815 -0.566 -0.328 -0.158 0.000 0.000 0.000 -0.110 -0.247 -0.460 -0.715 -0.926 -0.999 -0.899 -0.674 -0.421 -0.220 0.000 0.000 0.000 0.000 0.000 0.000 0.000 
0.000 0.000 -0.213 -0.412 -0.664 -0.892 -0.999 -0.932 -0.725 -0.470 -0.254 -0.114 0.000 0.000 0.000 -0.153 -0.319 -0.555 -0.806 -0.974 -0.981 -0.824 -0.576 -0.336 -0.163 0.000 0.000 0.000 0.000 0.000 0.000 
0.000 0.000 -0.129 -0.280 -0.505 -0.759 -0.951 -0.994 -0.865 -0.628 -0.380 -0.191 0.000 0.000 0.000 0.000 -0.207 -0.403 -0.654 -0.885 -0.998 -0.938 -0.735 -0.480 -0.261 -0.118 0.000 0.000 0.000 0.000 0.000 
0.000 0.000 0.000 -0.177 -0.358 -0.602 -0.845 -0.988 -0.963 -0.783 -0.530 -0.299 -0.141 0.000 0.000 0.000 -0.125 -0.272 -0.494 -0.749 -0.946 -0.996 -0.873 -0.638 -0.389 -0.197 0.000 0.000 0.000 0.000 0.000 
0.000 0.000 0.000 -0.104 -0.236 -0.445 -0.700 -0.916 -1.000 -0.910 -0.689 -0.436 -0.229 -0.101 0.000 0.000 0.000 -0.171 -0.349 -0.592 -0.836 -0.986 -0.968 -0.792 -0.540 -0.307 -0.146 0.000 0.000 0.000 0.000 
0.000 0.000 0.000 0.000 -0.146 -0.307 -0.540 -0.792 -0.968 -0.986 -0.836 -0.592 -0.349 -0.171 0.000 0.000 0.000 -0.101 -0.229 -0.436 -0.689 -0.910 -1.000 -0.916 -0.700 -0.445 -0.236 -0.104 0.000 0.000 0.000 
0.000 0.000 0.000 0.000 0.000 -0.197 -0.389 -0.638 -0.873 -0.996 -0.946 -0.749 -0.494 -0.272 -0.125 0.000 0.000 0.000 -0.141 -0.299 -0.530 -0.783 -0.963 -0.988 -0.845 -0.602 -0.358 -0.177 0.000 0.000 0.000 
0.000 0.000 0.000 0.000 0.000 -0.118 -0.261 -0.480 -0.735 -0.938 -0.998 -0.885 -0.654 -0.403 -0.207 0.000 0.000 0.000 0.000 -0.191 -0.380 -0.628 -0.865 -0.994 -0.951 -0.759 -0.505 -0.280 -0.129 0.000 0.000 
0.000 0.000 0.000 0.000 0.000 0.000 -0.163 -0.336 -0.576 -0.824 -0.981 -0.974 -0.806 -0.555 -0.319 -0.153 0.000 0.000 0.000 -0.114 -0.254 -0.470 -0.725 -0.932 -0.999 -0.892 -0.664 -0.412 -0.213 0.000 0.000 
0.000 0.000 0.000 0.000 0.000 0.000 0.000 -0.220 -0.421 -0.674 -0.899 -0.999 -0.926 -0.715 -0.460 -0.247 -0.110 0.000 0.000 0.000 -0.158 -0.328 -0.566 -0.815 -0.977 -0.978 -0.815 -0.566 -0.328 -0.158 0.000 
0.000 0.000 0.000 0.000 0.000 0.000 0.000 -0.134 -0.287 -0.515 -0.769 -0.956 -0.992 -0.857 -0.617 -0.371 -0.185 0.000 0.000 0.000 0.000 -0.213 -0.412 -0.664 -0.892 -0.999 -0.932 -0.725 -0.470 -0.254 -0.114 
0.000 0.000 0.000 0.000 0.000 0.000 0.000 0.000 -0.183 -0.366 -0.613 -0.853 -0.991 -0.959 -0.773 -0.520 -0.291 -0.136 0.000 0.000 0.000 -0.129 -0.280 -0.505 -0.759 -0.951 -0.994 -0.865 -0.628 -0.380 -0.191 
0.000 0.000 0.000 0.000 0.000 0.000 0.000 0.000 -0.108 -0.243 -0.455 -0.710 -0.923 -1.000 -0.903 -0.679 -0.426 -0.223 0.000 0.000 0.000 0.000 -0.177 -0.357 -0.602 -0.845 -0.988 -0.963 -0.783 -0.530 -0.299 
0.000 0.000 0.000 0.000 0.000 0.000 0.000 0.000 0.000 -0.150 -0.315 -0.551 -0.801 -0.972 -0.982 -0.828 -0.581 -0.340 -0.166 0.000 0.000 0.000 -0.104 -0.236 -0.445 -0.700 -0.916 -1.000 -0.910 -0.690 -0.436 
0.000 0.000 0.000 0.000 0.000 0.000 0.000 0.000 0.000 0.000 -0.204 -0.398 -0.649 -0.881 -0.997 -0.941 -0.739 -0.484 -0.265 -0.120 0.000 0.000 0.000 -0.145 -0.307 -0.540 -0.792 -0.968 -0.986 -0.837 -0.592 
0.000 0.000 0.000 0.000 0.000 0.000 0.000 0.000 0.000 0.000 -0.123 -0.268 -0.490 -0.745 -0.943 -0.996 -0.877 -0.643 -0.393 -0.200 0.000 0.000 0.000 0.000 -0.197 -0.389 -0.638 -0.873 -0.996 -0.946 -0.749 
0.000 0.000 0.000 0.000 0.000 0.000 0.000 0.000 0.000 0.000 0.000 -0.169 -0.345 -0.587 -0.832 -0.984 -0.970 -0.796 -0.545 -0.311 -0.148 0.000 0.000 0.000 -0.118 -0.261 -0.480 -0.735 -0.938 -0.998 -0.885 
0.000 0.000 0.000 0.000 0.000 0.000 0.000 0.000 0.000 0.000 0.000 0.000 -0.226 -0.431 -0.685 -0.906 -1.000 -0.919 -0.705 -0.450 -0.240 -0.106 0.000 0.000 0.000 -0.163 -0.336 -0.576 -0.823 -0.981 -0.974 
0.000 0.000 0.000 0.000 0.000 0.000 0.000 0.000 0.000 0.000 0.000 0.000 -0.138 -0.295 -0.525 -0.778 -0.961 -0.989 -0.849 -0.607 -0.362 -0.180 0.000 0.000 0.000 0.000 -0.219 -0.421 -0.674 -0.899 -0.999 
0.000 0.000 0.000 0.000 0.000 0.000 0.000 0.000 0.000 0.000 0.000 0.000 0.000 -0.189 -0.375 -0.623 -0.861 -0.993 -0.954 -0.764 -0.510 -0.283 -0.131 0.000 0.000 0.000 -0.134 -0.287 -0.515 -0.768 -0.956 
0.000 0.000 0.000 0.000 0.000 0.000 0.000 0.000 0.000 0.000 0.000 0.000 0.000 -0.112 -0.250 -0.465 -0.720 -0.929 -0.999 -0.896 -0.669 -0.417 -0.216 0.000 0.000 0.000 0.000 -0.183 -0.366 -0.612 -0.853 
0.000 0.000 0.000 0.000 0.000 0.000 0.000 0.000 0.000 0.000 0.000 0.000 0.000 0.000 -0.156 -0.324 -0.561 -0.810 -0.976 -0.979 -0.819 -0.571 -0.332 -0.161 0.000 0.000 0.000 -0.108 -0.243 -0.455 -0.710 
0.000 0.000 0.000 0.000 0.000 0.000 0.000 0.000 0.000 0.000 0.000 0.000 0.000 0.000 0.000 -0.210 -0.407 -0.659 -0.888 -0.998 -0.935 -0.730 -0.475 -0.257 -0.116 0.000 0.000 0.000 -0.150 -0.315 -0.550 
0.000 0.000 0.000 0.000 0.000 0.000 0.000 0.000 0.000 0.000 0.000 0.000 0.000 0.000 0.000 -0.127 -0.276 -0.500 -0.754 -0.949 -0.995 -0.869 -0.633 -0.384 -0.194 0.000 0.000 0.000 0.000 -0.204 -0.398 
0.000 0.000 0.000 0.000 0.000 0.000 0.000 0.000 0.000 0.000 0.000 0.000 0.000 0.000 0.000 0.000 -0.174 -0.353 -0.597 -0.841 -0.987 -0.966 -0.787 -0.535 -0.303 -0.143 0.000 0.000 0.000 -0.123 -0.268 
0.000 0.000 0.000 0.000 0.000 0.000 0.000 0.000 0.000 0.000 0.000 0.000 0.000 0.000 0.000 0.000 -0.103 -0.233 -0.441 -0.695 -0.913 -1.000 -0.913 -0.695 -0.440 -0.233 -0.103 0.000 0.000 0.000 -0.169 
0.000 0.000 0.000 0.000 0.000 0.000 0.000 0.000 0.000 0.000 0.000 0.000 0.000 0.000 0.000 0.000 0.000 -0.143 -0.303 -0.535 -0.787 -0.966 -0.987 -0.841 -0.597 -0.353 -0.174 0.000 0.000 0.000 0.000 
0.000 0.000 0.000 0.000 0.000 0.000 0.000 0.000 0.000 0.000 0.000 0.000 0.000 0.000 0.000 0.000 0.000 0.000 -0.194 -0.384 -0.633 -0.869 -0.995 -0.949 -0.754 -0.499 -0.276 -0.127 0.000 0.000 0.000 
0.000 0.000 0.000 0.000 0.000 0.000 0.000 0.000 0.000 0.000 0.000 0.000 0.000 0.000 0.000 0.000 0.000 0.000 -0.116 -0.257 -0.475 -0.730 -0.935 -0.998 -0.888 -0.659 -0.407 -0.210 0.000 0.000 0.000 
0.000 0.000 0.000 0.000 0.000 0.000 0.000 0.000 0.000 0.000 0.000 0.000 0.000 0.000 0.000 0.000 0.000 0.000 0.000 -0.161 -0.332 -0.571 -0.819 -0.979 -0.976 -0.810 -0.561 -0.323 -0.155 0.000 0.000 
# 2 1 45 31
0.000 0.000 -0.151 -0.316 -0.552 -0.802 -0.972 -0.982 -0.827 -0.580 -0.339 -0.165 0.000 0.000 0.000 0.000 0.000 0.000 0.000 0.000 0.000 0.000 0.000 0.000 0.000 0.000 0.000 0.000 0.000 0.000 0.000 
0.000 0.000 0.000 -0.194 -0.383 -0.632 -0.869 -0.995 -0.949 -0.755 -0.501 -0.277 -0.127 0.000 0.000 0.000 0.000 0.000 0.000 0.000 0.000 0.000 0.000 0.000 0.000 0.000 0.000 0.000 0.000 0.000 0.000 
0.000 0.000 0.000 -0.109 -0.244 -0.457 -0.712 -0.924 -1.000 -0.901 -0.677 -0.424 -0.222 0.000 0.000 0.000 0.000 0.000 0.000 0.000 0.000 0.000 0.000 0.000 0.000 0.000 0.000 0.000 0.000 0.000 0.000 
-0.123 0.000 0.000 0.000 -0.143 -0.303 -0.535 -0.787 -0.965 -0.987 -0.841 -0.597 -0.354 -0.174 0.000 0.000 0.000 0.000 0.000 0.000 0.000 0.000 0.000 0.000 0.000 0.000 0.000 0.000 0.000 0.000 0.000 
-0.215 0.000 0.000 0.000 0.000 -0.184 -0.368 -0.615 -0.855 -0.991 -0.958 -0.771 -0.517 -0.289 -0.135 0.000 0.000 0.000 0.000 0.000 0.000 0.000 0.000 0.000 0.000 0.000 0.000 0.000 0.000 0.000 0.000 
-0.344 -0.168 0.000 0.000 0.000 -0.103 -0.233 -0.441 -0.695 -0.913 -1.000 -0.913 -0.694 -0.440 -0.233 -0.102 0.000 0.000 0.000 0.000 0.000 0.000 0.000 0.000 0.000 0.000 0.000 0.000 0.000 0.000 0.000 
-0.506 -0.281 -0.130 0.000 0.000 0.000 -0.135 -0.290 -0.518 -0.771 -0.958 -0.991 -0.855 -0.615 -0.368 -0.184 0.000 0.000 0.000 0.000 0.000 0.000 0.000 0.000 0.000 0.000 0.000 0.000 0.000 0.000 0.000 
-0.684 -0.430 -0.225 0.000 0.000 0.000 0.000 -0.175 -0.354 -0.598 -0.841 -0.987 -0.965 -0.787 -0.534 -0.302 -0.143 0.000 0.000 0.000 0.000 0.000 0.000 0.000 0.000 0.000 0.000 0.000 0.000 0.000 0.000 
-0.846 -0.603 -0.359 -0.178 0.000 0.000 0.000 0.000 -0.222 -0.425 -0.678 -0.902 -1.000 -0.924 -0.711 -0.456 -0.244 -0.109 0.000 0.000 0.000 0.000 0.000 0.000 0.000 0.000 0.000 0.000 0.000 0.000 0.000 
-0.960 -0.777 -0.523 -0.294 -0.138 0.000 0.000 0.000 -0.128 -0.277 -0.501 -0.755 -0.949 -0.995 -0.868 -0.632 -0.383 -0.194 0.000 0.000 0.000 0.000 0.000 0.000 0.000 0.000 0.000 0.000 0.000 0.000 0.000 
-1.000 -0.917 -0.700 -0.446 -0.237 -0.105 0.000 0.000 0.000 -0.165 -0.339 -0.580 -0.827 -0.982 -0.972 -0.802 -0.551 -0.316 -0.151 0.000 0.000 0.000 0.000 0.000 0.000 0.000 0.000 0.000 0.000 0.000 0.000 
-0.955 -0.992 -0.860 -0.621 -0.373 -0.187 0.000 0.000 0.000 0.000 -0.211 -0.409 -0.661 -0.890 -0.998 -0.934 -0.728 -0.473 -0.256 -0.116 0.000 0.000 0.000 0.000 0.000 0.000 0.000 0.000 0.000 0.000 0.000 
-0.836 -0.985 -0.968 -0.792 -0.540 -0.307 -0.146 0.000 0.000 0.000 -0.120 -0.264 -0.484 -0.739 -0.940 -0.997 -0.881 -0.649 -0.398 -0.204 0.000 0.000 0.000 0.000 0.000 0.000 0.000 0.000 0.000 0.000 0.000 
-0.672 -0.897 -0.999 -0.927 -0.717 -0.462 -0.248 -0.111 0.000 0.000 0.000 -0.157 -0.325 -0.563 -0.812 -0.977 -0.978 -0.817 -0.569 -0.330 -0.159 0.000 0.000 0.000 0.000 0.000 0.000 0.000 0.000 0.000 0.000 
-0.495 -0.750 -0.946 -0.996 -0.873 -0.638 -0.389 -0.197 0.000 0.000 0.000 0.000 -0.201 -0.394 -0.644 -0.877 -0.996 -0.943 -0.744 -0.489 -0.268 -0.123 0.000 0.000 0.000 0.000 0.000 0.000 0.000 0.000 0.000 
-0.334 -0.574 -0.822 -0.980 -0.974 -0.807 -0.557 -0.321 -0.154 0.000 0.000 0.000 -0.113 -0.252 -0.468 -0.723 -0.931 -0.999 -0.893 -0.666 -0.414 -0.214 0.000 0.000 0.000 0.000 0.000 0.000 0.000 0.000 0.000 
-0.207 -0.404 -0.655 -0.885 -0.998 -0.937 -0.734 -0.479 -0.260 -0.118 0.000 0.000 0.000 -0.148 -0.312 -0.546 -0.797 -0.970 -0.984 -0.832 -0.586 -0.344 -0.168 0.000 0.000 0.000 0.000 0.000 0.000 0.000 0.000 
-0.118 -0.260 -0.478 -0.733 -0.937 -0.998 -0.886 -0.655 -0.404 -0.207 0.000 0.000 0.000 0.000 -0.191 -0.378 -0.626 -0.864 -0.994 -0.952 -0.760 -0.506 -0.281 -0.130 0.000 0.000 0.000 0.000 0.000 0.000 0.000 
0.000 -0.154 -0.321 -0.557 -0.807 -0.974 -0.980 -0.822 -0.575 -0.335 -0.163 0.000 0.000 0.000 -0.107 -0.241 -0.451 -0.706 -0.920 -1.000 -0.905 -0.683 -0.430 -0.225 0.000 0.000 0.000 0.000 0.000 0.000 0.000 
0.000 0.000 -0.197 -0.388 -0.638 -0.873 -0.995 -0.946 -0.750 -0.495 -0.273 -0.125 0.000 0.000 0.000 -0.140 -0.298 -0.529 -0.782 -0.963 -0.989 -0.846 -0.603 -0.358 -0.177 0.000 0.000 0.000 0.000 0.000 0.000 
0.000 0.000 -0.111 -0.248 -0.462 -0.717 -0.927 -0.999 -0.898 -0.672 -0.419 -0.218 0.000 0.000 0.000 0.000 -0.181 -0.364 -0.609 -0.851 -0.990 -0.960 -0.776 -0.523 -0.294 -0.137 0.000 0.000 0.000 0.000 0.000 
0.000 0.000 0.000 -0.145 -0.307 -0.540 -0.792 -0.968 -0.986 -0.837 -0.592 -0.349 -0.172 0.000 0.000 0.000 -0.101 -0.229 -0.435 -0.689 -0.909 -1.000 -0.916 -0.700 -0.446 -0.236 -0.105 0.000 0.000 0.000 0.000 
0.000 0.000 0.000 0.000 -0.187 -0.373 -0.620 -0.859 -0.992 -0.955 -0.766 -0.512 -0.285 -0.132 0.000 0.000 0.000 -0.132 -0.285 -0.512 -0.766 -0.955 -0.992 -0.859 -0.620 -0.373 -0.187 0.000 0.000 0.000 0.000 
0.000 0.000 0.000 0.000 -0.105 -0.236 -0.446 -0.700 -0.916 -1.000 -0.909 -0.689 -0.435 -0.229 -0.101 0.000 0.000 0.000 -0.172 -0.349 -0.592 -0.837 -0.986 -0.968 -0.792 -0.540 -0.307 -0.145 0.000 0.000 0.000 
0.000 0.000 0.000 0.000 0.000 -0.137 -0.294 -0.523 -0.776 -0.960 -0.990 -0.851 -0.609 -0.364 -0.181 0.000 0.000 0.000 0.000 -0.218 -0.419 -0.672 -0.898 -0.999 -0.927 -0.717 -0.462 -0.248 -0.111 0.000 0.000 
0.000 0.000 0.000 0.000 0.000 0.000 -0.177 -0.358 -0.603 -0.846 -0.989 -0.963 -0.782 -0.529 -0.298 -0.140 0.000 0.000 0.000 -0.125 -0.273 -0.495 -0.750 -0.946 -0.995 -0.873 -0.638 -0.388 -0.197 0.000 0.000 
0.000 0.000 0.000 0.000 0.000 0.000 0.000 -0.225 -0.430 -0.683 -0.905 -1.000 -0.920 -0.706 -0.451 -0.241 -0.107 0.000 0.000 0.000 -0.163 -0.335 -0.575 -0.822 -0.980 -0.974 -0.807 -0.557 -0.321 -0.154 0.000 
0.000 0.000 0.000 0.000 0.000 0.000 0.000 -0.130 -0.281 -0.506 -0.760 -0.952 -0.994 -0.864 -0.626 -0.378 -0.191 0.000 0.000 0.000 0.000 -0.207 -0.404 -0.655 -0.886 -0.998 -0.937 -0.733 -0.478 -0.260 -0.118 
0.000 0.000 0.000 0.000 0.000 0.000 0.000 0.000 -0.168 -0.344 -0.586 -0.832 -0.984 -0.970 -0.797 -0.546 -0.312 -0.148 0.000 0.000 0.000 -0.118 -0.260 -0.479 -0.734 -0.937 -0.998 -0.885 -0.655 -0.404 -0.207 
0.000 0.000 0.000 0.000 0.000 0.000 0.000 0.000 0.000 -0.214 -0.414 -0.666 -0.893 -0.999 -0.931 -0.723 -0.468 -0.252 -0.113 0.000 0.000 0.000 -0.154 -0.321 -0.557 -0.807 -0.974 -0.980 -0.822 -0.574 -0.334 
0.000 0.000 0.000 0.000 0.000 0.000 0.000 0.000 0.000 -0.123 -0.268 -0.489 -0.744 -0.943 -0.996 -0.877 -0.644 -0.394 -0.201 0.000 0.000 0.000 0.000 -0.197 -0.389 -0.638 -0.873 -0.996 -0.946 -0.750 -0.495 
0.000 0.000 0.000 0.000 0.000 0.000 0.000 0.000 0.000 0.000 -0.159 -0.330 -0.569 -0.817 -0.978 -0.977 -0.812 -0.563 -0.325 -0.157 0.000 0.000 0.000 -0.111 -0.248 -0.462 -0.717 -0.927 -0.999 -0.897 -0.672 
0.000 0.000 0.000 0.000 0.000 0.000 0.000 0.000 0.000 0.000 0.000 -0.204 -0.398 -0.649 -0.881 -0.997 -0.940 -0.739 -0.484 -0.264 -0.120 0.000 0.000 0.000 -0.146 -0.307 -0.540 -0.792 -0.968 -0.985 -0.836 
0.000 0.000 0.000 0.000 0.000 0.000 0.000 0.000 0.000 0.000 0.000 -0.116 -0.256 -0.473 -0.728 -0.934 -0.998 -0.890 -0.661 -0.409 -0.211 0.000 0.000 0.000 0.000 -0.187 -0.373 -0.621 -0.860 -0.992 -0.955 
0.000 0.000 0.000 0.000 0.000 0.000 0.000 0.000 0.000 0.000 0.000 0.000 -0.151 -0.316 -0.551 -0.802 -0.972 -0.982 -0.827 -0.580 -0.339 -0.165 0.000 0.000 0.000 -0.105 -0.237 -0.446 -0.700 -0.917 -1.000 
0.000 0.000 0.000 0.000 0.000 0.000 0.000 0.000 0.000 0.000 0.000 0.000 0.000 -0.194 -0.383 -0.632 -0.868 -0.995 -0.949 -0.755 -0.501 -0.277 -0.128 0.000 0.000 0.000 -0.138 -0.294 -0.523 -0.777 -0.960 
0.000 0.000 0.000 0.000 0.000 0.000 0.000 0.000 0.000 0.000 0.000 0.000 0.000 -0.109 -0.244 -0.456 -0.711 -0.924 -1.000 -0.902 -0.678 -0.425 -0.222 0.000 0.000 0.000 0.000 -0.178 -0.359 -0.603 -0.846 
0.000 0.000 0.000 0.000 0.000 0.000 0.000 0.000 0.000 0.000 0.000 0.000 0.000 0.000 -0.143 -0.302 -0.534 -0.787 -0.965 -0.987 -0.841 -0.598 -0.354 -0.175 0.000 0.000 0.000 0.000 -0.225 -0.430 -0.684 
0.000 0.000 0.000 0.000 0.000 0.000 0.000 0.000 0.000 0.000 0.000 0.000 0.000 0.000 0.000 -0.184 -0.368 -0.615 -0.855 -0.991 -0.958 -0.771 -0.518 -0.290 -0.135 0.000 0.000 0.000 -0.130 -0.281 -0.506 
0.000 0.000 0.000 0.000 0.000 0.000 0.000 0.000 0.000 0.000 0.000 0.000 0.000 0.000 0.000 -0.102 -0.233 -0.440 -0.694 -0.913 -1.000 -0.913 -0.695 -0.441 -0.233 -0.103 0.000 0.000 0.000 -0.168 -0.344 
0.000 0.000 0.000 0.000 0.000 0.000 0.000 0.000 0.000 0.000 0.000 0.000 0.000 0.000 0.000 0.000 -0.135 -0.289 -0.517 -0.771 -0.958 -0.991 -0.855 -0.615 -0.368 -0.184 0.000 0.000 0.000 0.000 -0.215 
0.000 0.000 0.000 0.000 0.000 0.000 0.000 0.000 0.000 0.000 0.000 0.000 0.000 0.000 0.000 0.000 0.000 -0.174 -0.354 -0.597 -0.841 -0.987 -0.965 -0.787 -0.535 -0.303 -0.143 0.000 0.000 0.000 -0.123 
0.000 0.000 0.000 0.000 0.000 0.000 0.000 0.000 0.000 0.000 0.000 0.000 0.000 0.000 0.000 0.000 0.000 0.000 -0.222 -0.424 -0.677 -0.901 -1.000 -0.924 -0.712 -0.457 -0.244 -0.109 0.000 0.000 0.000 
0.000 0.000 0.000 0.000 0.000 0.000 0.000 0.000 0.000 0.000 0.000 0.000 0.000 0.000 0.000 0.000 0.000 0.000 -0.127 -0.277 -0.501 -0.755 -0.949 -0.995 -0.869 -0.632 -0.383 -0.194 0.000 0.000 0.000 
0.000 0.000 0.000 0.000 0.000 0.000 0.000 0.000 0.000 0.000 0.000 0.000 0.000 0.000 0.000 0.000 0.000 0.000 0.000 -0.165 -0.339 -0.580 -0.827 -0.982 -0.972 -0.802 -0.552 -0.316 -0.151 0.000 0.000 
