3.613673
5
# 0 1 31 50
0.000 0.000 0.000 0.000 0.000 0.000 0.156 0.237 0.342 0.468 0.606 0.745 0.866 0.955 0.997 0.987 0.926 0.822 0.692 0.552 0.417 0.299 0.203 0.130 0.000 0.000 0.000 0.000 0.000 0.000 0.000 0.000 0.000 0.000 0.000 0.000 0.000 0.000 0.000 0.000 0.000 0.000 0.000 0.000 0.000 0.000 0.000 0.000 0.000 0.000 
0.000 0.000 0.000 0.000 0.000 0.000 0.000 0.117 0.184 0.275 0.389 0.521 0.661 0.795 0.905 0.977 1.000 0.969 0.890 0.774 0.638 0.499 0.369 0.259 0.172 0.108 0.000 0.000 0.000 0.000 0.000 0.000 0.000 0.000 0.000 0.000 0.000 0.000 0.000 0.000 0.000 0.000 0.000 0.000 0.000 0.000 0.000 0.000 0.000 0.000 
0.000 0.000 0.000 0.000 0.000 0.000 0.000 0.000 0.000 0.140 0.216 0.316 0.438 0.575 0.714 0.841 0.939 0.992 0.994 0.944 0.849 0.723 0.584 0.447 0.324 0.222 0.145 0.000 0.000 0.000 0.000 0.000 0.000 0.000 0.000 0.000 0.000 0.000 0.000 0.000 0.000 0.000 0.000 0.000 0.000 0.000 0.000 0.000 0.000 0.000 
0.121 0.000 0.000 0.000 0.000 0.000 0.000 0.000 0.000 0.000 0.105 0.167 0.252 0.361 0.490 0.629 0.766 0.883 0.965 0.999 0.980 0.911 0.803 0.670 0.530 0.397 0.282 0.189 0.121 0.000 0.000 0.000 0.000 0.000 0.000 0.000 0.000 0.000 0.000 0.000 0.000 0.000 0.000 0.000 0.000 0.000 0.000 0.000 0.000 0.000 
0.243 0.160 0.000 0.000 0.000 0.000 0.000 0.000 0.000 0.000 0.000 0.000 0.126 0.197 0.292 0.409 0.543 0.683 0.814 0.920 0.985 0.998 0.959 0.873 0.753 0.616 0.477 0.350 0.243 0.160 0.000 0.000 0.000 0.000 0.000 0.000 0.000 0.000 0.000 0.000 0.000 0.000 0.000 0.000 0.000 0.000 0.000 0.000 0.000 0.000 
0.425 0.306 0.208 0.134 0.000 0.000 0.000 0.000 0.000 0.000 0.000 0.000 0.000 0.000 0.151 0.231 0.335 0.459 0.597 0.736 0.859 0.951 0.996 0.989 0.931 0.830 0.701 0.561 0.425 0.306 0.208 0.134 0.000 0.000 0.000 0.000 0.000 0.000 0.000 0.000 0.000 0.000 0.000 0.000 0.000 0.000 0.000 0.000 0.000 0.000 
0.647 0.507 0.377 0.265 0.177 0.112 0.000 0.000 0.000 0.000 0.000 0.000 0.000 0.000 0.000 0.113 0.179 0.268 0.381 0.512 0.652 0.787 0.899 0.974 1.000 0.973 0.896 0.782 0.647 0.507 0.377 0.265 0.177 0.112 0.000 0.000 0.000 0.000 0.000 0.000 0.000 0.000 0.000 0.000 0.000 0.000 0.000 0.000 0.000 0.000 
0.856 0.732 0.593 0.455 0.331 0.228 0.149 0.000 0.000 0.000 0.000 0.000 0.000 0.000 0.000 0.000 0.000 0.136 0.211 0.309 0.430 0.566 0.705 0.834 0.934 0.990 0.996 0.948 0.856 0.732 0.593 0.455 0.331 0.228 0.149 0.000 0.000 0.000 0.000 0.000 0.000 0.000 0.000 0.000 0.000 0.000 0.000 0.000 0.000 0.000 
0.983 0.917 0.811 0.679 0.539 0.405 0.288 0.195 0.124 0.000 0.000 0.000 0.000 0.000 0.000 0.000 0.000 0.000 0.102 0.162 0.246 0.353 0.481 0.620 0.757 0.877 0.961 0.999 0.983 0.917 0.811 0.679 0.539 0.405 0.288 0.195 0.124 0.000 0.000 0.000 0.000 0.000 0.000 0.000 0.000 0.000 0.000 0.000 0.000 0.000 
0.982 0.999 0.963 0.880 0.762 0.625 0.485 0.357 0.249 0.165 0.103 0.000 0.000 0.000 0.000 0.000 0.000 0.000 0.000 0.000 0.123 0.192 0.285 0.401 0.534 0.674 0.807 0.914 0.982 0.999 0.963 0.880 0.762 0.625 0.485 0.357 0.249 0.165 0.103 0.000 0.000 0.000 0.000 0.000 0.000 0.000 0.000 0.000 0.000 0.000 
0.852 0.946 0.995 0.991 0.936 0.837 0.710 0.570 0.434 0.313 0.214 0.138 0.000 0.000 0.000 0.000 0.000 0.000 0.000 0.000 0.000 0.000 0.147 0.225 0.327 0.451 0.588 0.727 0.852 0.946 0.995 0.991 0.936 0.837 0.710 0.570 0.434 0.313 0.214 0.138 0.000 0.000 0.000 0.000 0.000 0.000 0.000 0.000 0.000 0.000 
0.643 0.778 0.893 0.971 1.000 0.976 0.902 0.791 0.656 0.516 0.385 0.272 0.182 0.115 0.000 0.000 0.000 0.000 0.000 0.000 0.000 0.000 0.000 0.110 0.174 0.262 0.373 0.503 0.643 0.778 0.893 0.971 1.000 0.976 0.902 0.791 0.656 0.516 0.385 0.272 0.182 0.115 0.000 0.000 0.000 0.000 0.000 0.000 0.000 0.000 
0.421 0.557 0.697 0.826 0.928 0.988 0.997 0.953 0.863 0.740 0.602 0.464 0.338 0.234 0.153 0.000 0.000 0.000 0.000 0.000 0.000 0.000 0.000 0.000 0.000 0.132 0.205 0.302 0.421 0.557 0.697 0.826 0.928 0.988 0.997 0.953 0.863 0.740 0.602 0.464 0.338 0.234 0.153 0.000 0.000 0.000 0.000 0.000 0.000 0.000 
0.240 0.346 0.472 0.611 0.749 0.870 0.957 0.998 0.986 0.923 0.818 0.688 0.548 0.413 0.295 0.200 0.128 0.000 0.000 0.000 0.000 0.000 0.000 0.000 0.000 0.000 0.000 0.158 0.240 0.346 0.472 0.611 0.749 0.870 0.957 0.998 0.986 0.923 0.818 0.688 0.548 0.413 0.295 0.200 0.128 0.000 0.000 0.000 0.000 0.000 
0.119 0.187 0.278 0.393 0.525 0.665 0.799 0.908 0.979 1.000 0.967 0.887 0.770 0.634 0.494 0.365 0.255 0.169 0.106 0.000 0.000 0.000 0.000 0.000 0.000 0.000 0.000 0.000 0.119 0.187 0.278 0.393 0.525 0.665 0.799 0.908 0.979 1.000 0.967 0.887 0.770 0.634 0.494 0.365 0.256 0.169 0.106 0.000 0.000 0.000 
0.000 0.000 0.142 0.219 0.320 0.442 0.579 0.719 0.845 0.941 0.993 0.993 0.941 0.845 0.719 0.579 0.442 0.320 0.219 0.142 0.000 0.000 0.000 0.000 0.000 0.000 0.000 0.000 0.000 0.000 0.142 0.219 0.320 0.442 0.579 0.719 0.845 0.941 0.993 0.993 0.941 0.845 0.719 0.579 0.442 0.320 0.219 0.142 0.000 0.000 
0.000 0.000 0.000 0.106 0.169 0.256 0.365 0.494 0.634 0.770 0.887 0.967 1.000 0.979 0.908 0.799 0.665 0.525 0.393 0.278 0.187 0.119 0.000 0.000 0.000 0.000 0.000 0.000 0.000 0.000 0.000 0.106 0.169 0.255 0.365 0.494 0.634 0.770 0.887 0.967 1.000 0.979 0.908 0.799 0.665 0.525 0.393 0.278 0.187 0.119 
0.000 0.000 0.000 0.000 0.000 0.128 0.200 0.295 0.413 0.548 0.688 0.818 0.923 0.986 0.998 0.957 0.870 0.749 0.611 0.472 0.346 0.240 0.158 0.000 0.000 0.000 0.000 0.000 0.000 0.000 0.000 0.000 0.000 0.128 0.200 0.295 0.413 0.548 0.688 0.818 0.923 0.986 0.998 0.957 0.870 0.749 0.611 0.472 0.346 0.240 
0.000 0.000 0.000 0.000 0.000 0.000 0.000 0.153 0.234 0.338 0.464 0.602 0.740 0.863 0.953 0.997 0.988 0.928 0.826 0.697 0.557 0.421 0.302 0.205 0.132 0.000 0.000 0.000 0.000 0.000 0.000 0.000 0.000 0.000 0.000 0.153 0.234 0.338 0.464 0.602 0.740 0.863 0.953 0.997 0.988 0.928 0.826 0.697 0.557 0.421 
0.000 0.000 0.000 0.000 0.000 0.000 0.000 0.000 0.115 0.182 0.272 0.385 0.516 0.656 0.791 0.902 0.976 1.000 0.971 0.893 0.778 0.643 0.503 0.373 0.262 0.174 0.110 0.000 0.000 0.000 0.000 0.000 0.000 0.000 0.000 0.000 0.115 0.182 0.272 0.385 0.516 0.656 0.791 0.902 0.976 1.000 0.971 0.893 0.778 0.643 
0.000 0.000 0.000 0.000 0.000 0.000 0.000 0.000 0.000 0.000 0.138 0.214 0.313 0.434 0.570 0.710 0.837 0.936 0.991 0.995 0.946 0.852 0.727 0.588 0.451 0.327 0.225 0.147 0.000 0.000 0.000 0.000 0.000 0.000 0.000 0.000 0.000 0.000 0.138 0.214 0.313 0.434 0.570 0.710 0.837 0.936 0.991 0.995 0.946 0.852 
0.000 0.000 0.000 0.000 0.000 0.000 0.000 0.000 0.000 0.000 0.000 0.103 0.165 0.249 0.357 0.485 0.625 0.762 0.880 0.963 0.999 0.982 0.914 0.807 0.674 0.534 0.401 0.285 0.192 0.123 0.000 0.000 0.000 0.000 0.000 0.000 0.000 0.000 0.000 0.103 0.165 0.249 0.357 0.485 0.625 0.762 0.880 0.963 0.999 0.982 
0.000 0.000 0.000 0.000 0.000 0.000 0.000 0.000 0.000 0.000 0.000 0.000 0.000 0.124 0.195 0.288 0.405 0.539 0.679 0.811 0.917 0.983 0.999 0.961 0.877 0.757 0.620 0.481 0.353 0.246 0.162 0.102 0.000 0.000 0.000 0.000 0.000 0.000 0.000 0.000 0.000 0.124 0.195 0.288 0.405 0.539 0.679 0.811 0.917 0.983 
0.000 0.000 0.000 0.000 0.000 0.000 0.000 0.000 0.000 0.000 0.000 0.000 0.000 0.000 0.000 0.149 0.228 0.331 0.455 0.593 0.732 0.856 0.948 0.996 0.990 0.934 0.834 0.705 0.566 0.430 0.309 0.211 0.136 0.000 0.000 0.000 0.000 0.000 0.000 0.000 0.000 0.000 0.000 0.149 0.228 0.331 0.455 0.593 0.732 0.856 
0.000 0.000 0.000 0.000 0.000 0.000 0.000 0.000 0.000 0.000 0.000 0.000 0.000 0.000 0.000 0.000 0.112 0.177 0.265 0.377 0.507 0.647 0.782 0.896 0.973 1.000 0.974 0.899 0.787 0.652 0.512 0.381 0.268 0.179 0.113 0.000 0.000 0.000 0.000 0.000 0.000 0.000 0.000 0.000 0.112 0.177 0.265 0.377 0.507 0.647 
0.000 0.000 0.000 0.000 0.000 0.000 0.000 0.000 0.000 0.000 0.000 0.000 0.000 0.000 0.000 0.000 0.000 0.000 0.134 0.208 0.306 0.425 0.561 0.701 0.830 0.931 0.989 0.996 0.951 0.859 0.736 0.597 0.459 0.335 0.231 0.151 0.000 0.000 0.000 0.000 0.000 0.000 0.000 0.000 0.000 0.000 0.134 0.208 0.306 0.425 
0.000 0.000 0.000 0.000 0.000 0.000 0.000 0.000 0.000 0.000 0.000 0.000 0.000 0.000 0.000 0.000 0.000 0.000 0.000 0.000 0.160 0.243 0.350 0.477 0.616 0.753 0.873 0.959 0.998 0.985 0.920 0.814 0.683 0.543 0.409 0.292 0.197 0.126 0.000 0.000 0.000 0.000 0.000 0.000 0.000 0.000 0.000 0.000 0.160 0.243 
0.000 0.000 0.000 0.000 0.000 0.000 0.000 0.000 0.000 0.000 0.000 0.000 0.000 0.000 0.000 0.000 0.000 0.000 0.000 0.000 0.000 0.121 0.189 0.282 0.397 0.530 0.670 0.803 0.911 0.980 0.999 0.965 0.883 0.766 0.629 0.490 0.361 0.252 0.167 0.105 0.000 0.000 0.000 0.000 0.000 0.000 0.000 0.000 0.000 0.121 
0.000 0.000 0.000 0.000 0.000 0.000 0.000 0.000 0.000 0.000 0.000 0.000 0.000 0.000 0.000 0.000 0.000 0.000 0.000 0.000 0.000 0.000 0.000 0.145 0.222 0.324 0.447 0.584 0.723 0.849 0.944 0.994 0.992 0.939 0.841 0.714 0.575 0.438 0.316 0.216 0.140 0.000 0.000 0.000 0.000 0.000 0.000 0.000 0.000 0.000 
0.000 0.000 0.000 0.000 0.000 0.000 0.000 0.000 0.000 0.000 0.000 0.000 0.000 0.000 0.000 0.000 0.000 0.000 0.000 0.000 0.000 0.000 0.000 0.000 0.108 0.172 0.259 0.369 0.499 0.638 0.774 0.890 0.969 1.000 0.977 0.905 0.795 0.661 0.521 0.389 0.275 0.184 0.117 0.000 0.000 0.000 0.000 0.000 0.000 0.000 
0.000 0.000 0.000 0.000 0.000 0.000 0.000 0.000 0.000 0.000 0.000 0.000 0.000 0.000 0.000 0.000 0.000 0.000 0.000 0.000 0.000 0.000 0.000 0.000 0.000 0.000 0.130 0.203 0.299 0.417 0.552 0.692 0.822 0.926 0.987 0.997 0.955 0.866 0.745 0.606 0.468 0.342 0.237 0.156 0.000 0.000 0.000 0.000 0.000 0.000 
# 0 2 31 50
0.000 0.000 0.000 0.000 0.000 0.000 0.156 0.237 0.342 0.468 0.606 0.745 0.866 0.955 0.997 0.987 0.926 0.822 0.692 0.552 0.417 0.299 0.203 0.130 0.000 0.000 0.000 0.000 0.000 0.000 0.000 0.000 0.000 0.000 0.000 0.000 0.000 0.000 0.000 0.000 0.000 0.000 0.000 0.000 0.000 0.000 0.000 0.000 0.000 0.000 
0.000 0.000 0.000 0.000 0.000 0.000 0.000 0.117 0.184 0.275 0.389 0.521 0.661 0.795 0.905 0.977 1.000 0.969 0.890 0.774 0.638 0.499 0.369 0.259 0.172 0.108 0.000 0.000 0.000 0.000 0.000 0.000 0.000 0.000 0.000 0.000 0.000 0.000 0.000 0.000 0.000 0.000 0.000 0.000 0.000 0.000 0.000 0.000 0.000 0.000 
0.000 0.000 0.000 0.000 0.000 0.000 0.000 0.000 0.000 0.140 0.216 0.316 0.438 0.575 0.714 0.841 0.939 0.992 0.994 0.944 0.849 0.723 0.584 0.447 0.324 0.222 0.145 0.000 0.000 0.000 0.000 0.000 0.000 0.000 0.000 0.000 0.000 0.000 0.000 0.000 0.000 0.000 0.000 0.000 0.000 0.000 0.000 0.000 0.000 0.000 
0.121 0.000 0.000 0.000 0.000 0.000 0.000 0.000 0.000 0.000 0.105 0.167 0.252 0.361 0.490 0.629 0.766 0.883 0.965 0.999 0.980 0.911 0.803 0.670 0.530 0.397 0.282 0.189 0.121 0.000 0.000 0.000 0.000 0.000 0.000 0.000 0.000 0.000 0.000 0.000 0.000 0.000 0.000 0.000 0.000 0.000 0.000 0.000 0.000 0.000 
0.243 0.160 0.000 0.000 0.000 0.000 0.000 0.000 0.000 0.000 0.000 0.000 0.126 0.197 0.292 0.409 0.543 0.683 0.814 0.920 0.985 0.998 0.959 0.873 0.753 0.616 0.477 0.350 0.243 0.160 0.000 0.000 0.000 0.000 0.000 0.000 0.000 0.000 0.000 0.000 0.000 0.000 0.000 0.000 0.000 0.000 0.000 0.000 0.000 0.000 
0.425 0.306 0.208 0.134 0.000 0.000 0.000 0.000 0.000 0.000 0.000 0.000 0.000 0.000 0.151 0.231 0.335 0.459 0.597 0.736 0.859 0.951 0.996 0.989 0.931 0.830 0.701 0.561 0.425 0.306 0.208 0.134 0.000 0.000 0.000 0.000 0.000 0.000 0.000 0.000 0.000 0.000 0.000 0.000 0.000 0.000 0.000 0.000 0.000 0.000 
0.647 0.507 0.377 0.265 0.177 0.112 0.000 0.000 0.000 0.000 0.000 0.000 0.000 0.000 0.000 0.113 0.179 0.268 0.381 0.512 0.652 0.787 0.899 0.974 1.000 0.973 0.896 0.782 0.647 0.507 0.377 0.265 0.177 0.112 0.000 0.000 0.000 0.000 0.000 0.000 0.000 0.000 0.000 0.000 0.000 0.000 0.000 0.000 0.000 0.000 
0.856 0.732 0.593 0.455 0.331 0.228 0.149 0.000 0.000 0.000 0.000 0.000 0.000 0.000 0.000 0.000 0.000 0.136 0.211 0.309 0.430 0.566 0.705 0.834 0.934 0.990 0.996 0.948 0.856 0.732 0.593 0.455 0.331 0.228 0.149 0.000 0.000 0.000 0.000 0.000 0.000 0.000 0.000 0.000 0.000 0.000 0.000 0.000 0.000 0.000 
0.983 0.917 0.811 0.679 0.539 0.405 0.288 0.195 0.124 0.000 0.000 0.000 0.000 0.000 0.000 0.000 0.000 0.000 0.102 0.162 0.246 0.353 0.481 0.620 0.757 0.877 0.961 0.999 0.983 0.917 0.811 0.679 0.539 0.405 0.288 0.195 0.124 0.000 0.000 0.000 0.000 0.000 0.000 0.000 0.000 0.000 0.000 0.000 0.000 0.000 
0.982 0.999 0.963 0.880 0.762 0.625 0.485 0.357 0.249 0.165 0.103 0.000 0.000 0.000 0.000 0.000 0.000 0.000 0.000 0.000 0.123 0.192 0.285 0.401 0.534 0.674 0.807 0.914 0.982 0.999 0.963 0.880 0.762 0.625 0.485 0.357 0.249 0.165 0.103 0.000 0.000 0.000 0.000 0.000 0.000 0.000 0.000 0.000 0.000 0.000 
0.852 0.946 0.995 0.991 0.936 0.837 0.710 0.570 0.434 0.313 0.214 0.138 0.000 0.000 0.000 0.000 0.000 0.000 0.000 0.000 0.000 0.000 0.147 0.225 0.327 0.451 0.588 0.727 0.852 0.946 0.995 0.991 0.936 0.837 0.710 0.570 0.434 0.313 0.214 0.138 0.000 0.000 0.000 0.000 0.000 0.000 0.000 0.000 0.000 0.000 
0.643 0.778 0.893 0.971 1.000 0.976 0.902 0.791 0.656 0.516 0.385 0.272 0.182 0.115 0.000 0.000 0.000 0.000 0.000 0.000 0.000 0.000 0.000 0.110 0.174 0.262 0.373 0.503 0.643 0.778 0.893 0.971 1.000 0.976 0.902 0.791 0.656 0.516 0.385 0.272 0.182 0.115 0.000 0.000 0.000 0.000 0.000 0.000 0.000 0.000 
0.421 0.557 0.697 0.826 0.928 0.988 0.997 0.953 0.863 0.740 0.602 0.464 0.338 0.234 0.153 0.000 0.000 0.000 0.000 0.000 0.000 0.000 0.000 0.000 0.000 0.132 0.205 0.302 0.421 0.557 0.697 0.826 0.928 0.988 0.997 0.953 0.863 0.740 0.602 0.464 0.338 0.234 0.153 0.000 0.000 0.000 0.000 0.000 0.000 0.000 
0.240 0.346 0.472 0.611 0.749 0.870 0.957 0.998 0.986 0.923 0.818 0.688 0.548 0.413 0.295 0.200 0.128 0.000 0.000 0.000 0.000 0.000 0.000 0.000 0.000 0.000 0.000 0.158 0.240 0.346 0.472 0.611 0.749 0.870 0.957 0.998 0.986 0.923 0.818 0.688 0.548 0.413 0.295 0.200 0.128 0.000 0.000 0.000 0.000 0.000 
0.119 0.187 0.278 0.393 0.525 0.665 0.799 0.908 0.979 1.000 0.967 0.887 0.770 0.634 0.494 0.365 0.255 0.169 0.106 0.000 0.000 0.000 0.000 0.000 0.000 0.000 0.000 0.000 0.119 0.187 0.278 0.393 0.525 0.665 0.799 0.908 0.979 1.000 0.967 0.887 0.770 0.634 0.494 0.365 0.256 0.169 0.106 0.000 0.000 0.000 
0.000 0.000 0.142 0.219 0.320 0.442 0.579 0.719 0.845 0.941 0.993 0.993 0.941 0.845 0.719 0.579 0.442 0.320 0.219 0.142 0.000 0.000 0.000 0.000 0.000 0.000 0.000 0.000 0.000 0.000 0.142 0.219 0.320 0.442 0.579 0.719 0.845 0.941 0.993 0.993 0.941 0.845 0.719 0.579 0.442 0.320 0.219 0.142 0.000 0.000 
0.000 0.000 0.000 0.106 0.169 0.256 0.365 0.494 0.634 0.770 0.887 0.967 1.000 0.979 0.908 0.799 0.665 0.525 0.393 0.278 0.187 0.119 0.000 0.000 0.000 0.000 0.000 0.000 0.000 0.000 0.000 0.106 0.169 0.255 0.365 0.494 0.634 0.770 0.887 0.967 1.000 0.979 0.908 0.799 0.665 0.525 0.393 0.278 0.187 0.119 
0.000 0.000 0.000 0.000 0.000 0.128 0.200 0.295 0.413 0.548 0.688 0.818 0.923 0.986 0.998 0.957 0.870 0.749 0.611 0.472 0.346 0.240 0.158 0.000 0.000 0.000 0.000 0.000 0.000 0.000 0.000 0.000 0.000 0.128 0.200 0.295 0.413 0.548 0.688 0.818 0.923 0.986 0.998 0.957 0.870 0.749 0.611 0.472 0.346 0.240 
0.000 0.000 0.000 0.000 0.000 0.000 0.000 0.153 0.234 0.338 0.464 0.602 0.740 0.863 0.953 0.997 0.988 0.928 0.826 0.697 0.557 0.421 0.302 0.205 0.132 0.000 0.000 0.000 0.000 0.000 0.000 0.000 0.000 0.000 0.000 0.153 0.234 0.338 0.464 0.602 0.740 0.863 0.953 0.997 0.988 0.928 0.826 0.697 0.557 0.421 
0.000 0.000 0.000 0.000 0.000 0.000 0.000 0.000 0.115 0.182 0.272 0.385 0.516 0.656 0.791 0.902 0.976 1.000 0.971 0.893 0.778 0.643 0.503 0.373 0.262 0.174 0.110 0.000 0.000 0.000 0.000 0.000 0.000 0.000 0.000 0.000 0.115 0.182 0.272 0.385 0.516 0.656 0.791 0.902 0.976 1.000 0.971 0.893 0.778 0.643 
0.000 0.000 0.000 0.000 0.000 0.000 0.000 0.000 0.000 0.000 0.138 0.214 0.313 0.434 0.570 0.710 0.837 0.936 0.991 0.995 0.946 0.852 0.727 0.588 0.451 0.327 0.225 0.147 0.000 0.000 0.000 0.000 0.000 0.000 0.000 0.000 0.000 0.000 0.138 0.214 0.313 0.434 0.570 0.710 0.837 0.936 0.991 0.995 0.946 0.852 
0.000 0.000 0.000 0.000 0.000 0.000 0.000 0.000 0.000 0.000 0.000 0.103 0.165 0.249 0.357 0.485 0.625 0.762 0.880 0.963 0.999 0.982 0.914 0.807 0.674 0.534 0.401 0.285 0.192 0.123 0.000 0.000 0.000 0.000 0.000 0.000 0.000 0.000 0.000 0.103 0.165 0.249 0.357 0.485 0.625 0.762 0.880 0.963 0.999 0.982 
0.000 0.000 0.000 0.000 0.000 0.000 0.000 0.000 0.000 0.000 0.000 0.000 0.000 0.124 0.195 0.288 0.405 0.539 0.679 0.811 0.917 0.983 0.999 0.961 0.877 0.757 0.620 0.481 0.353 0.246 0.162 0.102 0.000 0.000 0.000 0.000 0.000 0.000 0.000 0.000 0.000 0.124 0.195 0.288 0.405 0.539 0.679 0.811 0.917 0.983 
0.000 0.000 0.000 0.000 0.000 0.000 0.000 0.000 0.000 0.000 0.000 0.000 0.000 0.000 0.000 0.149 0.228 0.331 0.455 0.593 0.732 0.856 0.948 0.996 0.990 0.934 0.834 0.705 0.566 0.430 0.309 0.211 0.136 0.000 0.000 0.000 0.000 0.000 0.000 0.000 0.000 0.000 0.000 0.149 0.228 0.331 0.455 0.593 0.732 0.856 
0.000 0.000 0.000 0.000 0.000 0.000 0.000 0.000 0.000 0.000 0.000 0.000 0.000 0.000 0.000 0.000 0.112 0.177 0.265 0.377 0.507 0.647 0.782 0.896 0.973 1.000 0.974 0.899 0.787 0.652 0.512 0.381 0.268 0.179 0.113 0.000 0.000 0.000 0.000 0.000 0.000 0.000 0.000 0.000 0.112 0.177 0.265 0.377 0.507 0.647 
0.000 0.000 0.000 0.000 0.000 0.000 0.000 0.000 0.000 0.000 0.000 0.000 0.000 0.000 0.000 0.000 0.000 0.000 0.134 0.208 0.306 0.425 0.561 0.701 0.830 0.931 0.989 0.996 0.951 0.859 0.736 0.597 0.459 0.335 0.231 0.151 0.000 0.000 0.000 0.000 0.000 0.000 0.000 0.000 0.000 0.000 0.134 0.208 0.306 0.425 
0.000 0.000 0.000 0.000 0.000 0.000 0.000 0.000 0.000 0.000 0.000 0.000 0.000 0.000 0.000 0.000 0.000 0.000 0.000 0.000 0.160 0.243 0.350 0.477 0.616 0.753 0.873 0.959 0.998 0.985 0.920 0.814 0.683 0.543 0.409 0.292 0.197 0.126 0.000 0.000 0.000 0.000 0.000 0.000 0.000 0.000 0.000 0.000 0.160 0.243 
0.000 0.000 0.000 0.000 0.000 0.000 0.000 0.000 0.000 0.000 0.000 0.000 0.000 0.000 0.000 0.000 0.000 0.000 0.000 0.000 0.000 0.121 0.189 0.282 0.397 0.530 0.670 0.803 0.911 0.980 0.999 0.965 0.883 0.766 0.629 0.490 0.361 0.252 0.167 0.105 0.000 0.000 0.000 0.000 0.000 0.000 0.000 0.000 0.000 0.121 
0.000 0.000 0.000 0.000 0.000 0.000 0.000 0.000 0.000 0.000 0.000 0.000 0.000 0.000 0.000 0.000 0.000 0.000 0.000 0.000 0.000 0.000 0.000 0.145 0.222 0.324 0.447 0.584 0.723 0.849 0.944 0.994 0.992 0.939 0.841 0.714 0.575 0.438 0.316 0.216 0.140 0.000 0.000 0.000 0.000 0.000 0.000 0.000 0.000 0.000 
0.000 0.000 0.000 0.000 0.000 0.000 0.000 0.000 0.000 0.000 0.000 0.000 0.000 0.000 0.000 0.000 0.000 0.000 0.000 0.000 0.000 0.000 0.000 0.000 0.108 0.172 0.259 0.369 0.499 0.638 0.774 0.890 0.969 1.000 0.977 0.905 0.795 0.661 0.521 0.389 0.275 0.184 0.117 0.000 0.000 0.000 0.000 0.000 0.000 0.000 
0.000 0.000 0.000 0.000 0.000 0.000 0.000 0.000 0.000 0.000 0.000 0.000 0.000 0.000 0.000 0.000 0.000 0.000 0.000 0.000 0.000 0.000 0.000 0.000 0.000 0.000 0.130 0.203 0.299 0.417 0.552 0.692 0.822 0.926 0.987 0.997 0.955 0.866 0.745 0.606 0.468 0.342 0.237 0.156 0.000 0.000 0.000 0.000 0.000 0.000 
# 0 3 9 50
0.000 0.000 0.000 0.000 0.000 0.000 0.000 0.000 0.158 0.240 0.345 0.472 0.610 0.748 0.869 0.957 0.998 0.986 0.923 0.819 0.688 0.548 0.414 0.296 0.200 0.129 0.000 0.000 0.000 0.000 0.000 0.000 0.000 0.000 0.000 0.000 0.000 0.000 0.000 0.000 0.000 0.000 0.000 0.000 0.000 0.000 0.000 0.000 0.000 0.000 
0.359 0.250 0.166 0.104 0.000 0.000 0.000 0.000 0.000 0.000 0.000 0.000 0.000 0.122 0.191 0.284 0.399 0.533 0.673 0.805 0.913 0.982 0.999 0.964 0.881 0.763 0.626 0.487 0.359 0.250 0.166 0.104 0.000 0.000 0.000 0.000 0.000 0.000 0.000 0.000 0.000 0.000 0.000 0.000 0.000 0.000 0.000 0.000 0.000 0.000 
0.990 0.932 0.832 0.704 0.564 0.428 0.308 0.210 0.135 0.000 0.000 0.000 0.000 0.000 0.000 0.000 0.000 0.000 0.000 0.150 0.229 0.333 0.457 0.595 0.734 0.857 0.949 0.996 0.990 0.932 0.832 0.704 0.564 0.428 0.308 0.210 0.135 0.000 0.000 0.000 0.000 0.000 0.000 0.000 0.000 0.000 0.000 0.000 0.000 0.000 
0.517 0.657 0.792 0.903 0.976 1.000 0.970 0.892 0.777 0.642 0.502 0.372 0.261 0.174 0.110 0.000 0.000 0.000 0.000 0.000 0.000 0.000 0.000 0.000 0.116 0.182 0.272 0.386 0.517 0.657 0.792 0.903 0.976 1.000 0.970 0.892 0.777 0.642 0.502 0.372 0.261 0.174 0.110 0.000 0.000 0.000 0.000 0.000 0.000 0.000 
0.000 0.000 0.142 0.219 0.320 0.442 0.579 0.719 0.845 0.941 0.993 0.993 0.941 0.845 0.719 0.579 0.442 0.320 0.219 0.142 0.000 0.000 0.000 0.000 0.000 0.000 0.000 0.000 0.000 0.000 0.142 0.219 0.320 0.442 0.579 0.719 0.845 0.941 0.993 0.993 0.941 0.845 0.719 0.579 0.442 0.320 0.219 0.142 0.000 0.000 
0.000 0.000 0.000 0.000 0.000 0.000 0.000 0.110 0.174 0.261 0.372 0.502 0.642 0.777 0.892 0.970 1.000 0.976 0.903 0.792 0.657 0.517 0.386 0.272 0.182 0.116 0.000 0.000 0.000 0.000 0.000 0.000 0.000 0.000 0.000 0.110 0.174 0.261 0.372 0.502 0.642 0.777 0.892 0.970 1.000 0.976 0.903 0.792 0.657 0.517 
0.000 0.000 0.000 0.000 0.000 0.000 0.000 0.000 0.000 0.000 0.000 0.000 0.000 0.135 0.210 0.308 0.428 0.564 0.704 0.832 0.932 0.990 0.996 0.949 0.857 0.734 0.595 0.457 0.333 0.229 0.150 0.000 0.000 0.000 0.000 0.000 0.000 0.000 0.000 0.000 0.000 0.135 0.210 0.308 0.428 0.564 0.704 0.832 0.932 0.990 
0.000 0.000 0.000 0.000 0.000 0.000 0.000 0.000 0.000 0.000 0.000 0.000 0.000 0.000 0.000 0.000 0.000 0.000 0.104 0.166 0.250 0.359 0.487 0.626 0.763 0.881 0.964 0.999 0.982 0.913 0.805 0.673 0.533 0.399 0.284 0.191 0.122 0.000 0.000 0.000 0.000 0.000 0.000 0.000 0.000 0.000 0.104 0.166 0.250 0.359 
0.000 0.000 0.000 0.000 0.000 0.000 0.000 0.000 0.000 0.000 0.000 0.000 0.000 0.000 0.000 0.000 0.000 0.000 0.000 0.000 0.000 0.000 0.000 0.000 0.129 0.200 0.296 0.414 0.548 0.688 0.819 0.923 0.986 0.998 0.957 0.869 0.748 0.610 0.472 0.345 0.240 0.158 0.000 0.000 0.000 0.000 0.000 0.000 0.000 0.000 
# 0 4 12 50
0.000 0.000 0.000 0.000 0.000 0.000 0.000 0.137 0.212 0.311 0.431 0.568 0.707 0.835 0.935 0.991 0.996 0.948 0.854 0.730 0.591 0.453 0.329 0.227 0.148 0.000 0.000 0.000 0.000 0.000 0.000 0.000 0.000 0.000 0.000 0.000 0.000 0.000 0.000 0.000 0.000 0.000 0.000 0.000 0.000 0.000 0.000 0.000 0.000 0.000 
0.160 0.000 0.000 0.000 0.000 0.000 0.000 0.000 0.000 0.000 0.000 0.127 0.198 0.293 0.410 0.544 0.684 0.816 0.921 0.985 0.999 0.959 0.873 0.752 0.615 0.476 0.349 0.242 0.160 0.000 0.000 0.000 0.000 0.000 0.000 0.000 0.000 0.000 0.000 0.000 0.000 0.000 0.000 0.000 0.000 0.000 0.000 0.000 0.000 0.000 
0.638 0.498 0.369 0.258 0.172 0.108 0.000 0.000 0.000 0.000 0.000 0.000 0.000 0.000 0.000 0.117 0.184 0.275 0.389 0.521 0.661 0.795 0.906 0.978 1.000 0.969 0.890 0.774 0.638 0.498 0.369 0.258 0.172 0.108 0.000 0.000 0.000 0.000 0.000 0.000 0.000 0.000 0.000 0.000 0.000 0.000 0.000 0.000 0.000 0.000 
1.000 0.978 0.906 0.795 0.661 0.521 0.389 0.275 0.184 0.117 0.000 0.000 0.000 0.000 0.000 0.000 0.000 0.000 0.000 0.108 0.172 0.258 0.369 0.498 0.638 0.774 0.890 0.969 1.000 0.978 0.906 0.795 0.661 0.521 0.389 0.275 0.185 0.117 0.000 0.000 0.000 0.000 0.000 0.000 0.000 0.000 0.000 0.000 0.000 0.000 
0.615 0.752 0.873 0.959 0.999 0.985 0.921 0.816 0.684 0.544 0.410 0.293 0.198 0.127 0.000 0.000 0.000 0.000 0.000 0.000 0.000 0.000 0.000 0.000 0.160 0.242 0.349 0.476 0.614 0.752 0.873 0.959 0.998 0.985 0.921 0.816 0.685 0.544 0.410 0.293 0.198 0.127 0.000 0.000 0.000 0.000 0.000 0.000 0.000 0.000 
0.148 0.227 0.329 0.453 0.591 0.730 0.854 0.948 0.996 0.991 0.935 0.835 0.707 0.568 0.431 0.311 0.212 0.137 0.000 0.000 0.000 0.000 0.000 0.000 0.000 0.000 0.000 0.000 0.148 0.227 0.329 0.453 0.591 0.730 0.854 0.947 0.996 0.991 0.935 0.835 0.707 0.568 0.431 0.311 0.212 0.137 0.000 0.000 0.000 0.000 
0.000 0.000 0.000 0.000 0.137 0.212 0.311 0.431 0.568 0.707 0.835 0.935 0.991 0.996 0.947 0.854 0.730 0.591 0.453 0.329 0.227 0.148 0.000 0.000 0.000 0.000 0.000 0.000 0.000 0.000 0.000 0.000 0.137 0.212 0.311 0.431 0.568 0.707 0.835 0.935 0.991 0.996 0.948 0.854 0.730 0.591 0.453 0.329 0.227 0.148 
0.000 0.000 0.000 0.000 0.000 0.000 0.000 0.000 0.127 0.198 0.293 0.410 0.544 0.685 0.816 0.921 0.985 0.998 0.959 0.873 0.752 0.614 0.476 0.349 0.242 0.160 0.000 0.000 0.000 0.000 0.000 0.000 0.000 0.000 0.000 0.000 0.127 0.198 0.293 0.410 0.544 0.684 0.816 0.921 0.985 0.999 0.959 0.873 0.752 0.615 
0.000 0.000 0.000 0.000 0.000 0.000 0.000 0.000 0.000 0.000 0.000 0.000 0.117 0.185 0.275 0.389 0.521 0.661 0.795 0.906 0.978 1.000 0.969 0.890 0.774 0.638 0.498 0.369 0.258 0.172 0.108 0.000 0.000 0.000 0.000 0.000 0.000 0.000 0.000 0.000 0.117 0.184 0.275 0.389 0.521 0.661 0.795 0.906 0.978 1.000 
0.000 0.000 0.000 0.000 0.000 0.000 0.000 0.000 0.000 0.000 0.000 0.000 0.000 0.000 0.000 0.000 0.108 0.172 0.258 0.369 0.498 0.638 0.774 0.890 0.969 1.000 0.978 0.906 0.795 0.661 0.521 0.389 0.275 0.184 0.117 0.000 0.000 0.000 0.000 0.000 0.000 0.000 0.000 0.000 0.108 0.172 0.258 0.369 0.498 0.638 
0.000 0.000 0.000 0.000 0.000 0.000 0.000 0.000 0.000 0.000 0.000 0.000 0.000 0.000 0.000 0.000 0.000 0.000 0.000 0.000 0.000 0.160 0.242 0.349 0.476 0.615 0.752 0.873 0.959 0.999 0.985 0.921 0.816 0.684 0.544 0.410 0.293 0.198 0.127 0.000 0.000 0.000 0.000 0.000 0.000 0.000 0.000 0.000 0.000 0.160 
0.000 0.000 0.000 0.000 0.000 0.000 0.000 0.000 0.000 0.000 0.000 0.000 0.000 0.000 0.000 0.000 0.000 0.000 0.000 0.000 0.000 0.000 0.000 0.000 0.000 0.148 0.227 0.329 0.453 0.591 0.730 0.854 0.948 0.996 0.991 0.935 0.835 0.707 0.568 0.431 0.311 0.212 0.137 0.000 0.000 0.000 0.000 0.000 0.000 0.000 
# 1 0 50 31
-0.489 -0.755 -0.955 -0.990 -0.840 -0.584 -0.332 -0.155 0.000 0.000 0.000 0.000 0.000 0.000 0.000 0.000 0.000 0.000 0.000 0.000 0.000 0.000 0.000 0.000 0.000 0.000 0.000 0.000 0.000 0.000 0.000 
-0.553 -0.590 -0.845 -0.991 -0.952 -0.749 -0.482 -0.255 -0.110 0.000 0.000 0.000 0.000 0.000 0.000 0.000 0.000 0.000 0.000 0.000 0.000 0.000 0.000 0.000 0.000 0.000 0.000 0.000 0.000 0.000 0.000 
-0.719 -0.453 -0.693 -0.919 -0.999 -0.890 -0.649 -0.387 -0.190 0.000 0.000 0.000 0.000 0.000 0.000 0.000 0.000 0.000 0.000 0.000 0.000 0.000 0.000 0.000 0.000 0.000 0.000 0.000 0.000 0.000 0.000 
-0.867 -0.617 -0.526 -0.790 -0.972 -0.979 -0.808 -0.546 -0.302 -0.137 0.000 0.000 0.000 0.000 0.000 0.000 0.000 0.000 0.000 0.000 0.000 0.000 0.000 0.000 0.000 0.000 0.000 0.000 0.000 0.000 0.000 
-0.967 -0.780 -0.515 -0.628 -0.875 -0.998 -0.932 -0.713 -0.447 -0.229 0.000 0.000 0.000 0.000 0.000 0.000 0.000 0.000 0.000 0.000 0.000 0.000 0.000 0.000 0.000 0.000 0.000 0.000 0.000 0.000 0.000 
-1.000 -0.913 -0.682 -0.463 -0.729 -0.941 -0.995 -0.861 -0.611 -0.355 -0.169 0.000 0.000 0.000 0.000 0.000 0.000 0.000 0.000 0.000 0.000 0.000 0.000 0.000 0.000 0.000 0.000 0.000 0.000 0.000 0.000 
-0.957 -0.989 -0.836 -0.580 -0.563 -0.823 -0.984 -0.964 -0.774 -0.509 -0.274 -0.121 0.000 0.000 0.000 0.000 0.000 0.000 0.000 0.000 0.000 0.000 0.000 0.000 0.000 0.000 0.000 0.000 0.000 0.000 0.000 
-0.849 -0.992 -0.950 -0.745 -0.478 -0.666 -0.902 -1.000 -0.908 -0.676 -0.412 -0.205 0.000 0.000 0.000 0.000 0.000 0.000 0.000 0.000 0.000 0.000 0.000 0.000 0.000 0.000 0.000 0.000 0.000 0.000 0.000 
-0.697 -0.922 -0.999 -0.887 -0.645 -0.499 -0.765 -0.960 -0.987 -0.831 -0.573 -0.324 -0.150 0.000 0.000 0.000 0.000 0.000 0.000 0.000 0.000 0.000 0.000 0.000 0.000 0.000 0.000 0.000 0.000 0.000 0.000 
-0.530 -0.794 -0.973 -0.977 -0.804 -0.542 -0.601 -0.854 -0.993 -0.946 -0.739 -0.472 -0.247 -0.106 0.000 0.000 0.000 0.000 0.000 0.000 0.000 0.000 0.000 0.000 0.000 0.000 0.000 0.000 0.000 0.000 0.000 
-0.373 -0.633 -0.878 -0.998 -0.929 -0.709 -0.443 -0.703 -0.926 -0.999 -0.882 -0.638 -0.378 -0.183 0.000 0.000 0.000 0.000 0.000 0.000 0.000 0.000 0.000 0.000 0.000 0.000 0.000 0.000 0.000 0.000 0.000 
-0.243 -0.467 -0.733 -0.944 -0.994 -0.858 -0.607 -0.537 -0.799 -0.976 -0.975 -0.798 -0.535 -0.294 -0.132 0.000 0.000 0.000 0.000 0.000 0.000 0.000 0.000 0.000 0.000 0.000 0.000 0.000 0.000 0.000 0.000 
-0.147 -0.319 -0.568 -0.826 -0.986 -0.963 -0.770 -0.505 -0.639 -0.883 -0.999 -0.925 -0.702 -0.436 -0.222 0.000 0.000 0.000 0.000 0.000 0.000 0.000 0.000 0.000 0.000 0.000 0.000 0.000 0.000 0.000 0.000 
0.000 -0.202 -0.407 -0.670 -0.905 -1.000 -0.905 -0.671 -0.473 -0.740 -0.947 -0.993 -0.853 -0.600 -0.346 -0.163 0.000 0.000 0.000 0.000 0.000 0.000 0.000 0.000 0.000 0.000 0.000 0.000 0.000 0.000 0.000 
0.000 -0.119 -0.270 -0.503 -0.769 -0.962 -0.986 -0.827 -0.569 -0.574 -0.832 -0.987 -0.960 -0.764 -0.498 -0.266 -0.116 0.000 0.000 0.000 0.000 0.000 0.000 0.000 0.000 0.000 0.000 0.000 0.000 0.000 0.000 
0.000 0.000 -0.166 -0.350 -0.605 -0.857 -0.994 -0.944 -0.735 -0.468 -0.677 -0.909 -1.000 -0.901 -0.665 -0.402 -0.199 0.000 0.000 0.000 0.000 0.000 0.000 0.000 0.000 0.000 0.000 0.000 0.000 0.000 0.000 
0.000 0.000 0.000 -0.226 -0.441 -0.707 -0.928 -0.998 -0.879 -0.634 -0.510 -0.775 -0.965 -0.984 -0.822 -0.562 -0.315 -0.145 0.000 0.000 0.000 0.000 0.000 0.000 0.000 0.000 0.000 0.000 0.000 0.000 0.000 
0.000 0.000 0.000 -0.135 -0.298 -0.541 -0.803 -0.977 -0.974 -0.795 -0.531 -0.612 -0.862 -0.995 -0.941 -0.728 -0.462 -0.240 -0.102 0.000 0.000 0.000 0.000 0.000 0.000 0.000 0.000 0.000 0.000 0.000 0.000 
0.000 0.000 0.000 0.000 -0.186 -0.383 -0.643 -0.886 -0.999 -0.923 -0.698 -0.448 -0.714 -0.932 -0.997 -0.874 -0.627 -0.369 -0.177 0.000 0.000 0.000 0.000 0.000 0.000 0.000 0.000 0.000 0.000 0.000 0.000 
0.000 0.000 0.000 0.000 -0.108 -0.251 -0.477 -0.744 -0.949 -0.992 -0.850 -0.596 -0.547 -0.809 -0.979 -0.971 -0.789 -0.525 -0.286 -0.128 0.000 0.000 0.000 0.000 0.000 0.000 0.000 0.000 0.000 0.000 0.000 
0.000 0.000 0.000 0.000 0.000 -0.152 -0.328 -0.578 -0.835 -0.988 -0.958 -0.760 -0.494 -0.650 -0.891 -0.999 -0.919 -0.692 -0.426 -0.215 0.000 0.000 0.000 0.000 0.000 0.000 0.000 0.000 0.000 0.000 0.000 
0.000 0.000 0.000 0.000 0.000 0.000 -0.209 -0.417 -0.681 -0.912 -1.000 -0.898 -0.661 -0.484 -0.750 -0.953 -0.991 -0.844 -0.589 -0.337 -0.158 0.000 0.000 0.000 0.000 0.000 0.000 0.000 0.000 0.000 0.000 
0.000 0.000 0.000 0.000 0.000 0.000 -0.123 -0.278 -0.514 -0.779 -0.967 -0.983 -0.818 -0.558 -0.585 -0.841 -0.990 -0.955 -0.754 -0.488 -0.258 -0.112 0.000 0.000 0.000 0.000 0.000 0.000 0.000 0.000 0.000 
0.000 0.000 0.000 0.000 0.000 0.000 0.000 -0.172 -0.359 -0.616 -0.866 -0.996 -0.938 -0.724 -0.458 -0.687 -0.916 -1.000 -0.893 -0.654 -0.392 -0.193 0.000 0.000 0.000 0.000 0.000 0.000 0.000 0.000 0.000 
0.000 0.000 0.000 0.000 0.000 0.000 0.000 0.000 -0.233 -0.452 -0.718 -0.935 -0.997 -0.871 -0.623 -0.521 -0.785 -0.969 -0.981 -0.813 -0.551 -0.306 -0.140 0.000 0.000 0.000 0.000 0.000 0.000 0.000 0.000 
0.000 0.000 0.000 0.000 0.000 0.000 0.000 0.000 -0.140 -0.306 -0.551 -0.813 -0.981 -0.969 -0.785 -0.521 -0.623 -0.871 -0.997 -0.935 -0.718 -0.452 -0.233 0.000 0.000 0.000 0.000 0.000 0.000 0.000 0.000 
0.000 0.000 0.000 0.000 0.000 0.000 0.000 0.000 0.000 -0.193 -0.392 -0.654 -0.893 -1.000 -0.916 -0.687 -0.458 -0.724 -0.938 -0.996 -0.866 -0.616 -0.359 -0.172 0.000 0.000 0.000 0.000 0.000 0.000 0.000 
0.000 0.000 0.000 0.000 0.000 0.000 0.000 0.000 0.000 -0.112 -0.258 -0.488 -0.754 -0.955 -0.990 -0.841 -0.585 -0.558 -0.818 -0.983 -0.967 -0.779 -0.514 -0.278 -0.123 0.000 0.000 0.000 0.000 0.000 0.000 
0.000 0.000 0.000 0.000 0.000 0.000 0.000 0.000 0.000 0.000 -0.158 -0.337 -0.589 -0.844 -0.991 -0.953 -0.750 -0.484 -0.661 -0.898 -1.000 -0.912 -0.681 -0.417 -0.209 0.000 0.000 0.000 0.000 0.000 0.000 
0.000 0.000 0.000 0.000 0.000 0.000 0.000 0.000 0.000 0.000 0.000 -0.215 -0.426 -0.692 -0.919 -0.999 -0.891 -0.650 -0.494 -0.760 -0.958 -0.988 -0.835 -0.578 -0.328 -0.152 0.000 0.000 0.000 0.000 0.000 
0.000 0.000 0.000 0.000 0.000 0.000 0.000 0.000 0.000 0.000 0.000 -0.128 -0.286 -0.525 -0.789 -0.971 -0.979 -0.809 -0.547 -0.596 -0.850 -0.992 -0.949 -0.744 -0.477 -0.251 -0.108 0.000 0.000 0.000 0.000 
0.000 0.000 0.000 0.000 0.000 0.000 0.000 0.000 0.000 0.000 0.000 0.000 -0.177 -0.369 -0.627 -0.874 -0.997 -0.932 -0.714 -0.448 -0.698 -0.923 -0.999 -0.886 -0.643 -0.383 -0.186 0.000 0.000 0.000 0.000 
0.000 0.000 0.000 0.000 0.000 0.000 0.000 0.000 0.000 0.000 0.000 0.000 -0.102 -0.240 -0.462 -0.728 -0.941 -0.995 -0.862 -0.612 -0.531 -0.795 -0.974 -0.977 -0.803 -0.541 -0.298 -0.135 0.000 0.000 0.000 
0.000 0.000 0.000 0.000 0.000 0.000 0.000 0.000 0.000 0.000 0.000 0.000 0.000 -0.145 -0.315 -0.562 -0.822 -0.984 -0.965 -0.775 -0.510 -0.634 -0.879 -0.998 -0.928 -0.707 -0.441 -0.226 0.000 0.000 0.000 
0.000 0.000 0.000 0.000 0.000 0.000 0.000 0.000 0.000 0.000 0.000 0.000 0.000 0.000 -0.199 -0.402 -0.665 -0.901 -1.000 -0.909 -0.677 -0.468 -0.735 -0.944 -0.994 -0.857 -0.605 -0.350 -0.166 0.000 0.000 
0.000 0.000 0.000 0.000 0.000 0.000 0.000 0.000 0.000 0.000 0.000 0.000 0.000 0.000 -0.116 -0.266 -0.498 -0.764 -0.960 -0.987 -0.832 -0.574 -0.569 -0.827 -0.986 -0.962 -0.769 -0.503 -0.270 -0.119 0.000 
0.000 0.000 0.000 0.000 0.000 0.000 0.000 0.000 0.000 0.000 0.000 0.000 0.000 0.000 0.000 -0.163 -0.346 -0.600 -0.853 -0.993 -0.947 -0.740 -0.473 -0.671 -0.905 -1.000 -0.905 -0.670 -0.407 -0.202 0.000 
0.000 0.000 0.000 0.000 0.000 0.000 0.000 0.000 0.000 0.000 0.000 0.000 0.000 0.000 0.000 0.000 -0.222 -0.436 -0.702 -0.925 -0.999 -0.883 -0.639 -0.505 -0.770 -0.963 -0.986 -0.826 -0.568 -0.319 -0.147 
0.000 0.000 0.000 0.000 0.000 0.000 0.000 0.000 0.000 0.000 0.000 0.000 0.000 0.000 0.000 0.000 -0.132 -0.294 -0.535 -0.798 -0.975 -0.976 -0.799 -0.537 -0.607 -0.858 -0.994 -0.944 -0.733 -0.467 -0.243 
0.000 0.000 0.000 0.000 0.000 0.000 0.000 0.000 0.000 0.000 0.000 0.000 0.000 0.000 0.000 0.000 0.000 -0.183 -0.378 -0.638 -0.882 -0.999 -0.926 -0.703 -0.443 -0.709 -0.929 -0.998 -0.878 -0.633 -0.373 
0.000 0.000 0.000 0.000 0.000 0.000 0.000 0.000 0.000 0.000 0.000 0.000 0.000 0.000 0.000 0.000 0.000 -0.106 -0.247 -0.472 -0.739 -0.946 -0.993 -0.854 -0.601 -0.542 -0.804 -0.977 -0.973 -0.794 -0.530 
0.000 0.000 0.000 0.000 0.000 0.000 0.000 0.000 0.000 0.000 0.000 0.000 0.000 0.000 0.000 0.000 0.000 0.000 -0.150 -0.324 -0.573 -0.831 -0.987 -0.960 -0.765 -0.499 -0.645 -0.887 -0.999 -0.922 -0.697 
0.000 0.000 0.000 0.000 0.000 0.000 0.000 0.000 0.000 0.000 0.000 0.000 0.000 0.000 0.000 0.000 0.000 0.000 0.000 -0.205 -0.412 -0.676 -0.908 -1.000 -0.902 -0.666 -0.478 -0.745 -0.950 -0.992 -0.849 
0.000 0.000 0.000 0.000 0.000 0.000 0.000 0.000 0.000 0.000 0.000 0.000 0.000 0.000 0.000 0.000 0.000 0.000 0.000 -0.121 -0.274 -0.509 -0.774 -0.964 -0.984 -0.823 -0.563 -0.580 -0.836 -0.989 -0.957 
0.000 0.000 0.000 0.000 0.000 0.000 0.000 0.000 0.000 0.000 0.000 0.000 0.000 0.000 0.000 0.000 0.000 0.000 0.000 0.000 -0.169 -0.355 -0.611 -0.861 -0.995 -0.941 -0.729 -0.463 -0.682 -0.913 -1.000 
0.000 0.000 0.000 0.000 0.000 0.000 0.000 0.000 0.000 0.000 0.000 0.000 0.000 0.000 0.000 0.000 0.000 0.000 0.000 0.000 0.000 -0.229 -0.447 -0.713 -0.932 -0.998 -0.875 -0.628 -0.515 -0.780 -0.967 
0.000 0.000 0.000 0.000 0.000 0.000 0.000 0.000 0.000 0.000 0.000 0.000 0.000 0.000 0.000 0.000 0.000 0.000 0.000 0.000 0.000 -0.137 -0.302 -0.546 -0.808 -0.979 -0.972 -0.790 -0.526 -0.617 -0.867 
0.000 0.000 0.000 0.000 0.000 0.000 0.000 0.000 0.000 0.000 0.000 0.000 0.000 0.000 0.000 0.000 0.000 0.000 0.000 0.000 0.000 0.000 -0.190 -0.387 -0.649 -0.890 -0.999 -0.919 -0.693 -0.453 -0.719 
0.000 0.000 0.000 0.000 0.000 0.000 0.000 0.000 0.000 0.000 0.000 0.000 0.000 0.000 0.000 0.000 0.000 0.000 0.000 0.000 0.000 0.000 -0.110 -0.255 -0.482 -0.749 -0.952 -0.991 -0.845 -0.590 -0.553 
0.000 0.000 0.000 0.000 0.000 0.000 0.000 0.000 0.000 0.000 0.000 0.000 0.000 0.000 0.000 0.000 0.000 0.000 0.000 0.000 0.000 0.000 0.000 -0.155 -0.332 -0.584 -0.840 -0.990 -0.955 -0.755 -0.489 
# 1 2 31 31
-0.441 -0.707 -0.929 -1.000 -0.881 -0.636 -0.376 -0.182 0.000 0.000 0.000 0.000 0.000 0.000 0.000 0.000 0.000 0.000 0.000 0.000 0.000 0.000 0.000 0.000 0.000 0.000 0.000 0.000 0.000 0.000 0.000 
-0.707 -0.441 -0.707 -0.929 -1.000 -0.881 -0.636 -0.376 -0.182 0.000 0.000 0.000 0.000 0.000 0.000 0.000 0.000 0.000 0.000 0.000 0.000 0.000 0.000 0.000 0.000 0.000 0.000 0.000 0.000 0.000 0.000 
-0.929 -0.707 -0.441 -0.707 -0.929 -1.000 -0.881 -0.636 -0.376 -0.182 0.000 0.000 0.000 0.000 0.000 0.000 0.000 0.000 0.000 0.000 0.000 0.000 0.000 0.000 0.000 0.000 0.000 0.000 0.000 0.000 0.000 
-1.000 -0.929 -0.707 -0.441 -0.707 -0.929 -1.000 -0.881 -0.636 -0.376 -0.182 0.000 0.000 0.000 0.000 0.000 0.000 0.000 0.000 0.000 0.000 0.000 0.000 0.000 0.000 0.000 0.000 0.000 0.000 0.000 0.000 
-0.881 -1.000 -0.929 -0.707 -0.441 -0.707 -0.929 -1.000 -0.881 -0.636 -0.376 -0.182 0.000 0.000 0.000 0.000 0.000 0.000 0.000 0.000 0.000 0.000 0.000 0.000 0.000 0.000 0.000 0.000 0.000 0.000 0.000 
-0.636 -0.881 -1.000 -0.929 -0.707 -0.441 -0.707 -0.929 -1.000 -0.881 -0.636 -0.376 -0.182 0.000 0.000 0.000 0.000 0.000 0.000 0.000 0.000 0.000 0.000 0.000 0.000 0.000 0.000 0.000 0.000 0.000 0.000 
-0.376 -0.636 -0.881 -1.000 -0.929 -0.707 -0.441 -0.707 -0.929 -1.000 -0.881 -0.636 -0.376 -0.182 0.000 0.000 0.000 0.000 0.000 0.000 0.000 0.000 0.000 0.000 0.000 0.000 0.000 0.000 0.000 0.000 0.000 
-0.182 -0.376 -0.636 -0.881 -1.000 -0.929 -0.707 -0.441 -0.707 -0.929 -1.000 -0.881 -0.636 -0.376 -0.182 0.000 0.000 0.000 0.000 0.000 0.000 0.000 0.000 0.000 0.000 0.000 0.000 0.000 0.000 0.000 0.000 
0.000 -0.182 -0.376 -0.636 -0.881 -1.000 -0.929 -0.707 -0.441 -0.707 -0.929 -1.000 -0.881 -0.636 -0.376 -0.182 0.000 0.000 0.000 0.000 0.000 0.000 0.000 0.000 0.000 0.000 0.000 0.000 0.000 0.000 0.000 
0.000 0.000 -0.182 -0.376 -0.636 -0.881 -1.000 -0.929 -0.707 -0.441 -0.707 -0.929 -1.000 -0.881 -0.636 -0.376 -0.182 0.000 0.000 0.000 0.000 0.000 0.000 0.000 0.000 0.000 0.000 0.000 0.000 0.000 0.000 
0.000 0.000 0.000 -0.182 -0.376 -0.636 -0.881 -1.000 -0.929 -0.707 -0.441 -0.707 -0.929 -1.000 -0.881 -0.636 -0.376 -0.182 0.000 0.000 0.000 0.000 0.000 0.000 0.000 0.000 0.000 0.000 0.000 0.000 0.000 
0.000 0.000 0.000 0.000 -0.182 -0.376 -0.636 -0.881 -1.000 -0.929 -0.707 -0.441 -0.707 -0.929 -1.000 -0.881 -0.636 -0.376 -0.182 0.000 0.000 0.000 0.000 0.000 0.000 0.000 0.000 0.000 0.000 0.000 0.000 
0.000 0.000 0.000 0.000 0.000 -0.182 -0.376 -0.636 -0.881 -1.000 -0.929 -0.707 -0.441 -0.707 -0.929 -1.000 -0.881 -0.636 -0.376 -0.182 0.000 0.000 0.000 0.000 0.000 0.000 0.000 0.000 0.000 0.000 0.000 
0.000 0.000 0.000 0.000 0.000 0.000 -0.182 -0.376 -0.636 -0.881 -1.000 -0.929 -0.707 -0.441 -0.707 -0.929 -1.000 -0.881 -0.636 -0.376 -0.182 0.000 0.000 0.000 0.000 0.000 0.000 0.000 0.000 0.000 0.000 
0.000 0.000 0.000 0.000 0.000 0.000 0.000 -0.182 -0.376 -0.636 -0.881 -1.000 -0.929 -0.707 -0.441 -0.707 -0.929 -1.000 -0.881 -0.636 -0.376 -0.182 0.000 0.000 0.000 0.000 0.000 0.000 0.000 0.000 0.000 
0.000 0.000 0.000 0.000 0.000 0.000 0.000 0.000 -0.182 -0.376 -0.636 -0.881 -1.000 -0.929 -0.707 -0.441 -0.707 -0.929 -1.000 -0.881 -0.636 -0.376 -0.182 0.000 0.000 0.000 0.000 0.000 0.000 0.000 0.000 
0.000 0.000 0.000 0.000 0.000 0.000 0.000 0.000 0.000 -0.182 -0.376 -0.636 -0.881 -1.000 -0.929 -0.707 -0.441 -0.707 -0.929 -1.000 -0.881 -0.636 -0.376 -0.182 0.000 0.000 0.000 0.000 0.000 0.000 0.000 
0.000 0.000 0.000 0.000 0.000 0.000 0.000 0.000 0.000 0.000 -0.182 -0.376 -0.636 -0.881 -1.000 -0.929 -0.707 -0.441 -0.707 -0.929 -1.000 -0.881 -0.636 -0.376 -0.182 0.000 0.000 0.000 0.000 0.000 0.000 
0.000 0.000 0.000 0.000 0.000 0.000 0.000 0.000 0.000 0.000 0.000 -0.182 -0.376 -0.636 -0.881 -1.000 -0.929 -0.707 -0.441 -0.707 -0.929 -1.000 -0.881 -0.636 -0.376 -0.182 0.000 0.000 0.000 0.000 0.000 
0.000 0.000 0.000 0.000 0.000 0.000 0.000 0.000 0.000 0.000 0.000 0.000 -0.182 -0.376 -0.636 -0.881 -1.000 -0.929 -0.707 -0.441 -0.707 -0.929 -1.000 -0.881 -0.636 -0.376 -0.182 0.000 0.000 0.000 0.000 
0.000 0.000 0.000 0.000 0.000 0.000 0.000 0.000 0.000 0.000 0.000 0.000 0.000 -0.182 -0.376 -0.636 -0.881 -1.000 -0.929 -0.707 -0.441 -0.707 -0.929 -1.000 -0.881 -0.636 -0.376 -0.182 0.000 0.000 0.000 
0.000 0.000 0.000 0.000 0.000 0.000 0.000 0.000 0.000 0.000 0.000 0.000 0.000 0.000 -0.182 -0.376 -0.636 -0.881 -1.000 -0.929 -0.707 -0.441 -0.707 -0.929 -1.000 -0.881 -0.636 -0.376 -0.182 0.000 0.000 
0.000 0.000 0.000 0.000 0.000 0.000 0.000 0.000 0.000 0.000 0.000 0.000 0.000 0.000 0.000 -0.182 -0.376 -0.636 -0.881 -1.000 -0.929 -0.707 -0.441 -0.707 -0.929 -1.000 -0.881 -0.636 -0.376 -0.182 0.000 
0.000 0.000 0.000 0.000 0.000 0.000 0.000 0.000 0.000 0.000 0.000 0.000 0.000 0.000 0.000 0.000 -0.182 -0.376 -0.636 -0.881 -1.000 -0.929 -0.707 -0.441 -0.707 -0.929 -1.000 -0.881 -0.636 -0.376 -0.182 
0.000 0.000 0.000 0.000 0.000 0.000 0.000 0.000 0.000 0.000 0.000 0.000 0.000 0.000 0.000 0.000 0.000 -0.182 -0.376 -0.636 -0.881 -1.000 -0.929 -0.707 -0.441 -0.707 -0.929 -1.000 -0.881 -0.636 -0.376 
0.000 0.000 0.000 0.000 0.000 0.000 0.000 0.000 0.000 0.000 0.000 0.000 0.000 0.000 0.000 0.000 0.000 0.000 -0.182 -0.376 -0.636 -0.881 -1.000 -0.929 -0.707 -0.441 -0.707 -0.929 -1.000 -0.881 -0.636 
0.000 0.000 0.000 0.000 0.000 0.000 0.000 0.000 0.000 0.000 0.000 0.000 0.000 0.000 0.000 0.000 0.000 0.000 0.000 -0.182 -0.376 -0.636 -0.881 -1.000 -0.929 -0.707 -0.441 -0.707 -0.929 -1.000 -0.881 
0.000 0.000 0.000 0.000 0.000 0.000 0.000 0.000 0.000 0.000 0.000 0.000 0.000 0.000 0.000 0.000 0.000 0.000 0.000 0.000 -0.182 -0.376 -0.636 -0.881 -1.000 -0.929 -0.707 -0.441 -0.707 -0.929 -1.000 
0.000 0.000 0.000 0.000 0.000 0.000 0.000 0.000 0.000 0.000 0.000 0.000 0.000 0.000 0.000 0.000 0.000 0.000 0.000 0.000 0.000 -0.182 -0.376 -0.636 -0.881 -1.000 -0.929 -0.707 -0.441 -0.707 -0.929 
0.000 0.000 0.000 0.000 0.000 0.000 0.000 0.000 0.000 0.000 0.000 0.000 0.000 0.000 0.000 0.000 0.000 0.000 0.000 0.000 0.000 0.000 -0.182 -0.376 -0.636 -0.881 -1.000 -0.929 -0.707 -0.441 -0.707 
0.000 0.000 0.000 0.000 0.000 0.000 0.000 0.000 0.000 0.000 0.000 0.000 0.000 0.000 0.000 0.000 0.000 0.000 0.000 0.000 0.000 0.000 0.000 -0.182 -0.376 -0.636 -0.881 -1.000 -0.929 -0.707 -0.441 
# 1 3 9 31
-0.763 -0.497 -0.647 -0.888 -0.999 -0.921 -0.695 -0.429 -0.217 0.000 0.000 0.000 0.000 0.000 0.000 0.000 0.000 0.000 0.000 0.000 0.000 0.000 0.000 0.000 0.000 0.000 0.000 0.000 0.000 0.000 0.000 
-0.724 -0.938 -0.996 -0.866 -0.617 -0.527 -0.791 -0.972 -0.979 -0.807 -0.545 -0.302 -0.137 0.000 0.000 0.000 0.000 0.000 0.000 0.000 0.000 0.000 0.000 0.000 0.000 0.000 0.000 0.000 0.000 0.000 0.000 
0.000 -0.166 -0.350 -0.605 -0.857 -0.994 -0.945 -0.735 -0.468 -0.677 -0.909 -1.000 -0.901 -0.665 -0.402 -0.199 0.000 0.000 0.000 0.000 0.000 0.000 0.000 0.000 0.000 0.000 0.000 0.000 0.000 0.000 0.000 
0.000 0.000 0.000 0.000 -0.112 -0.257 -0.486 -0.753 -0.954 -0.990 -0.842 -0.587 -0.557 -0.817 -0.982 -0.967 -0.780 -0.516 -0.279 -0.124 0.000 0.000 0.000 0.000 0.000 0.000 0.000 0.000 0.000 0.000 0.000 
0.000 0.000 0.000 0.000 0.000 0.000 0.000 0.000 -0.182 -0.376 -0.635 -0.880 -0.998 -0.928 -0.706 -0.440 -0.706 -0.928 -0.998 -0.880 -0.635 -0.376 -0.182 0.000 0.000 0.000 0.000 0.000 0.000 0.000 0.000 
0.000 0.000 0.000 0.000 0.000 0.000 0.000 0.000 0.000 0.000 0.000 -0.124 -0.279 -0.516 -0.780 -0.967 -0.982 -0.817 -0.557 -0.587 -0.842 -0.990 -0.954 -0.753 -0.486 -0.257 -0.112 0.000 0.000 0.000 0.000 
0.000 0.000 0.000 0.000 0.000 0.000 0.000 0.000 0.000 0.000 0.000 0.000 0.000 0.000 0.000 -0.199 -0.402 -0.665 -0.901 -1.000 -0.909 -0.677 -0.468 -0.735 -0.945 -0.994 -0.857 -0.605 -0.350 -0.166 0.000 
0.000 0.000 0.000 0.000 0.000 0.000 0.000 0.000 0.000 0.000 0.000 0.000 0.000 0.000 0.000 0.000 0.000 0.000 -0.137 -0.302 -0.545 -0.807 -0.979 -0.972 -0.791 -0.527 -0.617 -0.866 -0.996 -0.938 -0.724 
0.000 0.000 0.000 0.000 0.000 0.000 0.000 0.000 0.000 0.000 0.000 0.000 0.000 0.000 0.000 0.000 0.000 0.000 0.000 0.000 0.000 0.000 -0.217 -0.429 -0.695 -0.921 -0.999 -0.888 -0.647 -0.497 -0.763 
# 2 0 50 31
-0.481 -0.749 -0.953 -0.990 -0.840 -0.582 -0.329 -0.152 0.000 0.000 0.000 0.000 0.000 0.000 0.000 0.000 0.000 0.000 0.000 0.000 0.000 0.000 0.000 0.000 0.000 0.000 0.000 0.000 0.000 0.000 0.000 
-0.545 -0.583 -0.841 -0.990 -0.953 -0.748 -0.480 -0.252 -0.108 0.000 0.000 0.000 0.000 0.000 0.000 0.000 0.000 0.000 0.000 0.000 0.000 0.000 0.000 0.000 0.000 0.000 0.000 0.000 0.000 0.000 0.000 
-0.713 -0.445 -0.686 -0.916 -0.999 -0.890 -0.648 -0.385 -0.187 0.000 0.000 0.000 0.000 0.000 0.000 0.000 0.000 0.000 0.000 0.000 0.000 0.000 0.000 0.000 0.000 0.000 0.000 0.000 0.000 0.000 0.000 
-0.863 -0.610 -0.518 -0.784 -0.970 -0.980 -0.808 -0.544 -0.299 -0.134 0.000 0.000 0.000 0.000 0.000 0.000 0.000 0.000 0.000 0.000 0.000 0.000 0.000 0.000 0.000 0.000 0.000 0.000 0.000 0.000 0.000 
-0.966 -0.775 -0.507 -0.621 -0.871 -0.997 -0.932 -0.712 -0.444 -0.226 0.000 0.000 0.000 0.000 0.000 0.000 0.000 0.000 0.000 0.000 0.000 0.000 0.000 0.000 0.000 0.000 0.000 0.000 0.000 0.000 0.000 
-1.000 -0.909 -0.675 -0.455 -0.723 -0.939 -0.995 -0.862 -0.609 -0.352 -0.166 0.000 0.000 0.000 0.000 0.000 0.000 0.000 0.000 0.000 0.000 0.000 0.000 0.000 0.000 0.000 0.000 0.000 0.000 0.000 0.000 
-0.958 -0.988 -0.832 -0.572 -0.556 -0.818 -0.983 -0.965 -0.774 -0.507 -0.271 -0.118 0.000 0.000 0.000 0.000 0.000 0.000 0.000 0.000 0.000 0.000 0.000 0.000 0.000 0.000 0.000 0.000 0.000 0.000 0.000 
-0.849 -0.993 -0.948 -0.739 -0.471 -0.659 -0.898 -1.000 -0.909 -0.675 -0.409 -0.202 0.000 0.000 0.000 0.000 0.000 0.000 0.000 0.000 0.000 0.000 0.000 0.000 0.000 0.000 0.000 0.000 0.000 0.000 0.000 
-0.696 -0.923 -0.999 -0.883 -0.638 -0.491 -0.759 -0.958 -0.988 -0.831 -0.571 -0.321 -0.147 0.000 0.000 0.000 0.000 0.000 0.000 0.000 0.000 0.000 0.000 0.000 0.000 0.000 0.000 0.000 0.000 0.000 0.000 
-0.528 -0.793 -0.974 -0.976 -0.799 -0.534 -0.594 -0.850 -0.993 -0.947 -0.738 -0.470 -0.244 -0.104 0.000 0.000 0.000 0.000 0.000 0.000 0.000 0.000 0.000 0.000 0.000 0.000 0.000 0.000 0.000 0.000 0.000 
-0.370 -0.631 -0.878 -0.998 -0.926 -0.702 -0.435 -0.697 -0.923 -0.999 -0.882 -0.637 -0.375 -0.181 0.000 0.000 0.000 0.000 0.000 0.000 0.000 0.000 0.000 0.000 0.000 0.000 0.000 0.000 0.000 0.000 0.000 
-0.240 -0.465 -0.733 -0.944 -0.994 -0.854 -0.599 -0.529 -0.794 -0.974 -0.976 -0.798 -0.533 -0.291 -0.130 0.000 0.000 0.000 0.000 0.000 0.000 0.000 0.000 0.000 0.000 0.000 0.000 0.000 0.000 0.000 0.000 
-0.144 -0.316 -0.566 -0.827 -0.986 -0.961 -0.765 -0.497 -0.632 -0.879 -0.998 -0.926 -0.701 -0.434 -0.219 0.000 0.000 0.000 0.000 0.000 0.000 0.000 0.000 0.000 0.000 0.000 0.000 0.000 0.000 0.000 0.000 
0.000 -0.199 -0.404 -0.669 -0.905 -1.000 -0.902 -0.665 -0.465 -0.734 -0.945 -0.994 -0.853 -0.598 -0.343 -0.160 0.000 0.000 0.000 0.000 0.000 0.000 0.000 0.000 0.000 0.000 0.000 0.000 0.000 0.000 0.000 
0.000 -0.116 -0.267 -0.501 -0.769 -0.963 -0.985 -0.823 -0.561 -0.567 -0.827 -0.986 -0.960 -0.764 -0.496 -0.263 -0.114 0.000 0.000 0.000 0.000 0.000 0.000 0.000 0.000 0.000 0.000 0.000 0.000 0.000 0.000 
0.000 0.000 -0.163 -0.347 -0.604 -0.858 -0.995 -0.942 -0.729 -0.460 -0.670 -0.906 -1.000 -0.902 -0.664 -0.399 -0.196 0.000 0.000 0.000 0.000 0.000 0.000 0.000 0.000 0.000 0.000 0.000 0.000 0.000 0.000 
0.000 0.000 0.000 -0.223 -0.439 -0.707 -0.929 -0.998 -0.875 -0.627 -0.502 -0.770 -0.963 -0.985 -0.822 -0.560 -0.312 -0.142 0.000 0.000 0.000 0.000 0.000 0.000 0.000 0.000 0.000 0.000 0.000 0.000 0.000 
0.000 0.000 0.000 -0.132 -0.295 -0.539 -0.803 -0.978 -0.972 -0.789 -0.523 -0.605 -0.858 -0.995 -0.942 -0.728 -0.459 -0.237 0.000 0.000 0.000 0.000 0.000 0.000 0.000 0.000 0.000 0.000 0.000 0.000 0.000 
0.000 0.000 0.000 0.000 -0.184 -0.380 -0.642 -0.886 -0.999 -0.920 -0.692 -0.440 -0.708 -0.930 -0.998 -0.874 -0.626 -0.366 -0.175 0.000 0.000 0.000 0.000 0.000 0.000 0.000 0.000 0.000 0.000 0.000 0.000 
0.000 0.000 0.000 0.000 -0.106 -0.248 -0.475 -0.743 -0.950 -0.992 -0.845 -0.588 -0.540 -0.804 -0.978 -0.972 -0.789 -0.523 -0.283 -0.125 0.000 0.000 0.000 0.000 0.000 0.000 0.000 0.000 0.000 0.000 0.000 
0.000 0.000 0.000 0.000 0.000 -0.150 -0.325 -0.577 -0.836 -0.989 -0.956 -0.754 -0.486 -0.643 -0.887 -0.999 -0.919 -0.691 -0.424 -0.212 0.000 0.000 0.000 0.000 0.000 0.000 0.000 0.000 0.000 0.000 0.000 
0.000 0.000 0.000 0.000 0.000 0.000 -0.206 -0.414 -0.680 -0.912 -1.000 -0.895 -0.654 -0.476 -0.744 -0.950 -0.991 -0.845 -0.588 -0.334 -0.155 0.000 0.000 0.000 0.000 0.000 0.000 0.000 0.000 0.000 0.000 
0.000 0.000 0.000 0.000 0.000 0.000 -0.120 -0.275 -0.512 -0.779 -0.967 -0.982 -0.813 -0.550 -0.578 -0.836 -0.989 -0.955 -0.754 -0.485 -0.255 -0.110 0.000 0.000 0.000 0.000 0.000 0.000 0.000 0.000 0.000 
0.000 0.000 0.000 0.000 0.000 0.000 0.000 -0.169 -0.356 -0.615 -0.866 -0.996 -0.936 -0.718 -0.450 -0.681 -0.913 -1.000 -0.894 -0.653 -0.389 -0.190 0.000 0.000 0.000 0.000 0.000 0.000 0.000 0.000 0.000 
0.000 0.000 0.000 0.000 0.000 0.000 0.000 0.000 -0.230 -0.449 -0.717 -0.935 -0.996 -0.867 -0.616 -0.513 -0.779 -0.968 -0.981 -0.813 -0.550 -0.303 -0.137 0.000 0.000 0.000 0.000 0.000 0.000 0.000 0.000 
0.000 0.000 0.000 0.000 0.000 0.000 0.000 0.000 -0.137 -0.303 -0.550 -0.813 -0.981 -0.968 -0.779 -0.513 -0.616 -0.867 -0.996 -0.935 -0.717 -0.449 -0.230 0.000 0.000 0.000 0.000 0.000 0.000 0.000 0.000 
0.000 0.000 0.000 0.000 0.000 0.000 0.000 0.000 0.000 -0.190 -0.389 -0.653 -0.894 -1.000 -0.913 -0.681 -0.450 -0.718 -0.936 -0.996 -0.866 -0.615 -0.356 -0.169 0.000 0.000 0.000 0.000 0.000 0.000 0.000 
0.000 0.000 0.000 0.000 0.000 0.000 0.000 0.000 0.000 -0.110 -0.255 -0.485 -0.754 -0.955 -0.989 -0.836 -0.578 -0.550 -0.813 -0.982 -0.967 -0.779 -0.512 -0.275 -0.120 0.000 0.000 0.000 0.000 0.000 0.000 
0.000 0.000 0.000 0.000 0.000 0.000 0.000 0.000 0.000 0.000 -0.155 -0.334 -0.588 -0.845 -0.991 -0.950 -0.744 -0.476 -0.654 -0.895 -1.000 -0.912 -0.680 -0.414 -0.206 0.000 0.000 0.000 0.000 0.000 0.000 
0.000 0.000 0.000 0.000 0.000 0.000 0.000 0.000 0.000 0.000 0.000 -0.212 -0.424 -0.691 -0.919 -0.999 -0.887 -0.643 -0.486 -0.754 -0.956 -0.989 -0.836 -0.577 -0.325 -0.150 0.000 0.000 0.000 0.000 0.000 
0.000 0.000 0.000 0.000 0.000 0.000 0.000 0.000 0.000 0.000 0.000 -0.125 -0.283 -0.523 -0.789 -0.972 -0.978 -0.804 -0.540 -0.588 -0.845 -0.992 -0.950 -0.743 -0.475 -0.248 -0.106 0.000 0.000 0.000 0.000 
0.000 0.000 0.000 0.000 0.000 0.000 0.000 0.000 0.000 0.000 0.000 0.000 -0.175 -0.366 -0.626 -0.874 -0.998 -0.930 -0.708 -0.440 -0.692 -0.920 -0.999 -0.886 -0.642 -0.380 -0.184 0.000 0.000 0.000 0.000 
0.000 0.000 0.000 0.000 0.000 0.000 0.000 0.000 0.000 0.000 0.000 0.000 0.000 -0.237 -0.459 -0.728 -0.942 -0.995 -0.858 -0.605 -0.523 -0.789 -0.972 -0.978 -0.803 -0.539 -0.295 -0.132 0.000 0.000 0.000 
0.000 0.000 0.000 0.000 0.000 0.000 0.000 0.000 0.000 0.000 0.000 0.000 0.000 -0.142 -0.312 -0.560 -0.822 -0.985 -0.963 -0.770 -0.502 -0.627 -0.875 -0.998 -0.929 -0.707 -0.439 -0.223 0.000 0.000 0.000 
0.000 0.000 0.000 0.000 0.000 0.000 0.000 0.000 0.000 0.000 0.000 0.000 0.000 0.000 -0.196 -0.399 -0.664 -0.902 -1.000 -0.906 -0.670 -0.460 -0.729 -0.942 -0.995 -0.858 -0.604 -0.347 -0.163 0.000 0.000 
0.000 0.000 0.000 0.000 0.000 0.000 0.000 0.000 0.000 0.000 0.000 0.000 0.000 0.000 -0.114 -0.263 -0.496 -0.764 -0.960 -0.986 -0.827 -0.567 -0.561 -0.823 -0.985 -0.963 -0.769 -0.501 -0.267 -0.116 0.000 
0.000 0.000 0.000 0.000 0.000 0.000 0.000 0.000 0.000 0.000 0.000 0.000 0.000 0.000 0.000 -0.160 -0.343 -0.598 -0.853 -0.994 -0.945 -0.734 -0.465 -0.665 -0.902 -1.000 -0.905 -0.669 -0.404 -0.199 0.000 
0.000 0.000 0.000 0.000 0.000 0.000 0.000 0.000 0.000 0.000 0.000 0.000 0.000 0.000 0.000 0.000 -0.219 -0.434 -0.701 -0.926 -0.998 -0.879 -0.632 -0.497 -0.765 -0.961 -0.986 -0.827 -0.566 -0.316 -0.144 
0.000 0.000 0.000 0.000 0.000 0.000 0.000 0.000 0.000 0.000 0.000 0.000 0.000 0.000 0.000 0.000 -0.130 -0.291 -0.533 -0.798 -0.976 -0.974 -0.794 -0.529 -0.599 -0.854 -0.994 -0.944 -0.733 -0.465 -0.240 
0.000 0.000 0.000 0.000 0.000 0.000 0.000 0.000 0.000 0.000 0.000 0.000 0.000 0.000 0.000 0.000 0.000 -0.181 -0.375 -0.637 -0.882 -0.999 -0.923 -0.697 -0.435 -0.702 -0.926 -0.998 -0.878 -0.631 -0.370 
0.000 0.000 0.000 0.000 0.000 0.000 0.000 0.000 0.000 0.000 0.000 0.000 0.000 0.000 0.000 0.000 0.000 -0.104 -0.244 -0.470 -0.738 -0.947 -0.993 -0.850 -0.594 -0.534 -0.799 -0.976 -0.974 -0.793 -0.528 
0.000 0.000 0.000 0.000 0.000 0.000 0.000 0.000 0.000 0.000 0.000 0.000 0.000 0.000 0.000 0.000 0.000 0.000 -0.147 -0.321 -0.571 -0.831 -0.988 -0.958 -0.759 -0.491 -0.638 -0.883 -0.999 -0.923 -0.696 
0.000 0.000 0.000 0.000 0.000 0.000 0.000 0.000 0.000 0.000 0.000 0.000 0.000 0.000 0.000 0.000 0.000 0.000 0.000 -0.202 -0.409 -0.675 -0.909 -1.000 -0.898 -0.659 -0.471 -0.739 -0.948 -0.993 -0.849 
0.000 0.000 0.000 0.000 0.000 0.000 0.000 0.000 0.000 0.000 0.000 0.000 0.000 0.000 0.000 0.000 0.000 0.000 0.000 -0.118 -0.271 -0.507 -0.774 -0.965 -0.983 -0.818 -0.556 -0.572 -0.832 -0.988 -0.958 
0.000 0.000 0.000 0.000 0.000 0.000 0.000 0.000 0.000 0.000 0.000 0.000 0.000 0.000 0.000 0.000 0.000 0.000 0.000 0.000 -0.166 -0.352 -0.609 -0.862 -0.995 -0.939 -0.723 -0.455 -0.675 -0.909 -1.000 
0.000 0.000 0.000 0.000 0.000 0.000 0.000 0.000 0.000 0.000 0.000 0.000 0.000 0.000 0.000 0.000 0.000 0.000 0.000 0.000 0.000 -0.226 -0.444 -0.712 -0.932 -0.997 -0.871 -0.621 -0.507 -0.775 -0.966 
0.000 0.000 0.000 0.000 0.000 0.000 0.000 0.000 0.000 0.000 0.000 0.000 0.000 0.000 0.000 0.000 0.000 0.000 0.000 0.000 0.000 -0.134 -0.299 -0.544 -0.808 -0.980 -0.970 -0.784 -0.518 -0.610 -0.863 
0.000 0.000 0.000 0.000 0.000 0.000 0.000 0.000 0.000 0.000 0.000 0.000 0.000 0.000 0.000 0.000 0.000 0.000 0.000 0.000 0.000 0.000 -0.187 -0.385 -0.648 -0.890 -0.999 -0.916 -0.686 -0.445 -0.713 
0.000 0.000 0.000 0.000 0.000 0.000 0.000 0.000 0.000 0.000 0.000 0.000 0.000 0.000 0.000 0.000 0.000 0.000 0.000 0.000 0.000 0.000 -0.108 -0.252 -0.480 -0.748 -0.953 -0.990 -0.841 -0.583 -0.545 
0.000 0.000 0.000 0.000 0.000 0.000 0.000 0.000 0.000 0.000 0.000 0.000 0.000 0.000 0.000 0.000 0.000 0.000 0.000 0.000 0.000 0.000 0.000 -0.152 -0.329 -0.582 -0.840 -0.990 -0.953 -0.749 -0.481 
# 2 1 31 31
-0.433 -0.701 -0.926 -1.000 -0.882 -0.635 -0.373 -0.179 0.000 0.000 0.000 0.000 0.000 0.000 0.000 0.000 0.000 0.000 0.000 0.000 0.000 0.000 0.000 0.000 0.000 0.000 0.000 0.000 0.000 0.000 0.000 
-0.701 -0.433 -0.701 -0.926 -1.000 -0.882 -0.635 -0.373 -0.179 0.000 0.000 0.000 0.000 0.000 0.000 0.000 0.000 0.000 0.000 0.000 0.000 0.000 0.000 0.000 0.000 0.000 0.000 0.000 0.000 0.000 0.000 
-0.926 -0.701 -0.433 -0.701 -0.926 -1.000 -0.882 -0.635 -0.373 -0.179 0.000 0.000 0.000 0.000 0.000 0.000 0.000 0.000 0.000 0.000 0.000 0.000 0.000 0.000 0.000 0.000 0.000 0.000 0.000 0.000 0.000 
-1.000 -0.926 -0.701 -0.433 -0.701 -0.926 -1.000 -0.882 -0.635 -0.373 -0.179 0.000 0.000 0.000 0.000 0.000 0.000 0.000 0.000 0.000 0.000 0.000 0.000 0.000 0.000 0.000 0.000 0.000 0.000 0.000 0.000 
-0.882 -1.000 -0.926 -0.701 -0.433 -0.701 -0.926 -1.000 -0.882 -0.635 -0.373 -0.179 0.000 0.000 0.000 0.000 0.000 0.000 0.000 0.000 0.000 0.000 0.000 0.000 0.000 0.000 0.000 0.000 0.000 0.000 0.000 
-0.635 -0.882 -1.000 -0.926 -0.701 -0.433 -0.701 -0.926 -1.000 -0.882 -0.635 -0.373 -0.179 0.000 0.000 0.000 0.000 0.000 0.000 0.000 0.000 0.000 0.000 0.000 0.000 0.000 0.000 0.000 0.000 0.000 0.000 
-0.373 -0.635 -0.882 -1.000 -0.926 -0.701 -0.433 -0.701 -0.926 -1.000 -0.882 -0.635 -0.373 -0.179 0.000 0.000 0.000 0.000 0.000 0.000 0.000 0.000 0.000 0.000 0.000 0.000 0.000 0.000 0.000 0.000 0.000 
-0.179 -0.373 -0.635 -0.882 -1.000 -0.926 -0.701 -0.433 -0.701 -0.926 -1.000 -0.882 -0.635 -0.373 -0.179 0.000 0.000 0.000 0.000 0.000 0.000 0.000 0.000 0.000 0.000 0.000 0.000 0.000 0.000 0.000 0.000 
0.000 -0.179 -0.373 -0.635 -0.882 -1.000 -0.926 -0.701 -0.433 -0.701 -0.926 -1.000 -0.882 -0.635 -0.373 -0.179 0.000 0.000 0.000 0.000 0.000 0.000 0.000 0.000 0.000 0.000 0.000 0.000 0.000 0.000 0.000 
0.000 0.000 -0.179 -0.373 -0.635 -0.882 -1.000 -0.926 -0.701 -0.433 -0.701 -0.926 -1.000 -0.882 -0.635 -0.373 -0.179 0.000 0.000 0.000 0.000 0.000 0.000 0.000 0.000 0.000 0.000 0.000 0.000 0.000 0.000 
0.000 0.000 0.000 -0.179 -0.373 -0.635 -0.882 -1.000 -0.926 -0.701 -0.433 -0.701 -0.926 -1.000 -0.882 -0.635 -0.373 -0.179 0.000 0.000 0.000 0.000 0.000 0.000 0.000 0.000 0.000 0.000 0.000 0.000 0.000 
0.000 0.000 0.000 0.000 -0.179 -0.373 -0.635 -0.882 -1.000 -0.926 -0.701 -0.433 -0.701 -0.926 -1.000 -0.882 -0.635 -0.373 -0.179 0.000 0.000 0.000 0.000 0.000 0.000 0.000 0.000 0.000 0.000 0.000 0.000 
0.000 0.000 0.000 0.000 0.000 -0.179 -0.373 -0.635 -0.882 -1.000 -0.926 -0.701 -0.433 -0.701 -0.926 -1.000 -0.882 -0.635 -0.373 -0.179 0.000 0.000 0.000 0.000 0.000 0.000 0.000 0.000 0.000 0.000 0.000 
0.000 0.000 0.000 0.000 0.000 0.000 -0.179 -0.373 -0.635 -0.882 -1.000 -0.926 -0.701 -0.433 -0.701 -0.926 -1.000 -0.882 -0.635 -0.373 -0.179 0.000 0.000 0.000 0.000 0.000 0.000 0.000 0.000 0.000 0.000 
0.000 0.000 0.000 0.000 0.000 0.000 0.000 -0.179 -0.373 -0.635 -0.882 -1.000 -0.926 -0.701 -0.433 -0.701 -0.926 -1.000 -0.882 -0.635 -0.373 -0.179 0.000 0.000 0.000 0.000 0.000 0.000 0.000 0.000 0.000 
0.000 0.000 0.000 0.000 0.000 0.000 0.000 0.000 -0.179 -0.373 -0.635 -0.882 -1.000 -0.926 -0.701 -0.433 -0.701 -0.926 -1.000 -0.882 -0.635 -0.373 -0.179 0.000 0.000 0.000 0.000 0.000 0.000 0.000 0.000 
0.000 0.000 0.000 0.000 0.000 0.000 0.000 0.000 0.000 -0.179 -0.373 -0.635 -0.882 -1.000 -0.926 -0.701 -0.433 -0.701 -0.926 -1.000 -0.882 -0.635 -0.373 -0.179 0.000 0.000 0.000 0.000 0.000 0.000 0.000 
0.000 0.000 0.000 0.000 0.000 0.000 0.000 0.000 0.000 0.000 -0.179 -0.373 -0.635 -0.882 -1.000 -0.926 -0.701 -0.433 -0.701 -0.926 -1.000 -0.882 -0.635 -0.373 -0.179 0.000 0.000 0.000 0.000 0.000 0.000 
0.000 0.000 0.000 0.000 0.000 0.000 0.000 0.000 0.000 0.000 0.000 -0.179 -0.373 -0.635 -0.882 -1.000 -0.926 -0.701 -0.433 -0.701 -0.926 -1.000 -0.882 -0.635 -0.373 -0.179 0.000 0.000 0.000 0.000 0.000 
0.000 0.000 0.000 0.000 0.000 0.000 0.000 0.000 0.000 0.000 0.000 0.000 -0.179 -0.373 -0.635 -0.882 -1.000 -0.926 -0.701 -0.433 -0.701 -0.926 -1.000 -0.882 -0.635 -0.373 -0.179 0.000 0.000 0.000 0.000 
0.000 0.000 0.000 0.000 0.000 0.000 0.000 0.000 0.000 0.000 0.000 0.000 0.000 -0.179 -0.373 -0.635 -0.882 -1.000 -0.926 -0.701 -0.433 -0.701 -0.926 -1.000 -0.882 -0.635 -0.373 -0.179 0.000 0.000 0.000 
0.000 0.000 0.000 0.000 0.000 0.000 0.000 0.000 0.000 0.000 0.000 0.000 0.000 0.000 -0.179 -0.373 -0.635 -0.882 -1.000 -0.926 -0.701 -0.433 -0.701 -0.926 -1.000 -0.882 -0.635 -0.373 -0.179 0.000 0.000 
0.000 0.000 0.000 0.000 0.000 0.000 0.000 0.000 0.000 0.000 0.000 0.000 0.000 0.000 0.000 -0.179 -0.373 -0.635 -0.882 -1.000 -0.926 -0.701 -0.433 -0.701 -0.926 -1.000 -0.882 -0.635 -0.373 -0.179 0.000 
0.000 0.000 0.000 0.000 0.000 0.000 0.000 0.000 0.000 0.000 0.000 0.000 0.000 0.000 0.000 0.000 -0.179 -0.373 -0.635 -0.882 -1.000 -0.926 -0.701 -0.433 -0.701 -0.926 -1.000 -0.882 -0.635 -0.373 -0.179 
0.000 0.000 0.000 0.000 0.000 0.000 0.000 0.000 0.000 0.000 0.000 0.000 0.000 0.000 0.000 0.000 0.000 -0.179 -0.373 -0.635 -0.882 -1.000 -0.926 -0.701 -0.433 -0.701 -0.926 -1.000 -0.882 -0.635 -0.373 
0.000 0.000 0.000 0.000 0.000 0.000 0.000 0.000 0.000 0.000 0.000 0.000 0.000 0.000 0.000 0.000 0.000 0.000 -0.179 -0.373 -0.635 -0.882 -1.000 -0.926 -0.701 -0.433 -0.701 -0.926 -1.000 -0.882 -0.635 
0.000 0.000 0.000 0.000 0.000 0.000 0.000 0.000 0.000 0.000 0.000 0.000 0.000 0.000 0.000 0.000 0.000 0.000 0.000 -0.179 -0.373 -0.635 -0.882 -1.000 -0.926 -0.701 -0.433 -0.701 -0.926 -1.000 -0.882 
0.000 0.000 0.000 0.000 0.000 0.000 0.000 0.000 0.000 0.000 0.000 0.000 0.000 0.000 0.000 0.000 0.000 0.000 0.000 0.000 -0.179 -0.373 -0.635 -0.882 -1.000 -0.926 -0.701 -0.433 -0.701 -0.926 -1.000 
0.000 0.000 0.000 0.000 0.000 0.000 0.000 0.000 0.000 0.000 0.000 0.000 0.000 0.000 0.000 0.000 0.000 0.000 0.000 0.000 0.000 -0.179 -0.373 -0.635 -0.882 -1.000 -0.926 -0.701 -0.433 -0.701 -0.926 
0.000 0.000 0.000 0.000 0.000 0.000 0.000 0.000 0.000 0.000 0.000 0.000 0.000 0.000 0.000 0.000 0.000 0.000 0.000 0.000 0.000 0.000 -0.179 -0.373 -0.635 -0.882 -1.000 -0.926 -0.701 -0.433 -0.701 
0.000 0.000 0.000 0.000 0.000 0.000 0.000 0.000 0.000 0.000 0.000 0.000 0.000 0.000 0.000 0.000 0.000 0.000 0.000 0.000 0.000 0.000 0.000 -0.179 -0.373 -0.635 -0.882 -1.000 -0.926 -0.701 -0.433 
# 2 3 9 31
-0.757 -0.489 -0.640 -0.885 -0.999 -0.921 -0.694 -0.427 -0.214 0.000 0.000 0.000 0.000 0.000 0.000 0.000 0.000 0.000 0.000 0.000 0.000 0.000 0.000 0.000 0.000 0.000 0.000 0.000 0.000 0.000 0.000 
-0.723 -0.939 -0.995 -0.862 -0.609 -0.519 -0.785 -0.970 -0.979 -0.807 -0.543 -0.299 -0.134 0.000 0.000 0.000 0.000 0.000 0.000 0.000 0.000 0.000 0.000 0.000 0.000 0.000 0.000 0.000 0.000 0.000 0.000 
0.000 -0.163 -0.347 -0.604 -0.857 -0.995 -0.942 -0.729 -0.460 -0.670 -0.906 -1.000 -0.902 -0.664 -0.399 -0.196 0.000 0.000 0.000 0.000 0.000 0.000 0.000 0.000 0.000 0.000 0.000 0.000 0.000 0.000 0.000 
0.000 0.000 0.000 0.000 -0.109 -0.254 -0.484 -0.752 -0.955 -0.990 -0.838 -0.579 -0.549 -0.812 -0.981 -0.968 -0.780 -0.513 -0.276 -0.121 0.000 0.000 0.000 0.000 0.000 0.000 0.000 0.000 0.000 0.000 0.000 
0.000 0.000 0.000 0.000 0.000 0.000 0.000 0.000 -0.179 -0.373 -0.634 -0.880 -0.999 -0.925 -0.700 -0.432 -0.700 -0.925 -0.999 -0.880 -0.634 -0.373 -0.179 0.000 0.000 0.000 0.000 0.000 0.000 0.000 0.000 
0.000 0.000 0.000 0.000 0.000 0.000 0.000 0.000 0.000 0.000 0.000 -0.121 -0.276 -0.513 -0.780 -0.968 -0.981 -0.812 -0.549 -0.579 -0.838 -0.990 -0.955 -0.752 -0.484 -0.254 -0.109 0.000 0.000 0.000 0.000 
0.000 0.000 0.000 0.000 0.000 0.000 0.000 0.000 0.000 0.000 0.000 0.000 0.000 0.000 0.000 -0.196 -0.399 -0.664 -0.902 -1.000 -0.906 -0.670 -0.460 -0.729 -0.942 -0.995 -0.857 -0.604 -0.347 -0.163 0.000 
0.000 0.000 0.000 0.000 0.000 0.000 0.000 0.000 0.000 0.000 0.000 0.000 0.000 0.000 0.000 0.000 0.000 0.000 -0.134 -0.299 -0.543 -0.807 -0.979 -0.970 -0.785 -0.519 -0.609 -0.862 -0.995 -0.939 -0.723 
0.000 0.000 0.000 0.000 0.000 0.000 0.000 0.000 0.000 0.000 0.000 0.000 0.000 0.000 0.000 0.000 0.000 0.000 0.000 0.000 0.000 0.000 -0.214 -0.427 -0.694 -0.921 -0.999 -0.885 -0.640 -0.489 -0.757 
# 3 0 50 9
0.116 0.932 0.415 0.000 0.000 0.000 0.000 0.000 0.000 
0.000 0.793 0.595 0.000 0.000 0.000 0.000 0.000 0.000 
0.000 0.614 0.775 0.000 0.000 0.000 0.000 0.000 0.000 
0.000 0.433 0.920 0.108 0.000 0.000 0.000 0.000 0.000 
0.000 0.278 0.995 0.197 0.000 0.000 0.000 0.000 0.000 
0.153 0.163 0.979 0.327 0.000 0.000 0.000 0.000 0.000 
0.264 0.000 0.878 0.493 0.000 0.000 0.000 0.000 0.000 
0.415 0.000 0.716 0.677 0.000 0.000 0.000 0.000 0.000 
0.594 0.000 0.532 0.846 0.000 0.000 0.000 0.000 0.000 
0.775 0.000 0.360 0.964 0.143 0.000 0.000 0.000 0.000 
0.920 0.108 0.222 0.999 0.250 0.000 0.000 0.000 0.000 
0.995 0.197 0.125 0.944 0.397 0.000 0.000 0.000 0.000 
0.980 0.326 0.000 0.811 0.574 0.000 0.000 0.000 0.000 
0.878 0.492 0.000 0.635 0.756 0.000 0.000 0.000 0.000 
0.717 0.676 0.000 0.453 0.907 0.101 0.000 0.000 0.000 
0.533 0.846 0.000 0.294 0.991 0.185 0.000 0.000 0.000 
0.361 0.963 0.143 0.174 0.986 0.310 0.000 0.000 0.000 
0.222 0.999 0.249 0.000 0.893 0.473 0.000 0.000 0.000 
0.125 0.944 0.396 0.000 0.736 0.656 0.000 0.000 0.000 
0.000 0.812 0.573 0.000 0.553 0.829 0.000 0.000 0.000 
0.000 0.636 0.755 0.000 0.378 0.954 0.134 0.000 0.000 
0.000 0.453 0.907 0.101 0.235 1.000 0.236 0.000 0.000 
0.000 0.294 0.991 0.185 0.133 0.954 0.379 0.000 0.000 
0.000 0.174 0.986 0.310 0.000 0.829 0.553 0.000 0.000 
0.000 0.000 0.893 0.472 0.000 0.656 0.737 0.000 0.000 
0.000 0.000 0.737 0.656 0.000 0.472 0.893 0.000 0.000 
0.000 0.000 0.553 0.829 0.000 0.310 0.986 0.174 0.000 
0.000 0.000 0.379 0.954 0.133 0.185 0.991 0.294 0.000 
0.000 0.000 0.236 1.000 0.235 0.101 0.907 0.453 0.000 
0.000 0.000 0.134 0.954 0.378 0.000 0.755 0.636 0.000 
0.000 0.000 0.000 0.829 0.553 0.000 0.573 0.812 0.000 
0.000 0.000 0.000 0.656 0.736 0.000 0.396 0.944 0.125 
0.000 0.000 0.000 0.473 0.893 0.000 0.249 0.999 0.222 
0.000 0.000 0.000 0.310 0.986 0.174 0.143 0.963 0.361 
0.000 0.000 0.000 0.185 0.991 0.294 0.000 0.846 0.533 
0.000 0.000 0.000 0.101 0.907 0.453 0.000 0.676 0.717 
0.000 0.000 0.000 0.000 0.756 0.635 0.000 0.492 0.878 
0.000 0.000 0.000 0.000 0.574 0.811 0.000 0.326 0.980 
0.000 0.000 0.000 0.000 0.397 0.944 0.125 0.197 0.995 
0.000 0.000 0.000 0.000 0.250 0.999 0.222 0.108 0.920 
0.000 0.000 0.000 0.000 0.143 0.964 0.360 0.000 0.775 
0.000 0.000 0.000 0.000 0.000 0.846 0.532 0.000 0.594 
0.000 0.000 0.000 0.000 0.000 0.677 0.716 0.000 0.415 
0.000 0.000 0.000 0.000 0.000 0.493 0.878 0.000 0.264 
0.000 0.000 0.000 0.000 0.000 0.327 0.979 0.163 0.153 
0.000 0.000 0.000 0.000 0.000 0.197 0.995 0.278 0.000 
0.000 0.000 0.000 0.000 0.000 0.108 0.920 0.433 0.000 
0.000 0.000 0.000 0.000 0.000 0.000 0.775 0.614 0.000 
0.000 0.000 0.000 0.000 0.000 0.000 0.595 0.793 0.000 
0.000 0.000 0.000 0.000 0.000 0.000 0.415 0.932 0.116 
# 3 1 31 9
0.000 0.896 0.468 0.000 0.000 0.000 0.000 0.000 0.000 
0.000 0.630 0.762 0.000 0.000 0.000 0.000 0.000 0.000 
0.000 0.347 0.971 0.151 0.000 0.000 0.000 0.000 0.000 
0.166 0.150 0.970 0.349 0.000 0.000 0.000 0.000 0.000 
0.375 0.000 0.759 0.632 0.000 0.000 0.000 0.000 0.000 
0.663 0.000 0.466 0.898 0.000 0.000 0.000 0.000 0.000 
0.918 0.107 0.224 1.000 0.248 0.000 0.000 0.000 0.000 
0.997 0.269 0.000 0.872 0.500 0.000 0.000 0.000 0.000 
0.849 0.530 0.000 0.596 0.792 0.000 0.000 0.000 0.000 
0.566 0.819 0.000 0.320 0.983 0.168 0.000 0.000 0.000 
0.296 0.991 0.184 0.134 0.955 0.377 0.000 0.000 0.000 
0.121 0.940 0.404 0.000 0.728 0.666 0.000 0.000 0.000 
0.000 0.698 0.696 0.000 0.435 0.920 0.108 0.000 0.000 
0.000 0.407 0.938 0.120 0.203 0.997 0.271 0.000 0.000 
0.000 0.186 0.991 0.294 0.000 0.846 0.533 0.000 0.000 
0.000 0.000 0.821 0.563 0.000 0.563 0.821 0.000 0.000 
0.000 0.000 0.533 0.846 0.000 0.294 0.991 0.186 0.000 
0.000 0.000 0.271 0.997 0.203 0.120 0.938 0.407 0.000 
0.000 0.000 0.108 0.920 0.435 0.000 0.696 0.698 0.000 
0.000 0.000 0.000 0.666 0.728 0.000 0.404 0.940 0.121 
0.000 0.000 0.000 0.377 0.955 0.134 0.184 0.991 0.296 
0.000 0.000 0.000 0.168 0.983 0.320 0.000 0.819 0.566 
0.000 0.000 0.000 0.000 0.792 0.596 0.000 0.530 0.849 
0.000 0.000 0.000 0.000 0.500 0.872 0.000 0.269 0.997 
0.000 0.000 0.000 0.000 0.248 1.000 0.224 0.107 0.918 
0.000 0.000 0.000 0.000 0.000 0.898 0.466 0.000 0.663 
0.000 0.000 0.000 0.000 0.000 0.632 0.759 0.000 0.375 
0.000 0.000 0.000 0.000 0.000 0.349 0.970 0.150 0.166 
0.000 0.000 0.000 0.000 0.000 0.151 0.971 0.347 0.000 
0.000 0.000 0.000 0.000 0.000 0.000 0.762 0.630 0.000 
0.000 0.000 0.000 0.000 0.000 0.000 0.468 0.896 0.000 
# 3 2 31 9
0.000 0.896 0.468 0.000 0.000 0.000 0.000 0.000 0.000 
0.000 0.630 0.762 0.000 0.000 0.000 0.000 0.000 0.000 
0.000 0.347 0.971 0.151 0.000 0.000 0.000 0.000 0.000 
0.166 0.150 0.970 0.349 0.000 0.000 0.000 0.000 0.000 
0.375 0.000 0.759 0.632 0.000 0.000 0.000 0.000 0.000 
0.663 0.000 0.466 0.898 0.000 0.000 0.000 0.000 0.000 
0.918 0.107 0.224 1.000 0.248 0.000 0.000 0.000 0.000 
0.997 0.269 0.000 0.872 0.500 0.000 0.000 0.000 0.000 
0.849 0.530 0.000 0.596 0.792 0.000 0.000 0.000 0.000 
0.566 0.819 0.000 0.320 0.983 0.168 0.000 0.000 0.000 
0.296 0.991 0.184 0.134 0.955 0.377 0.000 0.000 0.000 
0.121 0.940 0.404 0.000 0.728 0.666 0.000 0.000 0.000 
0.000 0.698 0.696 0.000 0.435 0.920 0.108 0.000 0.000 
0.000 0.407 0.938 0.120 0.203 0.997 0.271 0.000 0.000 
0.000 0.186 0.991 0.294 0.000 0.846 0.533 0.000 0.000 
0.000 0.000 0.821 0.563 0.000 0.563 0.821 0.000 0.000 
0.000 0.000 0.533 0.846 0.000 0.294 0.991 0.186 0.000 
0.000 0.000 0.271 0.997 0.203 0.120 0.938 0.407 0.000 
0.000 0.000 0.108 0.920 0.435 0.000 0.696 0.698 0.000 
0.000 0.000 0.000 0.666 0.728 0.000 0.404 0.940 0.121 
0.000 0.000 0.000 0.377 0.955 0.134 0.184 0.991 0.296 
0.000 0.000 0.000 0.168 0.983 0.320 0.000 0.819 0.566 
0.000 0.000 0.000 0.000 0.792 0.596 0.000 0.530 0.849 
0.000 0.000 0.000 0.000 0.500 0.872 0.000 0.269 0.997 
0.000 0.000 0.000 0.000 0.248 1.000 0.224 0.107 0.918 
0.000 0.000 0.000 0.000 0.000 0.898 0.466 0.000 0.663 
0.000 0.000 0.000 0.000 0.000 0.632 0.759 0.000 0.375 
0.000 0.000 0.000 0.000 0.000 0.349 0.970 0.150 0.166 
0.000 0.000 0.000 0.000 0.000 0.151 0.971 0.347 0.000 
0.000 0.000 0.000 0.000 0.000 0.000 0.762 0.630 0.000 
0.000 0.000 0.000 0.000 0.000 0.000 0.468 0.896 0.000 
