3.645151
4
# 0 1 31 50
0.000 0.000 0.000 0.000 0.000 0.115 0.179 0.265 0.373 0.499 0.635 0.768 0.882 0.963 0.999 0.985 0.923 0.822 0.695 0.559 0.427 0.310 0.214 0.140 0.000 0.000 0.000 0.000 0.000 0.000 0.000 0.000 0.000 0.000 0.000 0.000 0.000 0.000 0.000 0.000 0.000 0.000 0.000 0.000 0.000 0.000 0.000 0.000 0.000 0.000 
0.000 0.000 0.000 0.000 0.000 0.000 0.000 0.137 0.209 0.304 0.420 0.551 0.688 0.815 0.918 0.982 0.999 0.966 0.887 0.775 0.643 0.507 0.380 0.270 0.183 0.118 0.000 0.000 0.000 0.000 0.000 0.000 0.000 0.000 0.000 0.000 0.000 0.000 0.000 0.000 0.000 0.000 0.000 0.000 0.000 0.000 0.000 0.000 0.000 0.000 
0.000 0.000 0.000 0.000 0.000 0.000 0.000 0.000 0.103 0.162 0.243 0.347 0.470 0.604 0.739 0.858 0.948 0.995 0.992 0.941 0.847 0.725 0.590 0.456 0.335 0.234 0.155 0.000 0.000 0.000 0.000 0.000 0.000 0.000 0.000 0.000 0.000 0.000 0.000 0.000 0.000 0.000 0.000 0.000 0.000 0.000 0.000 0.000 0.000 0.000 
0.141 0.000 0.000 0.000 0.000 0.000 0.000 0.000 0.000 0.000 0.124 0.191 0.281 0.392 0.521 0.657 0.788 0.897 0.972 1.000 0.978 0.909 0.803 0.674 0.537 0.407 0.293 0.201 0.131 0.000 0.000 0.000 0.000 0.000 0.000 0.000 0.000 0.000 0.000 0.000 0.000 0.000 0.000 0.000 0.000 0.000 0.000 0.000 0.000 0.000 
0.271 0.184 0.118 0.000 0.000 0.000 0.000 0.000 0.000 0.000 0.000 0.000 0.147 0.223 0.322 0.440 0.573 0.709 0.834 0.931 0.989 0.997 0.956 0.871 0.754 0.621 0.485 0.361 0.255 0.171 0.109 0.000 0.000 0.000 0.000 0.000 0.000 0.000 0.000 0.000 0.000 0.000 0.000 0.000 0.000 0.000 0.000 0.000 0.000 0.000 
0.457 0.336 0.235 0.156 0.000 0.000 0.000 0.000 0.000 0.000 0.000 0.000 0.000 0.111 0.174 0.259 0.365 0.491 0.626 0.759 0.875 0.959 0.998 0.987 0.928 0.829 0.704 0.568 0.435 0.317 0.220 0.145 0.000 0.000 0.000 0.000 0.000 0.000 0.000 0.000 0.000 0.000 0.000 0.000 0.000 0.000 0.000 0.000 0.000 0.000 
0.674 0.538 0.408 0.294 0.201 0.131 0.000 0.000 0.000 0.000 0.000 0.000 0.000 0.000 0.000 0.133 0.204 0.297 0.412 0.543 0.679 0.807 0.912 0.980 1.000 0.970 0.894 0.783 0.652 0.515 0.388 0.277 0.188 0.121 0.000 0.000 0.000 0.000 0.000 0.000 0.000 0.000 0.000 0.000 0.000 0.000 0.000 0.000 0.000 0.000 
0.872 0.755 0.622 0.486 0.362 0.255 0.172 0.109 0.000 0.000 0.000 0.000 0.000 0.000 0.000 0.000 0.000 0.158 0.237 0.339 0.461 0.595 0.730 0.851 0.943 0.993 0.994 0.945 0.854 0.734 0.599 0.464 0.342 0.240 0.160 0.101 0.000 0.000 0.000 0.000 0.000 0.000 0.000 0.000 0.000 0.000 0.000 0.000 0.000 0.000 
0.987 0.929 0.830 0.705 0.569 0.436 0.318 0.220 0.145 0.000 0.000 0.000 0.000 0.000 0.000 0.000 0.000 0.000 0.120 0.186 0.274 0.385 0.512 0.648 0.780 0.891 0.968 1.000 0.981 0.914 0.810 0.682 0.546 0.415 0.300 0.206 0.134 0.000 0.000 0.000 0.000 0.000 0.000 0.000 0.000 0.000 0.000 0.000 0.000 0.000 
0.979 1.000 0.970 0.894 0.784 0.653 0.516 0.388 0.278 0.189 0.122 0.000 0.000 0.000 0.000 0.000 0.000 0.000 0.000 0.000 0.143 0.218 0.315 0.432 0.564 0.700 0.826 0.926 0.986 0.998 0.960 0.878 0.763 0.630 0.494 0.368 0.261 0.176 0.112 0.000 0.000 0.000 0.000 0.000 0.000 0.000 0.000 0.000 0.000 0.000 
0.851 0.943 0.993 0.994 0.946 0.855 0.735 0.600 0.465 0.343 0.240 0.160 0.101 0.000 0.000 0.000 0.000 0.000 0.000 0.000 0.000 0.108 0.169 0.252 0.358 0.482 0.617 0.751 0.869 0.955 0.997 0.989 0.933 0.836 0.712 0.577 0.444 0.324 0.225 0.149 0.000 0.000 0.000 0.000 0.000 0.000 0.000 0.000 0.000 0.000 
0.647 0.779 0.891 0.968 1.000 0.981 0.915 0.811 0.683 0.547 0.416 0.301 0.207 0.135 0.000 0.000 0.000 0.000 0.000 0.000 0.000 0.000 0.000 0.129 0.199 0.291 0.404 0.534 0.670 0.799 0.906 0.977 1.000 0.973 0.900 0.791 0.660 0.524 0.395 0.283 0.193 0.125 0.000 0.000 0.000 0.000 0.000 0.000 0.000 0.000 
0.431 0.563 0.700 0.825 0.925 0.986 0.998 0.961 0.879 0.764 0.631 0.495 0.369 0.262 0.176 0.113 0.000 0.000 0.000 0.000 0.000 0.000 0.000 0.000 0.000 0.154 0.232 0.332 0.453 0.586 0.722 0.844 0.939 0.992 0.995 0.950 0.861 0.742 0.608 0.473 0.350 0.246 0.164 0.104 0.000 0.000 0.000 0.000 0.000 0.000 
0.252 0.357 0.481 0.616 0.750 0.868 0.954 0.997 0.990 0.934 0.837 0.713 0.578 0.445 0.325 0.226 0.149 0.000 0.000 0.000 0.000 0.000 0.000 0.000 0.000 0.000 0.116 0.181 0.268 0.377 0.504 0.639 0.772 0.885 0.965 0.999 0.983 0.920 0.818 0.691 0.555 0.423 0.307 0.211 0.138 0.000 0.000 0.000 0.000 0.000 
0.129 0.198 0.290 0.403 0.533 0.669 0.799 0.906 0.976 1.000 0.973 0.900 0.792 0.661 0.525 0.396 0.284 0.194 0.125 0.000 0.000 0.000 0.000 0.000 0.000 0.000 0.000 0.000 0.139 0.212 0.308 0.424 0.556 0.692 0.819 0.921 0.984 0.999 0.964 0.884 0.771 0.638 0.503 0.376 0.267 0.181 0.116 0.000 0.000 0.000 
0.000 0.000 0.153 0.231 0.331 0.452 0.585 0.721 0.844 0.938 0.991 0.996 0.950 0.862 0.743 0.609 0.474 0.350 0.246 0.165 0.105 0.000 0.000 0.000 0.000 0.000 0.000 0.000 0.000 0.105 0.165 0.246 0.350 0.474 0.609 0.743 0.862 0.950 0.996 0.991 0.938 0.844 0.721 0.585 0.452 0.331 0.231 0.153 0.000 0.000 
0.000 0.000 0.000 0.116 0.181 0.267 0.376 0.503 0.638 0.771 0.884 0.964 0.999 0.984 0.921 0.819 0.692 0.556 0.424 0.308 0.212 0.139 0.000 0.000 0.000 0.000 0.000 0.000 0.000 0.000 0.000 0.125 0.194 0.284 0.396 0.525 0.661 0.792 0.900 0.973 1.000 0.976 0.906 0.799 0.669 0.533 0.403 0.290 0.198 0.129 
0.000 0.000 0.000 0.000 0.000 0.138 0.211 0.307 0.423 0.555 0.691 0.818 0.920 0.983 0.999 0.965 0.885 0.772 0.639 0.504 0.377 0.268 0.181 0.116 0.000 0.000 0.000 0.000 0.000 0.000 0.000 0.000 0.000 0.149 0.226 0.325 0.445 0.578 0.713 0.837 0.934 0.990 0.997 0.954 0.868 0.750 0.616 0.481 0.357 0.252 
0.000 0.000 0.000 0.000 0.000 0.000 0.104 0.164 0.246 0.350 0.473 0.608 0.742 0.861 0.950 0.995 0.992 0.939 0.844 0.722 0.586 0.453 0.332 0.232 0.154 0.000 0.000 0.000 0.000 0.000 0.000 0.000 0.000 0.000 0.113 0.176 0.262 0.369 0.495 0.631 0.764 0.879 0.961 0.998 0.986 0.925 0.825 0.700 0.563 0.431 
0.000 0.000 0.000 0.000 0.000 0.000 0.000 0.000 0.125 0.193 0.283 0.395 0.524 0.660 0.791 0.900 0.973 1.000 0.977 0.906 0.799 0.670 0.534 0.404 0.291 0.199 0.129 0.000 0.000 0.000 0.000 0.000 0.000 0.000 0.000 0.000 0.135 0.207 0.301 0.416 0.547 0.683 0.811 0.915 0.981 1.000 0.968 0.891 0.779 0.647 
0.000 0.000 0.000 0.000 0.000 0.000 0.000 0.000 0.000 0.000 0.149 0.225 0.324 0.444 0.577 0.712 0.836 0.933 0.989 0.997 0.955 0.869 0.751 0.617 0.482 0.358 0.252 0.169 0.108 0.000 0.000 0.000 0.000 0.000 0.000 0.000 0.000 0.101 0.160 0.240 0.343 0.465 0.600 0.735 0.855 0.946 0.994 0.993 0.943 0.851 
0.000 0.000 0.000 0.000 0.000 0.000 0.000 0.000 0.000 0.000 0.000 0.112 0.176 0.261 0.368 0.494 0.630 0.763 0.878 0.960 0.998 0.986 0.926 0.826 0.700 0.564 0.432 0.315 0.218 0.143 0.000 0.000 0.000 0.000 0.000 0.000 0.000 0.000 0.000 0.122 0.189 0.278 0.388 0.516 0.653 0.784 0.894 0.970 1.000 0.979 
0.000 0.000 0.000 0.000 0.000 0.000 0.000 0.000 0.000 0.000 0.000 0.000 0.000 0.134 0.206 0.300 0.415 0.546 0.682 0.810 0.914 0.981 1.000 0.968 0.891 0.780 0.648 0.512 0.385 0.274 0.186 0.120 0.000 0.000 0.000 0.000 0.000 0.000 0.000 0.000 0.000 0.145 0.220 0.318 0.436 0.569 0.705 0.830 0.929 0.987 
0.000 0.000 0.000 0.000 0.000 0.000 0.000 0.000 0.000 0.000 0.000 0.000 0.000 0.000 0.101 0.160 0.240 0.342 0.464 0.599 0.734 0.854 0.945 0.994 0.993 0.943 0.851 0.730 0.595 0.461 0.339 0.237 0.158 0.000 0.000 0.000 0.000 0.000 0.000 0.000 0.000 0.000 0.109 0.172 0.255 0.362 0.486 0.622 0.755 0.872 
0.000 0.000 0.000 0.000 0.000 0.000 0.000 0.000 0.000 0.000 0.000 0.000 0.000 0.000 0.000 0.000 0.121 0.188 0.277 0.388 0.515 0.652 0.783 0.894 0.970 1.000 0.980 0.912 0.807 0.679 0.543 0.412 0.297 0.204 0.133 0.000 0.000 0.000 0.000 0.000 0.000 0.000 0.000 0.000 0.131 0.201 0.294 0.408 0.538 0.674 
0.000 0.000 0.000 0.000 0.000 0.000 0.000 0.000 0.000 0.000 0.000 0.000 0.000 0.000 0.000 0.000 0.000 0.000 0.145 0.220 0.317 0.435 0.568 0.704 0.829 0.928 0.987 0.998 0.959 0.875 0.759 0.626 0.491 0.365 0.259 0.174 0.111 0.000 0.000 0.000 0.000 0.000 0.000 0.000 0.000 0.000 0.156 0.235 0.336 0.457 
0.000 0.000 0.000 0.000 0.000 0.000 0.000 0.000 0.000 0.000 0.000 0.000 0.000 0.000 0.000 0.000 0.000 0.000 0.000 0.109 0.171 0.255 0.361 0.485 0.621 0.754 0.871 0.956 0.997 0.989 0.931 0.834 0.709 0.573 0.440 0.322 0.223 0.147 0.000 0.000 0.000 0.000 0.000 0.000 0.000 0.000 0.000 0.118 0.184 0.271 
0.000 0.000 0.000 0.000 0.000 0.000 0.000 0.000 0.000 0.000 0.000 0.000 0.000 0.000 0.000 0.000 0.000 0.000 0.000 0.000 0.000 0.131 0.201 0.293 0.407 0.537 0.674 0.803 0.909 0.978 1.000 0.972 0.897 0.788 0.657 0.521 0.392 0.281 0.191 0.124 0.000 0.000 0.000 0.000 0.000 0.000 0.000 0.000 0.000 0.141 
0.000 0.000 0.000 0.000 0.000 0.000 0.000 0.000 0.000 0.000 0.000 0.000 0.000 0.000 0.000 0.000 0.000 0.000 0.000 0.000 0.000 0.000 0.000 0.155 0.234 0.335 0.456 0.590 0.725 0.847 0.941 0.992 0.995 0.948 0.858 0.739 0.604 0.470 0.347 0.243 0.162 0.103 0.000 0.000 0.000 0.000 0.000 0.000 0.000 0.000 
0.000 0.000 0.000 0.000 0.000 0.000 0.000 0.000 0.000 0.000 0.000 0.000 0.000 0.000 0.000 0.000 0.000 0.000 0.000 0.000 0.000 0.000 0.000 0.000 0.118 0.183 0.270 0.380 0.507 0.643 0.775 0.887 0.966 0.999 0.982 0.918 0.815 0.688 0.551 0.420 0.304 0.209 0.137 0.000 0.000 0.000 0.000 0.000 0.000 0.000 
0.000 0.000 0.000 0.000 0.000 0.000 0.000 0.000 0.000 0.000 0.000 0.000 0.000 0.000 0.000 0.000 0.000 0.000 0.000 0.000 0.000 0.000 0.000 0.000 0.000 0.000 0.140 0.214 0.310 0.427 0.559 0.695 0.822 0.923 0.985 0.999 0.963 0.882 0.768 0.635 0.499 0.373 0.265 0.179 0.115 0.000 0.000 0.000 0.000 0.000 
# 0 2 31 50
0.000 0.000 0.000 0.000 0.000 0.115 0.179 0.265 0.373 0.499 0.635 0.768 0.882 0.963 0.999 0.985 0.923 0.822 0.695 0.559 0.427 0.310 0.214 0.140 0.000 0.000 0.000 0.000 0.000 0.000 0.000 0.000 0.000 0.000 0.000 0.000 0.000 0.000 0.000 0.000 0.000 0.000 0.000 0.000 0.000 0.000 0.000 0.000 0.000 0.000 
0.000 0.000 0.000 0.000 0.000 0.000 0.000 0.137 0.209 0.304 0.420 0.551 0.688 0.815 0.918 0.982 0.999 0.966 0.887 0.775 0.643 0.507 0.380 0.270 0.183 0.118 0.000 0.000 0.000 0.000 0.000 0.000 0.000 0.000 0.000 0.000 0.000 0.000 0.000 0.000 0.000 0.000 0.000 0.000 0.000 0.000 0.000 0.000 0.000 0.000 
0.000 0.000 0.000 0.000 0.000 0.000 0.000 0.000 0.103 0.162 0.243 0.347 0.470 0.604 0.739 0.858 0.948 0.995 0.992 0.941 0.847 0.725 0.590 0.456 0.335 0.234 0.155 0.000 0.000 0.000 0.000 0.000 0.000 0.000 0.000 0.000 0.000 0.000 0.000 0.000 0.000 0.000 0.000 0.000 0.000 0.000 0.000 0.000 0.000 0.000 
0.141 0.000 0.000 0.000 0.000 0.000 0.000 0.000 0.000 0.000 0.124 0.191 0.281 0.392 0.521 0.657 0.788 0.897 0.972 1.000 0.978 0.909 0.803 0.674 0.537 0.407 0.293 0.201 0.131 0.000 0.000 0.000 0.000 0.000 0.000 0.000 0.000 0.000 0.000 0.000 0.000 0.000 0.000 0.000 0.000 0.000 0.000 0.000 0.000 0.000 
0.271 0.184 0.118 0.000 0.000 0.000 0.000 0.000 0.000 0.000 0.000 0.000 0.147 0.223 0.322 0.440 0.573 0.709 0.834 0.931 0.989 0.997 0.956 0.871 0.754 0.621 0.485 0.361 0.255 0.171 0.109 0.000 0.000 0.000 0.000 0.000 0.000 0.000 0.000 0.000 0.000 0.000 0.000 0.000 0.000 0.000 0.000 0.000 0.000 0.000 
0.457 0.336 0.235 0.156 0.000 0.000 0.000 0.000 0.000 0.000 0.000 0.000 0.000 0.111 0.174 0.259 0.365 0.491 0.626 0.759 0.875 0.959 0.998 0.987 0.928 0.829 0.704 0.568 0.435 0.317 0.220 0.145 0.000 0.000 0.000 0.000 0.000 0.000 0.000 0.000 0.000 0.000 0.000 0.000 0.000 0.000 0.000 0.000 0.000 0.000 
0.674 0.538 0.408 0.294 0.201 0.131 0.000 0.000 0.000 0.000 0.000 0.000 0.000 0.000 0.000 0.133 0.204 0.297 0.412 0.543 0.679 0.807 0.912 0.980 1.000 0.970 0.894 0.783 0.652 0.515 0.388 0.277 0.188 0.121 0.000 0.000 0.000 0.000 0.000 0.000 0.000 0.000 0.000 0.000 0.000 0.000 0.000 0.000 0.000 0.000 
0.872 0.755 0.622 0.486 0.362 0.255 0.172 0.109 0.000 0.000 0.000 0.000 0.000 0.000 0.000 0.000 0.000 0.158 0.237 0.339 0.461 0.595 0.730 0.851 0.943 0.993 0.994 0.945 0.854 0.734 0.599 0.464 0.342 0.240 0.160 0.101 0.000 0.000 0.000 0.000 0.000 0.000 0.000 0.000 0.000 0.000 0.000 0.000 0.000 0.000 
0.987 0.929 0.830 0.705 0.569 0.436 0.318 0.220 0.145 0.000 0.000 0.000 0.000 0.000 0.000 0.000 0.000 0.000 0.120 0.186 0.274 0.385 0.512 0.648 0.780 0.891 0.968 1.000 0.981 0.914 0.810 0.682 0.546 0.415 0.300 0.206 0.134 0.000 0.000 0.000 0.000 0.000 0.000 0.000 0.000 0.000 0.000 0.000 0.000 0.000 
0.979 1.000 0.970 0.894 0.784 0.653 0.516 0.388 0.278 0.189 0.122 0.000 0.000 0.000 0.000 0.000 0.000 0.000 0.000 0.000 0.143 0.218 0.315 0.432 0.564 0.700 0.826 0.926 0.986 0.998 0.960 0.878 0.763 0.630 0.494 0.368 0.261 0.176 0.112 0.000 0.000 0.000 0.000 0.000 0.000 0.000 0.000 0.000 0.000 0.000 
0.851 0.943 0.993 0.994 0.946 0.855 0.735 0.600 0.465 0.343 0.240 0.160 0.101 0.000 0.000 0.000 0.000 0.000 0.000 0.000 0.000 0.108 0.169 0.252 0.358 0.482 0.617 0.751 0.869 0.955 0.997 0.989 0.933 0.836 0.712 0.577 0.444 0.324 0.225 0.149 0.000 0.000 0.000 0.000 0.000 0.000 0.000 0.000 0.000 0.000 
0.647 0.779 0.891 0.968 1.000 0.981 0.915 0.811 0.683 0.547 0.416 0.301 0.207 0.135 0.000 0.000 0.000 0.000 0.000 0.000 0.000 0.000 0.000 0.129 0.199 0.291 0.404 0.534 0.670 0.799 0.906 0.977 1.000 0.973 0.900 0.791 0.660 0.524 0.395 0.283 0.193 0.125 0.000 0.000 0.000 0.000 0.000 0.000 0.000 0.000 
0.431 0.563 0.700 0.825 0.925 0.986 0.998 0.961 0.879 0.764 0.631 0.495 0.369 0.262 0.176 0.113 0.000 0.000 0.000 0.000 0.000 0.000 0.000 0.000 0.000 0.154 0.232 0.332 0.453 0.586 0.722 0.844 0.939 0.992 0.995 0.950 0.861 0.742 0.608 0.473 0.350 0.246 0.164 0.104 0.000 0.000 0.000 0.000 0.000 0.000 
0.252 0.357 0.481 0.616 0.750 0.868 0.954 0.997 0.990 0.934 0.837 0.713 0.578 0.445 0.325 0.226 0.149 0.000 0.000 0.000 0.000 0.000 0.000 0.000 0.000 0.000 0.116 0.181 0.268 0.377 0.504 0.639 0.772 0.885 0.965 0.999 0.983 0.920 0.818 0.691 0.555 0.423 0.307 0.211 0.138 0.000 0.000 0.000 0.000 0.000 
0.129 0.198 0.290 0.403 0.533 0.669 0.799 0.906 0.976 1.000 0.973 0.900 0.792 0.661 0.525 0.396 0.284 0.194 0.125 0.000 0.000 0.000 0.000 0.000 0.000 0.000 0.000 0.000 0.139 0.212 0.308 0.424 0.556 0.692 0.819 0.921 0.984 0.999 0.964 0.884 0.771 0.638 0.503 0.376 0.267 0.181 0.116 0.000 0.000 0.000 
0.000 0.000 0.153 0.231 0.331 0.452 0.585 0.721 0.844 0.938 0.991 0.996 0.950 0.862 0.743 0.609 0.474 0.350 0.246 0.165 0.105 0.000 0.000 0.000 0.000 0.000 0.000 0.000 0.000 0.105 0.165 0.246 0.350 0.474 0.609 0.743 0.862 0.950 0.996 0.991 0.938 0.844 0.721 0.585 0.452 0.331 0.231 0.153 0.000 0.000 
0.000 0.000 0.000 0.116 0.181 0.267 0.376 0.503 0.638 0.771 0.884 0.964 0.999 0.984 0.921 0.819 0.692 0.556 0.424 0.308 0.212 0.139 0.000 0.000 0.000 0.000 0.000 0.000 0.000 0.000 0.000 0.125 0.194 0.284 0.396 0.525 0.661 0.792 0.900 0.973 1.000 0.976 0.906 0.799 0.669 0.533 0.403 0.290 0.198 0.129 
0.000 0.000 0.000 0.000 0.000 0.138 0.211 0.307 0.423 0.555 0.691 0.818 0.920 0.983 0.999 0.965 0.885 0.772 0.639 0.504 0.377 0.268 0.181 0.116 0.000 0.000 0.000 0.000 0.000 0.000 0.000 0.000 0.000 0.149 0.226 0.325 0.445 0.578 0.713 0.837 0.934 0.990 0.997 0.954 0.868 0.750 0.616 0.481 0.357 0.252 
0.000 0.000 0.000 0.000 0.000 0.000 0.104 0.164 0.246 0.350 0.473 0.608 0.742 0.861 0.950 0.995 0.992 0.939 0.844 0.722 0.586 0.453 0.332 0.232 0.154 0.000 0.000 0.000 0.000 0.000 0.000 0.000 0.000 0.000 0.113 0.176 0.262 0.369 0.495 0.631 0.764 0.879 0.961 0.998 0.986 0.925 0.825 0.700 0.563 0.431 
0.000 0.000 0.000 0.000 0.000 0.000 0.000 0.000 0.125 0.193 0.283 0.395 0.524 0.660 0.791 0.900 0.973 1.000 0.977 0.906 0.799 0.670 0.534 0.404 0.291 0.199 0.129 0.000 0.000 0.000 0.000 0.000 0.000 0.000 0.000 0.000 0.135 0.207 0.301 0.416 0.547 0.683 0.811 0.915 0.981 1.000 0.968 0.891 0.779 0.647 
0.000 0.000 0.000 0.000 0.000 0.000 0.000 0.000 0.000 0.000 0.149 0.225 0.324 0.444 0.577 0.712 0.836 0.933 0.989 0.997 0.955 0.869 0.751 0.617 0.482 0.358 0.252 0.169 0.108 0.000 0.000 0.000 0.000 0.000 0.000 0.000 0.000 0.101 0.160 0.240 0.343 0.465 0.600 0.735 0.855 0.946 0.994 0.993 0.943 0.851 
0.000 0.000 0.000 0.000 0.000 0.000 0.000 0.000 0.000 0.000 0.000 0.112 0.176 0.261 0.368 0.494 0.630 0.763 0.878 0.960 0.998 0.986 0.926 0.826 0.700 0.564 0.432 0.315 0.218 0.143 0.000 0.000 0.000 0.000 0.000 0.000 0.000 0.000 0.000 0.122 0.189 0.278 0.388 0.516 0.653 0.784 0.894 0.970 1.000 0.979 
0.000 0.000 0.000 0.000 0.000 0.000 0.000 0.000 0.000 0.000 0.000 0.000 0.000 0.134 0.206 0.300 0.415 0.546 0.682 0.810 0.914 0.981 1.000 0.968 0.891 0.780 0.648 0.512 0.385 0.274 0.186 0.120 0.000 0.000 0.000 0.000 0.000 0.000 0.000 0.000 0.000 0.145 0.220 0.318 0.436 0.569 0.705 0.830 0.929 0.987 
0.000 0.000 0.000 0.000 0.000 0.000 0.000 0.000 0.000 0.000 0.000 0.000 0.000 0.000 0.101 0.160 0.240 0.342 0.464 0.599 0.734 0.854 0.945 0.994 0.993 0.943 0.851 0.730 0.595 0.461 0.339 0.237 0.158 0.000 0.000 0.000 0.000 0.000 0.000 0.000 0.000 0.000 0.109 0.172 0.255 0.362 0.486 0.622 0.755 0.872 
0.000 0.000 0.000 0.000 0.000 0.000 0.000 0.000 0.000 0.000 0.000 0.000 0.000 0.000 0.000 0.000 0.121 0.188 0.277 0.388 0.515 0.652 0.783 0.894 0.970 1.000 0.980 0.912 0.807 0.679 0.543 0.412 0.297 0.204 0.133 0.000 0.000 0.000 0.000 0.000 0.000 0.000 0.000 0.000 0.131 0.201 0.294 0.408 0.538 0.674 
0.000 0.000 0.000 0.000 0.000 0.000 0.000 0.000 0.000 0.000 0.000 0.000 0.000 0.000 0.000 0.000 0.000 0.000 0.145 0.220 0.317 0.435 0.568 0.704 0.829 0.928 0.987 0.998 0.959 0.875 0.759 0.626 0.491 0.365 0.259 0.174 0.111 0.000 0.000 0.000 0.000 0.000 0.000 0.000 0.000 0.000 0.156 0.235 0.336 0.457 
0.000 0.000 0.000 0.000 0.000 0.000 0.000 0.000 0.000 0.000 0.000 0.000 0.000 0.000 0.000 0.000 0.000 0.000 0.000 0.109 0.171 0.255 0.361 0.485 0.621 0.754 0.871 0.956 0.997 0.989 0.931 0.834 0.709 0.573 0.440 0.322 0.223 0.147 0.000 0.000 0.000 0.000 0.000 0.000 0.000 0.000 0.000 0.118 0.184 0.271 
0.000 0.000 0.000 0.000 0.000 0.000 0.000 0.000 0.000 0.000 0.000 0.000 0.000 0.000 0.000 0.000 0.000 0.000 0.000 0.000 0.000 0.131 0.201 0.293 0.407 0.537 0.674 0.803 0.909 0.978 1.000 0.972 0.897 0.788 0.657 0.521 0.392 0.281 0.191 0.124 0.000 0.000 0.000 0.000 0.000 0.000 0.000 0.000 0.000 0.141 
0.000 0.000 0.000 0.000 0.000 0.000 0.000 0.000 0.000 0.000 0.000 0.000 0.000 0.000 0.000 0.000 0.000 0.000 0.000 0.000 0.000 0.000 0.000 0.155 0.234 0.335 0.456 0.590 0.725 0.847 0.941 0.992 0.995 0.948 0.858 0.739 0.604 0.470 0.347 0.243 0.162 0.103 0.000 0.000 0.000 0.000 0.000 0.000 0.000 0.000 
0.000 0.000 0.000 0.000 0.000 0.000 0.000 0.000 0.000 0.000 0.000 0.000 0.000 0.000 0.000 0.000 0.000 0.000 0.000 0.000 0.000 0.000 0.000 0.000 0.118 0.183 0.270 0.380 0.507 0.643 0.775 0.887 0.966 0.999 0.982 0.918 0.815 0.688 0.551 0.420 0.304 0.209 0.137 0.000 0.000 0.000 0.000 0.000 0.000 0.000 
0.000 0.000 0.000 0.000 0.000 0.000 0.000 0.000 0.000 0.000 0.000 0.000 0.000 0.000 0.000 0.000 0.000 0.000 0.000 0.000 0.000 0.000 0.000 0.000 0.000 0.000 0.140 0.214 0.310 0.427 0.559 0.695 0.822 0.923 0.985 0.999 0.963 0.882 0.768 0.635 0.499 0.373 0.265 0.179 0.115 0.000 0.000 0.000 0.000 0.000 
# 0 3 9 50
0.000 0.000 0.000 0.000 0.000 0.000 0.000 0.116 0.181 0.268 0.376 0.503 0.639 0.771 0.885 0.964 0.999 0.984 0.920 0.818 0.691 0.555 0.424 0.307 0.212 0.139 0.000 0.000 0.000 0.000 0.000 0.000 0.000 0.000 0.000 0.000 0.000 0.000 0.000 0.000 0.000 0.000 0.000 0.000 0.000 0.000 0.000 0.000 0.000 0.000 
0.390 0.279 0.189 0.122 0.000 0.000 0.000 0.000 0.000 0.000 0.000 0.000 0.000 0.142 0.217 0.313 0.431 0.563 0.699 0.825 0.925 0.986 0.998 0.961 0.879 0.764 0.631 0.495 0.370 0.262 0.177 0.113 0.000 0.000 0.000 0.000 0.000 0.000 0.000 0.000 0.000 0.000 0.000 0.000 0.000 0.000 0.000 0.000 0.000 0.000 
0.993 0.942 0.850 0.728 0.593 0.459 0.338 0.236 0.157 0.000 0.000 0.000 0.000 0.000 0.000 0.000 0.000 0.000 0.110 0.173 0.257 0.363 0.488 0.624 0.757 0.873 0.958 0.998 0.988 0.929 0.831 0.706 0.570 0.438 0.319 0.221 0.146 0.000 0.000 0.000 0.000 0.000 0.000 0.000 0.000 0.000 0.000 0.000 0.000 0.000 
0.525 0.661 0.792 0.900 0.973 1.000 0.976 0.906 0.799 0.669 0.533 0.403 0.290 0.198 0.129 0.000 0.000 0.000 0.000 0.000 0.000 0.000 0.000 0.000 0.135 0.207 0.302 0.417 0.548 0.684 0.812 0.916 0.981 1.000 0.967 0.890 0.778 0.646 0.510 0.383 0.273 0.185 0.119 0.000 0.000 0.000 0.000 0.000 0.000 0.000 
0.000 0.000 0.153 0.231 0.331 0.452 0.585 0.721 0.844 0.938 0.991 0.996 0.950 0.862 0.743 0.609 0.474 0.350 0.246 0.165 0.105 0.000 0.000 0.000 0.000 0.000 0.000 0.000 0.000 0.105 0.165 0.246 0.350 0.474 0.609 0.743 0.862 0.950 0.996 0.991 0.938 0.844 0.721 0.585 0.452 0.331 0.231 0.153 0.000 0.000 
0.000 0.000 0.000 0.000 0.000 0.000 0.000 0.119 0.185 0.273 0.383 0.510 0.646 0.778 0.890 0.967 1.000 0.981 0.916 0.812 0.684 0.548 0.417 0.302 0.207 0.135 0.000 0.000 0.000 0.000 0.000 0.000 0.000 0.000 0.000 0.129 0.198 0.290 0.403 0.533 0.669 0.799 0.906 0.976 1.000 0.973 0.900 0.792 0.661 0.525 
0.000 0.000 0.000 0.000 0.000 0.000 0.000 0.000 0.000 0.000 0.000 0.000 0.000 0.146 0.221 0.319 0.438 0.570 0.706 0.831 0.929 0.988 0.998 0.958 0.873 0.757 0.624 0.488 0.363 0.257 0.173 0.110 0.000 0.000 0.000 0.000 0.000 0.000 0.000 0.000 0.000 0.157 0.236 0.338 0.459 0.593 0.728 0.850 0.942 0.993 
0.000 0.000 0.000 0.000 0.000 0.000 0.000 0.000 0.000 0.000 0.000 0.000 0.000 0.000 0.000 0.000 0.000 0.000 0.113 0.177 0.262 0.370 0.495 0.631 0.764 0.879 0.961 0.998 0.986 0.925 0.825 0.699 0.563 0.431 0.313 0.217 0.142 0.000 0.000 0.000 0.000 0.000 0.000 0.000 0.000 0.000 0.122 0.189 0.279 0.390 
0.000 0.000 0.000 0.000 0.000 0.000 0.000 0.000 0.000 0.000 0.000 0.000 0.000 0.000 0.000 0.000 0.000 0.000 0.000 0.000 0.000 0.000 0.000 0.000 0.139 0.212 0.307 0.424 0.555 0.691 0.818 0.920 0.984 0.999 0.964 0.885 0.771 0.639 0.503 0.376 0.268 0.181 0.116 0.000 0.000 0.000 0.000 0.000 0.000 0.000 
# 1 0 50 31
0.000 0.000 0.000 -0.236 -0.465 -0.739 -0.951 -0.990 -0.833 -0.567 -0.312 -0.139 0.000 0.000 0.000 0.000 0.000 0.000 0.000 0.000 0.000 0.000 0.000 0.000 0.000 0.000 0.000 0.000 0.000 0.000 0.000 
0.000 0.000 0.000 -0.140 -0.313 -0.568 -0.834 -0.990 -0.950 -0.738 -0.463 -0.235 0.000 0.000 0.000 0.000 0.000 0.000 0.000 0.000 0.000 0.000 0.000 0.000 0.000 0.000 0.000 0.000 0.000 0.000 0.000 
0.000 0.000 0.000 0.000 -0.194 -0.403 -0.674 -0.913 -0.999 -0.885 -0.634 -0.367 -0.172 0.000 0.000 0.000 0.000 0.000 0.000 0.000 0.000 0.000 0.000 0.000 0.000 0.000 0.000 0.000 0.000 0.000 0.000 
0.000 0.000 0.000 0.000 -0.111 -0.263 -0.502 -0.776 -0.969 -0.979 -0.799 -0.528 -0.282 -0.122 0.000 0.000 0.000 0.000 0.000 0.000 0.000 0.000 0.000 0.000 0.000 0.000 0.000 0.000 0.000 0.000 0.000 
-0.107 0.000 0.000 0.000 0.000 -0.158 -0.345 -0.607 -0.865 -0.997 -0.929 -0.700 -0.427 -0.210 0.000 0.000 0.000 0.000 0.000 0.000 0.000 0.000 0.000 0.000 0.000 0.000 0.000 0.000 0.000 0.000 0.000 
-0.188 0.000 0.000 0.000 0.000 0.000 -0.218 -0.438 -0.712 -0.936 -0.995 -0.856 -0.595 -0.334 -0.152 0.000 0.000 0.000 0.000 0.000 0.000 0.000 0.000 0.000 0.000 0.000 0.000 0.000 0.000 0.000 0.000 
-0.304 -0.134 0.000 0.000 0.000 0.000 -0.127 -0.292 -0.540 -0.810 -0.983 -0.963 -0.764 -0.490 -0.254 -0.107 0.000 0.000 0.000 0.000 0.000 0.000 0.000 0.000 0.000 0.000 0.000 0.000 0.000 0.000 0.000 
-0.454 -0.229 0.000 0.000 0.000 0.000 0.000 -0.179 -0.378 -0.646 -0.894 -1.000 -0.905 -0.662 -0.391 -0.187 0.000 0.000 0.000 0.000 0.000 0.000 0.000 0.000 0.000 0.000 0.000 0.000 0.000 0.000 0.000 
-0.624 -0.359 -0.167 0.000 0.000 0.000 0.000 -0.101 -0.244 -0.475 -0.750 -0.956 -0.987 -0.824 -0.556 -0.303 -0.134 0.000 0.000 0.000 0.000 0.000 0.000 0.000 0.000 0.000 0.000 0.000 0.000 0.000 0.000 
-0.791 -0.518 -0.275 -0.118 0.000 0.000 0.000 0.000 -0.145 -0.322 -0.579 -0.843 -0.992 -0.945 -0.727 -0.453 -0.228 0.000 0.000 0.000 0.000 0.000 0.000 0.000 0.000 0.000 0.000 0.000 0.000 0.000 0.000 
-0.923 -0.691 -0.418 -0.204 0.000 0.000 0.000 0.000 0.000 -0.201 -0.413 -0.685 -0.920 -0.999 -0.877 -0.623 -0.358 -0.166 0.000 0.000 0.000 0.000 0.000 0.000 0.000 0.000 0.000 0.000 0.000 0.000 0.000 
-0.994 -0.848 -0.585 -0.326 -0.147 0.000 0.000 0.000 0.000 -0.116 -0.271 -0.513 -0.786 -0.973 -0.975 -0.789 -0.517 -0.274 -0.117 0.000 0.000 0.000 0.000 0.000 0.000 0.000 0.000 0.000 0.000 0.000 0.000 
-0.985 -0.959 -0.755 -0.481 -0.247 -0.103 0.000 0.000 0.000 0.000 -0.164 -0.354 -0.618 -0.874 -0.998 -0.922 -0.689 -0.417 -0.204 0.000 0.000 0.000 0.000 0.000 0.000 0.000 0.000 0.000 0.000 0.000 0.000 
-0.901 -1.000 -0.898 -0.652 -0.383 -0.182 0.000 0.000 0.000 0.000 0.000 -0.225 -0.449 -0.723 -0.942 -0.993 -0.847 -0.584 -0.325 -0.147 0.000 0.000 0.000 0.000 0.000 0.000 0.000 0.000 0.000 0.000 0.000 
-0.759 -0.961 -0.984 -0.815 -0.546 -0.296 -0.130 0.000 0.000 0.000 0.000 -0.132 -0.300 -0.552 -0.820 -0.986 -0.958 -0.754 -0.479 -0.246 -0.103 0.000 0.000 0.000 0.000 0.000 0.000 0.000 0.000 0.000 0.000 
-0.589 -0.851 -0.994 -0.939 -0.718 -0.443 -0.222 0.000 0.000 0.000 0.000 0.000 -0.185 -0.388 -0.657 -0.902 -1.000 -0.897 -0.651 -0.382 -0.181 0.000 0.000 0.000 0.000 0.000 0.000 0.000 0.000 0.000 0.000 
-0.422 -0.695 -0.926 -0.998 -0.870 -0.613 -0.349 -0.161 0.000 0.000 0.000 0.000 -0.105 -0.251 -0.486 -0.760 -0.962 -0.984 -0.814 -0.545 -0.295 -0.129 0.000 0.000 0.000 0.000 0.000 0.000 0.000 0.000 0.000 
-0.278 -0.523 -0.794 -0.977 -0.971 -0.781 -0.508 -0.267 -0.113 0.000 0.000 0.000 0.000 -0.150 -0.331 -0.591 -0.852 -0.995 -0.939 -0.716 -0.442 -0.221 0.000 0.000 0.000 0.000 0.000 0.000 0.000 0.000 0.000 
-0.169 -0.362 -0.628 -0.881 -0.999 -0.916 -0.680 -0.408 -0.198 0.000 0.000 0.000 0.000 0.000 -0.208 -0.423 -0.696 -0.927 -0.998 -0.869 -0.612 -0.348 -0.160 0.000 0.000 0.000 0.000 0.000 0.000 0.000 0.000 
0.000 -0.232 -0.458 -0.733 -0.948 -0.991 -0.839 -0.574 -0.317 -0.142 0.000 0.000 0.000 0.000 -0.120 -0.279 -0.524 -0.796 -0.977 -0.970 -0.779 -0.506 -0.266 -0.113 0.000 0.000 0.000 0.000 0.000 0.000 0.000 
0.000 -0.136 -0.308 -0.561 -0.828 -0.988 -0.954 -0.744 -0.470 -0.240 0.000 0.000 0.000 0.000 0.000 -0.170 -0.364 -0.630 -0.882 -0.999 -0.915 -0.678 -0.406 -0.197 0.000 0.000 0.000 0.000 0.000 0.000 0.000 
0.000 0.000 -0.190 -0.396 -0.667 -0.908 -1.000 -0.890 -0.641 -0.373 -0.176 0.000 0.000 0.000 0.000 0.000 -0.232 -0.459 -0.734 -0.948 -0.991 -0.838 -0.572 -0.316 -0.141 0.000 0.000 0.000 0.000 0.000 0.000 
0.000 0.000 -0.109 -0.258 -0.495 -0.769 -0.966 -0.981 -0.805 -0.535 -0.287 -0.125 0.000 0.000 0.000 0.000 -0.137 -0.309 -0.563 -0.829 -0.989 -0.953 -0.743 -0.469 -0.239 0.000 0.000 0.000 0.000 0.000 0.000 
0.000 0.000 0.000 -0.155 -0.339 -0.600 -0.860 -0.996 -0.933 -0.707 -0.433 -0.215 0.000 0.000 0.000 0.000 0.000 -0.191 -0.398 -0.669 -0.909 -1.000 -0.889 -0.639 -0.372 -0.175 0.000 0.000 0.000 0.000 0.000 
0.000 0.000 0.000 0.000 -0.214 -0.432 -0.706 -0.932 -0.996 -0.861 -0.602 -0.340 -0.155 0.000 0.000 0.000 0.000 -0.109 -0.259 -0.497 -0.770 -0.966 -0.980 -0.804 -0.534 -0.286 -0.124 0.000 0.000 0.000 0.000 
0.000 0.000 0.000 0.000 -0.124 -0.286 -0.534 -0.804 -0.980 -0.966 -0.770 -0.497 -0.259 -0.109 0.000 0.000 0.000 0.000 -0.155 -0.340 -0.602 -0.861 -0.996 -0.932 -0.706 -0.432 -0.214 0.000 0.000 0.000 0.000 
0.000 0.000 0.000 0.000 0.000 -0.175 -0.372 -0.639 -0.889 -1.000 -0.909 -0.669 -0.398 -0.191 0.000 0.000 0.000 0.000 0.000 -0.215 -0.433 -0.707 -0.933 -0.996 -0.860 -0.600 -0.339 -0.155 0.000 0.000 0.000 
0.000 0.000 0.000 0.000 0.000 0.000 -0.239 -0.469 -0.743 -0.953 -0.989 -0.829 -0.563 -0.309 -0.137 0.000 0.000 0.000 0.000 -0.125 -0.287 -0.535 -0.805 -0.981 -0.966 -0.769 -0.495 -0.258 -0.109 0.000 0.000 
0.000 0.000 0.000 0.000 0.000 0.000 -0.141 -0.316 -0.572 -0.838 -0.991 -0.948 -0.734 -0.459 -0.232 0.000 0.000 0.000 0.000 0.000 -0.176 -0.373 -0.641 -0.890 -1.000 -0.908 -0.667 -0.396 -0.190 0.000 0.000 
0.000 0.000 0.000 0.000 0.000 0.000 0.000 -0.197 -0.406 -0.678 -0.915 -0.999 -0.882 -0.630 -0.364 -0.170 0.000 0.000 0.000 0.000 0.000 -0.240 -0.470 -0.744 -0.954 -0.988 -0.828 -0.561 -0.308 -0.136 0.000 
0.000 0.000 0.000 0.000 0.000 0.000 0.000 -0.113 -0.266 -0.506 -0.779 -0.970 -0.977 -0.796 -0.524 -0.279 -0.120 0.000 0.000 0.000 0.000 -0.142 -0.317 -0.574 -0.839 -0.991 -0.948 -0.733 -0.458 -0.232 0.000 
0.000 0.000 0.000 0.000 0.000 0.000 0.000 0.000 -0.160 -0.348 -0.612 -0.869 -0.998 -0.927 -0.696 -0.423 -0.208 0.000 0.000 0.000 0.000 0.000 -0.198 -0.408 -0.680 -0.916 -0.999 -0.881 -0.628 -0.362 -0.169 
0.000 0.000 0.000 0.000 0.000 0.000 0.000 0.000 0.000 -0.221 -0.442 -0.716 -0.939 -0.995 -0.852 -0.591 -0.331 -0.150 0.000 0.000 0.000 0.000 -0.113 -0.267 -0.508 -0.781 -0.971 -0.977 -0.794 -0.523 -0.278 
0.000 0.000 0.000 0.000 0.000 0.000 0.000 0.000 0.000 -0.129 -0.295 -0.545 -0.814 -0.984 -0.962 -0.760 -0.486 -0.251 -0.105 0.000 0.000 0.000 0.000 -0.161 -0.349 -0.613 -0.870 -0.998 -0.926 -0.695 -0.422 
0.000 0.000 0.000 0.000 0.000 0.000 0.000 0.000 0.000 0.000 -0.181 -0.382 -0.651 -0.897 -1.000 -0.902 -0.657 -0.388 -0.185 0.000 0.000 0.000 0.000 0.000 -0.222 -0.443 -0.718 -0.939 -0.994 -0.851 -0.589 
0.000 0.000 0.000 0.000 0.000 0.000 0.000 0.000 0.000 0.000 -0.103 -0.246 -0.479 -0.754 -0.958 -0.986 -0.820 -0.552 -0.300 -0.132 0.000 0.000 0.000 0.000 -0.130 -0.296 -0.546 -0.815 -0.984 -0.961 -0.759 
0.000 0.000 0.000 0.000 0.000 0.000 0.000 0.000 0.000 0.000 0.000 -0.147 -0.325 -0.584 -0.847 -0.993 -0.942 -0.723 -0.449 -0.225 0.000 0.000 0.000 0.000 0.000 -0.182 -0.383 -0.652 -0.898 -1.000 -0.901 
0.000 0.000 0.000 0.000 0.000 0.000 0.000 0.000 0.000 0.000 0.000 0.000 -0.204 -0.417 -0.689 -0.922 -0.998 -0.874 -0.618 -0.354 -0.164 0.000 0.000 0.000 0.000 -0.103 -0.247 -0.481 -0.755 -0.959 -0.985 
0.000 0.000 0.000 0.000 0.000 0.000 0.000 0.000 0.000 0.000 0.000 0.000 -0.117 -0.274 -0.517 -0.789 -0.975 -0.973 -0.786 -0.513 -0.271 -0.116 0.000 0.000 0.000 0.000 -0.147 -0.326 -0.585 -0.848 -0.994 
0.000 0.000 0.000 0.000 0.000 0.000 0.000 0.000 0.000 0.000 0.000 0.000 0.000 -0.166 -0.358 -0.623 -0.877 -0.999 -0.920 -0.685 -0.413 -0.201 0.000 0.000 0.000 0.000 0.000 -0.204 -0.418 -0.691 -0.923 
0.000 0.000 0.000 0.000 0.000 0.000 0.000 0.000 0.000 0.000 0.000 0.000 0.000 0.000 -0.228 -0.453 -0.727 -0.945 -0.992 -0.843 -0.579 -0.322 -0.145 0.000 0.000 0.000 0.000 -0.118 -0.275 -0.518 -0.791 
0.000 0.000 0.000 0.000 0.000 0.000 0.000 0.000 0.000 0.000 0.000 0.000 0.000 0.000 -0.134 -0.303 -0.556 -0.824 -0.987 -0.956 -0.750 -0.475 -0.244 -0.101 0.000 0.000 0.000 0.000 -0.167 -0.359 -0.624 
0.000 0.000 0.000 0.000 0.000 0.000 0.000 0.000 0.000 0.000 0.000 0.000 0.000 0.000 0.000 -0.187 -0.391 -0.662 -0.905 -1.000 -0.894 -0.646 -0.378 -0.179 0.000 0.000 0.000 0.000 0.000 -0.229 -0.454 
0.000 0.000 0.000 0.000 0.000 0.000 0.000 0.000 0.000 0.000 0.000 0.000 0.000 0.000 0.000 -0.107 -0.254 -0.490 -0.764 -0.963 -0.983 -0.810 -0.540 -0.292 -0.127 0.000 0.000 0.000 0.000 -0.134 -0.304 
0.000 0.000 0.000 0.000 0.000 0.000 0.000 0.000 0.000 0.000 0.000 0.000 0.000 0.000 0.000 0.000 -0.152 -0.334 -0.595 -0.856 -0.995 -0.936 -0.712 -0.438 -0.218 0.000 0.000 0.000 0.000 0.000 -0.188 
0.000 0.000 0.000 0.000 0.000 0.000 0.000 0.000 0.000 0.000 0.000 0.000 0.000 0.000 0.000 0.000 0.000 -0.210 -0.427 -0.700 -0.929 -0.997 -0.865 -0.607 -0.345 -0.158 0.000 0.000 0.000 0.000 -0.107 
0.000 0.000 0.000 0.000 0.000 0.000 0.000 0.000 0.000 0.000 0.000 0.000 0.000 0.000 0.000 0.000 0.000 -0.122 -0.282 -0.528 -0.799 -0.979 -0.969 -0.776 -0.502 -0.263 -0.111 0.000 0.000 0.000 0.000 
0.000 0.000 0.000 0.000 0.000 0.000 0.000 0.000 0.000 0.000 0.000 0.000 0.000 0.000 0.000 0.000 0.000 0.000 -0.172 -0.367 -0.634 -0.885 -0.999 -0.913 -0.674 -0.403 -0.194 0.000 0.000 0.000 0.000 
0.000 0.000 0.000 0.000 0.000 0.000 0.000 0.000 0.000 0.000 0.000 0.000 0.000 0.000 0.000 0.000 0.000 0.000 0.000 -0.235 -0.463 -0.738 -0.950 -0.990 -0.834 -0.568 -0.313 -0.140 0.000 0.000 0.000 
0.000 0.000 0.000 0.000 0.000 0.000 0.000 0.000 0.000 0.000 0.000 0.000 0.000 0.000 0.000 0.000 0.000 0.000 0.000 -0.139 -0.312 -0.567 -0.833 -0.990 -0.951 -0.739 -0.465 -0.236 0.000 0.000 0.000 
# 1 2 31 31
0.000 0.000 0.000 -0.203 -0.416 -0.689 -0.923 -1.000 -0.876 -0.621 -0.356 -0.165 0.000 0.000 0.000 0.000 0.000 0.000 0.000 0.000 0.000 0.000 0.000 0.000 0.000 0.000 0.000 0.000 0.000 0.000 0.000 
0.000 0.000 0.000 0.000 -0.203 -0.416 -0.689 -0.923 -1.000 -0.876 -0.621 -0.356 -0.165 0.000 0.000 0.000 0.000 0.000 0.000 0.000 0.000 0.000 0.000 0.000 0.000 0.000 0.000 0.000 0.000 0.000 0.000 
0.000 0.000 0.000 0.000 0.000 -0.203 -0.416 -0.689 -0.923 -1.000 -0.876 -0.621 -0.356 -0.165 0.000 0.000 0.000 0.000 0.000 0.000 0.000 0.000 0.000 0.000 0.000 0.000 0.000 0.000 0.000 0.000 0.000 
-0.203 0.000 0.000 0.000 0.000 0.000 -0.203 -0.416 -0.689 -0.923 -1.000 -0.876 -0.621 -0.356 -0.165 0.000 0.000 0.000 0.000 0.000 0.000 0.000 0.000 0.000 0.000 0.000 0.000 0.000 0.000 0.000 0.000 
-0.416 -0.203 0.000 0.000 0.000 0.000 0.000 -0.203 -0.416 -0.689 -0.923 -1.000 -0.876 -0.621 -0.356 -0.165 0.000 0.000 0.000 0.000 0.000 0.000 0.000 0.000 0.000 0.000 0.000 0.000 0.000 0.000 0.000 
-0.689 -0.416 -0.203 0.000 0.000 0.000 0.000 0.000 -0.203 -0.416 -0.689 -0.923 -1.000 -0.876 -0.621 -0.356 -0.165 0.000 0.000 0.000 0.000 0.000 0.000 0.000 0.000 0.000 0.000 0.000 0.000 0.000 0.000 
-0.923 -0.689 -0.416 -0.203 0.000 0.000 0.000 0.000 0.000 -0.203 -0.416 -0.689 -0.923 -1.000 -0.876 -0.621 -0.356 -0.165 0.000 0.000 0.000 0.000 0.000 0.000 0.000 0.000 0.000 0.000 0.000 0.000 0.000 
-1.000 -0.923 -0.689 -0.416 -0.203 0.000 0.000 0.000 0.000 0.000 -0.203 -0.416 -0.689 -0.923 -1.000 -0.876 -0.621 -0.356 -0.165 0.000 0.000 0.000 0.000 0.000 0.000 0.000 0.000 0.000 0.000 0.000 0.000 
-0.876 -1.000 -0.923 -0.689 -0.416 -0.203 0.000 0.000 0.000 0.000 0.000 -0.203 -0.416 -0.689 -0.923 -1.000 -0.876 -0.621 -0.356 -0.165 0.000 0.000 0.000 0.000 0.000 0.000 0.000 0.000 0.000 0.000 0.000 
-0.621 -0.876 -1.000 -0.923 -0.689 -0.416 -0.203 0.000 0.000 0.000 0.000 0.000 -0.203 -0.416 -0.689 -0.923 -1.000 -0.876 -0.621 -0.356 -0.165 0.000 0.000 0.000 0.000 0.000 0.000 0.000 0.000 0.000 0.000 
-0.356 -0.621 -0.876 -1.000 -0.923 -0.689 -0.416 -0.203 0.000 0.000 0.000 0.000 0.000 -0.203 -0.416 -0.689 -0.923 -1.000 -0.876 -0.621 -0.356 -0.165 0.000 0.000 0.000 0.000 0.000 0.000 0.000 0.000 0.000 
-0.165 -0.356 -0.621 -0.876 -1.000 -0.923 -0.689 -0.416 -0.203 0.000 0.000 0.000 0.000 0.000 -0.203 -0.416 -0.689 -0.923 -1.000 -0.876 -0.621 -0.356 -0.165 0.000 0.000 0.000 0.000 0.000 0.000 0.000 0.000 
0.000 -0.165 -0.356 -0.621 -0.876 -1.000 -0.923 -0.689 -0.416 -0.203 0.000 0.000 0.000 0.000 0.000 -0.203 -0.416 -0.689 -0.923 -1.000 -0.876 -0.621 -0.356 -0.165 0.000 0.000 0.000 0.000 0.000 0.000 0.000 
0.000 0.000 -0.165 -0.356 -0.621 -0.876 -1.000 -0.923 -0.689 -0.416 -0.203 0.000 0.000 0.000 0.000 0.000 -0.203 -0.416 -0.689 -0.923 -1.000 -0.876 -0.621 -0.356 -0.165 0.000 0.000 0.000 0.000 0.000 0.000 
0.000 0.000 0.000 -0.165 -0.356 -0.621 -0.876 -1.000 -0.923 -0.689 -0.416 -0.203 0.000 0.000 0.000 0.000 0.000 -0.203 -0.416 -0.689 -0.923 -1.000 -0.876 -0.621 -0.356 -0.165 0.000 0.000 0.000 0.000 0.000 
0.000 0.000 0.000 0.000 -0.165 -0.356 -0.621 -0.876 -1.000 -0.923 -0.689 -0.416 -0.203 0.000 0.000 0.000 0.000 0.000 -0.203 -0.416 -0.689 -0.923 -1.000 -0.876 -0.621 -0.356 -0.165 0.000 0.000 0.000 0.000 
0.000 0.000 0.000 0.000 0.000 -0.165 -0.356 -0.621 -0.876 -1.000 -0.923 -0.689 -0.416 -0.203 0.000 0.000 0.000 0.000 0.000 -0.203 -0.416 -0.689 -0.923 -1.000 -0.876 -0.621 -0.356 -0.165 0.000 0.000 0.000 
0.000 0.000 0.000 0.000 0.000 0.000 -0.165 -0.356 -0.621 -0.876 -1.000 -0.923 -0.689 -0.416 -0.203 0.000 0.000 0.000 0.000 0.000 -0.203 -0.416 -0.689 -0.923 -1.000 -0.876 -0.621 -0.356 -0.165 0.000 0.000 
0.000 0.000 0.000 0.000 0.000 0.000 0.000 -0.165 -0.356 -0.621 -0.876 -1.000 -0.923 -0.689 -0.416 -0.203 0.000 0.000 0.000 0.000 0.000 -0.203 -0.416 -0.689 -0.923 -1.000 -0.876 -0.621 -0.356 -0.165 0.000 
0.000 0.000 0.000 0.000 0.000 0.000 0.000 0.000 -0.165 -0.356 -0.621 -0.876 -1.000 -0.923 -0.689 -0.416 -0.203 0.000 0.000 0.000 0.000 0.000 -0.203 -0.416 -0.689 -0.923 -1.000 -0.876 -0.621 -0.356 -0.165 
0.000 0.000 0.000 0.000 0.000 0.000 0.000 0.000 0.000 -0.165 -0.356 -0.621 -0.876 -1.000 -0.923 -0.689 -0.416 -0.203 0.000 0.000 0.000 0.000 0.000 -0.203 -0.416 -0.689 -0.923 -1.000 -0.876 -0.621 -0.356 
0.000 0.000 0.000 0.000 0.000 0.000 0.000 0.000 0.000 0.000 -0.165 -0.356 -0.621 -0.876 -1.000 -0.923 -0.689 -0.416 -0.203 0.000 0.000 0.000 0.000 0.000 -0.203 -0.416 -0.689 -0.923 -1.000 -0.876 -0.621 
0.000 0.000 0.000 0.000 0.000 0.000 0.000 0.000 0.000 0.000 0.000 -0.165 -0.356 -0.621 -0.876 -1.000 -0.923 -0.689 -0.416 -0.203 0.000 0.000 0.000 0.000 0.000 -0.203 -0.416 -0.689 -0.923 -1.000 -0.876 
0.000 0.000 0.000 0.000 0.000 0.000 0.000 0.000 0.000 0.000 0.000 0.000 -0.165 -0.356 -0.621 -0.876 -1.000 -0.923 -0.689 -0.416 -0.203 0.000 0.000 0.000 0.000 0.000 -0.203 -0.416 -0.689 -0.923 -1.000 
0.000 0.000 0.000 0.000 0.000 0.000 0.000 0.000 0.000 0.000 0.000 0.000 0.000 -0.165 -0.356 -0.621 -0.876 -1.000 -0.923 -0.689 -0.416 -0.203 0.000 0.000 0.000 0.000 0.000 -0.203 -0.416 -0.689 -0.923 
0.000 0.000 0.000 0.000 0.000 0.000 0.000 0.000 0.000 0.000 0.000 0.000 0.000 0.000 -0.165 -0.356 -0.621 -0.876 -1.000 -0.923 -0.689 -0.416 -0.203 0.000 0.000 0.000 0.000 0.000 -0.203 -0.416 -0.689 
0.000 0.000 0.000 0.000 0.000 0.000 0.000 0.000 0.000 0.000 0.000 0.000 0.000 0.000 0.000 -0.165 -0.356 -0.621 -0.876 -1.000 -0.923 -0.689 -0.416 -0.203 0.000 0.000 0.000 0.000 0.000 -0.203 -0.416 
0.000 0.000 0.000 0.000 0.000 0.000 0.000 0.000 0.000 0.000 0.000 0.000 0.000 0.000 0.000 0.000 -0.165 -0.356 -0.621 -0.876 -1.000 -0.923 -0.689 -0.416 -0.203 0.000 0.000 0.000 0.000 0.000 -0.203 
0.000 0.000 0.000 0.000 0.000 0.000 0.000 0.000 0.000 0.000 0.000 0.000 0.000 0.000 0.000 0.000 0.000 -0.165 -0.356 -0.621 -0.876 -1.000 -0.923 -0.689 -0.416 -0.203 0.000 0.000 0.000 0.000 0.000 
0.000 0.000 0.000 0.000 0.000 0.000 0.000 0.000 0.000 0.000 0.000 0.000 0.000 0.000 0.000 0.000 0.000 0.000 -0.165 -0.356 -0.621 -0.876 -1.000 -0.923 -0.689 -0.416 -0.203 0.000 0.000 0.000 0.000 
0.000 0.000 0.000 0.000 0.000 0.000 0.000 0.000 0.000 0.000 0.000 0.000 0.000 0.000 0.000 0.000 0.000 0.000 0.000 -0.165 -0.356 -0.621 -0.876 -1.000 -0.923 -0.689 -0.416 -0.203 0.000 0.000 0.000 
# 2 0 50 31
0.000 0.000 0.000 -0.237 -0.467 -0.743 -0.954 -0.988 -0.827 -0.558 -0.304 -0.134 0.000 0.000 0.000 0.000 0.000 0.000 0.000 0.000 0.000 0.000 0.000 0.000 0.000 0.000 0.000 0.000 0.000 0.000 0.000 
0.000 0.000 0.000 -0.140 -0.315 -0.571 -0.838 -0.991 -0.947 -0.730 -0.455 -0.228 0.000 0.000 0.000 0.000 0.000 0.000 0.000 0.000 0.000 0.000 0.000 0.000 0.000 0.000 0.000 0.000 0.000 0.000 0.000 
0.000 0.000 0.000 0.000 -0.195 -0.405 -0.678 -0.916 -0.999 -0.880 -0.625 -0.359 -0.166 0.000 0.000 0.000 0.000 0.000 0.000 0.000 0.000 0.000 0.000 0.000 0.000 0.000 0.000 0.000 0.000 0.000 0.000 
0.000 0.000 0.000 0.000 -0.112 -0.264 -0.505 -0.779 -0.971 -0.976 -0.793 -0.519 -0.275 -0.117 0.000 0.000 0.000 0.000 0.000 0.000 0.000 0.000 0.000 0.000 0.000 0.000 0.000 0.000 0.000 0.000 0.000 
-0.107 0.000 0.000 0.000 0.000 -0.159 -0.347 -0.611 -0.869 -0.998 -0.925 -0.692 -0.418 -0.204 0.000 0.000 0.000 0.000 0.000 0.000 0.000 0.000 0.000 0.000 0.000 0.000 0.000 0.000 0.000 0.000 0.000 
-0.189 0.000 0.000 0.000 0.000 0.000 -0.219 -0.441 -0.716 -0.939 -0.994 -0.850 -0.586 -0.326 -0.147 0.000 0.000 0.000 0.000 0.000 0.000 0.000 0.000 0.000 0.000 0.000 0.000 0.000 0.000 0.000 0.000 
-0.306 -0.135 0.000 0.000 0.000 0.000 -0.127 -0.293 -0.544 -0.814 -0.984 -0.960 -0.757 -0.481 -0.247 -0.102 0.000 0.000 0.000 0.000 0.000 0.000 0.000 0.000 0.000 0.000 0.000 0.000 0.000 0.000 0.000 
-0.457 -0.230 0.000 0.000 0.000 0.000 0.000 -0.179 -0.380 -0.650 -0.897 -1.000 -0.900 -0.653 -0.383 -0.181 0.000 0.000 0.000 0.000 0.000 0.000 0.000 0.000 0.000 0.000 0.000 0.000 0.000 0.000 0.000 
-0.628 -0.361 -0.167 0.000 0.000 0.000 0.000 -0.101 -0.245 -0.478 -0.753 -0.959 -0.985 -0.817 -0.547 -0.296 -0.129 0.000 0.000 0.000 0.000 0.000 0.000 0.000 0.000 0.000 0.000 0.000 0.000 0.000 0.000 
-0.794 -0.521 -0.276 -0.118 0.000 0.000 0.000 0.000 -0.145 -0.324 -0.583 -0.847 -0.994 -0.941 -0.719 -0.444 -0.221 0.000 0.000 0.000 0.000 0.000 0.000 0.000 0.000 0.000 0.000 0.000 0.000 0.000 0.000 
-0.926 -0.694 -0.420 -0.205 0.000 0.000 0.000 0.000 0.000 -0.202 -0.415 -0.689 -0.923 -0.998 -0.871 -0.614 -0.349 -0.160 0.000 0.000 0.000 0.000 0.000 0.000 0.000 0.000 0.000 0.000 0.000 0.000 0.000 
-0.995 -0.851 -0.588 -0.328 -0.148 0.000 0.000 0.000 0.000 -0.116 -0.272 -0.516 -0.789 -0.975 -0.972 -0.782 -0.508 -0.267 -0.113 0.000 0.000 0.000 0.000 0.000 0.000 0.000 0.000 0.000 0.000 0.000 0.000 
-0.984 -0.961 -0.759 -0.483 -0.249 -0.103 0.000 0.000 0.000 0.000 -0.164 -0.356 -0.622 -0.877 -0.999 -0.918 -0.681 -0.408 -0.197 0.000 0.000 0.000 0.000 0.000 0.000 0.000 0.000 0.000 0.000 0.000 0.000 
-0.896 -1.000 -0.901 -0.656 -0.385 -0.182 0.000 0.000 0.000 0.000 0.000 -0.226 -0.451 -0.727 -0.945 -0.992 -0.841 -0.575 -0.317 -0.141 0.000 0.000 0.000 0.000 0.000 0.000 0.000 0.000 0.000 0.000 0.000 
-0.751 -0.958 -0.986 -0.819 -0.549 -0.297 -0.130 0.000 0.000 0.000 0.000 -0.132 -0.302 -0.555 -0.824 -0.987 -0.955 -0.746 -0.470 -0.239 0.000 0.000 0.000 0.000 0.000 0.000 0.000 0.000 0.000 0.000 0.000 
-0.581 -0.845 -0.993 -0.942 -0.721 -0.446 -0.223 0.000 0.000 0.000 0.000 0.000 -0.186 -0.390 -0.661 -0.905 -1.000 -0.892 -0.642 -0.373 -0.175 0.000 0.000 0.000 0.000 0.000 0.000 0.000 0.000 0.000 0.000 
-0.413 -0.687 -0.922 -0.998 -0.873 -0.616 -0.351 -0.162 0.000 0.000 0.000 0.000 -0.105 -0.252 -0.489 -0.764 -0.964 -0.982 -0.807 -0.536 -0.287 -0.124 0.000 0.000 0.000 0.000 0.000 0.000 0.000 0.000 0.000 
-0.271 -0.514 -0.787 -0.974 -0.973 -0.784 -0.510 -0.268 -0.114 0.000 0.000 0.000 0.000 -0.150 -0.333 -0.594 -0.856 -0.995 -0.935 -0.709 -0.434 -0.214 0.000 0.000 0.000 0.000 0.000 0.000 0.000 0.000 0.000 
-0.163 -0.354 -0.620 -0.876 -0.999 -0.919 -0.683 -0.410 -0.199 0.000 0.000 0.000 0.000 0.000 -0.209 -0.425 -0.700 -0.930 -0.997 -0.863 -0.603 -0.340 -0.155 0.000 0.000 0.000 0.000 0.000 0.000 0.000 0.000 
0.000 -0.225 -0.449 -0.725 -0.944 -0.992 -0.842 -0.577 -0.319 -0.142 0.000 0.000 0.000 0.000 -0.120 -0.280 -0.527 -0.799 -0.979 -0.968 -0.772 -0.497 -0.259 -0.109 0.000 0.000 0.000 0.000 0.000 0.000 0.000 
0.000 -0.131 -0.300 -0.553 -0.822 -0.987 -0.956 -0.748 -0.473 -0.241 0.000 0.000 0.000 0.000 0.000 -0.170 -0.365 -0.633 -0.885 -1.000 -0.911 -0.670 -0.398 -0.191 0.000 0.000 0.000 0.000 0.000 0.000 0.000 
0.000 0.000 -0.184 -0.388 -0.659 -0.903 -1.000 -0.893 -0.644 -0.375 -0.176 0.000 0.000 0.000 0.000 0.000 -0.233 -0.462 -0.738 -0.951 -0.990 -0.831 -0.564 -0.309 -0.136 0.000 0.000 0.000 0.000 0.000 0.000 
0.000 0.000 -0.104 -0.251 -0.487 -0.762 -0.963 -0.982 -0.809 -0.538 -0.289 -0.125 0.000 0.000 0.000 0.000 -0.137 -0.310 -0.566 -0.833 -0.990 -0.950 -0.736 -0.460 -0.232 0.000 0.000 0.000 0.000 0.000 0.000 
0.000 0.000 0.000 -0.149 -0.331 -0.592 -0.854 -0.995 -0.936 -0.711 -0.436 -0.216 0.000 0.000 0.000 0.000 0.000 -0.192 -0.400 -0.672 -0.912 -0.999 -0.884 -0.631 -0.364 -0.169 0.000 0.000 0.000 0.000 0.000 
0.000 0.000 0.000 0.000 -0.207 -0.423 -0.698 -0.928 -0.997 -0.865 -0.605 -0.342 -0.156 0.000 0.000 0.000 0.000 -0.109 -0.260 -0.500 -0.774 -0.969 -0.978 -0.797 -0.525 -0.279 -0.120 0.000 0.000 0.000 0.000 
0.000 0.000 0.000 0.000 -0.120 -0.279 -0.525 -0.797 -0.978 -0.969 -0.774 -0.500 -0.260 -0.109 0.000 0.000 0.000 0.000 -0.156 -0.342 -0.605 -0.865 -0.997 -0.928 -0.698 -0.423 -0.207 0.000 0.000 0.000 0.000 
0.000 0.000 0.000 0.000 0.000 -0.169 -0.364 -0.631 -0.884 -0.999 -0.912 -0.672 -0.400 -0.192 0.000 0.000 0.000 0.000 0.000 -0.216 -0.436 -0.711 -0.936 -0.995 -0.854 -0.592 -0.331 -0.149 0.000 0.000 0.000 
0.000 0.000 0.000 0.000 0.000 0.000 -0.232 -0.460 -0.736 -0.950 -0.990 -0.833 -0.566 -0.310 -0.137 0.000 0.000 0.000 0.000 -0.125 -0.289 -0.538 -0.809 -0.982 -0.963 -0.762 -0.487 -0.251 -0.104 0.000 0.000 
0.000 0.000 0.000 0.000 0.000 0.000 -0.136 -0.309 -0.564 -0.831 -0.990 -0.951 -0.738 -0.462 -0.233 0.000 0.000 0.000 0.000 0.000 -0.176 -0.375 -0.644 -0.893 -1.000 -0.903 -0.659 -0.388 -0.184 0.000 0.000 
0.000 0.000 0.000 0.000 0.000 0.000 0.000 -0.191 -0.398 -0.670 -0.911 -1.000 -0.885 -0.633 -0.365 -0.170 0.000 0.000 0.000 0.000 0.000 -0.241 -0.473 -0.748 -0.956 -0.987 -0.822 -0.553 -0.300 -0.131 0.000 
0.000 0.000 0.000 0.000 0.000 0.000 0.000 -0.109 -0.259 -0.497 -0.772 -0.968 -0.979 -0.799 -0.527 -0.280 -0.120 0.000 0.000 0.000 0.000 -0.142 -0.319 -0.577 -0.842 -0.992 -0.944 -0.725 -0.449 -0.225 0.000 
0.000 0.000 0.000 0.000 0.000 0.000 0.000 0.000 -0.155 -0.340 -0.603 -0.863 -0.997 -0.930 -0.700 -0.425 -0.209 0.000 0.000 0.000 0.000 0.000 -0.199 -0.410 -0.683 -0.919 -0.999 -0.876 -0.620 -0.354 -0.163 
0.000 0.000 0.000 0.000 0.000 0.000 0.000 0.000 0.000 -0.214 -0.434 -0.709 -0.935 -0.995 -0.856 -0.594 -0.333 -0.150 0.000 0.000 0.000 0.000 -0.114 -0.268 -0.510 -0.784 -0.973 -0.974 -0.787 -0.514 -0.271 
0.000 0.000 0.000 0.000 0.000 0.000 0.000 0.000 0.000 -0.124 -0.287 -0.536 -0.807 -0.982 -0.964 -0.764 -0.489 -0.252 -0.105 0.000 0.000 0.000 0.000 -0.162 -0.351 -0.616 -0.873 -0.998 -0.922 -0.687 -0.413 
0.000 0.000 0.000 0.000 0.000 0.000 0.000 0.000 0.000 0.000 -0.175 -0.373 -0.642 -0.892 -1.000 -0.905 -0.661 -0.390 -0.186 0.000 0.000 0.000 0.000 0.000 -0.223 -0.446 -0.721 -0.942 -0.993 -0.845 -0.581 
0.000 0.000 0.000 0.000 0.000 0.000 0.000 0.000 0.000 0.000 0.000 -0.239 -0.470 -0.746 -0.955 -0.987 -0.824 -0.555 -0.302 -0.132 0.000 0.000 0.000 0.000 -0.130 -0.297 -0.549 -0.819 -0.986 -0.958 -0.751 
0.000 0.000 0.000 0.000 0.000 0.000 0.000 0.000 0.000 0.000 0.000 -0.141 -0.317 -0.575 -0.841 -0.992 -0.945 -0.727 -0.451 -0.226 0.000 0.000 0.000 0.000 0.000 -0.182 -0.385 -0.656 -0.901 -1.000 -0.896 
0.000 0.000 0.000 0.000 0.000 0.000 0.000 0.000 0.000 0.000 0.000 0.000 -0.197 -0.408 -0.681 -0.918 -0.999 -0.877 -0.622 -0.356 -0.164 0.000 0.000 0.000 0.000 -0.103 -0.249 -0.483 -0.759 -0.961 -0.984 
0.000 0.000 0.000 0.000 0.000 0.000 0.000 0.000 0.000 0.000 0.000 0.000 -0.113 -0.267 -0.508 -0.782 -0.972 -0.975 -0.789 -0.516 -0.272 -0.116 0.000 0.000 0.000 0.000 -0.148 -0.328 -0.588 -0.851 -0.995 
0.000 0.000 0.000 0.000 0.000 0.000 0.000 0.000 0.000 0.000 0.000 0.000 0.000 -0.160 -0.349 -0.614 -0.871 -0.998 -0.923 -0.689 -0.415 -0.202 0.000 0.000 0.000 0.000 0.000 -0.205 -0.420 -0.694 -0.926 
0.000 0.000 0.000 0.000 0.000 0.000 0.000 0.000 0.000 0.000 0.000 0.000 0.000 0.000 -0.221 -0.444 -0.719 -0.941 -0.994 -0.847 -0.583 -0.324 -0.145 0.000 0.000 0.000 0.000 -0.118 -0.276 -0.521 -0.794 
0.000 0.000 0.000 0.000 0.000 0.000 0.000 0.000 0.000 0.000 0.000 0.000 0.000 0.000 -0.129 -0.296 -0.547 -0.817 -0.985 -0.959 -0.753 -0.478 -0.245 -0.101 0.000 0.000 0.000 0.000 -0.167 -0.361 -0.628 
0.000 0.000 0.000 0.000 0.000 0.000 0.000 0.000 0.000 0.000 0.000 0.000 0.000 0.000 0.000 -0.181 -0.383 -0.653 -0.900 -1.000 -0.897 -0.650 -0.380 -0.179 0.000 0.000 0.000 0.000 0.000 -0.230 -0.457 
0.000 0.000 0.000 0.000 0.000 0.000 0.000 0.000 0.000 0.000 0.000 0.000 0.000 0.000 0.000 -0.102 -0.247 -0.481 -0.757 -0.960 -0.984 -0.814 -0.544 -0.293 -0.127 0.000 0.000 0.000 0.000 -0.135 -0.306 
0.000 0.000 0.000 0.000 0.000 0.000 0.000 0.000 0.000 0.000 0.000 0.000 0.000 0.000 0.000 0.000 -0.147 -0.326 -0.586 -0.850 -0.994 -0.939 -0.716 -0.441 -0.219 0.000 0.000 0.000 0.000 0.000 -0.189 
0.000 0.000 0.000 0.000 0.000 0.000 0.000 0.000 0.000 0.000 0.000 0.000 0.000 0.000 0.000 0.000 0.000 -0.204 -0.418 -0.692 -0.925 -0.998 -0.869 -0.611 -0.347 -0.159 0.000 0.000 0.000 0.000 -0.107 
0.000 0.000 0.000 0.000 0.000 0.000 0.000 0.000 0.000 0.000 0.000 0.000 0.000 0.000 0.000 0.000 0.000 -0.117 -0.275 -0.519 -0.793 -0.976 -0.971 -0.779 -0.505 -0.264 -0.112 0.000 0.000 0.000 0.000 
0.000 0.000 0.000 0.000 0.000 0.000 0.000 0.000 0.000 0.000 0.000 0.000 0.000 0.000 0.000 0.000 0.000 0.000 -0.166 -0.359 -0.625 -0.880 -0.999 -0.916 -0.678 -0.405 -0.195 0.000 0.000 0.000 0.000 
0.000 0.000 0.000 0.000 0.000 0.000 0.000 0.000 0.000 0.000 0.000 0.000 0.000 0.000 0.000 0.000 0.000 0.000 0.000 -0.228 -0.455 -0.730 -0.947 -0.991 -0.838 -0.571 -0.315 -0.140 0.000 0.000 0.000 
0.000 0.000 0.000 0.000 0.000 0.000 0.000 0.000 0.000 0.000 0.000 0.000 0.000 0.000 0.000 0.000 0.000 0.000 0.000 -0.134 -0.304 -0.558 -0.827 -0.988 -0.954 -0.743 -0.467 -0.237 0.000 0.000 0.000 
# 2 1 31 31
0.000 0.000 0.000 -0.204 -0.418 -0.693 -0.927 -1.000 -0.871 -0.613 -0.348 -0.159 0.000 0.000 0.000 0.000 0.000 0.000 0.000 0.000 0.000 0.000 0.000 0.000 0.000 0.000 0.000 0.000 0.000 0.000 0.000 
0.000 0.000 0.000 0.000 -0.204 -0.418 -0.693 -0.927 -1.000 -0.871 -0.613 -0.348 -0.159 0.000 0.000 0.000 0.000 0.000 0.000 0.000 0.000 0.000 0.000 0.000 0.000 0.000 0.000 0.000 0.000 0.000 0.000 
0.000 0.000 0.000 0.000 0.000 -0.204 -0.418 -0.693 -0.927 -1.000 -0.871 -0.613 -0.348 -0.159 0.000 0.000 0.000 0.000 0.000 0.000 0.000 0.000 0.000 0.000 0.000 0.000 0.000 0.000 0.000 0.000 0.000 
-0.204 0.000 0.000 0.000 0.000 0.000 -0.204 -0.418 -0.693 -0.927 -1.000 -0.871 -0.613 -0.348 -0.159 0.000 0.000 0.000 0.000 0.000 0.000 0.000 0.000 0.000 0.000 0.000 0.000 0.000 0.000 0.000 0.000 
-0.418 -0.204 0.000 0.000 0.000 0.000 0.000 -0.204 -0.418 -0.693 -0.927 -1.000 -0.871 -0.613 -0.348 -0.159 0.000 0.000 0.000 0.000 0.000 0.000 0.000 0.000 0.000 0.000 0.000 0.000 0.000 0.000 0.000 
-0.693 -0.418 -0.204 0.000 0.000 0.000 0.000 0.000 -0.204 -0.418 -0.693 -0.927 -1.000 -0.871 -0.613 -0.348 -0.159 0.000 0.000 0.000 0.000 0.000 0.000 0.000 0.000 0.000 0.000 0.000 0.000 0.000 0.000 
-0.927 -0.693 -0.418 -0.204 0.000 0.000 0.000 0.000 0.000 -0.204 -0.418 -0.693 -0.927 -1.000 -0.871 -0.613 -0.348 -0.159 0.000 0.000 0.000 0.000 0.000 0.000 0.000 0.000 0.000 0.000 0.000 0.000 0.000 
-1.000 -0.927 -0.693 -0.418 -0.204 0.000 0.000 0.000 0.000 0.000 -0.204 -0.418 -0.693 -0.927 -1.000 -0.871 -0.613 -0.348 -0.159 0.000 0.000 0.000 0.000 0.000 0.000 0.000 0.000 0.000 0.000 0.000 0.000 
-0.871 -1.000 -0.927 -0.693 -0.418 -0.204 0.000 0.000 0.000 0.000 0.000 -0.204 -0.418 -0.693 -0.927 -1.000 -0.871 -0.613 -0.348 -0.159 0.000 0.000 0.000 0.000 0.000 0.000 0.000 0.000 0.000 0.000 0.000 
-0.613 -0.871 -1.000 -0.927 -0.693 -0.418 -0.204 0.000 0.000 0.000 0.000 0.000 -0.204 -0.418 -0.693 -0.927 -1.000 -0.871 -0.613 -0.348 -0.159 0.000 0.000 0.000 0.000 0.000 0.000 0.000 0.000 0.000 0.000 
-0.348 -0.613 -0.871 -1.000 -0.927 -0.693 -0.418 -0.204 0.000 0.000 0.000 0.000 0.000 -0.204 -0.418 -0.693 -0.927 -1.000 -0.871 -0.613 -0.348 -0.159 0.000 0.000 0.000 0.000 0.000 0.000 0.000 0.000 0.000 
-0.159 -0.348 -0.613 -0.871 -1.000 -0.927 -0.693 -0.418 -0.204 0.000 0.000 0.000 0.000 0.000 -0.204 -0.418 -0.693 -0.927 -1.000 -0.871 -0.613 -0.348 -0.159 0.000 0.000 0.000 0.000 0.000 0.000 0.000 0.000 
0.000 -0.159 -0.348 -0.613 -0.871 -1.000 -0.927 -0.693 -0.418 -0.204 0.000 0.000 0.000 0.000 0.000 -0.204 -0.418 -0.693 -0.927 -1.000 -0.871 -0.613 -0.348 -0.159 0.000 0.000 0.000 0.000 0.000 0.000 0.000 
0.000 0.000 -0.159 -0.348 -0.613 -0.871 -1.000 -0.927 -0.693 -0.418 -0.204 0.000 0.000 0.000 0.000 0.000 -0.204 -0.418 -0.693 -0.927 -1.000 -0.871 -0.613 -0.348 -0.159 0.000 0.000 0.000 0.000 0.000 0.000 
0.000 0.000 0.000 -0.159 -0.348 -0.613 -0.871 -1.000 -0.927 -0.693 -0.418 -0.204 0.000 0.000 0.000 0.000 0.000 -0.204 -0.418 -0.693 -0.927 -1.000 -0.871 -0.613 -0.348 -0.159 0.000 0.000 0.000 0.000 0.000 
0.000 0.000 0.000 0.000 -0.159 -0.348 -0.613 -0.871 -1.000 -0.927 -0.693 -0.418 -0.204 0.000 0.000 0.000 0.000 0.000 -0.204 -0.418 -0.693 -0.927 -1.000 -0.871 -0.613 -0.348 -0.159 0.000 0.000 0.000 0.000 
0.000 0.000 0.000 0.000 0.000 -0.159 -0.348 -0.613 -0.871 -1.000 -0.927 -0.693 -0.418 -0.204 0.000 0.000 0.000 0.000 0.000 -0.204 -0.418 -0.693 -0.927 -1.000 -0.871 -0.613 -0.348 -0.159 0.000 0.000 0.000 
0.000 0.000 0.000 0.000 0.000 0.000 -0.159 -0.348 -0.613 -0.871 -1.000 -0.927 -0.693 -0.418 -0.204 0.000 0.000 0.000 0.000 0.000 -0.204 -0.418 -0.693 -0.927 -1.000 -0.871 -0.613 -0.348 -0.159 0.000 0.000 
0.000 0.000 0.000 0.000 0.000 0.000 0.000 -0.159 -0.348 -0.613 -0.871 -1.000 -0.927 -0.693 -0.418 -0.204 0.000 0.000 0.000 0.000 0.000 -0.204 -0.418 -0.693 -0.927 -1.000 -0.871 -0.613 -0.348 -0.159 0.000 
0.000 0.000 0.000 0.000 0.000 0.000 0.000 0.000 -0.159 -0.348 -0.613 -0.871 -1.000 -0.927 -0.693 -0.418 -0.204 0.000 0.000 0.000 0.000 0.000 -0.204 -0.418 -0.693 -0.927 -1.000 -0.871 -0.613 -0.348 -0.159 
0.000 0.000 0.000 0.000 0.000 0.000 0.000 0.000 0.000 -0.159 -0.348 -0.613 -0.871 -1.000 -0.927 -0.693 -0.418 -0.204 0.000 0.000 0.000 0.000 0.000 -0.204 -0.418 -0.693 -0.927 -1.000 -0.871 -0.613 -0.348 
0.000 0.000 0.000 0.000 0.000 0.000 0.000 0.000 0.000 0.000 -0.159 -0.348 -0.613 -0.871 -1.000 -0.927 -0.693 -0.418 -0.204 0.000 0.000 0.000 0.000 0.000 -0.204 -0.418 -0.693 -0.927 -1.000 -0.871 -0.613 
0.000 0.000 0.000 0.000 0.000 0.000 0.000 0.000 0.000 0.000 0.000 -0.159 -0.348 -0.613 -0.871 -1.000 -0.927 -0.693 -0.418 -0.204 0.000 0.000 0.000 0.000 0.000 -0.204 -0.418 -0.693 -0.927 -1.000 -0.871 
0.000 0.000 0.000 0.000 0.000 0.000 0.000 0.000 0.000 0.000 0.000 0.000 -0.159 -0.348 -0.613 -0.871 -1.000 -0.927 -0.693 -0.418 -0.204 0.000 0.000 0.000 0.000 0.000 -0.204 -0.418 -0.693 -0.927 -1.000 
0.000 0.000 0.000 0.000 0.000 0.000 0.000 0.000 0.000 0.000 0.000 0.000 0.000 -0.159 -0.348 -0.613 -0.871 -1.000 -0.927 -0.693 -0.418 -0.204 0.000 0.000 0.000 0.000 0.000 -0.204 -0.418 -0.693 -0.927 
0.000 0.000 0.000 0.000 0.000 0.000 0.000 0.000 0.000 0.000 0.000 0.000 0.000 0.000 -0.159 -0.348 -0.613 -0.871 -1.000 -0.927 -0.693 -0.418 -0.204 0.000 0.000 0.000 0.000 0.000 -0.204 -0.418 -0.693 
0.000 0.000 0.000 0.000 0.000 0.000 0.000 0.000 0.000 0.000 0.000 0.000 0.000 0.000 0.000 -0.159 -0.348 -0.613 -0.871 -1.000 -0.927 -0.693 -0.418 -0.204 0.000 0.000 0.000 0.000 0.000 -0.204 -0.418 
0.000 0.000 0.000 0.000 0.000 0.000 0.000 0.000 0.000 0.000 0.000 0.000 0.000 0.000 0.000 0.000 -0.159 -0.348 -0.613 -0.871 -1.000 -0.927 -0.693 -0.418 -0.204 0.000 0.000 0.000 0.000 0.000 -0.204 
0.000 0.000 0.000 0.000 0.000 0.000 0.000 0.000 0.000 0.000 0.000 0.000 0.000 0.000 0.000 0.000 0.000 -0.159 -0.348 -0.613 -0.871 -1.000 -0.927 -0.693 -0.418 -0.204 0.000 0.000 0.000 0.000 0.000 
0.000 0.000 0.000 0.000 0.000 0.000 0.000 0.000 0.000 0.000 0.000 0.000 0.000 0.000 0.000 0.000 0.000 0.000 -0.159 -0.348 -0.613 -0.871 -1.000 -0.927 -0.693 -0.418 -0.204 0.000 0.000 0.000 0.000 
0.000 0.000 0.000 0.000 0.000 0.000 0.000 0.000 0.000 0.000 0.000 0.000 0.000 0.000 0.000 0.000 0.000 0.000 0.000 -0.159 -0.348 -0.613 -0.871 -1.000 -0.927 -0.693 -0.418 -0.204 0.000 0.000 0.000 
