3.649626
4
# 0 1 45 50
0.197 0.293 0.428 0.584 0.742 0.879 0.971 1.000 0.960 0.859 0.717 0.558 0.405 0.274 0.173 0.101 0.000 0.000 0.000 0.000 0.000 0.000 0.000 0.000 0.000 0.000 0.000 0.000 0.000 0.000 0.000 0.000 0.000 0.000 0.000 0.000 0.000 0.000 0.000 0.000 0.000 0.000 0.000 0.000 0.000 0.000 0.000 0.000 0.000 0.000 
0.321 0.208 0.279 0.412 0.566 0.725 0.865 0.963 1.000 0.968 0.873 0.734 0.576 0.421 0.287 0.182 0.108 0.000 0.000 0.000 0.000 0.000 0.000 0.000 0.000 0.000 0.000 0.000 0.000 0.000 0.000 0.000 0.000 0.000 0.000 0.000 0.000 0.000 0.000 0.000 0.000 0.000 0.000 0.000 0.000 0.000 0.000 0.000 0.000 0.000 
0.478 0.335 0.219 0.267 0.396 0.548 0.707 0.851 0.955 0.999 0.975 0.886 0.751 0.594 0.437 0.300 0.192 0.115 0.000 0.000 0.000 0.000 0.000 0.000 0.000 0.000 0.000 0.000 0.000 0.000 0.000 0.000 0.000 0.000 0.000 0.000 0.000 0.000 0.000 0.000 0.000 0.000 0.000 0.000 0.000 0.000 0.000 0.000 0.000 0.000 
0.655 0.496 0.350 0.230 0.254 0.380 0.530 0.690 0.837 0.946 0.998 0.981 0.899 0.768 0.611 0.454 0.314 0.203 0.122 0.000 0.000 0.000 0.000 0.000 0.000 0.000 0.000 0.000 0.000 0.000 0.000 0.000 0.000 0.000 0.000 0.000 0.000 0.000 0.000 0.000 0.000 0.000 0.000 0.000 0.000 0.000 0.000 0.000 0.000 0.000 
0.822 0.673 0.513 0.365 0.242 0.242 0.365 0.513 0.673 0.822 0.937 0.995 0.986 0.911 0.784 0.629 0.471 0.328 0.214 0.130 0.000 0.000 0.000 0.000 0.000 0.000 0.000 0.000 0.000 0.000 0.000 0.000 0.000 0.000 0.000 0.000 0.000 0.000 0.000 0.000 0.000 0.000 0.000 0.000 0.000 0.000 0.000 0.000 0.000 0.000 
0.946 0.837 0.690 0.530 0.380 0.254 0.230 0.350 0.496 0.655 0.807 0.927 0.992 0.990 0.922 0.800 0.647 0.488 0.343 0.225 0.137 0.000 0.000 0.000 0.000 0.000 0.000 0.000 0.000 0.000 0.000 0.000 0.000 0.000 0.000 0.000 0.000 0.000 0.000 0.000 0.000 0.000 0.000 0.000 0.000 0.000 0.000 0.000 0.000 0.000 
0.999 0.955 0.851 0.707 0.548 0.396 0.267 0.219 0.335 0.478 0.637 0.791 0.916 0.988 0.994 0.932 0.815 0.665 0.505 0.358 0.237 0.146 0.000 0.000 0.000 0.000 0.000 0.000 0.000 0.000 0.000 0.000 0.000 0.000 0.000 0.000 0.000 0.000 0.000 0.000 0.000 0.000 0.000 0.000 0.000 0.000 0.000 0.000 0.000 0.000 
0.968 1.000 0.963 0.865 0.725 0.566 0.412 0.279 0.208 0.321 0.461 0.619 0.775 0.904 0.983 0.997 0.942 0.830 0.682 0.523 0.373 0.249 0.154 0.000 0.000 0.000 0.000 0.000 0.000 0.000 0.000 0.000 0.000 0.000 0.000 0.000 0.000 0.000 0.000 0.000 0.000 0.000 0.000 0.000 0.000 0.000 0.000 0.000 0.000 0.000 
0.859 0.960 1.000 0.971 0.879 0.742 0.584 0.428 0.293 0.197 0.306 0.445 0.601 0.758 0.892 0.977 0.999 0.952 0.845 0.700 0.540 0.389 0.261 0.163 0.000 0.000 0.000 0.000 0.000 0.000 0.000 0.000 0.000 0.000 0.000 0.000 0.000 0.000 0.000 0.000 0.000 0.000 0.000 0.000 0.000 0.000 0.000 0.000 0.000 0.000 
0.700 0.845 0.952 0.999 0.977 0.892 0.758 0.601 0.445 0.306 0.197 0.293 0.428 0.584 0.742 0.879 0.971 1.000 0.960 0.859 0.717 0.558 0.405 0.274 0.173 0.101 0.000 0.000 0.000 0.000 0.000 0.000 0.000 0.000 0.000 0.000 0.000 0.000 0.000 0.000 0.000 0.000 0.000 0.000 0.000 0.000 0.000 0.000 0.000 0.000 
0.523 0.682 0.830 0.942 0.997 0.983 0.904 0.775 0.619 0.461 0.321 0.208 0.279 0.412 0.566 0.725 0.865 0.963 1.000 0.968 0.873 0.734 0.576 0.421 0.287 0.182 0.108 0.000 0.000 0.000 0.000 0.000 0.000 0.000 0.000 0.000 0.000 0.000 0.000 0.000 0.000 0.000 0.000 0.000 0.000 0.000 0.000 0.000 0.000 0.000 
0.358 0.505 0.665 0.815 0.932 0.994 0.988 0.916 0.791 0.637 0.478 0.335 0.219 0.267 0.396 0.548 0.707 0.851 0.955 0.999 0.975 0.886 0.751 0.594 0.437 0.300 0.192 0.115 0.000 0.000 0.000 0.000 0.000 0.000 0.000 0.000 0.000 0.000 0.000 0.000 0.000 0.000 0.000 0.000 0.000 0.000 0.000 0.000 0.000 0.000 
0.225 0.343 0.488 0.647 0.800 0.922 0.990 0.992 0.927 0.807 0.655 0.496 0.350 0.230 0.254 0.380 0.530 0.690 0.837 0.946 0.998 0.981 0.899 0.768 0.611 0.454 0.314 0.203 0.122 0.000 0.000 0.000 0.000 0.000 0.000 0.000 0.000 0.000 0.000 0.000 0.000 0.000 0.000 0.000 0.000 0.000 0.000 0.000 0.000 0.000 
0.130 0.214 0.328 0.471 0.629 0.784 0.911 0.986 0.995 0.937 0.822 0.673 0.513 0.365 0.242 0.242 0.365 0.513 0.673 0.822 0.937 0.995 0.986 0.911 0.784 0.629 0.471 0.328 0.214 0.130 0.000 0.000 0.000 0.000 0.000 0.000 0.000 0.000 0.000 0.000 0.000 0.000 0.000 0.000 0.000 0.000 0.000 0.000 0.000 0.000 
0.000 0.122 0.203 0.314 0.454 0.611 0.768 0.899 0.981 0.998 0.946 0.837 0.690 0.530 0.380 0.254 0.230 0.350 0.496 0.655 0.807 0.927 0.992 0.990 0.922 0.800 0.647 0.488 0.343 0.225 0.137 0.000 0.000 0.000 0.000 0.000 0.000 0.000 0.000 0.000 0.000 0.000 0.000 0.000 0.000 0.000 0.000 0.000 0.000 0.000 
0.000 0.000 0.115 0.192 0.300 0.437 0.594 0.751 0.886 0.975 0.999 0.955 0.851 0.707 0.548 0.396 0.267 0.219 0.335 0.478 0.637 0.791 0.916 0.988 0.994 0.932 0.815 0.665 0.505 0.358 0.237 0.146 0.000 0.000 0.000 0.000 0.000 0.000 0.000 0.000 0.000 0.000 0.000 0.000 0.000 0.000 0.000 0.000 0.000 0.000 
0.000 0.000 0.000 0.108 0.182 0.287 0.421 0.576 0.734 0.873 0.968 1.000 0.963 0.865 0.725 0.566 0.412 0.279 0.208 0.321 0.461 0.619 0.775 0.904 0.983 0.997 0.942 0.830 0.682 0.523 0.373 0.249 0.154 0.000 0.000 0.000 0.000 0.000 0.000 0.000 0.000 0.000 0.000 0.000 0.000 0.000 0.000 0.000 0.000 0.000 
0.000 0.000 0.000 0.000 0.101 0.173 0.274 0.405 0.558 0.717 0.859 0.960 1.000 0.971 0.879 0.742 0.584 0.428 0.293 0.197 0.306 0.445 0.601 0.758 0.892 0.977 0.999 0.952 0.845 0.700 0.540 0.389 0.261 0.163 0.000 0.000 0.000 0.000 0.000 0.000 0.000 0.000 0.000 0.000 0.000 0.000 0.000 0.000 0.000 0.000 
0.000 0.000 0.000 0.000 0.000 0.000 0.163 0.261 0.389 0.540 0.700 0.845 0.952 0.999 0.977 0.892 0.758 0.601 0.445 0.306 0.197 0.293 0.428 0.584 0.742 0.879 0.971 1.000 0.960 0.859 0.717 0.558 0.405 0.274 0.173 0.101 0.000 0.000 0.000 0.000 0.000 0.000 0.000 0.000 0.000 0.000 0.000 0.000 0.000 0.000 
0.000 0.000 0.000 0.000 0.000 0.000 0.000 0.154 0.249 0.373 0.523 0.682 0.830 0.942 0.997 0.983 0.904 0.775 0.619 0.461 0.321 0.208 0.279 0.412 0.566 0.725 0.865 0.963 1.000 0.968 0.873 0.734 0.576 0.421 0.287 0.182 0.108 0.000 0.000 0.000 0.000 0.000 0.000 0.000 0.000 0.000 0.000 0.000 0.000 0.000 
0.000 0.000 0.000 0.000 0.000 0.000 0.000 0.000 0.146 0.237 0.358 0.505 0.665 0.815 0.932 0.994 0.988 0.916 0.791 0.637 0.478 0.335 0.219 0.267 0.396 0.548 0.707 0.851 0.955 0.999 0.975 0.886 0.751 0.594 0.437 0.300 0.192 0.115 0.000 0.000 0.000 0.000 0.000 0.000 0.000 0.000 0.000 0.000 0.000 0.000 
0.000 0.000 0.000 0.000 0.000 0.000 0.000 0.000 0.000 0.137 0.225 0.343 0.488 0.647 0.800 0.922 0.990 0.992 0.927 0.807 0.655 0.496 0.350 0.230 0.254 0.380 0.530 0.690 0.837 0.946 0.998 0.981 0.899 0.768 0.611 0.454 0.314 0.203 0.122 0.000 0.000 0.000 0.000 0.000 0.000 0.000 0.000 0.000 0.000 0.000 
0.000 0.000 0.000 0.000 0.000 0.000 0.000 0.000 0.000 0.000 0.130 0.214 0.328 0.471 0.629 0.784 0.911 0.986 0.995 0.937 0.822 0.673 0.513 0.365 0.242 0.242 0.365 0.513 0.673 0.822 0.937 0.995 0.986 0.911 0.784 0.629 0.471 0.328 0.214 0.130 0.000 0.000 0.000 0.000 0.000 0.000 0.000 0.000 0.000 0.000 
0.000 0.000 0.000 0.000 0.000 0.000 0.000 0.000 0.000 0.000 0.000 0.122 0.203 0.314 0.454 0.611 0.768 0.899 0.981 0.998 0.946 0.837 0.690 0.530 0.380 0.254 0.230 0.350 0.496 0.655 0.807 0.927 0.992 0.990 0.922 0.800 0.647 0.488 0.343 0.225 0.137 0.000 0.000 0.000 0.000 0.000 0.000 0.000 0.000 0.000 
0.000 0.000 0.000 0.000 0.000 0.000 0.000 0.000 0.000 0.000 0.000 0.000 0.115 0.192 0.300 0.437 0.594 0.751 0.886 0.975 0.999 0.955 0.851 0.707 0.548 0.396 0.267 0.219 0.335 0.478 0.637 0.791 0.916 0.988 0.994 0.932 0.815 0.665 0.505 0.358 0.237 0.146 0.000 0.000 0.000 0.000 0.000 0.000 0.000 0.000 
0.000 0.000 0.000 0.000 0.000 0.000 0.000 0.000 0.000 0.000 0.000 0.000 0.000 0.108 0.182 0.287 0.421 0.576 0.734 0.873 0.968 1.000 0.963 0.865 0.725 0.566 0.412 0.279 0.208 0.321 0.461 0.619 0.775 0.904 0.983 0.997 0.942 0.830 0.682 0.523 0.373 0.249 0.154 0.000 0.000 0.000 0.000 0.000 0.000 0.000 
0.000 0.000 0.000 0.000 0.000 0.000 0.000 0.000 0.000 0.000 0.000 0.000 0.000 0.000 0.101 0.173 0.274 0.405 0.558 0.717 0.859 0.960 1.000 0.971 0.879 0.742 0.584 0.428 0.293 0.197 0.306 0.445 0.601 0.758 0.892 0.977 0.999 0.952 0.845 0.700 0.540 0.389 0.261 0.163 0.000 0.000 0.000 0.000 0.000 0.000 
0.000 0.000 0.000 0.000 0.000 0.000 0.000 0.000 0.000 0.000 0.000 0.000 0.000 0.000 0.000 0.000 0.163 0.261 0.389 0.540 0.700 0.845 0.952 0.999 0.977 0.892 0.758 0.601 0.445 0.306 0.197 0.293 0.428 0.584 0.742 0.879 0.971 1.000 0.960 0.859 0.717 0.558 0.405 0.274 0.173 0.101 0.000 0.000 0.000 0.000 
0.000 0.000 0.000 0.000 0.000 0.000 0.000 0.000 0.000 0.000 0.000 0.000 0.000 0.000 0.000 0.000 0.000 0.154 0.249 0.373 0.523 0.682 0.830 0.942 0.997 0.983 0.904 0.775 0.619 0.461 0.321 0.208 0.279 0.412 0.566 0.725 0.865 0.963 1.000 0.968 0.873 0.734 0.576 0.421 0.287 0.182 0.108 0.000 0.000 0.000 
0.000 0.000 0.000 0.000 0.000 0.000 0.000 0.000 0.000 0.000 0.000 0.000 0.000 0.000 0.000 0.000 0.000 0.000 0.146 0.237 0.358 0.505 0.665 0.815 0.932 0.994 0.988 0.916 0.791 0.637 0.478 0.335 0.219 0.267 0.396 0.548 0.707 0.851 0.955 0.999 0.975 0.886 0.751 0.594 0.437 0.300 0.192 0.115 0.000 0.000 
0.000 0.000 0.000 0.000 0.000 0.000 0.000 0.000 0.000 0.000 0.000 0.000 0.000 0.000 0.000 0.000 0.000 0.000 0.000 0.137 0.225 0.343 0.488 0.647 0.800 0.922 0.990 0.992 0.927 0.807 0.655 0.496 0.350 0.230 0.254 0.380 0.530 0.690 0.837 0.946 0.998 0.981 0.899 0.768 0.611 0.454 0.314 0.203 0.122 0.000 
0.000 0.000 0.000 0.000 0.000 0.000 0.000 0.000 0.000 0.000 0.000 0.000 0.000 0.000 0.000 0.000 0.000 0.000 0.000 0.000 0.130 0.214 0.328 0.471 0.629 0.784 0.911 0.986 0.995 0.937 0.822 0.673 0.513 0.365 0.242 0.242 0.365 0.513 0.673 0.822 0.937 0.995 0.986 0.911 0.784 0.629 0.471 0.328 0.214 0.130 
0.000 0.000 0.000 0.000 0.000 0.000 0.000 0.000 0.000 0.000 0.000 0.000 0.000 0.000 0.000 0.000 0.000 0.000 0.000 0.000 0.000 0.122 0.203 0.314 0.454 0.611 0.768 0.899 0.981 0.998 0.946 0.837 0.690 0.530 0.380 0.254 0.230 0.350 0.496 0.655 0.807 0.927 0.992 0.990 0.922 0.800 0.647 0.488 0.343 0.225 
0.000 0.000 0.000 0.000 0.000 0.000 0.000 0.000 0.000 0.000 0.000 0.000 0.000 0.000 0.000 0.000 0.000 0.000 0.000 0.000 0.000 0.000 0.115 0.192 0.300 0.437 0.594 0.751 0.886 0.975 0.999 0.955 0.851 0.707 0.548 0.396 0.267 0.219 0.335 0.478 0.637 0.791 0.916 0.988 0.994 0.932 0.815 0.665 0.505 0.358 
0.000 0.000 0.000 0.000 0.000 0.000 0.000 0.000 0.000 0.000 0.000 0.000 0.000 0.000 0.000 0.000 0.000 0.000 0.000 0.000 0.000 0.000 0.000 0.108 0.182 0.287 0.421 0.576 0.734 0.873 0.968 1.000 0.963 0.865 0.725 0.566 0.412 0.279 0.208 0.321 0.461 0.619 0.775 0.904 0.983 0.997 0.942 0.830 0.682 0.523 
0.000 0.000 0.000 0.000 0.000 0.000 0.000 0.000 0.000 0.000 0.000 0.000 0.000 0.000 0.000 0.000 0.000 0.000 0.000 0.000 0.000 0.000 0.000 0.000 0.101 0.173 0.274 0.405 0.558 0.717 0.859 0.960 1.000 0.971 0.879 0.742 0.584 0.428 0.293 0.197 0.306 0.445 0.601 0.758 0.892 0.977 0.999 0.952 0.845 0.700 
0.000 0.000 0.000 0.000 0.000 0.000 0.000 0.000 0.000 0.000 0.000 0.000 0.000 0.000 0.000 0.000 0.000 0.000 0.000 0.000 0.000 0.000 0.000 0.000 0.000 0.000 0.163 0.261 0.389 0.540 0.700 0.845 0.952 0.999 0.977 0.892 0.758 0.601 0.445 0.306 0.197 0.293 0.428 0.584 0.742 0.879 0.971 1.000 0.960 0.859 
0.000 0.000 0.000 0.000 0.000 0.000 0.000 0.000 0.000 0.000 0.000 0.000 0.000 0.000 0.000 0.000 0.000 0.000 0.000 0.000 0.000 0.000 0.000 0.000 0.000 0.000 0.000 0.154 0.249 0.373 0.523 0.682 0.830 0.942 0.997 0.983 0.904 0.775 0.619 0.461 0.321 0.208 0.279 0.412 0.566 0.725 0.865 0.963 1.000 0.968 
0.000 0.000 0.000 0.000 0.000 0.000 0.000 0.000 0.000 0.000 0.000 0.000 0.000 0.000 0.000 0.000 0.000 0.000 0.000 0.000 0.000 0.000 0.000 0.000 0.000 0.000 0.000 0.000 0.146 0.237 0.358 0.505 0.665 0.815 0.932 0.994 0.988 0.916 0.791 0.637 0.478 0.335 0.219 0.267 0.396 0.548 0.707 0.851 0.955 0.999 
0.000 0.000 0.000 0.000 0.000 0.000 0.000 0.000 0.000 0.000 0.000 0.000 0.000 0.000 0.000 0.000 0.000 0.000 0.000 0.000 0.000 0.000 0.000 0.000 0.000 0.000 0.000 0.000 0.000 0.137 0.225 0.343 0.488 0.647 0.800 0.922 0.990 0.992 0.927 0.807 0.655 0.496 0.350 0.230 0.254 0.380 0.530 0.690 0.837 0.946 
0.000 0.000 0.000 0.000 0.000 0.000 0.000 0.000 0.000 0.000 0.000 0.000 0.000 0.000 0.000 0.000 0.000 0.000 0.000 0.000 0.000 0.000 0.000 0.000 0.000 0.000 0.000 0.000 0.000 0.000 0.130 0.214 0.328 0.471 0.629 0.784 0.911 0.986 0.995 0.937 0.822 0.673 0.513 0.365 0.242 0.242 0.365 0.513 0.673 0.822 
0.000 0.000 0.000 0.000 0.000 0.000 0.000 0.000 0.000 0.000 0.000 0.000 0.000 0.000 0.000 0.000 0.000 0.000 0.000 0.000 0.000 0.000 0.000 0.000 0.000 0.000 0.000 0.000 0.000 0.000 0.000 0.122 0.203 0.314 0.454 0.611 0.768 0.899 0.981 0.998 0.946 0.837 0.690 0.530 0.380 0.254 0.230 0.350 0.496 0.655 
0.000 0.000 0.000 0.000 0.000 0.000 0.000 0.000 0.000 0.000 0.000 0.000 0.000 0.000 0.000 0.000 0.000 0.000 0.000 0.000 0.000 0.000 0.000 0.000 0.000 0.000 0.000 0.000 0.000 0.000 0.000 0.000 0.115 0.192 0.300 0.437 0.594 0.751 0.886 0.975 0.999 0.955 0.851 0.707 0.548 0.396 0.267 0.219 0.335 0.478 
0.000 0.000 0.000 0.000 0.000 0.000 0.000 0.000 0.000 0.000 0.000 0.000 0.000 0.000 0.000 0.000 0.000 0.000 0.000 0.000 0.000 0.000 0.000 0.000 0.000 0.000 0.000 0.000 0.000 0.000 0.000 0.000 0.000 0.108 0.182 0.287 0.421 0.576 0.734 0.873 0.968 1.000 0.963 0.865 0.725 0.566 0.412 0.279 0.208 0.321 
0.000 0.000 0.000 0.000 0.000 0.000 0.000 0.000 0.000 0.000 0.000 0.000 0.000 0.000 0.000 0.000 0.000 0.000 0.000 0.000 0.000 0.000 0.000 0.000 0.000 0.000 0.000 0.000 0.000 0.000 0.000 0.000 0.000 0.000 0.101 0.173 0.274 0.405 0.558 0.717 0.859 0.960 1.000 0.971 0.879 0.742 0.584 0.428 0.293 0.197 
# 0 2 22 50
0.257 0.227 0.346 0.492 0.651 0.803 0.924 0.991 0.991 0.924 0.803 0.651 0.492 0.346 0.227 0.139 0.000 0.000 0.000 0.000 0.000 0.000 0.000 0.000 0.000 0.000 0.000 0.000 0.000 0.000 0.000 0.000 0.000 0.000 0.000 0.000 0.000 0.000 0.000 0.000 0.000 0.000 0.000 0.000 0.000 0.000 0.000 0.000 0.000 0.000 
0.578 0.423 0.289 0.200 0.311 0.450 0.607 0.764 0.896 0.979 0.998 0.949 0.841 0.694 0.535 0.384 0.257 0.160 0.000 0.000 0.000 0.000 0.000 0.000 0.000 0.000 0.000 0.000 0.000 0.000 0.000 0.000 0.000 0.000 0.000 0.000 0.000 0.000 0.000 0.000 0.000 0.000 0.000 0.000 0.000 0.000 0.000 0.000 0.000 0.000 
0.906 0.777 0.622 0.464 0.322 0.209 0.278 0.410 0.563 0.722 0.864 0.962 1.000 0.969 0.875 0.737 0.578 0.423 0.289 0.184 0.109 0.000 0.000 0.000 0.000 0.000 0.000 0.000 0.000 0.000 0.000 0.000 0.000 0.000 0.000 0.000 0.000 0.000 0.000 0.000 0.000 0.000 0.000 0.000 0.000 0.000 0.000 0.000 0.000 0.000 
0.988 0.994 0.933 0.816 0.665 0.506 0.359 0.237 0.247 0.371 0.520 0.680 0.828 0.941 0.997 0.984 0.906 0.777 0.622 0.464 0.323 0.209 0.126 0.000 0.000 0.000 0.000 0.000 0.000 0.000 0.000 0.000 0.000 0.000 0.000 0.000 0.000 0.000 0.000 0.000 0.000 0.000 0.000 0.000 0.000 0.000 0.000 0.000 0.000 0.000 
0.750 0.886 0.974 0.999 0.956 0.852 0.708 0.549 0.397 0.267 0.218 0.334 0.478 0.636 0.790 0.915 0.988 0.994 0.933 0.816 0.666 0.506 0.359 0.237 0.146 0.000 0.000 0.000 0.000 0.000 0.000 0.000 0.000 0.000 0.000 0.000 0.000 0.000 0.000 0.000 0.000 0.000 0.000 0.000 0.000 0.000 0.000 0.000 0.000 0.000 
0.397 0.549 0.709 0.852 0.956 0.999 0.974 0.885 0.750 0.593 0.436 0.300 0.192 0.300 0.436 0.593 0.750 0.885 0.974 0.999 0.956 0.852 0.709 0.549 0.397 0.267 0.168 0.000 0.000 0.000 0.000 0.000 0.000 0.000 0.000 0.000 0.000 0.000 0.000 0.000 0.000 0.000 0.000 0.000 0.000 0.000 0.000 0.000 0.000 0.000 
0.146 0.237 0.359 0.506 0.666 0.816 0.933 0.994 0.988 0.915 0.790 0.636 0.478 0.334 0.218 0.267 0.397 0.549 0.708 0.852 0.956 0.999 0.974 0.886 0.750 0.593 0.437 0.300 0.192 0.115 0.000 0.000 0.000 0.000 0.000 0.000 0.000 0.000 0.000 0.000 0.000 0.000 0.000 0.000 0.000 0.000 0.000 0.000 0.000 0.000 
0.000 0.000 0.126 0.209 0.323 0.464 0.622 0.777 0.906 0.984 0.997 0.941 0.828 0.680 0.520 0.371 0.247 0.237 0.359 0.506 0.665 0.816 0.933 0.994 0.988 0.915 0.790 0.637 0.478 0.334 0.218 0.133 0.000 0.000 0.000 0.000 0.000 0.000 0.000 0.000 0.000 0.000 0.000 0.000 0.000 0.000 0.000 0.000 0.000 0.000 
0.000 0.000 0.000 0.000 0.109 0.184 0.289 0.423 0.578 0.737 0.875 0.969 1.000 0.962 0.864 0.722 0.563 0.410 0.278 0.209 0.322 0.464 0.622 0.777 0.906 0.984 0.997 0.941 0.828 0.680 0.520 0.371 0.247 0.153 0.000 0.000 0.000 0.000 0.000 0.000 0.000 0.000 0.000 0.000 0.000 0.000 0.000 0.000 0.000 0.000 
0.000 0.000 0.000 0.000 0.000 0.000 0.000 0.160 0.257 0.384 0.535 0.694 0.841 0.949 0.998 0.979 0.896 0.764 0.607 0.450 0.311 0.200 0.289 0.423 0.578 0.736 0.875 0.969 1.000 0.963 0.864 0.723 0.564 0.410 0.278 0.176 0.103 0.000 0.000 0.000 0.000 0.000 0.000 0.000 0.000 0.000 0.000 0.000 0.000 0.000 
0.000 0.000 0.000 0.000 0.000 0.000 0.000 0.000 0.000 0.139 0.227 0.346 0.492 0.651 0.803 0.924 0.991 0.991 0.924 0.803 0.651 0.492 0.346 0.227 0.257 0.384 0.534 0.694 0.840 0.949 0.998 0.979 0.896 0.764 0.607 0.450 0.311 0.200 0.120 0.000 0.000 0.000 0.000 0.000 0.000 0.000 0.000 0.000 0.000 0.000 
0.000 0.000 0.000 0.000 0.000 0.000 0.000 0.000 0.000 0.000 0.000 0.120 0.200 0.311 0.450 0.607 0.764 0.896 0.979 0.998 0.949 0.840 0.694 0.534 0.384 0.257 0.227 0.346 0.492 0.651 0.803 0.924 0.991 0.991 0.924 0.803 0.651 0.492 0.346 0.227 0.139 0.000 0.000 0.000 0.000 0.000 0.000 0.000 0.000 0.000 
0.000 0.000 0.000 0.000 0.000 0.000 0.000 0.000 0.000 0.000 0.000 0.000 0.000 0.103 0.176 0.278 0.410 0.564 0.723 0.864 0.963 1.000 0.969 0.875 0.736 0.578 0.423 0.289 0.200 0.311 0.450 0.607 0.764 0.896 0.979 0.998 0.949 0.841 0.694 0.535 0.384 0.257 0.160 0.000 0.000 0.000 0.000 0.000 0.000 0.000 
0.000 0.000 0.000 0.000 0.000 0.000 0.000 0.000 0.000 0.000 0.000 0.000 0.000 0.000 0.000 0.000 0.153 0.247 0.371 0.520 0.680 0.828 0.941 0.997 0.984 0.906 0.777 0.622 0.464 0.322 0.209 0.278 0.410 0.563 0.722 0.864 0.962 1.000 0.969 0.875 0.737 0.578 0.423 0.289 0.184 0.109 0.000 0.000 0.000 0.000 
0.000 0.000 0.000 0.000 0.000 0.000 0.000 0.000 0.000 0.000 0.000 0.000 0.000 0.000 0.000 0.000 0.000 0.000 0.133 0.218 0.334 0.478 0.637 0.790 0.915 0.988 0.994 0.933 0.816 0.665 0.506 0.359 0.237 0.247 0.371 0.520 0.680 0.828 0.941 0.997 0.984 0.906 0.777 0.622 0.464 0.323 0.209 0.126 0.000 0.000 
0.000 0.000 0.000 0.000 0.000 0.000 0.000 0.000 0.000 0.000 0.000 0.000 0.000 0.000 0.000 0.000 0.000 0.000 0.000 0.000 0.115 0.192 0.300 0.437 0.593 0.750 0.886 0.974 0.999 0.956 0.852 0.708 0.549 0.397 0.267 0.218 0.334 0.478 0.636 0.790 0.915 0.988 0.994 0.933 0.816 0.666 0.506 0.359 0.237 0.146 
0.000 0.000 0.000 0.000 0.000 0.000 0.000 0.000 0.000 0.000 0.000 0.000 0.000 0.000 0.000 0.000 0.000 0.000 0.000 0.000 0.000 0.000 0.000 0.168 0.267 0.397 0.549 0.709 0.852 0.956 0.999 0.974 0.885 0.750 0.593 0.436 0.300 0.192 0.300 0.436 0.593 0.750 0.885 0.974 0.999 0.956 0.852 0.709 0.549 0.397 
0.000 0.000 0.000 0.000 0.000 0.000 0.000 0.000 0.000 0.000 0.000 0.000 0.000 0.000 0.000 0.000 0.000 0.000 0.000 0.000 0.000 0.000 0.000 0.000 0.000 0.146 0.237 0.359 0.506 0.666 0.816 0.933 0.994 0.988 0.915 0.790 0.636 0.478 0.334 0.218 0.267 0.397 0.549 0.708 0.852 0.956 0.999 0.974 0.886 0.750 
0.000 0.000 0.000 0.000 0.000 0.000 0.000 0.000 0.000 0.000 0.000 0.000 0.000 0.000 0.000 0.000 0.000 0.000 0.000 0.000 0.000 0.000 0.000 0.000 0.000 0.000 0.000 0.126 0.209 0.323 0.464 0.622 0.777 0.906 0.984 0.997 0.941 0.828 0.680 0.520 0.371 0.247 0.237 0.359 0.506 0.665 0.816 0.933 0.994 0.988 
0.000 0.000 0.000 0.000 0.000 0.000 0.000 0.000 0.000 0.000 0.000 0.000 0.000 0.000 0.000 0.000 0.000 0.000 0.000 0.000 0.000 0.000 0.000 0.000 0.000 0.000 0.000 0.000 0.000 0.109 0.184 0.289 0.423 0.578 0.737 0.875 0.969 1.000 0.962 0.864 0.722 0.563 0.410 0.278 0.209 0.322 0.464 0.622 0.777 0.906 
0.000 0.000 0.000 0.000 0.000 0.000 0.000 0.000 0.000 0.000 0.000 0.000 0.000 0.000 0.000 0.000 0.000 0.000 0.000 0.000 0.000 0.000 0.000 0.000 0.000 0.000 0.000 0.000 0.000 0.000 0.000 0.000 0.160 0.257 0.384 0.535 0.694 0.841 0.949 0.998 0.979 0.896 0.764 0.607 0.450 0.311 0.200 0.289 0.423 0.578 
0.000 0.000 0.000 0.000 0.000 0.000 0.000 0.000 0.000 0.000 0.000 0.000 0.000 0.000 0.000 0.000 0.000 0.000 0.000 0.000 0.000 0.000 0.000 0.000 0.000 0.000 0.000 0.000 0.000 0.000 0.000 0.000 0.000 0.000 0.139 0.227 0.346 0.492 0.651 0.803 0.924 0.991 0.991 0.924 0.803 0.651 0.492 0.346 0.227 0.257 
# 0 3 11 50
0.403 0.272 0.214 0.328 0.471 0.629 0.784 0.910 0.986 0.995 0.937 0.822 0.673 0.513 0.365 0.242 0.150 0.000 0.000 0.000 0.000 0.000 0.000 0.000 0.000 0.000 0.000 0.000 0.000 0.000 0.000 0.000 0.000 0.000 0.000 0.000 0.000 0.000 0.000 0.000 0.000 0.000 0.000 0.000 0.000 0.000 0.000 0.000 0.000 0.000 
0.990 0.920 0.797 0.644 0.485 0.340 0.223 0.262 0.390 0.542 0.701 0.846 0.952 0.999 0.977 0.891 0.757 0.600 0.443 0.305 0.196 0.117 0.000 0.000 0.000 0.000 0.000 0.000 0.000 0.000 0.000 0.000 0.000 0.000 0.000 0.000 0.000 0.000 0.000 0.000 0.000 0.000 0.000 0.000 0.000 0.000 0.000 0.000 0.000 0.000 
0.571 0.730 0.869 0.966 1.000 0.966 0.869 0.729 0.571 0.416 0.283 0.205 0.317 0.457 0.614 0.770 0.901 0.982 0.997 0.945 0.834 0.687 0.527 0.377 0.252 0.157 0.000 0.000 0.000 0.000 0.000 0.000 0.000 0.000 0.000 0.000 0.000 0.000 0.000 0.000 0.000 0.000 0.000 0.000 0.000 0.000 0.000 0.000 0.000 0.000 
0.000 0.136 0.223 0.340 0.485 0.644 0.797 0.920 0.990 0.993 0.928 0.810 0.658 0.499 0.352 0.232 0.252 0.377 0.527 0.687 0.834 0.945 0.997 0.982 0.901 0.771 0.615 0.457 0.317 0.205 0.123 0.000 0.000 0.000 0.000 0.000 0.000 0.000 0.000 0.000 0.000 0.000 0.000 0.000 0.000 0.000 0.000 0.000 0.000 0.000 
0.000 0.000 0.000 0.000 0.000 0.101 0.172 0.272 0.403 0.556 0.716 0.858 0.959 1.000 0.971 0.880 0.743 0.585 0.430 0.294 0.196 0.305 0.443 0.600 0.757 0.891 0.977 0.999 0.952 0.846 0.701 0.542 0.390 0.262 0.164 0.000 0.000 0.000 0.000 0.000 0.000 0.000 0.000 0.000 0.000 0.000 0.000 0.000 0.000 0.000 
0.000 0.000 0.000 0.000 0.000 0.000 0.000 0.000 0.000 0.000 0.130 0.214 0.328 0.471 0.629 0.784 0.910 0.986 0.995 0.937 0.822 0.673 0.513 0.365 0.242 0.242 0.365 0.513 0.673 0.822 0.937 0.995 0.986 0.910 0.784 0.629 0.471 0.328 0.214 0.130 0.000 0.000 0.000 0.000 0.000 0.000 0.000 0.000 0.000 0.000 
0.000 0.000 0.000 0.000 0.000 0.000 0.000 0.000 0.000 0.000 0.000 0.000 0.000 0.000 0.000 0.164 0.262 0.390 0.542 0.701 0.846 0.952 0.999 0.977 0.891 0.757 0.600 0.443 0.305 0.196 0.294 0.430 0.585 0.743 0.880 0.971 1.000 0.959 0.858 0.716 0.556 0.403 0.272 0.172 0.101 0.000 0.000 0.000 0.000 0.000 
0.000 0.000 0.000 0.000 0.000 0.000 0.000 0.000 0.000 0.000 0.000 0.000 0.000 0.000 0.000 0.000 0.000 0.000 0.000 0.123 0.205 0.317 0.457 0.615 0.771 0.901 0.982 0.997 0.945 0.834 0.687 0.527 0.377 0.252 0.232 0.352 0.499 0.658 0.810 0.928 0.993 0.990 0.920 0.797 0.644 0.485 0.340 0.223 0.136 0.000 
0.000 0.000 0.000 0.000 0.000 0.000 0.000 0.000 0.000 0.000 0.000 0.000 0.000 0.000 0.000 0.000 0.000 0.000 0.000 0.000 0.000 0.000 0.000 0.000 0.157 0.252 0.377 0.527 0.687 0.834 0.945 0.997 0.982 0.901 0.770 0.614 0.457 0.317 0.205 0.283 0.416 0.571 0.729 0.869 0.966 1.000 0.966 0.869 0.730 0.571 
0.000 0.000 0.000 0.000 0.000 0.000 0.000 0.000 0.000 0.000 0.000 0.000 0.000 0.000 0.000 0.000 0.000 0.000 0.000 0.000 0.000 0.000 0.000 0.000 0.000 0.000 0.000 0.000 0.117 0.196 0.305 0.443 0.600 0.757 0.891 0.977 0.999 0.952 0.846 0.701 0.542 0.390 0.262 0.223 0.340 0.485 0.644 0.797 0.920 0.990 
0.000 0.000 0.000 0.000 0.000 0.000 0.000 0.000 0.000 0.000 0.000 0.000 0.000 0.000 0.000 0.000 0.000 0.000 0.000 0.000 0.000 0.000 0.000 0.000 0.000 0.000 0.000 0.000 0.000 0.000 0.000 0.000 0.000 0.150 0.242 0.365 0.513 0.673 0.822 0.937 0.995 0.986 0.910 0.784 0.629 0.471 0.328 0.214 0.272 0.403 
# 1 0 50 45
-0.131 -0.213 -0.326 -0.465 -0.620 -0.773 -0.901 -0.981 -0.998 -0.949 -0.843 -0.701 -0.544 -0.394 -0.267 -0.169 -0.100 0.000 0.000 0.000 0.000 0.000 0.000 0.000 0.000 0.000 0.000 0.000 0.000 0.000 0.000 0.000 0.000 0.000 0.000 0.000 0.000 0.000 0.000 0.000 0.000 0.000 0.000 0.000 0.000 
-0.195 -0.138 -0.223 -0.339 -0.480 -0.636 -0.788 -0.911 -0.986 -0.996 -0.941 -0.830 -0.685 -0.528 -0.381 -0.256 -0.161 0.000 0.000 0.000 0.000 0.000 0.000 0.000 0.000 0.000 0.000 0.000 0.000 0.000 0.000 0.000 0.000 0.000 0.000 0.000 0.000 0.000 0.000 0.000 0.000 0.000 0.000 0.000 0.000 
-0.289 -0.186 -0.145 -0.234 -0.352 -0.495 -0.652 -0.802 -0.921 -0.990 -0.993 -0.932 -0.817 -0.670 -0.513 -0.367 -0.245 -0.153 0.000 0.000 0.000 0.000 0.000 0.000 0.000 0.000 0.000 0.000 0.000 0.000 0.000 0.000 0.000 0.000 0.000 0.000 0.000 0.000 0.000 0.000 0.000 0.000 0.000 0.000 0.000 
-0.407 -0.277 -0.177 -0.152 -0.244 -0.365 -0.511 -0.668 -0.815 -0.931 -0.993 -0.990 -0.923 -0.803 -0.654 -0.497 -0.354 -0.235 -0.146 0.000 0.000 0.000 0.000 0.000 0.000 0.000 0.000 0.000 0.000 0.000 0.000 0.000 0.000 0.000 0.000 0.000 0.000 0.000 0.000 0.000 0.000 0.000 0.000 0.000 0.000 
-0.542 -0.393 -0.266 -0.168 -0.160 -0.255 -0.379 -0.526 -0.683 -0.829 -0.940 -0.996 -0.986 -0.913 -0.789 -0.638 -0.482 -0.340 -0.225 -0.139 0.000 0.000 0.000 0.000 0.000 0.000 0.000 0.000 0.000 0.000 0.000 0.000 0.000 0.000 0.000 0.000 0.000 0.000 0.000 0.000 0.000 0.000 0.000 0.000 0.000 
-0.683 -0.526 -0.379 -0.255 -0.160 -0.168 -0.266 -0.393 -0.542 -0.699 -0.842 -0.948 -0.998 -0.982 -0.902 -0.775 -0.622 -0.467 -0.328 -0.215 -0.132 0.000 0.000 0.000 0.000 0.000 0.000 0.000 0.000 0.000 0.000 0.000 0.000 0.000 0.000 0.000 0.000 0.000 0.000 0.000 0.000 0.000 0.000 0.000 0.000 
-0.815 -0.668 -0.511 -0.365 -0.244 -0.152 -0.177 -0.277 -0.407 -0.557 -0.714 -0.854 -0.956 -0.999 -0.976 -0.891 -0.761 -0.607 -0.452 -0.315 -0.205 -0.125 0.000 0.000 0.000 0.000 0.000 0.000 0.000 0.000 0.000 0.000 0.000 0.000 0.000 0.000 0.000 0.000 0.000 0.000 0.000 0.000 0.000 0.000 0.000 
-0.921 -0.802 -0.652 -0.495 -0.352 -0.234 -0.145 -0.186 -0.289 -0.421 -0.573 -0.729 -0.867 -0.963 -1.000 -0.970 -0.880 -0.746 -0.591 -0.437 -0.303 -0.196 -0.118 0.000 0.000 0.000 0.000 0.000 0.000 0.000 0.000 0.000 0.000 0.000 0.000 0.000 0.000 0.000 0.000 0.000 0.000 0.000 0.000 0.000 0.000 
-0.986 -0.911 -0.788 -0.636 -0.480 -0.339 -0.223 -0.138 -0.195 -0.301 -0.436 -0.589 -0.744 -0.879 -0.970 -1.000 -0.964 -0.868 -0.731 -0.575 -0.423 -0.291 -0.187 -0.112 0.000 0.000 0.000 0.000 0.000 0.000 0.000 0.000 0.000 0.000 0.000 0.000 0.000 0.000 0.000 0.000 0.000 0.000 0.000 0.000 0.000 
-0.998 -0.981 -0.901 -0.773 -0.620 -0.465 -0.326 -0.213 -0.131 -0.204 -0.313 -0.450 -0.605 -0.759 -0.890 -0.976 -0.999 -0.957 -0.856 -0.716 -0.559 -0.409 -0.279 -0.178 -0.106 0.000 0.000 0.000 0.000 0.000 0.000 0.000 0.000 0.000 0.000 0.000 0.000 0.000 0.000 0.000 0.000 0.000 0.000 0.000 0.000 
-0.957 -0.999 -0.976 -0.890 -0.759 -0.605 -0.450 -0.313 -0.204 -0.131 -0.213 -0.326 -0.465 -0.620 -0.773 -0.901 -0.981 -0.998 -0.949 -0.843 -0.701 -0.544 -0.394 -0.267 -0.169 -0.100 0.000 0.000 0.000 0.000 0.000 0.000 0.000 0.000 0.000 0.000 0.000 0.000 0.000 0.000 0.000 0.000 0.000 0.000 0.000 
-0.868 -0.964 -1.000 -0.970 -0.879 -0.744 -0.589 -0.436 -0.301 -0.195 -0.138 -0.223 -0.339 -0.480 -0.636 -0.788 -0.911 -0.986 -0.996 -0.941 -0.830 -0.685 -0.528 -0.381 -0.256 -0.161 0.000 0.000 0.000 0.000 0.000 0.000 0.000 0.000 0.000 0.000 0.000 0.000 0.000 0.000 0.000 0.000 0.000 0.000 0.000 
-0.746 -0.880 -0.970 -1.000 -0.963 -0.867 -0.729 -0.573 -0.421 -0.289 -0.186 -0.145 -0.234 -0.352 -0.495 -0.652 -0.802 -0.921 -0.990 -0.993 -0.932 -0.817 -0.670 -0.513 -0.367 -0.245 -0.153 0.000 0.000 0.000 0.000 0.000 0.000 0.000 0.000 0.000 0.000 0.000 0.000 0.000 0.000 0.000 0.000 0.000 0.000 
-0.607 -0.761 -0.891 -0.976 -0.999 -0.956 -0.854 -0.714 -0.557 -0.407 -0.277 -0.177 -0.152 -0.244 -0.365 -0.511 -0.668 -0.815 -0.931 -0.993 -0.990 -0.923 -0.803 -0.654 -0.497 -0.354 -0.235 -0.146 0.000 0.000 0.000 0.000 0.000 0.000 0.000 0.000 0.000 0.000 0.000 0.000 0.000 0.000 0.000 0.000 0.000 
-0.467 -0.622 -0.775 -0.902 -0.982 -0.998 -0.948 -0.842 -0.699 -0.542 -0.393 -0.266 -0.168 -0.160 -0.255 -0.379 -0.526 -0.683 -0.829 -0.940 -0.996 -0.986 -0.913 -0.789 -0.638 -0.482 -0.340 -0.225 -0.139 0.000 0.000 0.000 0.000 0.000 0.000 0.000 0.000 0.000 0.000 0.000 0.000 0.000 0.000 0.000 0.000 
-0.340 -0.482 -0.638 -0.789 -0.913 -0.986 -0.996 -0.940 -0.829 -0.683 -0.526 -0.379 -0.255 -0.160 -0.168 -0.266 -0.393 -0.542 -0.699 -0.842 -0.948 -0.998 -0.982 -0.902 -0.775 -0.622 -0.467 -0.328 -0.215 -0.132 0.000 0.000 0.000 0.000 0.000 0.000 0.000 0.000 0.000 0.000 0.000 0.000 0.000 0.000 0.000 
-0.235 -0.354 -0.497 -0.654 -0.803 -0.923 -0.990 -0.993 -0.931 -0.815 -0.668 -0.511 -0.365 -0.244 -0.152 -0.177 -0.277 -0.407 -0.557 -0.714 -0.854 -0.956 -0.999 -0.976 -0.891 -0.761 -0.607 -0.452 -0.315 -0.205 -0.125 0.000 0.000 0.000 0.000 0.000 0.000 0.000 0.000 0.000 0.000 0.000 0.000 0.000 0.000 
-0.153 -0.245 -0.367 -0.513 -0.670 -0.817 -0.932 -0.993 -0.990 -0.921 -0.802 -0.652 -0.495 -0.352 -0.234 -0.145 -0.186 -0.289 -0.421 -0.573 -0.729 -0.867 -0.963 -1.000 -0.970 -0.880 -0.746 -0.591 -0.437 -0.303 -0.196 -0.118 0.000 0.000 0.000 0.000 0.000 0.000 0.000 0.000 0.000 0.000 0.000 0.000 0.000 
0.000 -0.161 -0.256 -0.381 -0.528 -0.685 -0.830 -0.941 -0.996 -0.986 -0.911 -0.788 -0.636 -0.480 -0.339 -0.223 -0.138 -0.195 -0.301 -0.436 -0.589 -0.744 -0.879 -0.970 -1.000 -0.964 -0.868 -0.731 -0.575 -0.423 -0.291 -0.187 -0.112 0.000 0.000 0.000 0.000 0.000 0.000 0.000 0.000 0.000 0.000 0.000 0.000 
0.000 -0.100 -0.169 -0.267 -0.394 -0.544 -0.701 -0.843 -0.949 -0.998 -0.981 -0.901 -0.773 -0.620 -0.465 -0.326 -0.213 -0.131 -0.204 -0.313 -0.450 -0.605 -0.759 -0.890 -0.976 -0.999 -0.957 -0.856 -0.716 -0.559 -0.409 -0.279 -0.178 -0.106 0.000 0.000 0.000 0.000 0.000 0.000 0.000 0.000 0.000 0.000 0.000 
0.000 0.000 -0.106 -0.178 -0.279 -0.409 -0.559 -0.716 -0.856 -0.957 -0.999 -0.976 -0.890 -0.759 -0.605 -0.450 -0.313 -0.204 -0.131 -0.213 -0.326 -0.465 -0.620 -0.773 -0.901 -0.981 -0.998 -0.949 -0.843 -0.701 -0.544 -0.394 -0.267 -0.169 -0.100 0.000 0.000 0.000 0.000 0.000 0.000 0.000 0.000 0.000 0.000 
0.000 0.000 0.000 -0.112 -0.187 -0.291 -0.423 -0.575 -0.731 -0.868 -0.964 -1.000 -0.970 -0.879 -0.744 -0.589 -0.436 -0.301 -0.195 -0.138 -0.223 -0.339 -0.480 -0.636 -0.788 -0.911 -0.986 -0.996 -0.941 -0.830 -0.685 -0.528 -0.381 -0.256 -0.161 0.000 0.000 0.000 0.000 0.000 0.000 0.000 0.000 0.000 0.000 
0.000 0.000 0.000 0.000 -0.118 -0.196 -0.303 -0.437 -0.591 -0.746 -0.880 -0.970 -1.000 -0.963 -0.867 -0.729 -0.573 -0.421 -0.289 -0.186 -0.145 -0.234 -0.352 -0.495 -0.652 -0.802 -0.921 -0.990 -0.993 -0.932 -0.817 -0.670 -0.513 -0.367 -0.245 -0.153 0.000 0.000 0.000 0.000 0.000 0.000 0.000 0.000 0.000 
0.000 0.000 0.000 0.000 0.000 -0.125 -0.205 -0.315 -0.452 -0.607 -0.761 -0.891 -0.976 -0.999 -0.956 -0.854 -0.714 -0.557 -0.407 -0.277 -0.177 -0.152 -0.244 -0.365 -0.511 -0.668 -0.815 -0.931 -0.993 -0.990 -0.923 -0.803 -0.654 -0.497 -0.354 -0.235 -0.146 0.000 0.000 0.000 0.000 0.000 0.000 0.000 0.000 
0.000 0.000 0.000 0.000 0.000 0.000 -0.132 -0.215 -0.328 -0.467 -0.622 -0.775 -0.902 -0.982 -0.998 -0.948 -0.842 -0.699 -0.542 -0.393 -0.266 -0.168 -0.160 -0.255 -0.379 -0.526 -0.683 -0.829 -0.940 -0.996 -0.986 -0.913 -0.789 -0.638 -0.482 -0.340 -0.225 -0.139 0.000 0.000 0.000 0.000 0.000 0.000 0.000 
0.000 0.000 0.000 0.000 0.000 0.000 0.000 -0.139 -0.225 -0.340 -0.482 -0.638 -0.789 -0.913 -0.986 -0.996 -0.940 -0.829 -0.683 -0.526 -0.379 -0.255 -0.160 -0.168 -0.266 -0.393 -0.542 -0.699 -0.842 -0.948 -0.998 -0.982 -0.902 -0.775 -0.622 -0.467 -0.328 -0.215 -0.132 0.000 0.000 0.000 0.000 0.000 0.000 
0.000 0.000 0.000 0.000 0.000 0.000 0.000 0.000 -0.146 -0.235 -0.354 -0.497 -0.654 -0.803 -0.923 -0.990 -0.993 -0.931 -0.815 -0.668 -0.511 -0.365 -0.244 -0.152 -0.177 -0.277 -0.407 -0.557 -0.714 -0.854 -0.956 -0.999 -0.976 -0.891 -0.761 -0.607 -0.452 -0.315 -0.205 -0.125 0.000 0.000 0.000 0.000 0.000 
0.000 0.000 0.000 0.000 0.000 0.000 0.000 0.000 0.000 -0.153 -0.245 -0.367 -0.513 -0.670 -0.817 -0.932 -0.993 -0.990 -0.921 -0.802 -0.652 -0.495 -0.352 -0.234 -0.145 -0.186 -0.289 -0.421 -0.573 -0.729 -0.867 -0.963 -1.000 -0.970 -0.880 -0.746 -0.591 -0.437 -0.303 -0.196 -0.118 0.000 0.000 0.000 0.000 
0.000 0.000 0.000 0.000 0.000 0.000 0.000 0.000 0.000 0.000 -0.161 -0.256 -0.381 -0.528 -0.685 -0.830 -0.941 -0.996 -0.986 -0.911 -0.788 -0.636 -0.480 -0.339 -0.223 -0.138 -0.195 -0.301 -0.436 -0.589 -0.744 -0.879 -0.970 -1.000 -0.964 -0.868 -0.731 -0.575 -0.423 -0.291 -0.187 -0.112 0.000 0.000 0.000 
0.000 0.000 0.000 0.000 0.000 0.000 0.000 0.000 0.000 0.000 -0.100 -0.169 -0.267 -0.394 -0.544 -0.701 -0.843 -0.949 -0.998 -0.981 -0.901 -0.773 -0.620 -0.465 -0.326 -0.213 -0.131 -0.204 -0.313 -0.450 -0.605 -0.759 -0.890 -0.976 -0.999 -0.957 -0.856 -0.716 -0.559 -0.409 -0.279 -0.178 -0.106 0.000 0.000 
0.000 0.000 0.000 0.000 0.000 0.000 0.000 0.000 0.000 0.000 0.000 -0.106 -0.178 -0.279 -0.409 -0.559 -0.716 -0.856 -0.957 -0.999 -0.976 -0.890 -0.759 -0.605 -0.450 -0.313 -0.204 -0.131 -0.213 -0.326 -0.465 -0.620 -0.773 -0.901 -0.981 -0.998 -0.949 -0.843 -0.701 -0.544 -0.394 -0.267 -0.169 -0.100 0.000 
0.000 0.000 0.000 0.000 0.000 0.000 0.000 0.000 0.000 0.000 0.000 0.000 -0.112 -0.187 -0.291 -0.423 -0.575 -0.731 -0.868 -0.964 -1.000 -0.970 -0.879 -0.744 -0.589 -0.436 -0.301 -0.195 -0.138 -0.223 -0.339 -0.480 -0.636 -0.788 -0.911 -0.986 -0.996 -0.941 -0.830 -0.685 -0.528 -0.381 -0.256 -0.161 0.000 
0.000 0.000 0.000 0.000 0.000 0.000 0.000 0.000 0.000 0.000 0.000 0.000 0.000 -0.118 -0.196 -0.303 -0.437 -0.591 -0.746 -0.880 -0.970 -1.000 -0.963 -0.867 -0.729 -0.573 -0.421 -0.289 -0.186 -0.145 -0.234 -0.352 -0.495 -0.652 -0.802 -0.921 -0.990 -0.993 -0.932 -0.817 -0.670 -0.513 -0.367 -0.245 -0.153 
0.000 0.000 0.000 0.000 0.000 0.000 0.000 0.000 0.000 0.000 0.000 0.000 0.000 0.000 -0.125 -0.205 -0.315 -0.452 -0.607 -0.761 -0.891 -0.976 -0.999 -0.956 -0.854 -0.714 -0.557 -0.407 -0.277 -0.177 -0.152 -0.244 -0.365 -0.511 -0.668 -0.815 -0.931 -0.993 -0.990 -0.923 -0.803 -0.654 -0.497 -0.354 -0.235 
0.000 0.000 0.000 0.000 0.000 0.000 0.000 0.000 0.000 0.000 0.000 0.000 0.000 0.000 0.000 -0.132 -0.215 -0.328 -0.467 -0.622 -0.775 -0.902 -0.982 -0.998 -0.948 -0.842 -0.699 -0.542 -0.393 -0.266 -0.168 -0.160 -0.255 -0.379 -0.526 -0.683 -0.829 -0.940 -0.996 -0.986 -0.913 -0.789 -0.638 -0.482 -0.340 
0.000 0.000 0.000 0.000 0.000 0.000 0.000 0.000 0.000 0.000 0.000 0.000 0.000 0.000 0.000 0.000 -0.139 -0.225 -0.340 -0.482 -0.638 -0.789 -0.913 -0.986 -0.996 -0.940 -0.829 -0.683 -0.526 -0.379 -0.255 -0.160 -0.168 -0.266 -0.393 -0.542 -0.699 -0.842 -0.948 -0.998 -0.982 -0.902 -0.775 -0.622 -0.467 
0.000 0.000 0.000 0.000 0.000 0.000 0.000 0.000 0.000 0.000 0.000 0.000 0.000 0.000 0.000 0.000 0.000 -0.146 -0.235 -0.354 -0.497 -0.654 -0.803 -0.923 -0.990 -0.993 -0.931 -0.815 -0.668 -0.511 -0.365 -0.244 -0.152 -0.177 -0.277 -0.407 -0.557 -0.714 -0.854 -0.956 -0.999 -0.976 -0.891 -0.761 -0.607 
0.000 0.000 0.000 0.000 0.000 0.000 0.000 0.000 0.000 0.000 0.000 0.000 0.000 0.000 0.000 0.000 0.000 0.000 -0.153 -0.245 -0.367 -0.513 -0.670 -0.817 -0.932 -0.993 -0.990 -0.921 -0.802 -0.652 -0.495 -0.352 -0.234 -0.145 -0.186 -0.289 -0.421 -0.573 -0.729 -0.867 -0.963 -1.000 -0.970 -0.880 -0.746 
0.000 0.000 0.000 0.000 0.000 0.000 0.000 0.000 0.000 0.000 0.000 0.000 0.000 0.000 0.000 0.000 0.000 0.000 0.000 -0.161 -0.256 -0.381 -0.528 -0.685 -0.830 -0.941 -0.996 -0.986 -0.911 -0.788 -0.636 -0.480 -0.339 -0.223 -0.138 -0.195 -0.301 -0.436 -0.589 -0.744 -0.879 -0.970 -1.000 -0.964 -0.868 
0.000 0.000 0.000 0.000 0.000 0.000 0.000 0.000 0.000 0.000 0.000 0.000 0.000 0.000 0.000 0.000 0.000 0.000 0.000 -0.100 -0.169 -0.267 -0.394 -0.544 -0.701 -0.843 -0.949 -0.998 -0.981 -0.901 -0.773 -0.620 -0.465 -0.326 -0.213 -0.131 -0.204 -0.313 -0.450 -0.605 -0.759 -0.890 -0.976 -0.999 -0.957 
0.000 0.000 0.000 0.000 0.000 0.000 0.000 0.000 0.000 0.000 0.000 0.000 0.000 0.000 0.000 0.000 0.000 0.000 0.000 0.000 -0.106 -0.178 -0.279 -0.409 -0.559 -0.716 -0.856 -0.957 -0.999 -0.976 -0.890 -0.759 -0.605 -0.450 -0.313 -0.204 -0.131 -0.213 -0.326 -0.465 -0.620 -0.773 -0.901 -0.981 -0.998 
0.000 0.000 0.000 0.000 0.000 0.000 0.000 0.000 0.000 0.000 0.000 0.000 0.000 0.000 0.000 0.000 0.000 0.000 0.000 0.000 0.000 -0.112 -0.187 -0.291 -0.423 -0.575 -0.731 -0.868 -0.964 -1.000 -0.970 -0.879 -0.744 -0.589 -0.436 -0.301 -0.195 -0.138 -0.223 -0.339 -0.480 -0.636 -0.788 -0.911 -0.986 
0.000 0.000 0.000 0.000 0.000 0.000 0.000 0.000 0.000 0.000 0.000 0.000 0.000 0.000 0.000 0.000 0.000 0.000 0.000 0.000 0.000 0.000 -0.118 -0.196 -0.303 -0.437 -0.591 -0.746 -0.880 -0.970 -1.000 -0.963 -0.867 -0.729 -0.573 -0.421 -0.289 -0.186 -0.145 -0.234 -0.352 -0.495 -0.652 -0.802 -0.921 
0.000 0.000 0.000 0.000 0.000 0.000 0.000 0.000 0.000 0.000 0.000 0.000 0.000 0.000 0.000 0.000 0.000 0.000 0.000 0.000 0.000 0.000 0.000 -0.125 -0.205 -0.315 -0.452 -0.607 -0.761 -0.891 -0.976 -0.999 -0.956 -0.854 -0.714 -0.557 -0.407 -0.277 -0.177 -0.152 -0.244 -0.365 -0.511 -0.668 -0.815 
0.000 0.000 0.000 0.000 0.000 0.000 0.000 0.000 0.000 0.000 0.000 0.000 0.000 0.000 0.000 0.000 0.000 0.000 0.000 0.000 0.000 0.000 0.000 0.000 -0.132 -0.215 -0.328 -0.467 -0.622 -0.775 -0.902 -0.982 -0.998 -0.948 -0.842 -0.699 -0.542 -0.393 -0.266 -0.168 -0.160 -0.255 -0.379 -0.526 -0.683 
0.000 0.000 0.000 0.000 0.000 0.000 0.000 0.000 0.000 0.000 0.000 0.000 0.000 0.000 0.000 0.000 0.000 0.000 0.000 0.000 0.000 0.000 0.000 0.000 0.000 -0.139 -0.225 -0.340 -0.482 -0.638 -0.789 -0.913 -0.986 -0.996 -0.940 -0.829 -0.683 -0.526 -0.379 -0.255 -0.160 -0.168 -0.266 -0.393 -0.542 
0.000 0.000 0.000 0.000 0.000 0.000 0.000 0.000 0.000 0.000 0.000 0.000 0.000 0.000 0.000 0.000 0.000 0.000 0.000 0.000 0.000 0.000 0.000 0.000 0.000 0.000 -0.146 -0.235 -0.354 -0.497 -0.654 -0.803 -0.923 -0.990 -0.993 -0.931 -0.815 -0.668 -0.511 -0.365 -0.244 -0.152 -0.177 -0.277 -0.407 
0.000 0.000 0.000 0.000 0.000 0.000 0.000 0.000 0.000 0.000 0.000 0.000 0.000 0.000 0.000 0.000 0.000 0.000 0.000 0.000 0.000 0.000 0.000 0.000 0.000 0.000 0.000 -0.153 -0.245 -0.367 -0.513 -0.670 -0.817 -0.932 -0.993 -0.990 -0.921 -0.802 -0.652 -0.495 -0.352 -0.234 -0.145 -0.186 -0.289 
0.000 0.000 0.000 0.000 0.000 0.000 0.000 0.000 0.000 0.000 0.000 0.000 0.000 0.000 0.000 0.000 0.000 0.000 0.000 0.000 0.000 0.000 0.000 0.000 0.000 0.000 0.000 0.000 -0.161 -0.256 -0.381 -0.528 -0.685 -0.830 -0.941 -0.996 -0.986 -0.911 -0.788 -0.636 -0.480 -0.339 -0.223 -0.138 -0.195 
0.000 0.000 0.000 0.000 0.000 0.000 0.000 0.000 0.000 0.000 0.000 0.000 0.000 0.000 0.000 0.000 0.000 0.000 0.000 0.000 0.000 0.000 0.000 0.000 0.000 0.000 0.000 0.000 -0.100 -0.169 -0.267 -0.394 -0.544 -0.701 -0.843 -0.949 -0.998 -0.981 -0.901 -0.773 -0.620 -0.465 -0.326 -0.213 -0.131 
# 1 2 22 45
-0.166 -0.162 -0.258 -0.383 -0.530 -0.687 -0.832 -0.942 -0.996 -0.985 -0.910 -0.786 -0.634 -0.478 -0.337 -0.222 -0.137 0.000 0.000 0.000 0.000 0.000 0.000 0.000 0.000 0.000 0.000 0.000 0.000 0.000 0.000 0.000 0.000 0.000 0.000 0.000 0.000 0.000 0.000 0.000 0.000 0.000 0.000 0.000 0.000 
-0.395 -0.268 -0.170 -0.159 -0.253 -0.376 -0.523 -0.680 -0.826 -0.938 -0.995 -0.987 -0.914 -0.792 -0.641 -0.485 -0.343 -0.226 -0.140 0.000 0.000 0.000 0.000 0.000 0.000 0.000 0.000 0.000 0.000 0.000 0.000 0.000 0.000 0.000 0.000 0.000 0.000 0.000 0.000 0.000 0.000 0.000 0.000 0.000 0.000 
-0.708 -0.552 -0.402 -0.273 -0.174 -0.155 -0.248 -0.370 -0.516 -0.673 -0.820 -0.934 -0.994 -0.989 -0.919 -0.798 -0.648 -0.492 -0.349 -0.231 -0.143 0.000 0.000 0.000 0.000 0.000 0.000 0.000 0.000 0.000 0.000 0.000 0.000 0.000 0.000 0.000 0.000 0.000 0.000 0.000 0.000 0.000 0.000 0.000 0.000 
-0.956 -0.856 -0.715 -0.559 -0.408 -0.278 -0.178 -0.152 -0.243 -0.364 -0.509 -0.666 -0.814 -0.930 -0.993 -0.990 -0.923 -0.805 -0.655 -0.499 -0.355 -0.236 -0.147 0.000 0.000 0.000 0.000 0.000 0.000 0.000 0.000 0.000 0.000 0.000 0.000 0.000 0.000 0.000 0.000 0.000 0.000 0.000 0.000 0.000 0.000 
-0.973 -1.000 -0.960 -0.861 -0.722 -0.566 -0.415 -0.284 -0.182 -0.148 -0.238 -0.358 -0.502 -0.659 -0.808 -0.926 -0.991 -0.992 -0.928 -0.811 -0.662 -0.506 -0.361 -0.241 -0.150 0.000 0.000 0.000 0.000 0.000 0.000 0.000 0.000 0.000 0.000 0.000 0.000 0.000 0.000 0.000 0.000 0.000 0.000 0.000 0.000 
-0.746 -0.880 -0.970 -1.000 -0.963 -0.867 -0.729 -0.573 -0.421 -0.289 -0.186 -0.145 -0.234 -0.352 -0.495 -0.652 -0.802 -0.921 -0.990 -0.993 -0.932 -0.817 -0.670 -0.513 -0.367 -0.245 -0.153 0.000 0.000 0.000 0.000 0.000 0.000 0.000 0.000 0.000 0.000 0.000 0.000 0.000 0.000 0.000 0.000 0.000 0.000 
-0.431 -0.584 -0.739 -0.875 -0.967 -1.000 -0.966 -0.872 -0.736 -0.580 -0.428 -0.295 -0.190 -0.142 -0.229 -0.346 -0.488 -0.645 -0.795 -0.917 -0.988 -0.995 -0.936 -0.823 -0.677 -0.520 -0.373 -0.250 -0.157 0.000 0.000 0.000 0.000 0.000 0.000 0.000 0.000 0.000 0.000 0.000 0.000 0.000 0.000 0.000 0.000 
-0.187 -0.292 -0.424 -0.577 -0.732 -0.869 -0.964 -1.000 -0.969 -0.877 -0.743 -0.587 -0.434 -0.300 -0.194 -0.138 -0.224 -0.340 -0.482 -0.638 -0.789 -0.912 -0.986 -0.996 -0.940 -0.829 -0.684 -0.527 -0.379 -0.255 -0.161 0.000 0.000 0.000 0.000 0.000 0.000 0.000 0.000 0.000 0.000 0.000 0.000 0.000 0.000 
0.000 -0.110 -0.183 -0.286 -0.418 -0.569 -0.725 -0.864 -0.961 -1.000 -0.972 -0.883 -0.749 -0.595 -0.441 -0.306 -0.198 -0.135 -0.220 -0.334 -0.475 -0.630 -0.782 -0.908 -0.984 -0.997 -0.944 -0.835 -0.691 -0.534 -0.386 -0.260 -0.164 0.000 0.000 0.000 0.000 0.000 0.000 0.000 0.000 0.000 0.000 0.000 0.000 
0.000 0.000 0.000 -0.107 -0.179 -0.281 -0.411 -0.562 -0.719 -0.858 -0.958 -0.999 -0.974 -0.888 -0.756 -0.602 -0.448 -0.311 -0.202 -0.132 -0.215 -0.328 -0.468 -0.623 -0.776 -0.903 -0.982 -0.998 -0.948 -0.841 -0.698 -0.541 -0.392 -0.265 -0.168 0.000 0.000 0.000 0.000 0.000 0.000 0.000 0.000 0.000 0.000 
0.000 0.000 0.000 0.000 0.000 -0.104 -0.176 -0.276 -0.405 -0.555 -0.712 -0.853 -0.955 -0.999 -0.977 -0.893 -0.763 -0.609 -0.454 -0.317 -0.206 -0.129 -0.211 -0.322 -0.461 -0.616 -0.769 -0.898 -0.979 -0.998 -0.951 -0.847 -0.705 -0.548 -0.398 -0.271 -0.172 -0.102 0.000 0.000 0.000 0.000 0.000 0.000 0.000 
0.000 0.000 0.000 0.000 0.000 0.000 0.000 -0.102 -0.172 -0.271 -0.398 -0.548 -0.705 -0.847 -0.951 -0.998 -0.979 -0.898 -0.769 -0.616 -0.461 -0.322 -0.211 -0.129 -0.206 -0.317 -0.454 -0.609 -0.763 -0.893 -0.977 -0.999 -0.955 -0.853 -0.712 -0.555 -0.405 -0.276 -0.176 -0.104 0.000 0.000 0.000 0.000 0.000 
0.000 0.000 0.000 0.000 0.000 0.000 0.000 0.000 0.000 0.000 -0.168 -0.265 -0.392 -0.541 -0.698 -0.841 -0.948 -0.998 -0.982 -0.903 -0.776 -0.623 -0.468 -0.328 -0.215 -0.132 -0.202 -0.311 -0.448 -0.602 -0.756 -0.888 -0.974 -0.999 -0.958 -0.858 -0.719 -0.562 -0.411 -0.281 -0.179 -0.107 0.000 0.000 0.000 
0.000 0.000 0.000 0.000 0.000 0.000 0.000 0.000 0.000 0.000 0.000 0.000 -0.164 -0.260 -0.386 -0.534 -0.691 -0.835 -0.944 -0.997 -0.984 -0.908 -0.782 -0.630 -0.475 -0.334 -0.220 -0.135 -0.198 -0.306 -0.441 -0.595 -0.749 -0.883 -0.972 -1.000 -0.961 -0.864 -0.725 -0.569 -0.418 -0.286 -0.183 -0.110 0.000 
0.000 0.000 0.000 0.000 0.000 0.000 0.000 0.000 0.000 0.000 0.000 0.000 0.000 0.000 -0.161 -0.255 -0.379 -0.527 -0.684 -0.829 -0.940 -0.996 -0.986 -0.912 -0.789 -0.638 -0.482 -0.340 -0.224 -0.138 -0.194 -0.300 -0.434 -0.587 -0.743 -0.877 -0.969 -1.000 -0.964 -0.869 -0.732 -0.577 -0.424 -0.292 -0.187 
0.000 0.000 0.000 0.000 0.000 0.000 0.000 0.000 0.000 0.000 0.000 0.000 0.000 0.000 0.000 0.000 -0.157 -0.250 -0.373 -0.520 -0.677 -0.823 -0.936 -0.995 -0.988 -0.917 -0.795 -0.645 -0.488 -0.346 -0.229 -0.142 -0.190 -0.295 -0.428 -0.580 -0.736 -0.872 -0.966 -1.000 -0.967 -0.875 -0.739 -0.584 -0.431 
0.000 0.000 0.000 0.000 0.000 0.000 0.000 0.000 0.000 0.000 0.000 0.000 0.000 0.000 0.000 0.000 0.000 0.000 -0.153 -0.245 -0.367 -0.513 -0.670 -0.817 -0.932 -0.993 -0.990 -0.921 -0.802 -0.652 -0.495 -0.352 -0.234 -0.145 -0.186 -0.289 -0.421 -0.573 -0.729 -0.867 -0.963 -1.000 -0.970 -0.880 -0.746 
0.000 0.000 0.000 0.000 0.000 0.000 0.000 0.000 0.000 0.000 0.000 0.000 0.000 0.000 0.000 0.000 0.000 0.000 0.000 0.000 -0.150 -0.241 -0.361 -0.506 -0.662 -0.811 -0.928 -0.992 -0.991 -0.926 -0.808 -0.659 -0.502 -0.358 -0.238 -0.148 -0.182 -0.284 -0.415 -0.566 -0.722 -0.861 -0.960 -1.000 -0.973 
0.000 0.000 0.000 0.000 0.000 0.000 0.000 0.000 0.000 0.000 0.000 0.000 0.000 0.000 0.000 0.000 0.000 0.000 0.000 0.000 0.000 0.000 -0.147 -0.236 -0.355 -0.499 -0.655 -0.805 -0.923 -0.990 -0.993 -0.930 -0.814 -0.666 -0.509 -0.364 -0.243 -0.152 -0.178 -0.278 -0.408 -0.559 -0.715 -0.856 -0.956 
0.000 0.000 0.000 0.000 0.000 0.000 0.000 0.000 0.000 0.000 0.000 0.000 0.000 0.000 0.000 0.000 0.000 0.000 0.000 0.000 0.000 0.000 0.000 0.000 -0.143 -0.231 -0.349 -0.492 -0.648 -0.798 -0.919 -0.989 -0.994 -0.934 -0.820 -0.673 -0.516 -0.370 -0.248 -0.155 -0.174 -0.273 -0.402 -0.552 -0.708 
0.000 0.000 0.000 0.000 0.000 0.000 0.000 0.000 0.000 0.000 0.000 0.000 0.000 0.000 0.000 0.000 0.000 0.000 0.000 0.000 0.000 0.000 0.000 0.000 0.000 0.000 -0.140 -0.226 -0.343 -0.485 -0.641 -0.792 -0.914 -0.987 -0.995 -0.938 -0.826 -0.680 -0.523 -0.376 -0.253 -0.159 -0.170 -0.268 -0.395 
0.000 0.000 0.000 0.000 0.000 0.000 0.000 0.000 0.000 0.000 0.000 0.000 0.000 0.000 0.000 0.000 0.000 0.000 0.000 0.000 0.000 0.000 0.000 0.000 0.000 0.000 0.000 0.000 -0.137 -0.222 -0.337 -0.478 -0.634 -0.786 -0.910 -0.985 -0.996 -0.942 -0.832 -0.687 -0.530 -0.383 -0.258 -0.162 -0.166 
# 2 0 50 22
0.000 0.000 0.000 -0.133 -0.358 -0.692 -0.961 -0.959 -0.688 -0.355 -0.131 0.000 0.000 0.000 0.000 0.000 0.000 0.000 0.000 0.000 0.000 0.000 
0.000 0.000 0.000 0.000 -0.242 -0.539 -0.866 -0.999 -0.829 -0.494 -0.212 0.000 0.000 0.000 0.000 0.000 0.000 0.000 0.000 0.000 0.000 0.000 
0.000 0.000 0.000 0.000 -0.153 -0.394 -0.732 -0.977 -0.937 -0.646 -0.320 -0.114 0.000 0.000 0.000 0.000 0.000 0.000 0.000 0.000 0.000 0.000 
0.000 0.000 0.000 0.000 0.000 -0.271 -0.581 -0.896 -0.994 -0.793 -0.454 -0.187 0.000 0.000 0.000 0.000 0.000 0.000 0.000 0.000 0.000 0.000 
0.000 0.000 0.000 0.000 0.000 -0.174 -0.432 -0.771 -0.989 -0.912 -0.605 -0.288 0.000 0.000 0.000 0.000 0.000 0.000 0.000 0.000 0.000 0.000 
0.000 0.000 0.000 0.000 0.000 -0.105 -0.302 -0.623 -0.924 -0.985 -0.755 -0.416 -0.165 0.000 0.000 0.000 0.000 0.000 0.000 0.000 0.000 0.000 
0.000 0.000 0.000 0.000 0.000 0.000 -0.198 -0.472 -0.809 -0.997 -0.884 -0.563 -0.258 0.000 0.000 0.000 0.000 0.000 0.000 0.000 0.000 0.000 
0.000 0.000 0.000 0.000 0.000 0.000 -0.121 -0.335 -0.664 -0.947 -0.971 -0.715 -0.379 -0.144 0.000 0.000 0.000 0.000 0.000 0.000 0.000 0.000 
-0.127 0.000 0.000 0.000 0.000 0.000 0.000 -0.223 -0.512 -0.844 -1.000 -0.852 -0.521 -0.230 0.000 0.000 0.000 0.000 0.000 0.000 0.000 0.000 
-0.206 0.000 0.000 0.000 0.000 0.000 0.000 -0.140 -0.370 -0.705 -0.967 -0.952 -0.674 -0.343 -0.125 0.000 0.000 0.000 0.000 0.000 0.000 0.000 
-0.313 -0.110 0.000 0.000 0.000 0.000 0.000 0.000 -0.251 -0.553 -0.876 -0.998 -0.817 -0.481 -0.203 0.000 0.000 0.000 0.000 0.000 0.000 0.000 
-0.445 -0.182 0.000 0.000 0.000 0.000 0.000 0.000 -0.160 -0.407 -0.746 -0.982 -0.929 -0.632 -0.309 -0.109 0.000 0.000 0.000 0.000 0.000 0.000 
-0.595 -0.281 0.000 0.000 0.000 0.000 0.000 0.000 0.000 -0.281 -0.595 -0.906 -0.992 -0.780 -0.441 -0.179 0.000 0.000 0.000 0.000 0.000 0.000 
-0.746 -0.407 -0.160 0.000 0.000 0.000 0.000 0.000 0.000 -0.182 -0.445 -0.784 -0.993 -0.903 -0.591 -0.278 0.000 0.000 0.000 0.000 0.000 0.000 
-0.876 -0.553 -0.251 0.000 0.000 0.000 0.000 0.000 0.000 -0.110 -0.313 -0.637 -0.932 -0.980 -0.742 -0.403 -0.158 0.000 0.000 0.000 0.000 0.000 
-0.967 -0.705 -0.370 -0.140 0.000 0.000 0.000 0.000 0.000 0.000 -0.206 -0.485 -0.821 -0.999 -0.873 -0.549 -0.248 0.000 0.000 0.000 0.000 0.000 
-1.000 -0.844 -0.512 -0.223 0.000 0.000 0.000 0.000 0.000 0.000 -0.127 -0.347 -0.678 -0.954 -0.965 -0.701 -0.366 -0.138 0.000 0.000 0.000 0.000 
-0.971 -0.947 -0.664 -0.335 -0.121 0.000 0.000 0.000 0.000 0.000 0.000 -0.232 -0.526 -0.855 -1.000 -0.841 -0.508 -0.221 0.000 0.000 0.000 0.000 
-0.884 -0.997 -0.809 -0.472 -0.198 0.000 0.000 0.000 0.000 0.000 0.000 -0.146 -0.382 -0.719 -0.972 -0.945 -0.660 -0.332 -0.120 0.000 0.000 0.000 
-0.755 -0.985 -0.924 -0.623 -0.302 -0.105 0.000 0.000 0.000 0.000 0.000 0.000 -0.261 -0.567 -0.887 -0.997 -0.805 -0.468 -0.195 0.000 0.000 0.000 
-0.605 -0.912 -0.989 -0.771 -0.432 -0.174 0.000 0.000 0.000 0.000 0.000 0.000 -0.167 -0.420 -0.759 -0.986 -0.921 -0.619 -0.299 -0.104 0.000 0.000 
-0.454 -0.793 -0.994 -0.896 -0.581 -0.271 0.000 0.000 0.000 0.000 0.000 0.000 -0.100 -0.291 -0.609 -0.915 -0.988 -0.768 -0.428 -0.172 0.000 0.000 
-0.320 -0.646 -0.937 -0.977 -0.732 -0.394 -0.153 0.000 0.000 0.000 0.000 0.000 0.000 -0.190 -0.458 -0.797 -0.995 -0.894 -0.577 -0.268 0.000 0.000 
-0.212 -0.494 -0.829 -0.999 -0.866 -0.539 -0.242 0.000 0.000 0.000 0.000 0.000 0.000 -0.116 -0.324 -0.651 -0.940 -0.976 -0.728 -0.391 -0.151 0.000 
-0.131 -0.355 -0.688 -0.959 -0.961 -0.692 -0.358 -0.133 0.000 0.000 0.000 0.000 0.000 0.000 -0.214 -0.498 -0.832 -1.000 -0.863 -0.535 -0.239 0.000 
0.000 -0.239 -0.535 -0.863 -1.000 -0.832 -0.498 -0.214 0.000 0.000 0.000 0.000 0.000 0.000 -0.133 -0.358 -0.692 -0.961 -0.959 -0.688 -0.355 -0.131 
0.000 -0.151 -0.391 -0.728 -0.976 -0.940 -0.651 -0.324 -0.116 0.000 0.000 0.000 0.000 0.000 0.000 -0.242 -0.539 -0.866 -0.999 -0.829 -0.494 -0.212 
0.000 0.000 -0.268 -0.577 -0.894 -0.995 -0.797 -0.458 -0.190 0.000 0.000 0.000 0.000 0.000 0.000 -0.153 -0.394 -0.732 -0.977 -0.937 -0.646 -0.320 
0.000 0.000 -0.172 -0.428 -0.768 -0.988 -0.915 -0.609 -0.291 -0.100 0.000 0.000 0.000 0.000 0.000 0.000 -0.271 -0.581 -0.896 -0.994 -0.793 -0.454 
0.000 0.000 -0.104 -0.299 -0.619 -0.921 -0.986 -0.759 -0.420 -0.167 0.000 0.000 0.000 0.000 0.000 0.000 -0.174 -0.432 -0.771 -0.989 -0.912 -0.605 
0.000 0.000 0.000 -0.195 -0.468 -0.805 -0.997 -0.887 -0.567 -0.261 0.000 0.000 0.000 0.000 0.000 0.000 -0.105 -0.302 -0.623 -0.924 -0.985 -0.755 
0.000 0.000 0.000 -0.120 -0.332 -0.660 -0.945 -0.972 -0.719 -0.382 -0.146 0.000 0.000 0.000 0.000 0.000 0.000 -0.198 -0.472 -0.809 -0.997 -0.884 
0.000 0.000 0.000 0.000 -0.221 -0.508 -0.841 -1.000 -0.855 -0.526 -0.232 0.000 0.000 0.000 0.000 0.000 0.000 -0.121 -0.335 -0.664 -0.947 -0.971 
0.000 0.000 0.000 0.000 -0.138 -0.366 -0.701 -0.965 -0.954 -0.678 -0.347 -0.127 0.000 0.000 0.000 0.000 0.000 0.000 -0.223 -0.512 -0.844 -1.000 
0.000 0.000 0.000 0.000 0.000 -0.248 -0.549 -0.873 -0.999 -0.821 -0.485 -0.206 0.000 0.000 0.000 0.000 0.000 0.000 -0.140 -0.370 -0.705 -0.967 
0.000 0.000 0.000 0.000 0.000 -0.158 -0.403 -0.742 -0.980 -0.932 -0.637 -0.313 -0.110 0.000 0.000 0.000 0.000 0.000 0.000 -0.251 -0.553 -0.876 
0.000 0.000 0.000 0.000 0.000 0.000 -0.278 -0.591 -0.903 -0.993 -0.784 -0.445 -0.182 0.000 0.000 0.000 0.000 0.000 0.000 -0.160 -0.407 -0.746 
0.000 0.000 0.000 0.000 0.000 0.000 -0.179 -0.441 -0.780 -0.992 -0.906 -0.595 -0.281 0.000 0.000 0.000 0.000 0.000 0.000 0.000 -0.281 -0.595 
0.000 0.000 0.000 0.000 0.000 0.000 -0.109 -0.309 -0.632 -0.929 -0.982 -0.746 -0.407 -0.160 0.000 0.000 0.000 0.000 0.000 0.000 -0.182 -0.445 
0.000 0.000 0.000 0.000 0.000 0.000 0.000 -0.203 -0.481 -0.817 -0.998 -0.876 -0.553 -0.251 0.000 0.000 0.000 0.000 0.000 0.000 -0.110 -0.313 
0.000 0.000 0.000 0.000 0.000 0.000 0.000 -0.125 -0.343 -0.674 -0.952 -0.967 -0.705 -0.370 -0.140 0.000 0.000 0.000 0.000 0.000 0.000 -0.206 
0.000 0.000 0.000 0.000 0.000 0.000 0.000 0.000 -0.230 -0.521 -0.852 -1.000 -0.844 -0.512 -0.223 0.000 0.000 0.000 0.000 0.000 0.000 -0.127 
0.000 0.000 0.000 0.000 0.000 0.000 0.000 0.000 -0.144 -0.379 -0.715 -0.971 -0.947 -0.664 -0.335 -0.121 0.000 0.000 0.000 0.000 0.000 0.000 
0.000 0.000 0.000 0.000 0.000 0.000 0.000 0.000 0.000 -0.258 -0.563 -0.884 -0.997 -0.809 -0.472 -0.198 0.000 0.000 0.000 0.000 0.000 0.000 
0.000 0.000 0.000 0.000 0.000 0.000 0.000 0.000 0.000 -0.165 -0.416 -0.755 -0.985 -0.924 -0.623 -0.302 -0.105 0.000 0.000 0.000 0.000 0.000 
0.000 0.000 0.000 0.000 0.000 0.000 0.000 0.000 0.000 0.000 -0.288 -0.605 -0.912 -0.989 -0.771 -0.432 -0.174 0.000 0.000 0.000 0.000 0.000 
0.000 0.000 0.000 0.000 0.000 0.000 0.000 0.000 0.000 0.000 -0.187 -0.454 -0.793 -0.994 -0.896 -0.581 -0.271 0.000 0.000 0.000 0.000 0.000 
0.000 0.000 0.000 0.000 0.000 0.000 0.000 0.000 0.000 0.000 -0.114 -0.320 -0.646 -0.937 -0.977 -0.732 -0.394 -0.153 0.000 0.000 0.000 0.000 
0.000 0.000 0.000 0.000 0.000 0.000 0.000 0.000 0.000 0.000 0.000 -0.212 -0.494 -0.829 -0.999 -0.866 -0.539 -0.242 0.000 0.000 0.000 0.000 
0.000 0.000 0.000 0.000 0.000 0.000 0.000 0.000 0.000 0.000 0.000 -0.131 -0.355 -0.688 -0.959 -0.961 -0.692 -0.358 -0.133 0.000 0.000 0.000 
# 2 1 45 22
0.000 0.000 0.000 -0.130 -0.351 -0.683 -0.957 -0.962 -0.696 -0.362 -0.135 0.000 0.000 0.000 0.000 0.000 0.000 0.000 0.000 0.000 0.000 0.000 
0.000 0.000 0.000 0.000 -0.225 -0.514 -0.846 -1.000 -0.850 -0.519 -0.228 0.000 0.000 0.000 0.000 0.000 0.000 0.000 0.000 0.000 0.000 0.000 
0.000 0.000 0.000 0.000 -0.133 -0.358 -0.691 -0.960 -0.959 -0.688 -0.355 -0.132 0.000 0.000 0.000 0.000 0.000 0.000 0.000 0.000 0.000 0.000 
0.000 0.000 0.000 0.000 0.000 -0.230 -0.522 -0.852 -1.000 -0.844 -0.512 -0.223 0.000 0.000 0.000 0.000 0.000 0.000 0.000 0.000 0.000 0.000 
0.000 0.000 0.000 0.000 0.000 -0.136 -0.364 -0.699 -0.964 -0.955 -0.681 -0.349 -0.128 0.000 0.000 0.000 0.000 0.000 0.000 0.000 0.000 0.000 
0.000 0.000 0.000 0.000 0.000 0.000 -0.235 -0.529 -0.858 -1.000 -0.837 -0.504 -0.218 0.000 0.000 0.000 0.000 0.000 0.000 0.000 0.000 0.000 
0.000 0.000 0.000 0.000 0.000 0.000 -0.140 -0.371 -0.706 -0.967 -0.952 -0.673 -0.342 -0.125 0.000 0.000 0.000 0.000 0.000 0.000 0.000 0.000 
-0.117 0.000 0.000 0.000 0.000 0.000 0.000 -0.240 -0.537 -0.864 -0.999 -0.831 -0.497 -0.213 0.000 0.000 0.000 0.000 0.000 0.000 0.000 0.000 
-0.201 0.000 0.000 0.000 0.000 0.000 0.000 -0.143 -0.377 -0.714 -0.970 -0.948 -0.666 -0.336 -0.122 0.000 0.000 0.000 0.000 0.000 0.000 0.000 
-0.319 -0.114 0.000 0.000 0.000 0.000 0.000 0.000 -0.245 -0.545 -0.870 -0.999 -0.824 -0.489 -0.209 0.000 0.000 0.000 0.000 0.000 0.000 0.000 
-0.469 -0.196 0.000 0.000 0.000 0.000 0.000 0.000 -0.147 -0.384 -0.721 -0.973 -0.944 -0.658 -0.330 -0.119 0.000 0.000 0.000 0.000 0.000 0.000 
-0.637 -0.313 -0.111 0.000 0.000 0.000 0.000 0.000 0.000 -0.250 -0.552 -0.876 -0.998 -0.818 -0.482 -0.204 0.000 0.000 0.000 0.000 0.000 0.000 
-0.800 -0.462 -0.192 0.000 0.000 0.000 0.000 0.000 0.000 -0.151 -0.391 -0.729 -0.976 -0.939 -0.650 -0.323 -0.116 0.000 0.000 0.000 0.000 0.000 
-0.928 -0.630 -0.307 -0.108 0.000 0.000 0.000 0.000 0.000 0.000 -0.256 -0.560 -0.882 -0.997 -0.811 -0.474 -0.199 0.000 0.000 0.000 0.000 0.000 
-0.994 -0.793 -0.455 -0.187 0.000 0.000 0.000 0.000 0.000 0.000 -0.155 -0.398 -0.736 -0.979 -0.935 -0.642 -0.317 -0.113 0.000 0.000 0.000 0.000 
-0.985 -0.923 -0.622 -0.301 -0.105 0.000 0.000 0.000 0.000 0.000 0.000 -0.261 -0.568 -0.887 -0.996 -0.804 -0.467 -0.195 0.000 0.000 0.000 0.000 
-0.901 -0.993 -0.786 -0.447 -0.183 0.000 0.000 0.000 0.000 0.000 0.000 -0.158 -0.405 -0.743 -0.981 -0.931 -0.635 -0.311 -0.110 0.000 0.000 0.000 
-0.763 -0.987 -0.918 -0.614 -0.295 -0.102 0.000 0.000 0.000 0.000 0.000 0.000 -0.267 -0.576 -0.893 -0.995 -0.798 -0.459 -0.190 0.000 0.000 0.000 
-0.596 -0.907 -0.991 -0.779 -0.440 -0.179 0.000 0.000 0.000 0.000 0.000 0.000 -0.162 -0.412 -0.751 -0.983 -0.926 -0.627 -0.305 -0.107 0.000 0.000 
-0.431 -0.770 -0.989 -0.913 -0.606 -0.289 0.000 0.000 0.000 0.000 0.000 0.000 0.000 -0.272 -0.583 -0.898 -0.994 -0.791 -0.452 -0.186 0.000 0.000 
-0.287 -0.604 -0.912 -0.990 -0.772 -0.433 -0.175 0.000 0.000 0.000 0.000 0.000 0.000 -0.166 -0.419 -0.758 -0.986 -0.921 -0.619 -0.299 -0.104 0.000 
-0.177 -0.438 -0.777 -0.991 -0.908 -0.599 -0.284 0.000 0.000 0.000 0.000 0.000 0.000 0.000 -0.278 -0.591 -0.903 -0.992 -0.784 -0.445 -0.182 0.000 
-0.101 -0.293 -0.612 -0.917 -0.988 -0.765 -0.426 -0.170 0.000 0.000 0.000 0.000 0.000 0.000 -0.170 -0.426 -0.765 -0.988 -0.917 -0.612 -0.293 -0.101 
0.000 -0.182 -0.445 -0.784 -0.992 -0.903 -0.591 -0.278 0.000 0.000 0.000 0.000 0.000 0.000 0.000 -0.284 -0.599 -0.908 -0.991 -0.777 -0.438 -0.177 
0.000 -0.104 -0.299 -0.619 -0.921 -0.986 -0.758 -0.419 -0.166 0.000 0.000 0.000 0.000 0.000 0.000 -0.175 -0.433 -0.772 -0.990 -0.912 -0.604 -0.287 
0.000 0.000 -0.186 -0.452 -0.791 -0.994 -0.898 -0.583 -0.272 0.000 0.000 0.000 0.000 0.000 0.000 0.000 -0.289 -0.606 -0.913 -0.989 -0.770 -0.431 
0.000 0.000 -0.107 -0.305 -0.627 -0.926 -0.983 -0.751 -0.412 -0.162 0.000 0.000 0.000 0.000 0.000 0.000 -0.179 -0.440 -0.779 -0.991 -0.907 -0.596 
0.000 0.000 0.000 -0.190 -0.459 -0.798 -0.995 -0.893 -0.576 -0.267 0.000 0.000 0.000 0.000 0.000 0.000 -0.102 -0.295 -0.614 -0.918 -0.987 -0.763 
0.000 0.000 0.000 -0.110 -0.311 -0.635 -0.931 -0.981 -0.743 -0.405 -0.158 0.000 0.000 0.000 0.000 0.000 0.000 -0.183 -0.447 -0.786 -0.993 -0.901 
0.000 0.000 0.000 0.000 -0.195 -0.467 -0.804 -0.996 -0.887 -0.568 -0.261 0.000 0.000 0.000 0.000 0.000 0.000 -0.105 -0.301 -0.622 -0.923 -0.985 
0.000 0.000 0.000 0.000 -0.113 -0.317 -0.642 -0.935 -0.979 -0.736 -0.398 -0.155 0.000 0.000 0.000 0.000 0.000 0.000 -0.187 -0.455 -0.793 -0.994 
0.000 0.000 0.000 0.000 0.000 -0.199 -0.474 -0.811 -0.997 -0.882 -0.560 -0.256 0.000 0.000 0.000 0.000 0.000 0.000 -0.108 -0.307 -0.630 -0.928 
0.000 0.000 0.000 0.000 0.000 -0.116 -0.323 -0.650 -0.939 -0.976 -0.729 -0.391 -0.151 0.000 0.000 0.000 0.000 0.000 0.000 -0.192 -0.462 -0.800 
0.000 0.000 0.000 0.000 0.000 0.000 -0.204 -0.482 -0.818 -0.998 -0.876 -0.552 -0.250 0.000 0.000 0.000 0.000 0.000 0.000 -0.111 -0.313 -0.637 
0.000 0.000 0.000 0.000 0.000 0.000 -0.119 -0.330 -0.658 -0.944 -0.973 -0.721 -0.384 -0.147 0.000 0.000 0.000 0.000 0.000 0.000 -0.196 -0.469 
0.000 0.000 0.000 0.000 0.000 0.000 0.000 -0.209 -0.489 -0.824 -0.999 -0.870 -0.545 -0.245 0.000 0.000 0.000 0.000 0.000 0.000 -0.114 -0.319 
0.000 0.000 0.000 0.000 0.000 0.000 0.000 -0.122 -0.336 -0.666 -0.948 -0.970 -0.714 -0.377 -0.143 0.000 0.000 0.000 0.000 0.000 0.000 -0.201 
0.000 0.000 0.000 0.000 0.000 0.000 0.000 0.000 -0.213 -0.497 -0.831 -0.999 -0.864 -0.537 -0.240 0.000 0.000 0.000 0.000 0.000 0.000 -0.117 
0.000 0.000 0.000 0.000 0.000 0.000 0.000 0.000 -0.125 -0.342 -0.673 -0.952 -0.967 -0.706 -0.371 -0.140 0.000 0.000 0.000 0.000 0.000 0.000 
0.000 0.000 0.000 0.000 0.000 0.000 0.000 0.000 0.000 -0.218 -0.504 -0.837 -1.000 -0.858 -0.529 -0.235 0.000 0.000 0.000 0.000 0.000 0.000 
0.000 0.000 0.000 0.000 0.000 0.000 0.000 0.000 0.000 -0.128 -0.349 -0.681 -0.955 -0.964 -0.699 -0.364 -0.136 0.000 0.000 0.000 0.000 0.000 
0.000 0.000 0.000 0.000 0.000 0.000 0.000 0.000 0.000 0.000 -0.223 -0.512 -0.844 -1.000 -0.852 -0.522 -0.230 0.000 0.000 0.000 0.000 0.000 
0.000 0.000 0.000 0.000 0.000 0.000 0.000 0.000 0.000 0.000 -0.132 -0.355 -0.688 -0.959 -0.960 -0.691 -0.358 -0.133 0.000 0.000 0.000 0.000 
0.000 0.000 0.000 0.000 0.000 0.000 0.000 0.000 0.000 0.000 0.000 -0.228 -0.519 -0.850 -1.000 -0.846 -0.514 -0.225 0.000 0.000 0.000 0.000 
0.000 0.000 0.000 0.000 0.000 0.000 0.000 0.000 0.000 0.000 0.000 -0.135 -0.362 -0.696 -0.962 -0.957 -0.683 -0.351 -0.130 0.000 0.000 0.000 
