3.658058
4
# 0 1 29 50
0.000 0.000 0.000 0.000 0.000 0.000 0.000 0.000 0.000 0.000 0.000 0.000 0.000 0.131 0.773 0.844 0.170 0.000 0.000 0.000 0.000 0.000 0.000 0.000 0.000 0.000 0.000 0.000 0.000 0.000 0.000 0.000 0.000 0.000 0.000 0.000 0.000 0.000 0.000 0.000 0.000 0.000 0.000 0.000 0.000 0.000 0.000 0.000 0.000 0.000 
0.000 0.000 0.000 0.000 0.000 0.000 0.000 0.000 0.000 0.000 0.000 0.000 0.000 0.000 0.000 0.253 0.938 0.642 0.000 0.000 0.000 0.000 0.000 0.000 0.000 0.000 0.000 0.000 0.000 0.000 0.000 0.000 0.000 0.000 0.000 0.000 0.000 0.000 0.000 0.000 0.000 0.000 0.000 0.000 0.000 0.000 0.000 0.000 0.000 0.000 
0.000 0.000 0.000 0.000 0.000 0.000 0.000 0.000 0.000 0.000 0.000 0.000 0.000 0.000 0.000 0.000 0.000 0.429 1.000 0.429 0.000 0.000 0.000 0.000 0.000 0.000 0.000 0.000 0.000 0.000 0.000 0.000 0.000 0.000 0.000 0.000 0.000 0.000 0.000 0.000 0.000 0.000 0.000 0.000 0.000 0.000 0.000 0.000 0.000 0.000 
0.000 0.000 0.000 0.000 0.000 0.000 0.000 0.000 0.000 0.000 0.000 0.000 0.000 0.000 0.000 0.000 0.000 0.000 0.000 0.642 0.938 0.253 0.000 0.000 0.000 0.000 0.000 0.000 0.000 0.000 0.000 0.000 0.000 0.000 0.000 0.000 0.000 0.000 0.000 0.000 0.000 0.000 0.000 0.000 0.000 0.000 0.000 0.000 0.000 0.000 
0.000 0.000 0.000 0.000 0.000 0.000 0.000 0.000 0.000 0.000 0.000 0.000 0.000 0.000 0.000 0.000 0.000 0.000 0.000 0.000 0.170 0.844 0.773 0.131 0.000 0.000 0.000 0.000 0.000 0.000 0.000 0.000 0.000 0.000 0.000 0.000 0.000 0.000 0.000 0.000 0.000 0.000 0.000 0.000 0.000 0.000 0.000 0.000 0.000 0.000 
0.000 0.000 0.000 0.000 0.000 0.000 0.000 0.000 0.000 0.000 0.000 0.000 0.000 0.000 0.000 0.000 0.000 0.000 0.000 0.000 0.000 0.000 0.313 0.975 0.561 0.000 0.000 0.000 0.000 0.000 0.000 0.000 0.000 0.000 0.000 0.000 0.000 0.000 0.000 0.000 0.000 0.000 0.000 0.000 0.000 0.000 0.000 0.000 0.000 0.000 
0.000 0.000 0.000 0.000 0.000 0.000 0.000 0.000 0.000 0.000 0.000 0.000 0.000 0.000 0.000 0.000 0.000 0.000 0.000 0.000 0.000 0.000 0.000 0.000 0.507 0.991 0.357 0.000 0.000 0.000 0.000 0.000 0.000 0.000 0.000 0.000 0.000 0.000 0.000 0.000 0.000 0.000 0.000 0.000 0.000 0.000 0.000 0.000 0.000 0.000 
0.000 0.000 0.000 0.000 0.000 0.000 0.000 0.000 0.000 0.000 0.000 0.000 0.000 0.000 0.000 0.000 0.000 0.000 0.000 0.000 0.000 0.000 0.000 0.000 0.000 0.109 0.722 0.885 0.200 0.000 0.000 0.000 0.000 0.000 0.000 0.000 0.000 0.000 0.000 0.000 0.000 0.000 0.000 0.000 0.000 0.000 0.000 0.000 0.000 0.000 
0.999 0.405 0.000 0.000 0.000 0.000 0.000 0.000 0.000 0.000 0.000 0.000 0.000 0.000 0.000 0.000 0.000 0.000 0.000 0.000 0.000 0.000 0.000 0.000 0.000 0.000 0.000 0.217 0.904 0.696 0.000 0.000 0.000 0.000 0.000 0.000 0.000 0.000 0.000 0.000 0.000 0.000 0.000 0.000 0.000 0.000 0.000 0.000 0.000 0.000 
0.000 0.669 0.922 0.234 0.000 0.000 0.000 0.000 0.000 0.000 0.000 0.000 0.000 0.000 0.000 0.000 0.000 0.000 0.000 0.000 0.000 0.000 0.000 0.000 0.000 0.000 0.000 0.000 0.000 0.381 0.996 0.481 0.000 0.000 0.000 0.000 0.000 0.000 0.000 0.000 0.000 0.000 0.000 0.000 0.000 0.000 0.000 0.000 0.000 0.000 
0.000 0.000 0.185 0.865 0.748 0.119 0.000 0.000 0.000 0.000 0.000 0.000 0.000 0.000 0.000 0.000 0.000 0.000 0.000 0.000 0.000 0.000 0.000 0.000 0.000 0.000 0.000 0.000 0.000 0.000 0.000 0.588 0.964 0.292 0.000 0.000 0.000 0.000 0.000 0.000 0.000 0.000 0.000 0.000 0.000 0.000 0.000 0.000 0.000 0.000 
0.000 0.000 0.000 0.000 0.335 0.984 0.534 0.000 0.000 0.000 0.000 0.000 0.000 0.000 0.000 0.000 0.000 0.000 0.000 0.000 0.000 0.000 0.000 0.000 0.000 0.000 0.000 0.000 0.000 0.000 0.000 0.000 0.143 0.798 0.821 0.156 0.000 0.000 0.000 0.000 0.000 0.000 0.000 0.000 0.000 0.000 0.000 0.000 0.000 0.000 
0.000 0.000 0.000 0.000 0.000 0.000 0.534 0.984 0.335 0.000 0.000 0.000 0.000 0.000 0.000 0.000 0.000 0.000 0.000 0.000 0.000 0.000 0.000 0.000 0.000 0.000 0.000 0.000 0.000 0.000 0.000 0.000 0.000 0.000 0.272 0.952 0.615 0.000 0.000 0.000 0.000 0.000 0.000 0.000 0.000 0.000 0.000 0.000 0.000 0.000 
0.000 0.000 0.000 0.000 0.000 0.000 0.000 0.119 0.748 0.865 0.185 0.000 0.000 0.000 0.000 0.000 0.000 0.000 0.000 0.000 0.000 0.000 0.000 0.000 0.000 0.000 0.000 0.000 0.000 0.000 0.000 0.000 0.000 0.000 0.000 0.000 0.455 0.999 0.405 0.000 0.000 0.000 0.000 0.000 0.000 0.000 0.000 0.000 0.000 0.000 
0.000 0.000 0.000 0.000 0.000 0.000 0.000 0.000 0.000 0.234 0.922 0.669 0.000 0.000 0.000 0.000 0.000 0.000 0.000 0.000 0.000 0.000 0.000 0.000 0.000 0.000 0.000 0.000 0.000 0.000 0.000 0.000 0.000 0.000 0.000 0.000 0.000 0.000 0.669 0.922 0.234 0.000 0.000 0.000 0.000 0.000 0.000 0.000 0.000 0.000 
0.000 0.000 0.000 0.000 0.000 0.000 0.000 0.000 0.000 0.000 0.000 0.405 0.999 0.455 0.000 0.000 0.000 0.000 0.000 0.000 0.000 0.000 0.000 0.000 0.000 0.000 0.000 0.000 0.000 0.000 0.000 0.000 0.000 0.000 0.000 0.000 0.000 0.000 0.000 0.185 0.865 0.748 0.119 0.000 0.000 0.000 0.000 0.000 0.000 0.000 
0.000 0.000 0.000 0.000 0.000 0.000 0.000 0.000 0.000 0.000 0.000 0.000 0.000 0.615 0.952 0.272 0.000 0.000 0.000 0.000 0.000 0.000 0.000 0.000 0.000 0.000 0.000 0.000 0.000 0.000 0.000 0.000 0.000 0.000 0.000 0.000 0.000 0.000 0.000 0.000 0.000 0.335 0.984 0.534 0.000 0.000 0.000 0.000 0.000 0.000 
0.000 0.000 0.000 0.000 0.000 0.000 0.000 0.000 0.000 0.000 0.000 0.000 0.000 0.000 0.156 0.821 0.798 0.143 0.000 0.000 0.000 0.000 0.000 0.000 0.000 0.000 0.000 0.000 0.000 0.000 0.000 0.000 0.000 0.000 0.000 0.000 0.000 0.000 0.000 0.000 0.000 0.000 0.000 0.534 0.984 0.335 0.000 0.000 0.000 0.000 
0.000 0.000 0.000 0.000 0.000 0.000 0.000 0.000 0.000 0.000 0.000 0.000 0.000 0.000 0.000 0.000 0.292 0.964 0.588 0.000 0.000 0.000 0.000 0.000 0.000 0.000 0.000 0.000 0.000 0.000 0.000 0.000 0.000 0.000 0.000 0.000 0.000 0.000 0.000 0.000 0.000 0.000 0.000 0.000 0.119 0.748 0.865 0.185 0.000 0.000 
0.000 0.000 0.000 0.000 0.000 0.000 0.000 0.000 0.000 0.000 0.000 0.000 0.000 0.000 0.000 0.000 0.000 0.000 0.481 0.996 0.381 0.000 0.000 0.000 0.000 0.000 0.000 0.000 0.000 0.000 0.000 0.000 0.000 0.000 0.000 0.000 0.000 0.000 0.000 0.000 0.000 0.000 0.000 0.000 0.000 0.000 0.234 0.922 0.669 0.000 
0.000 0.000 0.000 0.000 0.000 0.000 0.000 0.000 0.000 0.000 0.000 0.000 0.000 0.000 0.000 0.000 0.000 0.000 0.000 0.000 0.696 0.904 0.217 0.000 0.000 0.000 0.000 0.000 0.000 0.000 0.000 0.000 0.000 0.000 0.000 0.000 0.000 0.000 0.000 0.000 0.000 0.000 0.000 0.000 0.000 0.000 0.000 0.000 0.405 0.999 
0.000 0.000 0.000 0.000 0.000 0.000 0.000 0.000 0.000 0.000 0.000 0.000 0.000 0.000 0.000 0.000 0.000 0.000 0.000 0.000 0.000 0.200 0.885 0.722 0.109 0.000 0.000 0.000 0.000 0.000 0.000 0.000 0.000 0.000 0.000 0.000 0.000 0.000 0.000 0.000 0.000 0.000 0.000 0.000 0.000 0.000 0.000 0.000 0.000 0.000 
0.000 0.000 0.000 0.000 0.000 0.000 0.000 0.000 0.000 0.000 0.000 0.000 0.000 0.000 0.000 0.000 0.000 0.000 0.000 0.000 0.000 0.000 0.000 0.357 0.991 0.507 0.000 0.000 0.000 0.000 0.000 0.000 0.000 0.000 0.000 0.000 0.000 0.000 0.000 0.000 0.000 0.000 0.000 0.000 0.000 0.000 0.000 0.000 0.000 0.000 
0.000 0.000 0.000 0.000 0.000 0.000 0.000 0.000 0.000 0.000 0.000 0.000 0.000 0.000 0.000 0.000 0.000 0.000 0.000 0.000 0.000 0.000 0.000 0.000 0.000 0.561 0.975 0.313 0.000 0.000 0.000 0.000 0.000 0.000 0.000 0.000 0.000 0.000 0.000 0.000 0.000 0.000 0.000 0.000 0.000 0.000 0.000 0.000 0.000 0.000 
0.000 0.000 0.000 0.000 0.000 0.000 0.000 0.000 0.000 0.000 0.000 0.000 0.000 0.000 0.000 0.000 0.000 0.000 0.000 0.000 0.000 0.000 0.000 0.000 0.000 0.000 0.131 0.773 0.844 0.170 0.000 0.000 0.000 0.000 0.000 0.000 0.000 0.000 0.000 0.000 0.000 0.000 0.000 0.000 0.000 0.000 0.000 0.000 0.000 0.000 
0.000 0.000 0.000 0.000 0.000 0.000 0.000 0.000 0.000 0.000 0.000 0.000 0.000 0.000 0.000 0.000 0.000 0.000 0.000 0.000 0.000 0.000 0.000 0.000 0.000 0.000 0.000 0.000 0.253 0.938 0.642 0.000 0.000 0.000 0.000 0.000 0.000 0.000 0.000 0.000 0.000 0.000 0.000 0.000 0.000 0.000 0.000 0.000 0.000 0.000 
0.000 0.000 0.000 0.000 0.000 0.000 0.000 0.000 0.000 0.000 0.000 0.000 0.000 0.000 0.000 0.000 0.000 0.000 0.000 0.000 0.000 0.000 0.000 0.000 0.000 0.000 0.000 0.000 0.000 0.000 0.429 1.000 0.429 0.000 0.000 0.000 0.000 0.000 0.000 0.000 0.000 0.000 0.000 0.000 0.000 0.000 0.000 0.000 0.000 0.000 
0.000 0.000 0.000 0.000 0.000 0.000 0.000 0.000 0.000 0.000 0.000 0.000 0.000 0.000 0.000 0.000 0.000 0.000 0.000 0.000 0.000 0.000 0.000 0.000 0.000 0.000 0.000 0.000 0.000 0.000 0.000 0.000 0.642 0.938 0.253 0.000 0.000 0.000 0.000 0.000 0.000 0.000 0.000 0.000 0.000 0.000 0.000 0.000 0.000 0.000 
0.000 0.000 0.000 0.000 0.000 0.000 0.000 0.000 0.000 0.000 0.000 0.000 0.000 0.000 0.000 0.000 0.000 0.000 0.000 0.000 0.000 0.000 0.000 0.000 0.000 0.000 0.000 0.000 0.000 0.000 0.000 0.000 0.000 0.170 0.844 0.773 0.131 0.000 0.000 0.000 0.000 0.000 0.000 0.000 0.000 0.000 0.000 0.000 0.000 0.000 
# 0 2 7 50
0.000 0.000 0.000 0.000 0.000 0.000 0.000 0.000 0.000 0.000 0.000 0.000 0.000 0.000 0.000 0.000 0.267 0.967 0.645 0.000 0.000 0.000 0.000 0.000 0.000 0.000 0.000 0.000 0.000 0.000 0.000 0.000 0.000 0.000 0.000 0.000 0.000 0.000 0.000 0.000 0.000 0.000 0.000 0.000 0.000 0.000 0.000 0.000 0.000 0.000 
0.000 0.000 0.000 0.000 0.000 0.000 0.000 0.000 0.000 0.000 0.000 0.000 0.000 0.000 0.000 0.000 0.000 0.000 0.000 0.000 0.000 0.000 0.000 0.194 0.892 0.758 0.119 0.000 0.000 0.000 0.000 0.000 0.000 0.000 0.000 0.000 0.000 0.000 0.000 0.000 0.000 0.000 0.000 0.000 0.000 0.000 0.000 0.000 0.000 0.000 
0.000 0.000 0.324 1.000 0.570 0.000 0.000 0.000 0.000 0.000 0.000 0.000 0.000 0.000 0.000 0.000 0.000 0.000 0.000 0.000 0.000 0.000 0.000 0.000 0.000 0.000 0.000 0.000 0.000 0.000 0.136 0.795 0.861 0.172 0.000 0.000 0.000 0.000 0.000 0.000 0.000 0.000 0.000 0.000 0.000 0.000 0.000 0.000 0.000 0.000 
0.000 0.000 0.000 0.000 0.000 0.000 0.000 0.000 0.000 0.240 0.944 0.685 0.000 0.000 0.000 0.000 0.000 0.000 0.000 0.000 0.000 0.000 0.000 0.000 0.000 0.000 0.000 0.000 0.000 0.000 0.000 0.000 0.000 0.000 0.000 0.000 0.000 0.000 0.685 0.944 0.240 0.000 0.000 0.000 0.000 0.000 0.000 0.000 0.000 0.000 
0.000 0.000 0.000 0.000 0.000 0.000 0.000 0.000 0.000 0.000 0.000 0.000 0.000 0.000 0.000 0.000 0.172 0.861 0.795 0.136 0.000 0.000 0.000 0.000 0.000 0.000 0.000 0.000 0.000 0.000 0.000 0.000 0.000 0.000 0.000 0.000 0.000 0.000 0.000 0.000 0.000 0.000 0.000 0.000 0.000 0.570 1.000 0.324 0.000 0.000 
0.000 0.000 0.000 0.000 0.000 0.000 0.000 0.000 0.000 0.000 0.000 0.000 0.000 0.000 0.000 0.000 0.000 0.000 0.000 0.000 0.000 0.000 0.000 0.119 0.758 0.892 0.194 0.000 0.000 0.000 0.000 0.000 0.000 0.000 0.000 0.000 0.000 0.000 0.000 0.000 0.000 0.000 0.000 0.000 0.000 0.000 0.000 0.000 0.000 0.000 
0.000 0.000 0.000 0.000 0.000 0.000 0.000 0.000 0.000 0.000 0.000 0.000 0.000 0.000 0.000 0.000 0.000 0.000 0.000 0.000 0.000 0.000 0.000 0.000 0.000 0.000 0.000 0.000 0.000 0.000 0.000 0.645 0.967 0.267 0.000 0.000 0.000 0.000 0.000 0.000 0.000 0.000 0.000 0.000 0.000 0.000 0.000 0.000 0.000 0.000 
# 0 3 12 50
0.000 0.000 0.000 0.000 0.000 0.000 0.000 0.000 0.000 0.000 0.000 0.000 0.000 0.000 0.000 0.605 0.960 0.281 0.000 0.000 0.000 0.000 0.000 0.000 0.000 0.000 0.000 0.000 0.000 0.000 0.000 0.000 0.000 0.000 0.000 0.000 0.000 0.000 0.000 0.000 0.000 0.000 0.000 0.000 0.000 0.000 0.000 0.000 0.000 0.000 
0.000 0.000 0.000 0.000 0.000 0.000 0.000 0.000 0.000 0.000 0.000 0.000 0.000 0.000 0.000 0.000 0.000 0.000 0.000 0.476 1.000 0.388 0.000 0.000 0.000 0.000 0.000 0.000 0.000 0.000 0.000 0.000 0.000 0.000 0.000 0.000 0.000 0.000 0.000 0.000 0.000 0.000 0.000 0.000 0.000 0.000 0.000 0.000 0.000 0.000 
0.000 0.000 0.000 0.000 0.000 0.000 0.000 0.000 0.000 0.000 0.000 0.000 0.000 0.000 0.000 0.000 0.000 0.000 0.000 0.000 0.000 0.000 0.000 0.357 0.994 0.511 0.000 0.000 0.000 0.000 0.000 0.000 0.000 0.000 0.000 0.000 0.000 0.000 0.000 0.000 0.000 0.000 0.000 0.000 0.000 0.000 0.000 0.000 0.000 0.000 
0.994 0.357 0.000 0.000 0.000 0.000 0.000 0.000 0.000 0.000 0.000 0.000 0.000 0.000 0.000 0.000 0.000 0.000 0.000 0.000 0.000 0.000 0.000 0.000 0.000 0.000 0.000 0.255 0.942 0.642 0.000 0.000 0.000 0.000 0.000 0.000 0.000 0.000 0.000 0.000 0.000 0.000 0.000 0.000 0.000 0.000 0.000 0.000 0.000 0.000 
0.000 0.000 0.000 0.388 1.000 0.476 0.000 0.000 0.000 0.000 0.000 0.000 0.000 0.000 0.000 0.000 0.000 0.000 0.000 0.000 0.000 0.000 0.000 0.000 0.000 0.000 0.000 0.000 0.000 0.000 0.000 0.174 0.852 0.769 0.128 0.000 0.000 0.000 0.000 0.000 0.000 0.000 0.000 0.000 0.000 0.000 0.000 0.000 0.000 0.000 
0.000 0.000 0.000 0.000 0.000 0.000 0.000 0.281 0.960 0.605 0.000 0.000 0.000 0.000 0.000 0.000 0.000 0.000 0.000 0.000 0.000 0.000 0.000 0.000 0.000 0.000 0.000 0.000 0.000 0.000 0.000 0.000 0.000 0.000 0.000 0.113 0.735 0.880 0.194 0.000 0.000 0.000 0.000 0.000 0.000 0.000 0.000 0.000 0.000 0.000 
0.000 0.000 0.000 0.000 0.000 0.000 0.000 0.000 0.000 0.000 0.000 0.194 0.880 0.735 0.113 0.000 0.000 0.000 0.000 0.000 0.000 0.000 0.000 0.000 0.000 0.000 0.000 0.000 0.000 0.000 0.000 0.000 0.000 0.000 0.000 0.000 0.000 0.000 0.000 0.000 0.605 0.960 0.281 0.000 0.000 0.000 0.000 0.000 0.000 0.000 
0.000 0.000 0.000 0.000 0.000 0.000 0.000 0.000 0.000 0.000 0.000 0.000 0.000 0.000 0.000 0.128 0.769 0.852 0.174 0.000 0.000 0.000 0.000 0.000 0.000 0.000 0.000 0.000 0.000 0.000 0.000 0.000 0.000 0.000 0.000 0.000 0.000 0.000 0.000 0.000 0.000 0.000 0.000 0.000 0.476 1.000 0.388 0.000 0.000 0.000 
0.000 0.000 0.000 0.000 0.000 0.000 0.000 0.000 0.000 0.000 0.000 0.000 0.000 0.000 0.000 0.000 0.000 0.000 0.000 0.000 0.642 0.942 0.255 0.000 0.000 0.000 0.000 0.000 0.000 0.000 0.000 0.000 0.000 0.000 0.000 0.000 0.000 0.000 0.000 0.000 0.000 0.000 0.000 0.000 0.000 0.000 0.000 0.000 0.357 0.994 
0.000 0.000 0.000 0.000 0.000 0.000 0.000 0.000 0.000 0.000 0.000 0.000 0.000 0.000 0.000 0.000 0.000 0.000 0.000 0.000 0.000 0.000 0.000 0.000 0.511 0.994 0.357 0.000 0.000 0.000 0.000 0.000 0.000 0.000 0.000 0.000 0.000 0.000 0.000 0.000 0.000 0.000 0.000 0.000 0.000 0.000 0.000 0.000 0.000 0.000 
0.000 0.000 0.000 0.000 0.000 0.000 0.000 0.000 0.000 0.000 0.000 0.000 0.000 0.000 0.000 0.000 0.000 0.000 0.000 0.000 0.000 0.000 0.000 0.000 0.000 0.000 0.000 0.000 0.388 1.000 0.476 0.000 0.000 0.000 0.000 0.000 0.000 0.000 0.000 0.000 0.000 0.000 0.000 0.000 0.000 0.000 0.000 0.000 0.000 0.000 
0.000 0.000 0.000 0.000 0.000 0.000 0.000 0.000 0.000 0.000 0.000 0.000 0.000 0.000 0.000 0.000 0.000 0.000 0.000 0.000 0.000 0.000 0.000 0.000 0.000 0.000 0.000 0.000 0.000 0.000 0.000 0.000 0.281 0.960 0.605 0.000 0.000 0.000 0.000 0.000 0.000 0.000 0.000 0.000 0.000 0.000 0.000 0.000 0.000 0.000 
# 1 0 50 29
-0.580 -0.788 -0.945 -1.000 -0.935 -0.771 -0.562 -0.361 -0.205 -0.103 0.000 0.000 0.000 0.000 0.000 0.000 0.000 0.000 0.000 0.000 0.000 0.000 0.000 0.000 0.000 0.000 0.000 0.000 0.000 
-0.614 -0.670 -0.863 -0.982 -0.987 -0.875 -0.686 -0.474 -0.289 -0.156 0.000 0.000 0.000 0.000 0.000 0.000 0.000 0.000 0.000 0.000 0.000 0.000 0.000 0.000 0.000 0.000 0.000 0.000 0.000 
-0.736 -0.546 -0.756 -0.925 -0.999 -0.953 -0.802 -0.596 -0.391 -0.227 -0.116 0.000 0.000 0.000 0.000 0.000 0.000 0.000 0.000 0.000 0.000 0.000 0.000 0.000 0.000 0.000 0.000 0.000 0.000 
-0.846 -0.648 -0.636 -0.836 -0.970 -0.994 -0.900 -0.719 -0.507 -0.316 -0.174 0.000 0.000 0.000 0.000 0.000 0.000 0.000 0.000 0.000 0.000 0.000 0.000 0.000 0.000 0.000 0.000 0.000 0.000 
-0.933 -0.768 -0.559 -0.724 -0.903 -0.995 -0.968 -0.831 -0.630 -0.422 -0.249 -0.130 0.000 0.000 0.000 0.000 0.000 0.000 0.000 0.000 0.000 0.000 0.000 0.000 0.000 0.000 0.000 0.000 0.000 
-0.986 -0.873 -0.682 -0.601 -0.807 -0.955 -0.999 -0.922 -0.751 -0.541 -0.343 -0.193 0.000 0.000 0.000 0.000 0.000 0.000 0.000 0.000 0.000 0.000 0.000 0.000 0.000 0.000 0.000 0.000 0.000 
-0.999 -0.951 -0.799 -0.593 -0.691 -0.879 -0.988 -0.980 -0.859 -0.664 -0.454 -0.274 -0.146 0.000 0.000 0.000 0.000 0.000 0.000 0.000 0.000 0.000 0.000 0.000 0.000 0.000 0.000 0.000 0.000 
-0.971 -0.994 -0.898 -0.716 -0.567 -0.776 -0.938 -1.000 -0.942 -0.783 -0.575 -0.372 -0.213 -0.108 0.000 0.000 0.000 0.000 0.000 0.000 0.000 0.000 0.000 0.000 0.000 0.000 0.000 0.000 0.000 
-0.906 -0.996 -0.967 -0.829 -0.627 -0.657 -0.853 -0.978 -0.990 -0.885 -0.698 -0.486 -0.299 -0.162 0.000 0.000 0.000 0.000 0.000 0.000 0.000 0.000 0.000 0.000 0.000 0.000 0.000 0.000 0.000 
-0.809 -0.957 -0.998 -0.920 -0.748 -0.537 -0.744 -0.917 -0.998 -0.959 -0.813 -0.609 -0.403 -0.235 -0.121 0.000 0.000 0.000 0.000 0.000 0.000 0.000 0.000 0.000 0.000 0.000 0.000 0.000 0.000 
-0.694 -0.882 -0.989 -0.979 -0.856 -0.661 -0.623 -0.825 -0.965 -0.996 -0.908 -0.731 -0.520 -0.326 -0.181 0.000 0.000 0.000 0.000 0.000 0.000 0.000 0.000 0.000 0.000 0.000 0.000 0.000 0.000 
-0.570 -0.779 -0.939 -1.000 -0.940 -0.780 -0.571 -0.712 -0.895 -0.993 -0.973 -0.842 -0.643 -0.434 -0.258 -0.136 0.000 0.000 0.000 0.000 0.000 0.000 0.000 0.000 0.000 0.000 0.000 0.000 0.000 
-0.450 -0.660 -0.856 -0.979 -0.989 -0.882 -0.695 -0.589 -0.795 -0.949 -1.000 -0.930 -0.763 -0.553 -0.354 -0.200 0.000 0.000 0.000 0.000 0.000 0.000 0.000 0.000 0.000 0.000 0.000 0.000 0.000 
-0.340 -0.536 -0.747 -0.919 -0.998 -0.957 -0.810 -0.606 -0.678 -0.870 -0.985 -0.984 -0.869 -0.677 -0.466 -0.283 -0.152 0.000 0.000 0.000 0.000 0.000 0.000 0.000 0.000 0.000 0.000 0.000 0.000 
-0.246 -0.418 -0.626 -0.828 -0.966 -0.996 -0.906 -0.728 -0.554 -0.764 -0.930 -1.000 -0.948 -0.794 -0.588 -0.384 -0.221 -0.113 0.000 0.000 0.000 0.000 0.000 0.000 0.000 0.000 0.000 0.000 0.000 
-0.171 -0.312 -0.503 -0.715 -0.897 -0.994 -0.972 -0.839 -0.640 -0.644 -0.843 -0.973 -0.993 -0.894 -0.711 -0.499 -0.309 -0.169 0.000 0.000 0.000 0.000 0.000 0.000 0.000 0.000 0.000 0.000 0.000 
-0.114 -0.224 -0.387 -0.592 -0.798 -0.951 -0.999 -0.928 -0.760 -0.550 -0.732 -0.909 -0.996 -0.964 -0.824 -0.622 -0.414 -0.244 -0.126 0.000 0.000 0.000 0.000 0.000 0.000 0.000 0.000 0.000 0.000 
0.000 -0.154 -0.286 -0.470 -0.681 -0.872 -0.986 -0.983 -0.866 -0.674 -0.610 -0.814 -0.959 -0.998 -0.917 -0.743 -0.532 -0.336 -0.188 0.000 0.000 0.000 0.000 0.000 0.000 0.000 0.000 0.000 0.000 
0.000 -0.101 -0.203 -0.358 -0.558 -0.767 -0.932 -1.000 -0.947 -0.792 -0.584 -0.699 -0.885 -0.990 -0.978 -0.852 -0.656 -0.446 -0.267 -0.142 0.000 0.000 0.000 0.000 0.000 0.000 0.000 0.000 0.000 
0.000 0.000 -0.138 -0.261 -0.438 -0.647 -0.845 -0.975 -0.992 -0.892 -0.707 -0.576 -0.784 -0.942 -1.000 -0.937 -0.775 -0.566 -0.365 -0.208 -0.104 0.000 0.000 0.000 0.000 0.000 0.000 0.000 0.000 
0.000 0.000 0.000 -0.183 -0.329 -0.524 -0.735 -0.911 -0.997 -0.963 -0.821 -0.619 -0.665 -0.860 -0.981 -0.988 -0.878 -0.690 -0.478 -0.293 -0.158 0.000 0.000 0.000 0.000 0.000 0.000 0.000 0.000 
0.000 0.000 0.000 -0.123 -0.238 -0.406 -0.613 -0.817 -0.961 -0.998 -0.915 -0.740 -0.542 -0.752 -0.923 -0.999 -0.955 -0.806 -0.600 -0.395 -0.229 -0.118 0.000 0.000 0.000 0.000 0.000 0.000 0.000 
0.000 0.000 0.000 0.000 -0.165 -0.302 -0.490 -0.702 -0.888 -0.991 -0.977 -0.850 -0.653 -0.631 -0.832 -0.968 -0.995 -0.903 -0.723 -0.511 -0.319 -0.176 0.000 0.000 0.000 0.000 0.000 0.000 0.000 
0.000 0.000 0.000 0.000 -0.109 -0.216 -0.376 -0.579 -0.787 -0.944 -1.000 -0.935 -0.772 -0.563 -0.720 -0.900 -0.995 -0.970 -0.835 -0.635 -0.426 -0.252 -0.132 0.000 0.000 0.000 0.000 0.000 0.000 
0.000 0.000 0.000 0.000 0.000 -0.148 -0.277 -0.458 -0.669 -0.862 -0.982 -0.987 -0.876 -0.687 -0.597 -0.803 -0.953 -0.999 -0.925 -0.755 -0.545 -0.347 -0.195 0.000 0.000 0.000 0.000 0.000 0.000 
0.000 0.000 0.000 0.000 0.000 0.000 -0.195 -0.347 -0.545 -0.755 -0.925 -0.999 -0.953 -0.803 -0.597 -0.687 -0.876 -0.987 -0.982 -0.862 -0.669 -0.458 -0.277 -0.148 0.000 0.000 0.000 0.000 0.000 
0.000 0.000 0.000 0.000 0.000 0.000 -0.132 -0.252 -0.426 -0.635 -0.835 -0.970 -0.995 -0.900 -0.720 -0.563 -0.772 -0.935 -1.000 -0.944 -0.787 -0.579 -0.376 -0.216 -0.109 0.000 0.000 0.000 0.000 
0.000 0.000 0.000 0.000 0.000 0.000 0.000 -0.176 -0.319 -0.511 -0.723 -0.903 -0.995 -0.968 -0.832 -0.631 -0.653 -0.850 -0.977 -0.991 -0.888 -0.702 -0.490 -0.302 -0.165 0.000 0.000 0.000 0.000 
0.000 0.000 0.000 0.000 0.000 0.000 0.000 -0.118 -0.229 -0.395 -0.600 -0.806 -0.955 -0.999 -0.923 -0.752 -0.542 -0.740 -0.915 -0.998 -0.961 -0.817 -0.613 -0.406 -0.238 -0.123 0.000 0.000 0.000 
0.000 0.000 0.000 0.000 0.000 0.000 0.000 0.000 -0.158 -0.293 -0.478 -0.690 -0.878 -0.988 -0.981 -0.860 -0.665 -0.619 -0.821 -0.963 -0.997 -0.911 -0.735 -0.524 -0.329 -0.183 0.000 0.000 0.000 
0.000 0.000 0.000 0.000 0.000 0.000 0.000 0.000 -0.104 -0.208 -0.365 -0.566 -0.775 -0.937 -1.000 -0.942 -0.784 -0.576 -0.707 -0.892 -0.992 -0.975 -0.845 -0.647 -0.438 -0.261 -0.138 0.000 0.000 
0.000 0.000 0.000 0.000 0.000 0.000 0.000 0.000 0.000 -0.142 -0.267 -0.446 -0.656 -0.852 -0.978 -0.990 -0.885 -0.699 -0.584 -0.792 -0.947 -1.000 -0.932 -0.767 -0.558 -0.358 -0.203 -0.101 0.000 
0.000 0.000 0.000 0.000 0.000 0.000 0.000 0.000 0.000 0.000 -0.188 -0.336 -0.532 -0.743 -0.917 -0.998 -0.959 -0.814 -0.610 -0.674 -0.866 -0.983 -0.986 -0.872 -0.681 -0.470 -0.286 -0.154 0.000 
0.000 0.000 0.000 0.000 0.000 0.000 0.000 0.000 0.000 0.000 -0.126 -0.244 -0.414 -0.622 -0.824 -0.964 -0.996 -0.909 -0.732 -0.550 -0.760 -0.928 -0.999 -0.951 -0.798 -0.592 -0.387 -0.224 -0.114 
0.000 0.000 0.000 0.000 0.000 0.000 0.000 0.000 0.000 0.000 0.000 -0.169 -0.309 -0.499 -0.711 -0.894 -0.993 -0.973 -0.843 -0.644 -0.640 -0.839 -0.972 -0.994 -0.897 -0.715 -0.503 -0.312 -0.171 
0.000 0.000 0.000 0.000 0.000 0.000 0.000 0.000 0.000 0.000 0.000 -0.113 -0.221 -0.384 -0.588 -0.794 -0.948 -1.000 -0.930 -0.764 -0.554 -0.728 -0.906 -0.996 -0.966 -0.828 -0.626 -0.418 -0.246 
0.000 0.000 0.000 0.000 0.000 0.000 0.000 0.000 0.000 0.000 0.000 0.000 -0.152 -0.283 -0.466 -0.677 -0.869 -0.984 -0.985 -0.870 -0.678 -0.606 -0.810 -0.957 -0.998 -0.919 -0.747 -0.536 -0.340 
0.000 0.000 0.000 0.000 0.000 0.000 0.000 0.000 0.000 0.000 0.000 0.000 0.000 -0.200 -0.354 -0.553 -0.763 -0.930 -1.000 -0.949 -0.795 -0.589 -0.695 -0.882 -0.989 -0.979 -0.856 -0.660 -0.450 
0.000 0.000 0.000 0.000 0.000 0.000 0.000 0.000 0.000 0.000 0.000 0.000 0.000 -0.136 -0.258 -0.434 -0.643 -0.842 -0.973 -0.993 -0.895 -0.712 -0.571 -0.780 -0.940 -1.000 -0.939 -0.779 -0.570 
0.000 0.000 0.000 0.000 0.000 0.000 0.000 0.000 0.000 0.000 0.000 0.000 0.000 0.000 -0.181 -0.326 -0.520 -0.731 -0.908 -0.996 -0.965 -0.825 -0.623 -0.661 -0.856 -0.979 -0.989 -0.882 -0.694 
0.000 0.000 0.000 0.000 0.000 0.000 0.000 0.000 0.000 0.000 0.000 0.000 0.000 0.000 -0.121 -0.235 -0.403 -0.609 -0.813 -0.959 -0.998 -0.917 -0.744 -0.537 -0.748 -0.920 -0.998 -0.957 -0.809 
0.000 0.000 0.000 0.000 0.000 0.000 0.000 0.000 0.000 0.000 0.000 0.000 0.000 0.000 0.000 -0.162 -0.299 -0.486 -0.698 -0.885 -0.990 -0.978 -0.853 -0.657 -0.627 -0.829 -0.967 -0.996 -0.906 
0.000 0.000 0.000 0.000 0.000 0.000 0.000 0.000 0.000 0.000 0.000 0.000 0.000 0.000 0.000 -0.108 -0.213 -0.372 -0.575 -0.783 -0.942 -1.000 -0.938 -0.776 -0.567 -0.716 -0.898 -0.994 -0.971 
0.000 0.000 0.000 0.000 0.000 0.000 0.000 0.000 0.000 0.000 0.000 0.000 0.000 0.000 0.000 0.000 -0.146 -0.274 -0.454 -0.664 -0.859 -0.980 -0.988 -0.879 -0.691 -0.593 -0.799 -0.951 -0.999 
0.000 0.000 0.000 0.000 0.000 0.000 0.000 0.000 0.000 0.000 0.000 0.000 0.000 0.000 0.000 0.000 0.000 -0.193 -0.343 -0.541 -0.751 -0.922 -0.999 -0.955 -0.807 -0.601 -0.682 -0.873 -0.986 
0.000 0.000 0.000 0.000 0.000 0.000 0.000 0.000 0.000 0.000 0.000 0.000 0.000 0.000 0.000 0.000 0.000 -0.130 -0.249 -0.422 -0.630 -0.831 -0.968 -0.995 -0.903 -0.724 -0.559 -0.768 -0.933 
0.000 0.000 0.000 0.000 0.000 0.000 0.000 0.000 0.000 0.000 0.000 0.000 0.000 0.000 0.000 0.000 0.000 0.000 -0.174 -0.316 -0.507 -0.719 -0.900 -0.994 -0.970 -0.836 -0.636 -0.648 -0.846 
0.000 0.000 0.000 0.000 0.000 0.000 0.000 0.000 0.000 0.000 0.000 0.000 0.000 0.000 0.000 0.000 0.000 0.000 -0.116 -0.227 -0.391 -0.596 -0.802 -0.953 -0.999 -0.925 -0.756 -0.546 -0.736 
0.000 0.000 0.000 0.000 0.000 0.000 0.000 0.000 0.000 0.000 0.000 0.000 0.000 0.000 0.000 0.000 0.000 0.000 0.000 -0.156 -0.289 -0.474 -0.686 -0.875 -0.987 -0.982 -0.863 -0.670 -0.614 
0.000 0.000 0.000 0.000 0.000 0.000 0.000 0.000 0.000 0.000 0.000 0.000 0.000 0.000 0.000 0.000 0.000 0.000 0.000 -0.103 -0.205 -0.361 -0.562 -0.771 -0.935 -1.000 -0.945 -0.788 -0.580 
# 1 2 7 29
-0.853 -0.657 -0.627 -0.828 -0.967 -0.996 -0.906 -0.727 -0.516 -0.323 -0.178 0.000 0.000 0.000 0.000 0.000 0.000 0.000 0.000 0.000 0.000 0.000 0.000 0.000 0.000 0.000 0.000 0.000 0.000 
-0.668 -0.862 -0.982 -0.987 -0.877 -0.687 -0.596 -0.802 -0.953 -0.999 -0.925 -0.756 -0.546 -0.348 -0.196 0.000 0.000 0.000 0.000 0.000 0.000 0.000 0.000 0.000 0.000 0.000 0.000 0.000 0.000 
0.000 -0.133 -0.254 -0.428 -0.637 -0.837 -0.971 -0.994 -0.899 -0.717 -0.566 -0.775 -0.937 -1.000 -0.943 -0.784 -0.576 -0.374 -0.214 -0.108 0.000 0.000 0.000 0.000 0.000 0.000 0.000 0.000 0.000 
0.000 0.000 0.000 0.000 0.000 -0.120 -0.234 -0.401 -0.607 -0.811 -0.958 -0.998 -0.919 -0.746 -0.535 -0.746 -0.919 -0.998 -0.958 -0.811 -0.607 -0.401 -0.234 -0.120 0.000 0.000 0.000 0.000 0.000 
0.000 0.000 0.000 0.000 0.000 0.000 0.000 0.000 0.000 -0.108 -0.214 -0.374 -0.576 -0.784 -0.943 -1.000 -0.937 -0.775 -0.566 -0.717 -0.899 -0.994 -0.971 -0.837 -0.637 -0.428 -0.254 -0.133 0.000 
0.000 0.000 0.000 0.000 0.000 0.000 0.000 0.000 0.000 0.000 0.000 0.000 0.000 0.000 -0.196 -0.348 -0.546 -0.756 -0.925 -0.999 -0.953 -0.802 -0.596 -0.687 -0.877 -0.987 -0.982 -0.862 -0.668 
0.000 0.000 0.000 0.000 0.000 0.000 0.000 0.000 0.000 0.000 0.000 0.000 0.000 0.000 0.000 0.000 0.000 0.000 -0.178 -0.323 -0.516 -0.727 -0.906 -0.996 -0.967 -0.828 -0.627 -0.657 -0.853 
# 2 0 50 7
-0.432 -0.872 0.000 0.000 0.000 0.000 0.000 
-0.301 -0.964 -0.113 0.000 0.000 0.000 0.000 
-0.196 -1.000 -0.186 0.000 0.000 0.000 0.000 
-0.120 -0.972 -0.287 0.000 0.000 0.000 0.000 
-0.183 -0.885 -0.416 0.000 0.000 0.000 0.000 
-0.284 -0.755 -0.564 0.000 0.000 0.000 0.000 
-0.412 -0.604 -0.717 0.000 0.000 0.000 0.000 
-0.560 -0.452 -0.855 0.000 0.000 0.000 0.000 
-0.713 -0.318 -0.954 -0.104 0.000 0.000 0.000 
-0.851 -0.209 -0.999 -0.174 0.000 0.000 0.000 
-0.952 -0.129 -0.980 -0.271 0.000 0.000 0.000 
-0.998 -0.171 -0.900 -0.396 0.000 0.000 0.000 
-0.981 -0.268 -0.775 -0.542 0.000 0.000 0.000 
-0.903 -0.392 -0.626 -0.696 0.000 0.000 0.000 
-0.779 -0.538 -0.473 -0.837 0.000 0.000 0.000 
-0.630 -0.691 -0.336 -0.943 0.000 0.000 0.000 
-0.478 -0.833 -0.223 -0.996 -0.162 0.000 0.000 
-0.339 -0.941 -0.139 -0.986 -0.255 0.000 0.000 
-0.226 -0.996 -0.160 -0.915 -0.377 0.000 0.000 
-0.141 -0.987 -0.252 -0.795 -0.521 0.000 0.000 
0.000 -0.918 -0.373 -0.648 -0.674 0.000 0.000 
0.000 -0.799 -0.516 -0.495 -0.818 0.000 0.000 
0.000 -0.652 -0.670 -0.354 -0.931 0.000 0.000 
0.000 -0.499 -0.815 -0.237 -0.992 -0.151 0.000 
0.000 -0.358 -0.928 -0.149 -0.992 -0.240 0.000 
0.000 -0.240 -0.992 -0.149 -0.928 -0.358 0.000 
0.000 -0.151 -0.992 -0.237 -0.815 -0.499 0.000 
0.000 0.000 -0.931 -0.354 -0.670 -0.652 0.000 
0.000 0.000 -0.818 -0.495 -0.516 -0.799 0.000 
0.000 0.000 -0.674 -0.648 -0.373 -0.918 0.000 
0.000 0.000 -0.521 -0.795 -0.252 -0.987 -0.141 
0.000 0.000 -0.377 -0.915 -0.160 -0.996 -0.226 
0.000 0.000 -0.255 -0.986 -0.139 -0.941 -0.339 
0.000 0.000 -0.162 -0.996 -0.223 -0.833 -0.478 
0.000 0.000 0.000 -0.943 -0.336 -0.691 -0.630 
0.000 0.000 0.000 -0.837 -0.473 -0.538 -0.779 
0.000 0.000 0.000 -0.696 -0.626 -0.392 -0.903 
0.000 0.000 0.000 -0.542 -0.775 -0.268 -0.981 
0.000 0.000 0.000 -0.396 -0.900 -0.171 -0.998 
0.000 0.000 0.000 -0.271 -0.980 -0.129 -0.952 
0.000 0.000 0.000 -0.174 -0.999 -0.209 -0.851 
0.000 0.000 0.000 -0.104 -0.954 -0.318 -0.713 
0.000 0.000 0.000 0.000 -0.855 -0.452 -0.560 
0.000 0.000 0.000 0.000 -0.717 -0.604 -0.412 
0.000 0.000 0.000 0.000 -0.564 -0.755 -0.284 
0.000 0.000 0.000 0.000 -0.416 -0.885 -0.183 
0.000 0.000 0.000 0.000 -0.287 -0.972 -0.120 
0.000 0.000 0.000 0.000 -0.186 -1.000 -0.196 
0.000 0.000 0.000 0.000 -0.113 -0.964 -0.301 
0.000 0.000 0.000 0.000 0.000 -0.872 -0.432 
# 2 1 29 7
-0.382 -0.911 0.000 0.000 0.000 0.000 0.000 
-0.188 -1.000 -0.194 0.000 0.000 0.000 0.000 
-0.168 -0.905 -0.390 0.000 0.000 0.000 0.000 
-0.349 -0.675 -0.647 0.000 0.000 0.000 0.000 
-0.600 -0.416 -0.885 0.000 0.000 0.000 0.000 
-0.849 -0.211 -0.999 -0.172 0.000 0.000 0.000 
-0.991 -0.149 -0.929 -0.357 0.000 0.000 0.000 
-0.954 -0.318 -0.713 -0.609 0.000 0.000 0.000 
-0.757 -0.562 -0.451 -0.856 0.000 0.000 0.000 
-0.496 -0.817 -0.235 -0.993 -0.153 0.000 0.000 
-0.267 -0.981 -0.131 -0.950 -0.325 0.000 0.000 
-0.119 -0.971 -0.289 -0.749 -0.571 0.000 0.000 
0.000 -0.792 -0.524 -0.487 -0.825 0.000 0.000 
0.000 -0.533 -0.784 -0.261 -0.984 -0.135 0.000 
0.000 -0.296 -0.967 -0.115 -0.967 -0.296 0.000 
0.000 -0.135 -0.984 -0.261 -0.784 -0.533 0.000 
0.000 0.000 -0.825 -0.487 -0.524 -0.792 0.000 
0.000 0.000 -0.571 -0.749 -0.289 -0.971 -0.119 
0.000 0.000 -0.325 -0.950 -0.131 -0.981 -0.267 
0.000 0.000 -0.153 -0.993 -0.235 -0.817 -0.496 
0.000 0.000 0.000 -0.856 -0.451 -0.562 -0.757 
0.000 0.000 0.000 -0.609 -0.713 -0.318 -0.954 
0.000 0.000 0.000 -0.357 -0.929 -0.149 -0.991 
0.000 0.000 0.000 -0.172 -0.999 -0.211 -0.849 
0.000 0.000 0.000 0.000 -0.885 -0.416 -0.600 
0.000 0.000 0.000 0.000 -0.647 -0.675 -0.349 
0.000 0.000 0.000 0.000 -0.390 -0.905 -0.168 
0.000 0.000 0.000 0.000 -0.194 -1.000 -0.188 
0.000 0.000 0.000 0.000 0.000 -0.911 -0.382 
