3.671892
4
# 0 1 47 50
0.000 0.000 0.000 0.000 0.000 0.000 0.000 0.116 0.176 0.256 0.355 0.472 0.599 0.726 0.842 0.932 0.987 0.999 0.966 0.892 0.788 0.665 0.536 0.413 0.305 0.214 0.144 0.000 0.000 0.000 0.000 0.000 0.000 0.000 0.000 0.000 0.000 0.000 0.000 0.000 0.000 0.000 0.000 0.000 0.000 0.000 0.000 0.000 0.000 0.000 
0.000 0.000 0.000 0.000 0.000 0.000 0.000 0.000 0.112 0.171 0.250 0.348 0.464 0.590 0.718 0.835 0.928 0.985 0.999 0.969 0.898 0.795 0.673 0.545 0.421 0.311 0.220 0.148 0.000 0.000 0.000 0.000 0.000 0.000 0.000 0.000 0.000 0.000 0.000 0.000 0.000 0.000 0.000 0.000 0.000 0.000 0.000 0.000 0.000 0.000 
0.000 0.000 0.000 0.000 0.000 0.000 0.000 0.000 0.000 0.109 0.167 0.244 0.341 0.456 0.582 0.710 0.828 0.923 0.982 1.000 0.972 0.904 0.803 0.681 0.553 0.429 0.318 0.225 0.152 0.000 0.000 0.000 0.000 0.000 0.000 0.000 0.000 0.000 0.000 0.000 0.000 0.000 0.000 0.000 0.000 0.000 0.000 0.000 0.000 0.000 
0.000 0.000 0.000 0.000 0.000 0.000 0.000 0.000 0.000 0.000 0.106 0.163 0.239 0.335 0.448 0.574 0.702 0.821 0.917 0.980 1.000 0.975 0.909 0.810 0.689 0.561 0.436 0.324 0.230 0.156 0.101 0.000 0.000 0.000 0.000 0.000 0.000 0.000 0.000 0.000 0.000 0.000 0.000 0.000 0.000 0.000 0.000 0.000 0.000 0.000 
0.000 0.000 0.000 0.000 0.000 0.000 0.000 0.000 0.000 0.000 0.000 0.103 0.159 0.233 0.328 0.441 0.566 0.694 0.814 0.912 0.977 1.000 0.978 0.914 0.817 0.698 0.569 0.444 0.331 0.236 0.160 0.104 0.000 0.000 0.000 0.000 0.000 0.000 0.000 0.000 0.000 0.000 0.000 0.000 0.000 0.000 0.000 0.000 0.000 0.000 
0.000 0.000 0.000 0.000 0.000 0.000 0.000 0.000 0.000 0.000 0.000 0.000 0.100 0.154 0.228 0.321 0.433 0.557 0.686 0.807 0.907 0.974 1.000 0.981 0.920 0.824 0.706 0.577 0.452 0.337 0.241 0.165 0.107 0.000 0.000 0.000 0.000 0.000 0.000 0.000 0.000 0.000 0.000 0.000 0.000 0.000 0.000 0.000 0.000 0.000 
0.000 0.000 0.000 0.000 0.000 0.000 0.000 0.000 0.000 0.000 0.000 0.000 0.000 0.000 0.150 0.223 0.315 0.425 0.549 0.678 0.800 0.901 0.971 1.000 0.983 0.925 0.831 0.714 0.586 0.459 0.344 0.247 0.169 0.110 0.000 0.000 0.000 0.000 0.000 0.000 0.000 0.000 0.000 0.000 0.000 0.000 0.000 0.000 0.000 0.000 
0.144 0.000 0.000 0.000 0.000 0.000 0.000 0.000 0.000 0.000 0.000 0.000 0.000 0.000 0.000 0.147 0.217 0.308 0.418 0.541 0.670 0.792 0.896 0.968 0.999 0.986 0.930 0.838 0.721 0.594 0.467 0.351 0.252 0.173 0.114 0.000 0.000 0.000 0.000 0.000 0.000 0.000 0.000 0.000 0.000 0.000 0.000 0.000 0.000 0.000 
0.219 0.148 0.000 0.000 0.000 0.000 0.000 0.000 0.000 0.000 0.000 0.000 0.000 0.000 0.000 0.000 0.143 0.212 0.302 0.410 0.533 0.662 0.785 0.890 0.964 0.998 0.988 0.934 0.844 0.729 0.602 0.475 0.358 0.258 0.178 0.117 0.000 0.000 0.000 0.000 0.000 0.000 0.000 0.000 0.000 0.000 0.000 0.000 0.000 0.000 
0.317 0.224 0.152 0.000 0.000 0.000 0.000 0.000 0.000 0.000 0.000 0.000 0.000 0.000 0.000 0.000 0.000 0.139 0.207 0.296 0.403 0.525 0.653 0.777 0.884 0.961 0.997 0.990 0.939 0.851 0.737 0.610 0.483 0.365 0.264 0.182 0.120 0.000 0.000 0.000 0.000 0.000 0.000 0.000 0.000 0.000 0.000 0.000 0.000 0.000 
0.435 0.324 0.230 0.156 0.101 0.000 0.000 0.000 0.000 0.000 0.000 0.000 0.000 0.000 0.000 0.000 0.000 0.000 0.135 0.202 0.289 0.396 0.517 0.645 0.770 0.878 0.957 0.996 0.992 0.943 0.858 0.745 0.619 0.491 0.372 0.270 0.187 0.124 0.000 0.000 0.000 0.000 0.000 0.000 0.000 0.000 0.000 0.000 0.000 0.000 
0.568 0.443 0.330 0.235 0.160 0.104 0.000 0.000 0.000 0.000 0.000 0.000 0.000 0.000 0.000 0.000 0.000 0.000 0.000 0.132 0.197 0.283 0.388 0.509 0.637 0.762 0.872 0.953 0.995 0.993 0.948 0.864 0.753 0.627 0.499 0.379 0.276 0.191 0.127 0.000 0.000 0.000 0.000 0.000 0.000 0.000 0.000 0.000 0.000 0.000 
0.705 0.577 0.451 0.337 0.241 0.164 0.107 0.000 0.000 0.000 0.000 0.000 0.000 0.000 0.000 0.000 0.000 0.000 0.000 0.000 0.128 0.193 0.277 0.381 0.501 0.629 0.755 0.866 0.949 0.994 0.995 0.952 0.870 0.760 0.635 0.507 0.387 0.282 0.196 0.131 0.000 0.000 0.000 0.000 0.000 0.000 0.000 0.000 0.000 0.000 
0.830 0.713 0.585 0.459 0.344 0.246 0.168 0.110 0.000 0.000 0.000 0.000 0.000 0.000 0.000 0.000 0.000 0.000 0.000 0.000 0.000 0.124 0.188 0.271 0.374 0.493 0.621 0.747 0.859 0.944 0.992 0.996 0.956 0.876 0.768 0.643 0.515 0.394 0.288 0.201 0.134 0.000 0.000 0.000 0.000 0.000 0.000 0.000 0.000 0.000 
0.929 0.837 0.721 0.593 0.466 0.351 0.252 0.173 0.113 0.000 0.000 0.000 0.000 0.000 0.000 0.000 0.000 0.000 0.000 0.000 0.000 0.000 0.121 0.183 0.265 0.367 0.485 0.612 0.739 0.853 0.940 0.990 0.997 0.960 0.883 0.776 0.651 0.523 0.401 0.294 0.206 0.138 0.000 0.000 0.000 0.000 0.000 0.000 0.000 0.000 
0.988 0.934 0.844 0.729 0.601 0.474 0.357 0.257 0.177 0.117 0.000 0.000 0.000 0.000 0.000 0.000 0.000 0.000 0.000 0.000 0.000 0.000 0.000 0.118 0.179 0.259 0.360 0.477 0.604 0.731 0.846 0.935 0.988 0.998 0.963 0.888 0.783 0.660 0.531 0.409 0.300 0.211 0.142 0.000 0.000 0.000 0.000 0.000 0.000 0.000 
0.998 0.990 0.939 0.850 0.737 0.610 0.482 0.364 0.263 0.182 0.120 0.000 0.000 0.000 0.000 0.000 0.000 0.000 0.000 0.000 0.000 0.000 0.000 0.000 0.114 0.174 0.254 0.353 0.469 0.596 0.723 0.839 0.931 0.986 0.999 0.967 0.894 0.790 0.668 0.539 0.416 0.307 0.216 0.146 0.000 0.000 0.000 0.000 0.000 0.000 
0.957 0.997 0.992 0.943 0.857 0.744 0.618 0.490 0.372 0.269 0.186 0.123 0.000 0.000 0.000 0.000 0.000 0.000 0.000 0.000 0.000 0.000 0.000 0.000 0.000 0.111 0.170 0.248 0.346 0.461 0.588 0.715 0.833 0.926 0.984 0.999 0.970 0.900 0.798 0.676 0.547 0.424 0.313 0.221 0.149 0.000 0.000 0.000 0.000 0.000 
0.872 0.953 0.995 0.993 0.947 0.863 0.752 0.626 0.498 0.379 0.275 0.191 0.127 0.000 0.000 0.000 0.000 0.000 0.000 0.000 0.000 0.000 0.000 0.000 0.000 0.000 0.108 0.166 0.242 0.339 0.453 0.579 0.708 0.826 0.921 0.982 1.000 0.973 0.905 0.805 0.684 0.555 0.431 0.320 0.227 0.153 0.000 0.000 0.000 0.000 
0.755 0.866 0.949 0.994 0.995 0.951 0.870 0.760 0.634 0.506 0.386 0.281 0.196 0.130 0.000 0.000 0.000 0.000 0.000 0.000 0.000 0.000 0.000 0.000 0.000 0.000 0.000 0.105 0.161 0.237 0.332 0.446 0.571 0.699 0.819 0.916 0.979 1.000 0.976 0.911 0.812 0.692 0.564 0.439 0.326 0.232 0.158 0.102 0.000 0.000 
0.621 0.748 0.860 0.945 0.992 0.996 0.955 0.876 0.767 0.643 0.514 0.393 0.287 0.201 0.134 0.000 0.000 0.000 0.000 0.000 0.000 0.000 0.000 0.000 0.000 0.000 0.000 0.000 0.102 0.157 0.231 0.326 0.438 0.563 0.691 0.812 0.910 0.976 1.000 0.979 0.916 0.819 0.700 0.572 0.446 0.333 0.237 0.162 0.105 0.000 
0.485 0.613 0.740 0.853 0.940 0.991 0.997 0.959 0.882 0.775 0.651 0.522 0.400 0.294 0.206 0.138 0.000 0.000 0.000 0.000 0.000 0.000 0.000 0.000 0.000 0.000 0.000 0.000 0.000 0.000 0.153 0.226 0.319 0.430 0.555 0.683 0.804 0.905 0.973 1.000 0.982 0.921 0.826 0.708 0.580 0.454 0.340 0.243 0.166 0.108 
0.360 0.478 0.605 0.732 0.847 0.936 0.989 0.998 0.963 0.888 0.782 0.659 0.530 0.408 0.300 0.211 0.141 0.000 0.000 0.000 0.000 0.000 0.000 0.000 0.000 0.000 0.000 0.000 0.000 0.000 0.000 0.149 0.221 0.313 0.423 0.547 0.675 0.797 0.899 0.970 0.999 0.984 0.926 0.833 0.716 0.588 0.462 0.347 0.248 0.170 
0.254 0.353 0.470 0.597 0.724 0.840 0.931 0.987 0.999 0.966 0.894 0.790 0.667 0.538 0.415 0.306 0.216 0.145 0.000 0.000 0.000 0.000 0.000 0.000 0.000 0.000 0.000 0.000 0.000 0.000 0.000 0.000 0.145 0.216 0.306 0.415 0.538 0.667 0.790 0.894 0.966 0.999 0.987 0.931 0.840 0.724 0.597 0.470 0.353 0.254 
0.170 0.248 0.347 0.462 0.588 0.716 0.833 0.926 0.984 0.999 0.970 0.899 0.797 0.675 0.547 0.423 0.313 0.221 0.149 0.000 0.000 0.000 0.000 0.000 0.000 0.000 0.000 0.000 0.000 0.000 0.000 0.000 0.000 0.141 0.211 0.300 0.408 0.530 0.659 0.782 0.888 0.963 0.998 0.989 0.936 0.847 0.732 0.605 0.478 0.360 
0.108 0.166 0.243 0.340 0.454 0.580 0.708 0.826 0.921 0.982 1.000 0.973 0.905 0.804 0.683 0.555 0.430 0.319 0.226 0.153 0.000 0.000 0.000 0.000 0.000 0.000 0.000 0.000 0.000 0.000 0.000 0.000 0.000 0.000 0.138 0.206 0.294 0.400 0.522 0.651 0.775 0.882 0.959 0.997 0.991 0.940 0.853 0.740 0.613 0.485 
0.000 0.105 0.162 0.237 0.333 0.446 0.572 0.700 0.819 0.916 0.979 1.000 0.976 0.910 0.812 0.691 0.563 0.438 0.326 0.231 0.157 0.102 0.000 0.000 0.000 0.000 0.000 0.000 0.000 0.000 0.000 0.000 0.000 0.000 0.000 0.134 0.201 0.287 0.393 0.514 0.643 0.767 0.876 0.955 0.996 0.992 0.945 0.860 0.748 0.621 
0.000 0.000 0.102 0.158 0.232 0.326 0.439 0.564 0.692 0.812 0.911 0.976 1.000 0.979 0.916 0.819 0.699 0.571 0.446 0.332 0.237 0.161 0.105 0.000 0.000 0.000 0.000 0.000 0.000 0.000 0.000 0.000 0.000 0.000 0.000 0.000 0.130 0.196 0.281 0.386 0.506 0.634 0.760 0.870 0.951 0.995 0.994 0.949 0.866 0.755 
0.000 0.000 0.000 0.000 0.153 0.227 0.320 0.431 0.555 0.684 0.805 0.905 0.973 1.000 0.982 0.921 0.826 0.708 0.579 0.453 0.339 0.242 0.166 0.108 0.000 0.000 0.000 0.000 0.000 0.000 0.000 0.000 0.000 0.000 0.000 0.000 0.000 0.127 0.191 0.275 0.379 0.498 0.626 0.752 0.863 0.947 0.993 0.995 0.953 0.872 
0.000 0.000 0.000 0.000 0.000 0.149 0.221 0.313 0.424 0.547 0.676 0.798 0.900 0.970 0.999 0.984 0.926 0.833 0.715 0.588 0.461 0.346 0.248 0.170 0.111 0.000 0.000 0.000 0.000 0.000 0.000 0.000 0.000 0.000 0.000 0.000 0.000 0.000 0.123 0.186 0.269 0.372 0.490 0.618 0.744 0.857 0.943 0.992 0.997 0.957 
0.000 0.000 0.000 0.000 0.000 0.000 0.146 0.216 0.307 0.416 0.539 0.668 0.790 0.894 0.967 0.999 0.986 0.931 0.839 0.723 0.596 0.469 0.353 0.254 0.174 0.114 0.000 0.000 0.000 0.000 0.000 0.000 0.000 0.000 0.000 0.000 0.000 0.000 0.000 0.120 0.182 0.263 0.364 0.482 0.610 0.737 0.850 0.939 0.990 0.998 
0.000 0.000 0.000 0.000 0.000 0.000 0.000 0.142 0.211 0.300 0.409 0.531 0.660 0.783 0.888 0.963 0.998 0.988 0.935 0.846 0.731 0.604 0.477 0.360 0.259 0.179 0.118 0.000 0.000 0.000 0.000 0.000 0.000 0.000 0.000 0.000 0.000 0.000 0.000 0.000 0.117 0.177 0.257 0.357 0.474 0.601 0.729 0.844 0.934 0.988 
0.000 0.000 0.000 0.000 0.000 0.000 0.000 0.000 0.138 0.206 0.294 0.401 0.523 0.651 0.776 0.883 0.960 0.997 0.990 0.940 0.853 0.739 0.612 0.485 0.367 0.265 0.183 0.121 0.000 0.000 0.000 0.000 0.000 0.000 0.000 0.000 0.000 0.000 0.000 0.000 0.000 0.113 0.173 0.252 0.351 0.466 0.593 0.721 0.837 0.929 
0.000 0.000 0.000 0.000 0.000 0.000 0.000 0.000 0.000 0.134 0.201 0.288 0.394 0.515 0.643 0.768 0.876 0.956 0.996 0.992 0.944 0.859 0.747 0.621 0.493 0.374 0.271 0.188 0.124 0.000 0.000 0.000 0.000 0.000 0.000 0.000 0.000 0.000 0.000 0.000 0.000 0.000 0.110 0.168 0.246 0.344 0.459 0.585 0.713 0.830 
0.000 0.000 0.000 0.000 0.000 0.000 0.000 0.000 0.000 0.000 0.131 0.196 0.282 0.387 0.507 0.635 0.760 0.870 0.952 0.995 0.994 0.949 0.866 0.755 0.629 0.501 0.381 0.277 0.193 0.128 0.000 0.000 0.000 0.000 0.000 0.000 0.000 0.000 0.000 0.000 0.000 0.000 0.000 0.107 0.164 0.241 0.337 0.451 0.577 0.705 
0.000 0.000 0.000 0.000 0.000 0.000 0.000 0.000 0.000 0.000 0.000 0.127 0.191 0.276 0.379 0.499 0.627 0.753 0.864 0.948 0.993 0.995 0.953 0.872 0.762 0.637 0.509 0.388 0.283 0.197 0.132 0.000 0.000 0.000 0.000 0.000 0.000 0.000 0.000 0.000 0.000 0.000 0.000 0.000 0.104 0.160 0.235 0.330 0.443 0.568 
0.000 0.000 0.000 0.000 0.000 0.000 0.000 0.000 0.000 0.000 0.000 0.000 0.124 0.187 0.270 0.372 0.491 0.619 0.745 0.858 0.943 0.992 0.996 0.957 0.878 0.770 0.645 0.517 0.396 0.289 0.202 0.135 0.000 0.000 0.000 0.000 0.000 0.000 0.000 0.000 0.000 0.000 0.000 0.000 0.000 0.101 0.156 0.230 0.324 0.435 
0.000 0.000 0.000 0.000 0.000 0.000 0.000 0.000 0.000 0.000 0.000 0.000 0.000 0.120 0.182 0.264 0.365 0.483 0.610 0.737 0.851 0.939 0.990 0.997 0.961 0.884 0.777 0.653 0.525 0.403 0.296 0.207 0.139 0.000 0.000 0.000 0.000 0.000 0.000 0.000 0.000 0.000 0.000 0.000 0.000 0.000 0.000 0.152 0.224 0.317 
0.000 0.000 0.000 0.000 0.000 0.000 0.000 0.000 0.000 0.000 0.000 0.000 0.000 0.000 0.117 0.178 0.258 0.358 0.475 0.602 0.729 0.844 0.934 0.988 0.998 0.964 0.890 0.785 0.662 0.533 0.410 0.302 0.212 0.143 0.000 0.000 0.000 0.000 0.000 0.000 0.000 0.000 0.000 0.000 0.000 0.000 0.000 0.000 0.148 0.219 
0.000 0.000 0.000 0.000 0.000 0.000 0.000 0.000 0.000 0.000 0.000 0.000 0.000 0.000 0.000 0.114 0.173 0.252 0.351 0.467 0.594 0.721 0.838 0.930 0.986 0.999 0.968 0.896 0.792 0.670 0.541 0.418 0.308 0.217 0.147 0.000 0.000 0.000 0.000 0.000 0.000 0.000 0.000 0.000 0.000 0.000 0.000 0.000 0.000 0.144 
0.000 0.000 0.000 0.000 0.000 0.000 0.000 0.000 0.000 0.000 0.000 0.000 0.000 0.000 0.000 0.000 0.110 0.169 0.247 0.344 0.459 0.586 0.714 0.831 0.925 0.983 1.000 0.971 0.901 0.800 0.678 0.549 0.425 0.315 0.223 0.150 0.000 0.000 0.000 0.000 0.000 0.000 0.000 0.000 0.000 0.000 0.000 0.000 0.000 0.000 
0.000 0.000 0.000 0.000 0.000 0.000 0.000 0.000 0.000 0.000 0.000 0.000 0.000 0.000 0.000 0.000 0.000 0.107 0.165 0.241 0.337 0.452 0.577 0.706 0.824 0.920 0.981 1.000 0.974 0.907 0.807 0.686 0.557 0.433 0.321 0.228 0.154 0.100 0.000 0.000 0.000 0.000 0.000 0.000 0.000 0.000 0.000 0.000 0.000 0.000 
0.000 0.000 0.000 0.000 0.000 0.000 0.000 0.000 0.000 0.000 0.000 0.000 0.000 0.000 0.000 0.000 0.000 0.000 0.104 0.160 0.236 0.331 0.444 0.569 0.698 0.817 0.914 0.978 1.000 0.977 0.912 0.814 0.694 0.566 0.441 0.328 0.233 0.159 0.103 0.000 0.000 0.000 0.000 0.000 0.000 0.000 0.000 0.000 0.000 0.000 
0.000 0.000 0.000 0.000 0.000 0.000 0.000 0.000 0.000 0.000 0.000 0.000 0.000 0.000 0.000 0.000 0.000 0.000 0.000 0.101 0.156 0.230 0.324 0.436 0.561 0.689 0.810 0.909 0.975 1.000 0.980 0.917 0.821 0.702 0.574 0.448 0.335 0.239 0.163 0.106 0.000 0.000 0.000 0.000 0.000 0.000 0.000 0.000 0.000 0.000 
0.000 0.000 0.000 0.000 0.000 0.000 0.000 0.000 0.000 0.000 0.000 0.000 0.000 0.000 0.000 0.000 0.000 0.000 0.000 0.000 0.000 0.152 0.225 0.318 0.429 0.553 0.681 0.803 0.904 0.972 1.000 0.982 0.923 0.828 0.710 0.582 0.456 0.341 0.244 0.167 0.109 0.000 0.000 0.000 0.000 0.000 0.000 0.000 0.000 0.000 
0.000 0.000 0.000 0.000 0.000 0.000 0.000 0.000 0.000 0.000 0.000 0.000 0.000 0.000 0.000 0.000 0.000 0.000 0.000 0.000 0.000 0.000 0.148 0.220 0.311 0.421 0.545 0.673 0.795 0.898 0.969 0.999 0.985 0.928 0.835 0.718 0.590 0.464 0.348 0.250 0.171 0.112 0.000 0.000 0.000 0.000 0.000 0.000 0.000 0.000 
0.000 0.000 0.000 0.000 0.000 0.000 0.000 0.000 0.000 0.000 0.000 0.000 0.000 0.000 0.000 0.000 0.000 0.000 0.000 0.000 0.000 0.000 0.000 0.144 0.214 0.305 0.413 0.536 0.665 0.788 0.892 0.966 0.999 0.987 0.932 0.842 0.726 0.599 0.472 0.355 0.256 0.176 0.116 0.000 0.000 0.000 0.000 0.000 0.000 0.000 
# 0 2 37 50
0.000 0.000 0.000 0.000 0.000 0.000 0.000 0.108 0.166 0.243 0.340 0.454 0.580 0.708 0.826 0.921 0.982 1.000 0.973 0.905 0.804 0.683 0.555 0.430 0.319 0.226 0.153 0.000 0.000 0.000 0.000 0.000 0.000 0.000 0.000 0.000 0.000 0.000 0.000 0.000 0.000 0.000 0.000 0.000 0.000 0.000 0.000 0.000 0.000 0.000 
0.000 0.000 0.000 0.000 0.000 0.000 0.000 0.000 0.000 0.144 0.214 0.303 0.412 0.535 0.664 0.787 0.891 0.965 0.999 0.987 0.933 0.843 0.727 0.600 0.473 0.356 0.257 0.177 0.116 0.000 0.000 0.000 0.000 0.000 0.000 0.000 0.000 0.000 0.000 0.000 0.000 0.000 0.000 0.000 0.000 0.000 0.000 0.000 0.000 0.000 
0.000 0.000 0.000 0.000 0.000 0.000 0.000 0.000 0.000 0.000 0.124 0.187 0.270 0.372 0.491 0.618 0.745 0.857 0.943 0.992 0.996 0.957 0.878 0.770 0.645 0.517 0.396 0.289 0.202 0.135 0.000 0.000 0.000 0.000 0.000 0.000 0.000 0.000 0.000 0.000 0.000 0.000 0.000 0.000 0.000 0.000 0.000 0.000 0.000 0.000 
0.000 0.000 0.000 0.000 0.000 0.000 0.000 0.000 0.000 0.000 0.000 0.106 0.162 0.238 0.334 0.448 0.573 0.701 0.820 0.917 0.980 1.000 0.976 0.910 0.811 0.690 0.562 0.437 0.325 0.231 0.157 0.102 0.000 0.000 0.000 0.000 0.000 0.000 0.000 0.000 0.000 0.000 0.000 0.000 0.000 0.000 0.000 0.000 0.000 0.000 
0.000 0.000 0.000 0.000 0.000 0.000 0.000 0.000 0.000 0.000 0.000 0.000 0.000 0.140 0.209 0.298 0.406 0.528 0.657 0.780 0.886 0.962 0.998 0.989 0.937 0.848 0.734 0.607 0.480 0.362 0.261 0.180 0.119 0.000 0.000 0.000 0.000 0.000 0.000 0.000 0.000 0.000 0.000 0.000 0.000 0.000 0.000 0.000 0.000 0.000 
0.114 0.000 0.000 0.000 0.000 0.000 0.000 0.000 0.000 0.000 0.000 0.000 0.000 0.000 0.121 0.183 0.265 0.366 0.484 0.611 0.738 0.852 0.940 0.990 0.997 0.960 0.883 0.776 0.652 0.524 0.402 0.295 0.207 0.138 0.000 0.000 0.000 0.000 0.000 0.000 0.000 0.000 0.000 0.000 0.000 0.000 0.000 0.000 0.000 0.000 
0.199 0.133 0.000 0.000 0.000 0.000 0.000 0.000 0.000 0.000 0.000 0.000 0.000 0.000 0.000 0.103 0.159 0.234 0.328 0.441 0.566 0.695 0.814 0.912 0.977 1.000 0.978 0.914 0.817 0.697 0.569 0.443 0.330 0.235 0.160 0.104 0.000 0.000 0.000 0.000 0.000 0.000 0.000 0.000 0.000 0.000 0.000 0.000 0.000 0.000 
0.320 0.227 0.154 0.000 0.000 0.000 0.000 0.000 0.000 0.000 0.000 0.000 0.000 0.000 0.000 0.000 0.000 0.137 0.205 0.293 0.400 0.521 0.650 0.774 0.881 0.959 0.997 0.991 0.941 0.854 0.741 0.614 0.486 0.368 0.266 0.184 0.122 0.000 0.000 0.000 0.000 0.000 0.000 0.000 0.000 0.000 0.000 0.000 0.000 0.000 
0.474 0.357 0.257 0.177 0.116 0.000 0.000 0.000 0.000 0.000 0.000 0.000 0.000 0.000 0.000 0.000 0.000 0.000 0.118 0.179 0.260 0.360 0.477 0.604 0.732 0.846 0.936 0.989 0.998 0.963 0.888 0.783 0.659 0.531 0.408 0.300 0.211 0.142 0.000 0.000 0.000 0.000 0.000 0.000 0.000 0.000 0.000 0.000 0.000 0.000 
0.646 0.518 0.397 0.290 0.203 0.136 0.000 0.000 0.000 0.000 0.000 0.000 0.000 0.000 0.000 0.000 0.000 0.000 0.000 0.101 0.155 0.229 0.323 0.435 0.559 0.688 0.808 0.908 0.975 1.000 0.980 0.919 0.823 0.704 0.576 0.450 0.336 0.240 0.164 0.107 0.000 0.000 0.000 0.000 0.000 0.000 0.000 0.000 0.000 0.000 
0.811 0.691 0.563 0.438 0.325 0.231 0.157 0.102 0.000 0.000 0.000 0.000 0.000 0.000 0.000 0.000 0.000 0.000 0.000 0.000 0.000 0.134 0.201 0.288 0.393 0.514 0.643 0.768 0.876 0.956 0.996 0.992 0.945 0.859 0.747 0.621 0.493 0.374 0.271 0.188 0.125 0.000 0.000 0.000 0.000 0.000 0.000 0.000 0.000 0.000 
0.938 0.849 0.735 0.608 0.481 0.363 0.262 0.181 0.119 0.000 0.000 0.000 0.000 0.000 0.000 0.000 0.000 0.000 0.000 0.000 0.000 0.000 0.115 0.175 0.255 0.354 0.471 0.597 0.725 0.841 0.932 0.987 0.999 0.966 0.893 0.789 0.666 0.538 0.415 0.305 0.215 0.145 0.000 0.000 0.000 0.000 0.000 0.000 0.000 0.000 
0.997 0.960 0.884 0.777 0.653 0.525 0.403 0.295 0.207 0.139 0.000 0.000 0.000 0.000 0.000 0.000 0.000 0.000 0.000 0.000 0.000 0.000 0.000 0.000 0.152 0.225 0.317 0.428 0.552 0.681 0.802 0.903 0.972 1.000 0.983 0.923 0.828 0.711 0.583 0.456 0.342 0.245 0.167 0.109 0.000 0.000 0.000 0.000 0.000 0.000 
0.977 1.000 0.978 0.915 0.817 0.698 0.570 0.444 0.331 0.236 0.161 0.104 0.000 0.000 0.000 0.000 0.000 0.000 0.000 0.000 0.000 0.000 0.000 0.000 0.000 0.131 0.197 0.282 0.387 0.508 0.636 0.761 0.871 0.952 0.995 0.994 0.948 0.865 0.754 0.628 0.500 0.380 0.277 0.192 0.128 0.000 0.000 0.000 0.000 0.000 
0.881 0.958 0.997 0.991 0.941 0.855 0.742 0.615 0.487 0.369 0.267 0.185 0.122 0.000 0.000 0.000 0.000 0.000 0.000 0.000 0.000 0.000 0.000 0.000 0.000 0.000 0.112 0.171 0.250 0.348 0.464 0.591 0.718 0.835 0.928 0.985 0.999 0.969 0.898 0.795 0.673 0.544 0.421 0.311 0.220 0.148 0.000 0.000 0.000 0.000 
0.731 0.846 0.935 0.988 0.998 0.964 0.889 0.784 0.660 0.532 0.409 0.301 0.211 0.142 0.000 0.000 0.000 0.000 0.000 0.000 0.000 0.000 0.000 0.000 0.000 0.000 0.000 0.000 0.149 0.220 0.312 0.422 0.545 0.674 0.796 0.899 0.969 0.999 0.985 0.927 0.834 0.717 0.590 0.463 0.348 0.249 0.171 0.112 0.000 0.000 
0.558 0.687 0.808 0.907 0.974 1.000 0.981 0.919 0.823 0.705 0.577 0.451 0.337 0.241 0.164 0.107 0.000 0.000 0.000 0.000 0.000 0.000 0.000 0.000 0.000 0.000 0.000 0.000 0.000 0.128 0.193 0.277 0.381 0.501 0.629 0.755 0.866 0.949 0.994 0.995 0.952 0.870 0.760 0.635 0.507 0.386 0.282 0.196 0.131 0.000 
0.393 0.514 0.642 0.767 0.875 0.955 0.996 0.992 0.945 0.860 0.748 0.622 0.494 0.375 0.272 0.189 0.125 0.000 0.000 0.000 0.000 0.000 0.000 0.000 0.000 0.000 0.000 0.000 0.000 0.000 0.110 0.168 0.245 0.343 0.457 0.584 0.712 0.829 0.923 0.983 1.000 0.972 0.903 0.801 0.680 0.551 0.427 0.316 0.224 0.151 
0.254 0.353 0.470 0.597 0.724 0.840 0.931 0.987 0.999 0.966 0.894 0.790 0.667 0.538 0.415 0.306 0.216 0.145 0.000 0.000 0.000 0.000 0.000 0.000 0.000 0.000 0.000 0.000 0.000 0.000 0.000 0.000 0.145 0.216 0.306 0.415 0.538 0.667 0.790 0.894 0.966 0.999 0.987 0.931 0.840 0.724 0.597 0.470 0.353 0.254 
0.151 0.224 0.316 0.427 0.551 0.680 0.801 0.903 0.972 1.000 0.983 0.923 0.829 0.712 0.584 0.457 0.343 0.245 0.168 0.110 0.000 0.000 0.000 0.000 0.000 0.000 0.000 0.000 0.000 0.000 0.000 0.000 0.000 0.125 0.189 0.272 0.375 0.494 0.622 0.748 0.860 0.945 0.992 0.996 0.955 0.875 0.767 0.642 0.514 0.393 
0.000 0.131 0.196 0.282 0.386 0.507 0.635 0.760 0.870 0.952 0.995 0.994 0.949 0.866 0.755 0.629 0.501 0.381 0.277 0.193 0.128 0.000 0.000 0.000 0.000 0.000 0.000 0.000 0.000 0.000 0.000 0.000 0.000 0.000 0.107 0.164 0.241 0.337 0.451 0.577 0.705 0.823 0.919 0.981 1.000 0.974 0.907 0.808 0.687 0.558 
0.000 0.000 0.112 0.171 0.249 0.348 0.463 0.590 0.717 0.834 0.927 0.985 0.999 0.969 0.899 0.796 0.674 0.545 0.422 0.312 0.220 0.149 0.000 0.000 0.000 0.000 0.000 0.000 0.000 0.000 0.000 0.000 0.000 0.000 0.000 0.000 0.142 0.211 0.301 0.409 0.532 0.660 0.784 0.889 0.964 0.998 0.988 0.935 0.846 0.731 
0.000 0.000 0.000 0.000 0.148 0.220 0.311 0.421 0.544 0.673 0.795 0.898 0.969 0.999 0.985 0.928 0.835 0.718 0.591 0.464 0.348 0.250 0.171 0.112 0.000 0.000 0.000 0.000 0.000 0.000 0.000 0.000 0.000 0.000 0.000 0.000 0.000 0.122 0.185 0.267 0.369 0.487 0.615 0.742 0.855 0.941 0.991 0.997 0.958 0.881 
0.000 0.000 0.000 0.000 0.000 0.128 0.192 0.277 0.380 0.500 0.628 0.754 0.865 0.948 0.994 0.995 0.952 0.871 0.761 0.636 0.508 0.387 0.282 0.197 0.131 0.000 0.000 0.000 0.000 0.000 0.000 0.000 0.000 0.000 0.000 0.000 0.000 0.000 0.104 0.161 0.236 0.331 0.444 0.570 0.698 0.817 0.915 0.978 1.000 0.977 
0.000 0.000 0.000 0.000 0.000 0.000 0.109 0.167 0.245 0.342 0.456 0.583 0.711 0.828 0.923 0.983 1.000 0.972 0.903 0.802 0.681 0.552 0.428 0.317 0.225 0.152 0.000 0.000 0.000 0.000 0.000 0.000 0.000 0.000 0.000 0.000 0.000 0.000 0.000 0.000 0.139 0.207 0.295 0.403 0.525 0.653 0.777 0.884 0.960 0.997 
0.000 0.000 0.000 0.000 0.000 0.000 0.000 0.000 0.145 0.215 0.305 0.415 0.538 0.666 0.789 0.893 0.966 0.999 0.987 0.932 0.841 0.725 0.597 0.471 0.354 0.255 0.175 0.115 0.000 0.000 0.000 0.000 0.000 0.000 0.000 0.000 0.000 0.000 0.000 0.000 0.000 0.119 0.181 0.262 0.363 0.481 0.608 0.735 0.849 0.938 
0.000 0.000 0.000 0.000 0.000 0.000 0.000 0.000 0.000 0.125 0.188 0.271 0.374 0.493 0.621 0.747 0.859 0.945 0.992 0.996 0.956 0.876 0.768 0.643 0.514 0.393 0.288 0.201 0.134 0.000 0.000 0.000 0.000 0.000 0.000 0.000 0.000 0.000 0.000 0.000 0.000 0.000 0.102 0.157 0.231 0.325 0.438 0.563 0.691 0.811 
0.000 0.000 0.000 0.000 0.000 0.000 0.000 0.000 0.000 0.000 0.107 0.164 0.240 0.336 0.450 0.576 0.704 0.823 0.919 0.980 1.000 0.975 0.908 0.808 0.688 0.559 0.435 0.323 0.229 0.155 0.101 0.000 0.000 0.000 0.000 0.000 0.000 0.000 0.000 0.000 0.000 0.000 0.000 0.000 0.136 0.203 0.290 0.397 0.518 0.646 
0.000 0.000 0.000 0.000 0.000 0.000 0.000 0.000 0.000 0.000 0.000 0.000 0.142 0.211 0.300 0.408 0.531 0.659 0.783 0.888 0.963 0.998 0.989 0.936 0.846 0.732 0.604 0.477 0.360 0.260 0.179 0.118 0.000 0.000 0.000 0.000 0.000 0.000 0.000 0.000 0.000 0.000 0.000 0.000 0.000 0.116 0.177 0.257 0.357 0.474 
0.000 0.000 0.000 0.000 0.000 0.000 0.000 0.000 0.000 0.000 0.000 0.000 0.000 0.122 0.184 0.266 0.368 0.486 0.614 0.741 0.854 0.941 0.991 0.997 0.959 0.881 0.774 0.650 0.521 0.400 0.293 0.205 0.137 0.000 0.000 0.000 0.000 0.000 0.000 0.000 0.000 0.000 0.000 0.000 0.000 0.000 0.000 0.154 0.227 0.320 
0.000 0.000 0.000 0.000 0.000 0.000 0.000 0.000 0.000 0.000 0.000 0.000 0.000 0.000 0.104 0.160 0.235 0.330 0.443 0.569 0.697 0.817 0.914 0.978 1.000 0.977 0.912 0.814 0.695 0.566 0.441 0.328 0.234 0.159 0.103 0.000 0.000 0.000 0.000 0.000 0.000 0.000 0.000 0.000 0.000 0.000 0.000 0.000 0.133 0.199 
0.000 0.000 0.000 0.000 0.000 0.000 0.000 0.000 0.000 0.000 0.000 0.000 0.000 0.000 0.000 0.000 0.138 0.207 0.295 0.402 0.524 0.652 0.776 0.883 0.960 0.997 0.990 0.940 0.852 0.738 0.611 0.484 0.366 0.265 0.183 0.121 0.000 0.000 0.000 0.000 0.000 0.000 0.000 0.000 0.000 0.000 0.000 0.000 0.000 0.114 
0.000 0.000 0.000 0.000 0.000 0.000 0.000 0.000 0.000 0.000 0.000 0.000 0.000 0.000 0.000 0.000 0.000 0.119 0.180 0.261 0.362 0.480 0.607 0.734 0.848 0.937 0.989 0.998 0.962 0.886 0.780 0.657 0.528 0.406 0.298 0.209 0.140 0.000 0.000 0.000 0.000 0.000 0.000 0.000 0.000 0.000 0.000 0.000 0.000 0.000 
0.000 0.000 0.000 0.000 0.000 0.000 0.000 0.000 0.000 0.000 0.000 0.000 0.000 0.000 0.000 0.000 0.000 0.000 0.102 0.157 0.231 0.325 0.437 0.562 0.690 0.811 0.910 0.976 1.000 0.980 0.917 0.820 0.701 0.573 0.448 0.334 0.238 0.162 0.106 0.000 0.000 0.000 0.000 0.000 0.000 0.000 0.000 0.000 0.000 0.000 
0.000 0.000 0.000 0.000 0.000 0.000 0.000 0.000 0.000 0.000 0.000 0.000 0.000 0.000 0.000 0.000 0.000 0.000 0.000 0.000 0.135 0.202 0.289 0.396 0.517 0.645 0.770 0.878 0.957 0.996 0.992 0.943 0.857 0.745 0.618 0.491 0.372 0.270 0.187 0.124 0.000 0.000 0.000 0.000 0.000 0.000 0.000 0.000 0.000 0.000 
0.000 0.000 0.000 0.000 0.000 0.000 0.000 0.000 0.000 0.000 0.000 0.000 0.000 0.000 0.000 0.000 0.000 0.000 0.000 0.000 0.000 0.116 0.177 0.257 0.356 0.473 0.600 0.727 0.843 0.933 0.987 0.999 0.965 0.891 0.787 0.664 0.535 0.412 0.303 0.214 0.144 0.000 0.000 0.000 0.000 0.000 0.000 0.000 0.000 0.000 
0.000 0.000 0.000 0.000 0.000 0.000 0.000 0.000 0.000 0.000 0.000 0.000 0.000 0.000 0.000 0.000 0.000 0.000 0.000 0.000 0.000 0.000 0.000 0.153 0.226 0.319 0.430 0.555 0.683 0.804 0.905 0.973 1.000 0.982 0.921 0.826 0.708 0.580 0.454 0.340 0.243 0.166 0.108 0.000 0.000 0.000 0.000 0.000 0.000 0.000 
# 0 3 7 50
0.000 0.000 0.000 0.000 0.000 0.000 0.000 0.000 0.000 0.000 0.114 0.173 0.252 0.351 0.467 0.594 0.721 0.838 0.929 0.986 0.999 0.968 0.896 0.793 0.670 0.542 0.418 0.309 0.218 0.147 0.000 0.000 0.000 0.000 0.000 0.000 0.000 0.000 0.000 0.000 0.000 0.000 0.000 0.000 0.000 0.000 0.000 0.000 0.000 0.000 
0.382 0.278 0.194 0.129 0.000 0.000 0.000 0.000 0.000 0.000 0.000 0.000 0.000 0.000 0.000 0.000 0.000 0.106 0.163 0.240 0.336 0.449 0.575 0.703 0.822 0.918 0.980 1.000 0.975 0.908 0.809 0.688 0.560 0.435 0.323 0.229 0.156 0.101 0.000 0.000 0.000 0.000 0.000 0.000 0.000 0.000 0.000 0.000 0.000 0.000 
0.991 0.997 0.958 0.881 0.773 0.649 0.520 0.399 0.292 0.204 0.137 0.000 0.000 0.000 0.000 0.000 0.000 0.000 0.000 0.000 0.000 0.000 0.000 0.000 0.000 0.154 0.227 0.321 0.432 0.557 0.685 0.806 0.906 0.974 1.000 0.981 0.920 0.825 0.706 0.578 0.452 0.338 0.242 0.165 0.108 0.000 0.000 0.000 0.000 0.000 
0.254 0.353 0.470 0.597 0.724 0.840 0.931 0.987 0.999 0.967 0.894 0.790 0.667 0.538 0.415 0.306 0.216 0.145 0.000 0.000 0.000 0.000 0.000 0.000 0.000 0.000 0.000 0.000 0.000 0.000 0.000 0.000 0.145 0.216 0.306 0.415 0.538 0.667 0.790 0.894 0.967 0.999 0.987 0.931 0.840 0.724 0.597 0.470 0.353 0.254 
0.000 0.000 0.000 0.000 0.000 0.108 0.165 0.242 0.338 0.452 0.578 0.706 0.825 0.920 0.981 1.000 0.974 0.906 0.806 0.685 0.557 0.432 0.321 0.227 0.154 0.000 0.000 0.000 0.000 0.000 0.000 0.000 0.000 0.000 0.000 0.000 0.000 0.000 0.000 0.137 0.204 0.292 0.399 0.520 0.649 0.773 0.881 0.958 0.997 0.991 
0.000 0.000 0.000 0.000 0.000 0.000 0.000 0.000 0.000 0.000 0.000 0.000 0.101 0.156 0.229 0.323 0.435 0.560 0.688 0.809 0.908 0.975 1.000 0.980 0.918 0.822 0.703 0.575 0.449 0.336 0.240 0.163 0.106 0.000 0.000 0.000 0.000 0.000 0.000 0.000 0.000 0.000 0.000 0.000 0.000 0.000 0.129 0.194 0.278 0.382 
0.000 0.000 0.000 0.000 0.000 0.000 0.000 0.000 0.000 0.000 0.000 0.000 0.000 0.000 0.000 0.000 0.000 0.000 0.000 0.000 0.147 0.218 0.309 0.418 0.542 0.670 0.793 0.896 0.968 0.999 0.986 0.929 0.838 0.721 0.594 0.467 0.351 0.252 0.173 0.114 0.000 0.000 0.000 0.000 0.000 0.000 0.000 0.000 0.000 0.000 
# 1 0 50 47
0.000 -0.134 -0.179 -0.234 -0.298 -0.372 -0.454 -0.542 -0.633 -0.722 -0.805 -0.879 -0.938 -0.978 -0.998 -0.996 -0.972 -0.927 -0.865 -0.789 -0.704 -0.614 -0.524 -0.437 -0.357 -0.285 -0.222 -0.169 -0.126 0.000 0.000 0.000 0.000 0.000 0.000 0.000 0.000 0.000 0.000 0.000 0.000 0.000 0.000 0.000 0.000 0.000 0.000 
-0.130 -0.100 -0.137 -0.182 -0.237 -0.303 -0.377 -0.460 -0.548 -0.638 -0.727 -0.810 -0.883 -0.941 -0.980 -0.999 -0.995 -0.970 -0.924 -0.861 -0.784 -0.699 -0.609 -0.519 -0.432 -0.352 -0.281 -0.219 -0.167 -0.124 0.000 0.000 0.000 0.000 0.000 0.000 0.000 0.000 0.000 0.000 0.000 0.000 0.000 0.000 0.000 0.000 0.000 
-0.170 -0.127 -0.102 -0.139 -0.185 -0.241 -0.307 -0.382 -0.465 -0.553 -0.643 -0.732 -0.815 -0.887 -0.944 -0.982 -0.999 -0.994 -0.967 -0.921 -0.857 -0.780 -0.694 -0.604 -0.514 -0.427 -0.348 -0.277 -0.215 -0.164 -0.122 0.000 0.000 0.000 0.000 0.000 0.000 0.000 0.000 0.000 0.000 0.000 0.000 0.000 0.000 0.000 0.000 
-0.220 -0.168 -0.125 -0.104 -0.142 -0.188 -0.245 -0.311 -0.387 -0.470 -0.558 -0.649 -0.737 -0.819 -0.891 -0.946 -0.984 -0.999 -0.993 -0.965 -0.917 -0.852 -0.775 -0.688 -0.598 -0.508 -0.422 -0.343 -0.273 -0.212 -0.161 -0.120 0.000 0.000 0.000 0.000 0.000 0.000 0.000 0.000 0.000 0.000 0.000 0.000 0.000 0.000 0.000 
-0.278 -0.216 -0.165 -0.123 -0.106 -0.144 -0.191 -0.248 -0.315 -0.391 -0.475 -0.564 -0.654 -0.743 -0.824 -0.894 -0.949 -0.985 -1.000 -0.992 -0.963 -0.914 -0.848 -0.770 -0.683 -0.593 -0.503 -0.417 -0.339 -0.269 -0.209 -0.158 -0.117 0.000 0.000 0.000 0.000 0.000 0.000 0.000 0.000 0.000 0.000 0.000 0.000 0.000 0.000 
-0.345 -0.274 -0.213 -0.162 -0.120 -0.108 -0.147 -0.195 -0.252 -0.320 -0.396 -0.480 -0.569 -0.660 -0.748 -0.829 -0.898 -0.952 -0.987 -1.000 -0.991 -0.960 -0.910 -0.844 -0.765 -0.678 -0.587 -0.498 -0.412 -0.334 -0.265 -0.205 -0.156 -0.115 0.000 0.000 0.000 0.000 0.000 0.000 0.000 0.000 0.000 0.000 0.000 0.000 0.000 
-0.419 -0.340 -0.270 -0.210 -0.159 -0.118 -0.110 -0.149 -0.198 -0.256 -0.324 -0.401 -0.485 -0.575 -0.665 -0.753 -0.833 -0.902 -0.955 -0.988 -1.000 -0.990 -0.958 -0.907 -0.839 -0.760 -0.672 -0.582 -0.492 -0.408 -0.330 -0.261 -0.202 -0.153 -0.113 0.000 0.000 0.000 0.000 0.000 0.000 0.000 0.000 0.000 0.000 0.000 0.000 
-0.499 -0.414 -0.336 -0.266 -0.206 -0.157 -0.116 -0.112 -0.152 -0.201 -0.260 -0.328 -0.406 -0.491 -0.580 -0.670 -0.758 -0.838 -0.906 -0.957 -0.989 -1.000 -0.988 -0.955 -0.903 -0.835 -0.754 -0.667 -0.576 -0.487 -0.403 -0.325 -0.257 -0.199 -0.150 -0.111 0.000 0.000 0.000 0.000 0.000 0.000 0.000 0.000 0.000 0.000 0.000 
-0.584 -0.494 -0.409 -0.331 -0.262 -0.203 -0.154 -0.114 -0.115 -0.155 -0.204 -0.264 -0.333 -0.411 -0.496 -0.585 -0.676 -0.763 -0.842 -0.909 -0.960 -0.991 -1.000 -0.987 -0.953 -0.899 -0.830 -0.749 -0.661 -0.571 -0.482 -0.398 -0.321 -0.253 -0.196 -0.148 -0.109 0.000 0.000 0.000 0.000 0.000 0.000 0.000 0.000 0.000 0.000 
-0.669 -0.578 -0.489 -0.404 -0.327 -0.259 -0.200 -0.151 -0.112 -0.117 -0.157 -0.208 -0.268 -0.337 -0.416 -0.501 -0.591 -0.681 -0.768 -0.847 -0.913 -0.962 -0.992 -1.000 -0.986 -0.950 -0.896 -0.826 -0.744 -0.656 -0.566 -0.477 -0.393 -0.317 -0.250 -0.192 -0.145 -0.107 0.000 0.000 0.000 0.000 0.000 0.000 0.000 0.000 0.000 
-0.751 -0.663 -0.573 -0.484 -0.399 -0.323 -0.255 -0.197 -0.149 -0.110 -0.119 -0.160 -0.211 -0.271 -0.342 -0.421 -0.507 -0.596 -0.687 -0.773 -0.851 -0.916 -0.964 -0.993 -1.000 -0.984 -0.947 -0.892 -0.821 -0.739 -0.651 -0.560 -0.472 -0.388 -0.312 -0.246 -0.189 -0.143 -0.105 0.000 0.000 0.000 0.000 0.000 0.000 0.000 0.000 
-0.827 -0.746 -0.658 -0.567 -0.478 -0.395 -0.318 -0.251 -0.194 -0.146 -0.108 -0.121 -0.163 -0.214 -0.275 -0.346 -0.426 -0.512 -0.602 -0.692 -0.778 -0.855 -0.920 -0.967 -0.994 -0.999 -0.982 -0.944 -0.888 -0.816 -0.734 -0.645 -0.555 -0.466 -0.383 -0.308 -0.242 -0.186 -0.140 -0.103 0.000 0.000 0.000 0.000 0.000 0.000 0.000 
-0.893 -0.823 -0.741 -0.652 -0.562 -0.473 -0.390 -0.314 -0.247 -0.190 -0.143 -0.106 -0.123 -0.166 -0.218 -0.279 -0.351 -0.431 -0.517 -0.607 -0.697 -0.783 -0.860 -0.923 -0.969 -0.995 -0.999 -0.981 -0.942 -0.884 -0.812 -0.729 -0.640 -0.549 -0.461 -0.379 -0.304 -0.239 -0.183 -0.138 -0.101 0.000 0.000 0.000 0.000 0.000 0.000 
-0.945 -0.889 -0.818 -0.736 -0.647 -0.557 -0.468 -0.385 -0.310 -0.244 -0.187 -0.141 -0.104 -0.126 -0.169 -0.221 -0.283 -0.355 -0.436 -0.523 -0.613 -0.703 -0.788 -0.864 -0.926 -0.971 -0.996 -0.998 -0.979 -0.939 -0.880 -0.807 -0.724 -0.634 -0.544 -0.456 -0.374 -0.300 -0.235 -0.180 -0.135 0.000 0.000 0.000 0.000 0.000 0.000 
-0.981 -0.943 -0.885 -0.813 -0.731 -0.642 -0.551 -0.463 -0.380 -0.305 -0.240 -0.184 -0.138 -0.102 -0.128 -0.171 -0.224 -0.287 -0.360 -0.441 -0.528 -0.618 -0.708 -0.793 -0.868 -0.929 -0.973 -0.997 -0.998 -0.977 -0.936 -0.876 -0.802 -0.718 -0.629 -0.539 -0.451 -0.369 -0.296 -0.231 -0.177 -0.133 0.000 0.000 0.000 0.000 0.000 
-0.999 -0.980 -0.940 -0.881 -0.809 -0.725 -0.636 -0.546 -0.458 -0.376 -0.301 -0.236 -0.181 -0.136 0.000 -0.130 -0.174 -0.228 -0.292 -0.365 -0.446 -0.533 -0.624 -0.713 -0.797 -0.872 -0.933 -0.975 -0.997 -0.997 -0.975 -0.932 -0.872 -0.797 -0.713 -0.624 -0.533 -0.446 -0.365 -0.292 -0.228 -0.174 -0.130 0.000 0.000 0.000 0.000 
-0.996 -0.998 -0.978 -0.937 -0.877 -0.804 -0.720 -0.631 -0.540 -0.453 -0.371 -0.297 -0.233 -0.178 -0.134 0.000 -0.133 -0.177 -0.232 -0.296 -0.369 -0.451 -0.539 -0.629 -0.718 -0.802 -0.876 -0.936 -0.977 -0.998 -0.997 -0.973 -0.929 -0.868 -0.793 -0.708 -0.618 -0.528 -0.441 -0.360 -0.287 -0.224 -0.171 -0.128 0.000 0.000 0.000 
-0.974 -0.997 -0.997 -0.976 -0.934 -0.873 -0.799 -0.715 -0.625 -0.535 -0.448 -0.366 -0.293 -0.229 -0.175 -0.131 0.000 -0.135 -0.180 -0.235 -0.300 -0.374 -0.456 -0.544 -0.634 -0.724 -0.807 -0.880 -0.939 -0.979 -0.998 -0.996 -0.971 -0.926 -0.864 -0.788 -0.702 -0.613 -0.522 -0.436 -0.355 -0.283 -0.221 -0.169 -0.126 0.000 0.000 
-0.935 -0.976 -0.998 -0.997 -0.974 -0.930 -0.869 -0.794 -0.710 -0.620 -0.530 -0.442 -0.362 -0.289 -0.226 -0.172 -0.129 -0.101 -0.138 -0.183 -0.239 -0.304 -0.379 -0.461 -0.549 -0.640 -0.729 -0.812 -0.884 -0.942 -0.981 -0.999 -0.995 -0.969 -0.923 -0.859 -0.783 -0.697 -0.607 -0.517 -0.431 -0.351 -0.279 -0.218 -0.166 -0.123 0.000 
-0.879 -0.938 -0.978 -0.998 -0.996 -0.972 -0.927 -0.865 -0.789 -0.704 -0.614 -0.524 -0.437 -0.357 -0.285 -0.222 -0.169 -0.126 -0.103 -0.140 -0.186 -0.242 -0.308 -0.383 -0.466 -0.555 -0.645 -0.734 -0.816 -0.888 -0.945 -0.982 -0.999 -0.994 -0.967 -0.919 -0.855 -0.778 -0.692 -0.602 -0.512 -0.426 -0.346 -0.275 -0.214 -0.163 -0.121 
-0.810 -0.883 -0.941 -0.980 -0.999 -0.995 -0.970 -0.924 -0.861 -0.784 -0.699 -0.609 -0.519 -0.432 -0.352 -0.281 -0.219 -0.167 -0.124 -0.105 -0.143 -0.189 -0.246 -0.313 -0.388 -0.472 -0.560 -0.651 -0.739 -0.821 -0.892 -0.947 -0.984 -1.000 -0.993 -0.964 -0.916 -0.851 -0.773 -0.687 -0.596 -0.506 -0.421 -0.342 -0.271 -0.211 -0.160 
-0.732 -0.815 -0.887 -0.944 -0.982 -0.999 -0.994 -0.967 -0.921 -0.857 -0.780 -0.694 -0.604 -0.514 -0.427 -0.348 -0.277 -0.215 -0.164 -0.122 -0.107 -0.145 -0.192 -0.250 -0.317 -0.393 -0.477 -0.566 -0.656 -0.744 -0.826 -0.896 -0.950 -0.986 -1.000 -0.992 -0.962 -0.913 -0.847 -0.768 -0.681 -0.591 -0.501 -0.416 -0.337 -0.267 -0.207 
-0.649 -0.737 -0.819 -0.891 -0.946 -0.983 -0.999 -0.993 -0.965 -0.917 -0.852 -0.775 -0.688 -0.598 -0.508 -0.422 -0.343 -0.273 -0.212 -0.161 -0.120 -0.109 -0.148 -0.196 -0.253 -0.321 -0.398 -0.482 -0.571 -0.661 -0.749 -0.830 -0.899 -0.953 -0.987 -1.000 -0.991 -0.960 -0.909 -0.842 -0.763 -0.676 -0.585 -0.496 -0.411 -0.333 -0.264 
-0.564 -0.654 -0.743 -0.824 -0.894 -0.949 -0.985 -1.000 -0.992 -0.963 -0.914 -0.848 -0.770 -0.683 -0.593 -0.503 -0.417 -0.339 -0.269 -0.209 -0.158 -0.117 -0.111 -0.150 -0.199 -0.257 -0.325 -0.403 -0.487 -0.576 -0.667 -0.754 -0.835 -0.903 -0.955 -0.988 -1.000 -0.989 -0.957 -0.905 -0.838 -0.758 -0.670 -0.580 -0.491 -0.406 -0.328 
-0.480 -0.569 -0.660 -0.748 -0.829 -0.898 -0.952 -0.987 -1.000 -0.991 -0.960 -0.910 -0.844 -0.765 -0.678 -0.587 -0.498 -0.412 -0.334 -0.265 -0.205 -0.156 -0.115 -0.113 -0.153 -0.202 -0.261 -0.330 -0.408 -0.492 -0.582 -0.672 -0.760 -0.839 -0.907 -0.958 -0.990 -1.000 -0.988 -0.955 -0.902 -0.833 -0.753 -0.665 -0.575 -0.485 -0.401 
-0.401 -0.485 -0.575 -0.665 -0.753 -0.833 -0.902 -0.955 -0.988 -1.000 -0.990 -0.958 -0.907 -0.839 -0.760 -0.672 -0.582 -0.492 -0.408 -0.330 -0.261 -0.202 -0.153 -0.113 -0.115 -0.156 -0.205 -0.265 -0.334 -0.412 -0.498 -0.587 -0.678 -0.765 -0.844 -0.910 -0.960 -0.991 -1.000 -0.987 -0.952 -0.898 -0.829 -0.748 -0.660 -0.569 -0.480 
-0.328 -0.406 -0.491 -0.580 -0.670 -0.758 -0.838 -0.905 -0.957 -0.989 -1.000 -0.988 -0.955 -0.903 -0.835 -0.754 -0.667 -0.576 -0.487 -0.403 -0.325 -0.257 -0.199 -0.150 -0.111 -0.117 -0.158 -0.209 -0.269 -0.339 -0.417 -0.503 -0.593 -0.683 -0.770 -0.848 -0.914 -0.963 -0.992 -1.000 -0.985 -0.949 -0.894 -0.824 -0.743 -0.654 -0.564 
-0.264 -0.333 -0.411 -0.496 -0.585 -0.676 -0.763 -0.842 -0.909 -0.960 -0.991 -1.000 -0.987 -0.953 -0.899 -0.830 -0.749 -0.661 -0.571 -0.482 -0.398 -0.321 -0.253 -0.196 -0.148 -0.109 -0.120 -0.161 -0.212 -0.273 -0.343 -0.422 -0.508 -0.598 -0.688 -0.775 -0.852 -0.917 -0.965 -0.993 -0.999 -0.983 -0.946 -0.891 -0.819 -0.737 -0.649 
-0.207 -0.267 -0.337 -0.416 -0.501 -0.591 -0.681 -0.768 -0.847 -0.913 -0.962 -0.992 -1.000 -0.986 -0.950 -0.896 -0.826 -0.744 -0.656 -0.566 -0.477 -0.393 -0.317 -0.250 -0.192 -0.145 -0.107 -0.122 -0.164 -0.215 -0.277 -0.348 -0.427 -0.514 -0.604 -0.694 -0.780 -0.857 -0.921 -0.967 -0.994 -0.999 -0.982 -0.944 -0.887 -0.815 -0.732 
-0.160 -0.211 -0.271 -0.342 -0.421 -0.506 -0.596 -0.687 -0.773 -0.851 -0.916 -0.964 -0.993 -1.000 -0.984 -0.947 -0.892 -0.821 -0.739 -0.651 -0.560 -0.472 -0.388 -0.313 -0.246 -0.189 -0.143 -0.105 -0.124 -0.167 -0.219 -0.281 -0.352 -0.432 -0.519 -0.609 -0.699 -0.784 -0.861 -0.924 -0.970 -0.995 -0.999 -0.980 -0.941 -0.883 -0.810 
-0.121 -0.163 -0.214 -0.275 -0.346 -0.426 -0.512 -0.602 -0.692 -0.778 -0.855 -0.919 -0.967 -0.994 -0.999 -0.982 -0.945 -0.888 -0.816 -0.734 -0.645 -0.555 -0.466 -0.383 -0.308 -0.242 -0.186 -0.140 -0.103 -0.126 -0.169 -0.222 -0.285 -0.357 -0.437 -0.524 -0.614 -0.704 -0.789 -0.865 -0.927 -0.972 -0.996 -0.998 -0.978 -0.938 -0.879 
0.000 -0.123 -0.166 -0.218 -0.279 -0.351 -0.431 -0.517 -0.607 -0.697 -0.783 -0.859 -0.923 -0.969 -0.995 -0.999 -0.981 -0.942 -0.884 -0.812 -0.729 -0.640 -0.549 -0.461 -0.379 -0.304 -0.239 -0.183 -0.138 -0.101 -0.129 -0.172 -0.226 -0.289 -0.362 -0.442 -0.530 -0.620 -0.710 -0.794 -0.869 -0.930 -0.974 -0.997 -0.998 -0.976 -0.935 
0.000 0.000 -0.126 -0.169 -0.221 -0.283 -0.355 -0.436 -0.522 -0.613 -0.702 -0.788 -0.864 -0.926 -0.971 -0.996 -0.998 -0.979 -0.939 -0.880 -0.807 -0.724 -0.634 -0.544 -0.456 -0.374 -0.300 -0.235 -0.180 -0.135 0.000 -0.131 -0.175 -0.229 -0.293 -0.366 -0.448 -0.535 -0.625 -0.715 -0.799 -0.873 -0.934 -0.976 -0.997 -0.997 -0.974 
0.000 0.000 0.000 -0.128 -0.171 -0.224 -0.287 -0.360 -0.441 -0.528 -0.618 -0.708 -0.793 -0.868 -0.929 -0.973 -0.997 -0.998 -0.977 -0.936 -0.876 -0.802 -0.718 -0.629 -0.539 -0.451 -0.369 -0.296 -0.232 -0.177 -0.133 0.000 -0.134 -0.178 -0.233 -0.297 -0.371 -0.453 -0.540 -0.631 -0.720 -0.804 -0.877 -0.937 -0.978 -0.998 -0.996 
0.000 0.000 0.000 0.000 -0.130 -0.174 -0.228 -0.292 -0.365 -0.446 -0.533 -0.624 -0.713 -0.797 -0.872 -0.932 -0.975 -0.997 -0.997 -0.975 -0.933 -0.872 -0.797 -0.713 -0.624 -0.533 -0.446 -0.365 -0.292 -0.228 -0.174 -0.130 0.000 -0.136 -0.181 -0.236 -0.301 -0.376 -0.458 -0.546 -0.636 -0.725 -0.809 -0.881 -0.940 -0.980 -0.999 
0.000 0.000 0.000 0.000 0.000 -0.133 -0.177 -0.231 -0.296 -0.369 -0.451 -0.539 -0.629 -0.718 -0.802 -0.876 -0.936 -0.977 -0.998 -0.997 -0.973 -0.929 -0.868 -0.793 -0.708 -0.618 -0.528 -0.441 -0.360 -0.287 -0.224 -0.171 -0.128 -0.102 -0.138 -0.184 -0.240 -0.305 -0.380 -0.463 -0.551 -0.642 -0.731 -0.813 -0.885 -0.943 -0.981 
0.000 0.000 0.000 0.000 0.000 0.000 -0.135 -0.180 -0.235 -0.300 -0.374 -0.456 -0.544 -0.634 -0.724 -0.807 -0.880 -0.939 -0.979 -0.998 -0.996 -0.971 -0.926 -0.864 -0.788 -0.703 -0.613 -0.523 -0.436 -0.355 -0.283 -0.221 -0.169 -0.126 -0.104 -0.141 -0.187 -0.244 -0.310 -0.385 -0.468 -0.557 -0.647 -0.736 -0.818 -0.889 -0.945 
0.000 0.000 0.000 0.000 0.000 0.000 -0.101 -0.138 -0.183 -0.239 -0.304 -0.379 -0.461 -0.549 -0.640 -0.729 -0.812 -0.884 -0.942 -0.981 -0.999 -0.995 -0.969 -0.923 -0.860 -0.783 -0.697 -0.607 -0.517 -0.431 -0.351 -0.279 -0.218 -0.166 -0.123 -0.106 -0.143 -0.190 -0.247 -0.314 -0.390 -0.473 -0.562 -0.652 -0.741 -0.823 -0.893 
0.000 0.000 0.000 0.000 0.000 0.000 0.000 -0.103 -0.140 -0.186 -0.242 -0.308 -0.383 -0.466 -0.555 -0.645 -0.734 -0.816 -0.888 -0.944 -0.982 -0.999 -0.994 -0.967 -0.920 -0.855 -0.778 -0.692 -0.602 -0.512 -0.426 -0.346 -0.275 -0.214 -0.163 -0.121 -0.108 -0.146 -0.194 -0.251 -0.318 -0.395 -0.478 -0.567 -0.658 -0.746 -0.827 
0.000 0.000 0.000 0.000 0.000 0.000 0.000 0.000 -0.105 -0.143 -0.189 -0.246 -0.312 -0.388 -0.472 -0.560 -0.651 -0.739 -0.821 -0.892 -0.947 -0.984 -1.000 -0.993 -0.964 -0.916 -0.851 -0.773 -0.687 -0.596 -0.507 -0.421 -0.342 -0.271 -0.211 -0.160 -0.119 -0.110 -0.149 -0.197 -0.255 -0.323 -0.399 -0.484 -0.573 -0.663 -0.751 
0.000 0.000 0.000 0.000 0.000 0.000 0.000 0.000 0.000 -0.107 -0.145 -0.192 -0.250 -0.317 -0.393 -0.477 -0.566 -0.656 -0.744 -0.826 -0.896 -0.950 -0.986 -1.000 -0.992 -0.962 -0.913 -0.847 -0.768 -0.681 -0.591 -0.501 -0.416 -0.337 -0.268 -0.208 -0.157 -0.117 -0.112 -0.151 -0.200 -0.259 -0.327 -0.404 -0.489 -0.578 -0.669 
0.000 0.000 0.000 0.000 0.000 0.000 0.000 0.000 0.000 0.000 -0.109 -0.148 -0.196 -0.253 -0.321 -0.398 -0.482 -0.571 -0.661 -0.749 -0.830 -0.899 -0.953 -0.987 -1.000 -0.991 -0.960 -0.909 -0.842 -0.763 -0.676 -0.585 -0.496 -0.411 -0.333 -0.264 -0.204 -0.155 -0.115 -0.114 -0.154 -0.203 -0.262 -0.331 -0.409 -0.494 -0.584 
0.000 0.000 0.000 0.000 0.000 0.000 0.000 0.000 0.000 0.000 0.000 -0.111 -0.150 -0.199 -0.257 -0.325 -0.403 -0.487 -0.576 -0.667 -0.754 -0.835 -0.903 -0.955 -0.988 -1.000 -0.989 -0.957 -0.906 -0.838 -0.758 -0.670 -0.580 -0.491 -0.406 -0.328 -0.260 -0.201 -0.152 -0.112 -0.116 -0.157 -0.206 -0.266 -0.336 -0.414 -0.499 
0.000 0.000 0.000 0.000 0.000 0.000 0.000 0.000 0.000 0.000 0.000 0.000 -0.113 -0.153 -0.202 -0.261 -0.330 -0.408 -0.492 -0.582 -0.672 -0.760 -0.839 -0.907 -0.958 -0.990 -1.000 -0.988 -0.955 -0.902 -0.833 -0.753 -0.665 -0.575 -0.485 -0.401 -0.324 -0.256 -0.198 -0.149 -0.110 -0.118 -0.159 -0.210 -0.270 -0.340 -0.419 
0.000 0.000 0.000 0.000 0.000 0.000 0.000 0.000 0.000 0.000 0.000 0.000 0.000 -0.115 -0.156 -0.205 -0.265 -0.334 -0.412 -0.498 -0.587 -0.678 -0.765 -0.844 -0.910 -0.960 -0.991 -1.000 -0.987 -0.952 -0.898 -0.829 -0.748 -0.660 -0.569 -0.480 -0.396 -0.320 -0.252 -0.195 -0.147 -0.108 -0.120 -0.162 -0.213 -0.274 -0.345 
0.000 0.000 0.000 0.000 0.000 0.000 0.000 0.000 0.000 0.000 0.000 0.000 0.000 0.000 -0.117 -0.158 -0.209 -0.269 -0.339 -0.417 -0.503 -0.593 -0.683 -0.770 -0.848 -0.914 -0.963 -0.992 -1.000 -0.985 -0.949 -0.894 -0.824 -0.743 -0.654 -0.564 -0.475 -0.391 -0.315 -0.248 -0.191 -0.144 -0.106 -0.123 -0.165 -0.216 -0.278 
0.000 0.000 0.000 0.000 0.000 0.000 0.000 0.000 0.000 0.000 0.000 0.000 0.000 0.000 0.000 -0.120 -0.161 -0.212 -0.273 -0.343 -0.422 -0.508 -0.598 -0.688 -0.775 -0.852 -0.917 -0.965 -0.993 -0.999 -0.984 -0.946 -0.891 -0.819 -0.737 -0.649 -0.558 -0.470 -0.387 -0.311 -0.245 -0.188 -0.142 -0.104 -0.125 -0.168 -0.220 
0.000 0.000 0.000 0.000 0.000 0.000 0.000 0.000 0.000 0.000 0.000 0.000 0.000 0.000 0.000 0.000 -0.122 -0.164 -0.215 -0.277 -0.348 -0.427 -0.514 -0.604 -0.694 -0.780 -0.857 -0.921 -0.967 -0.994 -0.999 -0.982 -0.944 -0.887 -0.815 -0.732 -0.643 -0.553 -0.465 -0.382 -0.307 -0.241 -0.185 -0.139 -0.102 -0.127 -0.170 
0.000 0.000 0.000 0.000 0.000 0.000 0.000 0.000 0.000 0.000 0.000 0.000 0.000 0.000 0.000 0.000 0.000 -0.124 -0.167 -0.219 -0.281 -0.352 -0.432 -0.519 -0.609 -0.699 -0.784 -0.861 -0.924 -0.970 -0.995 -0.999 -0.980 -0.941 -0.883 -0.810 -0.727 -0.638 -0.548 -0.460 -0.377 -0.303 -0.237 -0.182 -0.137 -0.100 -0.130 
0.000 0.000 0.000 0.000 0.000 0.000 0.000 0.000 0.000 0.000 0.000 0.000 0.000 0.000 0.000 0.000 0.000 0.000 -0.126 -0.169 -0.222 -0.285 -0.357 -0.437 -0.524 -0.614 -0.704 -0.789 -0.865 -0.927 -0.972 -0.996 -0.998 -0.978 -0.938 -0.879 -0.805 -0.722 -0.633 -0.542 -0.454 -0.372 -0.298 -0.234 -0.179 -0.134 0.000 
# 1 2 37 47
-0.102 -0.128 -0.171 -0.224 -0.287 -0.360 -0.440 -0.527 -0.618 -0.707 -0.792 -0.868 -0.929 -0.973 -0.996 -0.998 -0.977 -0.936 -0.876 -0.803 -0.719 -0.629 -0.539 -0.451 -0.370 -0.296 -0.232 -0.177 -0.133 0.000 0.000 0.000 0.000 0.000 0.000 0.000 0.000 0.000 0.000 0.000 0.000 0.000 0.000 0.000 0.000 0.000 0.000 
-0.150 -0.111 -0.118 -0.159 -0.209 -0.269 -0.339 -0.418 -0.503 -0.593 -0.683 -0.770 -0.848 -0.914 -0.963 -0.992 -1.000 -0.985 -0.949 -0.894 -0.824 -0.742 -0.654 -0.563 -0.475 -0.391 -0.315 -0.248 -0.191 -0.144 -0.106 0.000 0.000 0.000 0.000 0.000 0.000 0.000 0.000 0.000 0.000 0.000 0.000 0.000 0.000 0.000 0.000 
-0.213 -0.162 -0.121 -0.108 -0.147 -0.194 -0.252 -0.319 -0.396 -0.480 -0.569 -0.659 -0.747 -0.828 -0.898 -0.952 -0.986 -1.000 -0.991 -0.961 -0.911 -0.844 -0.765 -0.678 -0.588 -0.498 -0.413 -0.335 -0.265 -0.206 -0.156 -0.115 0.000 0.000 0.000 0.000 0.000 0.000 0.000 0.000 0.000 0.000 0.000 0.000 0.000 0.000 0.000 
-0.293 -0.229 -0.175 -0.131 0.000 -0.135 -0.180 -0.235 -0.300 -0.374 -0.456 -0.544 -0.635 -0.724 -0.807 -0.880 -0.939 -0.979 -0.998 -0.996 -0.971 -0.926 -0.863 -0.787 -0.702 -0.612 -0.522 -0.435 -0.355 -0.283 -0.221 -0.168 -0.126 0.000 0.000 0.000 0.000 0.000 0.000 0.000 0.000 0.000 0.000 0.000 0.000 0.000 0.000 
-0.387 -0.312 -0.245 -0.189 -0.142 -0.104 -0.125 -0.167 -0.220 -0.282 -0.353 -0.434 -0.520 -0.610 -0.700 -0.786 -0.862 -0.925 -0.970 -0.995 -0.999 -0.980 -0.940 -0.882 -0.809 -0.726 -0.637 -0.546 -0.458 -0.376 -0.302 -0.237 -0.182 -0.136 0.000 0.000 0.000 0.000 0.000 0.000 0.000 0.000 0.000 0.000 0.000 0.000 0.000 
-0.494 -0.409 -0.331 -0.262 -0.203 -0.154 -0.114 -0.115 -0.155 -0.204 -0.264 -0.333 -0.411 -0.496 -0.586 -0.676 -0.763 -0.842 -0.909 -0.960 -0.991 -1.000 -0.987 -0.953 -0.899 -0.830 -0.749 -0.661 -0.571 -0.482 -0.398 -0.321 -0.253 -0.195 -0.147 -0.109 0.000 0.000 0.000 0.000 0.000 0.000 0.000 0.000 0.000 0.000 0.000 
-0.608 -0.518 -0.431 -0.351 -0.280 -0.218 -0.166 -0.124 -0.105 -0.143 -0.190 -0.247 -0.313 -0.389 -0.473 -0.561 -0.652 -0.740 -0.822 -0.893 -0.948 -0.984 -1.000 -0.993 -0.964 -0.915 -0.850 -0.772 -0.685 -0.595 -0.505 -0.420 -0.341 -0.271 -0.210 -0.160 -0.118 0.000 0.000 0.000 0.000 0.000 0.000 0.000 0.000 0.000 0.000 
-0.722 -0.632 -0.542 -0.454 -0.372 -0.298 -0.234 -0.179 -0.134 0.000 -0.132 -0.176 -0.230 -0.294 -0.368 -0.450 -0.537 -0.627 -0.717 -0.801 -0.875 -0.935 -0.977 -0.998 -0.997 -0.974 -0.930 -0.869 -0.794 -0.709 -0.620 -0.529 -0.442 -0.361 -0.289 -0.225 -0.172 -0.129 0.000 0.000 0.000 0.000 0.000 0.000 0.000 0.000 0.000 
-0.826 -0.745 -0.657 -0.566 -0.477 -0.394 -0.317 -0.250 -0.193 -0.145 -0.107 -0.122 -0.163 -0.215 -0.276 -0.347 -0.427 -0.513 -0.603 -0.693 -0.779 -0.856 -0.920 -0.967 -0.994 -0.999 -0.982 -0.944 -0.887 -0.815 -0.733 -0.644 -0.554 -0.465 -0.382 -0.307 -0.242 -0.186 -0.139 -0.103 0.000 0.000 0.000 0.000 0.000 0.000 0.000 
-0.912 -0.846 -0.768 -0.681 -0.591 -0.501 -0.416 -0.337 -0.267 -0.207 -0.157 -0.117 -0.112 -0.151 -0.200 -0.259 -0.327 -0.405 -0.489 -0.578 -0.669 -0.756 -0.836 -0.904 -0.956 -0.989 -1.000 -0.989 -0.956 -0.904 -0.836 -0.756 -0.668 -0.578 -0.489 -0.404 -0.327 -0.258 -0.200 -0.151 -0.112 0.000 0.000 0.000 0.000 0.000 0.000 
-0.972 -0.928 -0.866 -0.790 -0.705 -0.615 -0.525 -0.438 -0.357 -0.285 -0.223 -0.170 -0.127 -0.103 -0.140 -0.186 -0.242 -0.308 -0.383 -0.466 -0.554 -0.645 -0.733 -0.816 -0.887 -0.944 -0.982 -0.999 -0.994 -0.967 -0.920 -0.856 -0.778 -0.693 -0.602 -0.512 -0.426 -0.347 -0.276 -0.215 -0.163 -0.121 0.000 0.000 0.000 0.000 0.000 
-0.999 -0.981 -0.942 -0.884 -0.812 -0.729 -0.640 -0.549 -0.461 -0.379 -0.304 -0.239 -0.183 -0.137 -0.101 -0.129 -0.172 -0.226 -0.289 -0.362 -0.443 -0.530 -0.620 -0.710 -0.794 -0.869 -0.931 -0.974 -0.997 -0.998 -0.976 -0.934 -0.875 -0.800 -0.716 -0.627 -0.537 -0.449 -0.368 -0.294 -0.230 -0.176 -0.132 0.000 0.000 0.000 0.000 
-0.990 -1.000 -0.988 -0.954 -0.901 -0.832 -0.752 -0.664 -0.574 -0.484 -0.400 -0.323 -0.255 -0.197 -0.149 -0.110 -0.119 -0.160 -0.210 -0.271 -0.341 -0.420 -0.506 -0.596 -0.686 -0.772 -0.850 -0.916 -0.964 -0.993 -1.000 -0.984 -0.948 -0.892 -0.822 -0.740 -0.651 -0.561 -0.472 -0.389 -0.313 -0.246 -0.190 -0.143 -0.105 0.000 0.000 
-0.946 -0.984 -0.999 -0.993 -0.965 -0.917 -0.852 -0.774 -0.688 -0.598 -0.508 -0.422 -0.343 -0.273 -0.212 -0.161 -0.120 -0.109 -0.148 -0.196 -0.254 -0.321 -0.398 -0.482 -0.571 -0.662 -0.750 -0.830 -0.899 -0.953 -0.987 -1.000 -0.991 -0.960 -0.909 -0.842 -0.763 -0.676 -0.585 -0.496 -0.411 -0.333 -0.264 -0.204 -0.155 -0.115 0.000 
-0.873 -0.933 -0.976 -0.997 -0.997 -0.975 -0.932 -0.871 -0.797 -0.712 -0.623 -0.532 -0.445 -0.364 -0.291 -0.227 -0.174 -0.130 -0.100 -0.136 -0.182 -0.237 -0.302 -0.376 -0.459 -0.547 -0.637 -0.726 -0.809 -0.882 -0.940 -0.980 -0.999 -0.995 -0.970 -0.924 -0.862 -0.785 -0.700 -0.610 -0.520 -0.433 -0.353 -0.281 -0.219 -0.167 -0.124 
-0.776 -0.854 -0.918 -0.966 -0.994 -0.999 -0.983 -0.945 -0.889 -0.818 -0.736 -0.647 -0.556 -0.468 -0.385 -0.310 -0.244 -0.187 -0.141 -0.104 -0.126 -0.169 -0.221 -0.283 -0.355 -0.436 -0.523 -0.613 -0.703 -0.788 -0.864 -0.926 -0.971 -0.996 -0.998 -0.979 -0.939 -0.880 -0.807 -0.723 -0.634 -0.544 -0.456 -0.374 -0.300 -0.235 -0.180 
-0.666 -0.754 -0.834 -0.902 -0.955 -0.988 -1.000 -0.990 -0.958 -0.906 -0.838 -0.759 -0.671 -0.581 -0.492 -0.407 -0.329 -0.260 -0.201 -0.152 -0.113 -0.116 -0.156 -0.206 -0.266 -0.335 -0.413 -0.499 -0.588 -0.679 -0.765 -0.844 -0.911 -0.961 -0.991 -1.000 -0.986 -0.951 -0.897 -0.828 -0.747 -0.659 -0.568 -0.479 -0.395 -0.319 -0.252 
-0.551 -0.642 -0.730 -0.813 -0.885 -0.943 -0.981 -0.999 -0.995 -0.968 -0.922 -0.858 -0.781 -0.695 -0.605 -0.515 -0.429 -0.349 -0.278 -0.216 -0.165 -0.123 -0.106 -0.144 -0.191 -0.248 -0.315 -0.391 -0.475 -0.564 -0.654 -0.743 -0.824 -0.894 -0.949 -0.985 -1.000 -0.992 -0.963 -0.914 -0.848 -0.770 -0.683 -0.593 -0.503 -0.417 -0.339 
-0.440 -0.527 -0.617 -0.707 -0.792 -0.867 -0.929 -0.973 -0.996 -0.998 -0.977 -0.936 -0.877 -0.803 -0.719 -0.630 -0.539 -0.452 -0.370 -0.296 -0.232 -0.178 -0.133 0.000 -0.133 -0.178 -0.232 -0.296 -0.370 -0.452 -0.539 -0.630 -0.719 -0.803 -0.877 -0.936 -0.977 -0.998 -0.996 -0.973 -0.929 -0.867 -0.792 -0.707 -0.617 -0.527 -0.440 
-0.339 -0.417 -0.503 -0.593 -0.683 -0.770 -0.848 -0.914 -0.963 -0.992 -1.000 -0.985 -0.949 -0.894 -0.824 -0.743 -0.654 -0.564 -0.475 -0.391 -0.315 -0.248 -0.191 -0.144 -0.106 -0.123 -0.165 -0.216 -0.278 -0.349 -0.429 -0.515 -0.605 -0.695 -0.781 -0.858 -0.922 -0.968 -0.995 -0.999 -0.981 -0.943 -0.885 -0.813 -0.730 -0.642 -0.551 
-0.252 -0.319 -0.395 -0.479 -0.568 -0.659 -0.747 -0.828 -0.897 -0.951 -0.986 -1.000 -0.991 -0.961 -0.911 -0.844 -0.765 -0.679 -0.588 -0.499 -0.413 -0.335 -0.266 -0.206 -0.156 -0.116 -0.113 -0.152 -0.201 -0.260 -0.329 -0.407 -0.492 -0.581 -0.671 -0.759 -0.838 -0.906 -0.958 -0.990 -1.000 -0.988 -0.955 -0.902 -0.834 -0.754 -0.666 
-0.180 -0.235 -0.300 -0.374 -0.456 -0.544 -0.634 -0.723 -0.807 -0.880 -0.939 -0.979 -0.998 -0.996 -0.971 -0.926 -0.864 -0.788 -0.703 -0.613 -0.523 -0.436 -0.355 -0.283 -0.221 -0.169 -0.126 -0.104 -0.141 -0.187 -0.244 -0.310 -0.385 -0.468 -0.556 -0.647 -0.736 -0.818 -0.889 -0.945 -0.983 -0.999 -0.994 -0.966 -0.918 -0.854 -0.776 
-0.124 -0.167 -0.219 -0.281 -0.353 -0.433 -0.520 -0.610 -0.700 -0.785 -0.862 -0.924 -0.970 -0.995 -0.999 -0.980 -0.940 -0.882 -0.809 -0.726 -0.637 -0.547 -0.459 -0.376 -0.302 -0.237 -0.182 -0.136 -0.100 -0.130 -0.174 -0.227 -0.291 -0.364 -0.445 -0.532 -0.623 -0.712 -0.797 -0.871 -0.932 -0.975 -0.997 -0.997 -0.976 -0.933 -0.873 
0.000 -0.115 -0.155 -0.204 -0.264 -0.333 -0.411 -0.496 -0.585 -0.676 -0.763 -0.842 -0.909 -0.960 -0.991 -1.000 -0.987 -0.953 -0.899 -0.830 -0.750 -0.662 -0.571 -0.482 -0.398 -0.321 -0.254 -0.196 -0.148 -0.109 -0.120 -0.161 -0.212 -0.273 -0.343 -0.422 -0.508 -0.598 -0.688 -0.774 -0.852 -0.917 -0.965 -0.993 -0.999 -0.984 -0.946 
0.000 0.000 -0.105 -0.143 -0.190 -0.246 -0.313 -0.389 -0.472 -0.561 -0.651 -0.740 -0.822 -0.892 -0.948 -0.984 -1.000 -0.993 -0.964 -0.916 -0.850 -0.772 -0.686 -0.596 -0.506 -0.420 -0.341 -0.271 -0.210 -0.160 -0.119 -0.110 -0.149 -0.197 -0.255 -0.323 -0.400 -0.484 -0.574 -0.664 -0.752 -0.832 -0.901 -0.954 -0.988 -1.000 -0.990 
0.000 0.000 0.000 0.000 -0.132 -0.176 -0.230 -0.294 -0.368 -0.449 -0.537 -0.627 -0.716 -0.800 -0.875 -0.934 -0.976 -0.998 -0.997 -0.974 -0.931 -0.869 -0.794 -0.710 -0.620 -0.530 -0.443 -0.362 -0.289 -0.226 -0.172 -0.129 -0.101 -0.137 -0.183 -0.239 -0.304 -0.379 -0.461 -0.549 -0.640 -0.729 -0.812 -0.884 -0.942 -0.981 -0.999 
0.000 0.000 0.000 0.000 0.000 -0.121 -0.163 -0.215 -0.276 -0.347 -0.426 -0.512 -0.602 -0.693 -0.778 -0.856 -0.920 -0.967 -0.994 -0.999 -0.982 -0.944 -0.887 -0.816 -0.733 -0.645 -0.554 -0.466 -0.383 -0.308 -0.242 -0.186 -0.140 -0.103 -0.127 -0.170 -0.223 -0.285 -0.357 -0.438 -0.525 -0.615 -0.705 -0.790 -0.866 -0.928 -0.972 
0.000 0.000 0.000 0.000 0.000 0.000 -0.112 -0.151 -0.200 -0.258 -0.327 -0.404 -0.489 -0.578 -0.668 -0.756 -0.836 -0.904 -0.956 -0.989 -1.000 -0.989 -0.956 -0.904 -0.836 -0.756 -0.669 -0.578 -0.489 -0.405 -0.327 -0.259 -0.200 -0.151 -0.112 -0.117 -0.157 -0.207 -0.267 -0.337 -0.416 -0.501 -0.591 -0.681 -0.768 -0.846 -0.912 
0.000 0.000 0.000 0.000 0.000 0.000 0.000 -0.103 -0.139 -0.186 -0.242 -0.307 -0.382 -0.465 -0.554 -0.644 -0.733 -0.815 -0.887 -0.944 -0.982 -0.999 -0.994 -0.967 -0.920 -0.856 -0.779 -0.693 -0.603 -0.513 -0.427 -0.347 -0.276 -0.215 -0.163 -0.122 -0.107 -0.145 -0.193 -0.250 -0.317 -0.394 -0.477 -0.566 -0.657 -0.745 -0.826 
0.000 0.000 0.000 0.000 0.000 0.000 0.000 0.000 0.000 -0.129 -0.172 -0.225 -0.289 -0.361 -0.442 -0.529 -0.620 -0.709 -0.794 -0.869 -0.930 -0.974 -0.997 -0.998 -0.977 -0.935 -0.875 -0.801 -0.717 -0.627 -0.537 -0.450 -0.368 -0.294 -0.230 -0.176 -0.132 0.000 -0.134 -0.179 -0.234 -0.298 -0.372 -0.454 -0.542 -0.632 -0.722 
0.000 0.000 0.000 0.000 0.000 0.000 0.000 0.000 0.000 0.000 -0.118 -0.160 -0.210 -0.271 -0.341 -0.420 -0.505 -0.595 -0.685 -0.772 -0.850 -0.915 -0.964 -0.993 -1.000 -0.984 -0.948 -0.893 -0.822 -0.740 -0.652 -0.561 -0.473 -0.389 -0.313 -0.247 -0.190 -0.143 -0.105 -0.124 -0.166 -0.218 -0.280 -0.351 -0.431 -0.518 -0.608 
0.000 0.000 0.000 0.000 0.000 0.000 0.000 0.000 0.000 0.000 0.000 -0.109 -0.147 -0.195 -0.253 -0.321 -0.398 -0.482 -0.571 -0.661 -0.749 -0.830 -0.899 -0.953 -0.987 -1.000 -0.991 -0.960 -0.909 -0.842 -0.763 -0.676 -0.586 -0.496 -0.411 -0.333 -0.264 -0.204 -0.155 -0.115 -0.114 -0.154 -0.203 -0.262 -0.331 -0.409 -0.494 
0.000 0.000 0.000 0.000 0.000 0.000 0.000 0.000 0.000 0.000 0.000 0.000 0.000 -0.136 -0.182 -0.237 -0.302 -0.376 -0.458 -0.546 -0.637 -0.726 -0.809 -0.882 -0.940 -0.980 -0.999 -0.995 -0.970 -0.925 -0.862 -0.786 -0.700 -0.610 -0.520 -0.434 -0.353 -0.282 -0.220 -0.167 -0.125 -0.104 -0.142 -0.189 -0.245 -0.312 -0.387 
0.000 0.000 0.000 0.000 0.000 0.000 0.000 0.000 0.000 0.000 0.000 0.000 0.000 0.000 -0.126 -0.168 -0.221 -0.283 -0.355 -0.435 -0.522 -0.612 -0.702 -0.787 -0.863 -0.926 -0.971 -0.996 -0.998 -0.979 -0.939 -0.880 -0.807 -0.724 -0.635 -0.544 -0.456 -0.374 -0.300 -0.235 -0.180 -0.135 0.000 -0.131 -0.175 -0.229 -0.293 
0.000 0.000 0.000 0.000 0.000 0.000 0.000 0.000 0.000 0.000 0.000 0.000 0.000 0.000 0.000 -0.115 -0.156 -0.206 -0.265 -0.335 -0.413 -0.498 -0.588 -0.678 -0.765 -0.844 -0.911 -0.961 -0.991 -1.000 -0.986 -0.952 -0.898 -0.828 -0.747 -0.659 -0.569 -0.480 -0.396 -0.319 -0.252 -0.194 -0.147 -0.108 -0.121 -0.162 -0.213 
0.000 0.000 0.000 0.000 0.000 0.000 0.000 0.000 0.000 0.000 0.000 0.000 0.000 0.000 0.000 0.000 -0.106 -0.144 -0.191 -0.248 -0.315 -0.391 -0.475 -0.563 -0.654 -0.742 -0.824 -0.894 -0.949 -0.985 -1.000 -0.992 -0.963 -0.914 -0.848 -0.770 -0.683 -0.593 -0.503 -0.418 -0.339 -0.269 -0.209 -0.159 -0.118 -0.111 -0.150 
0.000 0.000 0.000 0.000 0.000 0.000 0.000 0.000 0.000 0.000 0.000 0.000 0.000 0.000 0.000 0.000 0.000 0.000 -0.133 -0.177 -0.232 -0.296 -0.370 -0.451 -0.539 -0.629 -0.719 -0.803 -0.876 -0.936 -0.977 -0.998 -0.996 -0.973 -0.929 -0.868 -0.792 -0.707 -0.618 -0.527 -0.440 -0.360 -0.287 -0.224 -0.171 -0.128 -0.102 
# 2 0 50 37
0.000 0.000 0.000 0.000 -0.161 -0.342 -0.593 -0.847 -0.991 -0.953 -0.752 -0.487 -0.259 -0.113 0.000 0.000 0.000 0.000 0.000 0.000 0.000 0.000 0.000 0.000 0.000 0.000 0.000 0.000 0.000 0.000 0.000 0.000 0.000 0.000 0.000 0.000 0.000 
0.000 0.000 0.000 0.000 0.000 -0.200 -0.402 -0.663 -0.899 -1.000 -0.913 -0.684 -0.421 -0.213 0.000 0.000 0.000 0.000 0.000 0.000 0.000 0.000 0.000 0.000 0.000 0.000 0.000 0.000 0.000 0.000 0.000 0.000 0.000 0.000 0.000 0.000 0.000 
0.000 0.000 0.000 0.000 0.000 -0.105 -0.244 -0.467 -0.732 -0.942 -0.995 -0.863 -0.615 -0.359 -0.172 0.000 0.000 0.000 0.000 0.000 0.000 0.000 0.000 0.000 0.000 0.000 0.000 0.000 0.000 0.000 0.000 0.000 0.000 0.000 0.000 0.000 0.000 
0.000 0.000 0.000 0.000 0.000 0.000 -0.133 -0.295 -0.535 -0.796 -0.974 -0.977 -0.805 -0.545 -0.302 -0.138 0.000 0.000 0.000 0.000 0.000 0.000 0.000 0.000 0.000 0.000 0.000 0.000 0.000 0.000 0.000 0.000 0.000 0.000 0.000 0.000 0.000 
0.000 0.000 0.000 0.000 0.000 0.000 0.000 -0.167 -0.350 -0.604 -0.855 -0.993 -0.947 -0.741 -0.476 -0.251 -0.109 0.000 0.000 0.000 0.000 0.000 0.000 0.000 0.000 0.000 0.000 0.000 0.000 0.000 0.000 0.000 0.000 0.000 0.000 0.000 0.000 
0.000 0.000 0.000 0.000 0.000 0.000 0.000 0.000 -0.206 -0.412 -0.674 -0.906 -1.000 -0.906 -0.674 -0.411 -0.206 0.000 0.000 0.000 0.000 0.000 0.000 0.000 0.000 0.000 0.000 0.000 0.000 0.000 0.000 0.000 0.000 0.000 0.000 0.000 0.000 
-0.187 0.000 0.000 0.000 0.000 0.000 0.000 0.000 -0.109 -0.252 -0.477 -0.742 -0.948 -0.993 -0.855 -0.604 -0.350 -0.167 0.000 0.000 0.000 0.000 0.000 0.000 0.000 0.000 0.000 0.000 0.000 0.000 0.000 0.000 0.000 0.000 0.000 0.000 0.000 
-0.324 -0.151 0.000 0.000 0.000 0.000 0.000 0.000 0.000 -0.138 -0.303 -0.545 -0.806 -0.978 -0.974 -0.796 -0.534 -0.294 -0.133 0.000 0.000 0.000 0.000 0.000 0.000 0.000 0.000 0.000 0.000 0.000 0.000 0.000 0.000 0.000 0.000 0.000 0.000 
-0.503 -0.271 -0.120 0.000 0.000 0.000 0.000 0.000 0.000 0.000 -0.173 -0.360 -0.615 -0.864 -0.995 -0.942 -0.731 -0.466 -0.244 -0.105 0.000 0.000 0.000 0.000 0.000 0.000 0.000 0.000 0.000 0.000 0.000 0.000 0.000 0.000 0.000 0.000 0.000 
-0.700 -0.436 -0.223 0.000 0.000 0.000 0.000 0.000 0.000 0.000 0.000 -0.213 -0.421 -0.685 -0.913 -1.000 -0.899 -0.663 -0.401 -0.200 0.000 0.000 0.000 0.000 0.000 0.000 0.000 0.000 0.000 0.000 0.000 0.000 0.000 0.000 0.000 0.000 0.000 
-0.876 -0.631 -0.373 -0.181 0.000 0.000 0.000 0.000 0.000 0.000 0.000 -0.113 -0.259 -0.487 -0.752 -0.953 -0.991 -0.846 -0.593 -0.341 -0.161 0.000 0.000 0.000 0.000 0.000 0.000 0.000 0.000 0.000 0.000 0.000 0.000 0.000 0.000 0.000 0.000 
-0.983 -0.820 -0.561 -0.315 -0.145 0.000 0.000 0.000 0.000 0.000 0.000 0.000 -0.143 -0.311 -0.556 -0.815 -0.981 -0.969 -0.786 -0.523 -0.286 -0.128 0.000 0.000 0.000 0.000 0.000 0.000 0.000 0.000 0.000 0.000 0.000 0.000 0.000 0.000 0.000 
-0.990 -0.955 -0.757 -0.492 -0.263 -0.115 0.000 0.000 0.000 0.000 0.000 0.000 0.000 -0.178 -0.369 -0.626 -0.872 -0.997 -0.936 -0.721 -0.456 -0.237 -0.101 0.000 0.000 0.000 0.000 0.000 0.000 0.000 0.000 0.000 0.000 0.000 0.000 0.000 0.000 
-0.895 -1.000 -0.917 -0.690 -0.426 -0.216 0.000 0.000 0.000 0.000 0.000 0.000 0.000 0.000 -0.220 -0.431 -0.695 -0.920 -0.999 -0.891 -0.652 -0.392 -0.193 0.000 0.000 0.000 0.000 0.000 0.000 0.000 0.000 0.000 0.000 0.000 0.000 0.000 0.000 
-0.726 -0.939 -0.996 -0.868 -0.620 -0.364 -0.175 0.000 0.000 0.000 0.000 0.000 0.000 0.000 -0.117 -0.267 -0.498 -0.762 -0.958 -0.989 -0.837 -0.582 -0.332 -0.156 0.000 0.000 0.000 0.000 0.000 0.000 0.000 0.000 0.000 0.000 0.000 0.000 0.000 
-0.529 -0.791 -0.972 -0.979 -0.810 -0.551 -0.307 -0.140 0.000 0.000 0.000 0.000 0.000 0.000 0.000 -0.148 -0.320 -0.567 -0.824 -0.984 -0.965 -0.776 -0.513 -0.278 -0.124 0.000 0.000 0.000 0.000 0.000 0.000 0.000 0.000 0.000 0.000 0.000 0.000 
-0.346 -0.598 -0.850 -0.992 -0.950 -0.747 -0.482 -0.255 -0.111 0.000 0.000 0.000 0.000 0.000 0.000 0.000 -0.184 -0.378 -0.637 -0.880 -0.998 -0.929 -0.710 -0.446 -0.230 0.000 0.000 0.000 0.000 0.000 0.000 0.000 0.000 0.000 0.000 0.000 0.000 
-0.203 -0.406 -0.668 -0.902 -1.000 -0.910 -0.679 -0.416 -0.210 0.000 0.000 0.000 0.000 0.000 0.000 0.000 0.000 -0.226 -0.441 -0.706 -0.927 -0.999 -0.883 -0.641 -0.382 -0.187 0.000 0.000 0.000 0.000 0.000 0.000 0.000 0.000 0.000 0.000 0.000 
-0.107 -0.248 -0.471 -0.736 -0.944 -0.994 -0.859 -0.610 -0.355 -0.170 0.000 0.000 0.000 0.000 0.000 0.000 0.000 -0.122 -0.274 -0.508 -0.772 -0.963 -0.986 -0.828 -0.571 -0.324 -0.150 0.000 0.000 0.000 0.000 0.000 0.000 0.000 0.000 0.000 0.000 
0.000 -0.135 -0.298 -0.539 -0.801 -0.976 -0.976 -0.801 -0.540 -0.299 -0.136 0.000 0.000 0.000 0.000 0.000 0.000 0.000 -0.153 -0.328 -0.577 -0.833 -0.987 -0.960 -0.767 -0.502 -0.270 -0.119 0.000 0.000 0.000 0.000 0.000 0.000 0.000 0.000 0.000 
0.000 0.000 -0.169 -0.355 -0.609 -0.859 -0.994 -0.945 -0.737 -0.472 -0.248 -0.107 0.000 0.000 0.000 0.000 0.000 0.000 0.000 -0.190 -0.388 -0.647 -0.888 -0.999 -0.923 -0.700 -0.436 -0.223 0.000 0.000 0.000 0.000 0.000 0.000 0.000 0.000 0.000 
0.000 0.000 0.000 -0.209 -0.416 -0.679 -0.909 -1.000 -0.903 -0.669 -0.407 -0.203 0.000 0.000 0.000 0.000 0.000 0.000 0.000 0.000 -0.233 -0.451 -0.716 -0.933 -0.997 -0.875 -0.631 -0.373 -0.181 0.000 0.000 0.000 0.000 0.000 0.000 0.000 0.000 
0.000 0.000 0.000 -0.111 -0.255 -0.482 -0.747 -0.950 -0.992 -0.851 -0.599 -0.346 -0.164 0.000 0.000 0.000 0.000 0.000 0.000 0.000 -0.126 -0.282 -0.519 -0.782 -0.967 -0.983 -0.819 -0.561 -0.315 -0.145 0.000 0.000 0.000 0.000 0.000 0.000 0.000 
0.000 0.000 0.000 0.000 -0.140 -0.307 -0.550 -0.810 -0.979 -0.972 -0.792 -0.529 -0.290 -0.131 0.000 0.000 0.000 0.000 0.000 0.000 0.000 -0.159 -0.337 -0.588 -0.842 -0.990 -0.955 -0.757 -0.492 -0.263 -0.115 0.000 0.000 0.000 0.000 0.000 0.000 
0.000 0.000 0.000 0.000 0.000 -0.175 -0.364 -0.620 -0.867 -0.996 -0.939 -0.727 -0.461 -0.241 -0.103 0.000 0.000 0.000 0.000 0.000 0.000 0.000 -0.197 -0.397 -0.658 -0.895 -1.000 -0.916 -0.689 -0.426 -0.216 0.000 0.000 0.000 0.000 0.000 0.000 
0.000 0.000 0.000 0.000 0.000 0.000 -0.216 -0.426 -0.689 -0.916 -1.000 -0.895 -0.658 -0.397 -0.197 0.000 0.000 0.000 0.000 0.000 0.000 0.000 -0.103 -0.241 -0.461 -0.727 -0.939 -0.996 -0.867 -0.620 -0.364 -0.175 0.000 0.000 0.000 0.000 0.000 
0.000 0.000 0.000 0.000 0.000 0.000 -0.115 -0.263 -0.492 -0.757 -0.955 -0.990 -0.842 -0.588 -0.337 -0.159 0.000 0.000 0.000 0.000 0.000 0.000 0.000 -0.131 -0.290 -0.529 -0.792 -0.972 -0.979 -0.810 -0.550 -0.307 -0.140 0.000 0.000 0.000 0.000 
0.000 0.000 0.000 0.000 0.000 0.000 0.000 -0.145 -0.315 -0.561 -0.819 -0.983 -0.967 -0.782 -0.519 -0.282 -0.126 0.000 0.000 0.000 0.000 0.000 0.000 0.000 -0.164 -0.346 -0.599 -0.851 -0.992 -0.950 -0.747 -0.482 -0.255 -0.111 0.000 0.000 0.000 
0.000 0.000 0.000 0.000 0.000 0.000 0.000 0.000 -0.181 -0.373 -0.631 -0.875 -0.997 -0.933 -0.716 -0.451 -0.233 0.000 0.000 0.000 0.000 0.000 0.000 0.000 0.000 -0.203 -0.407 -0.669 -0.903 -1.000 -0.909 -0.679 -0.416 -0.209 0.000 0.000 0.000 
0.000 0.000 0.000 0.000 0.000 0.000 0.000 0.000 0.000 -0.223 -0.436 -0.700 -0.923 -0.999 -0.888 -0.647 -0.388 -0.190 0.000 0.000 0.000 0.000 0.000 0.000 0.000 -0.107 -0.248 -0.472 -0.737 -0.945 -0.994 -0.859 -0.609 -0.355 -0.169 0.000 0.000 
0.000 0.000 0.000 0.000 0.000 0.000 0.000 0.000 0.000 -0.119 -0.270 -0.502 -0.767 -0.960 -0.987 -0.833 -0.577 -0.328 -0.153 0.000 0.000 0.000 0.000 0.000 0.000 0.000 -0.136 -0.299 -0.540 -0.801 -0.976 -0.976 -0.801 -0.539 -0.298 -0.135 0.000 
0.000 0.000 0.000 0.000 0.000 0.000 0.000 0.000 0.000 0.000 -0.150 -0.324 -0.571 -0.828 -0.986 -0.963 -0.772 -0.508 -0.274 -0.122 0.000 0.000 0.000 0.000 0.000 0.000 0.000 -0.170 -0.355 -0.610 -0.859 -0.994 -0.944 -0.736 -0.471 -0.248 -0.107 
0.000 0.000 0.000 0.000 0.000 0.000 0.000 0.000 0.000 0.000 0.000 -0.187 -0.382 -0.641 -0.883 -0.999 -0.927 -0.706 -0.441 -0.226 0.000 0.000 0.000 0.000 0.000 0.000 0.000 0.000 -0.210 -0.416 -0.679 -0.910 -1.000 -0.902 -0.668 -0.406 -0.203 
0.000 0.000 0.000 0.000 0.000 0.000 0.000 0.000 0.000 0.000 0.000 0.000 -0.230 -0.446 -0.710 -0.929 -0.998 -0.880 -0.637 -0.378 -0.184 0.000 0.000 0.000 0.000 0.000 0.000 0.000 -0.111 -0.255 -0.482 -0.747 -0.950 -0.992 -0.850 -0.598 -0.346 
0.000 0.000 0.000 0.000 0.000 0.000 0.000 0.000 0.000 0.000 0.000 0.000 -0.124 -0.278 -0.513 -0.776 -0.965 -0.984 -0.824 -0.567 -0.320 -0.148 0.000 0.000 0.000 0.000 0.000 0.000 0.000 -0.140 -0.307 -0.551 -0.810 -0.979 -0.972 -0.791 -0.529 
0.000 0.000 0.000 0.000 0.000 0.000 0.000 0.000 0.000 0.000 0.000 0.000 0.000 -0.156 -0.332 -0.582 -0.837 -0.989 -0.958 -0.762 -0.498 -0.267 -0.117 0.000 0.000 0.000 0.000 0.000 0.000 0.000 -0.175 -0.364 -0.620 -0.868 -0.996 -0.939 -0.726 
0.000 0.000 0.000 0.000 0.000 0.000 0.000 0.000 0.000 0.000 0.000 0.000 0.000 0.000 -0.193 -0.392 -0.652 -0.891 -0.999 -0.920 -0.695 -0.431 -0.220 0.000 0.000 0.000 0.000 0.000 0.000 0.000 0.000 -0.216 -0.426 -0.690 -0.917 -1.000 -0.895 
0.000 0.000 0.000 0.000 0.000 0.000 0.000 0.000 0.000 0.000 0.000 0.000 0.000 0.000 -0.101 -0.237 -0.456 -0.721 -0.936 -0.997 -0.872 -0.626 -0.369 -0.178 0.000 0.000 0.000 0.000 0.000 0.000 0.000 -0.115 -0.263 -0.492 -0.757 -0.955 -0.990 
0.000 0.000 0.000 0.000 0.000 0.000 0.000 0.000 0.000 0.000 0.000 0.000 0.000 0.000 0.000 -0.128 -0.286 -0.523 -0.786 -0.969 -0.981 -0.815 -0.556 -0.311 -0.143 0.000 0.000 0.000 0.000 0.000 0.000 0.000 -0.145 -0.315 -0.561 -0.820 -0.983 
0.000 0.000 0.000 0.000 0.000 0.000 0.000 0.000 0.000 0.000 0.000 0.000 0.000 0.000 0.000 0.000 -0.161 -0.341 -0.593 -0.846 -0.991 -0.953 -0.752 -0.487 -0.259 -0.113 0.000 0.000 0.000 0.000 0.000 0.000 0.000 -0.181 -0.373 -0.631 -0.876 
0.000 0.000 0.000 0.000 0.000 0.000 0.000 0.000 0.000 0.000 0.000 0.000 0.000 0.000 0.000 0.000 0.000 -0.200 -0.401 -0.663 -0.899 -1.000 -0.913 -0.685 -0.421 -0.213 0.000 0.000 0.000 0.000 0.000 0.000 0.000 0.000 -0.223 -0.436 -0.700 
0.000 0.000 0.000 0.000 0.000 0.000 0.000 0.000 0.000 0.000 0.000 0.000 0.000 0.000 0.000 0.000 0.000 -0.105 -0.244 -0.466 -0.731 -0.942 -0.995 -0.864 -0.615 -0.360 -0.173 0.000 0.000 0.000 0.000 0.000 0.000 0.000 -0.120 -0.271 -0.503 
0.000 0.000 0.000 0.000 0.000 0.000 0.000 0.000 0.000 0.000 0.000 0.000 0.000 0.000 0.000 0.000 0.000 0.000 -0.133 -0.294 -0.534 -0.796 -0.974 -0.978 -0.806 -0.545 -0.303 -0.138 0.000 0.000 0.000 0.000 0.000 0.000 0.000 -0.151 -0.324 
0.000 0.000 0.000 0.000 0.000 0.000 0.000 0.000 0.000 0.000 0.000 0.000 0.000 0.000 0.000 0.000 0.000 0.000 0.000 -0.167 -0.350 -0.604 -0.855 -0.993 -0.948 -0.742 -0.477 -0.252 -0.109 0.000 0.000 0.000 0.000 0.000 0.000 0.000 -0.187 
0.000 0.000 0.000 0.000 0.000 0.000 0.000 0.000 0.000 0.000 0.000 0.000 0.000 0.000 0.000 0.000 0.000 0.000 0.000 0.000 -0.206 -0.411 -0.674 -0.906 -1.000 -0.906 -0.674 -0.412 -0.206 0.000 0.000 0.000 0.000 0.000 0.000 0.000 0.000 
0.000 0.000 0.000 0.000 0.000 0.000 0.000 0.000 0.000 0.000 0.000 0.000 0.000 0.000 0.000 0.000 0.000 0.000 0.000 0.000 -0.109 -0.251 -0.476 -0.741 -0.947 -0.993 -0.855 -0.604 -0.350 -0.167 0.000 0.000 0.000 0.000 0.000 0.000 0.000 
0.000 0.000 0.000 0.000 0.000 0.000 0.000 0.000 0.000 0.000 0.000 0.000 0.000 0.000 0.000 0.000 0.000 0.000 0.000 0.000 0.000 -0.138 -0.302 -0.545 -0.805 -0.977 -0.974 -0.796 -0.535 -0.295 -0.133 0.000 0.000 0.000 0.000 0.000 0.000 
0.000 0.000 0.000 0.000 0.000 0.000 0.000 0.000 0.000 0.000 0.000 0.000 0.000 0.000 0.000 0.000 0.000 0.000 0.000 0.000 0.000 0.000 -0.172 -0.359 -0.615 -0.863 -0.995 -0.942 -0.732 -0.467 -0.244 -0.105 0.000 0.000 0.000 0.000 0.000 
0.000 0.000 0.000 0.000 0.000 0.000 0.000 0.000 0.000 0.000 0.000 0.000 0.000 0.000 0.000 0.000 0.000 0.000 0.000 0.000 0.000 0.000 0.000 -0.213 -0.421 -0.684 -0.913 -1.000 -0.899 -0.663 -0.402 -0.200 0.000 0.000 0.000 0.000 0.000 
0.000 0.000 0.000 0.000 0.000 0.000 0.000 0.000 0.000 0.000 0.000 0.000 0.000 0.000 0.000 0.000 0.000 0.000 0.000 0.000 0.000 0.000 0.000 -0.113 -0.259 -0.487 -0.752 -0.953 -0.991 -0.847 -0.593 -0.342 -0.161 0.000 0.000 0.000 0.000 
# 2 1 47 37
0.000 0.000 0.000 0.000 -0.158 -0.336 -0.587 -0.841 -0.990 -0.956 -0.758 -0.493 -0.263 -0.115 0.000 0.000 0.000 0.000 0.000 0.000 0.000 0.000 0.000 0.000 0.000 0.000 0.000 0.000 0.000 0.000 0.000 0.000 0.000 0.000 0.000 0.000 0.000 
0.000 0.000 0.000 0.000 0.000 -0.189 -0.385 -0.644 -0.885 -0.999 -0.925 -0.703 -0.438 -0.225 0.000 0.000 0.000 0.000 0.000 0.000 0.000 0.000 0.000 0.000 0.000 0.000 0.000 0.000 0.000 0.000 0.000 0.000 0.000 0.000 0.000 0.000 0.000 
0.000 0.000 0.000 0.000 0.000 0.000 -0.223 -0.437 -0.701 -0.924 -0.999 -0.887 -0.646 -0.387 -0.190 0.000 0.000 0.000 0.000 0.000 0.000 0.000 0.000 0.000 0.000 0.000 0.000 0.000 0.000 0.000 0.000 0.000 0.000 0.000 0.000 0.000 0.000 
0.000 0.000 0.000 0.000 0.000 0.000 -0.115 -0.262 -0.491 -0.756 -0.955 -0.990 -0.843 -0.589 -0.338 -0.159 0.000 0.000 0.000 0.000 0.000 0.000 0.000 0.000 0.000 0.000 0.000 0.000 0.000 0.000 0.000 0.000 0.000 0.000 0.000 0.000 0.000 
0.000 0.000 0.000 0.000 0.000 0.000 0.000 -0.139 -0.304 -0.547 -0.808 -0.978 -0.973 -0.794 -0.532 -0.293 -0.132 0.000 0.000 0.000 0.000 0.000 0.000 0.000 0.000 0.000 0.000 0.000 0.000 0.000 0.000 0.000 0.000 0.000 0.000 0.000 0.000 
-0.124 0.000 0.000 0.000 0.000 0.000 0.000 0.000 -0.167 -0.351 -0.604 -0.855 -0.993 -0.947 -0.741 -0.476 -0.251 -0.109 0.000 0.000 0.000 0.000 0.000 0.000 0.000 0.000 0.000 0.000 0.000 0.000 0.000 0.000 0.000 0.000 0.000 0.000 0.000 
-0.238 -0.102 0.000 0.000 0.000 0.000 0.000 0.000 0.000 -0.199 -0.400 -0.661 -0.898 -1.000 -0.914 -0.686 -0.423 -0.214 0.000 0.000 0.000 0.000 0.000 0.000 0.000 0.000 0.000 0.000 0.000 0.000 0.000 0.000 0.000 0.000 0.000 0.000 0.000 
-0.405 -0.202 0.000 0.000 0.000 0.000 0.000 0.000 0.000 0.000 -0.234 -0.453 -0.718 -0.934 -0.997 -0.874 -0.629 -0.372 -0.180 0.000 0.000 0.000 0.000 0.000 0.000 0.000 0.000 0.000 0.000 0.000 0.000 0.000 0.000 0.000 0.000 0.000 0.000 
-0.610 -0.355 -0.170 0.000 0.000 0.000 0.000 0.000 0.000 0.000 -0.122 -0.274 -0.508 -0.772 -0.963 -0.986 -0.829 -0.572 -0.324 -0.151 0.000 0.000 0.000 0.000 0.000 0.000 0.000 0.000 0.000 0.000 0.000 0.000 0.000 0.000 0.000 0.000 0.000 
-0.812 -0.553 -0.309 -0.142 0.000 0.000 0.000 0.000 0.000 0.000 0.000 -0.147 -0.318 -0.564 -0.822 -0.984 -0.966 -0.779 -0.515 -0.280 -0.125 0.000 0.000 0.000 0.000 0.000 0.000 0.000 0.000 0.000 0.000 0.000 0.000 0.000 0.000 0.000 0.000 
-0.958 -0.761 -0.497 -0.266 -0.117 0.000 0.000 0.000 0.000 0.000 0.000 0.000 -0.176 -0.365 -0.622 -0.869 -0.996 -0.938 -0.725 -0.460 -0.240 -0.102 0.000 0.000 0.000 0.000 0.000 0.000 0.000 0.000 0.000 0.000 0.000 0.000 0.000 0.000 0.000 
-0.998 -0.927 -0.707 -0.442 -0.227 0.000 0.000 0.000 0.000 0.000 0.000 0.000 0.000 -0.209 -0.416 -0.678 -0.909 -1.000 -0.903 -0.669 -0.407 -0.203 0.000 0.000 0.000 0.000 0.000 0.000 0.000 0.000 0.000 0.000 0.000 0.000 0.000 0.000 0.000 
-0.921 -0.999 -0.890 -0.650 -0.390 -0.192 0.000 0.000 0.000 0.000 0.000 0.000 0.000 -0.106 -0.246 -0.469 -0.734 -0.943 -0.995 -0.861 -0.612 -0.357 -0.171 0.000 0.000 0.000 0.000 0.000 0.000 0.000 0.000 0.000 0.000 0.000 0.000 0.000 0.000 
-0.752 -0.953 -0.991 -0.846 -0.593 -0.341 -0.161 0.000 0.000 0.000 0.000 0.000 0.000 0.000 -0.129 -0.287 -0.525 -0.787 -0.970 -0.981 -0.814 -0.555 -0.310 -0.142 0.000 0.000 0.000 0.000 0.000 0.000 0.000 0.000 0.000 0.000 0.000 0.000 0.000 
-0.543 -0.804 -0.977 -0.974 -0.797 -0.536 -0.296 -0.134 0.000 0.000 0.000 0.000 0.000 0.000 0.000 -0.155 -0.332 -0.581 -0.837 -0.988 -0.958 -0.763 -0.498 -0.267 -0.118 0.000 0.000 0.000 0.000 0.000 0.000 0.000 0.000 0.000 0.000 0.000 0.000 
-0.347 -0.600 -0.852 -0.993 -0.949 -0.745 -0.480 -0.254 -0.110 0.000 0.000 0.000 0.000 0.000 0.000 0.000 -0.186 -0.380 -0.639 -0.881 -0.998 -0.928 -0.708 -0.444 -0.228 0.000 0.000 0.000 0.000 0.000 0.000 0.000 0.000 0.000 0.000 0.000 0.000 
-0.196 -0.397 -0.658 -0.895 -1.000 -0.917 -0.690 -0.426 -0.216 0.000 0.000 0.000 0.000 0.000 0.000 0.000 0.000 -0.220 -0.431 -0.695 -0.920 -0.999 -0.891 -0.652 -0.392 -0.193 0.000 0.000 0.000 0.000 0.000 0.000 0.000 0.000 0.000 0.000 0.000 
0.000 -0.232 -0.449 -0.714 -0.932 -0.998 -0.877 -0.633 -0.375 -0.182 0.000 0.000 0.000 0.000 0.000 0.000 0.000 -0.112 -0.258 -0.485 -0.750 -0.952 -0.991 -0.848 -0.595 -0.343 -0.162 0.000 0.000 0.000 0.000 0.000 0.000 0.000 0.000 0.000 0.000 
0.000 -0.120 -0.271 -0.504 -0.768 -0.961 -0.987 -0.832 -0.576 -0.327 -0.152 0.000 0.000 0.000 0.000 0.000 0.000 0.000 -0.136 -0.300 -0.541 -0.803 -0.976 -0.975 -0.799 -0.538 -0.297 -0.135 0.000 0.000 0.000 0.000 0.000 0.000 0.000 0.000 0.000 
0.000 0.000 -0.145 -0.315 -0.560 -0.819 -0.983 -0.968 -0.782 -0.519 -0.283 -0.126 0.000 0.000 0.000 0.000 0.000 0.000 0.000 -0.164 -0.346 -0.599 -0.851 -0.992 -0.950 -0.747 -0.482 -0.255 -0.111 0.000 0.000 0.000 0.000 0.000 0.000 0.000 0.000 
0.000 0.000 0.000 -0.174 -0.362 -0.618 -0.866 -0.996 -0.940 -0.729 -0.464 -0.242 -0.104 0.000 0.000 0.000 0.000 0.000 0.000 0.000 -0.195 -0.395 -0.656 -0.894 -1.000 -0.918 -0.692 -0.428 -0.217 0.000 0.000 0.000 0.000 0.000 0.000 0.000 0.000 
0.000 0.000 0.000 0.000 -0.207 -0.412 -0.675 -0.907 -1.000 -0.905 -0.673 -0.410 -0.206 0.000 0.000 0.000 0.000 0.000 0.000 0.000 0.000 -0.231 -0.447 -0.712 -0.930 -0.998 -0.879 -0.635 -0.377 -0.183 0.000 0.000 0.000 0.000 0.000 0.000 0.000 
0.000 0.000 0.000 0.000 -0.104 -0.243 -0.465 -0.730 -0.941 -0.995 -0.864 -0.616 -0.360 -0.173 0.000 0.000 0.000 0.000 0.000 0.000 0.000 -0.119 -0.270 -0.502 -0.766 -0.960 -0.987 -0.834 -0.578 -0.329 -0.153 0.000 0.000 0.000 0.000 0.000 0.000 
0.000 0.000 0.000 0.000 0.000 -0.127 -0.284 -0.521 -0.784 -0.968 -0.982 -0.817 -0.559 -0.313 -0.144 0.000 0.000 0.000 0.000 0.000 0.000 0.000 -0.144 -0.313 -0.559 -0.817 -0.982 -0.968 -0.784 -0.521 -0.284 -0.127 0.000 0.000 0.000 0.000 0.000 
0.000 0.000 0.000 0.000 0.000 0.000 -0.153 -0.329 -0.578 -0.834 -0.987 -0.960 -0.766 -0.502 -0.270 -0.119 0.000 0.000 0.000 0.000 0.000 0.000 0.000 -0.173 -0.360 -0.616 -0.864 -0.995 -0.941 -0.730 -0.465 -0.243 -0.104 0.000 0.000 0.000 0.000 
0.000 0.000 0.000 0.000 0.000 0.000 0.000 -0.183 -0.377 -0.635 -0.879 -0.998 -0.930 -0.712 -0.447 -0.231 0.000 0.000 0.000 0.000 0.000 0.000 0.000 0.000 -0.206 -0.410 -0.673 -0.905 -1.000 -0.907 -0.675 -0.412 -0.207 0.000 0.000 0.000 0.000 
0.000 0.000 0.000 0.000 0.000 0.000 0.000 0.000 -0.217 -0.428 -0.692 -0.918 -1.000 -0.894 -0.656 -0.395 -0.195 0.000 0.000 0.000 0.000 0.000 0.000 0.000 -0.104 -0.242 -0.464 -0.729 -0.940 -0.996 -0.866 -0.618 -0.362 -0.174 0.000 0.000 0.000 
0.000 0.000 0.000 0.000 0.000 0.000 0.000 0.000 -0.111 -0.255 -0.482 -0.747 -0.950 -0.992 -0.851 -0.599 -0.346 -0.164 0.000 0.000 0.000 0.000 0.000 0.000 0.000 -0.126 -0.283 -0.519 -0.782 -0.968 -0.983 -0.819 -0.560 -0.315 -0.145 0.000 0.000 
0.000 0.000 0.000 0.000 0.000 0.000 0.000 0.000 0.000 -0.135 -0.297 -0.538 -0.799 -0.975 -0.976 -0.803 -0.541 -0.300 -0.136 0.000 0.000 0.000 0.000 0.000 0.000 0.000 -0.152 -0.327 -0.576 -0.832 -0.987 -0.961 -0.768 -0.504 -0.271 -0.120 0.000 
0.000 0.000 0.000 0.000 0.000 0.000 0.000 0.000 0.000 0.000 -0.162 -0.343 -0.595 -0.848 -0.991 -0.952 -0.750 -0.485 -0.258 -0.112 0.000 0.000 0.000 0.000 0.000 0.000 0.000 -0.182 -0.375 -0.633 -0.877 -0.998 -0.932 -0.714 -0.449 -0.232 0.000 
0.000 0.000 0.000 0.000 0.000 0.000 0.000 0.000 0.000 0.000 0.000 -0.193 -0.392 -0.652 -0.891 -0.999 -0.920 -0.695 -0.431 -0.220 0.000 0.000 0.000 0.000 0.000 0.000 0.000 0.000 -0.216 -0.426 -0.690 -0.917 -1.000 -0.895 -0.658 -0.397 -0.196 
0.000 0.000 0.000 0.000 0.000 0.000 0.000 0.000 0.000 0.000 0.000 0.000 -0.228 -0.444 -0.708 -0.928 -0.998 -0.881 -0.639 -0.380 -0.186 0.000 0.000 0.000 0.000 0.000 0.000 0.000 -0.110 -0.254 -0.480 -0.745 -0.949 -0.993 -0.852 -0.600 -0.347 
0.000 0.000 0.000 0.000 0.000 0.000 0.000 0.000 0.000 0.000 0.000 0.000 -0.118 -0.267 -0.498 -0.763 -0.958 -0.988 -0.837 -0.581 -0.332 -0.155 0.000 0.000 0.000 0.000 0.000 0.000 0.000 -0.134 -0.296 -0.536 -0.797 -0.974 -0.977 -0.804 -0.543 
0.000 0.000 0.000 0.000 0.000 0.000 0.000 0.000 0.000 0.000 0.000 0.000 0.000 -0.142 -0.310 -0.555 -0.814 -0.981 -0.970 -0.787 -0.525 -0.287 -0.129 0.000 0.000 0.000 0.000 0.000 0.000 0.000 -0.161 -0.341 -0.593 -0.846 -0.991 -0.953 -0.752 
0.000 0.000 0.000 0.000 0.000 0.000 0.000 0.000 0.000 0.000 0.000 0.000 0.000 0.000 -0.171 -0.357 -0.612 -0.861 -0.995 -0.943 -0.734 -0.469 -0.246 -0.106 0.000 0.000 0.000 0.000 0.000 0.000 0.000 -0.192 -0.390 -0.650 -0.890 -0.999 -0.921 
0.000 0.000 0.000 0.000 0.000 0.000 0.000 0.000 0.000 0.000 0.000 0.000 0.000 0.000 0.000 -0.203 -0.407 -0.669 -0.903 -1.000 -0.909 -0.678 -0.416 -0.209 0.000 0.000 0.000 0.000 0.000 0.000 0.000 0.000 -0.227 -0.442 -0.707 -0.927 -0.998 
0.000 0.000 0.000 0.000 0.000 0.000 0.000 0.000 0.000 0.000 0.000 0.000 0.000 0.000 0.000 -0.102 -0.240 -0.460 -0.725 -0.938 -0.996 -0.869 -0.622 -0.365 -0.176 0.000 0.000 0.000 0.000 0.000 0.000 0.000 -0.117 -0.266 -0.497 -0.761 -0.958 
0.000 0.000 0.000 0.000 0.000 0.000 0.000 0.000 0.000 0.000 0.000 0.000 0.000 0.000 0.000 0.000 -0.125 -0.280 -0.515 -0.779 -0.966 -0.984 -0.822 -0.564 -0.318 -0.147 0.000 0.000 0.000 0.000 0.000 0.000 0.000 -0.142 -0.309 -0.553 -0.812 
0.000 0.000 0.000 0.000 0.000 0.000 0.000 0.000 0.000 0.000 0.000 0.000 0.000 0.000 0.000 0.000 0.000 -0.151 -0.324 -0.572 -0.829 -0.986 -0.963 -0.772 -0.508 -0.274 -0.122 0.000 0.000 0.000 0.000 0.000 0.000 0.000 -0.170 -0.355 -0.610 
0.000 0.000 0.000 0.000 0.000 0.000 0.000 0.000 0.000 0.000 0.000 0.000 0.000 0.000 0.000 0.000 0.000 0.000 -0.180 -0.372 -0.629 -0.874 -0.997 -0.934 -0.718 -0.453 -0.234 0.000 0.000 0.000 0.000 0.000 0.000 0.000 0.000 -0.202 -0.405 
0.000 0.000 0.000 0.000 0.000 0.000 0.000 0.000 0.000 0.000 0.000 0.000 0.000 0.000 0.000 0.000 0.000 0.000 0.000 -0.214 -0.423 -0.686 -0.914 -1.000 -0.898 -0.661 -0.400 -0.199 0.000 0.000 0.000 0.000 0.000 0.000 0.000 -0.102 -0.238 
0.000 0.000 0.000 0.000 0.000 0.000 0.000 0.000 0.000 0.000 0.000 0.000 0.000 0.000 0.000 0.000 0.000 0.000 0.000 -0.109 -0.251 -0.476 -0.741 -0.947 -0.993 -0.855 -0.604 -0.351 -0.167 0.000 0.000 0.000 0.000 0.000 0.000 0.000 -0.124 
0.000 0.000 0.000 0.000 0.000 0.000 0.000 0.000 0.000 0.000 0.000 0.000 0.000 0.000 0.000 0.000 0.000 0.000 0.000 0.000 -0.132 -0.293 -0.532 -0.794 -0.973 -0.978 -0.808 -0.547 -0.304 -0.139 0.000 0.000 0.000 0.000 0.000 0.000 0.000 
0.000 0.000 0.000 0.000 0.000 0.000 0.000 0.000 0.000 0.000 0.000 0.000 0.000 0.000 0.000 0.000 0.000 0.000 0.000 0.000 0.000 -0.159 -0.338 -0.589 -0.843 -0.990 -0.955 -0.756 -0.491 -0.262 -0.115 0.000 0.000 0.000 0.000 0.000 0.000 
0.000 0.000 0.000 0.000 0.000 0.000 0.000 0.000 0.000 0.000 0.000 0.000 0.000 0.000 0.000 0.000 0.000 0.000 0.000 0.000 0.000 0.000 -0.190 -0.387 -0.646 -0.887 -0.999 -0.924 -0.701 -0.437 -0.223 0.000 0.000 0.000 0.000 0.000 0.000 
0.000 0.000 0.000 0.000 0.000 0.000 0.000 0.000 0.000 0.000 0.000 0.000 0.000 0.000 0.000 0.000 0.000 0.000 0.000 0.000 0.000 0.000 0.000 -0.225 -0.438 -0.703 -0.925 -0.999 -0.885 -0.644 -0.385 -0.189 0.000 0.000 0.000 0.000 0.000 
0.000 0.000 0.000 0.000 0.000 0.000 0.000 0.000 0.000 0.000 0.000 0.000 0.000 0.000 0.000 0.000 0.000 0.000 0.000 0.000 0.000 0.000 0.000 -0.115 -0.263 -0.493 -0.758 -0.956 -0.990 -0.841 -0.587 -0.336 -0.158 0.000 0.000 0.000 0.000 
