3.310783
4
# 0 1 32 50
0.000 0.000 0.000 0.000 0.000 0.114 0.179 0.267 0.377 0.506 0.644 0.778 0.891 0.969 1.000 0.979 0.909 0.801 0.670 0.531 0.400 0.286 0.194 0.125 0.000 0.000 0.000 0.000 0.000 0.000 0.000 0.000 0.000 0.000 0.000 0.000 0.000 0.000 0.000 0.000 0.000 0.000 0.000 0.000 0.000 0.000 0.000 0.000 0.000 0.000 
0.000 0.000 0.000 0.000 0.000 0.000 0.000 0.140 0.215 0.313 0.432 0.566 0.704 0.831 0.931 0.989 0.997 0.954 0.866 0.746 0.609 0.472 0.348 0.243 0.161 0.101 0.000 0.000 0.000 0.000 0.000 0.000 0.000 0.000 0.000 0.000 0.000 0.000 0.000 0.000 0.000 0.000 0.000 0.000 0.000 0.000 0.000 0.000 0.000 0.000 
0.000 0.000 0.000 0.000 0.000 0.000 0.000 0.000 0.108 0.170 0.255 0.363 0.489 0.627 0.762 0.879 0.962 0.999 0.984 0.920 0.816 0.687 0.549 0.416 0.299 0.204 0.132 0.000 0.000 0.000 0.000 0.000 0.000 0.000 0.000 0.000 0.000 0.000 0.000 0.000 0.000 0.000 0.000 0.000 0.000 0.000 0.000 0.000 0.000 0.000 
0.128 0.000 0.000 0.000 0.000 0.000 0.000 0.000 0.000 0.000 0.132 0.204 0.299 0.416 0.549 0.687 0.816 0.920 0.984 0.999 0.962 0.879 0.762 0.627 0.489 0.362 0.255 0.170 0.107 0.000 0.000 0.000 0.000 0.000 0.000 0.000 0.000 0.000 0.000 0.000 0.000 0.000 0.000 0.000 0.000 0.000 0.000 0.000 0.000 0.000 
0.249 0.165 0.104 0.000 0.000 0.000 0.000 0.000 0.000 0.000 0.000 0.101 0.161 0.243 0.348 0.473 0.610 0.746 0.866 0.954 0.997 0.989 0.930 0.831 0.704 0.566 0.432 0.312 0.215 0.140 0.000 0.000 0.000 0.000 0.000 0.000 0.000 0.000 0.000 0.000 0.000 0.000 0.000 0.000 0.000 0.000 0.000 0.000 0.000 0.000 
0.424 0.306 0.209 0.136 0.000 0.000 0.000 0.000 0.000 0.000 0.000 0.000 0.000 0.125 0.194 0.286 0.400 0.532 0.670 0.801 0.909 0.979 1.000 0.969 0.891 0.778 0.644 0.506 0.377 0.267 0.179 0.114 0.000 0.000 0.000 0.000 0.000 0.000 0.000 0.000 0.000 0.000 0.000 0.000 0.000 0.000 0.000 0.000 0.000 0.000 
0.636 0.498 0.370 0.261 0.175 0.111 0.000 0.000 0.000 0.000 0.000 0.000 0.000 0.000 0.000 0.152 0.231 0.334 0.456 0.592 0.729 0.852 0.945 0.994 0.993 0.940 0.845 0.721 0.583 0.448 0.326 0.226 0.148 0.000 0.000 0.000 0.000 0.000 0.000 0.000 0.000 0.000 0.000 0.000 0.000 0.000 0.000 0.000 0.000 0.000 
0.838 0.713 0.575 0.440 0.320 0.220 0.144 0.000 0.000 0.000 0.000 0.000 0.000 0.000 0.000 0.000 0.118 0.184 0.273 0.385 0.515 0.653 0.786 0.897 0.973 1.000 0.976 0.903 0.793 0.661 0.523 0.392 0.279 0.189 0.121 0.000 0.000 0.000 0.000 0.000 0.000 0.000 0.000 0.000 0.000 0.000 0.000 0.000 0.000 0.000 
0.973 0.897 0.786 0.653 0.515 0.385 0.273 0.184 0.118 0.000 0.000 0.000 0.000 0.000 0.000 0.000 0.000 0.000 0.144 0.220 0.320 0.440 0.575 0.713 0.838 0.936 0.991 0.996 0.949 0.859 0.737 0.601 0.464 0.340 0.237 0.156 0.000 0.000 0.000 0.000 0.000 0.000 0.000 0.000 0.000 0.000 0.000 0.000 0.000 0.000 
0.993 0.994 0.945 0.852 0.729 0.592 0.456 0.334 0.231 0.152 0.000 0.000 0.000 0.000 0.000 0.000 0.000 0.000 0.000 0.111 0.175 0.261 0.370 0.498 0.636 0.770 0.885 0.966 0.999 0.981 0.915 0.809 0.678 0.540 0.408 0.292 0.199 0.128 0.000 0.000 0.000 0.000 0.000 0.000 0.000 0.000 0.000 0.000 0.000 0.000 
0.891 0.969 1.000 0.979 0.909 0.801 0.670 0.532 0.400 0.286 0.194 0.125 0.000 0.000 0.000 0.000 0.000 0.000 0.000 0.000 0.000 0.136 0.209 0.306 0.424 0.558 0.696 0.824 0.925 0.987 0.998 0.958 0.872 0.754 0.618 0.481 0.355 0.249 0.165 0.104 0.000 0.000 0.000 0.000 0.000 0.000 0.000 0.000 0.000 0.000 
0.704 0.831 0.930 0.989 0.997 0.954 0.866 0.746 0.610 0.473 0.348 0.243 0.161 0.101 0.000 0.000 0.000 0.000 0.000 0.000 0.000 0.000 0.104 0.165 0.249 0.355 0.481 0.618 0.754 0.872 0.958 0.998 0.987 0.925 0.824 0.695 0.557 0.424 0.306 0.209 0.136 0.000 0.000 0.000 0.000 0.000 0.000 0.000 0.000 0.000 
0.489 0.627 0.762 0.879 0.962 0.999 0.984 0.920 0.816 0.687 0.549 0.416 0.299 0.204 0.132 0.000 0.000 0.000 0.000 0.000 0.000 0.000 0.000 0.000 0.128 0.199 0.293 0.408 0.540 0.679 0.809 0.915 0.982 0.999 0.965 0.885 0.770 0.635 0.498 0.370 0.261 0.174 0.111 0.000 0.000 0.000 0.000 0.000 0.000 0.000 
0.299 0.416 0.549 0.687 0.816 0.920 0.984 0.999 0.962 0.879 0.762 0.627 0.489 0.363 0.255 0.170 0.108 0.000 0.000 0.000 0.000 0.000 0.000 0.000 0.000 0.000 0.157 0.237 0.341 0.464 0.601 0.738 0.859 0.950 0.996 0.991 0.935 0.838 0.712 0.575 0.440 0.319 0.220 0.144 0.000 0.000 0.000 0.000 0.000 0.000 
0.161 0.243 0.348 0.472 0.609 0.746 0.866 0.954 0.997 0.989 0.931 0.831 0.704 0.566 0.432 0.313 0.215 0.140 0.000 0.000 0.000 0.000 0.000 0.000 0.000 0.000 0.000 0.121 0.189 0.280 0.393 0.523 0.662 0.794 0.903 0.976 1.000 0.972 0.897 0.786 0.653 0.514 0.385 0.273 0.184 0.117 0.000 0.000 0.000 0.000 
0.000 0.125 0.194 0.286 0.400 0.531 0.670 0.801 0.909 0.979 1.000 0.969 0.891 0.778 0.644 0.506 0.377 0.267 0.179 0.114 0.000 0.000 0.000 0.000 0.000 0.000 0.000 0.000 0.000 0.148 0.226 0.327 0.448 0.584 0.721 0.845 0.940 0.993 0.994 0.945 0.852 0.729 0.592 0.456 0.333 0.231 0.152 0.000 0.000 0.000 
0.000 0.000 0.000 0.152 0.231 0.333 0.456 0.592 0.729 0.852 0.945 0.994 0.993 0.940 0.845 0.721 0.584 0.448 0.327 0.226 0.148 0.000 0.000 0.000 0.000 0.000 0.000 0.000 0.000 0.000 0.114 0.179 0.267 0.377 0.506 0.644 0.778 0.891 0.969 1.000 0.979 0.909 0.801 0.670 0.531 0.400 0.286 0.194 0.125 0.000 
0.000 0.000 0.000 0.000 0.117 0.184 0.273 0.385 0.514 0.653 0.786 0.897 0.972 1.000 0.976 0.903 0.794 0.662 0.523 0.393 0.280 0.189 0.121 0.000 0.000 0.000 0.000 0.000 0.000 0.000 0.000 0.000 0.140 0.215 0.313 0.432 0.566 0.704 0.831 0.931 0.989 0.997 0.954 0.866 0.746 0.609 0.472 0.348 0.243 0.161 
0.000 0.000 0.000 0.000 0.000 0.000 0.144 0.220 0.319 0.440 0.575 0.712 0.838 0.935 0.991 0.996 0.950 0.859 0.738 0.601 0.464 0.341 0.237 0.157 0.000 0.000 0.000 0.000 0.000 0.000 0.000 0.000 0.000 0.108 0.170 0.255 0.363 0.489 0.627 0.762 0.879 0.962 0.999 0.984 0.920 0.816 0.687 0.549 0.416 0.299 
0.000 0.000 0.000 0.000 0.000 0.000 0.000 0.111 0.174 0.261 0.370 0.498 0.635 0.770 0.885 0.965 0.999 0.982 0.915 0.809 0.679 0.540 0.408 0.293 0.199 0.128 0.000 0.000 0.000 0.000 0.000 0.000 0.000 0.000 0.000 0.132 0.204 0.299 0.416 0.549 0.687 0.816 0.920 0.984 0.999 0.962 0.879 0.762 0.627 0.489 
0.000 0.000 0.000 0.000 0.000 0.000 0.000 0.000 0.000 0.136 0.209 0.306 0.424 0.557 0.695 0.824 0.925 0.987 0.998 0.958 0.872 0.754 0.618 0.481 0.355 0.249 0.165 0.104 0.000 0.000 0.000 0.000 0.000 0.000 0.000 0.000 0.101 0.161 0.243 0.348 0.473 0.610 0.746 0.866 0.954 0.997 0.989 0.930 0.831 0.704 
0.000 0.000 0.000 0.000 0.000 0.000 0.000 0.000 0.000 0.000 0.104 0.165 0.249 0.355 0.481 0.618 0.754 0.872 0.958 0.998 0.987 0.925 0.824 0.696 0.558 0.424 0.306 0.209 0.136 0.000 0.000 0.000 0.000 0.000 0.000 0.000 0.000 0.000 0.125 0.194 0.286 0.400 0.532 0.670 0.801 0.909 0.979 1.000 0.969 0.891 
0.000 0.000 0.000 0.000 0.000 0.000 0.000 0.000 0.000 0.000 0.000 0.000 0.128 0.199 0.292 0.408 0.540 0.678 0.809 0.915 0.981 0.999 0.966 0.885 0.770 0.636 0.498 0.370 0.261 0.175 0.111 0.000 0.000 0.000 0.000 0.000 0.000 0.000 0.000 0.000 0.152 0.231 0.334 0.456 0.592 0.729 0.852 0.945 0.994 0.993 
0.000 0.000 0.000 0.000 0.000 0.000 0.000 0.000 0.000 0.000 0.000 0.000 0.000 0.000 0.156 0.237 0.340 0.464 0.601 0.737 0.859 0.949 0.996 0.991 0.936 0.838 0.713 0.575 0.440 0.320 0.220 0.144 0.000 0.000 0.000 0.000 0.000 0.000 0.000 0.000 0.000 0.118 0.184 0.273 0.385 0.515 0.653 0.786 0.897 0.973 
0.000 0.000 0.000 0.000 0.000 0.000 0.000 0.000 0.000 0.000 0.000 0.000 0.000 0.000 0.000 0.121 0.189 0.279 0.392 0.523 0.661 0.793 0.903 0.976 1.000 0.973 0.897 0.786 0.653 0.515 0.385 0.273 0.184 0.118 0.000 0.000 0.000 0.000 0.000 0.000 0.000 0.000 0.000 0.144 0.220 0.320 0.440 0.575 0.713 0.838 
0.000 0.000 0.000 0.000 0.000 0.000 0.000 0.000 0.000 0.000 0.000 0.000 0.000 0.000 0.000 0.000 0.000 0.148 0.226 0.326 0.448 0.583 0.721 0.845 0.940 0.993 0.994 0.945 0.852 0.729 0.592 0.456 0.334 0.231 0.152 0.000 0.000 0.000 0.000 0.000 0.000 0.000 0.000 0.000 0.111 0.175 0.261 0.370 0.498 0.636 
0.000 0.000 0.000 0.000 0.000 0.000 0.000 0.000 0.000 0.000 0.000 0.000 0.000 0.000 0.000 0.000 0.000 0.000 0.114 0.179 0.267 0.377 0.506 0.644 0.778 0.891 0.969 1.000 0.979 0.909 0.801 0.670 0.532 0.400 0.286 0.194 0.125 0.000 0.000 0.000 0.000 0.000 0.000 0.000 0.000 0.000 0.136 0.209 0.306 0.424 
0.000 0.000 0.000 0.000 0.000 0.000 0.000 0.000 0.000 0.000 0.000 0.000 0.000 0.000 0.000 0.000 0.000 0.000 0.000 0.000 0.140 0.215 0.312 0.432 0.566 0.704 0.831 0.930 0.989 0.997 0.954 0.866 0.746 0.610 0.473 0.348 0.243 0.161 0.101 0.000 0.000 0.000 0.000 0.000 0.000 0.000 0.000 0.104 0.165 0.249 
0.000 0.000 0.000 0.000 0.000 0.000 0.000 0.000 0.000 0.000 0.000 0.000 0.000 0.000 0.000 0.000 0.000 0.000 0.000 0.000 0.000 0.107 0.170 0.255 0.362 0.489 0.627 0.762 0.879 0.962 0.999 0.984 0.920 0.816 0.687 0.549 0.416 0.299 0.204 0.132 0.000 0.000 0.000 0.000 0.000 0.000 0.000 0.000 0.000 0.128 
0.000 0.000 0.000 0.000 0.000 0.000 0.000 0.000 0.000 0.000 0.000 0.000 0.000 0.000 0.000 0.000 0.000 0.000 0.000 0.000 0.000 0.000 0.000 0.132 0.204 0.299 0.416 0.549 0.687 0.816 0.920 0.984 0.999 0.962 0.879 0.762 0.627 0.489 0.363 0.255 0.170 0.108 0.000 0.000 0.000 0.000 0.000 0.000 0.000 0.000 
0.000 0.000 0.000 0.000 0.000 0.000 0.000 0.000 0.000 0.000 0.000 0.000 0.000 0.000 0.000 0.000 0.000 0.000 0.000 0.000 0.000 0.000 0.000 0.000 0.101 0.161 0.243 0.348 0.472 0.609 0.746 0.866 0.954 0.997 0.989 0.931 0.831 0.704 0.566 0.432 0.313 0.215 0.140 0.000 0.000 0.000 0.000 0.000 0.000 0.000 
0.000 0.000 0.000 0.000 0.000 0.000 0.000 0.000 0.000 0.000 0.000 0.000 0.000 0.000 0.000 0.000 0.000 0.000 0.000 0.000 0.000 0.000 0.000 0.000 0.000 0.000 0.125 0.194 0.286 0.400 0.531 0.670 0.801 0.909 0.979 1.000 0.969 0.891 0.778 0.644 0.506 0.377 0.267 0.179 0.114 0.000 0.000 0.000 0.000 0.000 
# 0 2 32 50
0.000 0.000 0.000 0.000 0.000 0.114 0.179 0.267 0.377 0.506 0.644 0.778 0.891 0.969 1.000 0.979 0.909 0.801 0.670 0.531 0.400 0.286 0.194 0.125 0.000 0.000 0.000 0.000 0.000 0.000 0.000 0.000 0.000 0.000 0.000 0.000 0.000 0.000 0.000 0.000 0.000 0.000 0.000 0.000 0.000 0.000 0.000 0.000 0.000 0.000 
0.000 0.000 0.000 0.000 0.000 0.000 0.000 0.140 0.215 0.313 0.432 0.566 0.704 0.831 0.931 0.989 0.997 0.954 0.866 0.746 0.609 0.472 0.348 0.243 0.161 0.101 0.000 0.000 0.000 0.000 0.000 0.000 0.000 0.000 0.000 0.000 0.000 0.000 0.000 0.000 0.000 0.000 0.000 0.000 0.000 0.000 0.000 0.000 0.000 0.000 
0.000 0.000 0.000 0.000 0.000 0.000 0.000 0.000 0.108 0.170 0.255 0.363 0.489 0.627 0.762 0.879 0.962 0.999 0.984 0.920 0.816 0.687 0.549 0.416 0.299 0.204 0.132 0.000 0.000 0.000 0.000 0.000 0.000 0.000 0.000 0.000 0.000 0.000 0.000 0.000 0.000 0.000 0.000 0.000 0.000 0.000 0.000 0.000 0.000 0.000 
0.128 0.000 0.000 0.000 0.000 0.000 0.000 0.000 0.000 0.000 0.132 0.204 0.299 0.416 0.549 0.687 0.816 0.920 0.984 0.999 0.962 0.879 0.762 0.627 0.489 0.362 0.255 0.170 0.107 0.000 0.000 0.000 0.000 0.000 0.000 0.000 0.000 0.000 0.000 0.000 0.000 0.000 0.000 0.000 0.000 0.000 0.000 0.000 0.000 0.000 
0.249 0.165 0.104 0.000 0.000 0.000 0.000 0.000 0.000 0.000 0.000 0.101 0.161 0.243 0.348 0.473 0.610 0.746 0.866 0.954 0.997 0.989 0.930 0.831 0.704 0.566 0.432 0.312 0.215 0.140 0.000 0.000 0.000 0.000 0.000 0.000 0.000 0.000 0.000 0.000 0.000 0.000 0.000 0.000 0.000 0.000 0.000 0.000 0.000 0.000 
0.424 0.306 0.209 0.136 0.000 0.000 0.000 0.000 0.000 0.000 0.000 0.000 0.000 0.125 0.194 0.286 0.400 0.532 0.670 0.801 0.909 0.979 1.000 0.969 0.891 0.778 0.644 0.506 0.377 0.267 0.179 0.114 0.000 0.000 0.000 0.000 0.000 0.000 0.000 0.000 0.000 0.000 0.000 0.000 0.000 0.000 0.000 0.000 0.000 0.000 
0.636 0.498 0.370 0.261 0.175 0.111 0.000 0.000 0.000 0.000 0.000 0.000 0.000 0.000 0.000 0.152 0.231 0.334 0.456 0.592 0.729 0.852 0.945 0.994 0.993 0.940 0.845 0.721 0.583 0.448 0.326 0.226 0.148 0.000 0.000 0.000 0.000 0.000 0.000 0.000 0.000 0.000 0.000 0.000 0.000 0.000 0.000 0.000 0.000 0.000 
0.838 0.713 0.575 0.440 0.320 0.220 0.144 0.000 0.000 0.000 0.000 0.000 0.000 0.000 0.000 0.000 0.118 0.184 0.273 0.385 0.515 0.653 0.786 0.897 0.973 1.000 0.976 0.903 0.793 0.661 0.523 0.392 0.279 0.189 0.121 0.000 0.000 0.000 0.000 0.000 0.000 0.000 0.000 0.000 0.000 0.000 0.000 0.000 0.000 0.000 
0.973 0.897 0.786 0.653 0.515 0.385 0.273 0.184 0.118 0.000 0.000 0.000 0.000 0.000 0.000 0.000 0.000 0.000 0.144 0.220 0.320 0.440 0.575 0.713 0.838 0.936 0.991 0.996 0.949 0.859 0.737 0.601 0.464 0.340 0.237 0.156 0.000 0.000 0.000 0.000 0.000 0.000 0.000 0.000 0.000 0.000 0.000 0.000 0.000 0.000 
0.993 0.994 0.945 0.852 0.729 0.592 0.456 0.334 0.231 0.152 0.000 0.000 0.000 0.000 0.000 0.000 0.000 0.000 0.000 0.111 0.175 0.261 0.370 0.498 0.636 0.770 0.885 0.966 0.999 0.981 0.915 0.809 0.678 0.540 0.408 0.292 0.199 0.128 0.000 0.000 0.000 0.000 0.000 0.000 0.000 0.000 0.000 0.000 0.000 0.000 
0.891 0.969 1.000 0.979 0.909 0.801 0.670 0.532 0.400 0.286 0.194 0.125 0.000 0.000 0.000 0.000 0.000 0.000 0.000 0.000 0.000 0.136 0.209 0.306 0.424 0.558 0.696 0.824 0.925 0.987 0.998 0.958 0.872 0.754 0.618 0.481 0.355 0.249 0.165 0.104 0.000 0.000 0.000 0.000 0.000 0.000 0.000 0.000 0.000 0.000 
0.704 0.831 0.930 0.989 0.997 0.954 0.866 0.746 0.610 0.473 0.348 0.243 0.161 0.101 0.000 0.000 0.000 0.000 0.000 0.000 0.000 0.000 0.104 0.165 0.249 0.355 0.481 0.618 0.754 0.872 0.958 0.998 0.987 0.925 0.824 0.695 0.557 0.424 0.306 0.209 0.136 0.000 0.000 0.000 0.000 0.000 0.000 0.000 0.000 0.000 
0.489 0.627 0.762 0.879 0.962 0.999 0.984 0.920 0.816 0.687 0.549 0.416 0.299 0.204 0.132 0.000 0.000 0.000 0.000 0.000 0.000 0.000 0.000 0.000 0.128 0.199 0.293 0.408 0.540 0.679 0.809 0.915 0.982 0.999 0.965 0.885 0.770 0.635 0.498 0.370 0.261 0.174 0.111 0.000 0.000 0.000 0.000 0.000 0.000 0.000 
0.299 0.416 0.549 0.687 0.816 0.920 0.984 0.999 0.962 0.879 0.762 0.627 0.489 0.363 0.255 0.170 0.108 0.000 0.000 0.000 0.000 0.000 0.000 0.000 0.000 0.000 0.157 0.237 0.341 0.464 0.601 0.738 0.859 0.950 0.996 0.991 0.935 0.838 0.712 0.575 0.440 0.319 0.220 0.144 0.000 0.000 0.000 0.000 0.000 0.000 
0.161 0.243 0.348 0.472 0.609 0.746 0.866 0.954 0.997 0.989 0.931 0.831 0.704 0.566 0.432 0.313 0.215 0.140 0.000 0.000 0.000 0.000 0.000 0.000 0.000 0.000 0.000 0.121 0.189 0.280 0.393 0.523 0.662 0.794 0.903 0.976 1.000 0.972 0.897 0.786 0.653 0.514 0.385 0.273 0.184 0.117 0.000 0.000 0.000 0.000 
0.000 0.125 0.194 0.286 0.400 0.531 0.670 0.801 0.909 0.979 1.000 0.969 0.891 0.778 0.644 0.506 0.377 0.267 0.179 0.114 0.000 0.000 0.000 0.000 0.000 0.000 0.000 0.000 0.000 0.148 0.226 0.327 0.448 0.584 0.721 0.845 0.940 0.993 0.994 0.945 0.852 0.729 0.592 0.456 0.333 0.231 0.152 0.000 0.000 0.000 
0.000 0.000 0.000 0.152 0.231 0.333 0.456 0.592 0.729 0.852 0.945 0.994 0.993 0.940 0.845 0.721 0.584 0.448 0.327 0.226 0.148 0.000 0.000 0.000 0.000 0.000 0.000 0.000 0.000 0.000 0.114 0.179 0.267 0.377 0.506 0.644 0.778 0.891 0.969 1.000 0.979 0.909 0.801 0.670 0.531 0.400 0.286 0.194 0.125 0.000 
0.000 0.000 0.000 0.000 0.117 0.184 0.273 0.385 0.514 0.653 0.786 0.897 0.972 1.000 0.976 0.903 0.794 0.662 0.523 0.393 0.280 0.189 0.121 0.000 0.000 0.000 0.000 0.000 0.000 0.000 0.000 0.000 0.140 0.215 0.313 0.432 0.566 0.704 0.831 0.931 0.989 0.997 0.954 0.866 0.746 0.609 0.472 0.348 0.243 0.161 
0.000 0.000 0.000 0.000 0.000 0.000 0.144 0.220 0.319 0.440 0.575 0.712 0.838 0.935 0.991 0.996 0.950 0.859 0.738 0.601 0.464 0.341 0.237 0.157 0.000 0.000 0.000 0.000 0.000 0.000 0.000 0.000 0.000 0.108 0.170 0.255 0.363 0.489 0.627 0.762 0.879 0.962 0.999 0.984 0.920 0.816 0.687 0.549 0.416 0.299 
0.000 0.000 0.000 0.000 0.000 0.000 0.000 0.111 0.174 0.261 0.370 0.498 0.635 0.770 0.885 0.965 0.999 0.982 0.915 0.809 0.679 0.540 0.408 0.293 0.199 0.128 0.000 0.000 0.000 0.000 0.000 0.000 0.000 0.000 0.000 0.132 0.204 0.299 0.416 0.549 0.687 0.816 0.920 0.984 0.999 0.962 0.879 0.762 0.627 0.489 
0.000 0.000 0.000 0.000 0.000 0.000 0.000 0.000 0.000 0.136 0.209 0.306 0.424 0.557 0.695 0.824 0.925 0.987 0.998 0.958 0.872 0.754 0.618 0.481 0.355 0.249 0.165 0.104 0.000 0.000 0.000 0.000 0.000 0.000 0.000 0.000 0.101 0.161 0.243 0.348 0.473 0.610 0.746 0.866 0.954 0.997 0.989 0.930 0.831 0.704 
0.000 0.000 0.000 0.000 0.000 0.000 0.000 0.000 0.000 0.000 0.104 0.165 0.249 0.355 0.481 0.618 0.754 0.872 0.958 0.998 0.987 0.925 0.824 0.696 0.558 0.424 0.306 0.209 0.136 0.000 0.000 0.000 0.000 0.000 0.000 0.000 0.000 0.000 0.125 0.194 0.286 0.400 0.532 0.670 0.801 0.909 0.979 1.000 0.969 0.891 
0.000 0.000 0.000 0.000 0.000 0.000 0.000 0.000 0.000 0.000 0.000 0.000 0.128 0.199 0.292 0.408 0.540 0.678 0.809 0.915 0.981 0.999 0.966 0.885 0.770 0.636 0.498 0.370 0.261 0.175 0.111 0.000 0.000 0.000 0.000 0.000 0.000 0.000 0.000 0.000 0.152 0.231 0.334 0.456 0.592 0.729 0.852 0.945 0.994 0.993 
0.000 0.000 0.000 0.000 0.000 0.000 0.000 0.000 0.000 0.000 0.000 0.000 0.000 0.000 0.156 0.237 0.340 0.464 0.601 0.737 0.859 0.949 0.996 0.991 0.936 0.838 0.713 0.575 0.440 0.320 0.220 0.144 0.000 0.000 0.000 0.000 0.000 0.000 0.000 0.000 0.000 0.118 0.184 0.273 0.385 0.515 0.653 0.786 0.897 0.973 
0.000 0.000 0.000 0.000 0.000 0.000 0.000 0.000 0.000 0.000 0.000 0.000 0.000 0.000 0.000 0.121 0.189 0.279 0.392 0.523 0.661 0.793 0.903 0.976 1.000 0.973 0.897 0.786 0.653 0.515 0.385 0.273 0.184 0.118 0.000 0.000 0.000 0.000 0.000 0.000 0.000 0.000 0.000 0.144 0.220 0.320 0.440 0.575 0.713 0.838 
0.000 0.000 0.000 0.000 0.000 0.000 0.000 0.000 0.000 0.000 0.000 0.000 0.000 0.000 0.000 0.000 0.000 0.148 0.226 0.326 0.448 0.583 0.721 0.845 0.940 0.993 0.994 0.945 0.852 0.729 0.592 0.456 0.334 0.231 0.152 0.000 0.000 0.000 0.000 0.000 0.000 0.000 0.000 0.000 0.111 0.175 0.261 0.370 0.498 0.636 
0.000 0.000 0.000 0.000 0.000 0.000 0.000 0.000 0.000 0.000 0.000 0.000 0.000 0.000 0.000 0.000 0.000 0.000 0.114 0.179 0.267 0.377 0.506 0.644 0.778 0.891 0.969 1.000 0.979 0.909 0.801 0.670 0.532 0.400 0.286 0.194 0.125 0.000 0.000 0.000 0.000 0.000 0.000 0.000 0.000 0.000 0.136 0.209 0.306 0.424 
0.000 0.000 0.000 0.000 0.000 0.000 0.000 0.000 0.000 0.000 0.000 0.000 0.000 0.000 0.000 0.000 0.000 0.000 0.000 0.000 0.140 0.215 0.312 0.432 0.566 0.704 0.831 0.930 0.989 0.997 0.954 0.866 0.746 0.610 0.473 0.348 0.243 0.161 0.101 0.000 0.000 0.000 0.000 0.000 0.000 0.000 0.000 0.104 0.165 0.249 
0.000 0.000 0.000 0.000 0.000 0.000 0.000 0.000 0.000 0.000 0.000 0.000 0.000 0.000 0.000 0.000 0.000 0.000 0.000 0.000 0.000 0.107 0.170 0.255 0.362 0.489 0.627 0.762 0.879 0.962 0.999 0.984 0.920 0.816 0.687 0.549 0.416 0.299 0.204 0.132 0.000 0.000 0.000 0.000 0.000 0.000 0.000 0.000 0.000 0.128 
0.000 0.000 0.000 0.000 0.000 0.000 0.000 0.000 0.000 0.000 0.000 0.000 0.000 0.000 0.000 0.000 0.000 0.000 0.000 0.000 0.000 0.000 0.000 0.132 0.204 0.299 0.416 0.549 0.687 0.816 0.920 0.984 0.999 0.962 0.879 0.762 0.627 0.489 0.363 0.255 0.170 0.108 0.000 0.000 0.000 0.000 0.000 0.000 0.000 0.000 
0.000 0.000 0.000 0.000 0.000 0.000 0.000 0.000 0.000 0.000 0.000 0.000 0.000 0.000 0.000 0.000 0.000 0.000 0.000 0.000 0.000 0.000 0.000 0.000 0.101 0.161 0.243 0.348 0.472 0.609 0.746 0.866 0.954 0.997 0.989 0.931 0.831 0.704 0.566 0.432 0.313 0.215 0.140 0.000 0.000 0.000 0.000 0.000 0.000 0.000 
0.000 0.000 0.000 0.000 0.000 0.000 0.000 0.000 0.000 0.000 0.000 0.000 0.000 0.000 0.000 0.000 0.000 0.000 0.000 0.000 0.000 0.000 0.000 0.000 0.000 0.000 0.125 0.194 0.286 0.400 0.531 0.670 0.801 0.909 0.979 1.000 0.969 0.891 0.778 0.644 0.506 0.377 0.267 0.179 0.114 0.000 0.000 0.000 0.000 0.000 
# 0 3 12 50
0.000 0.000 0.000 0.000 0.000 0.000 0.000 0.157 0.238 0.342 0.466 0.602 0.739 0.860 0.950 0.996 0.991 0.935 0.837 0.711 0.573 0.438 0.318 0.219 0.143 0.000 0.000 0.000 0.000 0.000 0.000 0.000 0.000 0.000 0.000 0.000 0.000 0.000 0.000 0.000 0.000 0.000 0.000 0.000 0.000 0.000 0.000 0.000 0.000 0.000 
0.182 0.116 0.000 0.000 0.000 0.000 0.000 0.000 0.000 0.000 0.000 0.146 0.223 0.323 0.444 0.579 0.717 0.842 0.938 0.992 0.995 0.947 0.856 0.733 0.596 0.460 0.337 0.234 0.154 0.000 0.000 0.000 0.000 0.000 0.000 0.000 0.000 0.000 0.000 0.000 0.000 0.000 0.000 0.000 0.000 0.000 0.000 0.000 0.000 0.000 
0.672 0.533 0.402 0.287 0.195 0.125 0.000 0.000 0.000 0.000 0.000 0.000 0.000 0.000 0.000 0.135 0.209 0.305 0.423 0.556 0.694 0.823 0.925 0.986 0.998 0.959 0.873 0.755 0.619 0.482 0.356 0.250 0.166 0.105 0.000 0.000 0.000 0.000 0.000 0.000 0.000 0.000 0.000 0.000 0.000 0.000 0.000 0.000 0.000 0.000 
0.998 0.986 0.925 0.823 0.694 0.556 0.423 0.305 0.209 0.135 0.000 0.000 0.000 0.000 0.000 0.000 0.000 0.000 0.000 0.125 0.195 0.287 0.402 0.533 0.672 0.803 0.910 0.979 1.000 0.969 0.890 0.776 0.643 0.505 0.376 0.266 0.178 0.113 0.000 0.000 0.000 0.000 0.000 0.000 0.000 0.000 0.000 0.000 0.000 0.000 
0.596 0.733 0.856 0.947 0.995 0.992 0.938 0.842 0.717 0.579 0.444 0.323 0.223 0.146 0.000 0.000 0.000 0.000 0.000 0.000 0.000 0.000 0.000 0.116 0.182 0.270 0.381 0.511 0.649 0.782 0.895 0.971 1.000 0.977 0.906 0.797 0.666 0.527 0.396 0.283 0.191 0.123 0.000 0.000 0.000 0.000 0.000 0.000 0.000 0.000 
0.143 0.219 0.318 0.438 0.573 0.711 0.837 0.935 0.991 0.996 0.950 0.860 0.739 0.602 0.466 0.342 0.238 0.157 0.000 0.000 0.000 0.000 0.000 0.000 0.000 0.000 0.000 0.107 0.169 0.254 0.361 0.488 0.626 0.761 0.878 0.961 0.999 0.985 0.921 0.817 0.688 0.550 0.417 0.300 0.205 0.133 0.000 0.000 0.000 0.000 
0.000 0.000 0.000 0.000 0.133 0.205 0.300 0.417 0.550 0.688 0.817 0.921 0.985 0.999 0.961 0.878 0.761 0.626 0.488 0.361 0.254 0.169 0.107 0.000 0.000 0.000 0.000 0.000 0.000 0.000 0.000 0.000 0.157 0.238 0.342 0.466 0.602 0.739 0.860 0.950 0.996 0.991 0.935 0.837 0.711 0.573 0.438 0.318 0.219 0.143 
0.000 0.000 0.000 0.000 0.000 0.000 0.000 0.000 0.123 0.191 0.283 0.396 0.527 0.666 0.797 0.906 0.977 1.000 0.971 0.895 0.782 0.649 0.511 0.381 0.270 0.182 0.116 0.000 0.000 0.000 0.000 0.000 0.000 0.000 0.000 0.000 0.146 0.223 0.323 0.444 0.579 0.717 0.842 0.938 0.992 0.995 0.947 0.856 0.733 0.596 
0.000 0.000 0.000 0.000 0.000 0.000 0.000 0.000 0.000 0.000 0.000 0.000 0.113 0.178 0.266 0.376 0.505 0.643 0.776 0.890 0.969 1.000 0.979 0.910 0.803 0.672 0.533 0.402 0.287 0.195 0.125 0.000 0.000 0.000 0.000 0.000 0.000 0.000 0.000 0.000 0.135 0.209 0.305 0.423 0.556 0.694 0.823 0.925 0.986 0.998 
0.000 0.000 0.000 0.000 0.000 0.000 0.000 0.000 0.000 0.000 0.000 0.000 0.000 0.000 0.000 0.000 0.105 0.166 0.250 0.356 0.482 0.619 0.755 0.873 0.959 0.998 0.986 0.925 0.823 0.694 0.556 0.423 0.305 0.209 0.135 0.000 0.000 0.000 0.000 0.000 0.000 0.000 0.000 0.000 0.125 0.195 0.287 0.402 0.533 0.672 
0.000 0.000 0.000 0.000 0.000 0.000 0.000 0.000 0.000 0.000 0.000 0.000 0.000 0.000 0.000 0.000 0.000 0.000 0.000 0.000 0.000 0.154 0.234 0.337 0.460 0.596 0.733 0.856 0.947 0.995 0.992 0.938 0.842 0.717 0.579 0.444 0.323 0.223 0.146 0.000 0.000 0.000 0.000 0.000 0.000 0.000 0.000 0.000 0.116 0.182 
0.000 0.000 0.000 0.000 0.000 0.000 0.000 0.000 0.000 0.000 0.000 0.000 0.000 0.000 0.000 0.000 0.000 0.000 0.000 0.000 0.000 0.000 0.000 0.000 0.000 0.143 0.219 0.318 0.438 0.573 0.711 0.837 0.935 0.991 0.996 0.950 0.860 0.739 0.602 0.466 0.342 0.238 0.157 0.000 0.000 0.000 0.000 0.000 0.000 0.000 
# 1 0 50 32
0.000 0.000 0.000 0.000 0.000 0.000 0.000 -0.169 -0.272 -0.406 -0.564 -0.727 -0.870 -0.968 -1.000 -0.960 -0.856 -0.709 -0.546 -0.390 -0.259 -0.160 0.000 0.000 0.000 0.000 0.000 0.000 0.000 0.000 0.000 0.000 
0.000 0.000 0.000 0.000 0.000 0.000 0.000 -0.120 -0.203 -0.317 -0.461 -0.623 -0.782 -0.912 -0.988 -0.994 -0.929 -0.807 -0.651 -0.488 -0.340 -0.220 -0.132 0.000 0.000 0.000 0.000 0.000 0.000 0.000 0.000 0.000 
0.000 0.000 0.000 0.000 0.000 0.000 0.000 0.000 -0.146 -0.240 -0.366 -0.518 -0.682 -0.833 -0.946 -0.998 -0.978 -0.890 -0.753 -0.592 -0.432 -0.293 -0.184 -0.108 0.000 0.000 0.000 0.000 0.000 0.000 0.000 0.000 
0.000 0.000 0.000 0.000 0.000 0.000 0.000 0.000 -0.102 -0.176 -0.282 -0.418 -0.577 -0.739 -0.880 -0.973 -0.999 -0.954 -0.845 -0.696 -0.533 -0.379 -0.250 -0.153 0.000 0.000 0.000 0.000 0.000 0.000 0.000 0.000 
0.000 0.000 0.000 0.000 0.000 0.000 0.000 0.000 0.000 -0.126 -0.211 -0.328 -0.474 -0.636 -0.794 -0.920 -0.991 -0.991 -0.921 -0.795 -0.638 -0.475 -0.329 -0.211 -0.126 0.000 0.000 0.000 0.000 0.000 0.000 0.000 
0.000 0.000 0.000 0.000 0.000 0.000 0.000 0.000 0.000 0.000 -0.153 -0.249 -0.377 -0.531 -0.695 -0.844 -0.953 -0.999 -0.973 -0.881 -0.741 -0.578 -0.420 -0.283 -0.177 -0.103 0.000 0.000 0.000 0.000 0.000 0.000 
0.000 0.000 0.000 0.000 0.000 0.000 0.000 0.000 0.000 0.000 -0.107 -0.184 -0.292 -0.430 -0.590 -0.752 -0.889 -0.978 -0.998 -0.947 -0.835 -0.683 -0.520 -0.367 -0.241 -0.147 0.000 0.000 0.000 0.000 0.000 0.000 
0.000 0.000 0.000 0.000 0.000 0.000 0.000 0.000 0.000 0.000 0.000 -0.131 -0.219 -0.338 -0.486 -0.649 -0.805 -0.928 -0.993 -0.988 -0.913 -0.783 -0.625 -0.463 -0.318 -0.203 -0.121 0.000 0.000 0.000 0.000 0.000 
0.000 0.000 0.000 0.000 0.000 0.000 0.000 0.000 0.000 0.000 0.000 0.000 -0.159 -0.258 -0.389 -0.544 -0.708 -0.855 -0.959 -1.000 -0.968 -0.871 -0.728 -0.565 -0.408 -0.273 -0.170 0.000 0.000 0.000 0.000 0.000 
0.000 0.000 0.000 0.000 0.000 0.000 0.000 0.000 0.000 0.000 0.000 0.000 -0.112 -0.191 -0.302 -0.443 -0.603 -0.764 -0.899 -0.982 -0.997 -0.940 -0.824 -0.670 -0.507 -0.356 -0.232 -0.141 0.000 0.000 0.000 0.000 
-0.100 0.000 0.000 0.000 0.000 0.000 0.000 0.000 0.000 0.000 0.000 0.000 0.000 -0.137 -0.227 -0.349 -0.499 -0.662 -0.817 -0.936 -0.996 -0.984 -0.904 -0.771 -0.611 -0.450 -0.308 -0.196 -0.116 0.000 0.000 0.000 
-0.143 0.000 0.000 0.000 0.000 0.000 0.000 0.000 0.000 0.000 0.000 0.000 0.000 0.000 -0.166 -0.267 -0.401 -0.557 -0.720 -0.865 -0.965 -1.000 -0.963 -0.861 -0.715 -0.552 -0.396 -0.264 -0.163 0.000 0.000 0.000 
-0.199 -0.118 0.000 0.000 0.000 0.000 0.000 0.000 0.000 0.000 0.000 0.000 0.000 0.000 -0.118 -0.199 -0.312 -0.455 -0.616 -0.776 -0.907 -0.986 -0.995 -0.933 -0.812 -0.657 -0.494 -0.345 -0.224 -0.135 0.000 0.000 
-0.267 -0.166 0.000 0.000 0.000 0.000 0.000 0.000 0.000 0.000 0.000 0.000 0.000 0.000 0.000 -0.143 -0.236 -0.360 -0.512 -0.675 -0.828 -0.943 -0.997 -0.980 -0.895 -0.759 -0.598 -0.438 -0.298 -0.188 -0.110 0.000 
-0.349 -0.227 -0.137 0.000 0.000 0.000 0.000 0.000 0.000 0.000 0.000 0.000 0.000 0.000 0.000 -0.100 -0.173 -0.277 -0.412 -0.570 -0.733 -0.875 -0.970 -1.000 -0.957 -0.851 -0.703 -0.539 -0.384 -0.255 -0.157 0.000 
-0.443 -0.302 -0.191 -0.112 0.000 0.000 0.000 0.000 0.000 0.000 0.000 0.000 0.000 0.000 0.000 0.000 -0.123 -0.207 -0.322 -0.467 -0.630 -0.788 -0.916 -0.989 -0.992 -0.925 -0.801 -0.644 -0.481 -0.334 -0.216 -0.129 
-0.544 -0.389 -0.258 -0.159 0.000 0.000 0.000 0.000 0.000 0.000 0.000 0.000 0.000 0.000 0.000 0.000 0.000 -0.149 -0.244 -0.372 -0.525 -0.688 -0.839 -0.950 -0.999 -0.976 -0.886 -0.747 -0.585 -0.426 -0.288 -0.181 
-0.649 -0.486 -0.338 -0.219 -0.131 0.000 0.000 0.000 0.000 0.000 0.000 0.000 0.000 0.000 0.000 0.000 0.000 -0.105 -0.180 -0.287 -0.424 -0.584 -0.745 -0.885 -0.975 -0.999 -0.950 -0.840 -0.690 -0.526 -0.373 -0.246 
-0.752 -0.590 -0.430 -0.292 -0.184 -0.107 0.000 0.000 0.000 0.000 0.000 0.000 0.000 0.000 0.000 0.000 0.000 0.000 -0.128 -0.215 -0.333 -0.480 -0.643 -0.800 -0.924 -0.992 -0.990 -0.917 -0.789 -0.631 -0.469 -0.324 
-0.844 -0.695 -0.531 -0.377 -0.249 -0.153 0.000 0.000 0.000 0.000 0.000 0.000 0.000 0.000 0.000 0.000 0.000 0.000 0.000 -0.156 -0.254 -0.383 -0.538 -0.701 -0.850 -0.956 -1.000 -0.971 -0.876 -0.734 -0.572 -0.414 
-0.920 -0.794 -0.636 -0.474 -0.328 -0.211 -0.126 0.000 0.000 0.000 0.000 0.000 0.000 0.000 0.000 0.000 0.000 0.000 0.000 -0.110 -0.187 -0.297 -0.436 -0.597 -0.758 -0.894 -0.980 -0.998 -0.944 -0.829 -0.677 -0.513 
-0.973 -0.880 -0.739 -0.577 -0.418 -0.282 -0.176 -0.102 0.000 0.000 0.000 0.000 0.000 0.000 0.000 0.000 0.000 0.000 0.000 0.000 -0.134 -0.223 -0.344 -0.493 -0.656 -0.811 -0.932 -0.995 -0.986 -0.908 -0.777 -0.618 
-0.998 -0.946 -0.833 -0.682 -0.518 -0.366 -0.240 -0.146 0.000 0.000 0.000 0.000 0.000 0.000 0.000 0.000 0.000 0.000 0.000 0.000 0.000 -0.162 -0.263 -0.395 -0.551 -0.714 -0.860 -0.962 -1.000 -0.966 -0.866 -0.722 
-0.994 -0.988 -0.912 -0.782 -0.623 -0.461 -0.317 -0.203 -0.120 0.000 0.000 0.000 0.000 0.000 0.000 0.000 0.000 0.000 0.000 0.000 0.000 -0.115 -0.195 -0.307 -0.449 -0.610 -0.770 -0.903 -0.984 -0.996 -0.936 -0.818 
-0.960 -1.000 -0.968 -0.870 -0.727 -0.564 -0.406 -0.272 -0.169 0.000 0.000 0.000 0.000 0.000 0.000 0.000 0.000 0.000 0.000 0.000 0.000 0.000 -0.140 -0.231 -0.355 -0.505 -0.669 -0.822 -0.939 -0.997 -0.982 -0.900 
-0.900 -0.982 -0.997 -0.939 -0.822 -0.669 -0.505 -0.355 -0.231 -0.140 0.000 0.000 0.000 0.000 0.000 0.000 0.000 0.000 0.000 0.000 0.000 0.000 0.000 -0.169 -0.272 -0.406 -0.564 -0.727 -0.870 -0.968 -1.000 -0.960 
-0.818 -0.936 -0.996 -0.984 -0.903 -0.770 -0.610 -0.449 -0.307 -0.195 -0.115 0.000 0.000 0.000 0.000 0.000 0.000 0.000 0.000 0.000 0.000 0.000 0.000 -0.120 -0.203 -0.317 -0.461 -0.623 -0.782 -0.912 -0.988 -0.994 
-0.722 -0.866 -0.966 -1.000 -0.962 -0.860 -0.714 -0.551 -0.395 -0.263 -0.162 0.000 0.000 0.000 0.000 0.000 0.000 0.000 0.000 0.000 0.000 0.000 0.000 0.000 -0.146 -0.240 -0.366 -0.518 -0.682 -0.833 -0.946 -0.998 
-0.618 -0.777 -0.908 -0.986 -0.995 -0.932 -0.811 -0.656 -0.493 -0.344 -0.223 -0.134 0.000 0.000 0.000 0.000 0.000 0.000 0.000 0.000 0.000 0.000 0.000 0.000 -0.102 -0.176 -0.282 -0.418 -0.577 -0.739 -0.880 -0.973 
-0.513 -0.677 -0.829 -0.944 -0.998 -0.980 -0.894 -0.758 -0.597 -0.436 -0.297 -0.187 -0.110 0.000 0.000 0.000 0.000 0.000 0.000 0.000 0.000 0.000 0.000 0.000 0.000 -0.126 -0.211 -0.328 -0.474 -0.636 -0.794 -0.920 
-0.414 -0.572 -0.734 -0.876 -0.971 -1.000 -0.956 -0.850 -0.701 -0.538 -0.383 -0.254 -0.156 0.000 0.000 0.000 0.000 0.000 0.000 0.000 0.000 0.000 0.000 0.000 0.000 0.000 -0.153 -0.249 -0.377 -0.531 -0.695 -0.844 
-0.324 -0.469 -0.631 -0.789 -0.917 -0.990 -0.992 -0.924 -0.800 -0.643 -0.480 -0.333 -0.215 -0.128 0.000 0.000 0.000 0.000 0.000 0.000 0.000 0.000 0.000 0.000 0.000 0.000 -0.107 -0.184 -0.292 -0.430 -0.590 -0.752 
-0.246 -0.373 -0.526 -0.690 -0.840 -0.950 -0.999 -0.975 -0.885 -0.745 -0.584 -0.424 -0.287 -0.180 -0.105 0.000 0.000 0.000 0.000 0.000 0.000 0.000 0.000 0.000 0.000 0.000 0.000 -0.131 -0.219 -0.338 -0.486 -0.649 
-0.181 -0.288 -0.426 -0.585 -0.747 -0.886 -0.976 -0.999 -0.950 -0.839 -0.688 -0.525 -0.372 -0.244 -0.149 0.000 0.000 0.000 0.000 0.000 0.000 0.000 0.000 0.000 0.000 0.000 0.000 0.000 -0.159 -0.258 -0.389 -0.544 
-0.129 -0.216 -0.334 -0.481 -0.644 -0.801 -0.925 -0.992 -0.989 -0.916 -0.788 -0.630 -0.467 -0.322 -0.207 -0.123 0.000 0.000 0.000 0.000 0.000 0.000 0.000 0.000 0.000 0.000 0.000 0.000 -0.112 -0.191 -0.302 -0.443 
0.000 -0.157 -0.255 -0.384 -0.539 -0.703 -0.851 -0.957 -1.000 -0.970 -0.875 -0.733 -0.570 -0.412 -0.277 -0.173 -0.100 0.000 0.000 0.000 0.000 0.000 0.000 0.000 0.000 0.000 0.000 0.000 0.000 -0.137 -0.227 -0.349 
0.000 -0.110 -0.188 -0.298 -0.438 -0.598 -0.759 -0.895 -0.980 -0.997 -0.943 -0.828 -0.675 -0.512 -0.360 -0.236 -0.143 0.000 0.000 0.000 0.000 0.000 0.000 0.000 0.000 0.000 0.000 0.000 0.000 0.000 -0.166 -0.267 
0.000 0.000 -0.135 -0.224 -0.345 -0.494 -0.657 -0.812 -0.933 -0.995 -0.986 -0.907 -0.776 -0.616 -0.455 -0.312 -0.199 -0.118 0.000 0.000 0.000 0.000 0.000 0.000 0.000 0.000 0.000 0.000 0.000 0.000 -0.118 -0.199 
0.000 0.000 0.000 -0.163 -0.264 -0.396 -0.552 -0.715 -0.861 -0.963 -1.000 -0.965 -0.865 -0.720 -0.557 -0.401 -0.267 -0.166 0.000 0.000 0.000 0.000 0.000 0.000 0.000 0.000 0.000 0.000 0.000 0.000 0.000 -0.143 
0.000 0.000 0.000 -0.116 -0.196 -0.308 -0.450 -0.611 -0.771 -0.904 -0.984 -0.996 -0.936 -0.817 -0.662 -0.499 -0.349 -0.227 -0.137 0.000 0.000 0.000 0.000 0.000 0.000 0.000 0.000 0.000 0.000 0.000 0.000 -0.100 
0.000 0.000 0.000 0.000 -0.141 -0.232 -0.356 -0.507 -0.670 -0.824 -0.940 -0.997 -0.982 -0.899 -0.764 -0.603 -0.443 -0.302 -0.191 -0.112 0.000 0.000 0.000 0.000 0.000 0.000 0.000 0.000 0.000 0.000 0.000 0.000 
0.000 0.000 0.000 0.000 0.000 -0.170 -0.273 -0.408 -0.565 -0.728 -0.871 -0.968 -1.000 -0.959 -0.855 -0.708 -0.544 -0.389 -0.258 -0.159 0.000 0.000 0.000 0.000 0.000 0.000 0.000 0.000 0.000 0.000 0.000 0.000 
0.000 0.000 0.000 0.000 0.000 -0.121 -0.203 -0.318 -0.463 -0.625 -0.783 -0.913 -0.988 -0.993 -0.928 -0.805 -0.649 -0.486 -0.338 -0.219 -0.131 0.000 0.000 0.000 0.000 0.000 0.000 0.000 0.000 0.000 0.000 0.000 
0.000 0.000 0.000 0.000 0.000 0.000 -0.147 -0.241 -0.367 -0.520 -0.683 -0.835 -0.947 -0.998 -0.978 -0.889 -0.752 -0.590 -0.430 -0.292 -0.184 -0.107 0.000 0.000 0.000 0.000 0.000 0.000 0.000 0.000 0.000 0.000 
0.000 0.000 0.000 0.000 0.000 0.000 -0.103 -0.177 -0.283 -0.420 -0.578 -0.741 -0.881 -0.973 -0.999 -0.953 -0.844 -0.695 -0.531 -0.377 -0.249 -0.153 0.000 0.000 0.000 0.000 0.000 0.000 0.000 0.000 0.000 0.000 
0.000 0.000 0.000 0.000 0.000 0.000 0.000 -0.126 -0.211 -0.329 -0.475 -0.638 -0.795 -0.921 -0.991 -0.991 -0.920 -0.794 -0.636 -0.474 -0.328 -0.211 -0.126 0.000 0.000 0.000 0.000 0.000 0.000 0.000 0.000 0.000 
0.000 0.000 0.000 0.000 0.000 0.000 0.000 0.000 -0.153 -0.250 -0.379 -0.533 -0.696 -0.845 -0.954 -0.999 -0.973 -0.880 -0.739 -0.577 -0.418 -0.282 -0.176 -0.102 0.000 0.000 0.000 0.000 0.000 0.000 0.000 0.000 
0.000 0.000 0.000 0.000 0.000 0.000 0.000 0.000 -0.108 -0.184 -0.293 -0.432 -0.592 -0.753 -0.890 -0.978 -0.998 -0.946 -0.833 -0.682 -0.518 -0.366 -0.240 -0.146 0.000 0.000 0.000 0.000 0.000 0.000 0.000 0.000 
0.000 0.000 0.000 0.000 0.000 0.000 0.000 0.000 0.000 -0.132 -0.220 -0.340 -0.488 -0.651 -0.807 -0.929 -0.994 -0.988 -0.912 -0.782 -0.623 -0.461 -0.317 -0.203 -0.120 0.000 0.000 0.000 0.000 0.000 0.000 0.000 
0.000 0.000 0.000 0.000 0.000 0.000 0.000 0.000 0.000 0.000 -0.160 -0.259 -0.390 -0.546 -0.709 -0.856 -0.960 -1.000 -0.968 -0.870 -0.727 -0.564 -0.406 -0.272 -0.169 0.000 0.000 0.000 0.000 0.000 0.000 0.000 
# 1 2 32 32
0.000 0.000 0.000 0.000 0.000 0.000 0.000 -0.154 -0.251 -0.380 -0.535 -0.698 -0.847 -0.955 -1.000 -0.973 -0.879 -0.738 -0.575 -0.417 -0.281 -0.175 -0.102 0.000 0.000 0.000 0.000 0.000 0.000 0.000 0.000 0.000 
0.000 0.000 0.000 0.000 0.000 0.000 0.000 0.000 -0.154 -0.251 -0.380 -0.535 -0.698 -0.847 -0.955 -1.000 -0.973 -0.879 -0.738 -0.575 -0.417 -0.281 -0.175 -0.102 0.000 0.000 0.000 0.000 0.000 0.000 0.000 0.000 
0.000 0.000 0.000 0.000 0.000 0.000 0.000 0.000 0.000 -0.154 -0.251 -0.380 -0.535 -0.698 -0.847 -0.955 -1.000 -0.973 -0.879 -0.738 -0.575 -0.417 -0.281 -0.175 -0.102 0.000 0.000 0.000 0.000 0.000 0.000 0.000 
0.000 0.000 0.000 0.000 0.000 0.000 0.000 0.000 0.000 0.000 -0.154 -0.251 -0.380 -0.535 -0.698 -0.847 -0.955 -1.000 -0.973 -0.879 -0.738 -0.575 -0.417 -0.281 -0.175 -0.102 0.000 0.000 0.000 0.000 0.000 0.000 
0.000 0.000 0.000 0.000 0.000 0.000 0.000 0.000 0.000 0.000 0.000 -0.154 -0.251 -0.380 -0.535 -0.698 -0.847 -0.955 -1.000 -0.973 -0.879 -0.738 -0.575 -0.417 -0.281 -0.175 -0.102 0.000 0.000 0.000 0.000 0.000 
0.000 0.000 0.000 0.000 0.000 0.000 0.000 0.000 0.000 0.000 0.000 0.000 -0.154 -0.251 -0.380 -0.535 -0.698 -0.847 -0.955 -1.000 -0.973 -0.879 -0.738 -0.575 -0.417 -0.281 -0.175 -0.102 0.000 0.000 0.000 0.000 
0.000 0.000 0.000 0.000 0.000 0.000 0.000 0.000 0.000 0.000 0.000 0.000 0.000 -0.154 -0.251 -0.380 -0.535 -0.698 -0.847 -0.955 -1.000 -0.973 -0.879 -0.738 -0.575 -0.417 -0.281 -0.175 -0.102 0.000 0.000 0.000 
-0.154 0.000 0.000 0.000 0.000 0.000 0.000 0.000 0.000 0.000 0.000 0.000 0.000 0.000 -0.154 -0.251 -0.380 -0.535 -0.698 -0.847 -0.955 -1.000 -0.973 -0.879 -0.738 -0.575 -0.417 -0.281 -0.175 -0.102 0.000 0.000 
-0.251 -0.154 0.000 0.000 0.000 0.000 0.000 0.000 0.000 0.000 0.000 0.000 0.000 0.000 0.000 -0.154 -0.251 -0.380 -0.535 -0.698 -0.847 -0.955 -1.000 -0.973 -0.879 -0.738 -0.575 -0.417 -0.281 -0.175 -0.102 0.000 
-0.380 -0.251 -0.154 0.000 0.000 0.000 0.000 0.000 0.000 0.000 0.000 0.000 0.000 0.000 0.000 0.000 -0.154 -0.251 -0.380 -0.535 -0.698 -0.847 -0.955 -1.000 -0.973 -0.879 -0.738 -0.575 -0.417 -0.281 -0.175 -0.102 
-0.535 -0.380 -0.251 -0.154 0.000 0.000 0.000 0.000 0.000 0.000 0.000 0.000 0.000 0.000 0.000 0.000 0.000 -0.154 -0.251 -0.380 -0.535 -0.698 -0.847 -0.955 -1.000 -0.973 -0.879 -0.738 -0.575 -0.417 -0.281 -0.175 
-0.698 -0.535 -0.380 -0.251 -0.154 0.000 0.000 0.000 0.000 0.000 0.000 0.000 0.000 0.000 0.000 0.000 0.000 0.000 -0.154 -0.251 -0.380 -0.535 -0.698 -0.847 -0.955 -1.000 -0.973 -0.879 -0.738 -0.575 -0.417 -0.281 
-0.847 -0.698 -0.535 -0.380 -0.251 -0.154 0.000 0.000 0.000 0.000 0.000 0.000 0.000 0.000 0.000 0.000 0.000 0.000 0.000 -0.154 -0.251 -0.380 -0.535 -0.698 -0.847 -0.955 -1.000 -0.973 -0.879 -0.738 -0.575 -0.417 
-0.955 -0.847 -0.698 -0.535 -0.380 -0.251 -0.154 0.000 0.000 0.000 0.000 0.000 0.000 0.000 0.000 0.000 0.000 0.000 0.000 0.000 -0.154 -0.251 -0.380 -0.535 -0.698 -0.847 -0.955 -1.000 -0.973 -0.879 -0.738 -0.575 
-1.000 -0.955 -0.847 -0.698 -0.535 -0.380 -0.251 -0.154 0.000 0.000 0.000 0.000 0.000 0.000 0.000 0.000 0.000 0.000 0.000 0.000 0.000 -0.154 -0.251 -0.380 -0.535 -0.698 -0.847 -0.955 -1.000 -0.973 -0.879 -0.738 
-0.973 -1.000 -0.955 -0.847 -0.698 -0.535 -0.380 -0.251 -0.154 0.000 0.000 0.000 0.000 0.000 0.000 0.000 0.000 0.000 0.000 0.000 0.000 0.000 -0.154 -0.251 -0.380 -0.535 -0.698 -0.847 -0.955 -1.000 -0.973 -0.879 
-0.879 -0.973 -1.000 -0.955 -0.847 -0.698 -0.535 -0.380 -0.251 -0.154 0.000 0.000 0.000 0.000 0.000 0.000 0.000 0.000 0.000 0.000 0.000 0.000 0.000 -0.154 -0.251 -0.380 -0.535 -0.698 -0.847 -0.955 -1.000 -0.973 
-0.738 -0.879 -0.973 -1.000 -0.955 -0.847 -0.698 -0.535 -0.380 -0.251 -0.154 0.000 0.000 0.000 0.000 0.000 0.000 0.000 0.000 0.000 0.000 0.000 0.000 0.000 -0.154 -0.251 -0.380 -0.535 -0.698 -0.847 -0.955 -1.000 
-0.575 -0.738 -0.879 -0.973 -1.000 -0.955 -0.847 -0.698 -0.535 -0.380 -0.251 -0.154 0.000 0.000 0.000 0.000 0.000 0.000 0.000 0.000 0.000 0.000 0.000 0.000 0.000 -0.154 -0.251 -0.380 -0.535 -0.698 -0.847 -0.955 
-0.417 -0.575 -0.738 -0.879 -0.973 -1.000 -0.955 -0.847 -0.698 -0.535 -0.380 -0.251 -0.154 0.000 0.000 0.000 0.000 0.000 0.000 0.000 0.000 0.000 0.000 0.000 0.000 0.000 -0.154 -0.251 -0.380 -0.535 -0.698 -0.847 
-0.281 -0.417 -0.575 -0.738 -0.879 -0.973 -1.000 -0.955 -0.847 -0.698 -0.535 -0.380 -0.251 -0.154 0.000 0.000 0.000 0.000 0.000 0.000 0.000 0.000 0.000 0.000 0.000 0.000 0.000 -0.154 -0.251 -0.380 -0.535 -0.698 
-0.175 -0.281 -0.417 -0.575 -0.738 -0.879 -0.973 -1.000 -0.955 -0.847 -0.698 -0.535 -0.380 -0.251 -0.154 0.000 0.000 0.000 0.000 0.000 0.000 0.000 0.000 0.000 0.000 0.000 0.000 0.000 -0.154 -0.251 -0.380 -0.535 
-0.102 -0.175 -0.281 -0.417 -0.575 -0.738 -0.879 -0.973 -1.000 -0.955 -0.847 -0.698 -0.535 -0.380 -0.251 -0.154 0.000 0.000 0.000 0.000 0.000 0.000 0.000 0.000 0.000 0.000 0.000 0.000 0.000 -0.154 -0.251 -0.380 
0.000 -0.102 -0.175 -0.281 -0.417 -0.575 -0.738 -0.879 -0.973 -1.000 -0.955 -0.847 -0.698 -0.535 -0.380 -0.251 -0.154 0.000 0.000 0.000 0.000 0.000 0.000 0.000 0.000 0.000 0.000 0.000 0.000 0.000 -0.154 -0.251 
0.000 0.000 -0.102 -0.175 -0.281 -0.417 -0.575 -0.738 -0.879 -0.973 -1.000 -0.955 -0.847 -0.698 -0.535 -0.380 -0.251 -0.154 0.000 0.000 0.000 0.000 0.000 0.000 0.000 0.000 0.000 0.000 0.000 0.000 0.000 -0.154 
0.000 0.000 0.000 -0.102 -0.175 -0.281 -0.417 -0.575 -0.738 -0.879 -0.973 -1.000 -0.955 -0.847 -0.698 -0.535 -0.380 -0.251 -0.154 0.000 0.000 0.000 0.000 0.000 0.000 0.000 0.000 0.000 0.000 0.000 0.000 0.000 
0.000 0.000 0.000 0.000 -0.102 -0.175 -0.281 -0.417 -0.575 -0.738 -0.879 -0.973 -1.000 -0.955 -0.847 -0.698 -0.535 -0.380 -0.251 -0.154 0.000 0.000 0.000 0.000 0.000 0.000 0.000 0.000 0.000 0.000 0.000 0.000 
0.000 0.000 0.000 0.000 0.000 -0.102 -0.175 -0.281 -0.417 -0.575 -0.738 -0.879 -0.973 -1.000 -0.955 -0.847 -0.698 -0.535 -0.380 -0.251 -0.154 0.000 0.000 0.000 0.000 0.000 0.000 0.000 0.000 0.000 0.000 0.000 
0.000 0.000 0.000 0.000 0.000 0.000 -0.102 -0.175 -0.281 -0.417 -0.575 -0.738 -0.879 -0.973 -1.000 -0.955 -0.847 -0.698 -0.535 -0.380 -0.251 -0.154 0.000 0.000 0.000 0.000 0.000 0.000 0.000 0.000 0.000 0.000 
0.000 0.000 0.000 0.000 0.000 0.000 0.000 -0.102 -0.175 -0.281 -0.417 -0.575 -0.738 -0.879 -0.973 -1.000 -0.955 -0.847 -0.698 -0.535 -0.380 -0.251 -0.154 0.000 0.000 0.000 0.000 0.000 0.000 0.000 0.000 0.000 
0.000 0.000 0.000 0.000 0.000 0.000 0.000 0.000 -0.102 -0.175 -0.281 -0.417 -0.575 -0.738 -0.879 -0.973 -1.000 -0.955 -0.847 -0.698 -0.535 -0.380 -0.251 -0.154 0.000 0.000 0.000 0.000 0.000 0.000 0.000 0.000 
0.000 0.000 0.000 0.000 0.000 0.000 0.000 0.000 0.000 -0.102 -0.175 -0.281 -0.417 -0.575 -0.738 -0.879 -0.973 -1.000 -0.955 -0.847 -0.698 -0.535 -0.380 -0.251 -0.154 0.000 0.000 0.000 0.000 0.000 0.000 0.000 
# 2 0 50 32
0.000 0.000 0.000 0.000 0.000 0.000 0.000 -0.155 -0.253 -0.385 -0.543 -0.709 -0.857 -0.962 -1.000 -0.964 -0.861 -0.713 -0.547 -0.389 -0.257 -0.157 0.000 0.000 0.000 0.000 0.000 0.000 0.000 0.000 0.000 0.000 
0.000 0.000 0.000 0.000 0.000 0.000 0.000 -0.108 -0.186 -0.297 -0.440 -0.603 -0.766 -0.901 -0.984 -0.995 -0.933 -0.811 -0.654 -0.488 -0.338 -0.217 -0.129 0.000 0.000 0.000 0.000 0.000 0.000 0.000 0.000 0.000 
0.000 0.000 0.000 0.000 0.000 0.000 0.000 0.000 -0.133 -0.222 -0.345 -0.497 -0.663 -0.819 -0.939 -0.997 -0.981 -0.895 -0.757 -0.594 -0.431 -0.290 -0.181 -0.105 0.000 0.000 0.000 0.000 0.000 0.000 0.000 0.000 
0.000 0.000 0.000 0.000 0.000 0.000 0.000 0.000 0.000 -0.161 -0.263 -0.397 -0.556 -0.721 -0.868 -0.968 -1.000 -0.958 -0.850 -0.700 -0.534 -0.377 -0.247 -0.150 0.000 0.000 0.000 0.000 0.000 0.000 0.000 0.000 
0.000 0.000 0.000 0.000 0.000 0.000 0.000 0.000 0.000 -0.113 -0.194 -0.308 -0.452 -0.616 -0.778 -0.910 -0.988 -0.993 -0.926 -0.800 -0.640 -0.475 -0.327 -0.208 -0.123 0.000 0.000 0.000 0.000 0.000 0.000 0.000 
0.000 0.000 0.000 0.000 0.000 0.000 0.000 0.000 0.000 0.000 -0.139 -0.231 -0.356 -0.510 -0.676 -0.830 -0.946 -0.998 -0.977 -0.886 -0.745 -0.580 -0.419 -0.280 -0.174 -0.100 0.000 0.000 0.000 0.000 0.000 0.000 
0.000 0.000 0.000 0.000 0.000 0.000 0.000 0.000 0.000 0.000 0.000 -0.168 -0.272 -0.409 -0.569 -0.734 -0.878 -0.973 -0.999 -0.951 -0.839 -0.687 -0.521 -0.366 -0.238 -0.144 0.000 0.000 0.000 0.000 0.000 0.000 
0.000 0.000 0.000 0.000 0.000 0.000 0.000 0.000 0.000 0.000 0.000 -0.119 -0.202 -0.318 -0.465 -0.629 -0.790 -0.919 -0.991 -0.990 -0.917 -0.788 -0.627 -0.463 -0.316 -0.200 -0.118 0.000 0.000 0.000 0.000 0.000 
0.000 0.000 0.000 0.000 0.000 0.000 0.000 0.000 0.000 0.000 0.000 0.000 -0.145 -0.240 -0.368 -0.523 -0.689 -0.841 -0.952 -0.999 -0.972 -0.876 -0.732 -0.567 -0.407 -0.271 -0.167 0.000 0.000 0.000 0.000 0.000 
0.000 0.000 0.000 0.000 0.000 0.000 0.000 0.000 0.000 0.000 0.000 0.000 -0.101 -0.175 -0.282 -0.421 -0.583 -0.747 -0.888 -0.978 -0.998 -0.944 -0.828 -0.673 -0.508 -0.354 -0.229 -0.138 0.000 0.000 0.000 0.000 
0.000 0.000 0.000 0.000 0.000 0.000 0.000 0.000 0.000 0.000 0.000 0.000 0.000 -0.124 -0.210 -0.329 -0.477 -0.643 -0.802 -0.927 -0.994 -0.987 -0.909 -0.776 -0.614 -0.450 -0.306 -0.193 -0.112 0.000 0.000 0.000 
-0.130 0.000 0.000 0.000 0.000 0.000 0.000 0.000 0.000 0.000 0.000 0.000 0.000 0.000 -0.151 -0.249 -0.379 -0.536 -0.702 -0.852 -0.959 -1.000 -0.967 -0.866 -0.719 -0.554 -0.395 -0.261 -0.160 0.000 0.000 0.000 
-0.183 -0.106 0.000 0.000 0.000 0.000 0.000 0.000 0.000 0.000 0.000 0.000 0.000 0.000 -0.106 -0.183 -0.292 -0.433 -0.596 -0.759 -0.897 -0.982 -0.996 -0.937 -0.817 -0.660 -0.495 -0.343 -0.221 -0.132 0.000 0.000 
-0.249 -0.151 0.000 0.000 0.000 0.000 0.000 0.000 0.000 0.000 0.000 0.000 0.000 0.000 0.000 -0.130 -0.218 -0.340 -0.490 -0.656 -0.813 -0.935 -0.996 -0.983 -0.900 -0.763 -0.600 -0.437 -0.296 -0.185 -0.107 0.000 
-0.329 -0.210 -0.124 0.000 0.000 0.000 0.000 0.000 0.000 0.000 0.000 0.000 0.000 0.000 0.000 0.000 -0.158 -0.258 -0.391 -0.549 -0.715 -0.863 -0.965 -1.000 -0.961 -0.856 -0.706 -0.540 -0.383 -0.252 -0.153 0.000 
-0.421 -0.282 -0.175 -0.101 0.000 0.000 0.000 0.000 0.000 0.000 0.000 0.000 0.000 0.000 0.000 0.000 -0.111 -0.190 -0.302 -0.446 -0.609 -0.772 -0.906 -0.986 -0.994 -0.930 -0.806 -0.647 -0.482 -0.332 -0.213 -0.126 
-0.523 -0.368 -0.240 -0.145 0.000 0.000 0.000 0.000 0.000 0.000 0.000 0.000 0.000 0.000 0.000 0.000 0.000 -0.136 -0.227 -0.351 -0.503 -0.669 -0.825 -0.942 -0.998 -0.979 -0.891 -0.751 -0.587 -0.425 -0.285 -0.178 
-0.629 -0.465 -0.318 -0.202 -0.119 0.000 0.000 0.000 0.000 0.000 0.000 0.000 0.000 0.000 0.000 0.000 0.000 0.000 -0.165 -0.268 -0.403 -0.563 -0.728 -0.873 -0.970 -1.000 -0.955 -0.845 -0.693 -0.527 -0.372 -0.243 
-0.734 -0.569 -0.409 -0.272 -0.168 0.000 0.000 0.000 0.000 0.000 0.000 0.000 0.000 0.000 0.000 0.000 0.000 0.000 -0.116 -0.198 -0.313 -0.458 -0.623 -0.784 -0.915 -0.989 -0.992 -0.922 -0.794 -0.634 -0.469 -0.322 
-0.830 -0.676 -0.510 -0.356 -0.231 -0.139 0.000 0.000 0.000 0.000 0.000 0.000 0.000 0.000 0.000 0.000 0.000 0.000 0.000 -0.142 -0.235 -0.362 -0.516 -0.682 -0.836 -0.949 -0.999 -0.974 -0.881 -0.738 -0.574 -0.413 
-0.910 -0.778 -0.616 -0.452 -0.308 -0.194 -0.113 0.000 0.000 0.000 0.000 0.000 0.000 0.000 0.000 0.000 0.000 0.000 0.000 0.000 -0.172 -0.277 -0.415 -0.576 -0.741 -0.883 -0.975 -0.999 -0.948 -0.834 -0.680 -0.514 
-0.968 -0.868 -0.721 -0.556 -0.397 -0.263 -0.161 0.000 0.000 0.000 0.000 0.000 0.000 0.000 0.000 0.000 0.000 0.000 0.000 0.000 -0.121 -0.206 -0.323 -0.471 -0.636 -0.796 -0.923 -0.992 -0.989 -0.913 -0.782 -0.620 
-0.997 -0.939 -0.819 -0.663 -0.497 -0.345 -0.222 -0.133 0.000 0.000 0.000 0.000 0.000 0.000 0.000 0.000 0.000 0.000 0.000 0.000 0.000 -0.148 -0.244 -0.374 -0.529 -0.696 -0.847 -0.956 -1.000 -0.969 -0.871 -0.726 
-0.995 -0.984 -0.901 -0.766 -0.603 -0.440 -0.297 -0.186 -0.108 0.000 0.000 0.000 0.000 0.000 0.000 0.000 0.000 0.000 0.000 0.000 0.000 -0.103 -0.179 -0.287 -0.427 -0.589 -0.753 -0.892 -0.980 -0.997 -0.941 -0.823 
-0.964 -1.000 -0.962 -0.857 -0.709 -0.543 -0.385 -0.253 -0.155 0.000 0.000 0.000 0.000 0.000 0.000 0.000 0.000 0.000 0.000 0.000 0.000 0.000 -0.127 -0.214 -0.334 -0.484 -0.649 -0.808 -0.931 -0.995 -0.985 -0.904 
-0.904 -0.985 -0.995 -0.931 -0.808 -0.649 -0.484 -0.334 -0.214 -0.127 0.000 0.000 0.000 0.000 0.000 0.000 0.000 0.000 0.000 0.000 0.000 0.000 0.000 -0.155 -0.253 -0.385 -0.543 -0.709 -0.857 -0.962 -1.000 -0.964 
-0.823 -0.941 -0.997 -0.980 -0.892 -0.753 -0.589 -0.427 -0.287 -0.179 -0.103 0.000 0.000 0.000 0.000 0.000 0.000 0.000 0.000 0.000 0.000 0.000 0.000 -0.108 -0.186 -0.297 -0.440 -0.603 -0.766 -0.901 -0.984 -0.995 
-0.726 -0.871 -0.969 -1.000 -0.956 -0.847 -0.696 -0.529 -0.374 -0.244 -0.148 0.000 0.000 0.000 0.000 0.000 0.000 0.000 0.000 0.000 0.000 0.000 0.000 0.000 -0.133 -0.222 -0.345 -0.497 -0.663 -0.819 -0.939 -0.997 
-0.620 -0.782 -0.913 -0.989 -0.992 -0.923 -0.796 -0.636 -0.471 -0.323 -0.206 -0.121 0.000 0.000 0.000 0.000 0.000 0.000 0.000 0.000 0.000 0.000 0.000 0.000 0.000 -0.161 -0.263 -0.397 -0.556 -0.721 -0.868 -0.968 
-0.514 -0.680 -0.834 -0.948 -0.999 -0.975 -0.883 -0.741 -0.576 -0.415 -0.277 -0.172 0.000 0.000 0.000 0.000 0.000 0.000 0.000 0.000 0.000 0.000 0.000 0.000 0.000 -0.113 -0.194 -0.308 -0.452 -0.616 -0.778 -0.910 
-0.413 -0.574 -0.738 -0.881 -0.974 -0.999 -0.949 -0.836 -0.682 -0.516 -0.362 -0.235 -0.142 0.000 0.000 0.000 0.000 0.000 0.000 0.000 0.000 0.000 0.000 0.000 0.000 0.000 -0.139 -0.231 -0.356 -0.510 -0.676 -0.830 
-0.322 -0.469 -0.634 -0.794 -0.922 -0.992 -0.989 -0.915 -0.784 -0.623 -0.458 -0.313 -0.198 -0.116 0.000 0.000 0.000 0.000 0.000 0.000 0.000 0.000 0.000 0.000 0.000 0.000 0.000 -0.168 -0.272 -0.409 -0.569 -0.734 
-0.243 -0.372 -0.527 -0.693 -0.845 -0.955 -1.000 -0.970 -0.873 -0.728 -0.563 -0.403 -0.268 -0.165 0.000 0.000 0.000 0.000 0.000 0.000 0.000 0.000 0.000 0.000 0.000 0.000 0.000 -0.119 -0.202 -0.318 -0.465 -0.629 
-0.178 -0.285 -0.425 -0.587 -0.751 -0.891 -0.979 -0.998 -0.942 -0.825 -0.669 -0.503 -0.351 -0.227 -0.136 0.000 0.000 0.000 0.000 0.000 0.000 0.000 0.000 0.000 0.000 0.000 0.000 0.000 -0.145 -0.240 -0.368 -0.523 
-0.126 -0.213 -0.332 -0.482 -0.647 -0.806 -0.930 -0.994 -0.986 -0.906 -0.772 -0.609 -0.446 -0.302 -0.190 -0.111 0.000 0.000 0.000 0.000 0.000 0.000 0.000 0.000 0.000 0.000 0.000 0.000 -0.101 -0.175 -0.282 -0.421 
0.000 -0.153 -0.252 -0.383 -0.540 -0.706 -0.856 -0.961 -1.000 -0.965 -0.863 -0.715 -0.549 -0.391 -0.258 -0.158 0.000 0.000 0.000 0.000 0.000 0.000 0.000 0.000 0.000 0.000 0.000 0.000 0.000 -0.124 -0.210 -0.329 
0.000 -0.107 -0.185 -0.296 -0.437 -0.600 -0.763 -0.900 -0.983 -0.996 -0.935 -0.813 -0.656 -0.490 -0.340 -0.218 -0.130 0.000 0.000 0.000 0.000 0.000 0.000 0.000 0.000 0.000 0.000 0.000 0.000 0.000 -0.151 -0.249 
0.000 0.000 -0.132 -0.221 -0.343 -0.495 -0.660 -0.817 -0.937 -0.996 -0.982 -0.897 -0.759 -0.596 -0.433 -0.292 -0.183 -0.106 0.000 0.000 0.000 0.000 0.000 0.000 0.000 0.000 0.000 0.000 0.000 0.000 -0.106 -0.183 
0.000 0.000 0.000 -0.160 -0.261 -0.395 -0.554 -0.719 -0.866 -0.967 -1.000 -0.959 -0.852 -0.702 -0.536 -0.379 -0.249 -0.151 0.000 0.000 0.000 0.000 0.000 0.000 0.000 0.000 0.000 0.000 0.000 0.000 0.000 -0.130 
0.000 0.000 0.000 -0.112 -0.193 -0.306 -0.450 -0.614 -0.776 -0.909 -0.987 -0.994 -0.927 -0.802 -0.643 -0.477 -0.329 -0.210 -0.124 0.000 0.000 0.000 0.000 0.000 0.000 0.000 0.000 0.000 0.000 0.000 0.000 0.000 
0.000 0.000 0.000 0.000 -0.138 -0.229 -0.354 -0.508 -0.673 -0.828 -0.944 -0.998 -0.978 -0.888 -0.747 -0.583 -0.421 -0.282 -0.175 -0.101 0.000 0.000 0.000 0.000 0.000 0.000 0.000 0.000 0.000 0.000 0.000 0.000 
0.000 0.000 0.000 0.000 0.000 -0.167 -0.271 -0.407 -0.567 -0.732 -0.876 -0.972 -0.999 -0.952 -0.841 -0.689 -0.523 -0.368 -0.240 -0.145 0.000 0.000 0.000 0.000 0.000 0.000 0.000 0.000 0.000 0.000 0.000 0.000 
0.000 0.000 0.000 0.000 0.000 -0.118 -0.200 -0.316 -0.463 -0.627 -0.788 -0.917 -0.990 -0.991 -0.919 -0.790 -0.629 -0.465 -0.318 -0.202 -0.119 0.000 0.000 0.000 0.000 0.000 0.000 0.000 0.000 0.000 0.000 0.000 
0.000 0.000 0.000 0.000 0.000 0.000 -0.144 -0.238 -0.366 -0.521 -0.687 -0.839 -0.951 -0.999 -0.973 -0.878 -0.734 -0.569 -0.409 -0.272 -0.168 0.000 0.000 0.000 0.000 0.000 0.000 0.000 0.000 0.000 0.000 0.000 
0.000 0.000 0.000 0.000 0.000 0.000 -0.100 -0.174 -0.280 -0.419 -0.580 -0.745 -0.886 -0.977 -0.998 -0.946 -0.830 -0.676 -0.510 -0.356 -0.231 -0.139 0.000 0.000 0.000 0.000 0.000 0.000 0.000 0.000 0.000 0.000 
0.000 0.000 0.000 0.000 0.000 0.000 0.000 -0.123 -0.208 -0.327 -0.475 -0.640 -0.800 -0.926 -0.993 -0.988 -0.910 -0.778 -0.616 -0.452 -0.308 -0.194 -0.113 0.000 0.000 0.000 0.000 0.000 0.000 0.000 0.000 0.000 
0.000 0.000 0.000 0.000 0.000 0.000 0.000 0.000 -0.150 -0.247 -0.377 -0.534 -0.700 -0.850 -0.958 -1.000 -0.968 -0.868 -0.721 -0.556 -0.397 -0.263 -0.161 0.000 0.000 0.000 0.000 0.000 0.000 0.000 0.000 0.000 
0.000 0.000 0.000 0.000 0.000 0.000 0.000 0.000 -0.105 -0.181 -0.290 -0.431 -0.594 -0.757 -0.895 -0.981 -0.997 -0.939 -0.819 -0.663 -0.497 -0.345 -0.222 -0.133 0.000 0.000 0.000 0.000 0.000 0.000 0.000 0.000 
0.000 0.000 0.000 0.000 0.000 0.000 0.000 0.000 0.000 -0.129 -0.217 -0.338 -0.488 -0.654 -0.811 -0.933 -0.995 -0.984 -0.901 -0.766 -0.603 -0.440 -0.297 -0.186 -0.108 0.000 0.000 0.000 0.000 0.000 0.000 0.000 
0.000 0.000 0.000 0.000 0.000 0.000 0.000 0.000 0.000 0.000 -0.157 -0.257 -0.389 -0.547 -0.713 -0.861 -0.964 -1.000 -0.962 -0.857 -0.709 -0.543 -0.385 -0.253 -0.155 0.000 0.000 0.000 0.000 0.000 0.000 0.000 
# 2 1 32 32
0.000 0.000 0.000 0.000 0.000 0.000 0.000 -0.140 -0.234 -0.360 -0.514 -0.680 -0.834 -0.949 -1.000 -0.977 -0.885 -0.743 -0.578 -0.417 -0.278 -0.172 0.000 0.000 0.000 0.000 0.000 0.000 0.000 0.000 0.000 0.000 
0.000 0.000 0.000 0.000 0.000 0.000 0.000 0.000 -0.140 -0.234 -0.360 -0.514 -0.680 -0.834 -0.949 -1.000 -0.977 -0.885 -0.743 -0.578 -0.417 -0.278 -0.172 0.000 0.000 0.000 0.000 0.000 0.000 0.000 0.000 0.000 
0.000 0.000 0.000 0.000 0.000 0.000 0.000 0.000 0.000 -0.140 -0.234 -0.360 -0.514 -0.680 -0.834 -0.949 -1.000 -0.977 -0.885 -0.743 -0.578 -0.417 -0.278 -0.172 0.000 0.000 0.000 0.000 0.000 0.000 0.000 0.000 
0.000 0.000 0.000 0.000 0.000 0.000 0.000 0.000 0.000 0.000 -0.140 -0.234 -0.360 -0.514 -0.680 -0.834 -0.949 -1.000 -0.977 -0.885 -0.743 -0.578 -0.417 -0.278 -0.172 0.000 0.000 0.000 0.000 0.000 0.000 0.000 
0.000 0.000 0.000 0.000 0.000 0.000 0.000 0.000 0.000 0.000 0.000 -0.140 -0.234 -0.360 -0.514 -0.680 -0.834 -0.949 -1.000 -0.977 -0.885 -0.743 -0.578 -0.417 -0.278 -0.172 0.000 0.000 0.000 0.000 0.000 0.000 
0.000 0.000 0.000 0.000 0.000 0.000 0.000 0.000 0.000 0.000 0.000 0.000 -0.140 -0.234 -0.360 -0.514 -0.680 -0.834 -0.949 -1.000 -0.977 -0.885 -0.743 -0.578 -0.417 -0.278 -0.172 0.000 0.000 0.000 0.000 0.000 
0.000 0.000 0.000 0.000 0.000 0.000 0.000 0.000 0.000 0.000 0.000 0.000 0.000 -0.140 -0.234 -0.360 -0.514 -0.680 -0.834 -0.949 -1.000 -0.977 -0.885 -0.743 -0.578 -0.417 -0.278 -0.172 0.000 0.000 0.000 0.000 
-0.140 0.000 0.000 0.000 0.000 0.000 0.000 0.000 0.000 0.000 0.000 0.000 0.000 0.000 -0.140 -0.234 -0.360 -0.514 -0.680 -0.834 -0.949 -1.000 -0.977 -0.885 -0.743 -0.578 -0.417 -0.278 -0.172 0.000 0.000 0.000 
-0.234 -0.140 0.000 0.000 0.000 0.000 0.000 0.000 0.000 0.000 0.000 0.000 0.000 0.000 0.000 -0.140 -0.234 -0.360 -0.514 -0.680 -0.834 -0.949 -1.000 -0.977 -0.885 -0.743 -0.578 -0.417 -0.278 -0.172 0.000 0.000 
-0.360 -0.234 -0.140 0.000 0.000 0.000 0.000 0.000 0.000 0.000 0.000 0.000 0.000 0.000 0.000 0.000 -0.140 -0.234 -0.360 -0.514 -0.680 -0.834 -0.949 -1.000 -0.977 -0.885 -0.743 -0.578 -0.417 -0.278 -0.172 0.000 
-0.514 -0.360 -0.234 -0.140 0.000 0.000 0.000 0.000 0.000 0.000 0.000 0.000 0.000 0.000 0.000 0.000 0.000 -0.140 -0.234 -0.360 -0.514 -0.680 -0.834 -0.949 -1.000 -0.977 -0.885 -0.743 -0.578 -0.417 -0.278 -0.172 
-0.680 -0.514 -0.360 -0.234 -0.140 0.000 0.000 0.000 0.000 0.000 0.000 0.000 0.000 0.000 0.000 0.000 0.000 0.000 -0.140 -0.234 -0.360 -0.514 -0.680 -0.834 -0.949 -1.000 -0.977 -0.885 -0.743 -0.578 -0.417 -0.278 
-0.834 -0.680 -0.514 -0.360 -0.234 -0.140 0.000 0.000 0.000 0.000 0.000 0.000 0.000 0.000 0.000 0.000 0.000 0.000 0.000 -0.140 -0.234 -0.360 -0.514 -0.680 -0.834 -0.949 -1.000 -0.977 -0.885 -0.743 -0.578 -0.417 
-0.949 -0.834 -0.680 -0.514 -0.360 -0.234 -0.140 0.000 0.000 0.000 0.000 0.000 0.000 0.000 0.000 0.000 0.000 0.000 0.000 0.000 -0.140 -0.234 -0.360 -0.514 -0.680 -0.834 -0.949 -1.000 -0.977 -0.885 -0.743 -0.578 
-1.000 -0.949 -0.834 -0.680 -0.514 -0.360 -0.234 -0.140 0.000 0.000 0.000 0.000 0.000 0.000 0.000 0.000 0.000 0.000 0.000 0.000 0.000 -0.140 -0.234 -0.360 -0.514 -0.680 -0.834 -0.949 -1.000 -0.977 -0.885 -0.743 
-0.977 -1.000 -0.949 -0.834 -0.680 -0.514 -0.360 -0.234 -0.140 0.000 0.000 0.000 0.000 0.000 0.000 0.000 0.000 0.000 0.000 0.000 0.000 0.000 -0.140 -0.234 -0.360 -0.514 -0.680 -0.834 -0.949 -1.000 -0.977 -0.885 
-0.885 -0.977 -1.000 -0.949 -0.834 -0.680 -0.514 -0.360 -0.234 -0.140 0.000 0.000 0.000 0.000 0.000 0.000 0.000 0.000 0.000 0.000 0.000 0.000 0.000 -0.140 -0.234 -0.360 -0.514 -0.680 -0.834 -0.949 -1.000 -0.977 
-0.743 -0.885 -0.977 -1.000 -0.949 -0.834 -0.680 -0.514 -0.360 -0.234 -0.140 0.000 0.000 0.000 0.000 0.000 0.000 0.000 0.000 0.000 0.000 0.000 0.000 0.000 -0.140 -0.234 -0.360 -0.514 -0.680 -0.834 -0.949 -1.000 
-0.578 -0.743 -0.885 -0.977 -1.000 -0.949 -0.834 -0.680 -0.514 -0.360 -0.234 -0.140 0.000 0.000 0.000 0.000 0.000 0.000 0.000 0.000 0.000 0.000 0.000 0.000 0.000 -0.140 -0.234 -0.360 -0.514 -0.680 -0.834 -0.949 
-0.417 -0.578 -0.743 -0.885 -0.977 -1.000 -0.949 -0.834 -0.680 -0.514 -0.360 -0.234 -0.140 0.000 0.000 0.000 0.000 0.000 0.000 0.000 0.000 0.000 0.000 0.000 0.000 0.000 -0.140 -0.234 -0.360 -0.514 -0.680 -0.834 
-0.278 -0.417 -0.578 -0.743 -0.885 -0.977 -1.000 -0.949 -0.834 -0.680 -0.514 -0.360 -0.234 -0.140 0.000 0.000 0.000 0.000 0.000 0.000 0.000 0.000 0.000 0.000 0.000 0.000 0.000 -0.140 -0.234 -0.360 -0.514 -0.680 
-0.172 -0.278 -0.417 -0.578 -0.743 -0.885 -0.977 -1.000 -0.949 -0.834 -0.680 -0.514 -0.360 -0.234 -0.140 0.000 0.000 0.000 0.000 0.000 0.000 0.000 0.000 0.000 0.000 0.000 0.000 0.000 -0.140 -0.234 -0.360 -0.514 
0.000 -0.172 -0.278 -0.417 -0.578 -0.743 -0.885 -0.977 -1.000 -0.949 -0.834 -0.680 -0.514 -0.360 -0.234 -0.140 0.000 0.000 0.000 0.000 0.000 0.000 0.000 0.000 0.000 0.000 0.000 0.000 0.000 -0.140 -0.234 -0.360 
0.000 0.000 -0.172 -0.278 -0.417 -0.578 -0.743 -0.885 -0.977 -1.000 -0.949 -0.834 -0.680 -0.514 -0.360 -0.234 -0.140 0.000 0.000 0.000 0.000 0.000 0.000 0.000 0.000 0.000 0.000 0.000 0.000 0.000 -0.140 -0.234 
0.000 0.000 0.000 -0.172 -0.278 -0.417 -0.578 -0.743 -0.885 -0.977 -1.000 -0.949 -0.834 -0.680 -0.514 -0.360 -0.234 -0.140 0.000 0.000 0.000 0.000 0.000 0.000 0.000 0.000 0.000 0.000 0.000 0.000 0.000 -0.140 
0.000 0.000 0.000 0.000 -0.172 -0.278 -0.417 -0.578 -0.743 -0.885 -0.977 -1.000 -0.949 -0.834 -0.680 -0.514 -0.360 -0.234 -0.140 0.000 0.000 0.000 0.000 0.000 0.000 0.000 0.000 0.000 0.000 0.000 0.000 0.000 
0.000 0.000 0.000 0.000 0.000 -0.172 -0.278 -0.417 -0.578 -0.743 -0.885 -0.977 -1.000 -0.949 -0.834 -0.680 -0.514 -0.360 -0.234 -0.140 0.000 0.000 0.000 0.000 0.000 0.000 0.000 0.000 0.000 0.000 0.000 0.000 
0.000 0.000 0.000 0.000 0.000 0.000 -0.172 -0.278 -0.417 -0.578 -0.743 -0.885 -0.977 -1.000 -0.949 -0.834 -0.680 -0.514 -0.360 -0.234 -0.140 0.000 0.000 0.000 0.000 0.000 0.000 0.000 0.000 0.000 0.000 0.000 
0.000 0.000 0.000 0.000 0.000 0.000 0.000 -0.172 -0.278 -0.417 -0.578 -0.743 -0.885 -0.977 -1.000 -0.949 -0.834 -0.680 -0.514 -0.360 -0.234 -0.140 0.000 0.000 0.000 0.000 0.000 0.000 0.000 0.000 0.000 0.000 
0.000 0.000 0.000 0.000 0.000 0.000 0.000 0.000 -0.172 -0.278 -0.417 -0.578 -0.743 -0.885 -0.977 -1.000 -0.949 -0.834 -0.680 -0.514 -0.360 -0.234 -0.140 0.000 0.000 0.000 0.000 0.000 0.000 0.000 0.000 0.000 
0.000 0.000 0.000 0.000 0.000 0.000 0.000 0.000 0.000 -0.172 -0.278 -0.417 -0.578 -0.743 -0.885 -0.977 -1.000 -0.949 -0.834 -0.680 -0.514 -0.360 -0.234 -0.140 0.000 0.000 0.000 0.000 0.000 0.000 0.000 0.000 
0.000 0.000 0.000 0.000 0.000 0.000 0.000 0.000 0.000 0.000 -0.172 -0.278 -0.417 -0.578 -0.743 -0.885 -0.977 -1.000 -0.949 -0.834 -0.680 -0.514 -0.360 -0.234 -0.140 0.000 0.000 0.000 0.000 0.000 0.000 0.000 
