3.389641
3
# 0 1 16 50
0.000 0.000 0.000 0.000 0.000 0.000 0.000 0.000 0.113 0.189 0.294 0.427 0.581 0.737 0.873 0.967 1.000 0.966 0.872 0.735 0.578 0.425 0.292 0.187 0.112 0.000 0.000 0.000 0.000 0.000 0.000 0.000 0.000 0.000 0.000 0.000 0.000 0.000 0.000 0.000 0.000 0.000 0.000 0.000 0.000 0.000 0.000 0.000 0.000 0.000 
0.000 0.000 0.000 0.000 0.000 0.000 0.000 0.000 0.000 0.000 0.000 0.106 0.178 0.279 0.409 0.561 0.718 0.858 0.958 1.000 0.974 0.886 0.753 0.598 0.443 0.307 0.199 0.120 0.000 0.000 0.000 0.000 0.000 0.000 0.000 0.000 0.000 0.000 0.000 0.000 0.000 0.000 0.000 0.000 0.000 0.000 0.000 0.000 0.000 0.000 
0.138 0.000 0.000 0.000 0.000 0.000 0.000 0.000 0.000 0.000 0.000 0.000 0.000 0.000 0.000 0.167 0.265 0.392 0.541 0.699 0.842 0.949 0.998 0.981 0.900 0.772 0.618 0.462 0.323 0.211 0.128 0.000 0.000 0.000 0.000 0.000 0.000 0.000 0.000 0.000 0.000 0.000 0.000 0.000 0.000 0.000 0.000 0.000 0.000 0.000 
0.502 0.357 0.237 0.147 0.000 0.000 0.000 0.000 0.000 0.000 0.000 0.000 0.000 0.000 0.000 0.000 0.000 0.000 0.157 0.251 0.374 0.522 0.679 0.826 0.938 0.995 0.986 0.913 0.789 0.638 0.481 0.339 0.223 0.137 0.000 0.000 0.000 0.000 0.000 0.000 0.000 0.000 0.000 0.000 0.000 0.000 0.000 0.000 0.000 0.000 
0.938 0.826 0.679 0.522 0.374 0.251 0.157 0.000 0.000 0.000 0.000 0.000 0.000 0.000 0.000 0.000 0.000 0.000 0.000 0.000 0.000 0.147 0.237 0.357 0.502 0.660 0.809 0.927 0.992 0.991 0.925 0.807 0.657 0.500 0.355 0.236 0.146 0.000 0.000 0.000 0.000 0.000 0.000 0.000 0.000 0.000 0.000 0.000 0.000 0.000 
0.900 0.981 0.998 0.949 0.842 0.699 0.541 0.392 0.265 0.167 0.000 0.000 0.000 0.000 0.000 0.000 0.000 0.000 0.000 0.000 0.000 0.000 0.000 0.000 0.138 0.225 0.341 0.483 0.640 0.792 0.915 0.987 0.995 0.937 0.824 0.677 0.519 0.372 0.249 0.156 0.000 0.000 0.000 0.000 0.000 0.000 0.000 0.000 0.000 0.000 
0.443 0.598 0.753 0.886 0.974 1.000 0.958 0.858 0.718 0.561 0.409 0.279 0.178 0.106 0.000 0.000 0.000 0.000 0.000 0.000 0.000 0.000 0.000 0.000 0.000 0.000 0.000 0.129 0.212 0.325 0.464 0.620 0.774 0.902 0.981 0.998 0.947 0.840 0.696 0.539 0.389 0.263 0.166 0.000 0.000 0.000 0.000 0.000 0.000 0.000 
0.112 0.187 0.292 0.425 0.578 0.735 0.872 0.966 1.000 0.967 0.873 0.737 0.581 0.427 0.294 0.189 0.113 0.000 0.000 0.000 0.000 0.000 0.000 0.000 0.000 0.000 0.000 0.000 0.000 0.000 0.121 0.200 0.309 0.446 0.600 0.755 0.888 0.975 0.999 0.957 0.856 0.716 0.558 0.407 0.277 0.176 0.105 0.000 0.000 0.000 
0.000 0.000 0.000 0.105 0.176 0.277 0.407 0.558 0.716 0.856 0.957 0.999 0.975 0.888 0.755 0.600 0.446 0.309 0.200 0.121 0.000 0.000 0.000 0.000 0.000 0.000 0.000 0.000 0.000 0.000 0.000 0.000 0.000 0.113 0.189 0.294 0.427 0.581 0.737 0.873 0.967 1.000 0.966 0.872 0.735 0.578 0.425 0.292 0.187 0.112 
0.000 0.000 0.000 0.000 0.000 0.000 0.000 0.166 0.263 0.389 0.539 0.696 0.840 0.947 0.998 0.981 0.902 0.774 0.620 0.464 0.325 0.212 0.129 0.000 0.000 0.000 0.000 0.000 0.000 0.000 0.000 0.000 0.000 0.000 0.000 0.000 0.106 0.178 0.279 0.409 0.561 0.718 0.858 0.958 1.000 0.974 0.886 0.753 0.598 0.443 
0.000 0.000 0.000 0.000 0.000 0.000 0.000 0.000 0.000 0.000 0.156 0.249 0.372 0.519 0.677 0.824 0.937 0.995 0.987 0.915 0.792 0.640 0.483 0.341 0.225 0.138 0.000 0.000 0.000 0.000 0.000 0.000 0.000 0.000 0.000 0.000 0.000 0.000 0.000 0.000 0.167 0.265 0.392 0.541 0.699 0.842 0.949 0.998 0.981 0.900 
0.000 0.000 0.000 0.000 0.000 0.000 0.000 0.000 0.000 0.000 0.000 0.000 0.000 0.146 0.236 0.355 0.500 0.657 0.807 0.925 0.991 0.992 0.927 0.809 0.660 0.502 0.357 0.237 0.147 0.000 0.000 0.000 0.000 0.000 0.000 0.000 0.000 0.000 0.000 0.000 0.000 0.000 0.000 0.157 0.251 0.374 0.522 0.679 0.826 0.938 
0.000 0.000 0.000 0.000 0.000 0.000 0.000 0.000 0.000 0.000 0.000 0.000 0.000 0.000 0.000 0.000 0.137 0.223 0.339 0.481 0.638 0.789 0.913 0.986 0.995 0.938 0.826 0.679 0.522 0.374 0.251 0.157 0.000 0.000 0.000 0.000 0.000 0.000 0.000 0.000 0.000 0.000 0.000 0.000 0.000 0.000 0.147 0.237 0.357 0.502 
0.000 0.000 0.000 0.000 0.000 0.000 0.000 0.000 0.000 0.000 0.000 0.000 0.000 0.000 0.000 0.000 0.000 0.000 0.000 0.128 0.211 0.323 0.462 0.618 0.772 0.900 0.981 0.998 0.949 0.842 0.699 0.541 0.392 0.265 0.167 0.000 0.000 0.000 0.000 0.000 0.000 0.000 0.000 0.000 0.000 0.000 0.000 0.000 0.000 0.138 
0.000 0.000 0.000 0.000 0.000 0.000 0.000 0.000 0.000 0.000 0.000 0.000 0.000 0.000 0.000 0.000 0.000 0.000 0.000 0.000 0.000 0.000 0.120 0.199 0.307 0.443 0.598 0.753 0.886 0.974 1.000 0.958 0.858 0.718 0.561 0.409 0.279 0.178 0.106 0.000 0.000 0.000 0.000 0.000 0.000 0.000 0.000 0.000 0.000 0.000 
0.000 0.000 0.000 0.000 0.000 0.000 0.000 0.000 0.000 0.000 0.000 0.000 0.000 0.000 0.000 0.000 0.000 0.000 0.000 0.000 0.000 0.000 0.000 0.000 0.000 0.112 0.187 0.292 0.425 0.578 0.735 0.872 0.966 1.000 0.967 0.873 0.737 0.581 0.427 0.294 0.189 0.113 0.000 0.000 0.000 0.000 0.000 0.000 0.000 0.000 
# 0 2 13 50
0.000 0.000 0.000 0.000 0.000 0.000 0.000 0.000 0.000 0.158 0.252 0.376 0.524 0.682 0.828 0.940 0.996 0.986 0.912 0.787 0.635 0.479 0.337 0.222 0.136 0.000 0.000 0.000 0.000 0.000 0.000 0.000 0.000 0.000 0.000 0.000 0.000 0.000 0.000 0.000 0.000 0.000 0.000 0.000 0.000 0.000 0.000 0.000 0.000 0.000 
0.000 0.000 0.000 0.000 0.000 0.000 0.000 0.000 0.000 0.000 0.000 0.000 0.101 0.171 0.270 0.398 0.548 0.705 0.848 0.952 0.999 0.978 0.895 0.765 0.611 0.456 0.317 0.206 0.125 0.000 0.000 0.000 0.000 0.000 0.000 0.000 0.000 0.000 0.000 0.000 0.000 0.000 0.000 0.000 0.000 0.000 0.000 0.000 0.000 0.000 
0.316 0.205 0.125 0.000 0.000 0.000 0.000 0.000 0.000 0.000 0.000 0.000 0.000 0.000 0.000 0.000 0.110 0.184 0.287 0.420 0.572 0.729 0.867 0.963 1.000 0.969 0.878 0.743 0.587 0.433 0.298 0.192 0.116 0.000 0.000 0.000 0.000 0.000 0.000 0.000 0.000 0.000 0.000 0.000 0.000 0.000 0.000 0.000 0.000 0.000 
0.876 0.740 0.584 0.431 0.297 0.191 0.115 0.000 0.000 0.000 0.000 0.000 0.000 0.000 0.000 0.000 0.000 0.000 0.000 0.000 0.120 0.198 0.306 0.442 0.597 0.752 0.885 0.973 1.000 0.959 0.859 0.719 0.562 0.411 0.280 0.178 0.106 0.000 0.000 0.000 0.000 0.000 0.000 0.000 0.000 0.000 0.000 0.000 0.000 0.000 
0.887 0.974 1.000 0.958 0.858 0.717 0.560 0.409 0.278 0.177 0.105 0.000 0.000 0.000 0.000 0.000 0.000 0.000 0.000 0.000 0.000 0.000 0.000 0.000 0.130 0.213 0.325 0.465 0.621 0.774 0.902 0.982 0.998 0.947 0.840 0.696 0.538 0.389 0.262 0.165 0.000 0.000 0.000 0.000 0.000 0.000 0.000 0.000 0.000 0.000 
0.327 0.467 0.623 0.776 0.904 0.982 0.997 0.946 0.838 0.693 0.536 0.387 0.261 0.164 0.000 0.000 0.000 0.000 0.000 0.000 0.000 0.000 0.000 0.000 0.000 0.000 0.000 0.000 0.141 0.228 0.345 0.488 0.645 0.796 0.918 0.989 0.994 0.934 0.819 0.672 0.514 0.368 0.246 0.153 0.000 0.000 0.000 0.000 0.000 0.000 
0.000 0.000 0.142 0.229 0.347 0.490 0.647 0.798 0.919 0.989 0.994 0.933 0.818 0.669 0.512 0.366 0.244 0.152 0.000 0.000 0.000 0.000 0.000 0.000 0.000 0.000 0.000 0.000 0.000 0.000 0.000 0.000 0.152 0.244 0.366 0.512 0.669 0.818 0.933 0.994 0.989 0.919 0.798 0.647 0.490 0.347 0.229 0.142 0.000 0.000 
0.000 0.000 0.000 0.000 0.000 0.000 0.153 0.246 0.368 0.514 0.672 0.819 0.934 0.994 0.989 0.918 0.796 0.645 0.488 0.345 0.228 0.141 0.000 0.000 0.000 0.000 0.000 0.000 0.000 0.000 0.000 0.000 0.000 0.000 0.000 0.000 0.164 0.261 0.387 0.536 0.693 0.838 0.946 0.997 0.982 0.904 0.776 0.623 0.467 0.327 
0.000 0.000 0.000 0.000 0.000 0.000 0.000 0.000 0.000 0.000 0.165 0.262 0.389 0.538 0.696 0.840 0.947 0.998 0.982 0.902 0.774 0.621 0.465 0.325 0.213 0.130 0.000 0.000 0.000 0.000 0.000 0.000 0.000 0.000 0.000 0.000 0.000 0.000 0.000 0.105 0.177 0.278 0.409 0.560 0.717 0.858 0.958 1.000 0.974 0.887 
0.000 0.000 0.000 0.000 0.000 0.000 0.000 0.000 0.000 0.000 0.000 0.000 0.000 0.106 0.178 0.280 0.411 0.562 0.719 0.859 0.959 1.000 0.973 0.885 0.752 0.597 0.442 0.306 0.198 0.120 0.000 0.000 0.000 0.000 0.000 0.000 0.000 0.000 0.000 0.000 0.000 0.000 0.000 0.115 0.191 0.297 0.431 0.584 0.740 0.876 
0.000 0.000 0.000 0.000 0.000 0.000 0.000 0.000 0.000 0.000 0.000 0.000 0.000 0.000 0.000 0.000 0.000 0.116 0.192 0.298 0.433 0.587 0.743 0.878 0.969 1.000 0.963 0.867 0.729 0.572 0.420 0.287 0.184 0.110 0.000 0.000 0.000 0.000 0.000 0.000 0.000 0.000 0.000 0.000 0.000 0.000 0.000 0.125 0.205 0.316 
0.000 0.000 0.000 0.000 0.000 0.000 0.000 0.000 0.000 0.000 0.000 0.000 0.000 0.000 0.000 0.000 0.000 0.000 0.000 0.000 0.000 0.125 0.206 0.317 0.456 0.611 0.765 0.895 0.978 0.999 0.952 0.848 0.705 0.548 0.398 0.270 0.171 0.101 0.000 0.000 0.000 0.000 0.000 0.000 0.000 0.000 0.000 0.000 0.000 0.000 
0.000 0.000 0.000 0.000 0.000 0.000 0.000 0.000 0.000 0.000 0.000 0.000 0.000 0.000 0.000 0.000 0.000 0.000 0.000 0.000 0.000 0.000 0.000 0.000 0.000 0.136 0.222 0.337 0.479 0.635 0.787 0.912 0.986 0.996 0.940 0.828 0.682 0.524 0.376 0.252 0.158 0.000 0.000 0.000 0.000 0.000 0.000 0.000 0.000 0.000 
# 1 0 50 16
-0.808 -0.992 -0.924 -0.654 -0.351 -0.143 0.000 0.000 0.000 0.000 0.000 0.000 0.000 0.000 0.000 0.000 
-0.714 -0.957 -0.974 -0.753 -0.442 -0.197 0.000 0.000 0.000 0.000 0.000 0.000 0.000 0.000 0.000 0.000 
-0.797 -0.898 -0.998 -0.842 -0.540 -0.263 0.000 0.000 0.000 0.000 0.000 0.000 0.000 0.000 0.000 0.000 
-0.880 -0.819 -0.994 -0.916 -0.641 -0.341 -0.138 0.000 0.000 0.000 0.000 0.000 0.000 0.000 0.000 0.000 
-0.945 -0.726 -0.963 -0.969 -0.741 -0.430 -0.189 0.000 0.000 0.000 0.000 0.000 0.000 0.000 0.000 0.000 
-0.986 -0.786 -0.907 -0.997 -0.832 -0.527 -0.254 0.000 0.000 0.000 0.000 0.000 0.000 0.000 0.000 0.000 
-1.000 -0.870 -0.830 -0.996 -0.908 -0.629 -0.330 -0.132 0.000 0.000 0.000 0.000 0.000 0.000 0.000 0.000 
-0.986 -0.938 -0.738 -0.968 -0.964 -0.729 -0.418 -0.182 0.000 0.000 0.000 0.000 0.000 0.000 0.000 0.000 
-0.946 -0.982 -0.774 -0.915 -0.995 -0.821 -0.515 -0.245 0.000 0.000 0.000 0.000 0.000 0.000 0.000 0.000 
-0.882 -1.000 -0.861 -0.840 -0.998 -0.900 -0.616 -0.320 -0.126 0.000 0.000 0.000 0.000 0.000 0.000 0.000 
-0.799 -0.990 -0.930 -0.750 -0.973 -0.958 -0.717 -0.407 -0.175 0.000 0.000 0.000 0.000 0.000 0.000 0.000 
-0.704 -0.952 -0.978 -0.762 -0.923 -0.992 -0.810 -0.502 -0.237 0.000 0.000 0.000 0.000 0.000 0.000 0.000 
-0.603 -0.891 -0.999 -0.851 -0.851 -0.999 -0.891 -0.603 -0.310 -0.121 0.000 0.000 0.000 0.000 0.000 0.000 
-0.502 -0.810 -0.992 -0.923 -0.762 -0.978 -0.952 -0.704 -0.395 -0.169 0.000 0.000 0.000 0.000 0.000 0.000 
-0.407 -0.717 -0.958 -0.973 -0.750 -0.930 -0.990 -0.799 -0.490 -0.228 0.000 0.000 0.000 0.000 0.000 0.000 
-0.320 -0.616 -0.900 -0.998 -0.840 -0.861 -1.000 -0.882 -0.591 -0.300 -0.116 0.000 0.000 0.000 0.000 0.000 
-0.245 -0.515 -0.821 -0.995 -0.915 -0.774 -0.982 -0.946 -0.692 -0.384 -0.162 0.000 0.000 0.000 0.000 0.000 
-0.182 -0.418 -0.729 -0.964 -0.968 -0.738 -0.938 -0.986 -0.788 -0.478 -0.220 0.000 0.000 0.000 0.000 0.000 
-0.132 -0.330 -0.629 -0.908 -0.996 -0.830 -0.870 -1.000 -0.872 -0.578 -0.291 -0.111 0.000 0.000 0.000 0.000 
0.000 -0.254 -0.527 -0.832 -0.997 -0.907 -0.786 -0.986 -0.939 -0.679 -0.373 -0.156 0.000 0.000 0.000 0.000 
0.000 -0.189 -0.430 -0.741 -0.969 -0.963 -0.726 -0.945 -0.983 -0.776 -0.466 -0.212 0.000 0.000 0.000 0.000 
0.000 -0.138 -0.341 -0.641 -0.916 -0.994 -0.819 -0.880 -1.000 -0.863 -0.565 -0.281 -0.106 0.000 0.000 0.000 
0.000 0.000 -0.263 -0.540 -0.842 -0.998 -0.898 -0.797 -0.989 -0.932 -0.667 -0.362 -0.149 0.000 0.000 0.000 
0.000 0.000 -0.197 -0.442 -0.753 -0.974 -0.957 -0.714 -0.951 -0.979 -0.765 -0.454 -0.204 0.000 0.000 0.000 
0.000 0.000 -0.143 -0.351 -0.654 -0.924 -0.992 -0.808 -0.889 -0.999 -0.853 -0.552 -0.272 -0.102 0.000 0.000 
0.000 0.000 -0.102 -0.272 -0.552 -0.853 -0.999 -0.889 -0.808 -0.992 -0.924 -0.654 -0.351 -0.143 0.000 0.000 
0.000 0.000 0.000 -0.204 -0.454 -0.765 -0.979 -0.951 -0.714 -0.957 -0.974 -0.753 -0.442 -0.197 0.000 0.000 
0.000 0.000 0.000 -0.149 -0.362 -0.667 -0.932 -0.989 -0.797 -0.898 -0.998 -0.842 -0.540 -0.263 0.000 0.000 
0.000 0.000 0.000 -0.106 -0.281 -0.565 -0.863 -1.000 -0.880 -0.819 -0.994 -0.916 -0.641 -0.341 -0.138 0.000 
0.000 0.000 0.000 0.000 -0.212 -0.466 -0.776 -0.983 -0.945 -0.726 -0.963 -0.969 -0.741 -0.430 -0.189 0.000 
0.000 0.000 0.000 0.000 -0.156 -0.373 -0.679 -0.939 -0.986 -0.786 -0.907 -0.997 -0.832 -0.527 -0.254 0.000 
0.000 0.000 0.000 0.000 -0.111 -0.291 -0.578 -0.872 -1.000 -0.870 -0.830 -0.996 -0.908 -0.629 -0.330 -0.132 
0.000 0.000 0.000 0.000 0.000 -0.220 -0.478 -0.788 -0.986 -0.938 -0.738 -0.968 -0.964 -0.729 -0.418 -0.182 
0.000 0.000 0.000 0.000 0.000 -0.162 -0.384 -0.692 -0.946 -0.982 -0.774 -0.915 -0.995 -0.821 -0.515 -0.245 
0.000 0.000 0.000 0.000 0.000 -0.116 -0.300 -0.591 -0.882 -1.000 -0.861 -0.840 -0.998 -0.900 -0.616 -0.320 
0.000 0.000 0.000 0.000 0.000 0.000 -0.228 -0.490 -0.799 -0.990 -0.930 -0.750 -0.973 -0.958 -0.717 -0.407 
0.000 0.000 0.000 0.000 0.000 0.000 -0.169 -0.395 -0.704 -0.952 -0.978 -0.762 -0.923 -0.992 -0.810 -0.502 
0.000 0.000 0.000 0.000 0.000 0.000 -0.121 -0.310 -0.603 -0.891 -0.999 -0.851 -0.851 -0.999 -0.891 -0.603 
0.000 0.000 0.000 0.000 0.000 0.000 0.000 -0.237 -0.502 -0.810 -0.992 -0.923 -0.762 -0.978 -0.952 -0.704 
0.000 0.000 0.000 0.000 0.000 0.000 0.000 -0.175 -0.407 -0.717 -0.958 -0.973 -0.750 -0.930 -0.990 -0.799 
0.000 0.000 0.000 0.000 0.000 0.000 0.000 -0.126 -0.320 -0.616 -0.900 -0.998 -0.840 -0.861 -1.000 -0.882 
0.000 0.000 0.000 0.000 0.000 0.000 0.000 0.000 -0.245 -0.515 -0.821 -0.995 -0.915 -0.774 -0.982 -0.946 
0.000 0.000 0.000 0.000 0.000 0.000 0.000 0.000 -0.182 -0.418 -0.729 -0.964 -0.968 -0.738 -0.938 -0.986 
0.000 0.000 0.000 0.000 0.000 0.000 0.000 0.000 -0.132 -0.330 -0.629 -0.908 -0.996 -0.830 -0.870 -1.000 
0.000 0.000 0.000 0.000 0.000 0.000 0.000 0.000 0.000 -0.254 -0.527 -0.832 -0.997 -0.907 -0.786 -0.986 
0.000 0.000 0.000 0.000 0.000 0.000 0.000 0.000 0.000 -0.189 -0.430 -0.741 -0.969 -0.963 -0.726 -0.945 
0.000 0.000 0.000 0.000 0.000 0.000 0.000 0.000 0.000 -0.138 -0.341 -0.641 -0.916 -0.994 -0.819 -0.880 
0.000 0.000 0.000 0.000 0.000 0.000 0.000 0.000 0.000 0.000 -0.263 -0.540 -0.842 -0.998 -0.898 -0.797 
0.000 0.000 0.000 0.000 0.000 0.000 0.000 0.000 0.000 0.000 -0.197 -0.442 -0.753 -0.974 -0.957 -0.714 
0.000 0.000 0.000 0.000 0.000 0.000 0.000 0.000 0.000 0.000 -0.143 -0.351 -0.654 -0.924 -0.992 -0.808 
