1.835184
3
# 0 1 28 50
0.000 0.000 0.000 0.000 0.000 0.106 0.172 0.262 0.377 0.513 0.658 0.796 0.910 0.981 0.999 0.960 0.870 0.745 0.601 0.458 0.330 0.224 0.144 0.000 0.000 0.000 0.000 0.000 0.000 0.000 0.000 0.000 0.000 0.000 0.000 0.000 0.000 0.000 0.000 0.000 0.000 0.000 0.000 0.000 0.000 0.000 0.000 0.000 0.000 0.000 
0.000 0.000 0.000 0.000 0.000 0.000 0.000 0.118 0.189 0.285 0.405 0.544 0.689 0.823 0.929 0.990 0.995 0.944 0.846 0.715 0.570 0.429 0.305 0.205 0.130 0.000 0.000 0.000 0.000 0.000 0.000 0.000 0.000 0.000 0.000 0.000 0.000 0.000 0.000 0.000 0.000 0.000 0.000 0.000 0.000 0.000 0.000 0.000 0.000 0.000 
0.000 0.000 0.000 0.000 0.000 0.000 0.000 0.000 0.000 0.131 0.207 0.309 0.433 0.575 0.719 0.849 0.947 0.996 0.989 0.927 0.820 0.684 0.539 0.401 0.281 0.186 0.117 0.000 0.000 0.000 0.000 0.000 0.000 0.000 0.000 0.000 0.000 0.000 0.000 0.000 0.000 0.000 0.000 0.000 0.000 0.000 0.000 0.000 0.000 0.000 
0.183 0.114 0.000 0.000 0.000 0.000 0.000 0.000 0.000 0.000 0.000 0.146 0.227 0.333 0.463 0.606 0.749 0.873 0.962 0.999 0.980 0.907 0.792 0.653 0.508 0.373 0.259 0.169 0.105 0.000 0.000 0.000 0.000 0.000 0.000 0.000 0.000 0.000 0.000 0.000 0.000 0.000 0.000 0.000 0.000 0.000 0.000 0.000 0.000 0.000 
0.368 0.255 0.166 0.102 0.000 0.000 0.000 0.000 0.000 0.000 0.000 0.000 0.000 0.161 0.248 0.359 0.493 0.637 0.778 0.896 0.974 1.000 0.969 0.886 0.764 0.622 0.478 0.347 0.238 0.154 0.000 0.000 0.000 0.000 0.000 0.000 0.000 0.000 0.000 0.000 0.000 0.000 0.000 0.000 0.000 0.000 0.000 0.000 0.000 0.000 
0.616 0.473 0.342 0.234 0.151 0.000 0.000 0.000 0.000 0.000 0.000 0.000 0.000 0.000 0.110 0.177 0.269 0.386 0.523 0.668 0.806 0.917 0.985 0.998 0.955 0.862 0.735 0.591 0.449 0.321 0.217 0.139 0.000 0.000 0.000 0.000 0.000 0.000 0.000 0.000 0.000 0.000 0.000 0.000 0.000 0.000 0.000 0.000 0.000 0.000 
0.857 0.729 0.585 0.443 0.317 0.214 0.136 0.000 0.000 0.000 0.000 0.000 0.000 0.000 0.000 0.000 0.123 0.195 0.293 0.414 0.554 0.699 0.832 0.935 0.992 0.993 0.939 0.837 0.705 0.560 0.420 0.297 0.198 0.125 0.000 0.000 0.000 0.000 0.000 0.000 0.000 0.000 0.000 0.000 0.000 0.000 0.000 0.000 0.000 0.000 
0.992 0.935 0.832 0.699 0.554 0.414 0.293 0.195 0.123 0.000 0.000 0.000 0.000 0.000 0.000 0.000 0.000 0.000 0.136 0.214 0.317 0.443 0.585 0.729 0.857 0.952 0.997 0.986 0.920 0.811 0.674 0.529 0.392 0.274 0.181 0.112 0.000 0.000 0.000 0.000 0.000 0.000 0.000 0.000 0.000 0.000 0.000 0.000 0.000 0.000 
0.955 0.998 0.985 0.917 0.806 0.668 0.523 0.386 0.269 0.177 0.110 0.000 0.000 0.000 0.000 0.000 0.000 0.000 0.000 0.000 0.151 0.234 0.342 0.473 0.616 0.759 0.881 0.966 1.000 0.976 0.900 0.783 0.643 0.498 0.365 0.252 0.164 0.101 0.000 0.000 0.000 0.000 0.000 0.000 0.000 0.000 0.000 0.000 0.000 0.000 
0.764 0.886 0.969 1.000 0.974 0.896 0.778 0.637 0.493 0.359 0.248 0.161 0.000 0.000 0.000 0.000 0.000 0.000 0.000 0.000 0.000 0.102 0.166 0.255 0.368 0.503 0.647 0.787 0.903 0.978 1.000 0.964 0.878 0.754 0.612 0.468 0.338 0.231 0.148 0.000 0.000 0.000 0.000 0.000 0.000 0.000 0.000 0.000 0.000 0.000 
0.508 0.653 0.792 0.907 0.980 0.999 0.962 0.873 0.749 0.606 0.463 0.333 0.227 0.146 0.000 0.000 0.000 0.000 0.000 0.000 0.000 0.000 0.000 0.114 0.183 0.277 0.396 0.533 0.678 0.815 0.923 0.987 0.997 0.950 0.854 0.725 0.581 0.439 0.313 0.211 0.134 0.000 0.000 0.000 0.000 0.000 0.000 0.000 0.000 0.000 
0.281 0.401 0.539 0.684 0.820 0.927 0.989 0.996 0.947 0.849 0.719 0.575 0.433 0.309 0.207 0.131 0.000 0.000 0.000 0.000 0.000 0.000 0.000 0.000 0.000 0.127 0.201 0.300 0.424 0.564 0.709 0.841 0.941 0.994 0.991 0.933 0.829 0.695 0.549 0.410 0.289 0.192 0.121 0.000 0.000 0.000 0.000 0.000 0.000 0.000 
0.130 0.205 0.305 0.429 0.570 0.715 0.846 0.944 0.995 0.990 0.929 0.823 0.689 0.544 0.405 0.285 0.189 0.118 0.000 0.000 0.000 0.000 0.000 0.000 0.000 0.000 0.000 0.141 0.220 0.325 0.453 0.595 0.739 0.866 0.957 0.998 0.983 0.914 0.802 0.664 0.519 0.383 0.266 0.175 0.108 0.000 0.000 0.000 0.000 0.000 
0.000 0.000 0.144 0.224 0.330 0.458 0.601 0.745 0.870 0.960 0.999 0.981 0.910 0.796 0.658 0.513 0.377 0.262 0.172 0.106 0.000 0.000 0.000 0.000 0.000 0.000 0.000 0.000 0.000 0.156 0.240 0.351 0.483 0.627 0.768 0.889 0.970 1.000 0.973 0.893 0.774 0.633 0.488 0.356 0.245 0.159 0.000 0.000 0.000 0.000 
0.000 0.000 0.000 0.000 0.159 0.245 0.356 0.488 0.633 0.774 0.893 0.973 1.000 0.970 0.889 0.768 0.627 0.483 0.351 0.240 0.156 0.000 0.000 0.000 0.000 0.000 0.000 0.000 0.000 0.000 0.106 0.172 0.262 0.377 0.513 0.658 0.796 0.910 0.981 0.999 0.960 0.870 0.745 0.601 0.458 0.330 0.224 0.144 0.000 0.000 
0.000 0.000 0.000 0.000 0.000 0.108 0.175 0.266 0.383 0.519 0.664 0.802 0.914 0.983 0.998 0.957 0.866 0.739 0.595 0.453 0.325 0.220 0.141 0.000 0.000 0.000 0.000 0.000 0.000 0.000 0.000 0.000 0.118 0.189 0.285 0.405 0.544 0.689 0.823 0.929 0.990 0.995 0.944 0.846 0.715 0.570 0.429 0.305 0.205 0.130 
0.000 0.000 0.000 0.000 0.000 0.000 0.000 0.121 0.192 0.289 0.410 0.549 0.695 0.829 0.933 0.991 0.994 0.941 0.841 0.709 0.564 0.424 0.300 0.201 0.127 0.000 0.000 0.000 0.000 0.000 0.000 0.000 0.000 0.000 0.131 0.207 0.309 0.433 0.575 0.719 0.849 0.947 0.996 0.989 0.927 0.820 0.684 0.539 0.401 0.281 
0.000 0.000 0.000 0.000 0.000 0.000 0.000 0.000 0.000 0.134 0.211 0.313 0.439 0.581 0.725 0.854 0.950 0.997 0.987 0.923 0.815 0.678 0.533 0.396 0.277 0.183 0.114 0.000 0.000 0.000 0.000 0.000 0.000 0.000 0.000 0.000 0.146 0.227 0.333 0.463 0.606 0.749 0.873 0.962 0.999 0.980 0.907 0.792 0.653 0.508 
0.000 0.000 0.000 0.000 0.000 0.000 0.000 0.000 0.000 0.000 0.000 0.148 0.231 0.338 0.468 0.612 0.754 0.878 0.964 1.000 0.978 0.903 0.787 0.647 0.503 0.368 0.255 0.166 0.102 0.000 0.000 0.000 0.000 0.000 0.000 0.000 0.000 0.000 0.161 0.248 0.359 0.493 0.637 0.778 0.896 0.974 1.000 0.969 0.886 0.764 
0.000 0.000 0.000 0.000 0.000 0.000 0.000 0.000 0.000 0.000 0.000 0.000 0.101 0.164 0.252 0.365 0.498 0.643 0.783 0.900 0.976 1.000 0.966 0.881 0.759 0.616 0.473 0.342 0.234 0.151 0.000 0.000 0.000 0.000 0.000 0.000 0.000 0.000 0.000 0.110 0.177 0.269 0.386 0.523 0.668 0.806 0.917 0.985 0.998 0.955 
0.000 0.000 0.000 0.000 0.000 0.000 0.000 0.000 0.000 0.000 0.000 0.000 0.000 0.000 0.112 0.181 0.274 0.392 0.529 0.674 0.811 0.920 0.986 0.997 0.952 0.857 0.729 0.585 0.443 0.317 0.214 0.136 0.000 0.000 0.000 0.000 0.000 0.000 0.000 0.000 0.000 0.123 0.195 0.293 0.414 0.554 0.699 0.832 0.935 0.992 
0.000 0.000 0.000 0.000 0.000 0.000 0.000 0.000 0.000 0.000 0.000 0.000 0.000 0.000 0.000 0.000 0.125 0.198 0.297 0.420 0.560 0.705 0.837 0.939 0.993 0.992 0.935 0.832 0.699 0.554 0.414 0.293 0.195 0.123 0.000 0.000 0.000 0.000 0.000 0.000 0.000 0.000 0.000 0.136 0.214 0.317 0.443 0.585 0.729 0.857 
0.000 0.000 0.000 0.000 0.000 0.000 0.000 0.000 0.000 0.000 0.000 0.000 0.000 0.000 0.000 0.000 0.000 0.000 0.139 0.217 0.321 0.449 0.591 0.735 0.862 0.955 0.998 0.985 0.917 0.806 0.668 0.523 0.386 0.269 0.177 0.110 0.000 0.000 0.000 0.000 0.000 0.000 0.000 0.000 0.000 0.151 0.234 0.342 0.473 0.616 
0.000 0.000 0.000 0.000 0.000 0.000 0.000 0.000 0.000 0.000 0.000 0.000 0.000 0.000 0.000 0.000 0.000 0.000 0.000 0.000 0.154 0.238 0.347 0.478 0.622 0.764 0.886 0.969 1.000 0.974 0.896 0.778 0.637 0.493 0.359 0.248 0.161 0.000 0.000 0.000 0.000 0.000 0.000 0.000 0.000 0.000 0.102 0.166 0.255 0.368 
0.000 0.000 0.000 0.000 0.000 0.000 0.000 0.000 0.000 0.000 0.000 0.000 0.000 0.000 0.000 0.000 0.000 0.000 0.000 0.000 0.000 0.105 0.169 0.259 0.373 0.508 0.653 0.792 0.907 0.980 0.999 0.962 0.873 0.749 0.606 0.463 0.333 0.227 0.146 0.000 0.000 0.000 0.000 0.000 0.000 0.000 0.000 0.000 0.114 0.183 
0.000 0.000 0.000 0.000 0.000 0.000 0.000 0.000 0.000 0.000 0.000 0.000 0.000 0.000 0.000 0.000 0.000 0.000 0.000 0.000 0.000 0.000 0.000 0.117 0.186 0.281 0.401 0.539 0.684 0.820 0.927 0.989 0.996 0.947 0.849 0.719 0.575 0.433 0.309 0.207 0.131 0.000 0.000 0.000 0.000 0.000 0.000 0.000 0.000 0.000 
0.000 0.000 0.000 0.000 0.000 0.000 0.000 0.000 0.000 0.000 0.000 0.000 0.000 0.000 0.000 0.000 0.000 0.000 0.000 0.000 0.000 0.000 0.000 0.000 0.000 0.130 0.205 0.305 0.429 0.570 0.715 0.846 0.944 0.995 0.990 0.929 0.823 0.689 0.544 0.405 0.285 0.189 0.118 0.000 0.000 0.000 0.000 0.000 0.000 0.000 
0.000 0.000 0.000 0.000 0.000 0.000 0.000 0.000 0.000 0.000 0.000 0.000 0.000 0.000 0.000 0.000 0.000 0.000 0.000 0.000 0.000 0.000 0.000 0.000 0.000 0.000 0.000 0.144 0.224 0.330 0.458 0.601 0.745 0.870 0.960 0.999 0.981 0.910 0.796 0.658 0.513 0.377 0.262 0.172 0.106 0.000 0.000 0.000 0.000 0.000 
# 0 2 10 50
0.000 0.000 0.000 0.000 0.000 0.000 0.000 0.130 0.205 0.306 0.431 0.572 0.718 0.849 0.949 1.000 0.995 0.934 0.828 0.693 0.547 0.408 0.287 0.190 0.119 0.000 0.000 0.000 0.000 0.000 0.000 0.000 0.000 0.000 0.000 0.000 0.000 0.000 0.000 0.000 0.000 0.000 0.000 0.000 0.000 0.000 0.000 0.000 0.000 0.000 
0.306 0.205 0.130 0.000 0.000 0.000 0.000 0.000 0.000 0.000 0.000 0.000 0.130 0.205 0.306 0.431 0.572 0.718 0.849 0.949 1.000 0.995 0.934 0.828 0.693 0.547 0.408 0.287 0.190 0.119 0.000 0.000 0.000 0.000 0.000 0.000 0.000 0.000 0.000 0.000 0.000 0.000 0.000 0.000 0.000 0.000 0.000 0.000 0.000 0.000 
0.949 0.849 0.718 0.572 0.431 0.306 0.205 0.130 0.000 0.000 0.000 0.000 0.000 0.000 0.000 0.000 0.000 0.130 0.205 0.306 0.431 0.572 0.718 0.849 0.949 1.000 0.995 0.934 0.828 0.693 0.547 0.408 0.287 0.190 0.119 0.000 0.000 0.000 0.000 0.000 0.000 0.000 0.000 0.000 0.000 0.000 0.000 0.000 0.000 0.000 
0.693 0.828 0.934 0.995 1.000 0.949 0.849 0.718 0.572 0.431 0.306 0.205 0.130 0.000 0.000 0.000 0.000 0.000 0.000 0.000 0.000 0.000 0.130 0.205 0.306 0.431 0.572 0.718 0.849 0.949 1.000 0.995 0.934 0.828 0.693 0.547 0.408 0.287 0.190 0.119 0.000 0.000 0.000 0.000 0.000 0.000 0.000 0.000 0.000 0.000 
0.119 0.190 0.287 0.408 0.547 0.693 0.828 0.934 0.995 1.000 0.949 0.849 0.718 0.572 0.431 0.306 0.205 0.130 0.000 0.000 0.000 0.000 0.000 0.000 0.000 0.000 0.000 0.130 0.205 0.306 0.431 0.572 0.718 0.849 0.949 1.000 0.995 0.934 0.828 0.693 0.547 0.408 0.287 0.190 0.119 0.000 0.000 0.000 0.000 0.000 
0.000 0.000 0.000 0.000 0.000 0.119 0.190 0.287 0.408 0.547 0.693 0.828 0.934 0.995 1.000 0.949 0.849 0.718 0.572 0.431 0.306 0.205 0.130 0.000 0.000 0.000 0.000 0.000 0.000 0.000 0.000 0.000 0.130 0.205 0.306 0.431 0.572 0.718 0.849 0.949 1.000 0.995 0.934 0.828 0.693 0.547 0.408 0.287 0.190 0.119 
0.000 0.000 0.000 0.000 0.000 0.000 0.000 0.000 0.000 0.000 0.119 0.190 0.287 0.408 0.547 0.693 0.828 0.934 0.995 1.000 0.949 0.849 0.718 0.572 0.431 0.306 0.205 0.130 0.000 0.000 0.000 0.000 0.000 0.000 0.000 0.000 0.000 0.130 0.205 0.306 0.431 0.572 0.718 0.849 0.949 1.000 0.995 0.934 0.828 0.693 
0.000 0.000 0.000 0.000 0.000 0.000 0.000 0.000 0.000 0.000 0.000 0.000 0.000 0.000 0.000 0.119 0.190 0.287 0.408 0.547 0.693 0.828 0.934 0.995 1.000 0.949 0.849 0.718 0.572 0.431 0.306 0.205 0.130 0.000 0.000 0.000 0.000 0.000 0.000 0.000 0.000 0.000 0.130 0.205 0.306 0.431 0.572 0.718 0.849 0.949 
0.000 0.000 0.000 0.000 0.000 0.000 0.000 0.000 0.000 0.000 0.000 0.000 0.000 0.000 0.000 0.000 0.000 0.000 0.000 0.000 0.119 0.190 0.287 0.408 0.547 0.693 0.828 0.934 0.995 1.000 0.949 0.849 0.718 0.572 0.431 0.306 0.205 0.130 0.000 0.000 0.000 0.000 0.000 0.000 0.000 0.000 0.000 0.130 0.205 0.306 
0.000 0.000 0.000 0.000 0.000 0.000 0.000 0.000 0.000 0.000 0.000 0.000 0.000 0.000 0.000 0.000 0.000 0.000 0.000 0.000 0.000 0.000 0.000 0.000 0.000 0.119 0.190 0.287 0.408 0.547 0.693 0.828 0.934 0.995 1.000 0.949 0.849 0.718 0.572 0.431 0.306 0.205 0.130 0.000 0.000 0.000 0.000 0.000 0.000 0.000 
# 1 0 50 28
-0.549 -0.771 -0.941 -1.000 -0.925 -0.744 -0.522 -0.318 -0.169 0.000 0.000 0.000 0.000 0.000 0.000 0.000 0.000 0.000 0.000 0.000 0.000 0.000 0.000 0.000 0.000 0.000 0.000 0.000 
-0.576 -0.649 -0.856 -0.983 -0.983 -0.855 -0.648 -0.427 -0.245 -0.122 0.000 0.000 0.000 0.000 0.000 0.000 0.000 0.000 0.000 0.000 0.000 0.000 0.000 0.000 0.000 0.000 0.000 0.000 
-0.702 -0.523 -0.745 -0.925 -1.000 -0.940 -0.770 -0.548 -0.340 -0.184 0.000 0.000 0.000 0.000 0.000 0.000 0.000 0.000 0.000 0.000 0.000 0.000 0.000 0.000 0.000 0.000 0.000 0.000 
-0.819 -0.603 -0.622 -0.834 -0.974 -0.990 -0.876 -0.675 -0.452 -0.264 -0.134 0.000 0.000 0.000 0.000 0.000 0.000 0.000 0.000 0.000 0.000 0.000 0.000 0.000 0.000 0.000 0.000 0.000 
-0.914 -0.728 -0.505 -0.720 -0.908 -0.998 -0.954 -0.794 -0.575 -0.363 -0.199 0.000 0.000 0.000 0.000 0.000 0.000 0.000 0.000 0.000 0.000 0.000 0.000 0.000 0.000 0.000 0.000 0.000 
-0.977 -0.841 -0.631 -0.594 -0.811 -0.963 -0.995 -0.895 -0.701 -0.478 -0.283 -0.146 0.000 0.000 0.000 0.000 0.000 0.000 0.000 0.000 0.000 0.000 0.000 0.000 0.000 0.000 0.000 0.000 
-1.000 -0.931 -0.754 -0.532 -0.693 -0.890 -0.994 -0.966 -0.818 -0.602 -0.386 -0.216 -0.105 0.000 0.000 0.000 0.000 0.000 0.000 0.000 0.000 0.000 0.000 0.000 0.000 0.000 0.000 0.000 
-0.980 -0.986 -0.863 -0.658 -0.567 -0.787 -0.950 -0.999 -0.913 -0.727 -0.504 -0.304 -0.160 0.000 0.000 0.000 0.000 0.000 0.000 0.000 0.000 0.000 0.000 0.000 0.000 0.000 0.000 0.000 
-0.919 -0.999 -0.946 -0.779 -0.558 -0.667 -0.870 -0.988 -0.977 -0.841 -0.630 -0.410 -0.233 -0.115 0.000 0.000 0.000 0.000 0.000 0.000 0.000 0.000 0.000 0.000 0.000 0.000 0.000 0.000 
-0.826 -0.970 -0.992 -0.883 -0.684 -0.540 -0.762 -0.936 -1.000 -0.930 -0.753 -0.531 -0.325 -0.174 0.000 0.000 0.000 0.000 0.000 0.000 0.000 0.000 0.000 0.000 0.000 0.000 0.000 0.000 
-0.710 -0.902 -0.997 -0.959 -0.803 -0.585 -0.640 -0.849 -0.980 -0.985 -0.862 -0.657 -0.435 -0.251 -0.126 0.000 0.000 0.000 0.000 0.000 0.000 0.000 0.000 0.000 0.000 0.000 0.000 0.000 
-0.584 -0.802 -0.958 -0.997 -0.902 -0.711 -0.514 -0.737 -0.920 -0.999 -0.945 -0.778 -0.557 -0.348 -0.189 0.000 0.000 0.000 0.000 0.000 0.000 0.000 0.000 0.000 0.000 0.000 0.000 0.000 
-0.461 -0.683 -0.883 -0.992 -0.970 -0.826 -0.612 -0.612 -0.826 -0.970 -0.992 -0.883 -0.683 -0.461 -0.270 -0.138 0.000 0.000 0.000 0.000 0.000 0.000 0.000 0.000 0.000 0.000 0.000 0.000 
-0.348 -0.557 -0.778 -0.945 -0.999 -0.920 -0.737 -0.514 -0.711 -0.902 -0.997 -0.958 -0.802 -0.584 -0.371 -0.205 0.000 0.000 0.000 0.000 0.000 0.000 0.000 0.000 0.000 0.000 0.000 0.000 
-0.251 -0.435 -0.657 -0.862 -0.985 -0.980 -0.849 -0.640 -0.585 -0.803 -0.959 -0.997 -0.902 -0.710 -0.487 -0.290 -0.151 0.000 0.000 0.000 0.000 0.000 0.000 0.000 0.000 0.000 0.000 0.000 
-0.174 -0.325 -0.531 -0.753 -0.930 -1.000 -0.936 -0.762 -0.540 -0.684 -0.883 -0.992 -0.970 -0.826 -0.612 -0.394 -0.221 -0.108 0.000 0.000 0.000 0.000 0.000 0.000 0.000 0.000 0.000 0.000 
-0.115 -0.233 -0.410 -0.630 -0.841 -0.977 -0.988 -0.870 -0.667 -0.558 -0.779 -0.946 -0.999 -0.919 -0.736 -0.513 -0.311 -0.164 0.000 0.000 0.000 0.000 0.000 0.000 0.000 0.000 0.000 0.000 
0.000 -0.160 -0.304 -0.504 -0.727 -0.913 -0.999 -0.950 -0.787 -0.567 -0.658 -0.863 -0.986 -0.980 -0.848 -0.639 -0.419 -0.239 -0.119 0.000 0.000 0.000 0.000 0.000 0.000 0.000 0.000 0.000 
0.000 -0.105 -0.216 -0.386 -0.602 -0.818 -0.966 -0.994 -0.890 -0.693 -0.532 -0.754 -0.931 -1.000 -0.935 -0.761 -0.539 -0.333 -0.179 0.000 0.000 0.000 0.000 0.000 0.000 0.000 0.000 0.000 
0.000 0.000 -0.146 -0.283 -0.478 -0.701 -0.895 -0.995 -0.963 -0.811 -0.594 -0.631 -0.841 -0.977 -0.988 -0.869 -0.666 -0.444 -0.257 -0.130 0.000 0.000 0.000 0.000 0.000 0.000 0.000 0.000 
0.000 0.000 0.000 -0.199 -0.363 -0.575 -0.794 -0.954 -0.998 -0.908 -0.720 -0.505 -0.728 -0.914 -0.999 -0.950 -0.786 -0.566 -0.355 -0.194 0.000 0.000 0.000 0.000 0.000 0.000 0.000 0.000 
0.000 0.000 0.000 -0.134 -0.264 -0.452 -0.675 -0.876 -0.990 -0.974 -0.834 -0.622 -0.603 -0.819 -0.967 -0.994 -0.889 -0.692 -0.469 -0.277 -0.142 0.000 0.000 0.000 0.000 0.000 0.000 0.000 
0.000 0.000 0.000 0.000 -0.184 -0.340 -0.548 -0.770 -0.940 -1.000 -0.925 -0.745 -0.523 -0.702 -0.896 -0.995 -0.963 -0.810 -0.593 -0.378 -0.210 -0.101 0.000 0.000 0.000 0.000 0.000 0.000 
0.000 0.000 0.000 0.000 -0.122 -0.245 -0.427 -0.648 -0.855 -0.983 -0.983 -0.856 -0.649 -0.576 -0.795 -0.955 -0.998 -0.908 -0.719 -0.495 -0.297 -0.155 0.000 0.000 0.000 0.000 0.000 0.000 
0.000 0.000 0.000 0.000 0.000 -0.169 -0.318 -0.522 -0.744 -0.925 -1.000 -0.941 -0.771 -0.549 -0.675 -0.877 -0.990 -0.974 -0.833 -0.621 -0.402 -0.227 -0.112 0.000 0.000 0.000 0.000 0.000 
0.000 0.000 0.000 0.000 0.000 -0.112 -0.227 -0.402 -0.621 -0.833 -0.974 -0.990 -0.877 -0.675 -0.549 -0.771 -0.941 -1.000 -0.925 -0.744 -0.522 -0.318 -0.169 0.000 0.000 0.000 0.000 0.000 
0.000 0.000 0.000 0.000 0.000 0.000 -0.155 -0.297 -0.495 -0.719 -0.908 -0.998 -0.955 -0.795 -0.576 -0.649 -0.856 -0.983 -0.983 -0.855 -0.648 -0.427 -0.245 -0.122 0.000 0.000 0.000 0.000 
0.000 0.000 0.000 0.000 0.000 0.000 -0.101 -0.210 -0.378 -0.593 -0.810 -0.963 -0.995 -0.896 -0.702 -0.523 -0.745 -0.925 -1.000 -0.940 -0.770 -0.548 -0.340 -0.184 0.000 0.000 0.000 0.000 
0.000 0.000 0.000 0.000 0.000 0.000 0.000 -0.142 -0.277 -0.469 -0.692 -0.889 -0.994 -0.967 -0.819 -0.603 -0.622 -0.834 -0.974 -0.990 -0.876 -0.675 -0.452 -0.264 -0.134 0.000 0.000 0.000 
0.000 0.000 0.000 0.000 0.000 0.000 0.000 0.000 -0.194 -0.355 -0.566 -0.786 -0.950 -0.999 -0.914 -0.728 -0.505 -0.720 -0.908 -0.998 -0.954 -0.794 -0.575 -0.363 -0.199 0.000 0.000 0.000 
0.000 0.000 0.000 0.000 0.000 0.000 0.000 0.000 -0.130 -0.257 -0.444 -0.666 -0.869 -0.988 -0.977 -0.841 -0.631 -0.594 -0.811 -0.963 -0.995 -0.895 -0.701 -0.478 -0.283 -0.146 0.000 0.000 
0.000 0.000 0.000 0.000 0.000 0.000 0.000 0.000 0.000 -0.179 -0.333 -0.539 -0.761 -0.935 -1.000 -0.931 -0.754 -0.532 -0.693 -0.890 -0.994 -0.966 -0.818 -0.602 -0.386 -0.216 -0.105 0.000 
0.000 0.000 0.000 0.000 0.000 0.000 0.000 0.000 0.000 -0.119 -0.239 -0.419 -0.639 -0.848 -0.980 -0.986 -0.863 -0.658 -0.567 -0.787 -0.950 -0.999 -0.913 -0.727 -0.504 -0.304 -0.160 0.000 
0.000 0.000 0.000 0.000 0.000 0.000 0.000 0.000 0.000 0.000 -0.164 -0.311 -0.513 -0.736 -0.919 -0.999 -0.946 -0.779 -0.558 -0.667 -0.870 -0.988 -0.977 -0.841 -0.630 -0.410 -0.233 -0.115 
0.000 0.000 0.000 0.000 0.000 0.000 0.000 0.000 0.000 0.000 -0.108 -0.221 -0.394 -0.612 -0.826 -0.970 -0.992 -0.883 -0.684 -0.540 -0.762 -0.936 -1.000 -0.930 -0.753 -0.531 -0.325 -0.174 
0.000 0.000 0.000 0.000 0.000 0.000 0.000 0.000 0.000 0.000 0.000 -0.151 -0.290 -0.487 -0.710 -0.902 -0.997 -0.959 -0.803 -0.585 -0.640 -0.849 -0.980 -0.985 -0.862 -0.657 -0.435 -0.251 
0.000 0.000 0.000 0.000 0.000 0.000 0.000 0.000 0.000 0.000 0.000 0.000 -0.205 -0.371 -0.584 -0.802 -0.958 -0.997 -0.902 -0.711 -0.514 -0.737 -0.920 -0.999 -0.945 -0.778 -0.557 -0.348 
0.000 0.000 0.000 0.000 0.000 0.000 0.000 0.000 0.000 0.000 0.000 0.000 -0.138 -0.270 -0.461 -0.683 -0.883 -0.992 -0.970 -0.826 -0.612 -0.612 -0.826 -0.970 -0.992 -0.883 -0.683 -0.461 
0.000 0.000 0.000 0.000 0.000 0.000 0.000 0.000 0.000 0.000 0.000 0.000 0.000 -0.189 -0.348 -0.557 -0.778 -0.945 -0.999 -0.920 -0.737 -0.514 -0.711 -0.902 -0.997 -0.958 -0.802 -0.584 
0.000 0.000 0.000 0.000 0.000 0.000 0.000 0.000 0.000 0.000 0.000 0.000 0.000 -0.126 -0.251 -0.435 -0.657 -0.862 -0.985 -0.980 -0.849 -0.640 -0.585 -0.803 -0.959 -0.997 -0.902 -0.710 
0.000 0.000 0.000 0.000 0.000 0.000 0.000 0.000 0.000 0.000 0.000 0.000 0.000 0.000 -0.174 -0.325 -0.531 -0.753 -0.930 -1.000 -0.936 -0.762 -0.540 -0.684 -0.883 -0.992 -0.970 -0.826 
0.000 0.000 0.000 0.000 0.000 0.000 0.000 0.000 0.000 0.000 0.000 0.000 0.000 0.000 -0.115 -0.233 -0.410 -0.630 -0.841 -0.977 -0.988 -0.870 -0.667 -0.558 -0.779 -0.946 -0.999 -0.919 
0.000 0.000 0.000 0.000 0.000 0.000 0.000 0.000 0.000 0.000 0.000 0.000 0.000 0.000 0.000 -0.160 -0.304 -0.504 -0.727 -0.913 -0.999 -0.950 -0.787 -0.567 -0.658 -0.863 -0.986 -0.980 
0.000 0.000 0.000 0.000 0.000 0.000 0.000 0.000 0.000 0.000 0.000 0.000 0.000 0.000 0.000 -0.105 -0.216 -0.386 -0.602 -0.818 -0.966 -0.994 -0.890 -0.693 -0.532 -0.754 -0.931 -1.000 
0.000 0.000 0.000 0.000 0.000 0.000 0.000 0.000 0.000 0.000 0.000 0.000 0.000 0.000 0.000 0.000 -0.146 -0.283 -0.478 -0.701 -0.895 -0.995 -0.963 -0.811 -0.594 -0.631 -0.841 -0.977 
0.000 0.000 0.000 0.000 0.000 0.000 0.000 0.000 0.000 0.000 0.000 0.000 0.000 0.000 0.000 0.000 0.000 -0.199 -0.363 -0.575 -0.794 -0.954 -0.998 -0.908 -0.720 -0.505 -0.728 -0.914 
0.000 0.000 0.000 0.000 0.000 0.000 0.000 0.000 0.000 0.000 0.000 0.000 0.000 0.000 0.000 0.000 0.000 -0.134 -0.264 -0.452 -0.675 -0.876 -0.990 -0.974 -0.834 -0.622 -0.603 -0.819 
0.000 0.000 0.000 0.000 0.000 0.000 0.000 0.000 0.000 0.000 0.000 0.000 0.000 0.000 0.000 0.000 0.000 0.000 -0.184 -0.340 -0.548 -0.770 -0.940 -1.000 -0.925 -0.745 -0.523 -0.702 
0.000 0.000 0.000 0.000 0.000 0.000 0.000 0.000 0.000 0.000 0.000 0.000 0.000 0.000 0.000 0.000 0.000 0.000 -0.122 -0.245 -0.427 -0.648 -0.855 -0.983 -0.983 -0.856 -0.649 -0.576 
0.000 0.000 0.000 0.000 0.000 0.000 0.000 0.000 0.000 0.000 0.000 0.000 0.000 0.000 0.000 0.000 0.000 0.000 0.000 -0.169 -0.318 -0.522 -0.744 -0.925 -1.000 -0.941 -0.771 -0.549 
