1.936542
4
# 0 1 16 50
0.000 0.000 0.000 0.000 0.000 0.000 0.129 0.204 0.303 0.426 0.565 0.709 0.840 0.940 0.993 0.992 0.936 0.835 0.703 0.559 0.420 0.299 0.200 0.127 0.000 0.000 0.000 0.000 0.000 0.000 0.000 0.000 0.000 0.000 0.000 0.000 0.000 0.000 0.000 0.000 0.000 0.000 0.000 0.000 0.000 0.000 0.000 0.000 0.000 0.000 
0.000 0.000 0.000 0.000 0.000 0.000 0.000 0.000 0.000 0.122 0.193 0.289 0.409 0.547 0.691 0.825 0.929 0.990 0.996 0.946 0.849 0.721 0.577 0.437 0.313 0.211 0.135 0.000 0.000 0.000 0.000 0.000 0.000 0.000 0.000 0.000 0.000 0.000 0.000 0.000 0.000 0.000 0.000 0.000 0.000 0.000 0.000 0.000 0.000 0.000 
0.347 0.238 0.154 0.000 0.000 0.000 0.000 0.000 0.000 0.000 0.000 0.000 0.115 0.183 0.276 0.393 0.529 0.673 0.809 0.918 0.985 0.998 0.955 0.864 0.738 0.595 0.454 0.327 0.222 0.143 0.000 0.000 0.000 0.000 0.000 0.000 0.000 0.000 0.000 0.000 0.000 0.000 0.000 0.000 0.000 0.000 0.000 0.000 0.000 0.000 
0.777 0.637 0.494 0.362 0.250 0.164 0.101 0.000 0.000 0.000 0.000 0.000 0.000 0.000 0.000 0.108 0.173 0.263 0.377 0.512 0.655 0.793 0.907 0.979 0.999 0.963 0.877 0.755 0.613 0.471 0.342 0.234 0.152 0.000 0.000 0.000 0.000 0.000 0.000 0.000 0.000 0.000 0.000 0.000 0.000 0.000 0.000 0.000 0.000 0.000 
0.999 0.979 0.907 0.793 0.655 0.512 0.377 0.263 0.173 0.108 0.000 0.000 0.000 0.000 0.000 0.000 0.000 0.000 0.101 0.164 0.250 0.362 0.494 0.637 0.777 0.895 0.973 1.000 0.971 0.890 0.772 0.632 0.488 0.357 0.246 0.161 0.000 0.000 0.000 0.000 0.000 0.000 0.000 0.000 0.000 0.000 0.000 0.000 0.000 0.000 
0.738 0.864 0.955 0.998 0.985 0.918 0.809 0.673 0.529 0.393 0.276 0.183 0.115 0.000 0.000 0.000 0.000 0.000 0.000 0.000 0.000 0.000 0.154 0.238 0.347 0.477 0.619 0.760 0.882 0.966 1.000 0.977 0.903 0.788 0.650 0.506 0.372 0.259 0.170 0.105 0.000 0.000 0.000 0.000 0.000 0.000 0.000 0.000 0.000 0.000 
0.313 0.437 0.577 0.721 0.849 0.946 0.996 0.990 0.929 0.825 0.691 0.547 0.409 0.289 0.193 0.122 0.000 0.000 0.000 0.000 0.000 0.000 0.000 0.000 0.000 0.146 0.226 0.332 0.459 0.601 0.743 0.868 0.958 0.999 0.983 0.915 0.804 0.667 0.524 0.388 0.272 0.180 0.112 0.000 0.000 0.000 0.000 0.000 0.000 0.000 
0.000 0.127 0.200 0.299 0.420 0.559 0.703 0.835 0.936 0.992 0.993 0.940 0.840 0.709 0.565 0.426 0.303 0.204 0.129 0.000 0.000 0.000 0.000 0.000 0.000 0.000 0.000 0.000 0.137 0.215 0.317 0.442 0.583 0.726 0.854 0.949 0.996 0.988 0.926 0.820 0.685 0.541 0.404 0.285 0.190 0.119 0.000 0.000 0.000 0.000 
0.000 0.000 0.000 0.000 0.119 0.190 0.285 0.404 0.541 0.685 0.820 0.926 0.988 0.996 0.949 0.854 0.726 0.583 0.442 0.317 0.215 0.137 0.000 0.000 0.000 0.000 0.000 0.000 0.000 0.000 0.000 0.129 0.204 0.303 0.426 0.565 0.709 0.840 0.940 0.993 0.992 0.936 0.835 0.703 0.559 0.420 0.299 0.200 0.127 0.000 
0.000 0.000 0.000 0.000 0.000 0.000 0.000 0.112 0.180 0.272 0.388 0.524 0.667 0.804 0.915 0.983 0.999 0.958 0.868 0.743 0.601 0.459 0.332 0.226 0.146 0.000 0.000 0.000 0.000 0.000 0.000 0.000 0.000 0.000 0.122 0.193 0.289 0.409 0.547 0.691 0.825 0.929 0.990 0.996 0.946 0.849 0.721 0.577 0.437 0.313 
0.000 0.000 0.000 0.000 0.000 0.000 0.000 0.000 0.000 0.000 0.105 0.170 0.259 0.372 0.506 0.650 0.788 0.903 0.977 1.000 0.966 0.882 0.760 0.619 0.477 0.347 0.238 0.154 0.000 0.000 0.000 0.000 0.000 0.000 0.000 0.000 0.000 0.115 0.183 0.276 0.393 0.529 0.673 0.809 0.918 0.985 0.998 0.955 0.864 0.738 
0.000 0.000 0.000 0.000 0.000 0.000 0.000 0.000 0.000 0.000 0.000 0.000 0.000 0.000 0.161 0.246 0.357 0.488 0.632 0.772 0.890 0.971 1.000 0.973 0.895 0.777 0.637 0.494 0.362 0.250 0.164 0.101 0.000 0.000 0.000 0.000 0.000 0.000 0.000 0.000 0.108 0.173 0.263 0.377 0.512 0.655 0.793 0.907 0.979 0.999 
0.000 0.000 0.000 0.000 0.000 0.000 0.000 0.000 0.000 0.000 0.000 0.000 0.000 0.000 0.000 0.000 0.000 0.152 0.234 0.342 0.471 0.613 0.755 0.877 0.963 0.999 0.979 0.907 0.793 0.655 0.512 0.377 0.263 0.173 0.108 0.000 0.000 0.000 0.000 0.000 0.000 0.000 0.000 0.101 0.164 0.250 0.362 0.494 0.637 0.777 
0.000 0.000 0.000 0.000 0.000 0.000 0.000 0.000 0.000 0.000 0.000 0.000 0.000 0.000 0.000 0.000 0.000 0.000 0.000 0.000 0.143 0.222 0.327 0.454 0.595 0.738 0.864 0.955 0.998 0.985 0.918 0.809 0.673 0.529 0.393 0.276 0.183 0.115 0.000 0.000 0.000 0.000 0.000 0.000 0.000 0.000 0.000 0.154 0.238 0.347 
0.000 0.000 0.000 0.000 0.000 0.000 0.000 0.000 0.000 0.000 0.000 0.000 0.000 0.000 0.000 0.000 0.000 0.000 0.000 0.000 0.000 0.000 0.000 0.135 0.211 0.313 0.437 0.577 0.721 0.849 0.946 0.996 0.990 0.929 0.825 0.691 0.547 0.409 0.289 0.193 0.122 0.000 0.000 0.000 0.000 0.000 0.000 0.000 0.000 0.000 
0.000 0.000 0.000 0.000 0.000 0.000 0.000 0.000 0.000 0.000 0.000 0.000 0.000 0.000 0.000 0.000 0.000 0.000 0.000 0.000 0.000 0.000 0.000 0.000 0.000 0.000 0.127 0.200 0.299 0.420 0.559 0.703 0.835 0.936 0.992 0.993 0.940 0.840 0.709 0.565 0.426 0.303 0.204 0.129 0.000 0.000 0.000 0.000 0.000 0.000 
# 0 2 16 50
0.000 0.000 0.000 0.000 0.000 0.000 0.129 0.204 0.303 0.426 0.565 0.709 0.840 0.940 0.993 0.992 0.936 0.835 0.703 0.559 0.420 0.299 0.200 0.127 0.000 0.000 0.000 0.000 0.000 0.000 0.000 0.000 0.000 0.000 0.000 0.000 0.000 0.000 0.000 0.000 0.000 0.000 0.000 0.000 0.000 0.000 0.000 0.000 0.000 0.000 
0.000 0.000 0.000 0.000 0.000 0.000 0.000 0.000 0.000 0.122 0.193 0.289 0.409 0.547 0.691 0.825 0.929 0.990 0.996 0.946 0.849 0.721 0.577 0.437 0.313 0.211 0.135 0.000 0.000 0.000 0.000 0.000 0.000 0.000 0.000 0.000 0.000 0.000 0.000 0.000 0.000 0.000 0.000 0.000 0.000 0.000 0.000 0.000 0.000 0.000 
0.347 0.238 0.154 0.000 0.000 0.000 0.000 0.000 0.000 0.000 0.000 0.000 0.115 0.183 0.276 0.393 0.529 0.673 0.809 0.918 0.985 0.998 0.955 0.864 0.738 0.595 0.454 0.327 0.222 0.143 0.000 0.000 0.000 0.000 0.000 0.000 0.000 0.000 0.000 0.000 0.000 0.000 0.000 0.000 0.000 0.000 0.000 0.000 0.000 0.000 
0.777 0.637 0.494 0.362 0.250 0.164 0.101 0.000 0.000 0.000 0.000 0.000 0.000 0.000 0.000 0.108 0.173 0.263 0.377 0.512 0.655 0.793 0.907 0.979 0.999 0.963 0.877 0.755 0.613 0.471 0.342 0.234 0.152 0.000 0.000 0.000 0.000 0.000 0.000 0.000 0.000 0.000 0.000 0.000 0.000 0.000 0.000 0.000 0.000 0.000 
0.999 0.979 0.907 0.793 0.655 0.512 0.377 0.263 0.173 0.108 0.000 0.000 0.000 0.000 0.000 0.000 0.000 0.000 0.101 0.164 0.250 0.362 0.494 0.637 0.777 0.895 0.973 1.000 0.971 0.890 0.772 0.632 0.488 0.357 0.246 0.161 0.000 0.000 0.000 0.000 0.000 0.000 0.000 0.000 0.000 0.000 0.000 0.000 0.000 0.000 
0.738 0.864 0.955 0.998 0.985 0.918 0.809 0.673 0.529 0.393 0.276 0.183 0.115 0.000 0.000 0.000 0.000 0.000 0.000 0.000 0.000 0.000 0.154 0.238 0.347 0.477 0.619 0.760 0.882 0.966 1.000 0.977 0.903 0.788 0.650 0.506 0.372 0.259 0.170 0.105 0.000 0.000 0.000 0.000 0.000 0.000 0.000 0.000 0.000 0.000 
0.313 0.437 0.577 0.721 0.849 0.946 0.996 0.990 0.929 0.825 0.691 0.547 0.409 0.289 0.193 0.122 0.000 0.000 0.000 0.000 0.000 0.000 0.000 0.000 0.000 0.146 0.226 0.332 0.459 0.601 0.743 0.868 0.958 0.999 0.983 0.915 0.804 0.667 0.524 0.388 0.272 0.180 0.112 0.000 0.000 0.000 0.000 0.000 0.000 0.000 
0.000 0.127 0.200 0.299 0.420 0.559 0.703 0.835 0.936 0.992 0.993 0.940 0.840 0.709 0.565 0.426 0.303 0.204 0.129 0.000 0.000 0.000 0.000 0.000 0.000 0.000 0.000 0.000 0.137 0.215 0.317 0.442 0.583 0.726 0.854 0.949 0.996 0.988 0.926 0.820 0.685 0.541 0.404 0.285 0.190 0.119 0.000 0.000 0.000 0.000 
0.000 0.000 0.000 0.000 0.119 0.190 0.285 0.404 0.541 0.685 0.820 0.926 0.988 0.996 0.949 0.854 0.726 0.583 0.442 0.317 0.215 0.137 0.000 0.000 0.000 0.000 0.000 0.000 0.000 0.000 0.000 0.129 0.204 0.303 0.426 0.565 0.709 0.840 0.940 0.993 0.992 0.936 0.835 0.703 0.559 0.420 0.299 0.200 0.127 0.000 
0.000 0.000 0.000 0.000 0.000 0.000 0.000 0.112 0.180 0.272 0.388 0.524 0.667 0.804 0.915 0.983 0.999 0.958 0.868 0.743 0.601 0.459 0.332 0.226 0.146 0.000 0.000 0.000 0.000 0.000 0.000 0.000 0.000 0.000 0.122 0.193 0.289 0.409 0.547 0.691 0.825 0.929 0.990 0.996 0.946 0.849 0.721 0.577 0.437 0.313 
0.000 0.000 0.000 0.000 0.000 0.000 0.000 0.000 0.000 0.000 0.105 0.170 0.259 0.372 0.506 0.650 0.788 0.903 0.977 1.000 0.966 0.882 0.760 0.619 0.477 0.347 0.238 0.154 0.000 0.000 0.000 0.000 0.000 0.000 0.000 0.000 0.000 0.115 0.183 0.276 0.393 0.529 0.673 0.809 0.918 0.985 0.998 0.955 0.864 0.738 
0.000 0.000 0.000 0.000 0.000 0.000 0.000 0.000 0.000 0.000 0.000 0.000 0.000 0.000 0.161 0.246 0.357 0.488 0.632 0.772 0.890 0.971 1.000 0.973 0.895 0.777 0.637 0.494 0.362 0.250 0.164 0.101 0.000 0.000 0.000 0.000 0.000 0.000 0.000 0.000 0.108 0.173 0.263 0.377 0.512 0.655 0.793 0.907 0.979 0.999 
0.000 0.000 0.000 0.000 0.000 0.000 0.000 0.000 0.000 0.000 0.000 0.000 0.000 0.000 0.000 0.000 0.000 0.152 0.234 0.342 0.471 0.613 0.755 0.877 0.963 0.999 0.979 0.907 0.793 0.655 0.512 0.377 0.263 0.173 0.108 0.000 0.000 0.000 0.000 0.000 0.000 0.000 0.000 0.101 0.164 0.250 0.362 0.494 0.637 0.777 
0.000 0.000 0.000 0.000 0.000 0.000 0.000 0.000 0.000 0.000 0.000 0.000 0.000 0.000 0.000 0.000 0.000 0.000 0.000 0.000 0.143 0.222 0.327 0.454 0.595 0.738 0.864 0.955 0.998 0.985 0.918 0.809 0.673 0.529 0.393 0.276 0.183 0.115 0.000 0.000 0.000 0.000 0.000 0.000 0.000 0.000 0.000 0.154 0.238 0.347 
0.000 0.000 0.000 0.000 0.000 0.000 0.000 0.000 0.000 0.000 0.000 0.000 0.000 0.000 0.000 0.000 0.000 0.000 0.000 0.000 0.000 0.000 0.000 0.135 0.211 0.313 0.437 0.577 0.721 0.849 0.946 0.996 0.990 0.929 0.825 0.691 0.547 0.409 0.289 0.193 0.122 0.000 0.000 0.000 0.000 0.000 0.000 0.000 0.000 0.000 
0.000 0.000 0.000 0.000 0.000 0.000 0.000 0.000 0.000 0.000 0.000 0.000 0.000 0.000 0.000 0.000 0.000 0.000 0.000 0.000 0.000 0.000 0.000 0.000 0.000 0.000 0.127 0.200 0.299 0.420 0.559 0.703 0.835 0.936 0.992 0.993 0.940 0.840 0.709 0.565 0.426 0.303 0.204 0.129 0.000 0.000 0.000 0.000 0.000 0.000 
# 0 3 8 50
0.000 0.000 0.000 0.000 0.000 0.000 0.000 0.000 0.159 0.244 0.354 0.485 0.628 0.769 0.888 0.970 1.000 0.974 0.897 0.780 0.641 0.497 0.364 0.252 0.165 0.102 0.000 0.000 0.000 0.000 0.000 0.000 0.000 0.000 0.000 0.000 0.000 0.000 0.000 0.000 0.000 0.000 0.000 0.000 0.000 0.000 0.000 0.000 0.000 0.000 
0.556 0.418 0.296 0.198 0.126 0.000 0.000 0.000 0.000 0.000 0.000 0.000 0.000 0.000 0.142 0.220 0.324 0.451 0.592 0.735 0.861 0.954 0.998 0.986 0.920 0.812 0.676 0.532 0.396 0.278 0.185 0.116 0.000 0.000 0.000 0.000 0.000 0.000 0.000 0.000 0.000 0.000 0.000 0.000 0.000 0.000 0.000 0.000 0.000 0.000 
0.920 0.986 0.998 0.954 0.861 0.735 0.592 0.451 0.324 0.220 0.142 0.000 0.000 0.000 0.000 0.000 0.000 0.000 0.000 0.000 0.126 0.198 0.296 0.418 0.556 0.700 0.832 0.935 0.992 0.994 0.941 0.842 0.712 0.568 0.429 0.305 0.206 0.131 0.000 0.000 0.000 0.000 0.000 0.000 0.000 0.000 0.000 0.000 0.000 0.000 
0.165 0.252 0.364 0.497 0.641 0.780 0.897 0.974 1.000 0.970 0.888 0.769 0.628 0.485 0.354 0.244 0.159 0.000 0.000 0.000 0.000 0.000 0.000 0.000 0.000 0.000 0.111 0.178 0.269 0.385 0.520 0.664 0.801 0.913 0.982 0.999 0.959 0.871 0.746 0.604 0.462 0.334 0.228 0.147 0.000 0.000 0.000 0.000 0.000 0.000 
0.000 0.000 0.000 0.000 0.000 0.000 0.147 0.228 0.334 0.462 0.604 0.746 0.871 0.959 0.999 0.982 0.913 0.801 0.664 0.520 0.385 0.269 0.178 0.111 0.000 0.000 0.000 0.000 0.000 0.000 0.000 0.000 0.000 0.159 0.244 0.354 0.485 0.628 0.769 0.888 0.970 1.000 0.974 0.897 0.780 0.641 0.497 0.364 0.252 0.165 
0.000 0.000 0.000 0.000 0.000 0.000 0.000 0.000 0.000 0.000 0.000 0.000 0.131 0.206 0.305 0.429 0.568 0.712 0.842 0.941 0.994 0.992 0.935 0.832 0.700 0.556 0.418 0.296 0.198 0.126 0.000 0.000 0.000 0.000 0.000 0.000 0.000 0.000 0.000 0.142 0.220 0.324 0.451 0.592 0.735 0.861 0.954 0.998 0.986 0.920 
0.000 0.000 0.000 0.000 0.000 0.000 0.000 0.000 0.000 0.000 0.000 0.000 0.000 0.000 0.000 0.000 0.000 0.000 0.116 0.185 0.278 0.396 0.532 0.676 0.812 0.920 0.986 0.998 0.954 0.861 0.735 0.592 0.451 0.324 0.220 0.142 0.000 0.000 0.000 0.000 0.000 0.000 0.000 0.000 0.000 0.126 0.198 0.296 0.418 0.556 
0.000 0.000 0.000 0.000 0.000 0.000 0.000 0.000 0.000 0.000 0.000 0.000 0.000 0.000 0.000 0.000 0.000 0.000 0.000 0.000 0.000 0.000 0.000 0.000 0.102 0.165 0.252 0.364 0.497 0.641 0.780 0.897 0.974 1.000 0.970 0.888 0.769 0.628 0.485 0.354 0.244 0.159 0.000 0.000 0.000 0.000 0.000 0.000 0.000 0.000 
# 1 0 50 16
-0.802 -0.990 -0.928 -0.660 -0.356 -0.146 0.000 0.000 0.000 0.000 0.000 0.000 0.000 0.000 0.000 0.000 
-0.707 -0.954 -0.976 -0.758 -0.447 -0.200 0.000 0.000 0.000 0.000 0.000 0.000 0.000 0.000 0.000 0.000 
-0.791 -0.893 -0.999 -0.847 -0.545 -0.266 0.000 0.000 0.000 0.000 0.000 0.000 0.000 0.000 0.000 0.000 
-0.875 -0.813 -0.993 -0.920 -0.647 -0.345 -0.140 0.000 0.000 0.000 0.000 0.000 0.000 0.000 0.000 0.000 
-0.941 -0.719 -0.960 -0.972 -0.746 -0.435 -0.192 0.000 0.000 0.000 0.000 0.000 0.000 0.000 0.000 0.000 
-0.984 -0.779 -0.902 -0.997 -0.837 -0.533 -0.257 0.000 0.000 0.000 0.000 0.000 0.000 0.000 0.000 0.000 
-1.000 -0.865 -0.824 -0.995 -0.912 -0.634 -0.335 -0.134 0.000 0.000 0.000 0.000 0.000 0.000 0.000 0.000 
-0.988 -0.934 -0.732 -0.965 -0.967 -0.734 -0.423 -0.185 0.000 0.000 0.000 0.000 0.000 0.000 0.000 0.000 
-0.949 -0.980 -0.767 -0.910 -0.996 -0.826 -0.520 -0.248 0.000 0.000 0.000 0.000 0.000 0.000 0.000 0.000 
-0.886 -0.999 -0.855 -0.835 -0.997 -0.904 -0.622 -0.324 -0.128 0.000 0.000 0.000 0.000 0.000 0.000 0.000 
-0.804 -0.991 -0.926 -0.744 -0.971 -0.961 -0.722 -0.411 -0.178 0.000 0.000 0.000 0.000 0.000 0.000 0.000 
-0.710 -0.955 -0.975 -0.756 -0.919 -0.994 -0.815 -0.508 -0.240 0.000 0.000 0.000 0.000 0.000 0.000 0.000 
-0.609 -0.895 -0.999 -0.845 -0.845 -0.999 -0.895 -0.609 -0.314 -0.123 0.000 0.000 0.000 0.000 0.000 0.000 
-0.508 -0.815 -0.994 -0.919 -0.756 -0.975 -0.955 -0.710 -0.400 -0.171 0.000 0.000 0.000 0.000 0.000 0.000 
-0.411 -0.722 -0.961 -0.971 -0.744 -0.926 -0.991 -0.804 -0.495 -0.231 0.000 0.000 0.000 0.000 0.000 0.000 
-0.324 -0.622 -0.904 -0.997 -0.835 -0.855 -0.999 -0.886 -0.596 -0.304 -0.118 0.000 0.000 0.000 0.000 0.000 
-0.248 -0.520 -0.826 -0.996 -0.910 -0.767 -0.980 -0.949 -0.697 -0.389 -0.164 0.000 0.000 0.000 0.000 0.000 
-0.185 -0.423 -0.734 -0.967 -0.965 -0.732 -0.934 -0.988 -0.793 -0.483 -0.223 0.000 0.000 0.000 0.000 0.000 
-0.134 -0.335 -0.634 -0.912 -0.995 -0.824 -0.865 -1.000 -0.877 -0.583 -0.294 -0.113 0.000 0.000 0.000 0.000 
0.000 -0.257 -0.533 -0.837 -0.997 -0.902 -0.779 -0.984 -0.942 -0.685 -0.378 -0.158 0.000 0.000 0.000 0.000 
0.000 -0.192 -0.435 -0.746 -0.972 -0.960 -0.719 -0.941 -0.985 -0.782 -0.471 -0.215 0.000 0.000 0.000 0.000 
0.000 -0.140 -0.345 -0.647 -0.920 -0.993 -0.813 -0.875 -1.000 -0.867 -0.571 -0.285 -0.108 0.000 0.000 0.000 
0.000 0.000 -0.266 -0.545 -0.847 -0.999 -0.893 -0.791 -0.987 -0.935 -0.672 -0.367 -0.152 0.000 0.000 0.000 
0.000 0.000 -0.200 -0.447 -0.758 -0.976 -0.954 -0.707 -0.948 -0.981 -0.770 -0.459 -0.207 0.000 0.000 0.000 
0.000 0.000 -0.146 -0.356 -0.660 -0.928 -0.990 -0.802 -0.884 -1.000 -0.857 -0.558 -0.275 -0.103 0.000 0.000 
0.000 0.000 -0.103 -0.275 -0.558 -0.857 -1.000 -0.884 -0.802 -0.990 -0.928 -0.660 -0.356 -0.146 0.000 0.000 
0.000 0.000 0.000 -0.207 -0.459 -0.770 -0.981 -0.948 -0.707 -0.954 -0.976 -0.758 -0.447 -0.200 0.000 0.000 
0.000 0.000 0.000 -0.152 -0.367 -0.672 -0.935 -0.987 -0.791 -0.893 -0.999 -0.847 -0.545 -0.266 0.000 0.000 
0.000 0.000 0.000 -0.108 -0.285 -0.571 -0.867 -1.000 -0.875 -0.813 -0.993 -0.920 -0.647 -0.345 -0.140 0.000 
0.000 0.000 0.000 0.000 -0.215 -0.471 -0.782 -0.985 -0.941 -0.719 -0.960 -0.972 -0.746 -0.435 -0.192 0.000 
0.000 0.000 0.000 0.000 -0.158 -0.378 -0.685 -0.942 -0.984 -0.779 -0.902 -0.997 -0.837 -0.533 -0.257 0.000 
0.000 0.000 0.000 0.000 -0.113 -0.294 -0.583 -0.877 -1.000 -0.865 -0.824 -0.995 -0.912 -0.634 -0.335 -0.134 
0.000 0.000 0.000 0.000 0.000 -0.223 -0.483 -0.793 -0.988 -0.934 -0.732 -0.965 -0.967 -0.734 -0.423 -0.185 
0.000 0.000 0.000 0.000 0.000 -0.164 -0.389 -0.697 -0.949 -0.980 -0.767 -0.910 -0.996 -0.826 -0.520 -0.248 
0.000 0.000 0.000 0.000 0.000 -0.118 -0.304 -0.596 -0.886 -0.999 -0.855 -0.835 -0.997 -0.904 -0.622 -0.324 
0.000 0.000 0.000 0.000 0.000 0.000 -0.231 -0.495 -0.804 -0.991 -0.926 -0.744 -0.971 -0.961 -0.722 -0.411 
0.000 0.000 0.000 0.000 0.000 0.000 -0.171 -0.400 -0.710 -0.955 -0.975 -0.756 -0.919 -0.994 -0.815 -0.508 
0.000 0.000 0.000 0.000 0.000 0.000 -0.123 -0.314 -0.609 -0.895 -0.999 -0.845 -0.845 -0.999 -0.895 -0.609 
0.000 0.000 0.000 0.000 0.000 0.000 0.000 -0.240 -0.508 -0.815 -0.994 -0.919 -0.756 -0.975 -0.955 -0.710 
0.000 0.000 0.000 0.000 0.000 0.000 0.000 -0.178 -0.411 -0.722 -0.961 -0.971 -0.744 -0.926 -0.991 -0.804 
0.000 0.000 0.000 0.000 0.000 0.000 0.000 -0.128 -0.324 -0.622 -0.904 -0.997 -0.835 -0.855 -0.999 -0.886 
0.000 0.000 0.000 0.000 0.000 0.000 0.000 0.000 -0.248 -0.520 -0.826 -0.996 -0.910 -0.767 -0.980 -0.949 
0.000 0.000 0.000 0.000 0.000 0.000 0.000 0.000 -0.185 -0.423 -0.734 -0.967 -0.965 -0.732 -0.934 -0.988 
0.000 0.000 0.000 0.000 0.000 0.000 0.000 0.000 -0.134 -0.335 -0.634 -0.912 -0.995 -0.824 -0.865 -1.000 
0.000 0.000 0.000 0.000 0.000 0.000 0.000 0.000 0.000 -0.257 -0.533 -0.837 -0.997 -0.902 -0.779 -0.984 
0.000 0.000 0.000 0.000 0.000 0.000 0.000 0.000 0.000 -0.192 -0.435 -0.746 -0.972 -0.960 -0.719 -0.941 
0.000 0.000 0.000 0.000 0.000 0.000 0.000 0.000 0.000 -0.140 -0.345 -0.647 -0.920 -0.993 -0.813 -0.875 
0.000 0.000 0.000 0.000 0.000 0.000 0.000 0.000 0.000 0.000 -0.266 -0.545 -0.847 -0.999 -0.893 -0.791 
0.000 0.000 0.000 0.000 0.000 0.000 0.000 0.000 0.000 0.000 -0.200 -0.447 -0.758 -0.976 -0.954 -0.707 
0.000 0.000 0.000 0.000 0.000 0.000 0.000 0.000 0.000 0.000 -0.146 -0.356 -0.660 -0.928 -0.990 -0.802 
# 1 2 16 16
-0.716 -0.972 -1.000 -0.781 -0.463 -0.208 0.000 0.000 0.000 0.000 0.000 0.000 0.000 0.000 0.000 0.000 
-0.972 -0.716 -0.972 -1.000 -0.781 -0.463 -0.208 0.000 0.000 0.000 0.000 0.000 0.000 0.000 0.000 0.000 
-1.000 -0.972 -0.716 -0.972 -1.000 -0.781 -0.463 -0.208 0.000 0.000 0.000 0.000 0.000 0.000 0.000 0.000 
-0.781 -1.000 -0.972 -0.716 -0.972 -1.000 -0.781 -0.463 -0.208 0.000 0.000 0.000 0.000 0.000 0.000 0.000 
-0.463 -0.781 -1.000 -0.972 -0.716 -0.972 -1.000 -0.781 -0.463 -0.208 0.000 0.000 0.000 0.000 0.000 0.000 
-0.208 -0.463 -0.781 -1.000 -0.972 -0.716 -0.972 -1.000 -0.781 -0.463 -0.208 0.000 0.000 0.000 0.000 0.000 
0.000 -0.208 -0.463 -0.781 -1.000 -0.972 -0.716 -0.972 -1.000 -0.781 -0.463 -0.208 0.000 0.000 0.000 0.000 
0.000 0.000 -0.208 -0.463 -0.781 -1.000 -0.972 -0.716 -0.972 -1.000 -0.781 -0.463 -0.208 0.000 0.000 0.000 
0.000 0.000 0.000 -0.208 -0.463 -0.781 -1.000 -0.972 -0.716 -0.972 -1.000 -0.781 -0.463 -0.208 0.000 0.000 
0.000 0.000 0.000 0.000 -0.208 -0.463 -0.781 -1.000 -0.972 -0.716 -0.972 -1.000 -0.781 -0.463 -0.208 0.000 
0.000 0.000 0.000 0.000 0.000 -0.208 -0.463 -0.781 -1.000 -0.972 -0.716 -0.972 -1.000 -0.781 -0.463 -0.208 
0.000 0.000 0.000 0.000 0.000 0.000 -0.208 -0.463 -0.781 -1.000 -0.972 -0.716 -0.972 -1.000 -0.781 -0.463 
0.000 0.000 0.000 0.000 0.000 0.000 0.000 -0.208 -0.463 -0.781 -1.000 -0.972 -0.716 -0.972 -1.000 -0.781 
0.000 0.000 0.000 0.000 0.000 0.000 0.000 0.000 -0.208 -0.463 -0.781 -1.000 -0.972 -0.716 -0.972 -1.000 
0.000 0.000 0.000 0.000 0.000 0.000 0.000 0.000 0.000 -0.208 -0.463 -0.781 -1.000 -0.972 -0.716 -0.972 
0.000 0.000 0.000 0.000 0.000 0.000 0.000 0.000 0.000 0.000 -0.208 -0.463 -0.781 -1.000 -0.972 -0.716 
# 2 0 50 16
-0.813 -0.992 -0.927 -0.663 -0.363 -0.152 0.000 0.000 0.000 0.000 0.000 0.000 0.000 0.000 0.000 0.000 
-0.721 -0.958 -0.975 -0.759 -0.453 -0.207 0.000 0.000 0.000 0.000 0.000 0.000 0.000 0.000 0.000 0.000 
-0.802 -0.901 -0.998 -0.847 -0.550 -0.274 -0.104 0.000 0.000 0.000 0.000 0.000 0.000 0.000 0.000 0.000 
-0.883 -0.824 -0.994 -0.919 -0.650 -0.352 -0.146 0.000 0.000 0.000 0.000 0.000 0.000 0.000 0.000 0.000 
-0.946 -0.733 -0.964 -0.970 -0.748 -0.441 -0.199 0.000 0.000 0.000 0.000 0.000 0.000 0.000 0.000 0.000 
-0.986 -0.791 -0.909 -0.997 -0.837 -0.538 -0.265 0.000 0.000 0.000 0.000 0.000 0.000 0.000 0.000 0.000 
-1.000 -0.874 -0.834 -0.996 -0.911 -0.638 -0.342 -0.140 0.000 0.000 0.000 0.000 0.000 0.000 0.000 0.000 
-0.987 -0.939 -0.745 -0.969 -0.965 -0.736 -0.430 -0.192 0.000 0.000 0.000 0.000 0.000 0.000 0.000 0.000 
-0.948 -0.982 -0.780 -0.917 -0.995 -0.826 -0.525 -0.256 0.000 0.000 0.000 0.000 0.000 0.000 0.000 0.000 
-0.885 -1.000 -0.864 -0.845 -0.998 -0.903 -0.625 -0.331 -0.135 0.000 0.000 0.000 0.000 0.000 0.000 0.000 
-0.805 -0.990 -0.932 -0.757 -0.974 -0.960 -0.724 -0.418 -0.185 0.000 0.000 0.000 0.000 0.000 0.000 0.000 
-0.712 -0.954 -0.978 -0.768 -0.925 -0.993 -0.816 -0.513 -0.247 0.000 0.000 0.000 0.000 0.000 0.000 0.000 
-0.613 -0.894 -0.999 -0.855 -0.855 -0.999 -0.894 -0.613 -0.321 -0.129 0.000 0.000 0.000 0.000 0.000 0.000 
-0.513 -0.816 -0.993 -0.925 -0.768 -0.978 -0.954 -0.712 -0.407 -0.178 0.000 0.000 0.000 0.000 0.000 0.000 
-0.418 -0.724 -0.960 -0.974 -0.757 -0.932 -0.990 -0.805 -0.501 -0.239 0.000 0.000 0.000 0.000 0.000 0.000 
-0.331 -0.625 -0.903 -0.998 -0.845 -0.864 -1.000 -0.885 -0.600 -0.311 -0.124 0.000 0.000 0.000 0.000 0.000 
-0.256 -0.525 -0.826 -0.995 -0.917 -0.780 -0.982 -0.948 -0.700 -0.396 -0.171 0.000 0.000 0.000 0.000 0.000 
-0.192 -0.430 -0.736 -0.965 -0.969 -0.745 -0.939 -0.987 -0.794 -0.489 -0.230 0.000 0.000 0.000 0.000 0.000 
-0.140 -0.342 -0.638 -0.911 -0.996 -0.834 -0.874 -1.000 -0.876 -0.588 -0.302 -0.119 0.000 0.000 0.000 0.000 
0.000 -0.265 -0.538 -0.837 -0.997 -0.909 -0.791 -0.986 -0.941 -0.687 -0.384 -0.165 0.000 0.000 0.000 0.000 
0.000 -0.199 -0.441 -0.748 -0.970 -0.964 -0.733 -0.946 -0.983 -0.782 -0.477 -0.222 0.000 0.000 0.000 0.000 
0.000 -0.146 -0.352 -0.650 -0.919 -0.994 -0.824 -0.883 -1.000 -0.867 -0.575 -0.292 -0.114 0.000 0.000 0.000 
0.000 -0.104 -0.274 -0.550 -0.847 -0.998 -0.901 -0.802 -0.989 -0.934 -0.675 -0.374 -0.158 0.000 0.000 0.000 
0.000 0.000 -0.207 -0.453 -0.759 -0.975 -0.958 -0.721 -0.952 -0.979 -0.771 -0.465 -0.214 0.000 0.000 0.000 
0.000 0.000 -0.152 -0.363 -0.663 -0.927 -0.992 -0.813 -0.892 -0.999 -0.857 -0.563 -0.283 -0.109 0.000 0.000 
0.000 0.000 -0.109 -0.283 -0.563 -0.857 -0.999 -0.892 -0.813 -0.992 -0.927 -0.663 -0.363 -0.152 0.000 0.000 
0.000 0.000 0.000 -0.214 -0.465 -0.771 -0.979 -0.952 -0.721 -0.958 -0.975 -0.759 -0.453 -0.207 0.000 0.000 
0.000 0.000 0.000 -0.158 -0.374 -0.675 -0.934 -0.989 -0.802 -0.901 -0.998 -0.847 -0.550 -0.274 -0.104 0.000 
0.000 0.000 0.000 -0.114 -0.292 -0.575 -0.867 -1.000 -0.883 -0.824 -0.994 -0.919 -0.650 -0.352 -0.146 0.000 
0.000 0.000 0.000 0.000 -0.222 -0.477 -0.782 -0.983 -0.946 -0.733 -0.964 -0.970 -0.748 -0.441 -0.199 0.000 
0.000 0.000 0.000 0.000 -0.165 -0.384 -0.687 -0.941 -0.986 -0.791 -0.909 -0.997 -0.837 -0.538 -0.265 0.000 
0.000 0.000 0.000 0.000 -0.119 -0.302 -0.588 -0.876 -1.000 -0.874 -0.834 -0.996 -0.911 -0.638 -0.342 -0.140 
0.000 0.000 0.000 0.000 0.000 -0.230 -0.489 -0.794 -0.987 -0.939 -0.745 -0.969 -0.965 -0.736 -0.430 -0.192 
0.000 0.000 0.000 0.000 0.000 -0.171 -0.396 -0.700 -0.948 -0.982 -0.780 -0.917 -0.995 -0.826 -0.525 -0.256 
0.000 0.000 0.000 0.000 0.000 -0.124 -0.311 -0.600 -0.885 -1.000 -0.864 -0.845 -0.998 -0.903 -0.625 -0.331 
0.000 0.000 0.000 0.000 0.000 0.000 -0.239 -0.501 -0.805 -0.990 -0.932 -0.757 -0.974 -0.960 -0.724 -0.418 
0.000 0.000 0.000 0.000 0.000 0.000 -0.178 -0.407 -0.712 -0.954 -0.978 -0.768 -0.925 -0.993 -0.816 -0.513 
0.000 0.000 0.000 0.000 0.000 0.000 -0.129 -0.321 -0.613 -0.894 -0.999 -0.855 -0.855 -0.999 -0.894 -0.613 
0.000 0.000 0.000 0.000 0.000 0.000 0.000 -0.247 -0.513 -0.816 -0.993 -0.925 -0.768 -0.978 -0.954 -0.712 
0.000 0.000 0.000 0.000 0.000 0.000 0.000 -0.185 -0.418 -0.724 -0.960 -0.974 -0.757 -0.932 -0.990 -0.805 
0.000 0.000 0.000 0.000 0.000 0.000 0.000 -0.135 -0.331 -0.625 -0.903 -0.998 -0.845 -0.864 -1.000 -0.885 
0.000 0.000 0.000 0.000 0.000 0.000 0.000 0.000 -0.256 -0.525 -0.826 -0.995 -0.917 -0.780 -0.982 -0.948 
0.000 0.000 0.000 0.000 0.000 0.000 0.000 0.000 -0.192 -0.430 -0.736 -0.965 -0.969 -0.745 -0.939 -0.987 
0.000 0.000 0.000 0.000 0.000 0.000 0.000 0.000 -0.140 -0.342 -0.638 -0.911 -0.996 -0.834 -0.874 -1.000 
0.000 0.000 0.000 0.000 0.000 0.000 0.000 0.000 0.000 -0.265 -0.538 -0.837 -0.997 -0.909 -0.791 -0.986 
0.000 0.000 0.000 0.000 0.000 0.000 0.000 0.000 0.000 -0.199 -0.441 -0.748 -0.970 -0.964 -0.733 -0.946 
0.000 0.000 0.000 0.000 0.000 0.000 0.000 0.000 0.000 -0.146 -0.352 -0.650 -0.919 -0.994 -0.824 -0.883 
0.000 0.000 0.000 0.000 0.000 0.000 0.000 0.000 0.000 -0.104 -0.274 -0.550 -0.847 -0.998 -0.901 -0.802 
0.000 0.000 0.000 0.000 0.000 0.000 0.000 0.000 0.000 0.000 -0.207 -0.453 -0.759 -0.975 -0.958 -0.721 
0.000 0.000 0.000 0.000 0.000 0.000 0.000 0.000 0.000 0.000 -0.152 -0.363 -0.663 -0.927 -0.992 -0.813 
# 2 1 16 16
-0.732 -0.978 -1.000 -0.783 -0.469 -0.216 0.000 0.000 0.000 0.000 0.000 0.000 0.000 0.000 0.000 0.000 
-0.978 -0.732 -0.978 -1.000 -0.783 -0.469 -0.216 0.000 0.000 0.000 0.000 0.000 0.000 0.000 0.000 0.000 
-1.000 -0.978 -0.732 -0.978 -1.000 -0.783 -0.469 -0.216 0.000 0.000 0.000 0.000 0.000 0.000 0.000 0.000 
-0.783 -1.000 -0.978 -0.732 -0.978 -1.000 -0.783 -0.469 -0.216 0.000 0.000 0.000 0.000 0.000 0.000 0.000 
-0.469 -0.783 -1.000 -0.978 -0.732 -0.978 -1.000 -0.783 -0.469 -0.216 0.000 0.000 0.000 0.000 0.000 0.000 
-0.216 -0.469 -0.783 -1.000 -0.978 -0.732 -0.978 -1.000 -0.783 -0.469 -0.216 0.000 0.000 0.000 0.000 0.000 
0.000 -0.216 -0.469 -0.783 -1.000 -0.978 -0.732 -0.978 -1.000 -0.783 -0.469 -0.216 0.000 0.000 0.000 0.000 
0.000 0.000 -0.216 -0.469 -0.783 -1.000 -0.978 -0.732 -0.978 -1.000 -0.783 -0.469 -0.216 0.000 0.000 0.000 
0.000 0.000 0.000 -0.216 -0.469 -0.783 -1.000 -0.978 -0.732 -0.978 -1.000 -0.783 -0.469 -0.216 0.000 0.000 
0.000 0.000 0.000 0.000 -0.216 -0.469 -0.783 -1.000 -0.978 -0.732 -0.978 -1.000 -0.783 -0.469 -0.216 0.000 
0.000 0.000 0.000 0.000 0.000 -0.216 -0.469 -0.783 -1.000 -0.978 -0.732 -0.978 -1.000 -0.783 -0.469 -0.216 
0.000 0.000 0.000 0.000 0.000 0.000 -0.216 -0.469 -0.783 -1.000 -0.978 -0.732 -0.978 -1.000 -0.783 -0.469 
0.000 0.000 0.000 0.000 0.000 0.000 0.000 -0.216 -0.469 -0.783 -1.000 -0.978 -0.732 -0.978 -1.000 -0.783 
0.000 0.000 0.000 0.000 0.000 0.000 0.000 0.000 -0.216 -0.469 -0.783 -1.000 -0.978 -0.732 -0.978 -1.000 
0.000 0.000 0.000 0.000 0.000 0.000 0.000 0.000 0.000 -0.216 -0.469 -0.783 -1.000 -0.978 -0.732 -0.978 
0.000 0.000 0.000 0.000 0.000 0.000 0.000 0.000 0.000 0.000 -0.216 -0.469 -0.783 -1.000 -0.978 -0.732 
