1.947885
4
# 0 1 22 50
0.774 0.734 0.870 0.965 1.000 0.969 0.879 0.745 0.590 0.438 0.303 0.197 0.119 0.000 0.000 0.000 0.000 0.000 0.000 0.000 0.000 0.000 0.000 0.000 0.000 0.000 0.000 0.000 0.000 0.000 0.000 0.000 0.000 0.000 0.000 0.000 0.000 0.000 0.000 0.000 0.000 0.000 0.000 0.000 0.000 0.000 0.000 0.000 0.000 0.000 
0.992 0.928 0.812 0.693 0.836 0.944 0.997 0.984 0.909 0.784 0.633 0.478 0.337 0.223 0.138 0.000 0.000 0.000 0.000 0.000 0.000 0.000 0.000 0.000 0.000 0.000 0.000 0.000 0.000 0.000 0.000 0.000 0.000 0.000 0.000 0.000 0.000 0.000 0.000 0.000 0.000 0.000 0.000 0.000 0.000 0.000 0.000 0.000 0.000 0.000 
0.899 0.980 0.998 0.952 0.848 0.707 0.800 0.920 0.989 0.994 0.935 0.822 0.676 0.520 0.374 0.251 0.158 0.000 0.000 0.000 0.000 0.000 0.000 0.000 0.000 0.000 0.000 0.000 0.000 0.000 0.000 0.000 0.000 0.000 0.000 0.000 0.000 0.000 0.000 0.000 0.000 0.000 0.000 0.000 0.000 0.000 0.000 0.000 0.000 0.000 
0.576 0.731 0.868 0.963 1.000 0.971 0.881 0.748 0.761 0.891 0.976 0.999 0.957 0.857 0.718 0.562 0.411 0.282 0.180 0.108 0.000 0.000 0.000 0.000 0.000 0.000 0.000 0.000 0.000 0.000 0.000 0.000 0.000 0.000 0.000 0.000 0.000 0.000 0.000 0.000 0.000 0.000 0.000 0.000 0.000 0.000 0.000 0.000 0.000 0.000 
0.261 0.386 0.534 0.690 0.834 0.943 0.996 0.985 0.911 0.787 0.721 0.859 0.958 1.000 0.975 0.889 0.758 0.605 0.451 0.315 0.205 0.125 0.000 0.000 0.000 0.000 0.000 0.000 0.000 0.000 0.000 0.000 0.000 0.000 0.000 0.000 0.000 0.000 0.000 0.000 0.000 0.000 0.000 0.000 0.000 0.000 0.000 0.000 0.000 0.000 
0.000 0.144 0.232 0.349 0.492 0.647 0.797 0.918 0.988 0.995 0.937 0.825 0.679 0.825 0.937 0.995 0.988 0.918 0.797 0.647 0.492 0.349 0.232 0.144 0.000 0.000 0.000 0.000 0.000 0.000 0.000 0.000 0.000 0.000 0.000 0.000 0.000 0.000 0.000 0.000 0.000 0.000 0.000 0.000 0.000 0.000 0.000 0.000 0.000 0.000 
0.000 0.000 0.000 0.125 0.205 0.315 0.451 0.605 0.758 0.889 0.975 1.000 0.958 0.859 0.721 0.787 0.911 0.985 0.996 0.943 0.834 0.690 0.534 0.386 0.261 0.165 0.000 0.000 0.000 0.000 0.000 0.000 0.000 0.000 0.000 0.000 0.000 0.000 0.000 0.000 0.000 0.000 0.000 0.000 0.000 0.000 0.000 0.000 0.000 0.000 
0.000 0.000 0.000 0.000 0.000 0.108 0.180 0.282 0.411 0.562 0.718 0.857 0.957 0.999 0.976 0.891 0.761 0.748 0.881 0.971 1.000 0.963 0.868 0.731 0.576 0.424 0.292 0.188 0.114 0.000 0.000 0.000 0.000 0.000 0.000 0.000 0.000 0.000 0.000 0.000 0.000 0.000 0.000 0.000 0.000 0.000 0.000 0.000 0.000 0.000 
0.000 0.000 0.000 0.000 0.000 0.000 0.000 0.000 0.158 0.251 0.374 0.520 0.676 0.822 0.935 0.994 0.989 0.920 0.800 0.707 0.848 0.952 0.998 0.980 0.899 0.771 0.619 0.464 0.326 0.214 0.131 0.000 0.000 0.000 0.000 0.000 0.000 0.000 0.000 0.000 0.000 0.000 0.000 0.000 0.000 0.000 0.000 0.000 0.000 0.000 
0.000 0.000 0.000 0.000 0.000 0.000 0.000 0.000 0.000 0.000 0.138 0.223 0.337 0.478 0.633 0.784 0.909 0.984 0.997 0.944 0.836 0.693 0.812 0.928 0.992 0.991 0.926 0.810 0.662 0.506 0.361 0.241 0.151 0.000 0.000 0.000 0.000 0.000 0.000 0.000 0.000 0.000 0.000 0.000 0.000 0.000 0.000 0.000 0.000 0.000 
0.000 0.000 0.000 0.000 0.000 0.000 0.000 0.000 0.000 0.000 0.000 0.000 0.119 0.197 0.303 0.438 0.590 0.745 0.879 0.969 1.000 0.965 0.870 0.734 0.774 0.901 0.981 0.998 0.950 0.846 0.704 0.548 0.399 0.271 0.173 0.103 0.000 0.000 0.000 0.000 0.000 0.000 0.000 0.000 0.000 0.000 0.000 0.000 0.000 0.000 
0.000 0.000 0.000 0.000 0.000 0.000 0.000 0.000 0.000 0.000 0.000 0.000 0.000 0.000 0.103 0.173 0.271 0.399 0.548 0.704 0.846 0.950 0.998 0.981 0.901 0.774 0.734 0.870 0.965 1.000 0.969 0.879 0.745 0.590 0.438 0.303 0.197 0.119 0.000 0.000 0.000 0.000 0.000 0.000 0.000 0.000 0.000 0.000 0.000 0.000 
0.000 0.000 0.000 0.000 0.000 0.000 0.000 0.000 0.000 0.000 0.000 0.000 0.000 0.000 0.000 0.000 0.000 0.151 0.241 0.361 0.506 0.662 0.810 0.926 0.991 0.992 0.928 0.812 0.693 0.836 0.944 0.997 0.984 0.909 0.784 0.633 0.478 0.337 0.223 0.138 0.000 0.000 0.000 0.000 0.000 0.000 0.000 0.000 0.000 0.000 
0.000 0.000 0.000 0.000 0.000 0.000 0.000 0.000 0.000 0.000 0.000 0.000 0.000 0.000 0.000 0.000 0.000 0.000 0.000 0.131 0.214 0.326 0.464 0.619 0.771 0.899 0.980 0.998 0.952 0.848 0.707 0.800 0.920 0.989 0.994 0.935 0.822 0.676 0.520 0.374 0.251 0.158 0.000 0.000 0.000 0.000 0.000 0.000 0.000 0.000 
0.000 0.000 0.000 0.000 0.000 0.000 0.000 0.000 0.000 0.000 0.000 0.000 0.000 0.000 0.000 0.000 0.000 0.000 0.000 0.000 0.000 0.114 0.188 0.292 0.424 0.576 0.731 0.868 0.963 1.000 0.971 0.881 0.748 0.761 0.891 0.976 0.999 0.957 0.857 0.718 0.562 0.411 0.282 0.180 0.108 0.000 0.000 0.000 0.000 0.000 
0.000 0.000 0.000 0.000 0.000 0.000 0.000 0.000 0.000 0.000 0.000 0.000 0.000 0.000 0.000 0.000 0.000 0.000 0.000 0.000 0.000 0.000 0.000 0.000 0.165 0.261 0.386 0.534 0.690 0.834 0.943 0.996 0.985 0.911 0.787 0.721 0.859 0.958 1.000 0.975 0.889 0.758 0.605 0.451 0.315 0.205 0.125 0.000 0.000 0.000 
0.000 0.000 0.000 0.000 0.000 0.000 0.000 0.000 0.000 0.000 0.000 0.000 0.000 0.000 0.000 0.000 0.000 0.000 0.000 0.000 0.000 0.000 0.000 0.000 0.000 0.000 0.144 0.232 0.349 0.492 0.647 0.797 0.918 0.988 0.995 0.937 0.825 0.679 0.825 0.937 0.995 0.988 0.918 0.797 0.647 0.492 0.349 0.232 0.144 0.000 
0.000 0.000 0.000 0.000 0.000 0.000 0.000 0.000 0.000 0.000 0.000 0.000 0.000 0.000 0.000 0.000 0.000 0.000 0.000 0.000 0.000 0.000 0.000 0.000 0.000 0.000 0.000 0.000 0.125 0.205 0.315 0.451 0.605 0.758 0.889 0.975 1.000 0.958 0.859 0.721 0.787 0.911 0.985 0.996 0.943 0.834 0.690 0.534 0.386 0.261 
0.000 0.000 0.000 0.000 0.000 0.000 0.000 0.000 0.000 0.000 0.000 0.000 0.000 0.000 0.000 0.000 0.000 0.000 0.000 0.000 0.000 0.000 0.000 0.000 0.000 0.000 0.000 0.000 0.000 0.000 0.108 0.180 0.282 0.411 0.562 0.718 0.857 0.957 0.999 0.976 0.891 0.761 0.748 0.881 0.971 1.000 0.963 0.868 0.731 0.576 
0.000 0.000 0.000 0.000 0.000 0.000 0.000 0.000 0.000 0.000 0.000 0.000 0.000 0.000 0.000 0.000 0.000 0.000 0.000 0.000 0.000 0.000 0.000 0.000 0.000 0.000 0.000 0.000 0.000 0.000 0.000 0.000 0.000 0.158 0.251 0.374 0.520 0.676 0.822 0.935 0.994 0.989 0.920 0.800 0.707 0.848 0.952 0.998 0.980 0.899 
0.000 0.000 0.000 0.000 0.000 0.000 0.000 0.000 0.000 0.000 0.000 0.000 0.000 0.000 0.000 0.000 0.000 0.000 0.000 0.000 0.000 0.000 0.000 0.000 0.000 0.000 0.000 0.000 0.000 0.000 0.000 0.000 0.000 0.000 0.000 0.138 0.223 0.337 0.478 0.633 0.784 0.909 0.984 0.997 0.944 0.836 0.693 0.812 0.928 0.992 
0.000 0.000 0.000 0.000 0.000 0.000 0.000 0.000 0.000 0.000 0.000 0.000 0.000 0.000 0.000 0.000 0.000 0.000 0.000 0.000 0.000 0.000 0.000 0.000 0.000 0.000 0.000 0.000 0.000 0.000 0.000 0.000 0.000 0.000 0.000 0.000 0.000 0.119 0.197 0.303 0.438 0.590 0.745 0.879 0.969 1.000 0.965 0.870 0.734 0.774 
# 0 2 16 50
0.833 0.689 0.816 0.931 0.993 0.990 0.924 0.806 0.657 0.501 0.358 0.238 0.149 0.000 0.000 0.000 0.000 0.000 0.000 0.000 0.000 0.000 0.000 0.000 0.000 0.000 0.000 0.000 0.000 0.000 0.000 0.000 0.000 0.000 0.000 0.000 0.000 0.000 0.000 0.000 0.000 0.000 0.000 0.000 0.000 0.000 0.000 0.000 0.000 0.000 
0.979 0.999 0.952 0.849 0.708 0.799 0.919 0.989 0.994 0.935 0.823 0.677 0.520 0.374 0.252 0.158 0.000 0.000 0.000 0.000 0.000 0.000 0.000 0.000 0.000 0.000 0.000 0.000 0.000 0.000 0.000 0.000 0.000 0.000 0.000 0.000 0.000 0.000 0.000 0.000 0.000 0.000 0.000 0.000 0.000 0.000 0.000 0.000 0.000 0.000 
0.598 0.752 0.885 0.972 1.000 0.961 0.864 0.727 0.782 0.907 0.983 0.997 0.946 0.839 0.696 0.540 0.392 0.266 0.168 0.000 0.000 0.000 0.000 0.000 0.000 0.000 0.000 0.000 0.000 0.000 0.000 0.000 0.000 0.000 0.000 0.000 0.000 0.000 0.000 0.000 0.000 0.000 0.000 0.000 0.000 0.000 0.000 0.000 0.000 0.000 
0.190 0.294 0.427 0.579 0.734 0.870 0.965 1.000 0.970 0.879 0.745 0.764 0.893 0.977 0.999 0.956 0.855 0.715 0.559 0.409 0.280 0.179 0.107 0.000 0.000 0.000 0.000 0.000 0.000 0.000 0.000 0.000 0.000 0.000 0.000 0.000 0.000 0.000 0.000 0.000 0.000 0.000 0.000 0.000 0.000 0.000 0.000 0.000 0.000 0.000 
0.000 0.000 0.107 0.179 0.280 0.409 0.559 0.715 0.855 0.956 0.999 0.977 0.893 0.764 0.745 0.879 0.970 1.000 0.965 0.870 0.734 0.579 0.427 0.294 0.190 0.115 0.000 0.000 0.000 0.000 0.000 0.000 0.000 0.000 0.000 0.000 0.000 0.000 0.000 0.000 0.000 0.000 0.000 0.000 0.000 0.000 0.000 0.000 0.000 0.000 
0.000 0.000 0.000 0.000 0.000 0.000 0.168 0.266 0.392 0.540 0.696 0.839 0.946 0.997 0.983 0.907 0.782 0.727 0.864 0.961 1.000 0.972 0.885 0.752 0.598 0.445 0.310 0.201 0.122 0.000 0.000 0.000 0.000 0.000 0.000 0.000 0.000 0.000 0.000 0.000 0.000 0.000 0.000 0.000 0.000 0.000 0.000 0.000 0.000 0.000 
0.000 0.000 0.000 0.000 0.000 0.000 0.000 0.000 0.000 0.158 0.252 0.374 0.520 0.677 0.823 0.935 0.994 0.989 0.919 0.799 0.708 0.849 0.952 0.999 0.979 0.898 0.771 0.618 0.464 0.325 0.213 0.131 0.000 0.000 0.000 0.000 0.000 0.000 0.000 0.000 0.000 0.000 0.000 0.000 0.000 0.000 0.000 0.000 0.000 0.000 
0.000 0.000 0.000 0.000 0.000 0.000 0.000 0.000 0.000 0.000 0.000 0.000 0.149 0.238 0.358 0.501 0.657 0.806 0.924 0.990 0.993 0.931 0.816 0.689 0.833 0.942 0.996 0.985 0.911 0.788 0.638 0.482 0.341 0.226 0.140 0.000 0.000 0.000 0.000 0.000 0.000 0.000 0.000 0.000 0.000 0.000 0.000 0.000 0.000 0.000 
0.000 0.000 0.000 0.000 0.000 0.000 0.000 0.000 0.000 0.000 0.000 0.000 0.000 0.000 0.000 0.140 0.226 0.341 0.482 0.638 0.788 0.911 0.985 0.996 0.942 0.833 0.689 0.816 0.931 0.993 0.990 0.924 0.806 0.657 0.501 0.358 0.238 0.149 0.000 0.000 0.000 0.000 0.000 0.000 0.000 0.000 0.000 0.000 0.000 0.000 
0.000 0.000 0.000 0.000 0.000 0.000 0.000 0.000 0.000 0.000 0.000 0.000 0.000 0.000 0.000 0.000 0.000 0.000 0.131 0.213 0.325 0.464 0.618 0.771 0.898 0.979 0.999 0.952 0.849 0.708 0.799 0.919 0.989 0.994 0.935 0.823 0.677 0.520 0.374 0.252 0.158 0.000 0.000 0.000 0.000 0.000 0.000 0.000 0.000 0.000 
0.000 0.000 0.000 0.000 0.000 0.000 0.000 0.000 0.000 0.000 0.000 0.000 0.000 0.000 0.000 0.000 0.000 0.000 0.000 0.000 0.000 0.122 0.201 0.310 0.445 0.598 0.752 0.885 0.972 1.000 0.961 0.864 0.727 0.782 0.907 0.983 0.997 0.946 0.839 0.696 0.540 0.392 0.266 0.168 0.000 0.000 0.000 0.000 0.000 0.000 
0.000 0.000 0.000 0.000 0.000 0.000 0.000 0.000 0.000 0.000 0.000 0.000 0.000 0.000 0.000 0.000 0.000 0.000 0.000 0.000 0.000 0.000 0.000 0.000 0.115 0.190 0.294 0.427 0.579 0.734 0.870 0.965 1.000 0.970 0.879 0.745 0.764 0.893 0.977 0.999 0.956 0.855 0.715 0.559 0.409 0.280 0.179 0.107 0.000 0.000 
0.000 0.000 0.000 0.000 0.000 0.000 0.000 0.000 0.000 0.000 0.000 0.000 0.000 0.000 0.000 0.000 0.000 0.000 0.000 0.000 0.000 0.000 0.000 0.000 0.000 0.000 0.000 0.107 0.179 0.280 0.409 0.559 0.715 0.855 0.956 0.999 0.977 0.893 0.764 0.745 0.879 0.970 1.000 0.965 0.870 0.734 0.579 0.427 0.294 0.190 
0.000 0.000 0.000 0.000 0.000 0.000 0.000 0.000 0.000 0.000 0.000 0.000 0.000 0.000 0.000 0.000 0.000 0.000 0.000 0.000 0.000 0.000 0.000 0.000 0.000 0.000 0.000 0.000 0.000 0.000 0.000 0.168 0.266 0.392 0.540 0.696 0.839 0.946 0.997 0.983 0.907 0.782 0.727 0.864 0.961 1.000 0.972 0.885 0.752 0.598 
0.000 0.000 0.000 0.000 0.000 0.000 0.000 0.000 0.000 0.000 0.000 0.000 0.000 0.000 0.000 0.000 0.000 0.000 0.000 0.000 0.000 0.000 0.000 0.000 0.000 0.000 0.000 0.000 0.000 0.000 0.000 0.000 0.000 0.000 0.158 0.252 0.374 0.520 0.677 0.823 0.935 0.994 0.989 0.919 0.799 0.708 0.849 0.952 0.999 0.979 
0.000 0.000 0.000 0.000 0.000 0.000 0.000 0.000 0.000 0.000 0.000 0.000 0.000 0.000 0.000 0.000 0.000 0.000 0.000 0.000 0.000 0.000 0.000 0.000 0.000 0.000 0.000 0.000 0.000 0.000 0.000 0.000 0.000 0.000 0.000 0.000 0.000 0.149 0.238 0.358 0.501 0.657 0.806 0.924 0.990 0.993 0.931 0.816 0.689 0.833 
# 0 3 8 50
0.980 0.900 0.773 0.736 0.872 0.965 1.000 0.969 0.877 0.743 0.589 0.436 0.302 0.196 0.118 0.000 0.000 0.000 0.000 0.000 0.000 0.000 0.000 0.000 0.000 0.000 0.000 0.000 0.000 0.000 0.000 0.000 0.000 0.000 0.000 0.000 0.000 0.000 0.000 0.000 0.000 0.000 0.000 0.000 0.000 0.000 0.000 0.000 0.000 0.000 
0.366 0.511 0.667 0.814 0.930 0.992 0.991 0.925 0.808 0.698 0.841 0.947 0.998 0.982 0.905 0.779 0.628 0.473 0.333 0.219 0.135 0.000 0.000 0.000 0.000 0.000 0.000 0.000 0.000 0.000 0.000 0.000 0.000 0.000 0.000 0.000 0.000 0.000 0.000 0.000 0.000 0.000 0.000 0.000 0.000 0.000 0.000 0.000 0.000 0.000 
0.000 0.000 0.000 0.000 0.135 0.219 0.333 0.473 0.628 0.779 0.905 0.982 0.998 0.947 0.841 0.698 0.808 0.925 0.991 0.992 0.930 0.814 0.667 0.511 0.366 0.245 0.154 0.000 0.000 0.000 0.000 0.000 0.000 0.000 0.000 0.000 0.000 0.000 0.000 0.000 0.000 0.000 0.000 0.000 0.000 0.000 0.000 0.000 0.000 0.000 
0.000 0.000 0.000 0.000 0.000 0.000 0.000 0.000 0.000 0.000 0.118 0.196 0.302 0.436 0.589 0.743 0.877 0.969 1.000 0.965 0.872 0.736 0.773 0.900 0.980 0.998 0.951 0.847 0.705 0.549 0.400 0.273 0.174 0.103 0.000 0.000 0.000 0.000 0.000 0.000 0.000 0.000 0.000 0.000 0.000 0.000 0.000 0.000 0.000 0.000 
0.000 0.000 0.000 0.000 0.000 0.000 0.000 0.000 0.000 0.000 0.000 0.000 0.000 0.000 0.000 0.000 0.103 0.174 0.273 0.400 0.549 0.705 0.847 0.951 0.998 0.980 0.900 0.773 0.736 0.872 0.965 1.000 0.969 0.877 0.743 0.589 0.436 0.302 0.196 0.118 0.000 0.000 0.000 0.000 0.000 0.000 0.000 0.000 0.000 0.000 
0.000 0.000 0.000 0.000 0.000 0.000 0.000 0.000 0.000 0.000 0.000 0.000 0.000 0.000 0.000 0.000 0.000 0.000 0.000 0.000 0.000 0.000 0.000 0.154 0.245 0.366 0.511 0.667 0.814 0.930 0.992 0.991 0.925 0.808 0.698 0.841 0.947 0.998 0.982 0.905 0.779 0.628 0.473 0.333 0.219 0.135 0.000 0.000 0.000 0.000 
0.000 0.000 0.000 0.000 0.000 0.000 0.000 0.000 0.000 0.000 0.000 0.000 0.000 0.000 0.000 0.000 0.000 0.000 0.000 0.000 0.000 0.000 0.000 0.000 0.000 0.000 0.000 0.000 0.000 0.135 0.219 0.333 0.473 0.628 0.779 0.905 0.982 0.998 0.947 0.841 0.698 0.808 0.925 0.991 0.992 0.930 0.814 0.667 0.511 0.366 
0.000 0.000 0.000 0.000 0.000 0.000 0.000 0.000 0.000 0.000 0.000 0.000 0.000 0.000 0.000 0.000 0.000 0.000 0.000 0.000 0.000 0.000 0.000 0.000 0.000 0.000 0.000 0.000 0.000 0.000 0.000 0.000 0.000 0.000 0.000 0.118 0.196 0.302 0.436 0.589 0.743 0.877 0.969 1.000 0.965 0.872 0.736 0.773 0.900 0.980 
# 1 0 50 22
-0.565 -0.738 -0.887 -0.980 -0.996 -0.931 -0.800 -0.632 -0.460 -0.307 -0.189 -0.107 0.000 0.000 0.000 0.000 0.000 0.000 0.000 0.000 0.000 0.000 
-0.544 -0.663 -0.827 -0.948 -0.999 -0.969 -0.864 -0.709 -0.534 -0.371 -0.236 -0.139 0.000 0.000 0.000 0.000 0.000 0.000 0.000 0.000 0.000 0.000 
-0.621 -0.586 -0.758 -0.902 -0.986 -0.992 -0.918 -0.781 -0.611 -0.440 -0.291 -0.177 0.000 0.000 0.000 0.000 0.000 0.000 0.000 0.000 0.000 0.000 
-0.698 -0.523 -0.684 -0.844 -0.958 -1.000 -0.960 -0.847 -0.688 -0.514 -0.353 -0.223 -0.129 0.000 0.000 0.000 0.000 0.000 0.000 0.000 0.000 0.000 
-0.771 -0.600 -0.607 -0.777 -0.916 -0.991 -0.987 -0.904 -0.762 -0.590 -0.420 -0.275 -0.166 0.000 0.000 0.000 0.000 0.000 0.000 0.000 0.000 0.000 
-0.838 -0.677 -0.530 -0.705 -0.861 -0.967 -1.000 -0.950 -0.830 -0.667 -0.493 -0.335 -0.210 -0.120 0.000 0.000 0.000 0.000 0.000 0.000 0.000 0.000 
-0.897 -0.752 -0.579 -0.628 -0.796 -0.928 -0.995 -0.981 -0.890 -0.742 -0.569 -0.401 -0.260 -0.155 0.000 0.000 0.000 0.000 0.000 0.000 0.000 0.000 
-0.944 -0.821 -0.656 -0.551 -0.725 -0.877 -0.975 -0.998 -0.939 -0.812 -0.646 -0.473 -0.318 -0.197 -0.112 0.000 0.000 0.000 0.000 0.000 0.000 0.000 
-0.978 -0.882 -0.732 -0.558 -0.649 -0.815 -0.940 -0.998 -0.974 -0.875 -0.722 -0.548 -0.383 -0.246 -0.145 0.000 0.000 0.000 0.000 0.000 0.000 0.000 
-0.996 -0.933 -0.803 -0.635 -0.572 -0.745 -0.892 -0.982 -0.995 -0.927 -0.794 -0.625 -0.453 -0.302 -0.185 -0.104 0.000 0.000 0.000 0.000 0.000 0.000 
-0.999 -0.970 -0.866 -0.711 -0.537 -0.670 -0.833 -0.951 -1.000 -0.966 -0.859 -0.702 -0.527 -0.365 -0.232 -0.135 0.000 0.000 0.000 0.000 0.000 0.000 
-0.986 -0.993 -0.920 -0.784 -0.614 -0.593 -0.765 -0.906 -0.988 -0.991 -0.914 -0.775 -0.604 -0.433 -0.286 -0.173 0.000 0.000 0.000 0.000 0.000 0.000 
-0.957 -1.000 -0.961 -0.850 -0.691 -0.517 -0.691 -0.850 -0.961 -1.000 -0.957 -0.842 -0.681 -0.507 -0.347 -0.218 -0.126 0.000 0.000 0.000 0.000 0.000 
-0.914 -0.991 -0.988 -0.906 -0.765 -0.593 -0.614 -0.784 -0.920 -0.993 -0.986 -0.900 -0.755 -0.583 -0.414 -0.270 -0.162 0.000 0.000 0.000 0.000 0.000 
-0.859 -0.966 -1.000 -0.951 -0.833 -0.670 -0.537 -0.711 -0.866 -0.970 -0.999 -0.946 -0.824 -0.660 -0.486 -0.330 -0.205 -0.118 0.000 0.000 0.000 0.000 
-0.794 -0.927 -0.995 -0.982 -0.892 -0.745 -0.572 -0.635 -0.803 -0.933 -0.996 -0.979 -0.885 -0.736 -0.562 -0.395 -0.255 -0.152 0.000 0.000 0.000 0.000 
-0.722 -0.875 -0.974 -0.998 -0.940 -0.815 -0.649 -0.558 -0.732 -0.882 -0.978 -0.997 -0.935 -0.806 -0.639 -0.466 -0.313 -0.193 -0.109 0.000 0.000 0.000 
-0.646 -0.812 -0.939 -0.998 -0.975 -0.877 -0.725 -0.551 -0.656 -0.821 -0.944 -0.999 -0.972 -0.869 -0.715 -0.541 -0.377 -0.241 -0.142 0.000 0.000 0.000 
-0.569 -0.742 -0.890 -0.981 -0.995 -0.928 -0.796 -0.628 -0.579 -0.752 -0.897 -0.984 -0.994 -0.922 -0.788 -0.618 -0.446 -0.296 -0.181 -0.102 0.000 0.000 
-0.493 -0.667 -0.830 -0.950 -1.000 -0.967 -0.861 -0.705 -0.530 -0.677 -0.838 -0.955 -1.000 -0.963 -0.853 -0.695 -0.521 -0.359 -0.227 -0.132 0.000 0.000 
-0.420 -0.590 -0.762 -0.904 -0.987 -0.991 -0.916 -0.777 -0.607 -0.600 -0.771 -0.911 -0.990 -0.989 -0.909 -0.768 -0.597 -0.427 -0.281 -0.170 0.000 0.000 
-0.353 -0.514 -0.688 -0.847 -0.960 -1.000 -0.958 -0.844 -0.684 -0.523 -0.698 -0.855 -0.964 -1.000 -0.953 -0.836 -0.674 -0.500 -0.341 -0.214 -0.123 0.000 
-0.291 -0.440 -0.611 -0.781 -0.918 -0.992 -0.986 -0.902 -0.758 -0.586 -0.621 -0.790 -0.924 -0.994 -0.984 -0.895 -0.749 -0.576 -0.408 -0.265 -0.159 0.000 
-0.236 -0.371 -0.534 -0.709 -0.864 -0.969 -0.999 -0.948 -0.827 -0.663 -0.544 -0.718 -0.872 -0.973 -0.999 -0.943 -0.818 -0.653 -0.480 -0.324 -0.201 -0.115 
-0.189 -0.307 -0.460 -0.632 -0.800 -0.931 -0.996 -0.980 -0.887 -0.738 -0.565 -0.642 -0.809 -0.936 -0.997 -0.977 -0.880 -0.729 -0.555 -0.389 -0.251 -0.148 
-0.148 -0.251 -0.389 -0.555 -0.729 -0.880 -0.977 -0.997 -0.936 -0.809 -0.642 -0.565 -0.738 -0.887 -0.980 -0.996 -0.931 -0.800 -0.632 -0.460 -0.307 -0.189 
-0.115 -0.201 -0.324 -0.480 -0.653 -0.818 -0.943 -0.999 -0.973 -0.872 -0.718 -0.544 -0.663 -0.827 -0.948 -0.999 -0.969 -0.864 -0.709 -0.534 -0.371 -0.236 
0.000 -0.159 -0.265 -0.408 -0.576 -0.749 -0.895 -0.984 -0.994 -0.924 -0.790 -0.621 -0.586 -0.758 -0.902 -0.986 -0.992 -0.918 -0.781 -0.611 -0.440 -0.291 
0.000 -0.123 -0.214 -0.341 -0.500 -0.674 -0.836 -0.953 -1.000 -0.964 -0.855 -0.698 -0.523 -0.684 -0.844 -0.958 -1.000 -0.960 -0.847 -0.688 -0.514 -0.353 
0.000 0.000 -0.170 -0.281 -0.427 -0.597 -0.768 -0.909 -0.989 -0.990 -0.911 -0.771 -0.600 -0.607 -0.777 -0.916 -0.991 -0.987 -0.904 -0.762 -0.590 -0.420 
0.000 0.000 -0.132 -0.227 -0.359 -0.521 -0.695 -0.853 -0.963 -1.000 -0.955 -0.838 -0.677 -0.530 -0.705 -0.861 -0.967 -1.000 -0.950 -0.830 -0.667 -0.493 
0.000 0.000 -0.102 -0.181 -0.296 -0.446 -0.618 -0.788 -0.922 -0.994 -0.984 -0.897 -0.752 -0.579 -0.628 -0.796 -0.928 -0.995 -0.981 -0.890 -0.742 -0.569 
0.000 0.000 0.000 -0.142 -0.241 -0.377 -0.541 -0.715 -0.869 -0.972 -0.999 -0.944 -0.821 -0.656 -0.551 -0.725 -0.877 -0.975 -0.998 -0.939 -0.812 -0.646 
0.000 0.000 0.000 -0.109 -0.193 -0.313 -0.466 -0.639 -0.806 -0.935 -0.997 -0.978 -0.882 -0.732 -0.558 -0.649 -0.815 -0.940 -0.998 -0.974 -0.875 -0.722 
0.000 0.000 0.000 0.000 -0.152 -0.255 -0.395 -0.562 -0.736 -0.885 -0.979 -0.996 -0.933 -0.803 -0.635 -0.572 -0.745 -0.892 -0.982 -0.995 -0.927 -0.794 
0.000 0.000 0.000 0.000 -0.118 -0.205 -0.330 -0.486 -0.660 -0.824 -0.946 -0.999 -0.970 -0.866 -0.711 -0.537 -0.670 -0.833 -0.951 -1.000 -0.966 -0.859 
0.000 0.000 0.000 0.000 0.000 -0.162 -0.270 -0.414 -0.583 -0.755 -0.900 -0.986 -0.993 -0.920 -0.784 -0.614 -0.593 -0.765 -0.906 -0.988 -0.991 -0.914 
0.000 0.000 0.000 0.000 0.000 -0.126 -0.218 -0.347 -0.507 -0.681 -0.842 -0.957 -1.000 -0.961 -0.850 -0.691 -0.517 -0.691 -0.850 -0.961 -1.000 -0.957 
0.000 0.000 0.000 0.000 0.000 0.000 -0.173 -0.286 -0.433 -0.604 -0.775 -0.914 -0.991 -0.988 -0.906 -0.765 -0.593 -0.614 -0.784 -0.920 -0.993 -0.986 
0.000 0.000 0.000 0.000 0.000 0.000 -0.135 -0.232 -0.365 -0.527 -0.702 -0.859 -0.966 -1.000 -0.951 -0.833 -0.670 -0.537 -0.711 -0.866 -0.970 -0.999 
0.000 0.000 0.000 0.000 0.000 0.000 -0.104 -0.185 -0.302 -0.453 -0.625 -0.794 -0.927 -0.995 -0.982 -0.892 -0.745 -0.572 -0.635 -0.803 -0.933 -0.996 
0.000 0.000 0.000 0.000 0.000 0.000 0.000 -0.145 -0.246 -0.383 -0.548 -0.722 -0.875 -0.974 -0.998 -0.940 -0.815 -0.649 -0.558 -0.732 -0.882 -0.978 
0.000 0.000 0.000 0.000 0.000 0.000 0.000 -0.112 -0.197 -0.318 -0.473 -0.646 -0.812 -0.939 -0.998 -0.975 -0.877 -0.725 -0.551 -0.656 -0.821 -0.944 
0.000 0.000 0.000 0.000 0.000 0.000 0.000 0.000 -0.155 -0.260 -0.401 -0.569 -0.742 -0.890 -0.981 -0.995 -0.928 -0.796 -0.628 -0.579 -0.752 -0.897 
0.000 0.000 0.000 0.000 0.000 0.000 0.000 0.000 -0.120 -0.210 -0.335 -0.493 -0.667 -0.830 -0.950 -1.000 -0.967 -0.861 -0.705 -0.530 -0.677 -0.838 
0.000 0.000 0.000 0.000 0.000 0.000 0.000 0.000 0.000 -0.166 -0.275 -0.420 -0.590 -0.762 -0.904 -0.987 -0.991 -0.916 -0.777 -0.607 -0.600 -0.771 
0.000 0.000 0.000 0.000 0.000 0.000 0.000 0.000 0.000 -0.129 -0.223 -0.353 -0.514 -0.688 -0.847 -0.960 -1.000 -0.958 -0.844 -0.684 -0.523 -0.698 
0.000 0.000 0.000 0.000 0.000 0.000 0.000 0.000 0.000 0.000 -0.177 -0.291 -0.440 -0.611 -0.781 -0.918 -0.992 -0.986 -0.902 -0.758 -0.586 -0.621 
0.000 0.000 0.000 0.000 0.000 0.000 0.000 0.000 0.000 0.000 -0.139 -0.236 -0.371 -0.534 -0.709 -0.864 -0.969 -0.999 -0.948 -0.827 -0.663 -0.544 
0.000 0.000 0.000 0.000 0.000 0.000 0.000 0.000 0.000 0.000 -0.107 -0.189 -0.307 -0.460 -0.632 -0.800 -0.931 -0.996 -0.980 -0.887 -0.738 -0.565 
# 1 2 16 22
-0.549 -0.658 -0.823 -0.945 -0.999 -0.971 -0.868 -0.713 -0.539 -0.375 -0.240 -0.141 0.000 0.000 0.000 0.000 0.000 0.000 0.000 0.000 0.000 0.000 
-0.784 -0.615 -0.593 -0.764 -0.906 -0.988 -0.991 -0.914 -0.775 -0.605 -0.434 -0.286 -0.174 0.000 0.000 0.000 0.000 0.000 0.000 0.000 0.000 0.000 
-0.956 -0.841 -0.680 -0.527 -0.702 -0.858 -0.966 -1.000 -0.951 -0.833 -0.670 -0.496 -0.338 -0.211 -0.122 0.000 0.000 0.000 0.000 0.000 0.000 0.000 
-0.995 -0.982 -0.891 -0.744 -0.571 -0.637 -0.804 -0.933 -0.997 -0.979 -0.884 -0.734 -0.561 -0.394 -0.255 -0.151 0.000 0.000 0.000 0.000 0.000 0.000 
-0.884 -0.979 -0.997 -0.933 -0.804 -0.637 -0.571 -0.744 -0.891 -0.982 -0.995 -0.928 -0.795 -0.627 -0.454 -0.303 -0.186 -0.105 0.000 0.000 0.000 0.000 
-0.670 -0.833 -0.951 -1.000 -0.966 -0.858 -0.702 -0.527 -0.680 -0.841 -0.956 -1.000 -0.962 -0.851 -0.692 -0.518 -0.356 -0.225 -0.131 0.000 0.000 0.000 
-0.434 -0.605 -0.775 -0.914 -0.991 -0.988 -0.906 -0.764 -0.593 -0.615 -0.784 -0.920 -0.993 -0.986 -0.899 -0.755 -0.583 -0.414 -0.270 -0.162 0.000 0.000 
-0.240 -0.375 -0.539 -0.713 -0.868 -0.971 -0.999 -0.945 -0.823 -0.658 -0.549 -0.723 -0.875 -0.975 -0.998 -0.940 -0.814 -0.649 -0.475 -0.320 -0.198 -0.113 
-0.113 -0.198 -0.320 -0.475 -0.649 -0.814 -0.940 -0.998 -0.975 -0.875 -0.723 -0.549 -0.658 -0.823 -0.945 -0.999 -0.971 -0.868 -0.713 -0.539 -0.375 -0.240 
0.000 0.000 -0.162 -0.270 -0.414 -0.583 -0.755 -0.899 -0.986 -0.993 -0.920 -0.784 -0.615 -0.593 -0.764 -0.906 -0.988 -0.991 -0.914 -0.775 -0.605 -0.434 
0.000 0.000 0.000 -0.131 -0.225 -0.356 -0.518 -0.692 -0.851 -0.962 -1.000 -0.956 -0.841 -0.680 -0.527 -0.702 -0.858 -0.966 -1.000 -0.951 -0.833 -0.670 
0.000 0.000 0.000 0.000 -0.105 -0.186 -0.303 -0.454 -0.627 -0.795 -0.928 -0.995 -0.982 -0.891 -0.744 -0.571 -0.637 -0.804 -0.933 -0.997 -0.979 -0.884 
0.000 0.000 0.000 0.000 0.000 0.000 -0.151 -0.255 -0.394 -0.561 -0.734 -0.884 -0.979 -0.997 -0.933 -0.804 -0.637 -0.571 -0.744 -0.891 -0.982 -0.995 
0.000 0.000 0.000 0.000 0.000 0.000 0.000 -0.122 -0.211 -0.338 -0.496 -0.670 -0.833 -0.951 -1.000 -0.966 -0.858 -0.702 -0.527 -0.680 -0.841 -0.956 
0.000 0.000 0.000 0.000 0.000 0.000 0.000 0.000 0.000 -0.174 -0.286 -0.434 -0.605 -0.775 -0.914 -0.991 -0.988 -0.906 -0.764 -0.593 -0.615 -0.784 
0.000 0.000 0.000 0.000 0.000 0.000 0.000 0.000 0.000 0.000 -0.141 -0.240 -0.375 -0.539 -0.713 -0.868 -0.971 -0.999 -0.945 -0.823 -0.658 -0.549 
# 2 0 50 16
-0.807 -0.991 -0.929 -0.664 -0.362 -0.151 0.000 0.000 0.000 0.000 0.000 0.000 0.000 0.000 0.000 0.000 
-0.713 -0.956 -0.976 -0.761 -0.453 -0.205 0.000 0.000 0.000 0.000 0.000 0.000 0.000 0.000 0.000 0.000 
-0.796 -0.896 -0.999 -0.849 -0.551 -0.272 -0.103 0.000 0.000 0.000 0.000 0.000 0.000 0.000 0.000 0.000 
-0.878 -0.818 -0.994 -0.921 -0.651 -0.351 -0.145 0.000 0.000 0.000 0.000 0.000 0.000 0.000 0.000 0.000 
-0.943 -0.725 -0.961 -0.972 -0.749 -0.441 -0.198 0.000 0.000 0.000 0.000 0.000 0.000 0.000 0.000 0.000 
-0.985 -0.784 -0.905 -0.997 -0.839 -0.538 -0.263 0.000 0.000 0.000 0.000 0.000 0.000 0.000 0.000 0.000 
-1.000 -0.869 -0.828 -0.996 -0.913 -0.639 -0.341 -0.139 0.000 0.000 0.000 0.000 0.000 0.000 0.000 0.000 
-0.988 -0.936 -0.737 -0.967 -0.967 -0.738 -0.429 -0.191 0.000 0.000 0.000 0.000 0.000 0.000 0.000 0.000 
-0.949 -0.981 -0.773 -0.913 -0.996 -0.828 -0.526 -0.254 0.000 0.000 0.000 0.000 0.000 0.000 0.000 0.000 
-0.887 -1.000 -0.859 -0.839 -0.997 -0.905 -0.626 -0.331 -0.133 0.000 0.000 0.000 0.000 0.000 0.000 0.000 
-0.807 -0.991 -0.929 -0.749 -0.972 -0.961 -0.725 -0.418 -0.183 0.000 0.000 0.000 0.000 0.000 0.000 0.000 
-0.713 -0.956 -0.976 -0.761 -0.921 -0.994 -0.818 -0.513 -0.246 0.000 0.000 0.000 0.000 0.000 0.000 0.000 
-0.614 -0.896 -0.999 -0.849 -0.849 -0.999 -0.896 -0.614 -0.320 -0.128 0.000 0.000 0.000 0.000 0.000 0.000 
-0.513 -0.818 -0.994 -0.921 -0.761 -0.976 -0.956 -0.713 -0.406 -0.176 0.000 0.000 0.000 0.000 0.000 0.000 
-0.418 -0.725 -0.961 -0.972 -0.749 -0.929 -0.991 -0.807 -0.501 -0.237 0.000 0.000 0.000 0.000 0.000 0.000 
-0.331 -0.626 -0.905 -0.997 -0.839 -0.859 -1.000 -0.887 -0.601 -0.310 -0.122 0.000 0.000 0.000 0.000 0.000 
-0.254 -0.526 -0.828 -0.996 -0.913 -0.773 -0.981 -0.949 -0.701 -0.395 -0.170 0.000 0.000 0.000 0.000 0.000 
-0.191 -0.429 -0.738 -0.967 -0.967 -0.737 -0.936 -0.988 -0.796 -0.489 -0.229 0.000 0.000 0.000 0.000 0.000 
-0.139 -0.341 -0.639 -0.913 -0.996 -0.828 -0.869 -1.000 -0.878 -0.588 -0.301 -0.117 0.000 0.000 0.000 0.000 
0.000 -0.263 -0.538 -0.839 -0.997 -0.905 -0.784 -0.985 -0.943 -0.689 -0.384 -0.163 0.000 0.000 0.000 0.000 
0.000 -0.198 -0.441 -0.749 -0.972 -0.961 -0.725 -0.943 -0.985 -0.784 -0.477 -0.221 0.000 0.000 0.000 0.000 
0.000 -0.145 -0.351 -0.651 -0.921 -0.994 -0.818 -0.878 -1.000 -0.869 -0.576 -0.291 -0.112 0.000 0.000 0.000 
0.000 -0.103 -0.272 -0.551 -0.849 -0.999 -0.896 -0.796 -0.988 -0.936 -0.676 -0.373 -0.157 0.000 0.000 0.000 
0.000 0.000 -0.205 -0.453 -0.761 -0.976 -0.956 -0.713 -0.949 -0.981 -0.773 -0.465 -0.213 0.000 0.000 0.000 
0.000 0.000 -0.151 -0.362 -0.664 -0.929 -0.991 -0.807 -0.887 -1.000 -0.859 -0.563 -0.282 -0.107 0.000 0.000 
0.000 0.000 -0.107 -0.282 -0.563 -0.859 -1.000 -0.887 -0.807 -0.991 -0.929 -0.664 -0.362 -0.151 0.000 0.000 
0.000 0.000 0.000 -0.213 -0.465 -0.773 -0.981 -0.949 -0.713 -0.956 -0.976 -0.761 -0.453 -0.205 0.000 0.000 
0.000 0.000 0.000 -0.157 -0.373 -0.676 -0.936 -0.988 -0.796 -0.896 -0.999 -0.849 -0.551 -0.272 -0.103 0.000 
0.000 0.000 0.000 -0.112 -0.291 -0.576 -0.869 -1.000 -0.878 -0.818 -0.994 -0.921 -0.651 -0.351 -0.145 0.000 
0.000 0.000 0.000 0.000 -0.221 -0.477 -0.784 -0.985 -0.943 -0.725 -0.961 -0.972 -0.749 -0.441 -0.198 0.000 
0.000 0.000 0.000 0.000 -0.163 -0.384 -0.689 -0.943 -0.985 -0.784 -0.905 -0.997 -0.839 -0.538 -0.263 0.000 
0.000 0.000 0.000 0.000 -0.117 -0.301 -0.588 -0.878 -1.000 -0.869 -0.828 -0.996 -0.913 -0.639 -0.341 -0.139 
0.000 0.000 0.000 0.000 0.000 -0.229 -0.489 -0.796 -0.988 -0.936 -0.737 -0.967 -0.967 -0.738 -0.429 -0.191 
0.000 0.000 0.000 0.000 0.000 -0.170 -0.395 -0.701 -0.949 -0.981 -0.773 -0.913 -0.996 -0.828 -0.526 -0.254 
0.000 0.000 0.000 0.000 0.000 -0.122 -0.310 -0.601 -0.887 -1.000 -0.859 -0.839 -0.997 -0.905 -0.626 -0.331 
0.000 0.000 0.000 0.000 0.000 0.000 -0.237 -0.501 -0.807 -0.991 -0.929 -0.749 -0.972 -0.961 -0.725 -0.418 
0.000 0.000 0.000 0.000 0.000 0.000 -0.176 -0.406 -0.713 -0.956 -0.976 -0.761 -0.921 -0.994 -0.818 -0.513 
0.000 0.000 0.000 0.000 0.000 0.000 -0.128 -0.320 -0.614 -0.896 -0.999 -0.849 -0.849 -0.999 -0.896 -0.614 
0.000 0.000 0.000 0.000 0.000 0.000 0.000 -0.246 -0.513 -0.818 -0.994 -0.921 -0.761 -0.976 -0.956 -0.713 
0.000 0.000 0.000 0.000 0.000 0.000 0.000 -0.183 -0.418 -0.725 -0.961 -0.972 -0.749 -0.929 -0.991 -0.807 
0.000 0.000 0.000 0.000 0.000 0.000 0.000 -0.133 -0.331 -0.626 -0.905 -0.997 -0.839 -0.859 -1.000 -0.887 
0.000 0.000 0.000 0.000 0.000 0.000 0.000 0.000 -0.254 -0.526 -0.828 -0.996 -0.913 -0.773 -0.981 -0.949 
0.000 0.000 0.000 0.000 0.000 0.000 0.000 0.000 -0.191 -0.429 -0.738 -0.967 -0.967 -0.737 -0.936 -0.988 
0.000 0.000 0.000 0.000 0.000 0.000 0.000 0.000 -0.139 -0.341 -0.639 -0.913 -0.996 -0.828 -0.869 -1.000 
0.000 0.000 0.000 0.000 0.000 0.000 0.000 0.000 0.000 -0.263 -0.538 -0.839 -0.997 -0.905 -0.784 -0.985 
0.000 0.000 0.000 0.000 0.000 0.000 0.000 0.000 0.000 -0.198 -0.441 -0.749 -0.972 -0.961 -0.725 -0.943 
0.000 0.000 0.000 0.000 0.000 0.000 0.000 0.000 0.000 -0.145 -0.351 -0.651 -0.921 -0.994 -0.818 -0.878 
0.000 0.000 0.000 0.000 0.000 0.000 0.000 0.000 0.000 -0.103 -0.272 -0.551 -0.849 -0.999 -0.896 -0.796 
0.000 0.000 0.000 0.000 0.000 0.000 0.000 0.000 0.000 0.000 -0.205 -0.453 -0.761 -0.976 -0.956 -0.713 
0.000 0.000 0.000 0.000 0.000 0.000 0.000 0.000 0.000 0.000 -0.151 -0.362 -0.664 -0.929 -0.991 -0.807 
# 2 1 22 16
-0.748 -0.971 -0.962 -0.727 -0.419 -0.184 0.000 0.000 0.000 0.000 0.000 0.000 0.000 0.000 0.000 0.000 
-0.871 -0.825 -0.995 -0.915 -0.642 -0.344 -0.140 0.000 0.000 0.000 0.000 0.000 0.000 0.000 0.000 0.000 
-0.989 -0.801 -0.892 -0.999 -0.854 -0.556 -0.277 -0.105 0.000 0.000 0.000 0.000 0.000 0.000 0.000 0.000 
-0.974 -0.959 -0.721 -0.945 -0.983 -0.780 -0.472 -0.218 0.000 0.000 0.000 0.000 0.000 0.000 0.000 0.000 
-0.830 -0.996 -0.912 -0.775 -0.981 -0.948 -0.699 -0.393 -0.168 0.000 0.000 0.000 0.000 0.000 0.000 0.000 
-0.613 -0.896 -0.999 -0.849 -0.849 -0.999 -0.896 -0.613 -0.320 -0.128 0.000 0.000 0.000 0.000 0.000 0.000 
-0.393 -0.699 -0.948 -0.981 -0.775 -0.912 -0.996 -0.830 -0.528 -0.256 0.000 0.000 0.000 0.000 0.000 0.000 
-0.218 -0.472 -0.780 -0.983 -0.945 -0.721 -0.959 -0.974 -0.754 -0.445 -0.201 0.000 0.000 0.000 0.000 0.000 
-0.105 -0.277 -0.556 -0.854 -0.999 -0.892 -0.801 -0.989 -0.933 -0.671 -0.368 -0.154 0.000 0.000 0.000 0.000 
0.000 -0.140 -0.344 -0.642 -0.915 -0.995 -0.825 -0.871 -1.000 -0.876 -0.585 -0.298 -0.116 0.000 0.000 0.000 
0.000 0.000 -0.184 -0.419 -0.727 -0.962 -0.971 -0.748 -0.929 -0.991 -0.806 -0.500 -0.237 0.000 0.000 0.000 
0.000 0.000 0.000 -0.237 -0.500 -0.806 -0.991 -0.929 -0.748 -0.971 -0.962 -0.727 -0.419 -0.184 0.000 0.000 
0.000 0.000 0.000 -0.116 -0.298 -0.585 -0.876 -1.000 -0.871 -0.825 -0.995 -0.915 -0.642 -0.344 -0.140 0.000 
0.000 0.000 0.000 0.000 -0.154 -0.368 -0.671 -0.933 -0.989 -0.801 -0.892 -0.999 -0.854 -0.556 -0.277 -0.105 
0.000 0.000 0.000 0.000 0.000 -0.201 -0.445 -0.754 -0.974 -0.959 -0.721 -0.945 -0.983 -0.780 -0.472 -0.218 
0.000 0.000 0.000 0.000 0.000 0.000 -0.256 -0.528 -0.830 -0.996 -0.912 -0.775 -0.981 -0.948 -0.699 -0.393 
0.000 0.000 0.000 0.000 0.000 0.000 -0.128 -0.320 -0.613 -0.896 -0.999 -0.849 -0.849 -0.999 -0.896 -0.613 
0.000 0.000 0.000 0.000 0.000 0.000 0.000 -0.168 -0.393 -0.699 -0.948 -0.981 -0.775 -0.912 -0.996 -0.830 
0.000 0.000 0.000 0.000 0.000 0.000 0.000 0.000 -0.218 -0.472 -0.780 -0.983 -0.945 -0.721 -0.959 -0.974 
0.000 0.000 0.000 0.000 0.000 0.000 0.000 0.000 -0.105 -0.277 -0.556 -0.854 -0.999 -0.892 -0.801 -0.989 
0.000 0.000 0.000 0.000 0.000 0.000 0.000 0.000 0.000 -0.140 -0.344 -0.642 -0.915 -0.995 -0.825 -0.871 
0.000 0.000 0.000 0.000 0.000 0.000 0.000 0.000 0.000 0.000 -0.184 -0.419 -0.727 -0.962 -0.971 -0.748 
