1.948764
3
# 0 1 22 50
0.793 0.756 0.884 0.970 1.000 0.968 0.880 0.751 0.602 0.453 0.320 0.212 0.132 0.000 0.000 0.000 0.000 0.000 0.000 0.000 0.000 0.000 0.000 0.000 0.000 0.000 0.000 0.000 0.000 0.000 0.000 0.000 0.000 0.000 0.000 0.000 0.000 0.000 0.000 0.000 0.000 0.000 0.000 0.000 0.000 0.000 0.000 0.000 0.000 0.000 
0.994 0.937 0.829 0.716 0.852 0.952 0.998 0.983 0.909 0.789 0.643 0.492 0.354 0.239 0.151 0.000 0.000 0.000 0.000 0.000 0.000 0.000 0.000 0.000 0.000 0.000 0.000 0.000 0.000 0.000 0.000 0.000 0.000 0.000 0.000 0.000 0.000 0.000 0.000 0.000 0.000 0.000 0.000 0.000 0.000 0.000 0.000 0.000 0.000 0.000 
0.899 0.978 0.999 0.958 0.863 0.729 0.818 0.929 0.991 0.993 0.934 0.825 0.684 0.533 0.390 0.267 0.172 0.104 0.000 0.000 0.000 0.000 0.000 0.000 0.000 0.000 0.000 0.000 0.000 0.000 0.000 0.000 0.000 0.000 0.000 0.000 0.000 0.000 0.000 0.000 0.000 0.000 0.000 0.000 0.000 0.000 0.000 0.000 0.000 0.000 
0.588 0.738 0.869 0.962 1.000 0.975 0.893 0.768 0.781 0.903 0.980 0.999 0.956 0.859 0.725 0.574 0.427 0.298 0.196 0.120 0.000 0.000 0.000 0.000 0.000 0.000 0.000 0.000 0.000 0.000 0.000 0.000 0.000 0.000 0.000 0.000 0.000 0.000 0.000 0.000 0.000 0.000 0.000 0.000 0.000 0.000 0.000 0.000 0.000 0.000 
0.277 0.402 0.546 0.698 0.837 0.942 0.995 0.988 0.921 0.806 0.743 0.873 0.964 1.000 0.973 0.890 0.764 0.615 0.466 0.331 0.221 0.138 0.000 0.000 0.000 0.000 0.000 0.000 0.000 0.000 0.000 0.000 0.000 0.000 0.000 0.000 0.000 0.000 0.000 0.000 0.000 0.000 0.000 0.000 0.000 0.000 0.000 0.000 0.000 0.000 
0.000 0.158 0.248 0.366 0.506 0.657 0.801 0.918 0.987 0.996 0.944 0.841 0.703 0.841 0.944 0.996 0.987 0.918 0.801 0.657 0.506 0.366 0.248 0.158 0.000 0.000 0.000 0.000 0.000 0.000 0.000 0.000 0.000 0.000 0.000 0.000 0.000 0.000 0.000 0.000 0.000 0.000 0.000 0.000 0.000 0.000 0.000 0.000 0.000 0.000 
0.000 0.000 0.000 0.138 0.221 0.331 0.466 0.615 0.764 0.890 0.973 1.000 0.964 0.873 0.743 0.806 0.921 0.988 0.995 0.942 0.837 0.698 0.546 0.402 0.277 0.180 0.110 0.000 0.000 0.000 0.000 0.000 0.000 0.000 0.000 0.000 0.000 0.000 0.000 0.000 0.000 0.000 0.000 0.000 0.000 0.000 0.000 0.000 0.000 0.000 
0.000 0.000 0.000 0.000 0.000 0.120 0.196 0.298 0.427 0.574 0.725 0.859 0.956 0.999 0.980 0.903 0.781 0.768 0.893 0.975 1.000 0.962 0.869 0.738 0.588 0.440 0.309 0.204 0.126 0.000 0.000 0.000 0.000 0.000 0.000 0.000 0.000 0.000 0.000 0.000 0.000 0.000 0.000 0.000 0.000 0.000 0.000 0.000 0.000 0.000 
0.000 0.000 0.000 0.000 0.000 0.000 0.000 0.104 0.172 0.267 0.390 0.533 0.684 0.825 0.934 0.993 0.991 0.929 0.818 0.729 0.863 0.958 0.999 0.978 0.899 0.776 0.629 0.479 0.342 0.230 0.145 0.000 0.000 0.000 0.000 0.000 0.000 0.000 0.000 0.000 0.000 0.000 0.000 0.000 0.000 0.000 0.000 0.000 0.000 0.000 
0.000 0.000 0.000 0.000 0.000 0.000 0.000 0.000 0.000 0.000 0.151 0.239 0.354 0.492 0.643 0.789 0.909 0.983 0.998 0.952 0.852 0.716 0.829 0.937 0.994 0.990 0.926 0.813 0.671 0.519 0.377 0.258 0.165 0.000 0.000 0.000 0.000 0.000 0.000 0.000 0.000 0.000 0.000 0.000 0.000 0.000 0.000 0.000 0.000 0.000 
0.000 0.000 0.000 0.000 0.000 0.000 0.000 0.000 0.000 0.000 0.000 0.000 0.132 0.212 0.320 0.453 0.602 0.751 0.880 0.968 1.000 0.970 0.884 0.756 0.793 0.912 0.984 0.997 0.949 0.848 0.711 0.560 0.414 0.288 0.188 0.115 0.000 0.000 0.000 0.000 0.000 0.000 0.000 0.000 0.000 0.000 0.000 0.000 0.000 0.000 
0.000 0.000 0.000 0.000 0.000 0.000 0.000 0.000 0.000 0.000 0.000 0.000 0.000 0.000 0.115 0.188 0.288 0.414 0.560 0.711 0.848 0.949 0.997 0.984 0.912 0.793 0.756 0.884 0.970 1.000 0.968 0.880 0.751 0.602 0.453 0.320 0.212 0.132 0.000 0.000 0.000 0.000 0.000 0.000 0.000 0.000 0.000 0.000 0.000 0.000 
0.000 0.000 0.000 0.000 0.000 0.000 0.000 0.000 0.000 0.000 0.000 0.000 0.000 0.000 0.000 0.000 0.000 0.165 0.258 0.377 0.519 0.671 0.813 0.926 0.990 0.994 0.937 0.829 0.716 0.852 0.952 0.998 0.983 0.909 0.789 0.643 0.492 0.354 0.239 0.151 0.000 0.000 0.000 0.000 0.000 0.000 0.000 0.000 0.000 0.000 
0.000 0.000 0.000 0.000 0.000 0.000 0.000 0.000 0.000 0.000 0.000 0.000 0.000 0.000 0.000 0.000 0.000 0.000 0.000 0.145 0.230 0.342 0.479 0.629 0.776 0.899 0.978 0.999 0.958 0.863 0.729 0.818 0.929 0.991 0.993 0.934 0.825 0.684 0.533 0.390 0.267 0.172 0.104 0.000 0.000 0.000 0.000 0.000 0.000 0.000 
0.000 0.000 0.000 0.000 0.000 0.000 0.000 0.000 0.000 0.000 0.000 0.000 0.000 0.000 0.000 0.000 0.000 0.000 0.000 0.000 0.000 0.126 0.204 0.309 0.440 0.588 0.738 0.869 0.962 1.000 0.975 0.893 0.768 0.781 0.903 0.980 0.999 0.956 0.859 0.725 0.574 0.427 0.298 0.196 0.120 0.000 0.000 0.000 0.000 0.000 
0.000 0.000 0.000 0.000 0.000 0.000 0.000 0.000 0.000 0.000 0.000 0.000 0.000 0.000 0.000 0.000 0.000 0.000 0.000 0.000 0.000 0.000 0.000 0.110 0.180 0.277 0.402 0.546 0.698 0.837 0.942 0.995 0.988 0.921 0.806 0.743 0.873 0.964 1.000 0.973 0.890 0.764 0.615 0.466 0.331 0.221 0.138 0.000 0.000 0.000 
0.000 0.000 0.000 0.000 0.000 0.000 0.000 0.000 0.000 0.000 0.000 0.000 0.000 0.000 0.000 0.000 0.000 0.000 0.000 0.000 0.000 0.000 0.000 0.000 0.000 0.000 0.158 0.248 0.366 0.506 0.657 0.801 0.918 0.987 0.996 0.944 0.841 0.703 0.841 0.944 0.996 0.987 0.918 0.801 0.657 0.506 0.366 0.248 0.158 0.000 
0.000 0.000 0.000 0.000 0.000 0.000 0.000 0.000 0.000 0.000 0.000 0.000 0.000 0.000 0.000 0.000 0.000 0.000 0.000 0.000 0.000 0.000 0.000 0.000 0.000 0.000 0.000 0.000 0.138 0.221 0.331 0.466 0.615 0.764 0.890 0.973 1.000 0.964 0.873 0.743 0.806 0.921 0.988 0.995 0.942 0.837 0.698 0.546 0.402 0.277 
0.000 0.000 0.000 0.000 0.000 0.000 0.000 0.000 0.000 0.000 0.000 0.000 0.000 0.000 0.000 0.000 0.000 0.000 0.000 0.000 0.000 0.000 0.000 0.000 0.000 0.000 0.000 0.000 0.000 0.000 0.120 0.196 0.298 0.427 0.574 0.725 0.859 0.956 0.999 0.980 0.903 0.781 0.768 0.893 0.975 1.000 0.962 0.869 0.738 0.588 
0.000 0.000 0.000 0.000 0.000 0.000 0.000 0.000 0.000 0.000 0.000 0.000 0.000 0.000 0.000 0.000 0.000 0.000 0.000 0.000 0.000 0.000 0.000 0.000 0.000 0.000 0.000 0.000 0.000 0.000 0.000 0.000 0.104 0.172 0.267 0.390 0.533 0.684 0.825 0.934 0.993 0.991 0.929 0.818 0.729 0.863 0.958 0.999 0.978 0.899 
0.000 0.000 0.000 0.000 0.000 0.000 0.000 0.000 0.000 0.000 0.000 0.000 0.000 0.000 0.000 0.000 0.000 0.000 0.000 0.000 0.000 0.000 0.000 0.000 0.000 0.000 0.000 0.000 0.000 0.000 0.000 0.000 0.000 0.000 0.000 0.151 0.239 0.354 0.492 0.643 0.789 0.909 0.983 0.998 0.952 0.852 0.716 0.829 0.937 0.994 
0.000 0.000 0.000 0.000 0.000 0.000 0.000 0.000 0.000 0.000 0.000 0.000 0.000 0.000 0.000 0.000 0.000 0.000 0.000 0.000 0.000 0.000 0.000 0.000 0.000 0.000 0.000 0.000 0.000 0.000 0.000 0.000 0.000 0.000 0.000 0.000 0.000 0.132 0.212 0.320 0.453 0.602 0.751 0.880 0.968 1.000 0.970 0.884 0.756 0.793 
# 0 2 10 50
0.948 0.844 0.705 0.844 0.948 1.000 0.990 0.921 0.804 0.659 0.508 0.367 0.249 0.159 0.000 0.000 0.000 0.000 0.000 0.000 0.000 0.000 0.000 0.000 0.000 0.000 0.000 0.000 0.000 0.000 0.000 0.000 0.000 0.000 0.000 0.000 0.000 0.000 0.000 0.000 0.000 0.000 0.000 0.000 0.000 0.000 0.000 0.000 0.000 0.000 
0.659 0.804 0.921 0.990 1.000 0.948 0.844 0.705 0.844 0.948 1.000 0.990 0.921 0.804 0.659 0.508 0.367 0.249 0.159 0.000 0.000 0.000 0.000 0.000 0.000 0.000 0.000 0.000 0.000 0.000 0.000 0.000 0.000 0.000 0.000 0.000 0.000 0.000 0.000 0.000 0.000 0.000 0.000 0.000 0.000 0.000 0.000 0.000 0.000 0.000 
0.000 0.159 0.249 0.367 0.508 0.659 0.804 0.921 0.990 1.000 0.948 0.844 0.705 0.844 0.948 1.000 0.990 0.921 0.804 0.659 0.508 0.367 0.249 0.159 0.000 0.000 0.000 0.000 0.000 0.000 0.000 0.000 0.000 0.000 0.000 0.000 0.000 0.000 0.000 0.000 0.000 0.000 0.000 0.000 0.000 0.000 0.000 0.000 0.000 0.000 
0.000 0.000 0.000 0.000 0.000 0.000 0.159 0.249 0.367 0.508 0.659 0.804 0.921 0.990 1.000 0.948 0.844 0.705 0.844 0.948 1.000 0.990 0.921 0.804 0.659 0.508 0.367 0.249 0.159 0.000 0.000 0.000 0.000 0.000 0.000 0.000 0.000 0.000 0.000 0.000 0.000 0.000 0.000 0.000 0.000 0.000 0.000 0.000 0.000 0.000 
0.000 0.000 0.000 0.000 0.000 0.000 0.000 0.000 0.000 0.000 0.000 0.159 0.249 0.367 0.508 0.659 0.804 0.921 0.990 1.000 0.948 0.844 0.705 0.844 0.948 1.000 0.990 0.921 0.804 0.659 0.508 0.367 0.249 0.159 0.000 0.000 0.000 0.000 0.000 0.000 0.000 0.000 0.000 0.000 0.000 0.000 0.000 0.000 0.000 0.000 
0.000 0.000 0.000 0.000 0.000 0.000 0.000 0.000 0.000 0.000 0.000 0.000 0.000 0.000 0.000 0.000 0.159 0.249 0.367 0.508 0.659 0.804 0.921 0.990 1.000 0.948 0.844 0.705 0.844 0.948 1.000 0.990 0.921 0.804 0.659 0.508 0.367 0.249 0.159 0.000 0.000 0.000 0.000 0.000 0.000 0.000 0.000 0.000 0.000 0.000 
0.000 0.000 0.000 0.000 0.000 0.000 0.000 0.000 0.000 0.000 0.000 0.000 0.000 0.000 0.000 0.000 0.000 0.000 0.000 0.000 0.000 0.159 0.249 0.367 0.508 0.659 0.804 0.921 0.990 1.000 0.948 0.844 0.705 0.844 0.948 1.000 0.990 0.921 0.804 0.659 0.508 0.367 0.249 0.159 0.000 0.000 0.000 0.000 0.000 0.000 
0.000 0.000 0.000 0.000 0.000 0.000 0.000 0.000 0.000 0.000 0.000 0.000 0.000 0.000 0.000 0.000 0.000 0.000 0.000 0.000 0.000 0.000 0.000 0.000 0.000 0.000 0.159 0.249 0.367 0.508 0.659 0.804 0.921 0.990 1.000 0.948 0.844 0.705 0.844 0.948 1.000 0.990 0.921 0.804 0.659 0.508 0.367 0.249 0.159 0.000 
0.000 0.000 0.000 0.000 0.000 0.000 0.000 0.000 0.000 0.000 0.000 0.000 0.000 0.000 0.000 0.000 0.000 0.000 0.000 0.000 0.000 0.000 0.000 0.000 0.000 0.000 0.000 0.000 0.000 0.000 0.000 0.159 0.249 0.367 0.508 0.659 0.804 0.921 0.990 1.000 0.948 0.844 0.705 0.844 0.948 1.000 0.990 0.921 0.804 0.659 
0.000 0.000 0.000 0.000 0.000 0.000 0.000 0.000 0.000 0.000 0.000 0.000 0.000 0.000 0.000 0.000 0.000 0.000 0.000 0.000 0.000 0.000 0.000 0.000 0.000 0.000 0.000 0.000 0.000 0.000 0.000 0.000 0.000 0.000 0.000 0.000 0.159 0.249 0.367 0.508 0.659 0.804 0.921 0.990 1.000 0.948 0.844 0.705 0.844 0.948 
# 1 0 50 22
-0.577 -0.745 -0.888 -0.979 -0.997 -0.940 -0.819 -0.660 -0.492 -0.339 -0.216 -0.127 0.000 0.000 0.000 0.000 0.000 0.000 0.000 0.000 0.000 0.000 
-0.557 -0.672 -0.830 -0.947 -0.999 -0.974 -0.879 -0.733 -0.565 -0.403 -0.266 -0.162 0.000 0.000 0.000 0.000 0.000 0.000 0.000 0.000 0.000 0.000 
-0.632 -0.598 -0.764 -0.902 -0.985 -0.994 -0.928 -0.801 -0.640 -0.472 -0.322 -0.203 -0.119 0.000 0.000 0.000 0.000 0.000 0.000 0.000 0.000 0.000 
-0.706 -0.537 -0.692 -0.846 -0.957 -1.000 -0.966 -0.863 -0.713 -0.545 -0.385 -0.251 -0.152 0.000 0.000 0.000 0.000 0.000 0.000 0.000 0.000 0.000 
-0.776 -0.611 -0.618 -0.782 -0.915 -0.990 -0.990 -0.916 -0.783 -0.619 -0.453 -0.306 -0.191 -0.111 0.000 0.000 0.000 0.000 0.000 0.000 0.000 0.000 
-0.841 -0.686 -0.544 -0.712 -0.862 -0.966 -1.000 -0.957 -0.847 -0.693 -0.525 -0.367 -0.238 -0.142 0.000 0.000 0.000 0.000 0.000 0.000 0.000 0.000 
-0.897 -0.757 -0.591 -0.639 -0.800 -0.928 -0.994 -0.985 -0.903 -0.765 -0.599 -0.434 -0.290 -0.180 -0.103 0.000 0.000 0.000 0.000 0.000 0.000 0.000 
-0.943 -0.824 -0.666 -0.564 -0.732 -0.878 -0.974 -0.999 -0.947 -0.831 -0.673 -0.505 -0.350 -0.224 -0.133 0.000 0.000 0.000 0.000 0.000 0.000 0.000 
-0.976 -0.883 -0.738 -0.571 -0.659 -0.818 -0.939 -0.997 -0.979 -0.889 -0.746 -0.579 -0.415 -0.275 -0.169 0.000 0.000 0.000 0.000 0.000 0.000 0.000 
-0.995 -0.932 -0.806 -0.645 -0.584 -0.751 -0.893 -0.981 -0.997 -0.936 -0.813 -0.653 -0.485 -0.333 -0.211 -0.124 0.000 0.000 0.000 0.000 0.000 0.000 
-1.000 -0.969 -0.868 -0.719 -0.550 -0.679 -0.835 -0.950 -0.999 -0.972 -0.874 -0.726 -0.558 -0.397 -0.261 -0.158 0.000 0.000 0.000 0.000 0.000 0.000 
-0.989 -0.992 -0.920 -0.788 -0.625 -0.605 -0.770 -0.906 -0.987 -0.993 -0.924 -0.795 -0.633 -0.466 -0.317 -0.199 -0.116 0.000 0.000 0.000 0.000 0.000 
-0.963 -1.000 -0.960 -0.852 -0.699 -0.530 -0.699 -0.852 -0.960 -1.000 -0.963 -0.858 -0.707 -0.538 -0.379 -0.247 -0.148 0.000 0.000 0.000 0.000 0.000 
-0.924 -0.993 -0.987 -0.906 -0.770 -0.605 -0.625 -0.788 -0.920 -0.992 -0.989 -0.912 -0.777 -0.613 -0.446 -0.301 -0.187 -0.108 0.000 0.000 0.000 0.000 
-0.874 -0.972 -0.999 -0.950 -0.835 -0.679 -0.550 -0.719 -0.868 -0.969 -1.000 -0.954 -0.842 -0.687 -0.518 -0.361 -0.233 -0.139 0.000 0.000 0.000 0.000 
-0.813 -0.936 -0.997 -0.981 -0.893 -0.751 -0.584 -0.645 -0.806 -0.932 -0.995 -0.983 -0.898 -0.758 -0.592 -0.428 -0.285 -0.176 -0.101 0.000 0.000 0.000 
-0.746 -0.889 -0.979 -0.997 -0.939 -0.818 -0.659 -0.571 -0.738 -0.883 -0.976 -0.998 -0.944 -0.825 -0.667 -0.498 -0.344 -0.220 -0.130 0.000 0.000 0.000 
-0.673 -0.831 -0.947 -0.999 -0.974 -0.878 -0.732 -0.564 -0.666 -0.824 -0.943 -0.998 -0.977 -0.884 -0.739 -0.572 -0.409 -0.270 -0.165 0.000 0.000 0.000 
-0.599 -0.765 -0.903 -0.985 -0.994 -0.928 -0.800 -0.639 -0.591 -0.757 -0.897 -0.983 -0.996 -0.932 -0.807 -0.646 -0.479 -0.328 -0.207 -0.121 0.000 0.000 
-0.525 -0.693 -0.847 -0.957 -1.000 -0.966 -0.862 -0.712 -0.544 -0.686 -0.841 -0.953 -1.000 -0.969 -0.869 -0.720 -0.552 -0.391 -0.256 -0.155 0.000 0.000 
-0.453 -0.619 -0.783 -0.916 -0.990 -0.990 -0.915 -0.782 -0.618 -0.611 -0.776 -0.911 -0.989 -0.992 -0.920 -0.789 -0.626 -0.459 -0.311 -0.195 -0.113 0.000 
-0.385 -0.545 -0.713 -0.863 -0.966 -1.000 -0.957 -0.846 -0.692 -0.537 -0.706 -0.857 -0.963 -1.000 -0.960 -0.853 -0.700 -0.531 -0.373 -0.242 -0.145 0.000 
-0.322 -0.472 -0.640 -0.801 -0.928 -0.994 -0.985 -0.902 -0.764 -0.598 -0.632 -0.794 -0.924 -0.993 -0.987 -0.907 -0.771 -0.606 -0.440 -0.296 -0.184 -0.105 
-0.266 -0.403 -0.565 -0.733 -0.879 -0.974 -0.999 -0.947 -0.830 -0.672 -0.557 -0.725 -0.873 -0.971 -0.999 -0.951 -0.836 -0.680 -0.511 -0.356 -0.229 -0.136 
-0.216 -0.339 -0.492 -0.660 -0.819 -0.940 -0.997 -0.979 -0.888 -0.745 -0.577 -0.652 -0.812 -0.936 -0.996 -0.981 -0.893 -0.752 -0.585 -0.421 -0.280 -0.172 
-0.172 -0.280 -0.421 -0.585 -0.752 -0.893 -0.981 -0.996 -0.936 -0.812 -0.652 -0.577 -0.745 -0.888 -0.979 -0.997 -0.940 -0.819 -0.660 -0.492 -0.339 -0.216 
-0.136 -0.229 -0.356 -0.511 -0.680 -0.836 -0.951 -0.999 -0.971 -0.873 -0.725 -0.557 -0.672 -0.830 -0.947 -0.999 -0.974 -0.879 -0.733 -0.565 -0.403 -0.266 
-0.105 -0.184 -0.296 -0.440 -0.606 -0.771 -0.907 -0.987 -0.993 -0.924 -0.794 -0.632 -0.598 -0.764 -0.902 -0.985 -0.994 -0.928 -0.801 -0.640 -0.472 -0.322 
0.000 -0.145 -0.242 -0.373 -0.531 -0.700 -0.853 -0.960 -1.000 -0.963 -0.857 -0.706 -0.537 -0.692 -0.846 -0.957 -1.000 -0.966 -0.863 -0.713 -0.545 -0.385 
0.000 -0.113 -0.195 -0.311 -0.459 -0.626 -0.789 -0.920 -0.992 -0.989 -0.911 -0.776 -0.611 -0.618 -0.782 -0.915 -0.990 -0.990 -0.916 -0.783 -0.619 -0.453 
0.000 0.000 -0.155 -0.256 -0.391 -0.552 -0.720 -0.869 -0.969 -1.000 -0.953 -0.841 -0.686 -0.544 -0.712 -0.862 -0.966 -1.000 -0.957 -0.847 -0.693 -0.525 
0.000 0.000 -0.121 -0.207 -0.328 -0.479 -0.646 -0.807 -0.932 -0.996 -0.983 -0.897 -0.757 -0.591 -0.639 -0.800 -0.928 -0.994 -0.985 -0.903 -0.765 -0.599 
0.000 0.000 0.000 -0.165 -0.270 -0.409 -0.572 -0.739 -0.884 -0.977 -0.998 -0.943 -0.824 -0.666 -0.564 -0.732 -0.878 -0.974 -0.999 -0.947 -0.831 -0.673 
0.000 0.000 0.000 -0.130 -0.220 -0.344 -0.498 -0.667 -0.825 -0.944 -0.998 -0.976 -0.883 -0.738 -0.571 -0.659 -0.818 -0.939 -0.997 -0.979 -0.889 -0.746 
0.000 0.000 0.000 -0.101 -0.176 -0.285 -0.428 -0.592 -0.758 -0.898 -0.983 -0.995 -0.932 -0.806 -0.645 -0.584 -0.751 -0.893 -0.981 -0.997 -0.936 -0.813 
0.000 0.000 0.000 0.000 -0.139 -0.233 -0.361 -0.518 -0.687 -0.842 -0.954 -1.000 -0.969 -0.868 -0.719 -0.550 -0.679 -0.835 -0.950 -0.999 -0.972 -0.874 
0.000 0.000 0.000 0.000 -0.108 -0.187 -0.301 -0.446 -0.613 -0.777 -0.912 -0.989 -0.992 -0.920 -0.788 -0.625 -0.605 -0.770 -0.906 -0.987 -0.993 -0.924 
0.000 0.000 0.000 0.000 0.000 -0.148 -0.247 -0.379 -0.538 -0.707 -0.858 -0.963 -1.000 -0.960 -0.852 -0.699 -0.530 -0.699 -0.852 -0.960 -1.000 -0.963 
0.000 0.000 0.000 0.000 0.000 -0.116 -0.199 -0.317 -0.466 -0.633 -0.795 -0.924 -0.993 -0.987 -0.906 -0.770 -0.605 -0.625 -0.788 -0.920 -0.992 -0.989 
0.000 0.000 0.000 0.000 0.000 0.000 -0.158 -0.261 -0.397 -0.558 -0.726 -0.874 -0.972 -0.999 -0.950 -0.835 -0.679 -0.550 -0.719 -0.868 -0.969 -1.000 
0.000 0.000 0.000 0.000 0.000 0.000 -0.124 -0.211 -0.333 -0.485 -0.653 -0.813 -0.936 -0.997 -0.981 -0.893 -0.751 -0.584 -0.645 -0.806 -0.932 -0.995 
0.000 0.000 0.000 0.000 0.000 0.000 0.000 -0.169 -0.275 -0.415 -0.579 -0.746 -0.889 -0.979 -0.997 -0.939 -0.818 -0.659 -0.571 -0.738 -0.883 -0.976 
0.000 0.000 0.000 0.000 0.000 0.000 0.000 -0.133 -0.224 -0.350 -0.505 -0.673 -0.831 -0.947 -0.999 -0.974 -0.878 -0.732 -0.564 -0.666 -0.824 -0.943 
0.000 0.000 0.000 0.000 0.000 0.000 0.000 -0.103 -0.180 -0.290 -0.434 -0.599 -0.765 -0.903 -0.985 -0.994 -0.928 -0.800 -0.639 -0.591 -0.757 -0.897 
0.000 0.000 0.000 0.000 0.000 0.000 0.000 0.000 -0.142 -0.238 -0.367 -0.525 -0.693 -0.847 -0.957 -1.000 -0.966 -0.862 -0.712 -0.544 -0.686 -0.841 
0.000 0.000 0.000 0.000 0.000 0.000 0.000 0.000 -0.111 -0.191 -0.306 -0.453 -0.619 -0.783 -0.916 -0.990 -0.990 -0.915 -0.782 -0.618 -0.611 -0.776 
0.000 0.000 0.000 0.000 0.000 0.000 0.000 0.000 0.000 -0.152 -0.251 -0.385 -0.545 -0.713 -0.863 -0.966 -1.000 -0.957 -0.846 -0.692 -0.537 -0.706 
0.000 0.000 0.000 0.000 0.000 0.000 0.000 0.000 0.000 -0.119 -0.203 -0.322 -0.472 -0.640 -0.801 -0.928 -0.994 -0.985 -0.902 -0.764 -0.598 -0.632 
0.000 0.000 0.000 0.000 0.000 0.000 0.000 0.000 0.000 0.000 -0.162 -0.266 -0.403 -0.565 -0.733 -0.879 -0.974 -0.999 -0.947 -0.830 -0.672 -0.557 
0.000 0.000 0.000 0.000 0.000 0.000 0.000 0.000 0.000 0.000 -0.127 -0.216 -0.339 -0.492 -0.660 -0.819 -0.940 -0.997 -0.979 -0.888 -0.745 -0.577 
