1.969123
4
# 0 1 8 50
0.000 0.000 0.000 0.000 0.000 0.000 0.000 0.000 0.000 0.000 0.124 0.208 0.324 0.469 0.632 0.790 0.917 0.990 0.992 0.924 0.800 0.643 0.480 0.333 0.215 0.129 0.000 0.000 0.000 0.000 0.000 0.000 0.000 0.000 0.000 0.000 0.000 0.000 0.000 0.000 0.000 0.000 0.000 0.000 0.000 0.000 0.000 0.000 0.000 0.000 
0.262 0.162 0.000 0.000 0.000 0.000 0.000 0.000 0.000 0.000 0.000 0.000 0.000 0.000 0.000 0.000 0.108 0.184 0.292 0.431 0.590 0.752 0.889 0.978 0.998 0.947 0.835 0.684 0.520 0.368 0.242 0.147 0.000 0.000 0.000 0.000 0.000 0.000 0.000 0.000 0.000 0.000 0.000 0.000 0.000 0.000 0.000 0.000 0.000 0.000 
0.998 0.978 0.889 0.752 0.590 0.431 0.292 0.184 0.108 0.000 0.000 0.000 0.000 0.000 0.000 0.000 0.000 0.000 0.000 0.000 0.000 0.000 0.000 0.162 0.262 0.394 0.549 0.713 0.859 0.961 1.000 0.966 0.868 0.724 0.561 0.404 0.270 0.168 0.000 0.000 0.000 0.000 0.000 0.000 0.000 0.000 0.000 0.000 0.000 0.000 
0.215 0.333 0.480 0.643 0.800 0.924 0.992 0.990 0.917 0.790 0.632 0.469 0.324 0.208 0.124 0.000 0.000 0.000 0.000 0.000 0.000 0.000 0.000 0.000 0.000 0.000 0.000 0.000 0.000 0.142 0.234 0.358 0.509 0.672 0.825 0.941 0.997 0.981 0.898 0.763 0.602 0.442 0.301 0.190 0.112 0.000 0.000 0.000 0.000 0.000 
0.000 0.000 0.000 0.000 0.000 0.112 0.190 0.301 0.442 0.602 0.763 0.898 0.981 0.997 0.941 0.825 0.672 0.509 0.358 0.234 0.142 0.000 0.000 0.000 0.000 0.000 0.000 0.000 0.000 0.000 0.000 0.000 0.000 0.000 0.000 0.124 0.208 0.324 0.469 0.632 0.790 0.917 0.990 0.992 0.924 0.800 0.643 0.480 0.333 0.215 
0.000 0.000 0.000 0.000 0.000 0.000 0.000 0.000 0.000 0.000 0.000 0.000 0.168 0.270 0.404 0.561 0.724 0.868 0.966 1.000 0.961 0.859 0.713 0.549 0.394 0.262 0.162 0.000 0.000 0.000 0.000 0.000 0.000 0.000 0.000 0.000 0.000 0.000 0.000 0.000 0.000 0.108 0.184 0.292 0.431 0.590 0.752 0.889 0.978 0.998 
0.000 0.000 0.000 0.000 0.000 0.000 0.000 0.000 0.000 0.000 0.000 0.000 0.000 0.000 0.000 0.000 0.000 0.000 0.147 0.242 0.368 0.520 0.684 0.835 0.947 0.998 0.978 0.889 0.752 0.590 0.431 0.292 0.184 0.108 0.000 0.000 0.000 0.000 0.000 0.000 0.000 0.000 0.000 0.000 0.000 0.000 0.000 0.000 0.162 0.262 
0.000 0.000 0.000 0.000 0.000 0.000 0.000 0.000 0.000 0.000 0.000 0.000 0.000 0.000 0.000 0.000 0.000 0.000 0.000 0.000 0.000 0.000 0.000 0.000 0.129 0.215 0.333 0.480 0.643 0.800 0.924 0.992 0.990 0.917 0.790 0.632 0.469 0.324 0.208 0.124 0.000 0.000 0.000 0.000 0.000 0.000 0.000 0.000 0.000 0.000 
# 0 2 37 50
0.000 0.000 0.000 0.000 0.000 0.000 0.000 0.000 0.158 0.256 0.386 0.541 0.705 0.852 0.958 1.000 0.970 0.874 0.732 0.569 0.411 0.276 0.172 0.000 0.000 0.000 0.000 0.000 0.000 0.000 0.000 0.000 0.000 0.000 0.000 0.000 0.000 0.000 0.000 0.000 0.000 0.000 0.000 0.000 0.000 0.000 0.000 0.000 0.000 0.000 
0.000 0.000 0.000 0.000 0.000 0.000 0.000 0.000 0.000 0.131 0.218 0.337 0.485 0.648 0.804 0.927 0.993 0.988 0.914 0.785 0.627 0.465 0.320 0.205 0.122 0.000 0.000 0.000 0.000 0.000 0.000 0.000 0.000 0.000 0.000 0.000 0.000 0.000 0.000 0.000 0.000 0.000 0.000 0.000 0.000 0.000 0.000 0.000 0.000 0.000 
0.000 0.000 0.000 0.000 0.000 0.000 0.000 0.000 0.000 0.000 0.107 0.184 0.292 0.430 0.590 0.751 0.889 0.977 0.998 0.947 0.835 0.684 0.521 0.368 0.242 0.148 0.000 0.000 0.000 0.000 0.000 0.000 0.000 0.000 0.000 0.000 0.000 0.000 0.000 0.000 0.000 0.000 0.000 0.000 0.000 0.000 0.000 0.000 0.000 0.000 
0.000 0.000 0.000 0.000 0.000 0.000 0.000 0.000 0.000 0.000 0.000 0.000 0.153 0.250 0.378 0.532 0.696 0.845 0.953 0.999 0.973 0.881 0.740 0.578 0.420 0.283 0.177 0.103 0.000 0.000 0.000 0.000 0.000 0.000 0.000 0.000 0.000 0.000 0.000 0.000 0.000 0.000 0.000 0.000 0.000 0.000 0.000 0.000 0.000 0.000 
0.000 0.000 0.000 0.000 0.000 0.000 0.000 0.000 0.000 0.000 0.000 0.000 0.000 0.127 0.212 0.330 0.476 0.639 0.796 0.921 0.991 0.991 0.920 0.793 0.636 0.473 0.328 0.211 0.126 0.000 0.000 0.000 0.000 0.000 0.000 0.000 0.000 0.000 0.000 0.000 0.000 0.000 0.000 0.000 0.000 0.000 0.000 0.000 0.000 0.000 
0.000 0.000 0.000 0.000 0.000 0.000 0.000 0.000 0.000 0.000 0.000 0.000 0.000 0.000 0.104 0.179 0.285 0.422 0.581 0.743 0.883 0.974 0.999 0.952 0.843 0.693 0.530 0.376 0.248 0.152 0.000 0.000 0.000 0.000 0.000 0.000 0.000 0.000 0.000 0.000 0.000 0.000 0.000 0.000 0.000 0.000 0.000 0.000 0.000 0.000 
0.199 0.118 0.000 0.000 0.000 0.000 0.000 0.000 0.000 0.000 0.000 0.000 0.000 0.000 0.000 0.000 0.149 0.244 0.371 0.524 0.687 0.838 0.949 0.999 0.976 0.887 0.749 0.587 0.428 0.289 0.182 0.106 0.000 0.000 0.000 0.000 0.000 0.000 0.000 0.000 0.000 0.000 0.000 0.000 0.000 0.000 0.000 0.000 0.000 0.000 
0.359 0.235 0.143 0.000 0.000 0.000 0.000 0.000 0.000 0.000 0.000 0.000 0.000 0.000 0.000 0.000 0.000 0.123 0.207 0.323 0.468 0.630 0.788 0.916 0.989 0.992 0.925 0.801 0.645 0.482 0.335 0.216 0.130 0.000 0.000 0.000 0.000 0.000 0.000 0.000 0.000 0.000 0.000 0.000 0.000 0.000 0.000 0.000 0.000 0.000 
0.568 0.410 0.275 0.172 0.000 0.000 0.000 0.000 0.000 0.000 0.000 0.000 0.000 0.000 0.000 0.000 0.000 0.000 0.101 0.174 0.278 0.414 0.572 0.734 0.876 0.971 1.000 0.956 0.850 0.702 0.538 0.384 0.254 0.156 0.000 0.000 0.000 0.000 0.000 0.000 0.000 0.000 0.000 0.000 0.000 0.000 0.000 0.000 0.000 0.000 
0.784 0.625 0.464 0.319 0.204 0.121 0.000 0.000 0.000 0.000 0.000 0.000 0.000 0.000 0.000 0.000 0.000 0.000 0.000 0.000 0.145 0.238 0.363 0.515 0.678 0.830 0.944 0.998 0.979 0.893 0.757 0.596 0.436 0.296 0.187 0.110 0.000 0.000 0.000 0.000 0.000 0.000 0.000 0.000 0.000 0.000 0.000 0.000 0.000 0.000 
0.947 0.834 0.683 0.519 0.367 0.241 0.147 0.000 0.000 0.000 0.000 0.000 0.000 0.000 0.000 0.000 0.000 0.000 0.000 0.000 0.000 0.120 0.202 0.316 0.459 0.621 0.780 0.910 0.987 0.994 0.930 0.809 0.654 0.491 0.342 0.222 0.133 0.000 0.000 0.000 0.000 0.000 0.000 0.000 0.000 0.000 0.000 0.000 0.000 0.000 
0.999 0.973 0.879 0.739 0.577 0.418 0.282 0.176 0.103 0.000 0.000 0.000 0.000 0.000 0.000 0.000 0.000 0.000 0.000 0.000 0.000 0.000 0.000 0.169 0.272 0.406 0.563 0.726 0.869 0.967 1.000 0.960 0.857 0.710 0.547 0.392 0.260 0.161 0.000 0.000 0.000 0.000 0.000 0.000 0.000 0.000 0.000 0.000 0.000 0.000 
0.922 0.992 0.990 0.919 0.792 0.634 0.472 0.326 0.210 0.125 0.000 0.000 0.000 0.000 0.000 0.000 0.000 0.000 0.000 0.000 0.000 0.000 0.000 0.000 0.141 0.232 0.356 0.506 0.670 0.823 0.940 0.997 0.982 0.899 0.765 0.605 0.444 0.303 0.192 0.113 0.000 0.000 0.000 0.000 0.000 0.000 0.000 0.000 0.000 0.000 
0.744 0.884 0.975 0.999 0.951 0.841 0.692 0.528 0.375 0.247 0.151 0.000 0.000 0.000 0.000 0.000 0.000 0.000 0.000 0.000 0.000 0.000 0.000 0.000 0.000 0.116 0.196 0.309 0.451 0.612 0.772 0.904 0.984 0.996 0.935 0.817 0.662 0.499 0.349 0.227 0.137 0.000 0.000 0.000 0.000 0.000 0.000 0.000 0.000 0.000 
0.525 0.689 0.839 0.950 0.999 0.976 0.886 0.747 0.585 0.426 0.288 0.181 0.106 0.000 0.000 0.000 0.000 0.000 0.000 0.000 0.000 0.000 0.000 0.000 0.000 0.000 0.000 0.165 0.265 0.398 0.554 0.717 0.863 0.964 1.000 0.964 0.864 0.719 0.556 0.399 0.267 0.165 0.000 0.000 0.000 0.000 0.000 0.000 0.000 0.000 
0.324 0.469 0.631 0.789 0.917 0.990 0.992 0.924 0.800 0.643 0.480 0.333 0.215 0.129 0.000 0.000 0.000 0.000 0.000 0.000 0.000 0.000 0.000 0.000 0.000 0.000 0.000 0.000 0.137 0.226 0.348 0.498 0.661 0.815 0.935 0.995 0.985 0.905 0.773 0.614 0.452 0.310 0.197 0.117 0.000 0.000 0.000 0.000 0.000 0.000 
0.175 0.280 0.415 0.574 0.736 0.877 0.971 1.000 0.955 0.849 0.700 0.537 0.382 0.253 0.156 0.000 0.000 0.000 0.000 0.000 0.000 0.000 0.000 0.000 0.000 0.000 0.000 0.000 0.000 0.112 0.191 0.302 0.443 0.603 0.764 0.898 0.982 0.997 0.940 0.824 0.671 0.508 0.357 0.233 0.141 0.000 0.000 0.000 0.000 0.000 
0.000 0.146 0.239 0.365 0.517 0.680 0.832 0.945 0.998 0.979 0.892 0.755 0.594 0.434 0.295 0.186 0.109 0.000 0.000 0.000 0.000 0.000 0.000 0.000 0.000 0.000 0.000 0.000 0.000 0.000 0.000 0.160 0.259 0.390 0.546 0.709 0.856 0.960 1.000 0.968 0.871 0.728 0.565 0.407 0.273 0.170 0.000 0.000 0.000 0.000 
0.000 0.000 0.120 0.202 0.317 0.461 0.623 0.781 0.911 0.987 0.994 0.929 0.808 0.652 0.489 0.341 0.221 0.133 0.000 0.000 0.000 0.000 0.000 0.000 0.000 0.000 0.000 0.000 0.000 0.000 0.000 0.000 0.133 0.221 0.341 0.489 0.652 0.808 0.929 0.994 0.987 0.911 0.781 0.623 0.461 0.317 0.202 0.120 0.000 0.000 
0.000 0.000 0.000 0.000 0.170 0.273 0.407 0.565 0.728 0.871 0.968 1.000 0.960 0.856 0.709 0.546 0.390 0.259 0.160 0.000 0.000 0.000 0.000 0.000 0.000 0.000 0.000 0.000 0.000 0.000 0.000 0.000 0.000 0.109 0.186 0.295 0.434 0.594 0.755 0.892 0.979 0.998 0.945 0.832 0.680 0.517 0.365 0.239 0.146 0.000 
0.000 0.000 0.000 0.000 0.000 0.141 0.233 0.357 0.508 0.671 0.824 0.940 0.997 0.982 0.898 0.764 0.603 0.443 0.302 0.191 0.112 0.000 0.000 0.000 0.000 0.000 0.000 0.000 0.000 0.000 0.000 0.000 0.000 0.000 0.000 0.156 0.253 0.382 0.537 0.700 0.849 0.955 1.000 0.971 0.877 0.736 0.574 0.415 0.280 0.175 
0.000 0.000 0.000 0.000 0.000 0.000 0.117 0.197 0.310 0.452 0.614 0.773 0.905 0.985 0.995 0.935 0.815 0.661 0.498 0.348 0.226 0.137 0.000 0.000 0.000 0.000 0.000 0.000 0.000 0.000 0.000 0.000 0.000 0.000 0.000 0.000 0.129 0.215 0.333 0.480 0.643 0.800 0.924 0.992 0.990 0.917 0.789 0.631 0.469 0.324 
0.000 0.000 0.000 0.000 0.000 0.000 0.000 0.000 0.165 0.267 0.399 0.556 0.719 0.864 0.964 1.000 0.964 0.863 0.717 0.554 0.398 0.265 0.165 0.000 0.000 0.000 0.000 0.000 0.000 0.000 0.000 0.000 0.000 0.000 0.000 0.000 0.000 0.106 0.181 0.288 0.426 0.585 0.747 0.886 0.976 0.999 0.950 0.839 0.689 0.525 
0.000 0.000 0.000 0.000 0.000 0.000 0.000 0.000 0.000 0.137 0.227 0.349 0.499 0.662 0.817 0.935 0.996 0.984 0.904 0.772 0.612 0.451 0.309 0.196 0.116 0.000 0.000 0.000 0.000 0.000 0.000 0.000 0.000 0.000 0.000 0.000 0.000 0.000 0.000 0.151 0.247 0.375 0.528 0.692 0.841 0.951 0.999 0.975 0.884 0.744 
0.000 0.000 0.000 0.000 0.000 0.000 0.000 0.000 0.000 0.000 0.113 0.192 0.303 0.444 0.605 0.765 0.899 0.982 0.997 0.940 0.823 0.670 0.506 0.356 0.232 0.141 0.000 0.000 0.000 0.000 0.000 0.000 0.000 0.000 0.000 0.000 0.000 0.000 0.000 0.000 0.125 0.210 0.326 0.472 0.634 0.792 0.919 0.990 0.992 0.922 
0.000 0.000 0.000 0.000 0.000 0.000 0.000 0.000 0.000 0.000 0.000 0.000 0.161 0.260 0.392 0.547 0.710 0.857 0.960 1.000 0.967 0.869 0.726 0.563 0.406 0.272 0.169 0.000 0.000 0.000 0.000 0.000 0.000 0.000 0.000 0.000 0.000 0.000 0.000 0.000 0.000 0.103 0.176 0.282 0.418 0.577 0.739 0.879 0.973 0.999 
0.000 0.000 0.000 0.000 0.000 0.000 0.000 0.000 0.000 0.000 0.000 0.000 0.000 0.133 0.222 0.342 0.491 0.654 0.809 0.930 0.994 0.987 0.910 0.780 0.621 0.459 0.316 0.202 0.120 0.000 0.000 0.000 0.000 0.000 0.000 0.000 0.000 0.000 0.000 0.000 0.000 0.000 0.000 0.147 0.241 0.367 0.519 0.683 0.834 0.947 
0.000 0.000 0.000 0.000 0.000 0.000 0.000 0.000 0.000 0.000 0.000 0.000 0.000 0.000 0.110 0.187 0.296 0.436 0.596 0.757 0.893 0.979 0.998 0.944 0.830 0.678 0.515 0.363 0.238 0.145 0.000 0.000 0.000 0.000 0.000 0.000 0.000 0.000 0.000 0.000 0.000 0.000 0.000 0.000 0.121 0.204 0.319 0.464 0.625 0.784 
0.000 0.000 0.000 0.000 0.000 0.000 0.000 0.000 0.000 0.000 0.000 0.000 0.000 0.000 0.000 0.000 0.156 0.254 0.384 0.538 0.702 0.850 0.956 1.000 0.971 0.876 0.734 0.572 0.414 0.278 0.174 0.101 0.000 0.000 0.000 0.000 0.000 0.000 0.000 0.000 0.000 0.000 0.000 0.000 0.000 0.000 0.172 0.275 0.410 0.568 
0.000 0.000 0.000 0.000 0.000 0.000 0.000 0.000 0.000 0.000 0.000 0.000 0.000 0.000 0.000 0.000 0.000 0.130 0.216 0.335 0.482 0.645 0.801 0.925 0.992 0.989 0.916 0.788 0.630 0.468 0.323 0.207 0.123 0.000 0.000 0.000 0.000 0.000 0.000 0.000 0.000 0.000 0.000 0.000 0.000 0.000 0.000 0.143 0.235 0.359 
0.000 0.000 0.000 0.000 0.000 0.000 0.000 0.000 0.000 0.000 0.000 0.000 0.000 0.000 0.000 0.000 0.000 0.000 0.106 0.182 0.289 0.428 0.587 0.749 0.887 0.976 0.999 0.949 0.838 0.687 0.524 0.371 0.244 0.149 0.000 0.000 0.000 0.000 0.000 0.000 0.000 0.000 0.000 0.000 0.000 0.000 0.000 0.000 0.118 0.199 
0.000 0.000 0.000 0.000 0.000 0.000 0.000 0.000 0.000 0.000 0.000 0.000 0.000 0.000 0.000 0.000 0.000 0.000 0.000 0.000 0.152 0.248 0.376 0.530 0.693 0.843 0.952 0.999 0.974 0.883 0.743 0.581 0.422 0.285 0.179 0.104 0.000 0.000 0.000 0.000 0.000 0.000 0.000 0.000 0.000 0.000 0.000 0.000 0.000 0.000 
0.000 0.000 0.000 0.000 0.000 0.000 0.000 0.000 0.000 0.000 0.000 0.000 0.000 0.000 0.000 0.000 0.000 0.000 0.000 0.000 0.000 0.126 0.211 0.328 0.473 0.636 0.793 0.920 0.991 0.991 0.921 0.796 0.639 0.476 0.330 0.212 0.127 0.000 0.000 0.000 0.000 0.000 0.000 0.000 0.000 0.000 0.000 0.000 0.000 0.000 
0.000 0.000 0.000 0.000 0.000 0.000 0.000 0.000 0.000 0.000 0.000 0.000 0.000 0.000 0.000 0.000 0.000 0.000 0.000 0.000 0.000 0.000 0.103 0.177 0.283 0.420 0.578 0.740 0.881 0.973 0.999 0.953 0.845 0.696 0.532 0.378 0.250 0.153 0.000 0.000 0.000 0.000 0.000 0.000 0.000 0.000 0.000 0.000 0.000 0.000 
0.000 0.000 0.000 0.000 0.000 0.000 0.000 0.000 0.000 0.000 0.000 0.000 0.000 0.000 0.000 0.000 0.000 0.000 0.000 0.000 0.000 0.000 0.000 0.000 0.148 0.242 0.368 0.521 0.684 0.835 0.947 0.998 0.977 0.889 0.751 0.590 0.430 0.292 0.184 0.107 0.000 0.000 0.000 0.000 0.000 0.000 0.000 0.000 0.000 0.000 
0.000 0.000 0.000 0.000 0.000 0.000 0.000 0.000 0.000 0.000 0.000 0.000 0.000 0.000 0.000 0.000 0.000 0.000 0.000 0.000 0.000 0.000 0.000 0.000 0.000 0.122 0.205 0.320 0.465 0.627 0.785 0.914 0.988 0.993 0.927 0.804 0.648 0.485 0.337 0.218 0.131 0.000 0.000 0.000 0.000 0.000 0.000 0.000 0.000 0.000 
0.000 0.000 0.000 0.000 0.000 0.000 0.000 0.000 0.000 0.000 0.000 0.000 0.000 0.000 0.000 0.000 0.000 0.000 0.000 0.000 0.000 0.000 0.000 0.000 0.000 0.000 0.000 0.172 0.276 0.411 0.569 0.732 0.874 0.970 1.000 0.958 0.852 0.705 0.541 0.386 0.256 0.158 0.000 0.000 0.000 0.000 0.000 0.000 0.000 0.000 
# 0 3 7 50
0.000 0.000 0.000 0.000 0.000 0.000 0.000 0.000 0.000 0.000 0.000 0.167 0.268 0.401 0.558 0.721 0.866 0.965 1.000 0.963 0.861 0.715 0.552 0.396 0.264 0.163 0.000 0.000 0.000 0.000 0.000 0.000 0.000 0.000 0.000 0.000 0.000 0.000 0.000 0.000 0.000 0.000 0.000 0.000 0.000 0.000 0.000 0.000 0.000 0.000 
0.444 0.303 0.192 0.113 0.000 0.000 0.000 0.000 0.000 0.000 0.000 0.000 0.000 0.000 0.000 0.000 0.000 0.000 0.155 0.252 0.381 0.535 0.698 0.847 0.955 0.999 0.972 0.879 0.738 0.576 0.417 0.281 0.176 0.102 0.000 0.000 0.000 0.000 0.000 0.000 0.000 0.000 0.000 0.000 0.000 0.000 0.000 0.000 0.000 0.000 
0.802 0.926 0.993 0.989 0.915 0.787 0.629 0.467 0.322 0.206 0.123 0.000 0.000 0.000 0.000 0.000 0.000 0.000 0.000 0.000 0.000 0.000 0.000 0.000 0.000 0.143 0.236 0.360 0.512 0.675 0.828 0.943 0.997 0.980 0.895 0.760 0.599 0.439 0.299 0.189 0.111 0.000 0.000 0.000 0.000 0.000 0.000 0.000 0.000 0.000 
0.000 0.000 0.120 0.202 0.317 0.461 0.623 0.781 0.911 0.987 0.994 0.929 0.808 0.652 0.489 0.341 0.221 0.133 0.000 0.000 0.000 0.000 0.000 0.000 0.000 0.000 0.000 0.000 0.000 0.000 0.000 0.000 0.133 0.221 0.341 0.489 0.652 0.808 0.929 0.994 0.987 0.911 0.781 0.623 0.461 0.317 0.202 0.120 0.000 0.000 
0.000 0.000 0.000 0.000 0.000 0.000 0.000 0.000 0.000 0.111 0.189 0.299 0.439 0.599 0.760 0.895 0.980 0.997 0.943 0.828 0.675 0.512 0.360 0.236 0.143 0.000 0.000 0.000 0.000 0.000 0.000 0.000 0.000 0.000 0.000 0.000 0.000 0.000 0.000 0.123 0.206 0.322 0.467 0.629 0.787 0.915 0.989 0.993 0.926 0.802 
0.000 0.000 0.000 0.000 0.000 0.000 0.000 0.000 0.000 0.000 0.000 0.000 0.000 0.000 0.000 0.000 0.102 0.176 0.281 0.417 0.576 0.738 0.879 0.972 0.999 0.955 0.847 0.698 0.535 0.381 0.252 0.155 0.000 0.000 0.000 0.000 0.000 0.000 0.000 0.000 0.000 0.000 0.000 0.000 0.000 0.000 0.113 0.192 0.303 0.444 
0.000 0.000 0.000 0.000 0.000 0.000 0.000 0.000 0.000 0.000 0.000 0.000 0.000 0.000 0.000 0.000 0.000 0.000 0.000 0.000 0.000 0.000 0.000 0.000 0.163 0.264 0.396 0.552 0.715 0.861 0.963 1.000 0.965 0.866 0.721 0.558 0.401 0.268 0.167 0.000 0.000 0.000 0.000 0.000 0.000 0.000 0.000 0.000 0.000 0.000 
# 1 0 50 8
0.829 0.934 0.399 0.000 0.000 0.000 0.000 0.000 
0.743 0.978 0.488 0.000 0.000 0.000 0.000 0.000 
0.650 0.999 0.582 0.129 0.000 0.000 0.000 0.000 
0.626 0.995 0.678 0.175 0.000 0.000 0.000 0.000 
0.720 0.967 0.769 0.232 0.000 0.000 0.000 0.000 
0.808 0.917 0.851 0.300 0.000 0.000 0.000 0.000 
0.885 0.848 0.920 0.378 0.000 0.000 0.000 0.000 
0.945 0.765 0.969 0.466 0.000 0.000 0.000 0.000 
0.984 0.674 0.996 0.559 0.119 0.000 0.000 0.000 
1.000 0.602 0.998 0.654 0.163 0.000 0.000 0.000 
0.991 0.697 0.976 0.747 0.217 0.000 0.000 0.000 
0.958 0.787 0.931 0.832 0.282 0.000 0.000 0.000 
0.904 0.867 0.867 0.904 0.358 0.000 0.000 0.000 
0.832 0.931 0.787 0.958 0.443 0.000 0.000 0.000 
0.747 0.976 0.697 0.991 0.535 0.110 0.000 0.000 
0.654 0.998 0.602 1.000 0.630 0.151 0.000 0.000 
0.559 0.996 0.674 0.984 0.724 0.202 0.000 0.000 
0.466 0.969 0.765 0.945 0.812 0.265 0.000 0.000 
0.378 0.920 0.848 0.885 0.888 0.338 0.000 0.000 
0.300 0.851 0.917 0.808 0.947 0.421 0.000 0.000 
0.232 0.769 0.967 0.720 0.985 0.512 0.101 0.000 
0.175 0.678 0.995 0.626 1.000 0.606 0.140 0.000 
0.129 0.582 0.999 0.650 0.990 0.701 0.188 0.000 
0.000 0.488 0.978 0.743 0.957 0.791 0.248 0.000 
0.000 0.399 0.934 0.829 0.901 0.870 0.319 0.000 
0.000 0.319 0.870 0.901 0.829 0.934 0.399 0.000 
0.000 0.248 0.791 0.957 0.743 0.978 0.488 0.000 
0.000 0.188 0.701 0.990 0.650 0.999 0.582 0.129 
0.000 0.140 0.606 1.000 0.626 0.995 0.678 0.175 
0.000 0.101 0.512 0.985 0.720 0.967 0.769 0.232 
0.000 0.000 0.421 0.947 0.808 0.917 0.851 0.300 
0.000 0.000 0.338 0.888 0.885 0.848 0.920 0.378 
0.000 0.000 0.265 0.812 0.945 0.765 0.969 0.466 
0.000 0.000 0.202 0.724 0.984 0.674 0.996 0.559 
0.000 0.000 0.151 0.630 1.000 0.602 0.998 0.654 
0.000 0.000 0.110 0.535 0.991 0.697 0.976 0.747 
0.000 0.000 0.000 0.443 0.958 0.787 0.931 0.832 
0.000 0.000 0.000 0.358 0.904 0.867 0.867 0.904 
0.000 0.000 0.000 0.282 0.832 0.931 0.787 0.958 
0.000 0.000 0.000 0.217 0.747 0.976 0.697 0.991 
0.000 0.000 0.000 0.163 0.654 0.998 0.602 1.000 
0.000 0.000 0.000 0.119 0.559 0.996 0.674 0.984 
0.000 0.000 0.000 0.000 0.466 0.969 0.765 0.945 
0.000 0.000 0.000 0.000 0.378 0.920 0.848 0.885 
0.000 0.000 0.000 0.000 0.300 0.851 0.917 0.808 
0.000 0.000 0.000 0.000 0.232 0.769 0.967 0.720 
0.000 0.000 0.000 0.000 0.175 0.678 0.995 0.626 
0.000 0.000 0.000 0.000 0.129 0.582 0.999 0.650 
0.000 0.000 0.000 0.000 0.000 0.488 0.978 0.743 
0.000 0.000 0.000 0.000 0.000 0.399 0.934 0.829 
# 1 2 37 8
0.814 0.943 0.415 0.000 0.000 0.000 0.000 0.000 
0.695 0.992 0.538 0.111 0.000 0.000 0.000 0.000 
0.615 0.997 0.666 0.169 0.000 0.000 0.000 0.000 
0.741 0.958 0.789 0.247 0.000 0.000 0.000 0.000 
0.854 0.879 0.893 0.344 0.000 0.000 0.000 0.000 
0.941 0.771 0.966 0.459 0.000 0.000 0.000 0.000 
0.991 0.647 0.999 0.586 0.130 0.000 0.000 0.000 
0.997 0.663 0.987 0.714 0.196 0.000 0.000 0.000 
0.959 0.786 0.932 0.831 0.281 0.000 0.000 0.000 
0.882 0.891 0.841 0.925 0.386 0.000 0.000 0.000 
0.774 0.965 0.726 0.984 0.506 0.000 0.000 0.000 
0.650 0.999 0.598 1.000 0.634 0.153 0.000 0.000 
0.522 0.988 0.710 0.971 0.760 0.225 0.000 0.000 
0.400 0.934 0.828 0.902 0.870 0.318 0.000 0.000 
0.293 0.844 0.923 0.800 0.951 0.429 0.000 0.000 
0.205 0.729 0.983 0.679 0.995 0.554 0.117 0.000 
0.137 0.602 1.000 0.631 0.994 0.682 0.178 0.000 
0.000 0.475 0.973 0.756 0.950 0.803 0.258 0.000 
0.000 0.358 0.904 0.867 0.867 0.904 0.358 0.000 
0.000 0.258 0.803 0.950 0.756 0.973 0.475 0.000 
0.000 0.178 0.682 0.994 0.631 1.000 0.602 0.137 
0.000 0.117 0.554 0.995 0.679 0.983 0.729 0.205 
0.000 0.000 0.429 0.951 0.800 0.923 0.844 0.293 
0.000 0.000 0.318 0.870 0.902 0.828 0.934 0.400 
0.000 0.000 0.225 0.760 0.971 0.710 0.988 0.522 
0.000 0.000 0.153 0.634 1.000 0.598 0.999 0.650 
0.000 0.000 0.000 0.506 0.984 0.726 0.965 0.774 
0.000 0.000 0.000 0.386 0.925 0.841 0.891 0.882 
0.000 0.000 0.000 0.281 0.831 0.932 0.786 0.959 
0.000 0.000 0.000 0.196 0.714 0.987 0.663 0.997 
0.000 0.000 0.000 0.130 0.586 0.999 0.647 0.991 
0.000 0.000 0.000 0.000 0.459 0.966 0.771 0.941 
0.000 0.000 0.000 0.000 0.344 0.893 0.879 0.854 
0.000 0.000 0.000 0.000 0.247 0.789 0.958 0.741 
0.000 0.000 0.000 0.000 0.169 0.666 0.997 0.615 
0.000 0.000 0.000 0.000 0.111 0.538 0.992 0.695 
0.000 0.000 0.000 0.000 0.000 0.415 0.943 0.814 
# 2 0 50 37
0.000 0.000 0.000 -0.128 -0.263 -0.462 -0.697 -0.901 -0.998 -0.947 -0.770 -0.537 -0.321 -0.164 0.000 0.000 0.000 0.000 0.000 0.000 0.000 0.000 0.000 0.000 0.000 0.000 0.000 0.000 0.000 0.000 0.000 0.000 0.000 0.000 0.000 0.000 0.000 
0.000 0.000 0.000 0.000 -0.156 -0.309 -0.522 -0.756 -0.939 -0.999 -0.911 -0.712 -0.477 -0.273 -0.134 0.000 0.000 0.000 0.000 0.000 0.000 0.000 0.000 0.000 0.000 0.000 0.000 0.000 0.000 0.000 0.000 0.000 0.000 0.000 0.000 0.000 0.000 
0.000 0.000 0.000 0.000 0.000 -0.189 -0.359 -0.583 -0.812 -0.969 -0.990 -0.867 -0.651 -0.419 -0.231 -0.109 0.000 0.000 0.000 0.000 0.000 0.000 0.000 0.000 0.000 0.000 0.000 0.000 0.000 0.000 0.000 0.000 0.000 0.000 0.000 0.000 0.000 
0.000 0.000 0.000 0.000 0.000 -0.107 -0.227 -0.414 -0.645 -0.863 -0.989 -0.971 -0.817 -0.589 -0.364 -0.193 0.000 0.000 0.000 0.000 0.000 0.000 0.000 0.000 0.000 0.000 0.000 0.000 0.000 0.000 0.000 0.000 0.000 0.000 0.000 0.000 0.000 
0.000 0.000 0.000 0.000 0.000 0.000 -0.132 -0.269 -0.471 -0.706 -0.907 -0.999 -0.942 -0.762 -0.527 -0.313 -0.159 0.000 0.000 0.000 0.000 0.000 0.000 0.000 0.000 0.000 0.000 0.000 0.000 0.000 0.000 0.000 0.000 0.000 0.000 0.000 0.000 
-0.179 0.000 0.000 0.000 0.000 0.000 0.000 -0.161 -0.316 -0.531 -0.765 -0.944 -0.999 -0.905 -0.703 -0.467 -0.267 -0.130 0.000 0.000 0.000 0.000 0.000 0.000 0.000 0.000 0.000 0.000 0.000 0.000 0.000 0.000 0.000 0.000 0.000 0.000 0.000 
-0.294 -0.147 0.000 0.000 0.000 0.000 0.000 0.000 -0.195 -0.367 -0.593 -0.820 -0.972 -0.988 -0.860 -0.641 -0.410 -0.225 -0.105 0.000 0.000 0.000 0.000 0.000 0.000 0.000 0.000 0.000 0.000 0.000 0.000 0.000 0.000 0.000 0.000 0.000 0.000 
-0.444 -0.249 -0.120 0.000 0.000 0.000 0.000 0.000 -0.110 -0.233 -0.422 -0.655 -0.870 -0.991 -0.967 -0.809 -0.579 -0.356 -0.187 0.000 0.000 0.000 0.000 0.000 0.000 0.000 0.000 0.000 0.000 0.000 0.000 0.000 0.000 0.000 0.000 0.000 0.000 
-0.617 -0.388 -0.209 0.000 0.000 0.000 0.000 0.000 0.000 -0.136 -0.276 -0.480 -0.716 -0.914 -0.999 -0.937 -0.753 -0.518 -0.306 -0.154 0.000 0.000 0.000 0.000 0.000 0.000 0.000 0.000 0.000 0.000 0.000 0.000 0.000 0.000 0.000 0.000 0.000 
-0.787 -0.555 -0.335 -0.174 0.000 0.000 0.000 0.000 0.000 0.000 -0.166 -0.324 -0.541 -0.774 -0.949 -0.998 -0.898 -0.693 -0.458 -0.260 -0.126 0.000 0.000 0.000 0.000 0.000 0.000 0.000 0.000 0.000 0.000 0.000 0.000 0.000 0.000 0.000 0.000 
-0.923 -0.729 -0.494 -0.287 -0.143 0.000 0.000 0.000 0.000 0.000 0.000 -0.201 -0.376 -0.603 -0.828 -0.976 -0.985 -0.852 -0.632 -0.401 -0.219 -0.102 0.000 0.000 0.000 0.000 0.000 0.000 0.000 0.000 0.000 0.000 0.000 0.000 0.000 0.000 0.000 
-0.994 -0.881 -0.669 -0.435 -0.243 -0.116 0.000 0.000 0.000 0.000 0.000 -0.114 -0.240 -0.431 -0.664 -0.877 -0.993 -0.963 -0.800 -0.570 -0.348 -0.182 0.000 0.000 0.000 0.000 0.000 0.000 0.000 0.000 0.000 0.000 0.000 0.000 0.000 0.000 0.000 
-0.984 -0.978 -0.832 -0.607 -0.380 -0.203 0.000 0.000 0.000 0.000 0.000 0.000 -0.141 -0.283 -0.490 -0.725 -0.920 -1.000 -0.932 -0.744 -0.509 -0.298 -0.150 0.000 0.000 0.000 0.000 0.000 0.000 0.000 0.000 0.000 0.000 0.000 0.000 0.000 0.000 
-0.895 -0.997 -0.952 -0.778 -0.546 -0.328 -0.169 0.000 0.000 0.000 0.000 0.000 0.000 -0.171 -0.331 -0.550 -0.783 -0.954 -0.996 -0.892 -0.684 -0.449 -0.253 -0.122 0.000 0.000 0.000 0.000 0.000 0.000 0.000 0.000 0.000 0.000 0.000 0.000 0.000 
-0.748 -0.934 -1.000 -0.917 -0.720 -0.485 -0.280 -0.138 0.000 0.000 0.000 0.000 0.000 0.000 -0.206 -0.384 -0.612 -0.836 -0.979 -0.982 -0.845 -0.622 -0.393 -0.213 0.000 0.000 0.000 0.000 0.000 0.000 0.000 0.000 0.000 0.000 0.000 0.000 0.000 
-0.575 -0.805 -0.965 -0.992 -0.874 -0.660 -0.427 -0.236 -0.112 0.000 0.000 0.000 0.000 0.000 -0.118 -0.246 -0.440 -0.674 -0.884 -0.995 -0.959 -0.792 -0.560 -0.340 -0.177 0.000 0.000 0.000 0.000 0.000 0.000 0.000 0.000 0.000 0.000 0.000 0.000 
-0.406 -0.637 -0.856 -0.987 -0.974 -0.824 -0.598 -0.371 -0.198 0.000 0.000 0.000 0.000 0.000 0.000 -0.145 -0.290 -0.499 -0.734 -0.925 -1.000 -0.926 -0.735 -0.500 -0.291 -0.145 0.000 0.000 0.000 0.000 0.000 0.000 0.000 0.000 0.000 0.000 0.000 
-0.263 -0.463 -0.698 -0.902 -0.998 -0.947 -0.770 -0.536 -0.320 -0.164 0.000 0.000 0.000 0.000 0.000 0.000 -0.176 -0.339 -0.560 -0.791 -0.958 -0.995 -0.885 -0.675 -0.441 -0.247 -0.118 0.000 0.000 0.000 0.000 0.000 0.000 0.000 0.000 0.000 0.000 
-0.157 -0.309 -0.523 -0.757 -0.940 -0.999 -0.911 -0.711 -0.476 -0.273 -0.134 0.000 0.000 0.000 0.000 0.000 0.000 -0.212 -0.392 -0.622 -0.844 -0.982 -0.979 -0.837 -0.613 -0.385 -0.207 0.000 0.000 0.000 0.000 0.000 0.000 0.000 0.000 0.000 0.000 
0.000 -0.190 -0.360 -0.584 -0.813 -0.969 -0.990 -0.867 -0.650 -0.418 -0.230 -0.109 0.000 0.000 0.000 0.000 0.000 -0.122 -0.253 -0.449 -0.683 -0.891 -0.996 -0.954 -0.783 -0.551 -0.332 -0.172 0.000 0.000 0.000 0.000 0.000 0.000 0.000 0.000 0.000 
0.000 -0.107 -0.228 -0.414 -0.646 -0.864 -0.989 -0.971 -0.816 -0.588 -0.363 -0.192 0.000 0.000 0.000 0.000 0.000 0.000 -0.149 -0.298 -0.508 -0.743 -0.931 -1.000 -0.920 -0.726 -0.490 -0.284 -0.141 0.000 0.000 0.000 0.000 0.000 0.000 0.000 0.000 
0.000 0.000 -0.132 -0.270 -0.472 -0.707 -0.908 -0.999 -0.942 -0.761 -0.527 -0.312 -0.159 0.000 0.000 0.000 0.000 0.000 0.000 -0.181 -0.347 -0.569 -0.800 -0.963 -0.993 -0.878 -0.665 -0.432 -0.240 -0.114 0.000 0.000 0.000 0.000 0.000 0.000 0.000 
0.000 0.000 0.000 -0.162 -0.317 -0.532 -0.766 -0.945 -0.998 -0.904 -0.702 -0.467 -0.266 -0.130 0.000 0.000 0.000 0.000 0.000 -0.102 -0.218 -0.401 -0.631 -0.852 -0.985 -0.976 -0.829 -0.603 -0.376 -0.201 0.000 0.000 0.000 0.000 0.000 0.000 0.000 
0.000 0.000 0.000 0.000 -0.195 -0.368 -0.594 -0.821 -0.973 -0.988 -0.859 -0.641 -0.409 -0.224 -0.105 0.000 0.000 0.000 0.000 0.000 -0.126 -0.259 -0.458 -0.692 -0.898 -0.997 -0.950 -0.775 -0.542 -0.324 -0.167 0.000 0.000 0.000 0.000 0.000 0.000 
0.000 0.000 0.000 0.000 -0.111 -0.234 -0.423 -0.656 -0.871 -0.991 -0.967 -0.808 -0.579 -0.355 -0.187 0.000 0.000 0.000 0.000 0.000 0.000 -0.154 -0.305 -0.517 -0.752 -0.937 -1.000 -0.914 -0.716 -0.481 -0.277 -0.137 0.000 0.000 0.000 0.000 0.000 
0.000 0.000 0.000 0.000 0.000 -0.137 -0.277 -0.481 -0.716 -0.914 -1.000 -0.937 -0.752 -0.517 -0.305 -0.154 0.000 0.000 0.000 0.000 0.000 0.000 -0.187 -0.355 -0.579 -0.808 -0.967 -0.991 -0.871 -0.656 -0.423 -0.234 -0.111 0.000 0.000 0.000 0.000 
0.000 0.000 0.000 0.000 0.000 0.000 -0.167 -0.324 -0.542 -0.775 -0.950 -0.997 -0.898 -0.692 -0.458 -0.259 -0.126 0.000 0.000 0.000 0.000 0.000 -0.105 -0.224 -0.409 -0.641 -0.859 -0.988 -0.973 -0.821 -0.594 -0.368 -0.195 0.000 0.000 0.000 0.000 
0.000 0.000 0.000 0.000 0.000 0.000 0.000 -0.201 -0.376 -0.603 -0.829 -0.976 -0.985 -0.852 -0.631 -0.401 -0.218 -0.102 0.000 0.000 0.000 0.000 0.000 -0.130 -0.266 -0.467 -0.702 -0.904 -0.998 -0.945 -0.766 -0.532 -0.317 -0.162 0.000 0.000 0.000 
0.000 0.000 0.000 0.000 0.000 0.000 0.000 -0.114 -0.240 -0.432 -0.665 -0.878 -0.993 -0.963 -0.800 -0.569 -0.347 -0.181 0.000 0.000 0.000 0.000 0.000 0.000 -0.159 -0.312 -0.527 -0.761 -0.942 -0.999 -0.908 -0.707 -0.472 -0.270 -0.132 0.000 0.000 
0.000 0.000 0.000 0.000 0.000 0.000 0.000 0.000 -0.141 -0.284 -0.490 -0.726 -0.920 -1.000 -0.931 -0.743 -0.508 -0.298 -0.149 0.000 0.000 0.000 0.000 0.000 0.000 -0.192 -0.363 -0.588 -0.816 -0.971 -0.989 -0.864 -0.646 -0.414 -0.228 -0.107 0.000 
0.000 0.000 0.000 0.000 0.000 0.000 0.000 0.000 0.000 -0.172 -0.332 -0.551 -0.783 -0.954 -0.996 -0.891 -0.683 -0.449 -0.253 -0.122 0.000 0.000 0.000 0.000 0.000 -0.109 -0.230 -0.418 -0.650 -0.867 -0.990 -0.969 -0.813 -0.584 -0.360 -0.190 0.000 
0.000 0.000 0.000 0.000 0.000 0.000 0.000 0.000 0.000 0.000 -0.207 -0.385 -0.613 -0.837 -0.979 -0.982 -0.844 -0.622 -0.392 -0.212 0.000 0.000 0.000 0.000 0.000 0.000 -0.134 -0.273 -0.476 -0.711 -0.911 -0.999 -0.940 -0.757 -0.523 -0.309 -0.157 
0.000 0.000 0.000 0.000 0.000 0.000 0.000 0.000 0.000 0.000 -0.118 -0.247 -0.441 -0.675 -0.885 -0.995 -0.958 -0.791 -0.560 -0.339 -0.176 0.000 0.000 0.000 0.000 0.000 0.000 -0.164 -0.320 -0.536 -0.770 -0.947 -0.998 -0.902 -0.698 -0.463 -0.263 
0.000 0.000 0.000 0.000 0.000 0.000 0.000 0.000 0.000 0.000 0.000 -0.145 -0.291 -0.500 -0.735 -0.926 -1.000 -0.925 -0.734 -0.499 -0.290 -0.145 0.000 0.000 0.000 0.000 0.000 0.000 -0.198 -0.371 -0.598 -0.824 -0.974 -0.987 -0.856 -0.637 -0.406 
0.000 0.000 0.000 0.000 0.000 0.000 0.000 0.000 0.000 0.000 0.000 0.000 -0.177 -0.340 -0.560 -0.792 -0.959 -0.995 -0.884 -0.674 -0.440 -0.246 -0.118 0.000 0.000 0.000 0.000 0.000 -0.112 -0.236 -0.427 -0.660 -0.874 -0.992 -0.965 -0.805 -0.575 
0.000 0.000 0.000 0.000 0.000 0.000 0.000 0.000 0.000 0.000 0.000 0.000 0.000 -0.213 -0.393 -0.622 -0.845 -0.982 -0.979 -0.836 -0.612 -0.384 -0.206 0.000 0.000 0.000 0.000 0.000 0.000 -0.138 -0.280 -0.485 -0.720 -0.917 -1.000 -0.934 -0.748 
0.000 0.000 0.000 0.000 0.000 0.000 0.000 0.000 0.000 0.000 0.000 0.000 0.000 -0.122 -0.253 -0.449 -0.684 -0.892 -0.996 -0.954 -0.783 -0.550 -0.331 -0.171 0.000 0.000 0.000 0.000 0.000 0.000 -0.169 -0.328 -0.546 -0.778 -0.952 -0.997 -0.895 
0.000 0.000 0.000 0.000 0.000 0.000 0.000 0.000 0.000 0.000 0.000 0.000 0.000 0.000 -0.150 -0.298 -0.509 -0.744 -0.932 -1.000 -0.920 -0.725 -0.490 -0.283 -0.141 0.000 0.000 0.000 0.000 0.000 0.000 -0.203 -0.380 -0.607 -0.832 -0.978 -0.984 
0.000 0.000 0.000 0.000 0.000 0.000 0.000 0.000 0.000 0.000 0.000 0.000 0.000 0.000 0.000 -0.182 -0.348 -0.570 -0.800 -0.963 -0.993 -0.877 -0.664 -0.431 -0.240 -0.114 0.000 0.000 0.000 0.000 0.000 -0.116 -0.243 -0.435 -0.669 -0.881 -0.994 
0.000 0.000 0.000 0.000 0.000 0.000 0.000 0.000 0.000 0.000 0.000 0.000 0.000 0.000 0.000 -0.102 -0.219 -0.401 -0.632 -0.852 -0.985 -0.976 -0.828 -0.603 -0.376 -0.201 0.000 0.000 0.000 0.000 0.000 0.000 -0.143 -0.287 -0.494 -0.729 -0.923 
0.000 0.000 0.000 0.000 0.000 0.000 0.000 0.000 0.000 0.000 0.000 0.000 0.000 0.000 0.000 0.000 -0.126 -0.260 -0.458 -0.693 -0.898 -0.998 -0.949 -0.774 -0.541 -0.324 -0.166 0.000 0.000 0.000 0.000 0.000 0.000 -0.174 -0.335 -0.555 -0.787 
0.000 0.000 0.000 0.000 0.000 0.000 0.000 0.000 0.000 0.000 0.000 0.000 0.000 0.000 0.000 0.000 0.000 -0.154 -0.306 -0.518 -0.753 -0.937 -0.999 -0.914 -0.716 -0.480 -0.276 -0.136 0.000 0.000 0.000 0.000 0.000 0.000 -0.209 -0.388 -0.617 
0.000 0.000 0.000 0.000 0.000 0.000 0.000 0.000 0.000 0.000 0.000 0.000 0.000 0.000 0.000 0.000 0.000 0.000 -0.187 -0.356 -0.579 -0.809 -0.967 -0.991 -0.870 -0.655 -0.422 -0.233 -0.110 0.000 0.000 0.000 0.000 0.000 -0.120 -0.249 -0.444 
0.000 0.000 0.000 0.000 0.000 0.000 0.000 0.000 0.000 0.000 0.000 0.000 0.000 0.000 0.000 0.000 0.000 0.000 -0.105 -0.225 -0.410 -0.641 -0.860 -0.988 -0.972 -0.820 -0.593 -0.367 -0.195 0.000 0.000 0.000 0.000 0.000 0.000 -0.147 -0.294 
0.000 0.000 0.000 0.000 0.000 0.000 0.000 0.000 0.000 0.000 0.000 0.000 0.000 0.000 0.000 0.000 0.000 0.000 0.000 -0.130 -0.267 -0.467 -0.703 -0.905 -0.999 -0.944 -0.765 -0.531 -0.316 -0.161 0.000 0.000 0.000 0.000 0.000 0.000 -0.179 
0.000 0.000 0.000 0.000 0.000 0.000 0.000 0.000 0.000 0.000 0.000 0.000 0.000 0.000 0.000 0.000 0.000 0.000 0.000 0.000 -0.159 -0.313 -0.527 -0.762 -0.942 -0.999 -0.907 -0.706 -0.471 -0.269 -0.132 0.000 0.000 0.000 0.000 0.000 0.000 
0.000 0.000 0.000 0.000 0.000 0.000 0.000 0.000 0.000 0.000 0.000 0.000 0.000 0.000 0.000 0.000 0.000 0.000 0.000 0.000 0.000 -0.193 -0.364 -0.589 -0.817 -0.971 -0.989 -0.863 -0.645 -0.414 -0.227 -0.107 0.000 0.000 0.000 0.000 0.000 
0.000 0.000 0.000 0.000 0.000 0.000 0.000 0.000 0.000 0.000 0.000 0.000 0.000 0.000 0.000 0.000 0.000 0.000 0.000 0.000 0.000 -0.109 -0.231 -0.419 -0.651 -0.867 -0.990 -0.969 -0.812 -0.583 -0.359 -0.189 0.000 0.000 0.000 0.000 0.000 
0.000 0.000 0.000 0.000 0.000 0.000 0.000 0.000 0.000 0.000 0.000 0.000 0.000 0.000 0.000 0.000 0.000 0.000 0.000 0.000 0.000 0.000 -0.134 -0.273 -0.477 -0.712 -0.911 -0.999 -0.939 -0.756 -0.522 -0.309 -0.156 0.000 0.000 0.000 0.000 
0.000 0.000 0.000 0.000 0.000 0.000 0.000 0.000 0.000 0.000 0.000 0.000 0.000 0.000 0.000 0.000 0.000 0.000 0.000 0.000 0.000 0.000 0.000 -0.164 -0.321 -0.537 -0.770 -0.947 -0.998 -0.901 -0.697 -0.462 -0.263 -0.128 0.000 0.000 0.000 
# 2 1 8 37
0.000 0.000 0.000 0.000 0.000 -0.134 -0.272 -0.475 -0.710 -0.910 -0.999 -0.940 -0.758 -0.523 -0.310 -0.157 0.000 0.000 0.000 0.000 0.000 0.000 0.000 0.000 0.000 0.000 0.000 0.000 0.000 0.000 0.000 0.000 0.000 0.000 0.000 0.000 0.000 
-0.767 -0.533 -0.318 -0.162 0.000 0.000 0.000 0.000 0.000 0.000 -0.178 -0.342 -0.563 -0.794 -0.960 -0.994 -0.883 -0.672 -0.438 -0.245 -0.117 0.000 0.000 0.000 0.000 0.000 0.000 0.000 0.000 0.000 0.000 0.000 0.000 0.000 0.000 0.000 0.000 
-0.553 -0.785 -0.955 -0.996 -0.890 -0.681 -0.447 -0.251 -0.121 0.000 0.000 0.000 0.000 0.000 -0.109 -0.231 -0.420 -0.652 -0.868 -0.990 -0.968 -0.811 -0.582 -0.358 -0.189 0.000 0.000 0.000 0.000 0.000 0.000 0.000 0.000 0.000 0.000 0.000 0.000 
0.000 0.000 -0.106 -0.225 -0.411 -0.642 -0.860 -0.988 -0.972 -0.820 -0.592 -0.367 -0.195 0.000 0.000 0.000 0.000 0.000 0.000 -0.147 -0.294 -0.504 -0.739 -0.929 -1.000 -0.923 -0.730 -0.494 -0.287 -0.143 0.000 0.000 0.000 0.000 0.000 0.000 0.000 
0.000 0.000 0.000 0.000 0.000 0.000 0.000 -0.143 -0.287 -0.494 -0.730 -0.923 -1.000 -0.929 -0.739 -0.504 -0.294 -0.147 0.000 0.000 0.000 0.000 0.000 0.000 -0.195 -0.367 -0.592 -0.820 -0.972 -0.988 -0.860 -0.642 -0.411 -0.225 -0.106 0.000 0.000 
0.000 0.000 0.000 0.000 0.000 0.000 0.000 0.000 0.000 0.000 0.000 0.000 -0.189 -0.358 -0.582 -0.811 -0.968 -0.990 -0.868 -0.652 -0.420 -0.231 -0.109 0.000 0.000 0.000 0.000 0.000 -0.121 -0.251 -0.447 -0.681 -0.890 -0.996 -0.955 -0.785 -0.553 
0.000 0.000 0.000 0.000 0.000 0.000 0.000 0.000 0.000 0.000 0.000 0.000 0.000 0.000 0.000 0.000 -0.117 -0.245 -0.438 -0.672 -0.883 -0.994 -0.960 -0.794 -0.563 -0.342 -0.178 0.000 0.000 0.000 0.000 0.000 0.000 -0.162 -0.318 -0.533 -0.767 
0.000 0.000 0.000 0.000 0.000 0.000 0.000 0.000 0.000 0.000 0.000 0.000 0.000 0.000 0.000 0.000 0.000 0.000 0.000 0.000 0.000 -0.157 -0.310 -0.523 -0.758 -0.940 -0.999 -0.910 -0.710 -0.475 -0.272 -0.134 0.000 0.000 0.000 0.000 0.000 
