2.010502
4
# 0 1 35 50
0.000 0.000 0.000 0.000 0.000 0.000 0.126 0.170 0.225 0.291 0.367 0.452 0.543 0.637 0.729 0.815 0.889 0.947 0.985 1.000 0.991 0.959 0.905 0.835 0.751 0.660 0.566 0.474 0.387 0.309 0.241 0.183 0.136 0.000 0.000 0.000 0.000 0.000 0.000 0.000 0.000 0.000 0.000 0.000 0.000 0.000 0.000 0.000 0.000 0.000 
0.000 0.000 0.000 0.000 0.000 0.000 0.000 0.110 0.150 0.201 0.262 0.333 0.415 0.503 0.596 0.690 0.779 0.859 0.925 0.971 0.996 0.998 0.975 0.930 0.867 0.788 0.700 0.606 0.513 0.424 0.341 0.269 0.206 0.155 0.113 0.000 0.000 0.000 0.000 0.000 0.000 0.000 0.000 0.000 0.000 0.000 0.000 0.000 0.000 0.000 
0.000 0.000 0.000 0.000 0.000 0.000 0.000 0.000 0.000 0.131 0.178 0.234 0.301 0.379 0.464 0.556 0.650 0.742 0.826 0.899 0.954 0.988 1.000 0.988 0.952 0.896 0.823 0.738 0.647 0.553 0.461 0.376 0.299 0.232 0.176 0.130 0.000 0.000 0.000 0.000 0.000 0.000 0.000 0.000 0.000 0.000 0.000 0.000 0.000 0.000 
0.000 0.000 0.000 0.000 0.000 0.000 0.000 0.000 0.000 0.000 0.115 0.157 0.209 0.271 0.344 0.427 0.516 0.610 0.703 0.791 0.869 0.932 0.976 0.998 0.996 0.970 0.922 0.856 0.776 0.686 0.593 0.500 0.411 0.330 0.259 0.198 0.148 0.108 0.000 0.000 0.000 0.000 0.000 0.000 0.000 0.000 0.000 0.000 0.000 0.000 
0.131 0.000 0.000 0.000 0.000 0.000 0.000 0.000 0.000 0.000 0.000 0.000 0.137 0.185 0.243 0.312 0.390 0.477 0.570 0.663 0.754 0.837 0.908 0.960 0.992 1.000 0.984 0.945 0.887 0.812 0.726 0.633 0.539 0.448 0.364 0.288 0.223 0.168 0.124 0.000 0.000 0.000 0.000 0.000 0.000 0.000 0.000 0.000 0.000 0.000 
0.201 0.150 0.110 0.000 0.000 0.000 0.000 0.000 0.000 0.000 0.000 0.000 0.000 0.120 0.163 0.217 0.281 0.356 0.439 0.530 0.623 0.716 0.803 0.879 0.940 0.981 0.999 0.994 0.964 0.914 0.846 0.764 0.673 0.579 0.487 0.399 0.320 0.250 0.191 0.142 0.103 0.000 0.000 0.000 0.000 0.000 0.000 0.000 0.000 0.000 
0.291 0.225 0.170 0.126 0.000 0.000 0.000 0.000 0.000 0.000 0.000 0.000 0.000 0.000 0.105 0.144 0.193 0.252 0.322 0.402 0.490 0.583 0.677 0.767 0.848 0.916 0.966 0.994 0.999 0.980 0.938 0.877 0.800 0.713 0.620 0.526 0.436 0.353 0.278 0.215 0.162 0.119 0.000 0.000 0.000 0.000 0.000 0.000 0.000 0.000 
0.402 0.322 0.252 0.193 0.144 0.105 0.000 0.000 0.000 0.000 0.000 0.000 0.000 0.000 0.000 0.000 0.126 0.170 0.225 0.291 0.367 0.452 0.543 0.637 0.729 0.815 0.889 0.947 0.985 1.000 0.991 0.959 0.905 0.835 0.751 0.660 0.566 0.474 0.387 0.309 0.241 0.183 0.136 0.000 0.000 0.000 0.000 0.000 0.000 0.000 
0.530 0.439 0.356 0.281 0.217 0.163 0.120 0.000 0.000 0.000 0.000 0.000 0.000 0.000 0.000 0.000 0.000 0.110 0.150 0.201 0.262 0.333 0.415 0.503 0.596 0.690 0.779 0.859 0.925 0.971 0.996 0.998 0.975 0.930 0.867 0.788 0.700 0.606 0.513 0.424 0.341 0.269 0.206 0.155 0.113 0.000 0.000 0.000 0.000 0.000 
0.663 0.570 0.477 0.390 0.312 0.243 0.185 0.137 0.000 0.000 0.000 0.000 0.000 0.000 0.000 0.000 0.000 0.000 0.000 0.131 0.178 0.234 0.301 0.379 0.464 0.556 0.650 0.742 0.826 0.899 0.954 0.988 1.000 0.988 0.952 0.896 0.823 0.738 0.647 0.553 0.461 0.376 0.299 0.232 0.176 0.130 0.000 0.000 0.000 0.000 
0.791 0.703 0.610 0.516 0.427 0.344 0.271 0.209 0.157 0.115 0.000 0.000 0.000 0.000 0.000 0.000 0.000 0.000 0.000 0.000 0.115 0.157 0.209 0.271 0.344 0.427 0.516 0.610 0.703 0.791 0.869 0.932 0.976 0.998 0.996 0.970 0.922 0.856 0.776 0.686 0.593 0.500 0.411 0.330 0.259 0.198 0.148 0.108 0.000 0.000 
0.899 0.826 0.742 0.650 0.556 0.464 0.379 0.301 0.234 0.178 0.131 0.000 0.000 0.000 0.000 0.000 0.000 0.000 0.000 0.000 0.000 0.000 0.137 0.185 0.243 0.312 0.390 0.477 0.570 0.663 0.754 0.837 0.908 0.960 0.992 1.000 0.984 0.945 0.887 0.812 0.726 0.633 0.539 0.448 0.364 0.288 0.223 0.168 0.124 0.000 
0.971 0.925 0.859 0.779 0.690 0.596 0.503 0.415 0.333 0.262 0.201 0.150 0.110 0.000 0.000 0.000 0.000 0.000 0.000 0.000 0.000 0.000 0.000 0.120 0.163 0.217 0.281 0.356 0.439 0.530 0.623 0.716 0.803 0.879 0.940 0.981 0.999 0.994 0.964 0.914 0.846 0.764 0.673 0.579 0.487 0.399 0.320 0.250 0.191 0.142 
1.000 0.985 0.947 0.889 0.815 0.729 0.637 0.543 0.452 0.367 0.291 0.225 0.170 0.126 0.000 0.000 0.000 0.000 0.000 0.000 0.000 0.000 0.000 0.000 0.105 0.144 0.193 0.252 0.322 0.402 0.490 0.583 0.677 0.767 0.848 0.916 0.966 0.994 0.999 0.980 0.938 0.877 0.800 0.713 0.620 0.526 0.436 0.353 0.278 0.215 
0.980 0.999 0.994 0.966 0.916 0.848 0.767 0.677 0.583 0.490 0.402 0.322 0.252 0.193 0.144 0.105 0.000 0.000 0.000 0.000 0.000 0.000 0.000 0.000 0.000 0.000 0.126 0.170 0.225 0.291 0.367 0.452 0.543 0.637 0.729 0.815 0.889 0.947 0.985 1.000 0.991 0.959 0.905 0.835 0.751 0.660 0.566 0.474 0.387 0.309 
0.914 0.964 0.994 0.999 0.981 0.940 0.879 0.803 0.716 0.623 0.530 0.439 0.356 0.281 0.217 0.163 0.120 0.000 0.000 0.000 0.000 0.000 0.000 0.000 0.000 0.000 0.000 0.110 0.150 0.201 0.262 0.333 0.415 0.503 0.596 0.690 0.779 0.859 0.925 0.971 0.996 0.998 0.975 0.930 0.867 0.788 0.700 0.606 0.513 0.424 
0.812 0.887 0.945 0.984 1.000 0.992 0.960 0.908 0.837 0.754 0.663 0.570 0.477 0.390 0.312 0.243 0.185 0.137 0.000 0.000 0.000 0.000 0.000 0.000 0.000 0.000 0.000 0.000 0.000 0.131 0.178 0.234 0.301 0.379 0.464 0.556 0.650 0.742 0.826 0.899 0.954 0.988 1.000 0.988 0.952 0.896 0.823 0.738 0.647 0.553 
0.686 0.776 0.856 0.922 0.970 0.996 0.998 0.976 0.932 0.869 0.791 0.703 0.610 0.516 0.427 0.344 0.271 0.209 0.157 0.115 0.000 0.000 0.000 0.000 0.000 0.000 0.000 0.000 0.000 0.000 0.115 0.157 0.209 0.271 0.344 0.427 0.516 0.610 0.703 0.791 0.869 0.932 0.976 0.998 0.996 0.970 0.922 0.856 0.776 0.686 
0.553 0.647 0.738 0.823 0.896 0.952 0.988 1.000 0.988 0.954 0.899 0.826 0.742 0.650 0.556 0.464 0.379 0.301 0.234 0.178 0.131 0.000 0.000 0.000 0.000 0.000 0.000 0.000 0.000 0.000 0.000 0.000 0.137 0.185 0.243 0.312 0.390 0.477 0.570 0.663 0.754 0.837 0.908 0.960 0.992 1.000 0.984 0.945 0.887 0.812 
0.424 0.513 0.606 0.700 0.788 0.867 0.930 0.975 0.998 0.996 0.971 0.925 0.859 0.779 0.690 0.596 0.503 0.415 0.333 0.262 0.201 0.150 0.110 0.000 0.000 0.000 0.000 0.000 0.000 0.000 0.000 0.000 0.000 0.120 0.163 0.217 0.281 0.356 0.439 0.530 0.623 0.716 0.803 0.879 0.940 0.981 0.999 0.994 0.964 0.914 
0.309 0.387 0.474 0.566 0.660 0.751 0.835 0.905 0.959 0.991 1.000 0.985 0.947 0.889 0.815 0.729 0.637 0.543 0.452 0.367 0.291 0.225 0.170 0.126 0.000 0.000 0.000 0.000 0.000 0.000 0.000 0.000 0.000 0.000 0.105 0.144 0.193 0.252 0.322 0.402 0.490 0.583 0.677 0.767 0.848 0.916 0.966 0.994 0.999 0.980 
0.215 0.278 0.353 0.436 0.526 0.620 0.713 0.800 0.877 0.938 0.980 0.999 0.994 0.966 0.916 0.848 0.767 0.677 0.583 0.490 0.402 0.322 0.252 0.193 0.144 0.105 0.000 0.000 0.000 0.000 0.000 0.000 0.000 0.000 0.000 0.000 0.126 0.170 0.225 0.291 0.367 0.452 0.543 0.637 0.729 0.815 0.889 0.947 0.985 1.000 
0.142 0.191 0.250 0.320 0.399 0.487 0.579 0.673 0.764 0.846 0.914 0.964 0.994 0.999 0.981 0.940 0.879 0.803 0.716 0.623 0.530 0.439 0.356 0.281 0.217 0.163 0.120 0.000 0.000 0.000 0.000 0.000 0.000 0.000 0.000 0.000 0.000 0.110 0.150 0.201 0.262 0.333 0.415 0.503 0.596 0.690 0.779 0.859 0.925 0.971 
0.000 0.124 0.168 0.223 0.288 0.364 0.448 0.539 0.633 0.726 0.812 0.887 0.945 0.984 1.000 0.992 0.960 0.908 0.837 0.754 0.663 0.570 0.477 0.390 0.312 0.243 0.185 0.137 0.000 0.000 0.000 0.000 0.000 0.000 0.000 0.000 0.000 0.000 0.000 0.131 0.178 0.234 0.301 0.379 0.464 0.556 0.650 0.742 0.826 0.899 
0.000 0.000 0.108 0.148 0.198 0.259 0.330 0.411 0.500 0.593 0.686 0.776 0.856 0.922 0.970 0.996 0.998 0.976 0.932 0.869 0.791 0.703 0.610 0.516 0.427 0.344 0.271 0.209 0.157 0.115 0.000 0.000 0.000 0.000 0.000 0.000 0.000 0.000 0.000 0.000 0.115 0.157 0.209 0.271 0.344 0.427 0.516 0.610 0.703 0.791 
0.000 0.000 0.000 0.000 0.130 0.176 0.232 0.299 0.376 0.461 0.553 0.647 0.738 0.823 0.896 0.952 0.988 1.000 0.988 0.954 0.899 0.826 0.742 0.650 0.556 0.464 0.379 0.301 0.234 0.178 0.131 0.000 0.000 0.000 0.000 0.000 0.000 0.000 0.000 0.000 0.000 0.000 0.137 0.185 0.243 0.312 0.390 0.477 0.570 0.663 
0.000 0.000 0.000 0.000 0.000 0.113 0.155 0.206 0.269 0.341 0.424 0.513 0.606 0.700 0.788 0.867 0.930 0.975 0.998 0.996 0.971 0.925 0.859 0.779 0.690 0.596 0.503 0.415 0.333 0.262 0.201 0.150 0.110 0.000 0.000 0.000 0.000 0.000 0.000 0.000 0.000 0.000 0.000 0.120 0.163 0.217 0.281 0.356 0.439 0.530 
0.000 0.000 0.000 0.000 0.000 0.000 0.000 0.136 0.183 0.241 0.309 0.387 0.474 0.566 0.660 0.751 0.835 0.905 0.959 0.991 1.000 0.985 0.947 0.889 0.815 0.729 0.637 0.543 0.452 0.367 0.291 0.225 0.170 0.126 0.000 0.000 0.000 0.000 0.000 0.000 0.000 0.000 0.000 0.000 0.105 0.144 0.193 0.252 0.322 0.402 
0.000 0.000 0.000 0.000 0.000 0.000 0.000 0.000 0.119 0.162 0.215 0.278 0.353 0.436 0.526 0.620 0.713 0.800 0.877 0.938 0.980 0.999 0.994 0.966 0.916 0.848 0.767 0.677 0.583 0.490 0.402 0.322 0.252 0.193 0.144 0.105 0.000 0.000 0.000 0.000 0.000 0.000 0.000 0.000 0.000 0.000 0.126 0.170 0.225 0.291 
0.000 0.000 0.000 0.000 0.000 0.000 0.000 0.000 0.000 0.103 0.142 0.191 0.250 0.320 0.399 0.487 0.579 0.673 0.764 0.846 0.914 0.964 0.994 0.999 0.981 0.940 0.879 0.803 0.716 0.623 0.530 0.439 0.356 0.281 0.217 0.163 0.120 0.000 0.000 0.000 0.000 0.000 0.000 0.000 0.000 0.000 0.000 0.110 0.150 0.201 
0.000 0.000 0.000 0.000 0.000 0.000 0.000 0.000 0.000 0.000 0.000 0.124 0.168 0.223 0.288 0.364 0.448 0.539 0.633 0.726 0.812 0.887 0.945 0.984 1.000 0.992 0.960 0.908 0.837 0.754 0.663 0.570 0.477 0.390 0.312 0.243 0.185 0.137 0.000 0.000 0.000 0.000 0.000 0.000 0.000 0.000 0.000 0.000 0.000 0.131 
0.000 0.000 0.000 0.000 0.000 0.000 0.000 0.000 0.000 0.000 0.000 0.000 0.108 0.148 0.198 0.259 0.330 0.411 0.500 0.593 0.686 0.776 0.856 0.922 0.970 0.996 0.998 0.976 0.932 0.869 0.791 0.703 0.610 0.516 0.427 0.344 0.271 0.209 0.157 0.115 0.000 0.000 0.000 0.000 0.000 0.000 0.000 0.000 0.000 0.000 
0.000 0.000 0.000 0.000 0.000 0.000 0.000 0.000 0.000 0.000 0.000 0.000 0.000 0.000 0.130 0.176 0.232 0.299 0.376 0.461 0.553 0.647 0.738 0.823 0.896 0.952 0.988 1.000 0.988 0.954 0.899 0.826 0.742 0.650 0.556 0.464 0.379 0.301 0.234 0.178 0.131 0.000 0.000 0.000 0.000 0.000 0.000 0.000 0.000 0.000 
0.000 0.000 0.000 0.000 0.000 0.000 0.000 0.000 0.000 0.000 0.000 0.000 0.000 0.000 0.000 0.113 0.155 0.206 0.269 0.341 0.424 0.513 0.606 0.700 0.788 0.867 0.930 0.975 0.998 0.996 0.971 0.925 0.859 0.779 0.690 0.596 0.503 0.415 0.333 0.262 0.201 0.150 0.110 0.000 0.000 0.000 0.000 0.000 0.000 0.000 
0.000 0.000 0.000 0.000 0.000 0.000 0.000 0.000 0.000 0.000 0.000 0.000 0.000 0.000 0.000 0.000 0.000 0.136 0.183 0.241 0.309 0.387 0.474 0.566 0.660 0.751 0.835 0.905 0.959 0.991 1.000 0.985 0.947 0.889 0.815 0.729 0.637 0.543 0.452 0.367 0.291 0.225 0.170 0.126 0.000 0.000 0.000 0.000 0.000 0.000 
# 0 2 10 50
0.000 0.000 0.000 0.000 0.000 0.000 0.000 0.000 0.134 0.181 0.239 0.307 0.385 0.471 0.563 0.657 0.748 0.832 0.903 0.957 0.990 1.000 0.986 0.949 0.891 0.818 0.732 0.640 0.546 0.455 0.370 0.293 0.227 0.172 0.127 0.000 0.000 0.000 0.000 0.000 0.000 0.000 0.000 0.000 0.000 0.000 0.000 0.000 0.000 0.000 
0.181 0.134 0.000 0.000 0.000 0.000 0.000 0.000 0.000 0.000 0.000 0.000 0.000 0.134 0.181 0.239 0.307 0.385 0.471 0.563 0.657 0.748 0.832 0.903 0.957 0.990 1.000 0.986 0.949 0.891 0.818 0.732 0.640 0.546 0.455 0.370 0.293 0.227 0.172 0.127 0.000 0.000 0.000 0.000 0.000 0.000 0.000 0.000 0.000 0.000 
0.563 0.471 0.385 0.307 0.239 0.181 0.134 0.000 0.000 0.000 0.000 0.000 0.000 0.000 0.000 0.000 0.000 0.000 0.134 0.181 0.239 0.307 0.385 0.471 0.563 0.657 0.748 0.832 0.903 0.957 0.990 1.000 0.986 0.949 0.891 0.818 0.732 0.640 0.546 0.455 0.370 0.293 0.227 0.172 0.127 0.000 0.000 0.000 0.000 0.000 
0.957 0.903 0.832 0.748 0.657 0.563 0.471 0.385 0.307 0.239 0.181 0.134 0.000 0.000 0.000 0.000 0.000 0.000 0.000 0.000 0.000 0.000 0.000 0.134 0.181 0.239 0.307 0.385 0.471 0.563 0.657 0.748 0.832 0.903 0.957 0.990 1.000 0.986 0.949 0.891 0.818 0.732 0.640 0.546 0.455 0.370 0.293 0.227 0.172 0.127 
0.891 0.949 0.986 1.000 0.990 0.957 0.903 0.832 0.748 0.657 0.563 0.471 0.385 0.307 0.239 0.181 0.134 0.000 0.000 0.000 0.000 0.000 0.000 0.000 0.000 0.000 0.000 0.000 0.134 0.181 0.239 0.307 0.385 0.471 0.563 0.657 0.748 0.832 0.903 0.957 0.990 1.000 0.986 0.949 0.891 0.818 0.732 0.640 0.546 0.455 
0.455 0.546 0.640 0.732 0.818 0.891 0.949 0.986 1.000 0.990 0.957 0.903 0.832 0.748 0.657 0.563 0.471 0.385 0.307 0.239 0.181 0.134 0.000 0.000 0.000 0.000 0.000 0.000 0.000 0.000 0.000 0.000 0.000 0.134 0.181 0.239 0.307 0.385 0.471 0.563 0.657 0.748 0.832 0.903 0.957 0.990 1.000 0.986 0.949 0.891 
0.127 0.172 0.227 0.293 0.370 0.455 0.546 0.640 0.732 0.818 0.891 0.949 0.986 1.000 0.990 0.957 0.903 0.832 0.748 0.657 0.563 0.471 0.385 0.307 0.239 0.181 0.134 0.000 0.000 0.000 0.000 0.000 0.000 0.000 0.000 0.000 0.000 0.000 0.134 0.181 0.239 0.307 0.385 0.471 0.563 0.657 0.748 0.832 0.903 0.957 
0.000 0.000 0.000 0.000 0.000 0.127 0.172 0.227 0.293 0.370 0.455 0.546 0.640 0.732 0.818 0.891 0.949 0.986 1.000 0.990 0.957 0.903 0.832 0.748 0.657 0.563 0.471 0.385 0.307 0.239 0.181 0.134 0.000 0.000 0.000 0.000 0.000 0.000 0.000 0.000 0.000 0.000 0.000 0.134 0.181 0.239 0.307 0.385 0.471 0.563 
0.000 0.000 0.000 0.000 0.000 0.000 0.000 0.000 0.000 0.000 0.127 0.172 0.227 0.293 0.370 0.455 0.546 0.640 0.732 0.818 0.891 0.949 0.986 1.000 0.990 0.957 0.903 0.832 0.748 0.657 0.563 0.471 0.385 0.307 0.239 0.181 0.134 0.000 0.000 0.000 0.000 0.000 0.000 0.000 0.000 0.000 0.000 0.000 0.134 0.181 
0.000 0.000 0.000 0.000 0.000 0.000 0.000 0.000 0.000 0.000 0.000 0.000 0.000 0.000 0.000 0.127 0.172 0.227 0.293 0.370 0.455 0.546 0.640 0.732 0.818 0.891 0.949 0.986 1.000 0.990 0.957 0.903 0.832 0.748 0.657 0.563 0.471 0.385 0.307 0.239 0.181 0.134 0.000 0.000 0.000 0.000 0.000 0.000 0.000 0.000 
# 0 3 8 50
0.000 0.000 0.000 0.000 0.000 0.000 0.000 0.000 0.110 0.151 0.201 0.263 0.335 0.416 0.505 0.598 0.692 0.781 0.860 0.926 0.972 0.997 0.997 0.974 0.929 0.865 0.787 0.698 0.605 0.511 0.422 0.340 0.267 0.205 0.154 0.113 0.000 0.000 0.000 0.000 0.000 0.000 0.000 0.000 0.000 0.000 0.000 0.000 0.000 0.000 
0.297 0.231 0.175 0.129 0.000 0.000 0.000 0.000 0.000 0.000 0.000 0.000 0.000 0.000 0.101 0.140 0.188 0.246 0.316 0.395 0.482 0.575 0.668 0.759 0.842 0.911 0.962 0.993 0.999 0.982 0.943 0.883 0.807 0.721 0.628 0.534 0.444 0.360 0.285 0.220 0.166 0.122 0.000 0.000 0.000 0.000 0.000 0.000 0.000 0.000 
0.842 0.759 0.668 0.575 0.482 0.395 0.316 0.246 0.188 0.140 0.101 0.000 0.000 0.000 0.000 0.000 0.000 0.000 0.000 0.000 0.000 0.129 0.175 0.231 0.297 0.374 0.460 0.551 0.645 0.737 0.822 0.895 0.951 0.987 1.000 0.989 0.955 0.900 0.828 0.743 0.651 0.558 0.466 0.380 0.302 0.235 0.178 0.132 0.000 0.000 
0.929 0.974 0.997 0.997 0.972 0.926 0.860 0.781 0.692 0.598 0.505 0.416 0.335 0.263 0.201 0.151 0.110 0.000 0.000 0.000 0.000 0.000 0.000 0.000 0.000 0.000 0.000 0.119 0.162 0.216 0.280 0.354 0.438 0.528 0.622 0.714 0.802 0.878 0.939 0.980 0.999 0.994 0.965 0.915 0.847 0.765 0.675 0.581 0.488 0.401 
0.401 0.488 0.581 0.675 0.765 0.847 0.915 0.965 0.994 0.999 0.980 0.939 0.878 0.802 0.714 0.622 0.528 0.438 0.354 0.280 0.216 0.162 0.119 0.000 0.000 0.000 0.000 0.000 0.000 0.000 0.000 0.000 0.000 0.110 0.151 0.201 0.263 0.335 0.416 0.505 0.598 0.692 0.781 0.860 0.926 0.972 0.997 0.997 0.974 0.929 
0.000 0.000 0.132 0.178 0.235 0.302 0.380 0.466 0.558 0.651 0.743 0.828 0.900 0.955 0.989 1.000 0.987 0.951 0.895 0.822 0.737 0.645 0.551 0.460 0.374 0.297 0.231 0.175 0.129 0.000 0.000 0.000 0.000 0.000 0.000 0.000 0.000 0.000 0.000 0.101 0.140 0.188 0.246 0.316 0.395 0.482 0.575 0.668 0.759 0.842 
0.000 0.000 0.000 0.000 0.000 0.000 0.000 0.000 0.122 0.166 0.220 0.285 0.360 0.444 0.534 0.628 0.721 0.807 0.883 0.943 0.982 0.999 0.993 0.962 0.911 0.842 0.759 0.668 0.575 0.482 0.395 0.316 0.246 0.188 0.140 0.101 0.000 0.000 0.000 0.000 0.000 0.000 0.000 0.000 0.000 0.000 0.129 0.175 0.231 0.297 
0.000 0.000 0.000 0.000 0.000 0.000 0.000 0.000 0.000 0.000 0.000 0.000 0.000 0.000 0.113 0.154 0.205 0.267 0.340 0.422 0.511 0.605 0.698 0.787 0.865 0.929 0.974 0.997 0.997 0.972 0.926 0.860 0.781 0.692 0.598 0.505 0.416 0.335 0.263 0.201 0.151 0.110 0.000 0.000 0.000 0.000 0.000 0.000 0.000 0.000 
# 1 0 50 35
0.000 0.000 0.000 0.000 0.000 0.000 0.000 -0.112 -0.187 -0.290 -0.422 -0.573 -0.728 -0.866 -0.962 -1.000 -0.972 -0.883 -0.750 -0.596 -0.443 -0.308 -0.200 -0.122 0.000 0.000 0.000 0.000 0.000 0.000 0.000 0.000 0.000 0.000 0.000 
0.000 0.000 0.000 0.000 0.000 0.000 0.000 0.000 -0.132 -0.214 -0.327 -0.465 -0.620 -0.772 -0.900 -0.980 -0.998 -0.951 -0.847 -0.705 -0.549 -0.400 -0.272 -0.173 -0.103 0.000 0.000 0.000 0.000 0.000 0.000 0.000 0.000 0.000 0.000 
0.000 0.000 0.000 0.000 0.000 0.000 0.000 0.000 0.000 -0.153 -0.245 -0.366 -0.511 -0.667 -0.814 -0.930 -0.993 -0.991 -0.925 -0.807 -0.659 -0.503 -0.359 -0.240 -0.150 0.000 0.000 0.000 0.000 0.000 0.000 0.000 0.000 0.000 0.000 
0.000 0.000 0.000 0.000 0.000 0.000 0.000 0.000 0.000 -0.106 -0.178 -0.278 -0.407 -0.557 -0.713 -0.853 -0.955 -0.999 -0.977 -0.894 -0.765 -0.612 -0.458 -0.320 -0.209 -0.128 0.000 0.000 0.000 0.000 0.000 0.000 0.000 0.000 0.000 
0.000 0.000 0.000 0.000 0.000 0.000 0.000 0.000 0.000 0.000 -0.125 -0.205 -0.314 -0.451 -0.604 -0.758 -0.889 -0.975 -0.999 -0.958 -0.859 -0.721 -0.565 -0.414 -0.284 -0.182 -0.109 0.000 0.000 0.000 0.000 0.000 0.000 0.000 0.000 
0.000 0.000 0.000 0.000 0.000 0.000 0.000 0.000 0.000 0.000 0.000 -0.146 -0.235 -0.353 -0.496 -0.651 -0.801 -0.920 -0.989 -0.994 -0.934 -0.821 -0.675 -0.518 -0.372 -0.250 -0.157 0.000 0.000 0.000 0.000 0.000 0.000 0.000 0.000 
0.000 0.000 0.000 0.000 0.000 0.000 0.000 0.000 0.000 0.000 0.000 -0.101 -0.169 -0.267 -0.393 -0.542 -0.698 -0.841 -0.947 -0.998 -0.983 -0.905 -0.779 -0.628 -0.473 -0.333 -0.219 -0.135 0.000 0.000 0.000 0.000 0.000 0.000 0.000 
0.000 0.000 0.000 0.000 0.000 0.000 0.000 0.000 0.000 0.000 0.000 0.000 -0.118 -0.196 -0.302 -0.436 -0.589 -0.743 -0.877 -0.969 -1.000 -0.965 -0.871 -0.736 -0.581 -0.429 -0.296 -0.191 -0.115 0.000 0.000 0.000 0.000 0.000 0.000 
0.000 0.000 0.000 0.000 0.000 0.000 0.000 0.000 0.000 0.000 0.000 0.000 0.000 -0.139 -0.224 -0.340 -0.480 -0.636 -0.787 -0.910 -0.985 -0.996 -0.943 -0.834 -0.690 -0.534 -0.386 -0.261 -0.165 0.000 0.000 0.000 0.000 0.000 0.000 
0.000 0.000 0.000 0.000 0.000 0.000 0.000 0.000 0.000 0.000 0.000 0.000 0.000 0.000 -0.161 -0.256 -0.379 -0.526 -0.683 -0.828 -0.939 -0.995 -0.987 -0.915 -0.794 -0.643 -0.488 -0.346 -0.229 -0.142 0.000 0.000 0.000 0.000 0.000 
0.000 0.000 0.000 0.000 0.000 0.000 0.000 0.000 0.000 0.000 0.000 0.000 0.000 0.000 -0.112 -0.187 -0.290 -0.422 -0.573 -0.728 -0.866 -0.962 -1.000 -0.972 -0.883 -0.750 -0.596 -0.443 -0.308 -0.200 -0.122 0.000 0.000 0.000 0.000 
-0.139 0.000 0.000 0.000 0.000 0.000 0.000 0.000 0.000 0.000 0.000 0.000 0.000 0.000 0.000 -0.132 -0.214 -0.327 -0.465 -0.620 -0.772 -0.900 -0.980 -0.998 -0.951 -0.847 -0.705 -0.549 -0.400 -0.272 -0.173 -0.103 0.000 0.000 0.000 
-0.196 -0.118 0.000 0.000 0.000 0.000 0.000 0.000 0.000 0.000 0.000 0.000 0.000 0.000 0.000 0.000 -0.153 -0.245 -0.366 -0.511 -0.667 -0.814 -0.930 -0.993 -0.991 -0.925 -0.807 -0.659 -0.503 -0.359 -0.240 -0.150 0.000 0.000 0.000 
-0.267 -0.169 -0.101 0.000 0.000 0.000 0.000 0.000 0.000 0.000 0.000 0.000 0.000 0.000 0.000 0.000 -0.106 -0.178 -0.278 -0.407 -0.557 -0.713 -0.853 -0.955 -0.999 -0.977 -0.894 -0.765 -0.612 -0.458 -0.320 -0.209 -0.128 0.000 0.000 
-0.353 -0.235 -0.146 0.000 0.000 0.000 0.000 0.000 0.000 0.000 0.000 0.000 0.000 0.000 0.000 0.000 0.000 -0.125 -0.205 -0.314 -0.451 -0.604 -0.758 -0.889 -0.975 -0.999 -0.958 -0.859 -0.721 -0.565 -0.414 -0.284 -0.182 -0.109 0.000 
-0.451 -0.314 -0.205 -0.125 0.000 0.000 0.000 0.000 0.000 0.000 0.000 0.000 0.000 0.000 0.000 0.000 0.000 0.000 -0.146 -0.235 -0.353 -0.496 -0.651 -0.801 -0.920 -0.989 -0.994 -0.934 -0.821 -0.675 -0.518 -0.372 -0.250 -0.157 0.000 
-0.557 -0.407 -0.278 -0.178 -0.106 0.000 0.000 0.000 0.000 0.000 0.000 0.000 0.000 0.000 0.000 0.000 0.000 0.000 -0.101 -0.169 -0.267 -0.393 -0.542 -0.698 -0.841 -0.947 -0.998 -0.983 -0.905 -0.779 -0.628 -0.473 -0.333 -0.219 -0.135 
-0.667 -0.511 -0.366 -0.245 -0.153 0.000 0.000 0.000 0.000 0.000 0.000 0.000 0.000 0.000 0.000 0.000 0.000 0.000 0.000 -0.118 -0.196 -0.302 -0.436 -0.589 -0.743 -0.877 -0.969 -1.000 -0.965 -0.871 -0.736 -0.581 -0.429 -0.296 -0.191 
-0.772 -0.620 -0.465 -0.327 -0.214 -0.132 0.000 0.000 0.000 0.000 0.000 0.000 0.000 0.000 0.000 0.000 0.000 0.000 0.000 0.000 -0.139 -0.224 -0.340 -0.480 -0.636 -0.787 -0.910 -0.985 -0.996 -0.943 -0.834 -0.690 -0.534 -0.386 -0.261 
-0.866 -0.728 -0.573 -0.422 -0.290 -0.187 -0.112 0.000 0.000 0.000 0.000 0.000 0.000 0.000 0.000 0.000 0.000 0.000 0.000 0.000 0.000 -0.161 -0.256 -0.379 -0.526 -0.683 -0.828 -0.939 -0.995 -0.987 -0.915 -0.794 -0.643 -0.488 -0.346 
-0.939 -0.828 -0.683 -0.526 -0.379 -0.256 -0.161 0.000 0.000 0.000 0.000 0.000 0.000 0.000 0.000 0.000 0.000 0.000 0.000 0.000 0.000 -0.112 -0.187 -0.290 -0.422 -0.573 -0.728 -0.866 -0.962 -1.000 -0.972 -0.883 -0.750 -0.596 -0.443 
-0.985 -0.910 -0.787 -0.636 -0.480 -0.340 -0.224 -0.139 0.000 0.000 0.000 0.000 0.000 0.000 0.000 0.000 0.000 0.000 0.000 0.000 0.000 0.000 -0.132 -0.214 -0.327 -0.465 -0.620 -0.772 -0.900 -0.980 -0.998 -0.951 -0.847 -0.705 -0.549 
-1.000 -0.969 -0.877 -0.743 -0.589 -0.436 -0.302 -0.196 -0.118 0.000 0.000 0.000 0.000 0.000 0.000 0.000 0.000 0.000 0.000 0.000 0.000 0.000 0.000 -0.153 -0.245 -0.366 -0.511 -0.667 -0.814 -0.930 -0.993 -0.991 -0.925 -0.807 -0.659 
-0.983 -0.998 -0.947 -0.841 -0.698 -0.542 -0.393 -0.267 -0.169 -0.101 0.000 0.000 0.000 0.000 0.000 0.000 0.000 0.000 0.000 0.000 0.000 0.000 0.000 -0.106 -0.178 -0.278 -0.407 -0.557 -0.713 -0.853 -0.955 -0.999 -0.977 -0.894 -0.765 
-0.934 -0.994 -0.989 -0.920 -0.801 -0.651 -0.496 -0.353 -0.235 -0.146 0.000 0.000 0.000 0.000 0.000 0.000 0.000 0.000 0.000 0.000 0.000 0.000 0.000 0.000 -0.125 -0.205 -0.314 -0.451 -0.604 -0.758 -0.889 -0.975 -0.999 -0.958 -0.859 
-0.859 -0.958 -0.999 -0.975 -0.889 -0.758 -0.604 -0.451 -0.314 -0.205 -0.125 0.000 0.000 0.000 0.000 0.000 0.000 0.000 0.000 0.000 0.000 0.000 0.000 0.000 0.000 -0.146 -0.235 -0.353 -0.496 -0.651 -0.801 -0.920 -0.989 -0.994 -0.934 
-0.765 -0.894 -0.977 -0.999 -0.955 -0.853 -0.713 -0.557 -0.407 -0.278 -0.178 -0.106 0.000 0.000 0.000 0.000 0.000 0.000 0.000 0.000 0.000 0.000 0.000 0.000 0.000 -0.101 -0.169 -0.267 -0.393 -0.542 -0.698 -0.841 -0.947 -0.998 -0.983 
-0.659 -0.807 -0.925 -0.991 -0.993 -0.930 -0.814 -0.667 -0.511 -0.366 -0.245 -0.153 0.000 0.000 0.000 0.000 0.000 0.000 0.000 0.000 0.000 0.000 0.000 0.000 0.000 0.000 -0.118 -0.196 -0.302 -0.436 -0.589 -0.743 -0.877 -0.969 -1.000 
-0.549 -0.705 -0.847 -0.951 -0.998 -0.980 -0.900 -0.772 -0.620 -0.465 -0.327 -0.214 -0.132 0.000 0.000 0.000 0.000 0.000 0.000 0.000 0.000 0.000 0.000 0.000 0.000 0.000 0.000 -0.139 -0.224 -0.340 -0.480 -0.636 -0.787 -0.910 -0.985 
-0.443 -0.596 -0.750 -0.883 -0.972 -1.000 -0.962 -0.866 -0.728 -0.573 -0.422 -0.290 -0.187 -0.112 0.000 0.000 0.000 0.000 0.000 0.000 0.000 0.000 0.000 0.000 0.000 0.000 0.000 0.000 -0.161 -0.256 -0.379 -0.526 -0.683 -0.828 -0.939 
-0.346 -0.488 -0.643 -0.794 -0.915 -0.987 -0.995 -0.939 -0.828 -0.683 -0.526 -0.379 -0.256 -0.161 0.000 0.000 0.000 0.000 0.000 0.000 0.000 0.000 0.000 0.000 0.000 0.000 0.000 0.000 -0.112 -0.187 -0.290 -0.422 -0.573 -0.728 -0.866 
-0.261 -0.386 -0.534 -0.690 -0.834 -0.943 -0.996 -0.985 -0.910 -0.787 -0.636 -0.480 -0.340 -0.224 -0.139 0.000 0.000 0.000 0.000 0.000 0.000 0.000 0.000 0.000 0.000 0.000 0.000 0.000 0.000 -0.132 -0.214 -0.327 -0.465 -0.620 -0.772 
-0.191 -0.296 -0.429 -0.581 -0.736 -0.871 -0.965 -1.000 -0.969 -0.877 -0.743 -0.589 -0.436 -0.302 -0.196 -0.118 0.000 0.000 0.000 0.000 0.000 0.000 0.000 0.000 0.000 0.000 0.000 0.000 0.000 0.000 -0.153 -0.245 -0.366 -0.511 -0.667 
-0.135 -0.219 -0.333 -0.473 -0.628 -0.779 -0.905 -0.983 -0.998 -0.947 -0.841 -0.698 -0.542 -0.393 -0.267 -0.169 -0.101 0.000 0.000 0.000 0.000 0.000 0.000 0.000 0.000 0.000 0.000 0.000 0.000 0.000 -0.106 -0.178 -0.278 -0.407 -0.557 
0.000 -0.157 -0.250 -0.372 -0.518 -0.675 -0.821 -0.934 -0.994 -0.989 -0.920 -0.801 -0.651 -0.496 -0.353 -0.235 -0.146 0.000 0.000 0.000 0.000 0.000 0.000 0.000 0.000 0.000 0.000 0.000 0.000 0.000 0.000 -0.125 -0.205 -0.314 -0.451 
0.000 -0.109 -0.182 -0.284 -0.414 -0.565 -0.721 -0.859 -0.958 -0.999 -0.975 -0.889 -0.758 -0.604 -0.451 -0.314 -0.205 -0.125 0.000 0.000 0.000 0.000 0.000 0.000 0.000 0.000 0.000 0.000 0.000 0.000 0.000 0.000 -0.146 -0.235 -0.353 
0.000 0.000 -0.128 -0.209 -0.320 -0.458 -0.612 -0.765 -0.894 -0.977 -0.999 -0.955 -0.853 -0.713 -0.557 -0.407 -0.278 -0.178 -0.106 0.000 0.000 0.000 0.000 0.000 0.000 0.000 0.000 0.000 0.000 0.000 0.000 0.000 -0.101 -0.169 -0.267 
0.000 0.000 0.000 -0.150 -0.240 -0.359 -0.503 -0.659 -0.807 -0.925 -0.991 -0.993 -0.930 -0.814 -0.667 -0.511 -0.366 -0.245 -0.153 0.000 0.000 0.000 0.000 0.000 0.000 0.000 0.000 0.000 0.000 0.000 0.000 0.000 0.000 -0.118 -0.196 
0.000 0.000 0.000 -0.103 -0.173 -0.272 -0.400 -0.549 -0.705 -0.847 -0.951 -0.998 -0.980 -0.900 -0.772 -0.620 -0.465 -0.327 -0.214 -0.132 0.000 0.000 0.000 0.000 0.000 0.000 0.000 0.000 0.000 0.000 0.000 0.000 0.000 0.000 -0.139 
0.000 0.000 0.000 0.000 -0.122 -0.200 -0.308 -0.443 -0.596 -0.750 -0.883 -0.972 -1.000 -0.962 -0.866 -0.728 -0.573 -0.422 -0.290 -0.187 -0.112 0.000 0.000 0.000 0.000 0.000 0.000 0.000 0.000 0.000 0.000 0.000 0.000 0.000 0.000 
0.000 0.000 0.000 0.000 0.000 -0.142 -0.229 -0.346 -0.488 -0.643 -0.794 -0.915 -0.987 -0.995 -0.939 -0.828 -0.683 -0.526 -0.379 -0.256 -0.161 0.000 0.000 0.000 0.000 0.000 0.000 0.000 0.000 0.000 0.000 0.000 0.000 0.000 0.000 
0.000 0.000 0.000 0.000 0.000 0.000 -0.165 -0.261 -0.386 -0.534 -0.690 -0.834 -0.943 -0.996 -0.985 -0.910 -0.787 -0.636 -0.480 -0.340 -0.224 -0.139 0.000 0.000 0.000 0.000 0.000 0.000 0.000 0.000 0.000 0.000 0.000 0.000 0.000 
0.000 0.000 0.000 0.000 0.000 0.000 -0.115 -0.191 -0.296 -0.429 -0.581 -0.736 -0.871 -0.965 -1.000 -0.969 -0.877 -0.743 -0.589 -0.436 -0.302 -0.196 -0.118 0.000 0.000 0.000 0.000 0.000 0.000 0.000 0.000 0.000 0.000 0.000 0.000 
0.000 0.000 0.000 0.000 0.000 0.000 0.000 -0.135 -0.219 -0.333 -0.473 -0.628 -0.779 -0.905 -0.983 -0.998 -0.947 -0.841 -0.698 -0.542 -0.393 -0.267 -0.169 -0.101 0.000 0.000 0.000 0.000 0.000 0.000 0.000 0.000 0.000 0.000 0.000 
0.000 0.000 0.000 0.000 0.000 0.000 0.000 0.000 -0.157 -0.250 -0.372 -0.518 -0.675 -0.821 -0.934 -0.994 -0.989 -0.920 -0.801 -0.651 -0.496 -0.353 -0.235 -0.146 0.000 0.000 0.000 0.000 0.000 0.000 0.000 0.000 0.000 0.000 0.000 
0.000 0.000 0.000 0.000 0.000 0.000 0.000 0.000 -0.109 -0.182 -0.284 -0.414 -0.565 -0.721 -0.859 -0.958 -0.999 -0.975 -0.889 -0.758 -0.604 -0.451 -0.314 -0.205 -0.125 0.000 0.000 0.000 0.000 0.000 0.000 0.000 0.000 0.000 0.000 
0.000 0.000 0.000 0.000 0.000 0.000 0.000 0.000 0.000 -0.128 -0.209 -0.320 -0.458 -0.612 -0.765 -0.894 -0.977 -0.999 -0.955 -0.853 -0.713 -0.557 -0.407 -0.278 -0.178 -0.106 0.000 0.000 0.000 0.000 0.000 0.000 0.000 0.000 0.000 
0.000 0.000 0.000 0.000 0.000 0.000 0.000 0.000 0.000 0.000 -0.150 -0.240 -0.359 -0.503 -0.659 -0.807 -0.925 -0.991 -0.993 -0.930 -0.814 -0.667 -0.511 -0.366 -0.245 -0.153 0.000 0.000 0.000 0.000 0.000 0.000 0.000 0.000 0.000 
0.000 0.000 0.000 0.000 0.000 0.000 0.000 0.000 0.000 0.000 -0.103 -0.173 -0.272 -0.400 -0.549 -0.705 -0.847 -0.951 -0.998 -0.980 -0.900 -0.772 -0.620 -0.465 -0.327 -0.214 -0.132 0.000 0.000 0.000 0.000 0.000 0.000 0.000 0.000 
0.000 0.000 0.000 0.000 0.000 0.000 0.000 0.000 0.000 0.000 0.000 -0.122 -0.200 -0.308 -0.443 -0.596 -0.750 -0.883 -0.972 -1.000 -0.962 -0.866 -0.728 -0.573 -0.422 -0.290 -0.187 -0.112 0.000 0.000 0.000 0.000 0.000 0.000 0.000 
# 1 2 10 35
0.000 0.000 0.000 0.000 0.000 0.000 0.000 0.000 0.000 -0.153 -0.245 -0.366 -0.511 -0.667 -0.814 -0.930 -0.993 -0.991 -0.925 -0.807 -0.659 -0.503 -0.359 -0.240 -0.150 0.000 0.000 0.000 0.000 0.000 0.000 0.000 0.000 0.000 0.000 
0.000 0.000 0.000 0.000 0.000 0.000 0.000 0.000 0.000 0.000 0.000 0.000 -0.118 -0.196 -0.302 -0.436 -0.589 -0.743 -0.877 -0.969 -1.000 -0.965 -0.871 -0.736 -0.581 -0.429 -0.296 -0.191 -0.115 0.000 0.000 0.000 0.000 0.000 0.000 
-0.196 -0.118 0.000 0.000 0.000 0.000 0.000 0.000 0.000 0.000 0.000 0.000 0.000 0.000 0.000 0.000 -0.153 -0.245 -0.366 -0.511 -0.667 -0.814 -0.930 -0.993 -0.991 -0.925 -0.807 -0.659 -0.503 -0.359 -0.240 -0.150 0.000 0.000 0.000 
-0.667 -0.511 -0.366 -0.245 -0.153 0.000 0.000 0.000 0.000 0.000 0.000 0.000 0.000 0.000 0.000 0.000 0.000 0.000 0.000 -0.118 -0.196 -0.302 -0.436 -0.589 -0.743 -0.877 -0.969 -1.000 -0.965 -0.871 -0.736 -0.581 -0.429 -0.296 -0.191 
-1.000 -0.969 -0.877 -0.743 -0.589 -0.436 -0.302 -0.196 -0.118 0.000 0.000 0.000 0.000 0.000 0.000 0.000 0.000 0.000 0.000 0.000 0.000 0.000 0.000 -0.153 -0.245 -0.366 -0.511 -0.667 -0.814 -0.930 -0.993 -0.991 -0.925 -0.807 -0.659 
-0.659 -0.807 -0.925 -0.991 -0.993 -0.930 -0.814 -0.667 -0.511 -0.366 -0.245 -0.153 0.000 0.000 0.000 0.000 0.000 0.000 0.000 0.000 0.000 0.000 0.000 0.000 0.000 0.000 -0.118 -0.196 -0.302 -0.436 -0.589 -0.743 -0.877 -0.969 -1.000 
-0.191 -0.296 -0.429 -0.581 -0.736 -0.871 -0.965 -1.000 -0.969 -0.877 -0.743 -0.589 -0.436 -0.302 -0.196 -0.118 0.000 0.000 0.000 0.000 0.000 0.000 0.000 0.000 0.000 0.000 0.000 0.000 0.000 0.000 -0.153 -0.245 -0.366 -0.511 -0.667 
0.000 0.000 0.000 -0.150 -0.240 -0.359 -0.503 -0.659 -0.807 -0.925 -0.991 -0.993 -0.930 -0.814 -0.667 -0.511 -0.366 -0.245 -0.153 0.000 0.000 0.000 0.000 0.000 0.000 0.000 0.000 0.000 0.000 0.000 0.000 0.000 0.000 -0.118 -0.196 
0.000 0.000 0.000 0.000 0.000 0.000 -0.115 -0.191 -0.296 -0.429 -0.581 -0.736 -0.871 -0.965 -1.000 -0.969 -0.877 -0.743 -0.589 -0.436 -0.302 -0.196 -0.118 0.000 0.000 0.000 0.000 0.000 0.000 0.000 0.000 0.000 0.000 0.000 0.000 
0.000 0.000 0.000 0.000 0.000 0.000 0.000 0.000 0.000 0.000 -0.150 -0.240 -0.359 -0.503 -0.659 -0.807 -0.925 -0.991 -0.993 -0.930 -0.814 -0.667 -0.511 -0.366 -0.245 -0.153 0.000 0.000 0.000 0.000 0.000 0.000 0.000 0.000 0.000 
# 2 0 50 10
0.000 -0.286 -0.696 -0.993 -0.830 -0.407 -0.117 0.000 0.000 0.000 
0.000 -0.225 -0.608 -0.965 -0.898 -0.490 -0.157 0.000 0.000 0.000 
0.000 -0.173 -0.520 -0.919 -0.951 -0.577 -0.205 0.000 0.000 0.000 
0.000 -0.130 -0.436 -0.856 -0.986 -0.666 -0.263 0.000 0.000 0.000 
0.000 0.000 -0.357 -0.780 -1.000 -0.751 -0.331 0.000 0.000 0.000 
0.000 0.000 -0.286 -0.696 -0.993 -0.830 -0.407 -0.117 0.000 0.000 
-0.130 0.000 -0.225 -0.608 -0.965 -0.898 -0.490 -0.157 0.000 0.000 
-0.173 0.000 -0.173 -0.520 -0.919 -0.951 -0.577 -0.205 0.000 0.000 
-0.225 0.000 -0.130 -0.436 -0.856 -0.986 -0.666 -0.263 0.000 0.000 
-0.286 0.000 0.000 -0.357 -0.780 -1.000 -0.751 -0.331 0.000 0.000 
-0.357 0.000 0.000 -0.286 -0.696 -0.993 -0.830 -0.407 -0.117 0.000 
-0.436 -0.130 0.000 -0.225 -0.608 -0.965 -0.898 -0.490 -0.157 0.000 
-0.520 -0.173 0.000 -0.173 -0.520 -0.919 -0.951 -0.577 -0.205 0.000 
-0.608 -0.225 0.000 -0.130 -0.436 -0.856 -0.986 -0.666 -0.263 0.000 
-0.696 -0.286 0.000 0.000 -0.357 -0.780 -1.000 -0.751 -0.331 0.000 
-0.780 -0.357 0.000 0.000 -0.286 -0.696 -0.993 -0.830 -0.407 -0.117 
-0.856 -0.436 -0.130 0.000 -0.225 -0.608 -0.965 -0.898 -0.490 -0.157 
-0.919 -0.520 -0.173 0.000 -0.173 -0.520 -0.919 -0.951 -0.577 -0.205 
-0.965 -0.608 -0.225 0.000 -0.130 -0.436 -0.856 -0.986 -0.666 -0.263 
-0.993 -0.696 -0.286 0.000 0.000 -0.357 -0.780 -1.000 -0.751 -0.331 
-1.000 -0.780 -0.357 0.000 0.000 -0.286 -0.696 -0.993 -0.830 -0.407 
-0.986 -0.856 -0.436 -0.130 0.000 -0.225 -0.608 -0.965 -0.898 -0.490 
-0.951 -0.919 -0.520 -0.173 0.000 -0.173 -0.520 -0.919 -0.951 -0.577 
-0.898 -0.965 -0.608 -0.225 0.000 -0.130 -0.436 -0.856 -0.986 -0.666 
-0.830 -0.993 -0.696 -0.286 0.000 0.000 -0.357 -0.780 -1.000 -0.751 
-0.751 -1.000 -0.780 -0.357 0.000 0.000 -0.286 -0.696 -0.993 -0.830 
-0.666 -0.986 -0.856 -0.436 -0.130 0.000 -0.225 -0.608 -0.965 -0.898 
-0.577 -0.951 -0.919 -0.520 -0.173 0.000 -0.173 -0.520 -0.919 -0.951 
-0.490 -0.898 -0.965 -0.608 -0.225 0.000 -0.130 -0.436 -0.856 -0.986 
-0.407 -0.830 -0.993 -0.696 -0.286 0.000 0.000 -0.357 -0.780 -1.000 
-0.331 -0.751 -1.000 -0.780 -0.357 0.000 0.000 -0.286 -0.696 -0.993 
-0.263 -0.666 -0.986 -0.856 -0.436 -0.130 0.000 -0.225 -0.608 -0.965 
-0.205 -0.577 -0.951 -0.919 -0.520 -0.173 0.000 -0.173 -0.520 -0.919 
-0.157 -0.490 -0.898 -0.965 -0.608 -0.225 0.000 -0.130 -0.436 -0.856 
-0.117 -0.407 -0.830 -0.993 -0.696 -0.286 0.000 0.000 -0.357 -0.780 
0.000 -0.331 -0.751 -1.000 -0.780 -0.357 0.000 0.000 -0.286 -0.696 
0.000 -0.263 -0.666 -0.986 -0.856 -0.436 -0.130 0.000 -0.225 -0.608 
0.000 -0.205 -0.577 -0.951 -0.919 -0.520 -0.173 0.000 -0.173 -0.520 
0.000 -0.157 -0.490 -0.898 -0.965 -0.608 -0.225 0.000 -0.130 -0.436 
0.000 -0.117 -0.407 -0.830 -0.993 -0.696 -0.286 0.000 0.000 -0.357 
0.000 0.000 -0.331 -0.751 -1.000 -0.780 -0.357 0.000 0.000 -0.286 
0.000 0.000 -0.263 -0.666 -0.986 -0.856 -0.436 -0.130 0.000 -0.225 
0.000 0.000 -0.205 -0.577 -0.951 -0.919 -0.520 -0.173 0.000 -0.173 
0.000 0.000 -0.157 -0.490 -0.898 -0.965 -0.608 -0.225 0.000 -0.130 
0.000 0.000 -0.117 -0.407 -0.830 -0.993 -0.696 -0.286 0.000 0.000 
0.000 0.000 0.000 -0.331 -0.751 -1.000 -0.780 -0.357 0.000 0.000 
0.000 0.000 0.000 -0.263 -0.666 -0.986 -0.856 -0.436 -0.130 0.000 
0.000 0.000 0.000 -0.205 -0.577 -0.951 -0.919 -0.520 -0.173 0.000 
0.000 0.000 0.000 -0.157 -0.490 -0.898 -0.965 -0.608 -0.225 0.000 
0.000 0.000 0.000 -0.117 -0.407 -0.830 -0.993 -0.696 -0.286 0.000 
# 2 1 35 10
0.000 -0.272 -0.678 -0.990 -0.847 -0.425 -0.125 0.000 0.000 0.000 
0.000 -0.190 -0.552 -0.938 -0.935 -0.546 -0.187 0.000 0.000 0.000 
0.000 -0.127 -0.430 -0.851 -0.988 -0.672 -0.268 0.000 0.000 0.000 
0.000 0.000 -0.321 -0.740 -1.000 -0.793 -0.368 -0.100 0.000 0.000 
-0.127 0.000 -0.229 -0.615 -0.969 -0.894 -0.484 -0.154 0.000 0.000 
-0.190 0.000 -0.156 -0.490 -0.899 -0.966 -0.609 -0.225 0.000 0.000 
-0.272 0.000 -0.102 -0.373 -0.798 -0.999 -0.734 -0.316 0.000 0.000 
-0.373 -0.102 0.000 -0.272 -0.678 -0.990 -0.847 -0.425 -0.125 0.000 
-0.490 -0.156 0.000 -0.190 -0.552 -0.938 -0.935 -0.546 -0.187 0.000 
-0.615 -0.229 0.000 -0.127 -0.430 -0.851 -0.988 -0.672 -0.268 0.000 
-0.740 -0.321 0.000 0.000 -0.321 -0.740 -1.000 -0.793 -0.368 -0.100 
-0.851 -0.430 -0.127 0.000 -0.229 -0.615 -0.969 -0.894 -0.484 -0.154 
-0.938 -0.552 -0.190 0.000 -0.156 -0.490 -0.899 -0.966 -0.609 -0.225 
-0.990 -0.678 -0.272 0.000 -0.102 -0.373 -0.798 -0.999 -0.734 -0.316 
-0.999 -0.798 -0.373 -0.102 0.000 -0.272 -0.678 -0.990 -0.847 -0.425 
-0.966 -0.899 -0.490 -0.156 0.000 -0.190 -0.552 -0.938 -0.935 -0.546 
-0.894 -0.969 -0.615 -0.229 0.000 -0.127 -0.430 -0.851 -0.988 -0.672 
-0.793 -1.000 -0.740 -0.321 0.000 0.000 -0.321 -0.740 -1.000 -0.793 
-0.672 -0.988 -0.851 -0.430 -0.127 0.000 -0.229 -0.615 -0.969 -0.894 
-0.546 -0.935 -0.938 -0.552 -0.190 0.000 -0.156 -0.490 -0.899 -0.966 
-0.425 -0.847 -0.990 -0.678 -0.272 0.000 -0.102 -0.373 -0.798 -0.999 
-0.316 -0.734 -0.999 -0.798 -0.373 -0.102 0.000 -0.272 -0.678 -0.990 
-0.225 -0.609 -0.966 -0.899 -0.490 -0.156 0.000 -0.190 -0.552 -0.938 
-0.154 -0.484 -0.894 -0.969 -0.615 -0.229 0.000 -0.127 -0.430 -0.851 
-0.100 -0.368 -0.793 -1.000 -0.740 -0.321 0.000 0.000 -0.321 -0.740 
0.000 -0.268 -0.672 -0.988 -0.851 -0.430 -0.127 0.000 -0.229 -0.615 
0.000 -0.187 -0.546 -0.935 -0.938 -0.552 -0.190 0.000 -0.156 -0.490 
0.000 -0.125 -0.425 -0.847 -0.990 -0.678 -0.272 0.000 -0.102 -0.373 
0.000 0.000 -0.316 -0.734 -0.999 -0.798 -0.373 -0.102 0.000 -0.272 
0.000 0.000 -0.225 -0.609 -0.966 -0.899 -0.490 -0.156 0.000 -0.190 
0.000 0.000 -0.154 -0.484 -0.894 -0.969 -0.615 -0.229 0.000 -0.127 
0.000 0.000 -0.100 -0.368 -0.793 -1.000 -0.740 -0.321 0.000 0.000 
0.000 0.000 0.000 -0.268 -0.672 -0.988 -0.851 -0.430 -0.127 0.000 
0.000 0.000 0.000 -0.187 -0.546 -0.935 -0.938 -0.552 -0.190 0.000 
0.000 0.000 0.000 -0.125 -0.425 -0.847 -0.990 -0.678 -0.272 0.000 
