1.874139
3
# 0 1 30 50
0.000 0.000 0.000 0.000 0.000 0.000 0.000 0.000 0.135 0.224 0.347 0.497 0.661 0.816 0.936 0.996 0.984 0.902 0.767 0.606 0.444 0.302 0.191 0.112 0.000 0.000 0.000 0.000 0.000 0.000 0.000 0.000 0.000 0.000 0.000 0.000 0.000 0.000 0.000 0.000 0.000 0.000 0.000 0.000 0.000 0.000 0.000 0.000 0.000 0.000 
0.000 0.000 0.000 0.000 0.000 0.000 0.000 0.000 0.000 0.000 0.161 0.262 0.394 0.551 0.715 0.862 0.963 1.000 0.963 0.862 0.715 0.551 0.394 0.262 0.161 0.000 0.000 0.000 0.000 0.000 0.000 0.000 0.000 0.000 0.000 0.000 0.000 0.000 0.000 0.000 0.000 0.000 0.000 0.000 0.000 0.000 0.000 0.000 0.000 0.000 
0.000 0.000 0.000 0.000 0.000 0.000 0.000 0.000 0.000 0.000 0.000 0.112 0.191 0.302 0.444 0.606 0.767 0.902 0.984 0.996 0.936 0.816 0.661 0.497 0.347 0.224 0.135 0.000 0.000 0.000 0.000 0.000 0.000 0.000 0.000 0.000 0.000 0.000 0.000 0.000 0.000 0.000 0.000 0.000 0.000 0.000 0.000 0.000 0.000 0.000 
0.000 0.000 0.000 0.000 0.000 0.000 0.000 0.000 0.000 0.000 0.000 0.000 0.000 0.135 0.224 0.347 0.497 0.661 0.816 0.936 0.996 0.984 0.902 0.767 0.606 0.444 0.302 0.191 0.112 0.000 0.000 0.000 0.000 0.000 0.000 0.000 0.000 0.000 0.000 0.000 0.000 0.000 0.000 0.000 0.000 0.000 0.000 0.000 0.000 0.000 
0.000 0.000 0.000 0.000 0.000 0.000 0.000 0.000 0.000 0.000 0.000 0.000 0.000 0.000 0.000 0.161 0.262 0.394 0.551 0.715 0.862 0.963 1.000 0.963 0.862 0.715 0.551 0.394 0.262 0.161 0.000 0.000 0.000 0.000 0.000 0.000 0.000 0.000 0.000 0.000 0.000 0.000 0.000 0.000 0.000 0.000 0.000 0.000 0.000 0.000 
0.224 0.135 0.000 0.000 0.000 0.000 0.000 0.000 0.000 0.000 0.000 0.000 0.000 0.000 0.000 0.000 0.112 0.191 0.302 0.444 0.606 0.767 0.902 0.984 0.996 0.936 0.816 0.661 0.497 0.347 0.224 0.135 0.000 0.000 0.000 0.000 0.000 0.000 0.000 0.000 0.000 0.000 0.000 0.000 0.000 0.000 0.000 0.000 0.000 0.000 
0.444 0.302 0.191 0.112 0.000 0.000 0.000 0.000 0.000 0.000 0.000 0.000 0.000 0.000 0.000 0.000 0.000 0.000 0.135 0.224 0.347 0.497 0.661 0.816 0.936 0.996 0.984 0.902 0.767 0.606 0.444 0.302 0.191 0.112 0.000 0.000 0.000 0.000 0.000 0.000 0.000 0.000 0.000 0.000 0.000 0.000 0.000 0.000 0.000 0.000 
0.715 0.551 0.394 0.262 0.161 0.000 0.000 0.000 0.000 0.000 0.000 0.000 0.000 0.000 0.000 0.000 0.000 0.000 0.000 0.000 0.161 0.262 0.394 0.551 0.715 0.862 0.963 1.000 0.963 0.862 0.715 0.551 0.394 0.262 0.161 0.000 0.000 0.000 0.000 0.000 0.000 0.000 0.000 0.000 0.000 0.000 0.000 0.000 0.000 0.000 
0.936 0.816 0.661 0.497 0.347 0.224 0.135 0.000 0.000 0.000 0.000 0.000 0.000 0.000 0.000 0.000 0.000 0.000 0.000 0.000 0.000 0.112 0.191 0.302 0.444 0.606 0.767 0.902 0.984 0.996 0.936 0.816 0.661 0.497 0.347 0.224 0.135 0.000 0.000 0.000 0.000 0.000 0.000 0.000 0.000 0.000 0.000 0.000 0.000 0.000 
0.996 0.984 0.902 0.767 0.606 0.444 0.302 0.191 0.112 0.000 0.000 0.000 0.000 0.000 0.000 0.000 0.000 0.000 0.000 0.000 0.000 0.000 0.000 0.135 0.224 0.347 0.497 0.661 0.816 0.936 0.996 0.984 0.902 0.767 0.606 0.444 0.302 0.191 0.112 0.000 0.000 0.000 0.000 0.000 0.000 0.000 0.000 0.000 0.000 0.000 
0.862 0.963 1.000 0.963 0.862 0.715 0.551 0.394 0.262 0.161 0.000 0.000 0.000 0.000 0.000 0.000 0.000 0.000 0.000 0.000 0.000 0.000 0.000 0.000 0.000 0.161 0.262 0.394 0.551 0.715 0.862 0.963 1.000 0.963 0.862 0.715 0.551 0.394 0.262 0.161 0.000 0.000 0.000 0.000 0.000 0.000 0.000 0.000 0.000 0.000 
0.606 0.767 0.902 0.984 0.996 0.936 0.816 0.661 0.497 0.347 0.224 0.135 0.000 0.000 0.000 0.000 0.000 0.000 0.000 0.000 0.000 0.000 0.000 0.000 0.000 0.000 0.112 0.191 0.302 0.444 0.606 0.767 0.902 0.984 0.996 0.936 0.816 0.661 0.497 0.347 0.224 0.135 0.000 0.000 0.000 0.000 0.000 0.000 0.000 0.000 
0.347 0.497 0.661 0.816 0.936 0.996 0.984 0.902 0.767 0.606 0.444 0.302 0.191 0.112 0.000 0.000 0.000 0.000 0.000 0.000 0.000 0.000 0.000 0.000 0.000 0.000 0.000 0.000 0.135 0.224 0.347 0.497 0.661 0.816 0.936 0.996 0.984 0.902 0.767 0.606 0.444 0.302 0.191 0.112 0.000 0.000 0.000 0.000 0.000 0.000 
0.161 0.262 0.394 0.551 0.715 0.862 0.963 1.000 0.963 0.862 0.715 0.551 0.394 0.262 0.161 0.000 0.000 0.000 0.000 0.000 0.000 0.000 0.000 0.000 0.000 0.000 0.000 0.000 0.000 0.000 0.161 0.262 0.394 0.551 0.715 0.862 0.963 1.000 0.963 0.862 0.715 0.551 0.394 0.262 0.161 0.000 0.000 0.000 0.000 0.000 
0.000 0.112 0.191 0.302 0.444 0.606 0.767 0.902 0.984 0.996 0.936 0.816 0.661 0.497 0.347 0.224 0.135 0.000 0.000 0.000 0.000 0.000 0.000 0.000 0.000 0.000 0.000 0.000 0.000 0.000 0.000 0.112 0.191 0.302 0.444 0.606 0.767 0.902 0.984 0.996 0.936 0.816 0.661 0.497 0.347 0.224 0.135 0.000 0.000 0.000 
0.000 0.000 0.000 0.135 0.224 0.347 0.497 0.661 0.816 0.936 0.996 0.984 0.902 0.767 0.606 0.444 0.302 0.191 0.112 0.000 0.000 0.000 0.000 0.000 0.000 0.000 0.000 0.000 0.000 0.000 0.000 0.000 0.000 0.135 0.224 0.347 0.497 0.661 0.816 0.936 0.996 0.984 0.902 0.767 0.606 0.444 0.302 0.191 0.112 0.000 
0.000 0.000 0.000 0.000 0.000 0.161 0.262 0.394 0.551 0.715 0.862 0.963 1.000 0.963 0.862 0.715 0.551 0.394 0.262 0.161 0.000 0.000 0.000 0.000 0.000 0.000 0.000 0.000 0.000 0.000 0.000 0.000 0.000 0.000 0.000 0.161 0.262 0.394 0.551 0.715 0.862 0.963 1.000 0.963 0.862 0.715 0.551 0.394 0.262 0.161 
0.000 0.000 0.000 0.000 0.000 0.000 0.112 0.191 0.302 0.444 0.606 0.767 0.902 0.984 0.996 0.936 0.816 0.661 0.497 0.347 0.224 0.135 0.000 0.000 0.000 0.000 0.000 0.000 0.000 0.000 0.000 0.000 0.000 0.000 0.000 0.000 0.112 0.191 0.302 0.444 0.606 0.767 0.902 0.984 0.996 0.936 0.816 0.661 0.497 0.347 
0.000 0.000 0.000 0.000 0.000 0.000 0.000 0.000 0.135 0.224 0.347 0.497 0.661 0.816 0.936 0.996 0.984 0.902 0.767 0.606 0.444 0.302 0.191 0.112 0.000 0.000 0.000 0.000 0.000 0.000 0.000 0.000 0.000 0.000 0.000 0.000 0.000 0.000 0.135 0.224 0.347 0.497 0.661 0.816 0.936 0.996 0.984 0.902 0.767 0.606 
0.000 0.000 0.000 0.000 0.000 0.000 0.000 0.000 0.000 0.000 0.161 0.262 0.394 0.551 0.715 0.862 0.963 1.000 0.963 0.862 0.715 0.551 0.394 0.262 0.161 0.000 0.000 0.000 0.000 0.000 0.000 0.000 0.000 0.000 0.000 0.000 0.000 0.000 0.000 0.000 0.161 0.262 0.394 0.551 0.715 0.862 0.963 1.000 0.963 0.862 
0.000 0.000 0.000 0.000 0.000 0.000 0.000 0.000 0.000 0.000 0.000 0.112 0.191 0.302 0.444 0.606 0.767 0.902 0.984 0.996 0.936 0.816 0.661 0.497 0.347 0.224 0.135 0.000 0.000 0.000 0.000 0.000 0.000 0.000 0.000 0.000 0.000 0.000 0.000 0.000 0.000 0.112 0.191 0.302 0.444 0.606 0.767 0.902 0.984 0.996 
0.000 0.000 0.000 0.000 0.000 0.000 0.000 0.000 0.000 0.000 0.000 0.000 0.000 0.135 0.224 0.347 0.497 0.661 0.816 0.936 0.996 0.984 0.902 0.767 0.606 0.444 0.302 0.191 0.112 0.000 0.000 0.000 0.000 0.000 0.000 0.000 0.000 0.000 0.000 0.000 0.000 0.000 0.000 0.135 0.224 0.347 0.497 0.661 0.816 0.936 
0.000 0.000 0.000 0.000 0.000 0.000 0.000 0.000 0.000 0.000 0.000 0.000 0.000 0.000 0.000 0.161 0.262 0.394 0.551 0.715 0.862 0.963 1.000 0.963 0.862 0.715 0.551 0.394 0.262 0.161 0.000 0.000 0.000 0.000 0.000 0.000 0.000 0.000 0.000 0.000 0.000 0.000 0.000 0.000 0.000 0.161 0.262 0.394 0.551 0.715 
0.000 0.000 0.000 0.000 0.000 0.000 0.000 0.000 0.000 0.000 0.000 0.000 0.000 0.000 0.000 0.000 0.112 0.191 0.302 0.444 0.606 0.767 0.902 0.984 0.996 0.936 0.816 0.661 0.497 0.347 0.224 0.135 0.000 0.000 0.000 0.000 0.000 0.000 0.000 0.000 0.000 0.000 0.000 0.000 0.000 0.000 0.112 0.191 0.302 0.444 
0.000 0.000 0.000 0.000 0.000 0.000 0.000 0.000 0.000 0.000 0.000 0.000 0.000 0.000 0.000 0.000 0.000 0.000 0.135 0.224 0.347 0.497 0.661 0.816 0.936 0.996 0.984 0.902 0.767 0.606 0.444 0.302 0.191 0.112 0.000 0.000 0.000 0.000 0.000 0.000 0.000 0.000 0.000 0.000 0.000 0.000 0.000 0.000 0.135 0.224 
0.000 0.000 0.000 0.000 0.000 0.000 0.000 0.000 0.000 0.000 0.000 0.000 0.000 0.000 0.000 0.000 0.000 0.000 0.000 0.000 0.161 0.262 0.394 0.551 0.715 0.862 0.963 1.000 0.963 0.862 0.715 0.551 0.394 0.262 0.161 0.000 0.000 0.000 0.000 0.000 0.000 0.000 0.000 0.000 0.000 0.000 0.000 0.000 0.000 0.000 
0.000 0.000 0.000 0.000 0.000 0.000 0.000 0.000 0.000 0.000 0.000 0.000 0.000 0.000 0.000 0.000 0.000 0.000 0.000 0.000 0.000 0.112 0.191 0.302 0.444 0.606 0.767 0.902 0.984 0.996 0.936 0.816 0.661 0.497 0.347 0.224 0.135 0.000 0.000 0.000 0.000 0.000 0.000 0.000 0.000 0.000 0.000 0.000 0.000 0.000 
0.000 0.000 0.000 0.000 0.000 0.000 0.000 0.000 0.000 0.000 0.000 0.000 0.000 0.000 0.000 0.000 0.000 0.000 0.000 0.000 0.000 0.000 0.000 0.135 0.224 0.347 0.497 0.661 0.816 0.936 0.996 0.984 0.902 0.767 0.606 0.444 0.302 0.191 0.112 0.000 0.000 0.000 0.000 0.000 0.000 0.000 0.000 0.000 0.000 0.000 
0.000 0.000 0.000 0.000 0.000 0.000 0.000 0.000 0.000 0.000 0.000 0.000 0.000 0.000 0.000 0.000 0.000 0.000 0.000 0.000 0.000 0.000 0.000 0.000 0.000 0.161 0.262 0.394 0.551 0.715 0.862 0.963 1.000 0.963 0.862 0.715 0.551 0.394 0.262 0.161 0.000 0.000 0.000 0.000 0.000 0.000 0.000 0.000 0.000 0.000 
0.000 0.000 0.000 0.000 0.000 0.000 0.000 0.000 0.000 0.000 0.000 0.000 0.000 0.000 0.000 0.000 0.000 0.000 0.000 0.000 0.000 0.000 0.000 0.000 0.000 0.000 0.112 0.191 0.302 0.444 0.606 0.767 0.902 0.984 0.996 0.936 0.816 0.661 0.497 0.347 0.224 0.135 0.000 0.000 0.000 0.000 0.000 0.000 0.000 0.000 
# 0 2 11 50
0.000 0.000 0.000 0.000 0.000 0.000 0.000 0.000 0.000 0.105 0.181 0.289 0.428 0.588 0.751 0.890 0.978 0.998 0.946 0.831 0.679 0.514 0.361 0.236 0.143 0.000 0.000 0.000 0.000 0.000 0.000 0.000 0.000 0.000 0.000 0.000 0.000 0.000 0.000 0.000 0.000 0.000 0.000 0.000 0.000 0.000 0.000 0.000 0.000 0.000 
0.000 0.000 0.000 0.000 0.000 0.000 0.000 0.000 0.000 0.000 0.000 0.000 0.000 0.000 0.136 0.226 0.349 0.499 0.664 0.819 0.937 0.996 0.983 0.900 0.765 0.604 0.442 0.300 0.190 0.111 0.000 0.000 0.000 0.000 0.000 0.000 0.000 0.000 0.000 0.000 0.000 0.000 0.000 0.000 0.000 0.000 0.000 0.000 0.000 0.000 
0.529 0.374 0.246 0.150 0.000 0.000 0.000 0.000 0.000 0.000 0.000 0.000 0.000 0.000 0.000 0.000 0.000 0.000 0.000 0.173 0.278 0.414 0.573 0.737 0.879 0.973 0.999 0.953 0.844 0.693 0.529 0.374 0.246 0.150 0.000 0.000 0.000 0.000 0.000 0.000 0.000 0.000 0.000 0.000 0.000 0.000 0.000 0.000 0.000 0.000 
0.994 0.987 0.910 0.779 0.619 0.456 0.312 0.198 0.117 0.000 0.000 0.000 0.000 0.000 0.000 0.000 0.000 0.000 0.000 0.000 0.000 0.000 0.000 0.129 0.216 0.336 0.485 0.649 0.806 0.929 0.994 0.987 0.910 0.779 0.619 0.456 0.312 0.198 0.117 0.000 0.000 0.000 0.000 0.000 0.000 0.000 0.000 0.000 0.000 0.000 
0.401 0.559 0.722 0.867 0.967 1.000 0.960 0.856 0.708 0.543 0.387 0.256 0.157 0.000 0.000 0.000 0.000 0.000 0.000 0.000 0.000 0.000 0.000 0.000 0.000 0.000 0.000 0.000 0.165 0.267 0.401 0.558 0.722 0.867 0.967 1.000 0.960 0.856 0.708 0.544 0.387 0.256 0.157 0.000 0.000 0.000 0.000 0.000 0.000 0.000 
0.000 0.000 0.123 0.207 0.324 0.470 0.634 0.792 0.920 0.991 0.991 0.920 0.792 0.634 0.470 0.324 0.207 0.123 0.000 0.000 0.000 0.000 0.000 0.000 0.000 0.000 0.000 0.000 0.000 0.000 0.000 0.000 0.123 0.207 0.324 0.470 0.634 0.792 0.920 0.991 0.991 0.920 0.792 0.634 0.470 0.324 0.207 0.123 0.000 0.000 
0.000 0.000 0.000 0.000 0.000 0.000 0.000 0.157 0.256 0.387 0.544 0.708 0.856 0.960 1.000 0.967 0.867 0.722 0.558 0.401 0.267 0.165 0.000 0.000 0.000 0.000 0.000 0.000 0.000 0.000 0.000 0.000 0.000 0.000 0.000 0.000 0.000 0.157 0.256 0.387 0.543 0.708 0.856 0.960 1.000 0.967 0.867 0.722 0.559 0.401 
0.000 0.000 0.000 0.000 0.000 0.000 0.000 0.000 0.000 0.000 0.000 0.117 0.198 0.312 0.456 0.619 0.779 0.910 0.987 0.994 0.929 0.806 0.649 0.485 0.336 0.216 0.129 0.000 0.000 0.000 0.000 0.000 0.000 0.000 0.000 0.000 0.000 0.000 0.000 0.000 0.000 0.117 0.198 0.312 0.456 0.619 0.779 0.910 0.987 0.994 
0.000 0.000 0.000 0.000 0.000 0.000 0.000 0.000 0.000 0.000 0.000 0.000 0.000 0.000 0.000 0.000 0.150 0.246 0.374 0.529 0.693 0.844 0.953 0.999 0.973 0.879 0.737 0.573 0.414 0.278 0.173 0.000 0.000 0.000 0.000 0.000 0.000 0.000 0.000 0.000 0.000 0.000 0.000 0.000 0.000 0.000 0.150 0.246 0.374 0.529 
0.000 0.000 0.000 0.000 0.000 0.000 0.000 0.000 0.000 0.000 0.000 0.000 0.000 0.000 0.000 0.000 0.000 0.000 0.000 0.000 0.111 0.190 0.300 0.442 0.604 0.765 0.900 0.983 0.996 0.937 0.819 0.664 0.499 0.349 0.226 0.136 0.000 0.000 0.000 0.000 0.000 0.000 0.000 0.000 0.000 0.000 0.000 0.000 0.000 0.000 
0.000 0.000 0.000 0.000 0.000 0.000 0.000 0.000 0.000 0.000 0.000 0.000 0.000 0.000 0.000 0.000 0.000 0.000 0.000 0.000 0.000 0.000 0.000 0.000 0.000 0.143 0.236 0.361 0.514 0.679 0.831 0.946 0.998 0.978 0.890 0.751 0.588 0.428 0.289 0.181 0.105 0.000 0.000 0.000 0.000 0.000 0.000 0.000 0.000 0.000 
# 1 0 50 30
0.000 0.000 -0.130 -0.292 -0.536 -0.803 -0.978 -0.972 -0.787 -0.519 -0.279 -0.122 0.000 0.000 0.000 0.000 0.000 0.000 0.000 0.000 0.000 0.000 0.000 0.000 0.000 0.000 0.000 0.000 0.000 0.000 
0.000 0.000 0.000 -0.184 -0.382 -0.646 -0.890 -1.000 -0.915 -0.683 -0.415 -0.206 0.000 0.000 0.000 0.000 0.000 0.000 0.000 0.000 0.000 0.000 0.000 0.000 0.000 0.000 0.000 0.000 0.000 0.000 
0.000 0.000 0.000 -0.108 -0.253 -0.483 -0.753 -0.956 -0.989 -0.834 -0.573 -0.321 -0.147 0.000 0.000 0.000 0.000 0.000 0.000 0.000 0.000 0.000 0.000 0.000 0.000 0.000 0.000 0.000 0.000 0.000 
0.000 0.000 0.000 0.000 -0.155 -0.335 -0.591 -0.849 -0.993 -0.947 -0.736 -0.466 -0.240 -0.101 0.000 0.000 0.000 0.000 0.000 0.000 0.000 0.000 0.000 0.000 0.000 0.000 0.000 0.000 0.000 0.000 
-0.130 0.000 0.000 0.000 0.000 -0.216 -0.431 -0.700 -0.926 -0.999 -0.877 -0.628 -0.366 -0.174 0.000 0.000 0.000 0.000 0.000 0.000 0.000 0.000 0.000 0.000 0.000 0.000 0.000 0.000 0.000 0.000 
-0.216 0.000 0.000 0.000 0.000 -0.130 -0.292 -0.536 -0.803 -0.978 -0.972 -0.787 -0.519 -0.279 -0.122 0.000 0.000 0.000 0.000 0.000 0.000 0.000 0.000 0.000 0.000 0.000 0.000 0.000 0.000 0.000 
-0.335 -0.155 0.000 0.000 0.000 0.000 -0.184 -0.382 -0.646 -0.890 -1.000 -0.915 -0.683 -0.415 -0.206 0.000 0.000 0.000 0.000 0.000 0.000 0.000 0.000 0.000 0.000 0.000 0.000 0.000 0.000 0.000 
-0.483 -0.253 -0.108 0.000 0.000 0.000 -0.108 -0.253 -0.483 -0.753 -0.956 -0.989 -0.834 -0.573 -0.321 -0.147 0.000 0.000 0.000 0.000 0.000 0.000 0.000 0.000 0.000 0.000 0.000 0.000 0.000 0.000 
-0.646 -0.382 -0.184 0.000 0.000 0.000 0.000 -0.155 -0.335 -0.591 -0.849 -0.993 -0.947 -0.736 -0.466 -0.240 -0.101 0.000 0.000 0.000 0.000 0.000 0.000 0.000 0.000 0.000 0.000 0.000 0.000 0.000 
-0.803 -0.536 -0.292 -0.130 0.000 0.000 0.000 0.000 -0.216 -0.431 -0.700 -0.926 -0.999 -0.877 -0.628 -0.366 -0.174 0.000 0.000 0.000 0.000 0.000 0.000 0.000 0.000 0.000 0.000 0.000 0.000 0.000 
-0.926 -0.700 -0.431 -0.216 0.000 0.000 0.000 0.000 -0.130 -0.292 -0.536 -0.803 -0.978 -0.972 -0.787 -0.519 -0.279 -0.122 0.000 0.000 0.000 0.000 0.000 0.000 0.000 0.000 0.000 0.000 0.000 0.000 
-0.993 -0.849 -0.591 -0.335 -0.155 0.000 0.000 0.000 0.000 -0.184 -0.382 -0.646 -0.890 -1.000 -0.915 -0.683 -0.415 -0.206 0.000 0.000 0.000 0.000 0.000 0.000 0.000 0.000 0.000 0.000 0.000 0.000 
-0.989 -0.956 -0.753 -0.483 -0.253 -0.108 0.000 0.000 0.000 -0.108 -0.253 -0.483 -0.753 -0.956 -0.989 -0.834 -0.573 -0.321 -0.147 0.000 0.000 0.000 0.000 0.000 0.000 0.000 0.000 0.000 0.000 0.000 
-0.915 -1.000 -0.890 -0.646 -0.382 -0.184 0.000 0.000 0.000 0.000 -0.155 -0.335 -0.591 -0.849 -0.993 -0.947 -0.736 -0.466 -0.240 -0.101 0.000 0.000 0.000 0.000 0.000 0.000 0.000 0.000 0.000 0.000 
-0.787 -0.972 -0.978 -0.803 -0.536 -0.292 -0.130 0.000 0.000 0.000 0.000 -0.216 -0.431 -0.700 -0.926 -0.999 -0.877 -0.628 -0.366 -0.174 0.000 0.000 0.000 0.000 0.000 0.000 0.000 0.000 0.000 0.000 
-0.628 -0.877 -0.999 -0.926 -0.700 -0.431 -0.216 0.000 0.000 0.000 0.000 -0.130 -0.292 -0.536 -0.803 -0.978 -0.972 -0.787 -0.519 -0.279 -0.122 0.000 0.000 0.000 0.000 0.000 0.000 0.000 0.000 0.000 
-0.466 -0.736 -0.947 -0.993 -0.849 -0.591 -0.335 -0.155 0.000 0.000 0.000 0.000 -0.184 -0.382 -0.646 -0.890 -1.000 -0.915 -0.683 -0.415 -0.206 0.000 0.000 0.000 0.000 0.000 0.000 0.000 0.000 0.000 
-0.321 -0.573 -0.834 -0.989 -0.956 -0.753 -0.483 -0.253 -0.108 0.000 0.000 0.000 -0.108 -0.253 -0.483 -0.753 -0.956 -0.989 -0.834 -0.573 -0.321 -0.147 0.000 0.000 0.000 0.000 0.000 0.000 0.000 0.000 
-0.206 -0.415 -0.683 -0.915 -1.000 -0.890 -0.646 -0.382 -0.184 0.000 0.000 0.000 0.000 -0.155 -0.335 -0.591 -0.849 -0.993 -0.947 -0.736 -0.466 -0.240 -0.101 0.000 0.000 0.000 0.000 0.000 0.000 0.000 
-0.122 -0.279 -0.519 -0.787 -0.972 -0.978 -0.803 -0.536 -0.292 -0.130 0.000 0.000 0.000 0.000 -0.216 -0.431 -0.700 -0.926 -0.999 -0.877 -0.628 -0.366 -0.174 0.000 0.000 0.000 0.000 0.000 0.000 0.000 
0.000 -0.174 -0.366 -0.628 -0.877 -0.999 -0.926 -0.700 -0.431 -0.216 0.000 0.000 0.000 0.000 -0.130 -0.292 -0.536 -0.803 -0.978 -0.972 -0.787 -0.519 -0.279 -0.122 0.000 0.000 0.000 0.000 0.000 0.000 
0.000 -0.101 -0.240 -0.466 -0.736 -0.947 -0.993 -0.849 -0.591 -0.335 -0.155 0.000 0.000 0.000 0.000 -0.184 -0.382 -0.646 -0.890 -1.000 -0.915 -0.683 -0.415 -0.206 0.000 0.000 0.000 0.000 0.000 0.000 
0.000 0.000 -0.147 -0.321 -0.573 -0.834 -0.989 -0.956 -0.753 -0.483 -0.253 -0.108 0.000 0.000 0.000 -0.108 -0.253 -0.483 -0.753 -0.956 -0.989 -0.834 -0.573 -0.321 -0.147 0.000 0.000 0.000 0.000 0.000 
0.000 0.000 0.000 -0.206 -0.415 -0.683 -0.915 -1.000 -0.890 -0.646 -0.382 -0.184 0.000 0.000 0.000 0.000 -0.155 -0.335 -0.591 -0.849 -0.993 -0.947 -0.736 -0.466 -0.240 -0.101 0.000 0.000 0.000 0.000 
0.000 0.000 0.000 -0.122 -0.279 -0.519 -0.787 -0.972 -0.978 -0.803 -0.536 -0.292 -0.130 0.000 0.000 0.000 0.000 -0.216 -0.431 -0.700 -0.926 -0.999 -0.877 -0.628 -0.366 -0.174 0.000 0.000 0.000 0.000 
0.000 0.000 0.000 0.000 -0.174 -0.366 -0.628 -0.877 -0.999 -0.926 -0.700 -0.431 -0.216 0.000 0.000 0.000 0.000 -0.130 -0.292 -0.536 -0.803 -0.978 -0.972 -0.787 -0.519 -0.279 -0.122 0.000 0.000 0.000 
0.000 0.000 0.000 0.000 -0.101 -0.240 -0.466 -0.736 -0.947 -0.993 -0.849 -0.591 -0.335 -0.155 0.000 0.000 0.000 0.000 -0.184 -0.382 -0.646 -0.890 -1.000 -0.915 -0.683 -0.415 -0.206 0.000 0.000 0.000 
0.000 0.000 0.000 0.000 0.000 -0.147 -0.321 -0.573 -0.834 -0.989 -0.956 -0.753 -0.483 -0.253 -0.108 0.000 0.000 0.000 -0.108 -0.253 -0.483 -0.753 -0.956 -0.989 -0.834 -0.573 -0.321 -0.147 0.000 0.000 
0.000 0.000 0.000 0.000 0.000 0.000 -0.206 -0.415 -0.683 -0.915 -1.000 -0.890 -0.646 -0.382 -0.184 0.000 0.000 0.000 0.000 -0.155 -0.335 -0.591 -0.849 -0.993 -0.947 -0.736 -0.466 -0.240 -0.101 0.000 
0.000 0.000 0.000 0.000 0.000 0.000 -0.122 -0.279 -0.519 -0.787 -0.972 -0.978 -0.803 -0.536 -0.292 -0.130 0.000 0.000 0.000 0.000 -0.216 -0.431 -0.700 -0.926 -0.999 -0.877 -0.628 -0.366 -0.174 0.000 
0.000 0.000 0.000 0.000 0.000 0.000 0.000 -0.174 -0.366 -0.628 -0.877 -0.999 -0.926 -0.700 -0.431 -0.216 0.000 0.000 0.000 0.000 -0.130 -0.292 -0.536 -0.803 -0.978 -0.972 -0.787 -0.519 -0.279 -0.122 
0.000 0.000 0.000 0.000 0.000 0.000 0.000 -0.101 -0.240 -0.466 -0.736 -0.947 -0.993 -0.849 -0.591 -0.335 -0.155 0.000 0.000 0.000 0.000 -0.184 -0.382 -0.646 -0.890 -1.000 -0.915 -0.683 -0.415 -0.206 
0.000 0.000 0.000 0.000 0.000 0.000 0.000 0.000 -0.147 -0.321 -0.573 -0.834 -0.989 -0.956 -0.753 -0.483 -0.253 -0.108 0.000 0.000 0.000 -0.108 -0.253 -0.483 -0.753 -0.956 -0.989 -0.834 -0.573 -0.321 
0.000 0.000 0.000 0.000 0.000 0.000 0.000 0.000 0.000 -0.206 -0.415 -0.683 -0.915 -1.000 -0.890 -0.646 -0.382 -0.184 0.000 0.000 0.000 0.000 -0.155 -0.335 -0.591 -0.849 -0.993 -0.947 -0.736 -0.466 
0.000 0.000 0.000 0.000 0.000 0.000 0.000 0.000 0.000 -0.122 -0.279 -0.519 -0.787 -0.972 -0.978 -0.803 -0.536 -0.292 -0.130 0.000 0.000 0.000 0.000 -0.216 -0.431 -0.700 -0.926 -0.999 -0.877 -0.628 
0.000 0.000 0.000 0.000 0.000 0.000 0.000 0.000 0.000 0.000 -0.174 -0.366 -0.628 -0.877 -0.999 -0.926 -0.700 -0.431 -0.216 0.000 0.000 0.000 0.000 -0.130 -0.292 -0.536 -0.803 -0.978 -0.972 -0.787 
0.000 0.000 0.000 0.000 0.000 0.000 0.000 0.000 0.000 0.000 -0.101 -0.240 -0.466 -0.736 -0.947 -0.993 -0.849 -0.591 -0.335 -0.155 0.000 0.000 0.000 0.000 -0.184 -0.382 -0.646 -0.890 -1.000 -0.915 
0.000 0.000 0.000 0.000 0.000 0.000 0.000 0.000 0.000 0.000 0.000 -0.147 -0.321 -0.573 -0.834 -0.989 -0.956 -0.753 -0.483 -0.253 -0.108 0.000 0.000 0.000 -0.108 -0.253 -0.483 -0.753 -0.956 -0.989 
0.000 0.000 0.000 0.000 0.000 0.000 0.000 0.000 0.000 0.000 0.000 0.000 -0.206 -0.415 -0.683 -0.915 -1.000 -0.890 -0.646 -0.382 -0.184 0.000 0.000 0.000 0.000 -0.155 -0.335 -0.591 -0.849 -0.993 
0.000 0.000 0.000 0.000 0.000 0.000 0.000 0.000 0.000 0.000 0.000 0.000 -0.122 -0.279 -0.519 -0.787 -0.972 -0.978 -0.803 -0.536 -0.292 -0.130 0.000 0.000 0.000 0.000 -0.216 -0.431 -0.700 -0.926 
0.000 0.000 0.000 0.000 0.000 0.000 0.000 0.000 0.000 0.000 0.000 0.000 0.000 -0.174 -0.366 -0.628 -0.877 -0.999 -0.926 -0.700 -0.431 -0.216 0.000 0.000 0.000 0.000 -0.130 -0.292 -0.536 -0.803 
0.000 0.000 0.000 0.000 0.000 0.000 0.000 0.000 0.000 0.000 0.000 0.000 0.000 -0.101 -0.240 -0.466 -0.736 -0.947 -0.993 -0.849 -0.591 -0.335 -0.155 0.000 0.000 0.000 0.000 -0.184 -0.382 -0.646 
0.000 0.000 0.000 0.000 0.000 0.000 0.000 0.000 0.000 0.000 0.000 0.000 0.000 0.000 -0.147 -0.321 -0.573 -0.834 -0.989 -0.956 -0.753 -0.483 -0.253 -0.108 0.000 0.000 0.000 -0.108 -0.253 -0.483 
0.000 0.000 0.000 0.000 0.000 0.000 0.000 0.000 0.000 0.000 0.000 0.000 0.000 0.000 0.000 -0.206 -0.415 -0.683 -0.915 -1.000 -0.890 -0.646 -0.382 -0.184 0.000 0.000 0.000 0.000 -0.155 -0.335 
0.000 0.000 0.000 0.000 0.000 0.000 0.000 0.000 0.000 0.000 0.000 0.000 0.000 0.000 0.000 -0.122 -0.279 -0.519 -0.787 -0.972 -0.978 -0.803 -0.536 -0.292 -0.130 0.000 0.000 0.000 0.000 -0.216 
0.000 0.000 0.000 0.000 0.000 0.000 0.000 0.000 0.000 0.000 0.000 0.000 0.000 0.000 0.000 0.000 -0.174 -0.366 -0.628 -0.877 -0.999 -0.926 -0.700 -0.431 -0.216 0.000 0.000 0.000 0.000 -0.130 
0.000 0.000 0.000 0.000 0.000 0.000 0.000 0.000 0.000 0.000 0.000 0.000 0.000 0.000 0.000 0.000 -0.101 -0.240 -0.466 -0.736 -0.947 -0.993 -0.849 -0.591 -0.335 -0.155 0.000 0.000 0.000 0.000 
0.000 0.000 0.000 0.000 0.000 0.000 0.000 0.000 0.000 0.000 0.000 0.000 0.000 0.000 0.000 0.000 0.000 -0.147 -0.321 -0.573 -0.834 -0.989 -0.956 -0.753 -0.483 -0.253 -0.108 0.000 0.000 0.000 
0.000 0.000 0.000 0.000 0.000 0.000 0.000 0.000 0.000 0.000 0.000 0.000 0.000 0.000 0.000 0.000 0.000 0.000 -0.206 -0.415 -0.683 -0.915 -1.000 -0.890 -0.646 -0.382 -0.184 0.000 0.000 0.000 
0.000 0.000 0.000 0.000 0.000 0.000 0.000 0.000 0.000 0.000 0.000 0.000 0.000 0.000 0.000 0.000 0.000 0.000 -0.122 -0.279 -0.519 -0.787 -0.972 -0.978 -0.803 -0.536 -0.292 -0.130 0.000 0.000 
