1.888141
4
# 0 1 29 50
0.738 0.777 0.902 0.980 0.998 0.953 0.852 0.714 0.560 0.412 0.284 0.183 0.111 0.000 0.000 0.000 0.000 0.000 0.000 0.000 0.000 0.000 0.000 0.000 0.000 0.000 0.000 0.000 0.000 0.000 0.000 0.000 0.000 0.000 0.000 0.000 0.000 0.000 0.000 0.000 0.000 0.000 0.000 0.000 0.000 0.000 0.000 0.000 0.000 0.000 
0.944 0.838 0.697 0.815 0.929 0.992 0.992 0.930 0.817 0.672 0.518 0.374 0.253 0.161 0.000 0.000 0.000 0.000 0.000 0.000 0.000 0.000 0.000 0.000 0.000 0.000 0.000 0.000 0.000 0.000 0.000 0.000 0.000 0.000 0.000 0.000 0.000 0.000 0.000 0.000 0.000 0.000 0.000 0.000 0.000 0.000 0.000 0.000 0.000 0.000 
0.995 0.988 0.919 0.801 0.712 0.851 0.952 0.998 0.981 0.903 0.779 0.629 0.477 0.338 0.225 0.140 0.000 0.000 0.000 0.000 0.000 0.000 0.000 0.000 0.000 0.000 0.000 0.000 0.000 0.000 0.000 0.000 0.000 0.000 0.000 0.000 0.000 0.000 0.000 0.000 0.000 0.000 0.000 0.000 0.000 0.000 0.000 0.000 0.000 0.000 
0.864 0.960 1.000 0.975 0.891 0.763 0.753 0.883 0.971 1.000 0.965 0.873 0.739 0.587 0.436 0.304 0.199 0.121 0.000 0.000 0.000 0.000 0.000 0.000 0.000 0.000 0.000 0.000 0.000 0.000 0.000 0.000 0.000 0.000 0.000 0.000 0.000 0.000 0.000 0.000 0.000 0.000 0.000 0.000 0.000 0.000 0.000 0.000 0.000 0.000 
0.619 0.769 0.896 0.977 0.999 0.957 0.859 0.722 0.792 0.912 0.985 0.997 0.945 0.839 0.698 0.544 0.398 0.272 0.175 0.105 0.000 0.000 0.000 0.000 0.000 0.000 0.000 0.000 0.000 0.000 0.000 0.000 0.000 0.000 0.000 0.000 0.000 0.000 0.000 0.000 0.000 0.000 0.000 0.000 0.000 0.000 0.000 0.000 0.000 0.000 
0.365 0.508 0.661 0.807 0.923 0.990 0.994 0.935 0.824 0.686 0.829 0.938 0.995 0.988 0.920 0.803 0.656 0.502 0.360 0.242 0.153 0.000 0.000 0.000 0.000 0.000 0.000 0.000 0.000 0.000 0.000 0.000 0.000 0.000 0.000 0.000 0.000 0.000 0.000 0.000 0.000 0.000 0.000 0.000 0.000 0.000 0.000 0.000 0.000 0.000 
0.177 0.276 0.402 0.550 0.703 0.843 0.947 0.997 0.984 0.909 0.787 0.728 0.863 0.960 0.999 0.975 0.892 0.764 0.613 0.461 0.325 0.215 0.133 0.000 0.000 0.000 0.000 0.000 0.000 0.000 0.000 0.000 0.000 0.000 0.000 0.000 0.000 0.000 0.000 0.000 0.000 0.000 0.000 0.000 0.000 0.000 0.000 0.000 0.000 0.000 
0.000 0.124 0.202 0.308 0.441 0.592 0.744 0.877 0.967 1.000 0.969 0.879 0.748 0.768 0.895 0.977 0.999 0.958 0.860 0.724 0.571 0.422 0.292 0.189 0.115 0.000 0.000 0.000 0.000 0.000 0.000 0.000 0.000 0.000 0.000 0.000 0.000 0.000 0.000 0.000 0.000 0.000 0.000 0.000 0.000 0.000 0.000 0.000 0.000 0.000 
0.000 0.000 0.000 0.142 0.228 0.343 0.482 0.635 0.784 0.907 0.983 0.998 0.949 0.846 0.707 0.806 0.923 0.989 0.994 0.936 0.826 0.682 0.528 0.383 0.261 0.166 0.000 0.000 0.000 0.000 0.000 0.000 0.000 0.000 0.000 0.000 0.000 0.000 0.000 0.000 0.000 0.000 0.000 0.000 0.000 0.000 0.000 0.000 0.000 0.000 
0.000 0.000 0.000 0.000 0.000 0.163 0.257 0.379 0.523 0.677 0.821 0.933 0.993 0.991 0.926 0.811 0.702 0.842 0.947 0.997 0.984 0.910 0.788 0.640 0.487 0.347 0.232 0.145 0.000 0.000 0.000 0.000 0.000 0.000 0.000 0.000 0.000 0.000 0.000 0.000 0.000 0.000 0.000 0.000 0.000 0.000 0.000 0.000 0.000 0.000 
0.000 0.000 0.000 0.000 0.000 0.000 0.113 0.186 0.288 0.417 0.565 0.719 0.856 0.955 0.999 0.979 0.898 0.773 0.743 0.875 0.967 1.000 0.969 0.880 0.749 0.597 0.446 0.312 0.205 0.126 0.000 0.000 0.000 0.000 0.000 0.000 0.000 0.000 0.000 0.000 0.000 0.000 0.000 0.000 0.000 0.000 0.000 0.000 0.000 0.000 
0.000 0.000 0.000 0.000 0.000 0.000 0.000 0.000 0.131 0.211 0.321 0.456 0.608 0.759 0.888 0.973 1.000 0.962 0.867 0.733 0.782 0.905 0.982 0.998 0.950 0.848 0.708 0.555 0.407 0.280 0.180 0.109 0.000 0.000 0.000 0.000 0.000 0.000 0.000 0.000 0.000 0.000 0.000 0.000 0.000 0.000 0.000 0.000 0.000 0.000 
0.000 0.000 0.000 0.000 0.000 0.000 0.000 0.000 0.000 0.000 0.150 0.239 0.356 0.497 0.651 0.798 0.917 0.987 0.996 0.941 0.833 0.691 0.820 0.932 0.993 0.991 0.927 0.812 0.667 0.513 0.370 0.250 0.158 0.000 0.000 0.000 0.000 0.000 0.000 0.000 0.000 0.000 0.000 0.000 0.000 0.000 0.000 0.000 0.000 0.000 
0.000 0.000 0.000 0.000 0.000 0.000 0.000 0.000 0.000 0.000 0.000 0.103 0.172 0.268 0.393 0.539 0.693 0.835 0.942 0.996 0.987 0.916 0.797 0.717 0.855 0.955 0.999 0.979 0.899 0.774 0.624 0.472 0.334 0.221 0.138 0.000 0.000 0.000 0.000 0.000 0.000 0.000 0.000 0.000 0.000 0.000 0.000 0.000 0.000 0.000 
0.000 0.000 0.000 0.000 0.000 0.000 0.000 0.000 0.000 0.000 0.000 0.000 0.000 0.119 0.195 0.300 0.431 0.581 0.734 0.868 0.963 1.000 0.973 0.887 0.758 0.758 0.887 0.973 1.000 0.963 0.868 0.734 0.581 0.431 0.300 0.195 0.119 0.000 0.000 0.000 0.000 0.000 0.000 0.000 0.000 0.000 0.000 0.000 0.000 0.000 
0.000 0.000 0.000 0.000 0.000 0.000 0.000 0.000 0.000 0.000 0.000 0.000 0.000 0.000 0.000 0.138 0.221 0.334 0.472 0.624 0.774 0.899 0.979 0.999 0.955 0.855 0.717 0.797 0.916 0.987 0.996 0.942 0.835 0.693 0.539 0.393 0.268 0.172 0.103 0.000 0.000 0.000 0.000 0.000 0.000 0.000 0.000 0.000 0.000 0.000 
0.000 0.000 0.000 0.000 0.000 0.000 0.000 0.000 0.000 0.000 0.000 0.000 0.000 0.000 0.000 0.000 0.000 0.158 0.250 0.370 0.513 0.667 0.812 0.927 0.991 0.993 0.932 0.820 0.691 0.833 0.941 0.996 0.987 0.917 0.798 0.651 0.497 0.356 0.239 0.150 0.000 0.000 0.000 0.000 0.000 0.000 0.000 0.000 0.000 0.000 
0.000 0.000 0.000 0.000 0.000 0.000 0.000 0.000 0.000 0.000 0.000 0.000 0.000 0.000 0.000 0.000 0.000 0.000 0.109 0.180 0.280 0.407 0.555 0.708 0.848 0.950 0.998 0.982 0.905 0.782 0.733 0.867 0.962 1.000 0.973 0.888 0.759 0.608 0.456 0.321 0.211 0.131 0.000 0.000 0.000 0.000 0.000 0.000 0.000 0.000 
0.000 0.000 0.000 0.000 0.000 0.000 0.000 0.000 0.000 0.000 0.000 0.000 0.000 0.000 0.000 0.000 0.000 0.000 0.000 0.000 0.126 0.205 0.312 0.446 0.597 0.749 0.880 0.969 1.000 0.967 0.875 0.743 0.773 0.898 0.979 0.999 0.955 0.856 0.719 0.565 0.417 0.288 0.186 0.113 0.000 0.000 0.000 0.000 0.000 0.000 
0.000 0.000 0.000 0.000 0.000 0.000 0.000 0.000 0.000 0.000 0.000 0.000 0.000 0.000 0.000 0.000 0.000 0.000 0.000 0.000 0.000 0.000 0.145 0.232 0.347 0.487 0.640 0.788 0.910 0.984 0.997 0.947 0.842 0.702 0.811 0.926 0.991 0.993 0.933 0.821 0.677 0.523 0.379 0.257 0.163 0.000 0.000 0.000 0.000 0.000 
0.000 0.000 0.000 0.000 0.000 0.000 0.000 0.000 0.000 0.000 0.000 0.000 0.000 0.000 0.000 0.000 0.000 0.000 0.000 0.000 0.000 0.000 0.000 0.000 0.166 0.261 0.383 0.528 0.682 0.826 0.936 0.994 0.989 0.923 0.806 0.707 0.846 0.949 0.998 0.983 0.907 0.784 0.635 0.482 0.343 0.228 0.142 0.000 0.000 0.000 
0.000 0.000 0.000 0.000 0.000 0.000 0.000 0.000 0.000 0.000 0.000 0.000 0.000 0.000 0.000 0.000 0.000 0.000 0.000 0.000 0.000 0.000 0.000 0.000 0.000 0.115 0.189 0.292 0.422 0.571 0.724 0.860 0.958 0.999 0.977 0.895 0.768 0.748 0.879 0.969 1.000 0.967 0.877 0.744 0.592 0.441 0.308 0.202 0.124 0.000 
0.000 0.000 0.000 0.000 0.000 0.000 0.000 0.000 0.000 0.000 0.000 0.000 0.000 0.000 0.000 0.000 0.000 0.000 0.000 0.000 0.000 0.000 0.000 0.000 0.000 0.000 0.000 0.133 0.215 0.325 0.461 0.613 0.764 0.892 0.975 0.999 0.960 0.863 0.728 0.787 0.909 0.984 0.997 0.947 0.843 0.703 0.550 0.402 0.276 0.177 
0.000 0.000 0.000 0.000 0.000 0.000 0.000 0.000 0.000 0.000 0.000 0.000 0.000 0.000 0.000 0.000 0.000 0.000 0.000 0.000 0.000 0.000 0.000 0.000 0.000 0.000 0.000 0.000 0.000 0.153 0.242 0.360 0.502 0.656 0.803 0.920 0.988 0.995 0.938 0.829 0.686 0.824 0.935 0.994 0.990 0.923 0.807 0.661 0.508 0.365 
0.000 0.000 0.000 0.000 0.000 0.000 0.000 0.000 0.000 0.000 0.000 0.000 0.000 0.000 0.000 0.000 0.000 0.000 0.000 0.000 0.000 0.000 0.000 0.000 0.000 0.000 0.000 0.000 0.000 0.000 0.105 0.175 0.272 0.398 0.544 0.698 0.839 0.945 0.997 0.985 0.912 0.792 0.722 0.859 0.957 0.999 0.977 0.896 0.769 0.619 
0.000 0.000 0.000 0.000 0.000 0.000 0.000 0.000 0.000 0.000 0.000 0.000 0.000 0.000 0.000 0.000 0.000 0.000 0.000 0.000 0.000 0.000 0.000 0.000 0.000 0.000 0.000 0.000 0.000 0.000 0.000 0.000 0.121 0.199 0.304 0.436 0.587 0.739 0.873 0.965 1.000 0.971 0.883 0.753 0.763 0.891 0.975 1.000 0.960 0.864 
0.000 0.000 0.000 0.000 0.000 0.000 0.000 0.000 0.000 0.000 0.000 0.000 0.000 0.000 0.000 0.000 0.000 0.000 0.000 0.000 0.000 0.000 0.000 0.000 0.000 0.000 0.000 0.000 0.000 0.000 0.000 0.000 0.000 0.000 0.140 0.225 0.338 0.477 0.629 0.779 0.903 0.981 0.998 0.952 0.851 0.712 0.801 0.919 0.988 0.995 
0.000 0.000 0.000 0.000 0.000 0.000 0.000 0.000 0.000 0.000 0.000 0.000 0.000 0.000 0.000 0.000 0.000 0.000 0.000 0.000 0.000 0.000 0.000 0.000 0.000 0.000 0.000 0.000 0.000 0.000 0.000 0.000 0.000 0.000 0.000 0.000 0.161 0.253 0.374 0.518 0.672 0.817 0.930 0.992 0.992 0.929 0.815 0.697 0.838 0.944 
0.000 0.000 0.000 0.000 0.000 0.000 0.000 0.000 0.000 0.000 0.000 0.000 0.000 0.000 0.000 0.000 0.000 0.000 0.000 0.000 0.000 0.000 0.000 0.000 0.000 0.000 0.000 0.000 0.000 0.000 0.000 0.000 0.000 0.000 0.000 0.000 0.000 0.111 0.183 0.284 0.412 0.560 0.714 0.852 0.953 0.998 0.980 0.902 0.777 0.738 
# 0 2 29 50
0.738 0.777 0.902 0.980 0.998 0.953 0.852 0.714 0.560 0.412 0.284 0.183 0.111 0.000 0.000 0.000 0.000 0.000 0.000 0.000 0.000 0.000 0.000 0.000 0.000 0.000 0.000 0.000 0.000 0.000 0.000 0.000 0.000 0.000 0.000 0.000 0.000 0.000 0.000 0.000 0.000 0.000 0.000 0.000 0.000 0.000 0.000 0.000 0.000 0.000 
0.944 0.838 0.697 0.815 0.929 0.992 0.992 0.930 0.817 0.672 0.518 0.374 0.253 0.161 0.000 0.000 0.000 0.000 0.000 0.000 0.000 0.000 0.000 0.000 0.000 0.000 0.000 0.000 0.000 0.000 0.000 0.000 0.000 0.000 0.000 0.000 0.000 0.000 0.000 0.000 0.000 0.000 0.000 0.000 0.000 0.000 0.000 0.000 0.000 0.000 
0.995 0.988 0.919 0.801 0.712 0.851 0.952 0.998 0.981 0.903 0.779 0.629 0.477 0.338 0.225 0.140 0.000 0.000 0.000 0.000 0.000 0.000 0.000 0.000 0.000 0.000 0.000 0.000 0.000 0.000 0.000 0.000 0.000 0.000 0.000 0.000 0.000 0.000 0.000 0.000 0.000 0.000 0.000 0.000 0.000 0.000 0.000 0.000 0.000 0.000 
0.864 0.960 1.000 0.975 0.891 0.763 0.753 0.883 0.971 1.000 0.965 0.873 0.739 0.587 0.436 0.304 0.199 0.121 0.000 0.000 0.000 0.000 0.000 0.000 0.000 0.000 0.000 0.000 0.000 0.000 0.000 0.000 0.000 0.000 0.000 0.000 0.000 0.000 0.000 0.000 0.000 0.000 0.000 0.000 0.000 0.000 0.000 0.000 0.000 0.000 
0.619 0.769 0.896 0.977 0.999 0.957 0.859 0.722 0.792 0.912 0.985 0.997 0.945 0.839 0.698 0.544 0.398 0.272 0.175 0.105 0.000 0.000 0.000 0.000 0.000 0.000 0.000 0.000 0.000 0.000 0.000 0.000 0.000 0.000 0.000 0.000 0.000 0.000 0.000 0.000 0.000 0.000 0.000 0.000 0.000 0.000 0.000 0.000 0.000 0.000 
0.365 0.508 0.661 0.807 0.923 0.990 0.994 0.935 0.824 0.686 0.829 0.938 0.995 0.988 0.920 0.803 0.656 0.502 0.360 0.242 0.153 0.000 0.000 0.000 0.000 0.000 0.000 0.000 0.000 0.000 0.000 0.000 0.000 0.000 0.000 0.000 0.000 0.000 0.000 0.000 0.000 0.000 0.000 0.000 0.000 0.000 0.000 0.000 0.000 0.000 
0.177 0.276 0.402 0.550 0.703 0.843 0.947 0.997 0.984 0.909 0.787 0.728 0.863 0.960 0.999 0.975 0.892 0.764 0.613 0.461 0.325 0.215 0.133 0.000 0.000 0.000 0.000 0.000 0.000 0.000 0.000 0.000 0.000 0.000 0.000 0.000 0.000 0.000 0.000 0.000 0.000 0.000 0.000 0.000 0.000 0.000 0.000 0.000 0.000 0.000 
0.000 0.124 0.202 0.308 0.441 0.592 0.744 0.877 0.967 1.000 0.969 0.879 0.748 0.768 0.895 0.977 0.999 0.958 0.860 0.724 0.571 0.422 0.292 0.189 0.115 0.000 0.000 0.000 0.000 0.000 0.000 0.000 0.000 0.000 0.000 0.000 0.000 0.000 0.000 0.000 0.000 0.000 0.000 0.000 0.000 0.000 0.000 0.000 0.000 0.000 
0.000 0.000 0.000 0.142 0.228 0.343 0.482 0.635 0.784 0.907 0.983 0.998 0.949 0.846 0.707 0.806 0.923 0.989 0.994 0.936 0.826 0.682 0.528 0.383 0.261 0.166 0.000 0.000 0.000 0.000 0.000 0.000 0.000 0.000 0.000 0.000 0.000 0.000 0.000 0.000 0.000 0.000 0.000 0.000 0.000 0.000 0.000 0.000 0.000 0.000 
0.000 0.000 0.000 0.000 0.000 0.163 0.257 0.379 0.523 0.677 0.821 0.933 0.993 0.991 0.926 0.811 0.702 0.842 0.947 0.997 0.984 0.910 0.788 0.640 0.487 0.347 0.232 0.145 0.000 0.000 0.000 0.000 0.000 0.000 0.000 0.000 0.000 0.000 0.000 0.000 0.000 0.000 0.000 0.000 0.000 0.000 0.000 0.000 0.000 0.000 
0.000 0.000 0.000 0.000 0.000 0.000 0.113 0.186 0.288 0.417 0.565 0.719 0.856 0.955 0.999 0.979 0.898 0.773 0.743 0.875 0.967 1.000 0.969 0.880 0.749 0.597 0.446 0.312 0.205 0.126 0.000 0.000 0.000 0.000 0.000 0.000 0.000 0.000 0.000 0.000 0.000 0.000 0.000 0.000 0.000 0.000 0.000 0.000 0.000 0.000 
0.000 0.000 0.000 0.000 0.000 0.000 0.000 0.000 0.131 0.211 0.321 0.456 0.608 0.759 0.888 0.973 1.000 0.962 0.867 0.733 0.782 0.905 0.982 0.998 0.950 0.848 0.708 0.555 0.407 0.280 0.180 0.109 0.000 0.000 0.000 0.000 0.000 0.000 0.000 0.000 0.000 0.000 0.000 0.000 0.000 0.000 0.000 0.000 0.000 0.000 
0.000 0.000 0.000 0.000 0.000 0.000 0.000 0.000 0.000 0.000 0.150 0.239 0.356 0.497 0.651 0.798 0.917 0.987 0.996 0.941 0.833 0.691 0.820 0.932 0.993 0.991 0.927 0.812 0.667 0.513 0.370 0.250 0.158 0.000 0.000 0.000 0.000 0.000 0.000 0.000 0.000 0.000 0.000 0.000 0.000 0.000 0.000 0.000 0.000 0.000 
0.000 0.000 0.000 0.000 0.000 0.000 0.000 0.000 0.000 0.000 0.000 0.103 0.172 0.268 0.393 0.539 0.693 0.835 0.942 0.996 0.987 0.916 0.797 0.717 0.855 0.955 0.999 0.979 0.899 0.774 0.624 0.472 0.334 0.221 0.138 0.000 0.000 0.000 0.000 0.000 0.000 0.000 0.000 0.000 0.000 0.000 0.000 0.000 0.000 0.000 
0.000 0.000 0.000 0.000 0.000 0.000 0.000 0.000 0.000 0.000 0.000 0.000 0.000 0.119 0.195 0.300 0.431 0.581 0.734 0.868 0.963 1.000 0.973 0.887 0.758 0.758 0.887 0.973 1.000 0.963 0.868 0.734 0.581 0.431 0.300 0.195 0.119 0.000 0.000 0.000 0.000 0.000 0.000 0.000 0.000 0.000 0.000 0.000 0.000 0.000 
0.000 0.000 0.000 0.000 0.000 0.000 0.000 0.000 0.000 0.000 0.000 0.000 0.000 0.000 0.000 0.138 0.221 0.334 0.472 0.624 0.774 0.899 0.979 0.999 0.955 0.855 0.717 0.797 0.916 0.987 0.996 0.942 0.835 0.693 0.539 0.393 0.268 0.172 0.103 0.000 0.000 0.000 0.000 0.000 0.000 0.000 0.000 0.000 0.000 0.000 
0.000 0.000 0.000 0.000 0.000 0.000 0.000 0.000 0.000 0.000 0.000 0.000 0.000 0.000 0.000 0.000 0.000 0.158 0.250 0.370 0.513 0.667 0.812 0.927 0.991 0.993 0.932 0.820 0.691 0.833 0.941 0.996 0.987 0.917 0.798 0.651 0.497 0.356 0.239 0.150 0.000 0.000 0.000 0.000 0.000 0.000 0.000 0.000 0.000 0.000 
0.000 0.000 0.000 0.000 0.000 0.000 0.000 0.000 0.000 0.000 0.000 0.000 0.000 0.000 0.000 0.000 0.000 0.000 0.109 0.180 0.280 0.407 0.555 0.708 0.848 0.950 0.998 0.982 0.905 0.782 0.733 0.867 0.962 1.000 0.973 0.888 0.759 0.608 0.456 0.321 0.211 0.131 0.000 0.000 0.000 0.000 0.000 0.000 0.000 0.000 
0.000 0.000 0.000 0.000 0.000 0.000 0.000 0.000 0.000 0.000 0.000 0.000 0.000 0.000 0.000 0.000 0.000 0.000 0.000 0.000 0.126 0.205 0.312 0.446 0.597 0.749 0.880 0.969 1.000 0.967 0.875 0.743 0.773 0.898 0.979 0.999 0.955 0.856 0.719 0.565 0.417 0.288 0.186 0.113 0.000 0.000 0.000 0.000 0.000 0.000 
0.000 0.000 0.000 0.000 0.000 0.000 0.000 0.000 0.000 0.000 0.000 0.000 0.000 0.000 0.000 0.000 0.000 0.000 0.000 0.000 0.000 0.000 0.145 0.232 0.347 0.487 0.640 0.788 0.910 0.984 0.997 0.947 0.842 0.702 0.811 0.926 0.991 0.993 0.933 0.821 0.677 0.523 0.379 0.257 0.163 0.000 0.000 0.000 0.000 0.000 
0.000 0.000 0.000 0.000 0.000 0.000 0.000 0.000 0.000 0.000 0.000 0.000 0.000 0.000 0.000 0.000 0.000 0.000 0.000 0.000 0.000 0.000 0.000 0.000 0.166 0.261 0.383 0.528 0.682 0.826 0.936 0.994 0.989 0.923 0.806 0.707 0.846 0.949 0.998 0.983 0.907 0.784 0.635 0.482 0.343 0.228 0.142 0.000 0.000 0.000 
0.000 0.000 0.000 0.000 0.000 0.000 0.000 0.000 0.000 0.000 0.000 0.000 0.000 0.000 0.000 0.000 0.000 0.000 0.000 0.000 0.000 0.000 0.000 0.000 0.000 0.115 0.189 0.292 0.422 0.571 0.724 0.860 0.958 0.999 0.977 0.895 0.768 0.748 0.879 0.969 1.000 0.967 0.877 0.744 0.592 0.441 0.308 0.202 0.124 0.000 
0.000 0.000 0.000 0.000 0.000 0.000 0.000 0.000 0.000 0.000 0.000 0.000 0.000 0.000 0.000 0.000 0.000 0.000 0.000 0.000 0.000 0.000 0.000 0.000 0.000 0.000 0.000 0.133 0.215 0.325 0.461 0.613 0.764 0.892 0.975 0.999 0.960 0.863 0.728 0.787 0.909 0.984 0.997 0.947 0.843 0.703 0.550 0.402 0.276 0.177 
0.000 0.000 0.000 0.000 0.000 0.000 0.000 0.000 0.000 0.000 0.000 0.000 0.000 0.000 0.000 0.000 0.000 0.000 0.000 0.000 0.000 0.000 0.000 0.000 0.000 0.000 0.000 0.000 0.000 0.153 0.242 0.360 0.502 0.656 0.803 0.920 0.988 0.995 0.938 0.829 0.686 0.824 0.935 0.994 0.990 0.923 0.807 0.661 0.508 0.365 
0.000 0.000 0.000 0.000 0.000 0.000 0.000 0.000 0.000 0.000 0.000 0.000 0.000 0.000 0.000 0.000 0.000 0.000 0.000 0.000 0.000 0.000 0.000 0.000 0.000 0.000 0.000 0.000 0.000 0.000 0.105 0.175 0.272 0.398 0.544 0.698 0.839 0.945 0.997 0.985 0.912 0.792 0.722 0.859 0.957 0.999 0.977 0.896 0.769 0.619 
0.000 0.000 0.000 0.000 0.000 0.000 0.000 0.000 0.000 0.000 0.000 0.000 0.000 0.000 0.000 0.000 0.000 0.000 0.000 0.000 0.000 0.000 0.000 0.000 0.000 0.000 0.000 0.000 0.000 0.000 0.000 0.000 0.121 0.199 0.304 0.436 0.587 0.739 0.873 0.965 1.000 0.971 0.883 0.753 0.763 0.891 0.975 1.000 0.960 0.864 
0.000 0.000 0.000 0.000 0.000 0.000 0.000 0.000 0.000 0.000 0.000 0.000 0.000 0.000 0.000 0.000 0.000 0.000 0.000 0.000 0.000 0.000 0.000 0.000 0.000 0.000 0.000 0.000 0.000 0.000 0.000 0.000 0.000 0.000 0.140 0.225 0.338 0.477 0.629 0.779 0.903 0.981 0.998 0.952 0.851 0.712 0.801 0.919 0.988 0.995 
0.000 0.000 0.000 0.000 0.000 0.000 0.000 0.000 0.000 0.000 0.000 0.000 0.000 0.000 0.000 0.000 0.000 0.000 0.000 0.000 0.000 0.000 0.000 0.000 0.000 0.000 0.000 0.000 0.000 0.000 0.000 0.000 0.000 0.000 0.000 0.000 0.161 0.253 0.374 0.518 0.672 0.817 0.930 0.992 0.992 0.929 0.815 0.697 0.838 0.944 
0.000 0.000 0.000 0.000 0.000 0.000 0.000 0.000 0.000 0.000 0.000 0.000 0.000 0.000 0.000 0.000 0.000 0.000 0.000 0.000 0.000 0.000 0.000 0.000 0.000 0.000 0.000 0.000 0.000 0.000 0.000 0.000 0.000 0.000 0.000 0.000 0.000 0.111 0.183 0.284 0.412 0.560 0.714 0.852 0.953 0.998 0.980 0.902 0.777 0.738 
# 0 3 8 50
0.980 0.901 0.776 0.740 0.873 0.965 1.000 0.971 0.883 0.752 0.601 0.450 0.315 0.207 0.127 0.000 0.000 0.000 0.000 0.000 0.000 0.000 0.000 0.000 0.000 0.000 0.000 0.000 0.000 0.000 0.000 0.000 0.000 0.000 0.000 0.000 0.000 0.000 0.000 0.000 0.000 0.000 0.000 0.000 0.000 0.000 0.000 0.000 0.000 0.000 
0.379 0.524 0.678 0.822 0.933 0.993 0.990 0.925 0.810 0.702 0.843 0.947 0.997 0.984 0.910 0.788 0.639 0.486 0.346 0.231 0.145 0.000 0.000 0.000 0.000 0.000 0.000 0.000 0.000 0.000 0.000 0.000 0.000 0.000 0.000 0.000 0.000 0.000 0.000 0.000 0.000 0.000 0.000 0.000 0.000 0.000 0.000 0.000 0.000 0.000 
0.000 0.000 0.000 0.000 0.145 0.231 0.346 0.486 0.639 0.788 0.910 0.984 0.997 0.947 0.843 0.702 0.810 0.925 0.990 0.993 0.933 0.822 0.678 0.524 0.379 0.257 0.164 0.000 0.000 0.000 0.000 0.000 0.000 0.000 0.000 0.000 0.000 0.000 0.000 0.000 0.000 0.000 0.000 0.000 0.000 0.000 0.000 0.000 0.000 0.000 
0.000 0.000 0.000 0.000 0.000 0.000 0.000 0.000 0.000 0.000 0.127 0.207 0.315 0.450 0.601 0.752 0.883 0.971 1.000 0.965 0.873 0.740 0.776 0.901 0.980 0.999 0.954 0.854 0.716 0.562 0.414 0.285 0.184 0.112 0.000 0.000 0.000 0.000 0.000 0.000 0.000 0.000 0.000 0.000 0.000 0.000 0.000 0.000 0.000 0.000 
0.000 0.000 0.000 0.000 0.000 0.000 0.000 0.000 0.000 0.000 0.000 0.000 0.000 0.000 0.000 0.000 0.112 0.184 0.285 0.414 0.562 0.716 0.854 0.954 0.999 0.980 0.901 0.776 0.740 0.873 0.965 1.000 0.971 0.883 0.752 0.601 0.450 0.315 0.207 0.127 0.000 0.000 0.000 0.000 0.000 0.000 0.000 0.000 0.000 0.000 
0.000 0.000 0.000 0.000 0.000 0.000 0.000 0.000 0.000 0.000 0.000 0.000 0.000 0.000 0.000 0.000 0.000 0.000 0.000 0.000 0.000 0.000 0.000 0.164 0.257 0.379 0.524 0.678 0.822 0.933 0.993 0.990 0.925 0.810 0.702 0.843 0.947 0.997 0.984 0.910 0.788 0.639 0.486 0.346 0.231 0.145 0.000 0.000 0.000 0.000 
0.000 0.000 0.000 0.000 0.000 0.000 0.000 0.000 0.000 0.000 0.000 0.000 0.000 0.000 0.000 0.000 0.000 0.000 0.000 0.000 0.000 0.000 0.000 0.000 0.000 0.000 0.000 0.000 0.000 0.145 0.231 0.346 0.486 0.639 0.788 0.910 0.984 0.997 0.947 0.843 0.702 0.810 0.925 0.990 0.993 0.933 0.822 0.678 0.524 0.379 
0.000 0.000 0.000 0.000 0.000 0.000 0.000 0.000 0.000 0.000 0.000 0.000 0.000 0.000 0.000 0.000 0.000 0.000 0.000 0.000 0.000 0.000 0.000 0.000 0.000 0.000 0.000 0.000 0.000 0.000 0.000 0.000 0.000 0.000 0.000 0.127 0.207 0.315 0.450 0.601 0.752 0.883 0.971 1.000 0.965 0.873 0.740 0.776 0.901 0.980 
# 1 0 50 29
-0.586 -0.714 -0.832 -0.925 -0.984 -0.999 -0.971 -0.901 -0.799 -0.677 -0.548 -0.424 -0.314 -0.222 -0.150 0.000 0.000 0.000 0.000 0.000 0.000 0.000 0.000 0.000 0.000 0.000 0.000 0.000 0.000 
-0.607 -0.641 -0.766 -0.875 -0.955 -0.996 -0.993 -0.946 -0.861 -0.749 -0.623 -0.495 -0.376 -0.273 -0.189 -0.125 0.000 0.000 0.000 0.000 0.000 0.000 0.000 0.000 0.000 0.000 0.000 0.000 0.000 
-0.682 -0.566 -0.694 -0.814 -0.912 -0.977 -1.000 -0.978 -0.914 -0.817 -0.697 -0.569 -0.443 -0.330 -0.235 -0.160 -0.104 0.000 0.000 0.000 0.000 0.000 0.000 0.000 0.000 0.000 0.000 0.000 0.000 
-0.754 -0.628 -0.620 -0.746 -0.859 -0.944 -0.992 -0.996 -0.956 -0.877 -0.768 -0.643 -0.515 -0.394 -0.288 -0.201 -0.134 0.000 0.000 0.000 0.000 0.000 0.000 0.000 0.000 0.000 0.000 0.000 0.000 
-0.821 -0.702 -0.574 -0.674 -0.796 -0.899 -0.969 -0.999 -0.985 -0.927 -0.834 -0.717 -0.589 -0.463 -0.347 -0.249 -0.171 -0.112 0.000 0.000 0.000 0.000 0.000 0.000 0.000 0.000 0.000 0.000 0.000 
-0.880 -0.773 -0.648 -0.599 -0.727 -0.842 -0.933 -0.987 -0.999 -0.965 -0.892 -0.787 -0.664 -0.535 -0.412 -0.304 -0.214 -0.144 0.000 0.000 0.000 0.000 0.000 0.000 0.000 0.000 0.000 0.000 0.000 
-0.930 -0.838 -0.722 -0.594 -0.654 -0.778 -0.884 -0.961 -0.998 -0.990 -0.939 -0.851 -0.737 -0.610 -0.482 -0.365 -0.263 -0.182 -0.120 0.000 0.000 0.000 0.000 0.000 0.000 0.000 0.000 0.000 0.000 
-0.967 -0.895 -0.792 -0.669 -0.579 -0.707 -0.825 -0.921 -0.981 -1.000 -0.973 -0.906 -0.805 -0.684 -0.556 -0.431 -0.320 -0.227 -0.154 0.000 0.000 0.000 0.000 0.000 0.000 0.000 0.000 0.000 0.000 
-0.991 -0.941 -0.855 -0.742 -0.615 -0.633 -0.759 -0.869 -0.951 -0.995 -0.994 -0.950 -0.867 -0.756 -0.631 -0.502 -0.383 -0.278 -0.194 -0.129 0.000 0.000 0.000 0.000 0.000 0.000 0.000 0.000 0.000 
-1.000 -0.975 -0.909 -0.810 -0.689 -0.561 -0.687 -0.807 -0.907 -0.974 -1.000 -0.981 -0.919 -0.823 -0.705 -0.576 -0.451 -0.337 -0.240 -0.164 -0.107 0.000 0.000 0.000 0.000 0.000 0.000 0.000 0.000 
-0.994 -0.995 -0.952 -0.871 -0.761 -0.636 -0.612 -0.739 -0.853 -0.940 -0.990 -0.997 -0.960 -0.882 -0.775 -0.651 -0.523 -0.401 -0.294 -0.206 -0.138 0.000 0.000 0.000 0.000 0.000 0.000 0.000 0.000 
-0.972 -1.000 -0.982 -0.922 -0.827 -0.709 -0.581 -0.666 -0.789 -0.893 -0.966 -0.999 -0.987 -0.931 -0.840 -0.725 -0.597 -0.470 -0.354 -0.254 -0.175 -0.115 0.000 0.000 0.000 0.000 0.000 0.000 0.000 
-0.937 -0.989 -0.998 -0.962 -0.886 -0.780 -0.656 -0.592 -0.719 -0.836 -0.928 -0.985 -0.999 -0.968 -0.897 -0.794 -0.672 -0.543 -0.419 -0.310 -0.219 -0.147 0.000 0.000 0.000 0.000 0.000 0.000 0.000 
-0.890 -0.964 -0.998 -0.988 -0.934 -0.844 -0.729 -0.602 -0.646 -0.770 -0.878 -0.957 -0.997 -0.992 -0.943 -0.857 -0.744 -0.618 -0.490 -0.371 -0.269 -0.186 -0.123 0.000 0.000 0.000 0.000 0.000 0.000 
-0.832 -0.925 -0.984 -0.999 -0.970 -0.900 -0.798 -0.677 -0.571 -0.699 -0.819 -0.916 -0.979 -1.000 -0.976 -0.911 -0.812 -0.692 -0.563 -0.439 -0.326 -0.232 -0.157 -0.102 0.000 0.000 0.000 0.000 0.000 
-0.766 -0.875 -0.955 -0.996 -0.993 -0.946 -0.861 -0.749 -0.623 -0.625 -0.751 -0.863 -0.947 -0.993 -0.995 -0.953 -0.873 -0.764 -0.638 -0.510 -0.389 -0.284 -0.198 -0.132 0.000 0.000 0.000 0.000 0.000 
-0.695 -0.814 -0.913 -0.977 -1.000 -0.978 -0.914 -0.816 -0.697 -0.568 -0.679 -0.801 -0.902 -0.971 -1.000 -0.983 -0.924 -0.830 -0.712 -0.584 -0.458 -0.343 -0.246 -0.168 -0.110 0.000 0.000 0.000 0.000 
-0.620 -0.747 -0.859 -0.944 -0.992 -0.996 -0.956 -0.876 -0.768 -0.643 -0.605 -0.732 -0.846 -0.936 -0.989 -0.998 -0.963 -0.888 -0.782 -0.659 -0.530 -0.408 -0.300 -0.210 -0.141 0.000 0.000 0.000 0.000 
-0.546 -0.674 -0.796 -0.899 -0.969 -0.999 -0.984 -0.927 -0.834 -0.717 -0.589 -0.659 -0.782 -0.888 -0.963 -0.998 -0.989 -0.936 -0.847 -0.732 -0.605 -0.477 -0.360 -0.260 -0.179 -0.118 0.000 0.000 0.000 
-0.473 -0.600 -0.727 -0.842 -0.933 -0.987 -0.999 -0.965 -0.891 -0.787 -0.664 -0.584 -0.712 -0.830 -0.924 -0.983 -1.000 -0.972 -0.902 -0.801 -0.679 -0.551 -0.427 -0.316 -0.223 -0.151 0.000 0.000 0.000 
-0.403 -0.525 -0.654 -0.778 -0.884 -0.961 -0.998 -0.990 -0.939 -0.851 -0.737 -0.610 -0.638 -0.763 -0.873 -0.953 -0.995 -0.993 -0.947 -0.863 -0.752 -0.625 -0.497 -0.378 -0.275 -0.191 -0.126 0.000 0.000 
-0.339 -0.453 -0.579 -0.707 -0.825 -0.921 -0.981 -1.000 -0.973 -0.906 -0.805 -0.684 -0.563 -0.692 -0.812 -0.911 -0.976 -1.000 -0.979 -0.916 -0.819 -0.700 -0.571 -0.446 -0.332 -0.237 -0.161 -0.105 0.000 
-0.280 -0.385 -0.505 -0.633 -0.759 -0.869 -0.951 -0.995 -0.994 -0.950 -0.867 -0.756 -0.630 -0.617 -0.744 -0.857 -0.943 -0.992 -0.997 -0.957 -0.879 -0.771 -0.646 -0.518 -0.396 -0.290 -0.203 -0.135 0.000 
-0.228 -0.322 -0.434 -0.558 -0.687 -0.808 -0.907 -0.974 -1.000 -0.981 -0.919 -0.823 -0.704 -0.576 -0.671 -0.794 -0.897 -0.968 -0.999 -0.985 -0.928 -0.836 -0.720 -0.592 -0.465 -0.349 -0.251 -0.172 -0.113 
-0.183 -0.265 -0.367 -0.485 -0.613 -0.739 -0.853 -0.940 -0.990 -0.997 -0.959 -0.882 -0.775 -0.651 -0.597 -0.724 -0.840 -0.931 -0.987 -0.999 -0.966 -0.893 -0.789 -0.667 -0.538 -0.415 -0.306 -0.215 -0.145 
-0.145 -0.215 -0.306 -0.415 -0.538 -0.667 -0.789 -0.893 -0.966 -0.999 -0.987 -0.931 -0.840 -0.724 -0.597 -0.651 -0.775 -0.882 -0.959 -0.997 -0.990 -0.940 -0.853 -0.739 -0.613 -0.485 -0.367 -0.265 -0.183 
-0.113 -0.172 -0.251 -0.349 -0.465 -0.592 -0.720 -0.836 -0.928 -0.985 -0.999 -0.968 -0.897 -0.794 -0.671 -0.576 -0.704 -0.823 -0.919 -0.981 -1.000 -0.974 -0.907 -0.808 -0.687 -0.558 -0.434 -0.322 -0.228 
0.000 -0.135 -0.203 -0.290 -0.396 -0.518 -0.646 -0.771 -0.879 -0.957 -0.997 -0.992 -0.943 -0.857 -0.744 -0.617 -0.630 -0.756 -0.867 -0.950 -0.994 -0.995 -0.951 -0.869 -0.759 -0.633 -0.505 -0.385 -0.280 
0.000 -0.105 -0.161 -0.237 -0.332 -0.446 -0.571 -0.700 -0.819 -0.916 -0.979 -1.000 -0.976 -0.911 -0.812 -0.692 -0.563 -0.684 -0.805 -0.906 -0.973 -1.000 -0.981 -0.921 -0.825 -0.707 -0.579 -0.453 -0.339 
0.000 0.000 -0.126 -0.191 -0.275 -0.378 -0.497 -0.625 -0.752 -0.863 -0.947 -0.993 -0.995 -0.953 -0.873 -0.763 -0.638 -0.610 -0.737 -0.851 -0.939 -0.990 -0.998 -0.961 -0.884 -0.778 -0.654 -0.525 -0.403 
0.000 0.000 0.000 -0.151 -0.223 -0.316 -0.427 -0.551 -0.679 -0.801 -0.902 -0.972 -1.000 -0.983 -0.924 -0.830 -0.712 -0.584 -0.664 -0.787 -0.891 -0.965 -0.999 -0.987 -0.933 -0.842 -0.727 -0.600 -0.473 
0.000 0.000 0.000 -0.118 -0.179 -0.260 -0.360 -0.477 -0.605 -0.732 -0.847 -0.936 -0.989 -0.998 -0.963 -0.888 -0.782 -0.659 -0.589 -0.717 -0.834 -0.927 -0.984 -0.999 -0.969 -0.899 -0.796 -0.674 -0.546 
0.000 0.000 0.000 0.000 -0.141 -0.210 -0.300 -0.408 -0.530 -0.659 -0.782 -0.888 -0.963 -0.998 -0.989 -0.936 -0.846 -0.732 -0.605 -0.643 -0.768 -0.876 -0.956 -0.996 -0.992 -0.944 -0.859 -0.747 -0.620 
0.000 0.000 0.000 0.000 -0.110 -0.168 -0.246 -0.343 -0.458 -0.584 -0.712 -0.830 -0.924 -0.983 -1.000 -0.971 -0.902 -0.801 -0.679 -0.568 -0.697 -0.816 -0.914 -0.978 -1.000 -0.977 -0.913 -0.814 -0.695 
0.000 0.000 0.000 0.000 0.000 -0.132 -0.198 -0.284 -0.389 -0.510 -0.638 -0.764 -0.873 -0.953 -0.995 -0.993 -0.947 -0.863 -0.751 -0.625 -0.623 -0.749 -0.861 -0.946 -0.993 -0.996 -0.955 -0.875 -0.766 
0.000 0.000 0.000 0.000 0.000 -0.102 -0.157 -0.232 -0.326 -0.439 -0.563 -0.692 -0.812 -0.911 -0.976 -1.000 -0.979 -0.916 -0.819 -0.699 -0.571 -0.677 -0.798 -0.900 -0.970 -0.999 -0.984 -0.925 -0.832 
0.000 0.000 0.000 0.000 0.000 0.000 -0.123 -0.186 -0.269 -0.371 -0.490 -0.618 -0.744 -0.857 -0.943 -0.992 -0.997 -0.957 -0.878 -0.770 -0.646 -0.602 -0.729 -0.844 -0.934 -0.988 -0.998 -0.964 -0.890 
0.000 0.000 0.000 0.000 0.000 0.000 0.000 -0.147 -0.219 -0.310 -0.419 -0.543 -0.672 -0.794 -0.897 -0.968 -0.999 -0.985 -0.928 -0.836 -0.719 -0.592 -0.656 -0.780 -0.886 -0.962 -0.998 -0.989 -0.937 
0.000 0.000 0.000 0.000 0.000 0.000 0.000 -0.115 -0.175 -0.254 -0.354 -0.470 -0.597 -0.725 -0.840 -0.931 -0.987 -0.999 -0.966 -0.893 -0.789 -0.666 -0.581 -0.709 -0.827 -0.922 -0.982 -1.000 -0.972 
0.000 0.000 0.000 0.000 0.000 0.000 0.000 0.000 -0.138 -0.206 -0.294 -0.401 -0.523 -0.651 -0.775 -0.882 -0.960 -0.997 -0.990 -0.940 -0.853 -0.739 -0.612 -0.636 -0.761 -0.871 -0.952 -0.995 -0.994 
0.000 0.000 0.000 0.000 0.000 0.000 0.000 0.000 -0.107 -0.164 -0.240 -0.337 -0.451 -0.576 -0.705 -0.823 -0.919 -0.981 -1.000 -0.974 -0.907 -0.807 -0.687 -0.561 -0.689 -0.810 -0.909 -0.975 -1.000 
0.000 0.000 0.000 0.000 0.000 0.000 0.000 0.000 0.000 -0.129 -0.194 -0.278 -0.383 -0.502 -0.631 -0.756 -0.867 -0.950 -0.994 -0.995 -0.951 -0.869 -0.759 -0.633 -0.615 -0.742 -0.855 -0.941 -0.991 
0.000 0.000 0.000 0.000 0.000 0.000 0.000 0.000 0.000 0.000 -0.154 -0.227 -0.320 -0.431 -0.556 -0.684 -0.805 -0.906 -0.973 -1.000 -0.981 -0.921 -0.825 -0.707 -0.579 -0.669 -0.792 -0.895 -0.967 
0.000 0.000 0.000 0.000 0.000 0.000 0.000 0.000 0.000 0.000 -0.120 -0.182 -0.263 -0.365 -0.482 -0.610 -0.737 -0.851 -0.939 -0.990 -0.998 -0.961 -0.884 -0.778 -0.654 -0.594 -0.722 -0.838 -0.930 
0.000 0.000 0.000 0.000 0.000 0.000 0.000 0.000 0.000 0.000 0.000 -0.144 -0.214 -0.304 -0.412 -0.535 -0.664 -0.787 -0.892 -0.965 -0.999 -0.987 -0.933 -0.842 -0.727 -0.599 -0.648 -0.773 -0.880 
0.000 0.000 0.000 0.000 0.000 0.000 0.000 0.000 0.000 0.000 0.000 -0.112 -0.171 -0.249 -0.347 -0.463 -0.589 -0.717 -0.834 -0.927 -0.985 -0.999 -0.969 -0.899 -0.796 -0.674 -0.574 -0.702 -0.821 
0.000 0.000 0.000 0.000 0.000 0.000 0.000 0.000 0.000 0.000 0.000 0.000 -0.134 -0.201 -0.288 -0.394 -0.515 -0.643 -0.768 -0.877 -0.956 -0.996 -0.992 -0.944 -0.859 -0.746 -0.620 -0.628 -0.754 
0.000 0.000 0.000 0.000 0.000 0.000 0.000 0.000 0.000 0.000 0.000 0.000 -0.104 -0.160 -0.235 -0.330 -0.443 -0.569 -0.697 -0.817 -0.914 -0.978 -1.000 -0.977 -0.912 -0.814 -0.694 -0.566 -0.682 
0.000 0.000 0.000 0.000 0.000 0.000 0.000 0.000 0.000 0.000 0.000 0.000 0.000 -0.125 -0.189 -0.273 -0.376 -0.495 -0.623 -0.749 -0.861 -0.946 -0.993 -0.996 -0.955 -0.875 -0.766 -0.641 -0.607 
0.000 0.000 0.000 0.000 0.000 0.000 0.000 0.000 0.000 0.000 0.000 0.000 0.000 0.000 -0.150 -0.222 -0.314 -0.424 -0.548 -0.677 -0.799 -0.901 -0.971 -0.999 -0.984 -0.925 -0.832 -0.714 -0.586 
# 1 2 29 29
-0.559 -0.688 -0.809 -0.908 -0.975 -1.000 -0.980 -0.918 -0.822 -0.703 -0.575 -0.449 -0.336 -0.239 -0.163 -0.106 0.000 0.000 0.000 0.000 0.000 0.000 0.000 0.000 0.000 0.000 0.000 0.000 0.000 
-0.688 -0.559 -0.688 -0.809 -0.908 -0.975 -1.000 -0.980 -0.918 -0.822 -0.703 -0.575 -0.449 -0.336 -0.239 -0.163 -0.106 0.000 0.000 0.000 0.000 0.000 0.000 0.000 0.000 0.000 0.000 0.000 0.000 
-0.809 -0.688 -0.559 -0.688 -0.809 -0.908 -0.975 -1.000 -0.980 -0.918 -0.822 -0.703 -0.575 -0.449 -0.336 -0.239 -0.163 -0.106 0.000 0.000 0.000 0.000 0.000 0.000 0.000 0.000 0.000 0.000 0.000 
-0.908 -0.809 -0.688 -0.559 -0.688 -0.809 -0.908 -0.975 -1.000 -0.980 -0.918 -0.822 -0.703 -0.575 -0.449 -0.336 -0.239 -0.163 -0.106 0.000 0.000 0.000 0.000 0.000 0.000 0.000 0.000 0.000 0.000 
-0.975 -0.908 -0.809 -0.688 -0.559 -0.688 -0.809 -0.908 -0.975 -1.000 -0.980 -0.918 -0.822 -0.703 -0.575 -0.449 -0.336 -0.239 -0.163 -0.106 0.000 0.000 0.000 0.000 0.000 0.000 0.000 0.000 0.000 
-1.000 -0.975 -0.908 -0.809 -0.688 -0.559 -0.688 -0.809 -0.908 -0.975 -1.000 -0.980 -0.918 -0.822 -0.703 -0.575 -0.449 -0.336 -0.239 -0.163 -0.106 0.000 0.000 0.000 0.000 0.000 0.000 0.000 0.000 
-0.980 -1.000 -0.975 -0.908 -0.809 -0.688 -0.559 -0.688 -0.809 -0.908 -0.975 -1.000 -0.980 -0.918 -0.822 -0.703 -0.575 -0.449 -0.336 -0.239 -0.163 -0.106 0.000 0.000 0.000 0.000 0.000 0.000 0.000 
-0.918 -0.980 -1.000 -0.975 -0.908 -0.809 -0.688 -0.559 -0.688 -0.809 -0.908 -0.975 -1.000 -0.980 -0.918 -0.822 -0.703 -0.575 -0.449 -0.336 -0.239 -0.163 -0.106 0.000 0.000 0.000 0.000 0.000 0.000 
-0.822 -0.918 -0.980 -1.000 -0.975 -0.908 -0.809 -0.688 -0.559 -0.688 -0.809 -0.908 -0.975 -1.000 -0.980 -0.918 -0.822 -0.703 -0.575 -0.449 -0.336 -0.239 -0.163 -0.106 0.000 0.000 0.000 0.000 0.000 
-0.703 -0.822 -0.918 -0.980 -1.000 -0.975 -0.908 -0.809 -0.688 -0.559 -0.688 -0.809 -0.908 -0.975 -1.000 -0.980 -0.918 -0.822 -0.703 -0.575 -0.449 -0.336 -0.239 -0.163 -0.106 0.000 0.000 0.000 0.000 
-0.575 -0.703 -0.822 -0.918 -0.980 -1.000 -0.975 -0.908 -0.809 -0.688 -0.559 -0.688 -0.809 -0.908 -0.975 -1.000 -0.980 -0.918 -0.822 -0.703 -0.575 -0.449 -0.336 -0.239 -0.163 -0.106 0.000 0.000 0.000 
-0.449 -0.575 -0.703 -0.822 -0.918 -0.980 -1.000 -0.975 -0.908 -0.809 -0.688 -0.559 -0.688 -0.809 -0.908 -0.975 -1.000 -0.980 -0.918 -0.822 -0.703 -0.575 -0.449 -0.336 -0.239 -0.163 -0.106 0.000 0.000 
-0.336 -0.449 -0.575 -0.703 -0.822 -0.918 -0.980 -1.000 -0.975 -0.908 -0.809 -0.688 -0.559 -0.688 -0.809 -0.908 -0.975 -1.000 -0.980 -0.918 -0.822 -0.703 -0.575 -0.449 -0.336 -0.239 -0.163 -0.106 0.000 
-0.239 -0.336 -0.449 -0.575 -0.703 -0.822 -0.918 -0.980 -1.000 -0.975 -0.908 -0.809 -0.688 -0.559 -0.688 -0.809 -0.908 -0.975 -1.000 -0.980 -0.918 -0.822 -0.703 -0.575 -0.449 -0.336 -0.239 -0.163 -0.106 
-0.163 -0.239 -0.336 -0.449 -0.575 -0.703 -0.822 -0.918 -0.980 -1.000 -0.975 -0.908 -0.809 -0.688 -0.559 -0.688 -0.809 -0.908 -0.975 -1.000 -0.980 -0.918 -0.822 -0.703 -0.575 -0.449 -0.336 -0.239 -0.163 
-0.106 -0.163 -0.239 -0.336 -0.449 -0.575 -0.703 -0.822 -0.918 -0.980 -1.000 -0.975 -0.908 -0.809 -0.688 -0.559 -0.688 -0.809 -0.908 -0.975 -1.000 -0.980 -0.918 -0.822 -0.703 -0.575 -0.449 -0.336 -0.239 
0.000 -0.106 -0.163 -0.239 -0.336 -0.449 -0.575 -0.703 -0.822 -0.918 -0.980 -1.000 -0.975 -0.908 -0.809 -0.688 -0.559 -0.688 -0.809 -0.908 -0.975 -1.000 -0.980 -0.918 -0.822 -0.703 -0.575 -0.449 -0.336 
0.000 0.000 -0.106 -0.163 -0.239 -0.336 -0.449 -0.575 -0.703 -0.822 -0.918 -0.980 -1.000 -0.975 -0.908 -0.809 -0.688 -0.559 -0.688 -0.809 -0.908 -0.975 -1.000 -0.980 -0.918 -0.822 -0.703 -0.575 -0.449 
0.000 0.000 0.000 -0.106 -0.163 -0.239 -0.336 -0.449 -0.575 -0.703 -0.822 -0.918 -0.980 -1.000 -0.975 -0.908 -0.809 -0.688 -0.559 -0.688 -0.809 -0.908 -0.975 -1.000 -0.980 -0.918 -0.822 -0.703 -0.575 
0.000 0.000 0.000 0.000 -0.106 -0.163 -0.239 -0.336 -0.449 -0.575 -0.703 -0.822 -0.918 -0.980 -1.000 -0.975 -0.908 -0.809 -0.688 -0.559 -0.688 -0.809 -0.908 -0.975 -1.000 -0.980 -0.918 -0.822 -0.703 
0.000 0.000 0.000 0.000 0.000 -0.106 -0.163 -0.239 -0.336 -0.449 -0.575 -0.703 -0.822 -0.918 -0.980 -1.000 -0.975 -0.908 -0.809 -0.688 -0.559 -0.688 -0.809 -0.908 -0.975 -1.000 -0.980 -0.918 -0.822 
0.000 0.000 0.000 0.000 0.000 0.000 -0.106 -0.163 -0.239 -0.336 -0.449 -0.575 -0.703 -0.822 -0.918 -0.980 -1.000 -0.975 -0.908 -0.809 -0.688 -0.559 -0.688 -0.809 -0.908 -0.975 -1.000 -0.980 -0.918 
0.000 0.000 0.000 0.000 0.000 0.000 0.000 -0.106 -0.163 -0.239 -0.336 -0.449 -0.575 -0.703 -0.822 -0.918 -0.980 -1.000 -0.975 -0.908 -0.809 -0.688 -0.559 -0.688 -0.809 -0.908 -0.975 -1.000 -0.980 
0.000 0.000 0.000 0.000 0.000 0.000 0.000 0.000 -0.106 -0.163 -0.239 -0.336 -0.449 -0.575 -0.703 -0.822 -0.918 -0.980 -1.000 -0.975 -0.908 -0.809 -0.688 -0.559 -0.688 -0.809 -0.908 -0.975 -1.000 
0.000 0.000 0.000 0.000 0.000 0.000 0.000 0.000 0.000 -0.106 -0.163 -0.239 -0.336 -0.449 -0.575 -0.703 -0.822 -0.918 -0.980 -1.000 -0.975 -0.908 -0.809 -0.688 -0.559 -0.688 -0.809 -0.908 -0.975 
0.000 0.000 0.000 0.000 0.000 0.000 0.000 0.000 0.000 0.000 -0.106 -0.163 -0.239 -0.336 -0.449 -0.575 -0.703 -0.822 -0.918 -0.980 -1.000 -0.975 -0.908 -0.809 -0.688 -0.559 -0.688 -0.809 -0.908 
0.000 0.000 0.000 0.000 0.000 0.000 0.000 0.000 0.000 0.000 0.000 -0.106 -0.163 -0.239 -0.336 -0.449 -0.575 -0.703 -0.822 -0.918 -0.980 -1.000 -0.975 -0.908 -0.809 -0.688 -0.559 -0.688 -0.809 
0.000 0.000 0.000 0.000 0.000 0.000 0.000 0.000 0.000 0.000 0.000 0.000 -0.106 -0.163 -0.239 -0.336 -0.449 -0.575 -0.703 -0.822 -0.918 -0.980 -1.000 -0.975 -0.908 -0.809 -0.688 -0.559 -0.688 
0.000 0.000 0.000 0.000 0.000 0.000 0.000 0.000 0.000 0.000 0.000 0.000 0.000 -0.106 -0.163 -0.239 -0.336 -0.449 -0.575 -0.703 -0.822 -0.918 -0.980 -1.000 -0.975 -0.908 -0.809 -0.688 -0.559 
# 2 0 50 29
-0.585 -0.713 -0.830 -0.924 -0.983 -1.000 -0.972 -0.903 -0.803 -0.682 -0.554 -0.430 -0.319 -0.226 -0.153 0.000 0.000 0.000 0.000 0.000 0.000 0.000 0.000 0.000 0.000 0.000 0.000 0.000 0.000 
-0.606 -0.639 -0.764 -0.873 -0.953 -0.995 -0.993 -0.948 -0.864 -0.754 -0.628 -0.501 -0.381 -0.278 -0.193 -0.129 0.000 0.000 0.000 0.000 0.000 0.000 0.000 0.000 0.000 0.000 0.000 0.000 0.000 
-0.680 -0.565 -0.693 -0.813 -0.911 -0.976 -1.000 -0.979 -0.917 -0.821 -0.702 -0.574 -0.449 -0.336 -0.240 -0.164 -0.107 0.000 0.000 0.000 0.000 0.000 0.000 0.000 0.000 0.000 0.000 0.000 0.000 
-0.752 -0.627 -0.619 -0.745 -0.857 -0.943 -0.991 -0.997 -0.958 -0.880 -0.773 -0.649 -0.521 -0.399 -0.293 -0.205 -0.138 0.000 0.000 0.000 0.000 0.000 0.000 0.000 0.000 0.000 0.000 0.000 0.000 
-0.819 -0.700 -0.573 -0.673 -0.794 -0.897 -0.968 -0.999 -0.986 -0.929 -0.838 -0.722 -0.595 -0.468 -0.353 -0.254 -0.175 -0.115 0.000 0.000 0.000 0.000 0.000 0.000 0.000 0.000 0.000 0.000 0.000 
-0.879 -0.771 -0.647 -0.598 -0.725 -0.841 -0.931 -0.987 -0.999 -0.967 -0.895 -0.791 -0.669 -0.541 -0.418 -0.309 -0.218 -0.147 0.000 0.000 0.000 0.000 0.000 0.000 0.000 0.000 0.000 0.000 0.000 
-0.928 -0.836 -0.720 -0.593 -0.652 -0.776 -0.882 -0.959 -0.997 -0.991 -0.941 -0.854 -0.742 -0.615 -0.488 -0.370 -0.268 -0.186 -0.123 0.000 0.000 0.000 0.000 0.000 0.000 0.000 0.000 0.000 0.000 
-0.966 -0.893 -0.790 -0.668 -0.578 -0.705 -0.824 -0.919 -0.980 -1.000 -0.975 -0.909 -0.809 -0.689 -0.561 -0.437 -0.325 -0.231 -0.157 -0.102 0.000 0.000 0.000 0.000 0.000 0.000 0.000 0.000 0.000 
-0.990 -0.940 -0.853 -0.740 -0.614 -0.632 -0.757 -0.867 -0.950 -0.994 -0.995 -0.952 -0.870 -0.761 -0.636 -0.508 -0.388 -0.283 -0.198 -0.132 0.000 0.000 0.000 0.000 0.000 0.000 0.000 0.000 0.000 
-1.000 -0.974 -0.907 -0.808 -0.688 -0.560 -0.685 -0.806 -0.906 -0.973 -1.000 -0.982 -0.922 -0.827 -0.710 -0.582 -0.456 -0.342 -0.245 -0.168 -0.110 0.000 0.000 0.000 0.000 0.000 0.000 0.000 0.000 
-0.994 -0.994 -0.951 -0.869 -0.759 -0.634 -0.611 -0.738 -0.851 -0.939 -0.990 -0.998 -0.961 -0.886 -0.780 -0.656 -0.528 -0.406 -0.299 -0.210 -0.141 0.000 0.000 0.000 0.000 0.000 0.000 0.000 0.000 
-0.974 -1.000 -0.981 -0.921 -0.826 -0.708 -0.580 -0.665 -0.788 -0.892 -0.965 -0.999 -0.988 -0.934 -0.844 -0.729 -0.602 -0.476 -0.359 -0.259 -0.179 -0.118 0.000 0.000 0.000 0.000 0.000 0.000 0.000 
-0.940 -0.990 -0.997 -0.961 -0.884 -0.778 -0.655 -0.591 -0.718 -0.834 -0.927 -0.984 -0.999 -0.970 -0.900 -0.798 -0.677 -0.549 -0.425 -0.315 -0.223 -0.151 0.000 0.000 0.000 0.000 0.000 0.000 0.000 
-0.893 -0.966 -0.999 -0.987 -0.933 -0.843 -0.728 -0.601 -0.645 -0.769 -0.877 -0.956 -0.996 -0.992 -0.945 -0.860 -0.749 -0.623 -0.496 -0.377 -0.274 -0.190 -0.126 0.000 0.000 0.000 0.000 0.000 0.000 
-0.836 -0.928 -0.985 -0.999 -0.969 -0.899 -0.797 -0.675 -0.570 -0.698 -0.817 -0.914 -0.978 -1.000 -0.978 -0.914 -0.816 -0.697 -0.569 -0.444 -0.331 -0.236 -0.161 -0.105 0.000 0.000 0.000 0.000 0.000 
-0.770 -0.878 -0.957 -0.996 -0.992 -0.944 -0.859 -0.747 -0.621 -0.624 -0.750 -0.861 -0.946 -0.993 -0.996 -0.955 -0.876 -0.768 -0.644 -0.516 -0.395 -0.289 -0.202 -0.135 0.000 0.000 0.000 0.000 0.000 
-0.700 -0.818 -0.915 -0.978 -1.000 -0.977 -0.913 -0.815 -0.695 -0.567 -0.678 -0.799 -0.901 -0.970 -0.999 -0.984 -0.926 -0.834 -0.717 -0.590 -0.463 -0.348 -0.250 -0.172 -0.113 0.000 0.000 0.000 0.000 
-0.626 -0.751 -0.862 -0.946 -0.993 -0.996 -0.955 -0.875 -0.766 -0.642 -0.603 -0.730 -0.845 -0.934 -0.988 -0.998 -0.965 -0.891 -0.787 -0.664 -0.536 -0.413 -0.305 -0.215 -0.145 0.000 0.000 0.000 0.000 
-0.551 -0.679 -0.800 -0.902 -0.971 -1.000 -0.984 -0.925 -0.832 -0.715 -0.588 -0.657 -0.781 -0.886 -0.962 -0.998 -0.990 -0.938 -0.850 -0.737 -0.610 -0.483 -0.366 -0.265 -0.183 -0.121 0.000 0.000 0.000 
-0.478 -0.605 -0.732 -0.846 -0.935 -0.988 -0.998 -0.964 -0.890 -0.785 -0.662 -0.583 -0.710 -0.828 -0.922 -0.982 -1.000 -0.973 -0.905 -0.805 -0.684 -0.556 -0.432 -0.321 -0.228 -0.155 -0.100 0.000 0.000 
-0.409 -0.531 -0.659 -0.782 -0.887 -0.962 -0.998 -0.989 -0.937 -0.849 -0.735 -0.609 -0.637 -0.762 -0.871 -0.952 -0.995 -0.994 -0.949 -0.866 -0.756 -0.631 -0.503 -0.383 -0.279 -0.195 -0.130 0.000 0.000 
-0.344 -0.459 -0.584 -0.712 -0.829 -0.923 -0.983 -1.000 -0.972 -0.904 -0.804 -0.683 -0.562 -0.690 -0.810 -0.909 -0.975 -1.000 -0.980 -0.918 -0.823 -0.705 -0.577 -0.451 -0.338 -0.241 -0.165 -0.108 0.000 
-0.285 -0.390 -0.511 -0.638 -0.763 -0.872 -0.953 -0.995 -0.994 -0.948 -0.865 -0.755 -0.629 -0.616 -0.742 -0.855 -0.941 -0.991 -0.997 -0.959 -0.882 -0.775 -0.651 -0.523 -0.402 -0.295 -0.207 -0.139 0.000 
-0.233 -0.327 -0.439 -0.564 -0.692 -0.812 -0.910 -0.976 -1.000 -0.980 -0.917 -0.821 -0.703 -0.575 -0.670 -0.792 -0.895 -0.967 -0.999 -0.986 -0.931 -0.840 -0.724 -0.597 -0.471 -0.355 -0.256 -0.176 -0.116 
-0.187 -0.270 -0.372 -0.491 -0.618 -0.744 -0.856 -0.942 -0.991 -0.997 -0.958 -0.881 -0.774 -0.650 -0.596 -0.723 -0.839 -0.930 -0.986 -0.999 -0.968 -0.896 -0.794 -0.672 -0.543 -0.420 -0.311 -0.220 -0.148 
-0.148 -0.220 -0.311 -0.420 -0.543 -0.672 -0.794 -0.896 -0.968 -0.999 -0.986 -0.930 -0.839 -0.723 -0.596 -0.650 -0.774 -0.881 -0.958 -0.997 -0.991 -0.942 -0.856 -0.744 -0.618 -0.491 -0.372 -0.270 -0.187 
-0.116 -0.176 -0.256 -0.355 -0.471 -0.597 -0.724 -0.840 -0.931 -0.986 -0.999 -0.967 -0.895 -0.792 -0.670 -0.575 -0.703 -0.821 -0.917 -0.980 -1.000 -0.976 -0.910 -0.812 -0.692 -0.564 -0.439 -0.327 -0.233 
0.000 -0.139 -0.207 -0.295 -0.402 -0.523 -0.651 -0.775 -0.882 -0.959 -0.997 -0.991 -0.941 -0.855 -0.742 -0.616 -0.629 -0.755 -0.865 -0.948 -0.994 -0.995 -0.953 -0.872 -0.763 -0.638 -0.511 -0.390 -0.285 
0.000 -0.108 -0.165 -0.241 -0.338 -0.451 -0.577 -0.705 -0.823 -0.918 -0.980 -1.000 -0.975 -0.909 -0.810 -0.690 -0.562 -0.683 -0.804 -0.904 -0.972 -1.000 -0.983 -0.923 -0.829 -0.712 -0.584 -0.459 -0.344 
0.000 0.000 -0.130 -0.195 -0.279 -0.383 -0.503 -0.631 -0.756 -0.866 -0.949 -0.994 -0.995 -0.952 -0.871 -0.762 -0.637 -0.609 -0.735 -0.849 -0.937 -0.989 -0.998 -0.962 -0.887 -0.782 -0.659 -0.531 -0.409 
0.000 0.000 -0.100 -0.155 -0.228 -0.321 -0.432 -0.556 -0.684 -0.805 -0.905 -0.973 -1.000 -0.982 -0.922 -0.828 -0.710 -0.583 -0.662 -0.785 -0.890 -0.964 -0.998 -0.988 -0.935 -0.846 -0.732 -0.605 -0.478 
0.000 0.000 0.000 -0.121 -0.183 -0.265 -0.366 -0.483 -0.610 -0.737 -0.850 -0.938 -0.990 -0.998 -0.962 -0.886 -0.781 -0.657 -0.588 -0.715 -0.832 -0.925 -0.984 -1.000 -0.971 -0.902 -0.800 -0.679 -0.551 
0.000 0.000 0.000 0.000 -0.145 -0.215 -0.305 -0.413 -0.536 -0.664 -0.787 -0.891 -0.965 -0.998 -0.988 -0.934 -0.845 -0.730 -0.603 -0.642 -0.766 -0.875 -0.955 -0.996 -0.993 -0.946 -0.862 -0.751 -0.626 
0.000 0.000 0.000 0.000 -0.113 -0.172 -0.250 -0.348 -0.463 -0.590 -0.717 -0.834 -0.926 -0.984 -0.999 -0.970 -0.901 -0.799 -0.678 -0.567 -0.695 -0.815 -0.913 -0.977 -1.000 -0.978 -0.915 -0.818 -0.700 
0.000 0.000 0.000 0.000 0.000 -0.135 -0.202 -0.289 -0.395 -0.516 -0.644 -0.768 -0.876 -0.955 -0.996 -0.993 -0.946 -0.861 -0.750 -0.624 -0.621 -0.747 -0.859 -0.944 -0.992 -0.996 -0.957 -0.878 -0.770 
0.000 0.000 0.000 0.000 0.000 -0.105 -0.161 -0.236 -0.331 -0.444 -0.569 -0.697 -0.816 -0.914 -0.978 -1.000 -0.978 -0.914 -0.817 -0.698 -0.570 -0.675 -0.797 -0.899 -0.969 -0.999 -0.985 -0.928 -0.836 
0.000 0.000 0.000 0.000 0.000 0.000 -0.126 -0.190 -0.274 -0.377 -0.496 -0.623 -0.749 -0.860 -0.945 -0.992 -0.996 -0.956 -0.877 -0.769 -0.645 -0.601 -0.728 -0.843 -0.933 -0.987 -0.999 -0.966 -0.893 
0.000 0.000 0.000 0.000 0.000 0.000 0.000 -0.151 -0.223 -0.315 -0.425 -0.549 -0.677 -0.798 -0.900 -0.970 -0.999 -0.984 -0.927 -0.834 -0.718 -0.591 -0.655 -0.778 -0.884 -0.961 -0.997 -0.990 -0.940 
0.000 0.000 0.000 0.000 0.000 0.000 0.000 -0.118 -0.179 -0.259 -0.359 -0.476 -0.602 -0.729 -0.844 -0.934 -0.988 -0.999 -0.965 -0.892 -0.788 -0.665 -0.580 -0.708 -0.826 -0.921 -0.981 -1.000 -0.974 
0.000 0.000 0.000 0.000 0.000 0.000 0.000 0.000 -0.141 -0.210 -0.299 -0.406 -0.528 -0.656 -0.780 -0.886 -0.961 -0.998 -0.990 -0.939 -0.851 -0.738 -0.611 -0.634 -0.759 -0.869 -0.951 -0.994 -0.994 
0.000 0.000 0.000 0.000 0.000 0.000 0.000 0.000 -0.110 -0.168 -0.245 -0.342 -0.456 -0.582 -0.710 -0.827 -0.922 -0.982 -1.000 -0.973 -0.906 -0.806 -0.685 -0.560 -0.688 -0.808 -0.907 -0.974 -1.000 
0.000 0.000 0.000 0.000 0.000 0.000 0.000 0.000 0.000 -0.132 -0.198 -0.283 -0.388 -0.508 -0.636 -0.761 -0.870 -0.952 -0.995 -0.994 -0.950 -0.867 -0.757 -0.632 -0.614 -0.740 -0.853 -0.940 -0.990 
0.000 0.000 0.000 0.000 0.000 0.000 0.000 0.000 0.000 -0.102 -0.157 -0.231 -0.325 -0.437 -0.561 -0.689 -0.809 -0.909 -0.975 -1.000 -0.980 -0.919 -0.824 -0.705 -0.578 -0.668 -0.790 -0.893 -0.966 
0.000 0.000 0.000 0.000 0.000 0.000 0.000 0.000 0.000 0.000 -0.123 -0.186 -0.268 -0.370 -0.488 -0.615 -0.742 -0.854 -0.941 -0.991 -0.997 -0.959 -0.882 -0.776 -0.652 -0.593 -0.720 -0.836 -0.928 
0.000 0.000 0.000 0.000 0.000 0.000 0.000 0.000 0.000 0.000 0.000 -0.147 -0.218 -0.309 -0.418 -0.541 -0.669 -0.791 -0.895 -0.967 -0.999 -0.987 -0.931 -0.841 -0.725 -0.598 -0.647 -0.771 -0.879 
0.000 0.000 0.000 0.000 0.000 0.000 0.000 0.000 0.000 0.000 0.000 -0.115 -0.175 -0.254 -0.353 -0.468 -0.595 -0.722 -0.838 -0.929 -0.986 -0.999 -0.968 -0.897 -0.794 -0.673 -0.573 -0.700 -0.819 
0.000 0.000 0.000 0.000 0.000 0.000 0.000 0.000 0.000 0.000 0.000 0.000 -0.138 -0.205 -0.293 -0.399 -0.521 -0.649 -0.773 -0.880 -0.958 -0.997 -0.991 -0.943 -0.857 -0.745 -0.619 -0.627 -0.752 
0.000 0.000 0.000 0.000 0.000 0.000 0.000 0.000 0.000 0.000 0.000 0.000 -0.107 -0.164 -0.240 -0.336 -0.449 -0.574 -0.702 -0.821 -0.917 -0.979 -1.000 -0.976 -0.911 -0.813 -0.693 -0.565 -0.680 
0.000 0.000 0.000 0.000 0.000 0.000 0.000 0.000 0.000 0.000 0.000 0.000 0.000 -0.129 -0.193 -0.278 -0.381 -0.501 -0.628 -0.754 -0.864 -0.948 -0.993 -0.995 -0.953 -0.873 -0.764 -0.639 -0.606 
0.000 0.000 0.000 0.000 0.000 0.000 0.000 0.000 0.000 0.000 0.000 0.000 0.000 0.000 -0.153 -0.226 -0.319 -0.430 -0.554 -0.682 -0.803 -0.903 -0.972 -1.000 -0.983 -0.924 -0.830 -0.713 -0.585 
# 2 1 29 29
-0.559 -0.687 -0.807 -0.907 -0.974 -1.000 -0.982 -0.921 -0.826 -0.708 -0.581 -0.455 -0.341 -0.244 -0.167 -0.109 0.000 0.000 0.000 0.000 0.000 0.000 0.000 0.000 0.000 0.000 0.000 0.000 0.000 
-0.687 -0.559 -0.687 -0.807 -0.907 -0.974 -1.000 -0.982 -0.921 -0.826 -0.708 -0.581 -0.455 -0.341 -0.244 -0.167 -0.109 0.000 0.000 0.000 0.000 0.000 0.000 0.000 0.000 0.000 0.000 0.000 0.000 
-0.807 -0.687 -0.559 -0.687 -0.807 -0.907 -0.974 -1.000 -0.982 -0.921 -0.826 -0.708 -0.581 -0.455 -0.341 -0.244 -0.167 -0.109 0.000 0.000 0.000 0.000 0.000 0.000 0.000 0.000 0.000 0.000 0.000 
-0.907 -0.807 -0.687 -0.559 -0.687 -0.807 -0.907 -0.974 -1.000 -0.982 -0.921 -0.826 -0.708 -0.581 -0.455 -0.341 -0.244 -0.167 -0.109 0.000 0.000 0.000 0.000 0.000 0.000 0.000 0.000 0.000 0.000 
-0.974 -0.907 -0.807 -0.687 -0.559 -0.687 -0.807 -0.907 -0.974 -1.000 -0.982 -0.921 -0.826 -0.708 -0.581 -0.455 -0.341 -0.244 -0.167 -0.109 0.000 0.000 0.000 0.000 0.000 0.000 0.000 0.000 0.000 
-1.000 -0.974 -0.907 -0.807 -0.687 -0.559 -0.687 -0.807 -0.907 -0.974 -1.000 -0.982 -0.921 -0.826 -0.708 -0.581 -0.455 -0.341 -0.244 -0.167 -0.109 0.000 0.000 0.000 0.000 0.000 0.000 0.000 0.000 
-0.982 -1.000 -0.974 -0.907 -0.807 -0.687 -0.559 -0.687 -0.807 -0.907 -0.974 -1.000 -0.982 -0.921 -0.826 -0.708 -0.581 -0.455 -0.341 -0.244 -0.167 -0.109 0.000 0.000 0.000 0.000 0.000 0.000 0.000 
-0.921 -0.982 -1.000 -0.974 -0.907 -0.807 -0.687 -0.559 -0.687 -0.807 -0.907 -0.974 -1.000 -0.982 -0.921 -0.826 -0.708 -0.581 -0.455 -0.341 -0.244 -0.167 -0.109 0.000 0.000 0.000 0.000 0.000 0.000 
-0.826 -0.921 -0.982 -1.000 -0.974 -0.907 -0.807 -0.687 -0.559 -0.687 -0.807 -0.907 -0.974 -1.000 -0.982 -0.921 -0.826 -0.708 -0.581 -0.455 -0.341 -0.244 -0.167 -0.109 0.000 0.000 0.000 0.000 0.000 
-0.708 -0.826 -0.921 -0.982 -1.000 -0.974 -0.907 -0.807 -0.687 -0.559 -0.687 -0.807 -0.907 -0.974 -1.000 -0.982 -0.921 -0.826 -0.708 -0.581 -0.455 -0.341 -0.244 -0.167 -0.109 0.000 0.000 0.000 0.000 
-0.581 -0.708 -0.826 -0.921 -0.982 -1.000 -0.974 -0.907 -0.807 -0.687 -0.559 -0.687 -0.807 -0.907 -0.974 -1.000 -0.982 -0.921 -0.826 -0.708 -0.581 -0.455 -0.341 -0.244 -0.167 -0.109 0.000 0.000 0.000 
-0.455 -0.581 -0.708 -0.826 -0.921 -0.982 -1.000 -0.974 -0.907 -0.807 -0.687 -0.559 -0.687 -0.807 -0.907 -0.974 -1.000 -0.982 -0.921 -0.826 -0.708 -0.581 -0.455 -0.341 -0.244 -0.167 -0.109 0.000 0.000 
-0.341 -0.455 -0.581 -0.708 -0.826 -0.921 -0.982 -1.000 -0.974 -0.907 -0.807 -0.687 -0.559 -0.687 -0.807 -0.907 -0.974 -1.000 -0.982 -0.921 -0.826 -0.708 -0.581 -0.455 -0.341 -0.244 -0.167 -0.109 0.000 
-0.244 -0.341 -0.455 -0.581 -0.708 -0.826 -0.921 -0.982 -1.000 -0.974 -0.907 -0.807 -0.687 -0.559 -0.687 -0.807 -0.907 -0.974 -1.000 -0.982 -0.921 -0.826 -0.708 -0.581 -0.455 -0.341 -0.244 -0.167 -0.109 
-0.167 -0.244 -0.341 -0.455 -0.581 -0.708 -0.826 -0.921 -0.982 -1.000 -0.974 -0.907 -0.807 -0.687 -0.559 -0.687 -0.807 -0.907 -0.974 -1.000 -0.982 -0.921 -0.826 -0.708 -0.581 -0.455 -0.341 -0.244 -0.167 
-0.109 -0.167 -0.244 -0.341 -0.455 -0.581 -0.708 -0.826 -0.921 -0.982 -1.000 -0.974 -0.907 -0.807 -0.687 -0.559 -0.687 -0.807 -0.907 -0.974 -1.000 -0.982 -0.921 -0.826 -0.708 -0.581 -0.455 -0.341 -0.244 
0.000 -0.109 -0.167 -0.244 -0.341 -0.455 -0.581 -0.708 -0.826 -0.921 -0.982 -1.000 -0.974 -0.907 -0.807 -0.687 -0.559 -0.687 -0.807 -0.907 -0.974 -1.000 -0.982 -0.921 -0.826 -0.708 -0.581 -0.455 -0.341 
0.000 0.000 -0.109 -0.167 -0.244 -0.341 -0.455 -0.581 -0.708 -0.826 -0.921 -0.982 -1.000 -0.974 -0.907 -0.807 -0.687 -0.559 -0.687 -0.807 -0.907 -0.974 -1.000 -0.982 -0.921 -0.826 -0.708 -0.581 -0.455 
0.000 0.000 0.000 -0.109 -0.167 -0.244 -0.341 -0.455 -0.581 -0.708 -0.826 -0.921 -0.982 -1.000 -0.974 -0.907 -0.807 -0.687 -0.559 -0.687 -0.807 -0.907 -0.974 -1.000 -0.982 -0.921 -0.826 -0.708 -0.581 
0.000 0.000 0.000 0.000 -0.109 -0.167 -0.244 -0.341 -0.455 -0.581 -0.708 -0.826 -0.921 -0.982 -1.000 -0.974 -0.907 -0.807 -0.687 -0.559 -0.687 -0.807 -0.907 -0.974 -1.000 -0.982 -0.921 -0.826 -0.708 
0.000 0.000 0.000 0.000 0.000 -0.109 -0.167 -0.244 -0.341 -0.455 -0.581 -0.708 -0.826 -0.921 -0.982 -1.000 -0.974 -0.907 -0.807 -0.687 -0.559 -0.687 -0.807 -0.907 -0.974 -1.000 -0.982 -0.921 -0.826 
0.000 0.000 0.000 0.000 0.000 0.000 -0.109 -0.167 -0.244 -0.341 -0.455 -0.581 -0.708 -0.826 -0.921 -0.982 -1.000 -0.974 -0.907 -0.807 -0.687 -0.559 -0.687 -0.807 -0.907 -0.974 -1.000 -0.982 -0.921 
0.000 0.000 0.000 0.000 0.000 0.000 0.000 -0.109 -0.167 -0.244 -0.341 -0.455 -0.581 -0.708 -0.826 -0.921 -0.982 -1.000 -0.974 -0.907 -0.807 -0.687 -0.559 -0.687 -0.807 -0.907 -0.974 -1.000 -0.982 
0.000 0.000 0.000 0.000 0.000 0.000 0.000 0.000 -0.109 -0.167 -0.244 -0.341 -0.455 -0.581 -0.708 -0.826 -0.921 -0.982 -1.000 -0.974 -0.907 -0.807 -0.687 -0.559 -0.687 -0.807 -0.907 -0.974 -1.000 
0.000 0.000 0.000 0.000 0.000 0.000 0.000 0.000 0.000 -0.109 -0.167 -0.244 -0.341 -0.455 -0.581 -0.708 -0.826 -0.921 -0.982 -1.000 -0.974 -0.907 -0.807 -0.687 -0.559 -0.687 -0.807 -0.907 -0.974 
0.000 0.000 0.000 0.000 0.000 0.000 0.000 0.000 0.000 0.000 -0.109 -0.167 -0.244 -0.341 -0.455 -0.581 -0.708 -0.826 -0.921 -0.982 -1.000 -0.974 -0.907 -0.807 -0.687 -0.559 -0.687 -0.807 -0.907 
0.000 0.000 0.000 0.000 0.000 0.000 0.000 0.000 0.000 0.000 0.000 -0.109 -0.167 -0.244 -0.341 -0.455 -0.581 -0.708 -0.826 -0.921 -0.982 -1.000 -0.974 -0.907 -0.807 -0.687 -0.559 -0.687 -0.807 
0.000 0.000 0.000 0.000 0.000 0.000 0.000 0.000 0.000 0.000 0.000 0.000 -0.109 -0.167 -0.244 -0.341 -0.455 -0.581 -0.708 -0.826 -0.921 -0.982 -1.000 -0.974 -0.907 -0.807 -0.687 -0.559 -0.687 
0.000 0.000 0.000 0.000 0.000 0.000 0.000 0.000 0.000 0.000 0.000 0.000 0.000 -0.109 -0.167 -0.244 -0.341 -0.455 -0.581 -0.708 -0.826 -0.921 -0.982 -1.000 -0.974 -0.907 -0.807 -0.687 -0.559 
