1.678349
3
# 0 1 17 30
0.074 0.137 0.738 0.909 0.255 0.016 0.000 0.000 0.000 0.000 0.000 0.000 0.000 0.000 0.000 0.000 0.000 0.000 0.000 0.000 0.000 0.000 0.000 0.000 0.000 0.000 0.000 0.000 0.000 0.000 
0.000 0.000 0.000 0.000 0.000 0.000 0.000 0.000 0.000 0.000 0.000 0.000 0.000 0.991 0.401 0.037 0.232 0.885 0.770 0.153 0.000 0.000 0.000 0.000 0.000 0.000 0.000 0.000 0.000 0.000 
0.885 0.770 0.153 0.000 0.000 0.000 0.000 0.000 0.000 0.000 0.000 0.000 0.000 0.000 0.000 0.000 0.000 0.000 0.000 0.000 0.000 0.000 0.000 0.000 0.000 0.000 0.133 0.730 0.915 0.261 
0.000 0.000 0.000 0.000 0.000 0.000 0.000 0.000 0.000 0.133 0.730 0.915 0.261 0.031 0.363 0.979 0.601 0.084 0.000 0.000 0.000 0.000 0.000 0.000 0.000 0.000 0.000 0.000 0.000 0.000 
0.084 0.000 0.000 0.000 0.000 0.000 0.000 0.000 0.000 0.000 0.000 0.000 0.000 0.000 0.000 0.000 0.000 0.000 0.000 0.000 0.000 0.000 0.000 0.013 0.226 0.879 0.778 0.157 0.063 0.524 
0.000 0.000 0.000 0.000 0.000 0.000 0.013 0.226 0.879 0.778 0.157 0.063 0.524 0.997 0.433 0.043 0.000 0.000 0.000 0.000 0.000 0.000 0.000 0.000 0.000 0.000 0.000 0.000 0.000 0.000 
0.000 0.000 0.000 0.000 0.000 0.000 0.000 0.000 0.000 0.000 0.000 0.000 0.000 0.000 0.000 0.000 0.000 0.000 0.000 0.000 0.000 0.030 0.356 0.976 0.610 0.087 0.118 0.696 0.936 0.287 
0.000 0.000 0.000 0.000 0.030 0.356 0.976 0.610 0.087 0.118 0.696 0.936 0.287 0.020 0.000 0.000 0.000 0.000 0.000 0.000 0.000 0.000 0.000 0.000 0.000 0.000 0.000 0.000 0.000 0.000 
0.000 0.000 0.000 0.000 0.000 0.000 0.000 0.000 0.000 0.000 0.000 0.000 0.000 0.000 0.000 0.000 0.000 0.000 0.000 0.061 0.515 0.998 0.441 0.044 0.205 0.852 0.809 0.175 0.000 0.000 
0.000 0.000 0.061 0.515 0.998 0.441 0.044 0.205 0.852 0.809 0.175 0.000 0.000 0.000 0.000 0.000 0.000 0.000 0.000 0.000 0.000 0.000 0.000 0.000 0.000 0.000 0.000 0.000 0.000 0.000 
0.000 0.000 0.000 0.000 0.000 0.000 0.000 0.000 0.000 0.000 0.000 0.000 0.000 0.000 0.000 0.000 0.000 0.115 0.688 0.940 0.293 0.025 0.327 0.962 0.645 0.098 0.000 0.000 0.000 0.000 
0.115 0.688 0.940 0.293 0.025 0.327 0.962 0.645 0.098 0.000 0.000 0.000 0.000 0.000 0.000 0.000 0.000 0.000 0.000 0.000 0.000 0.000 0.000 0.000 0.000 0.000 0.000 0.000 0.000 0.000 
0.000 0.000 0.000 0.000 0.000 0.000 0.000 0.000 0.000 0.000 0.000 0.000 0.000 0.000 0.011 0.200 0.845 0.817 0.180 0.053 0.482 1.000 0.473 0.051 0.000 0.000 0.000 0.000 0.000 0.000 
0.817 0.180 0.053 0.482 1.000 0.473 0.051 0.000 0.000 0.000 0.000 0.000 0.000 0.000 0.000 0.000 0.000 0.000 0.000 0.000 0.000 0.000 0.000 0.000 0.000 0.000 0.000 0.000 0.000 0.024 
0.000 0.000 0.000 0.000 0.000 0.000 0.000 0.000 0.000 0.000 0.000 0.000 0.024 0.320 0.958 0.653 0.102 0.102 0.653 0.958 0.320 0.024 0.000 0.000 0.000 0.000 0.000 0.000 0.000 0.000 
0.102 0.653 0.958 0.320 0.024 0.000 0.000 0.000 0.000 0.000 0.000 0.000 0.000 0.000 0.000 0.000 0.000 0.000 0.000 0.000 0.000 0.000 0.000 0.000 0.000 0.000 0.000 0.051 0.473 1.000 
0.000 0.000 0.000 0.000 0.000 0.000 0.000 0.000 0.000 0.000 0.051 0.473 1.000 0.482 0.053 0.180 0.817 0.845 0.200 0.011 0.000 0.000 0.000 0.000 0.000 0.000 0.000 0.000 0.000 0.000 
# 0 2 10 30
0.326 0.024 0.326 1.000 0.700 0.112 0.000 0.000 0.000 0.000 0.000 0.000 0.000 0.000 0.000 0.000 0.000 0.000 0.000 0.000 0.000 0.000 0.000 0.000 0.000 0.000 0.000 0.000 0.000 0.000 
0.000 0.000 0.000 0.000 0.000 0.000 0.000 0.000 0.000 0.000 0.000 0.000 0.000 0.000 0.000 0.000 0.000 0.000 0.000 0.000 0.112 0.700 1.000 0.326 0.024 0.326 1.000 0.700 0.112 0.000 
0.000 0.000 0.000 0.000 0.000 0.000 0.000 0.000 0.000 0.000 0.112 0.700 1.000 0.326 0.024 0.326 1.000 0.700 0.112 0.000 0.000 0.000 0.000 0.000 0.000 0.000 0.000 0.000 0.000 0.000 
0.112 0.700 1.000 0.326 0.024 0.326 1.000 0.700 0.112 0.000 0.000 0.000 0.000 0.000 0.000 0.000 0.000 0.000 0.000 0.000 0.000 0.000 0.000 0.000 0.000 0.000 0.000 0.000 0.000 0.000 
0.000 0.000 0.000 0.000 0.000 0.000 0.000 0.000 0.000 0.000 0.000 0.000 0.000 0.000 0.000 0.000 0.000 0.000 0.000 0.000 0.000 0.000 0.000 0.112 0.700 1.000 0.326 0.024 0.326 1.000 
0.000 0.000 0.000 0.000 0.000 0.000 0.000 0.000 0.000 0.000 0.000 0.000 0.000 0.112 0.700 1.000 0.326 0.024 0.326 1.000 0.700 0.112 0.000 0.000 0.000 0.000 0.000 0.000 0.000 0.000 
0.000 0.000 0.000 0.112 0.700 1.000 0.326 0.024 0.326 1.000 0.700 0.112 0.000 0.000 0.000 0.000 0.000 0.000 0.000 0.000 0.000 0.000 0.000 0.000 0.000 0.000 0.000 0.000 0.000 0.000 
0.700 0.112 0.000 0.000 0.000 0.000 0.000 0.000 0.000 0.000 0.000 0.000 0.000 0.000 0.000 0.000 0.000 0.000 0.000 0.000 0.000 0.000 0.000 0.000 0.000 0.000 0.112 0.700 1.000 0.326 
0.000 0.000 0.000 0.000 0.000 0.000 0.000 0.000 0.000 0.000 0.000 0.000 0.000 0.000 0.000 0.000 0.112 0.700 1.000 0.326 0.024 0.326 1.000 0.700 0.112 0.000 0.000 0.000 0.000 0.000 
0.000 0.000 0.000 0.000 0.000 0.000 0.112 0.700 1.000 0.326 0.024 0.326 1.000 0.700 0.112 0.000 0.000 0.000 0.000 0.000 0.000 0.000 0.000 0.000 0.000 0.000 0.000 0.000 0.000 0.000 
# 1 0 30 17
0.000 0.000 0.000 0.000 0.000 0.000 0.000 0.029 0.980 0.079 0.000 0.000 0.000 0.000 0.000 0.000 0.000 
0.000 0.000 0.000 0.000 0.000 0.000 0.000 0.000 0.000 0.000 0.000 0.000 0.012 0.870 0.157 0.000 0.000 
0.158 0.868 0.012 0.000 0.000 0.000 0.000 0.000 0.000 0.000 0.000 0.000 0.000 0.000 0.000 0.000 0.000 
0.000 0.000 0.000 0.000 0.000 0.080 0.980 0.029 0.000 0.000 0.000 0.000 0.000 0.000 0.000 0.000 0.000 
0.000 0.000 0.000 0.000 0.000 0.000 0.000 0.000 0.000 0.000 0.036 0.993 0.066 0.000 0.000 0.000 0.000 
0.000 0.000 0.000 0.000 0.000 0.000 0.000 0.000 0.000 0.000 0.000 0.000 0.000 0.000 0.000 0.015 0.905 
0.000 0.000 0.000 0.185 0.828 0.000 0.000 0.000 0.000 0.000 0.000 0.000 0.000 0.000 0.000 0.000 0.000 
0.000 0.000 0.000 0.000 0.000 0.000 0.000 0.000 0.096 0.960 0.023 0.019 0.000 0.000 0.000 0.000 0.000 
0.000 0.000 0.000 0.000 0.000 0.000 0.000 0.000 0.000 0.000 0.000 0.000 0.000 0.045 1.000 1.000 0.045 
0.000 0.360 0.401 0.545 0.000 0.000 0.000 0.000 0.000 0.000 0.000 0.000 0.000 0.000 0.000 0.000 0.000 
0.000 0.000 0.000 0.000 0.000 0.000 0.000 0.244 0.741 0.000 0.000 0.000 0.000 0.000 0.000 0.000 0.000 
0.000 0.000 0.000 0.000 0.000 0.000 0.000 0.000 0.000 0.000 0.000 0.000 0.134 0.905 0.015 0.000 0.000 
0.642 0.319 0.000 0.000 0.000 0.000 0.000 0.000 0.000 0.000 0.000 0.000 0.000 0.000 0.000 0.000 0.000 
0.000 0.000 0.000 0.000 0.000 0.447 0.496 0.000 0.000 0.000 0.000 0.000 0.000 0.000 0.000 0.000 0.000 
0.000 0.000 0.000 0.000 0.000 0.000 0.000 0.000 0.000 0.000 0.279 0.693 0.000 0.000 0.000 0.000 0.000 
0.000 0.000 0.000 0.000 0.000 0.000 0.000 0.000 0.000 0.000 0.000 0.000 0.000 0.000 0.000 0.157 0.870 
0.000 0.000 0.000 0.691 0.281 0.000 0.000 0.000 0.000 0.000 0.000 0.000 0.000 0.000 0.000 0.000 0.000 
0.994 0.986 0.907 0.052 0.098 0.171 0.277 0.415 0.576 0.741 0.884 0.976 0.998 0.946 0.830 0.675 0.509 
0.027 0.055 0.104 0.180 0.289 0.430 0.593 0.757 0.896 0.982 0.996 0.937 0.816 0.659 0.492 0.341 0.219 
0.110 0.189 0.302 0.446 0.610 0.773 0.907 0.986 0.994 0.927 0.802 0.642 0.476 0.327 0.208 0.123 0.081 
0.315 0.461 0.626 0.788 0.918 0.991 0.990 0.917 0.787 0.625 0.460 0.314 0.198 0.116 0.086 0.153 0.252 
0.643 0.803 0.928 0.994 0.986 0.906 0.772 0.608 0.444 0.301 0.189 0.109 0.092 0.161 0.264 0.399 0.558 
0.938 0.997 0.981 0.895 0.756 0.592 0.429 0.288 0.179 0.103 0.097 0.170 0.276 0.414 0.575 0.000 0.000 
0.976 0.883 0.740 0.575 0.414 0.276 0.170 0.097 0.103 0.179 0.288 0.429 0.000 0.000 0.000 0.000 0.000 
0.724 0.558 0.399 0.264 0.161 0.092 0.109 0.189 0.301 0.000 0.000 0.000 0.000 0.000 0.000 0.022 0.045 
0.384 0.252 0.153 0.086 0.116 0.198 0.000 0.000 0.000 0.000 0.000 0.000 0.011 0.024 0.048 0.092 0.162 
0.145 0.081 0.123 0.000 0.000 0.000 0.000 0.000 0.000 0.000 0.012 0.025 0.052 0.098 0.171 0.277 0.415 
0.000 0.000 0.000 0.000 0.000 0.000 0.000 0.000 0.000 0.000 0.000 0.000 0.000 0.000 0.000 0.000 0.000 
0.000 0.000 0.000 0.000 0.000 0.000 0.000 0.000 0.000 0.000 0.000 0.000 0.000 0.000 0.000 0.000 0.000 
0.000 0.000 0.000 0.000 0.000 0.000 0.000 0.000 0.000 0.000 0.000 0.000 0.000 0.000 0.000 0.000 0.000 
# 2 0 30 10
0.464 0.673 0.864 0.982 0.989 0.882 0.696 0.487 0.301 0.165 
0.532 0.464 0.673 0.864 0.982 0.989 0.882 0.696 0.487 0.301 
0.741 0.532 0.464 0.673 0.864 0.982 0.989 0.882 0.696 0.487 
0.914 0.741 0.532 0.464 0.673 0.864 0.982 0.989 0.882 0.696 
0.998 0.914 0.741 0.532 0.464 0.673 0.864 0.982 0.989 0.882 
0.965 0.998 0.914 0.741 0.532 0.464 0.673 0.864 0.982 0.989 
0.826 0.965 0.998 0.914 0.741 0.532 0.464 0.673 0.864 0.982 
0.626 0.826 0.965 0.998 0.914 0.741 0.532 0.464 0.673 0.864 
0.420 0.626 0.826 0.965 0.998 0.914 0.741 0.532 0.464 0.673 
0.250 0.420 0.626 0.826 0.965 0.998 0.914 0.741 0.532 0.464 
0.000 0.000 0.000 0.000 0.000 0.000 0.000 0.000 0.000 0.000 
0.000 0.000 0.000 0.000 0.000 0.000 0.000 0.000 0.000 0.000 
0.000 0.000 0.000 0.000 0.000 0.000 0.000 0.000 0.000 0.000 
0.000 0.000 0.000 0.000 0.000 0.000 0.000 0.000 0.000 0.000 
0.000 0.000 0.000 0.000 0.000 0.000 0.000 0.000 0.000 0.000 
0.000 0.000 0.000 0.000 0.000 0.000 0.000 0.000 0.000 0.000 
0.000 0.000 0.000 0.000 0.000 0.000 0.000 0.000 0.000 0.000 
0.000 0.000 0.000 0.000 0.000 0.000 0.000 0.000 0.000 0.000 
0.000 0.000 0.000 0.000 0.000 0.000 0.000 0.000 0.000 0.000 
0.000 0.000 0.000 0.000 0.000 0.000 0.000 0.000 0.000 0.000 
0.000 0.000 0.000 0.000 0.000 0.000 0.000 0.000 0.000 0.000 
0.000 0.000 0.000 0.000 0.000 0.000 0.000 0.000 0.000 0.000 
0.000 0.000 0.000 0.000 0.000 0.000 0.000 0.000 0.000 0.000 
0.000 0.000 0.000 0.000 0.000 0.000 0.000 0.000 0.000 0.000 
0.000 0.000 0.000 0.000 0.000 0.000 0.000 0.000 0.000 0.000 
0.000 0.000 0.000 0.000 0.000 0.000 0.000 0.000 0.000 0.000 
0.000 0.000 0.000 0.000 0.000 0.000 0.000 0.000 0.000 0.000 
0.000 0.000 0.000 0.000 0.000 0.000 0.000 0.000 0.000 0.000 
0.000 0.000 0.000 0.000 0.000 0.000 0.000 0.000 0.000 0.000 
0.000 0.000 0.000 0.000 0.000 0.000 0.000 0.000 0.000 0.000 
# 2 1 17 10
0.500 0.741 0.934 1.000 0.910 0.704 0.463 0.259 0.123 0.741 
0.259 0.934 0.741 0.500 0.741 0.934 1.000 0.910 0.704 0.463 
0.910 0.704 0.910 1.000 0.934 0.741 0.500 0.741 0.934 1.000 
0.741 0.934 1.000 0.463 0.704 0.910 1.000 0.934 0.741 0.500 
0.934 0.741 0.500 0.741 0.123 0.259 0.463 0.704 0.910 1.000 
0.000 0.000 0.000 0.000 0.000 0.000 0.000 0.000 0.000 0.000 
0.000 0.000 0.000 0.000 0.000 0.000 0.000 0.000 0.000 0.000 
0.000 0.000 0.000 0.000 0.000 0.000 0.000 0.000 0.000 0.000 
0.000 0.000 0.000 0.000 0.000 0.000 0.000 0.000 0.000 0.000 
0.000 0.000 0.000 0.000 0.000 0.000 0.000 0.000 0.000 0.000 
0.000 0.000 0.000 0.000 0.000 0.000 0.000 0.000 0.000 0.000 
0.000 0.000 0.000 0.000 0.000 0.000 0.000 0.000 0.000 0.000 
0.000 0.000 0.000 0.000 0.000 0.000 0.000 0.000 0.000 0.000 
0.000 0.000 0.000 0.000 0.000 0.000 0.000 0.000 0.000 0.000 
0.000 0.000 0.000 0.000 0.000 0.000 0.000 0.000 0.000 0.000 
0.000 0.000 0.000 0.000 0.000 0.000 0.000 0.000 0.000 0.000 
0.000 0.000 0.000 0.000 0.000 0.000 0.000 0.000 0.000 0.000 
