1.997353
3
# 0 1 7 30
0.045 0.000 0.000 0.018 0.265 0.919 0.737 0.137 0.000 0.000 0.000 0.000 0.000 0.000 0.000 0.000 0.000 0.000 0.000 0.000 0.000 0.000 0.000 0.000 0.000 0.000 0.000 0.000 0.000 0.000 
0.137 0.000 0.000 0.000 0.000 0.000 0.000 0.000 0.000 0.000 0.000 0.000 0.000 0.000 0.000 0.000 0.000 0.000 0.000 0.000 0.000 0.000 0.000 0.027 0.337 0.969 0.645 0.099 0.000 0.000 
0.000 0.000 0.000 0.000 0.000 0.000 0.000 0.000 0.000 0.000 0.000 0.000 0.000 0.000 0.000 0.000 0.027 0.337 0.969 0.645 0.099 0.000 0.000 0.000 0.142 0.748 0.911 0.257 0.017 0.000 
0.000 0.000 0.000 0.000 0.000 0.000 0.000 0.000 0.000 0.027 0.337 0.969 0.645 0.099 0.000 0.000 0.000 0.142 0.748 0.911 0.257 0.017 0.000 0.000 0.000 0.000 0.000 0.000 0.000 0.000 
0.000 0.000 0.027 0.337 0.969 0.645 0.099 0.000 0.000 0.000 0.142 0.748 0.911 0.257 0.017 0.000 0.000 0.000 0.000 0.000 0.000 0.000 0.000 0.000 0.000 0.000 0.000 0.000 0.000 0.000 
0.000 0.000 0.000 0.142 0.748 0.911 0.257 0.017 0.000 0.000 0.000 0.000 0.000 0.000 0.000 0.000 0.000 0.000 0.000 0.000 0.000 0.000 0.000 0.000 0.000 0.000 0.000 0.000 0.000 0.010 
0.017 0.000 0.000 0.000 0.000 0.000 0.000 0.000 0.000 0.000 0.000 0.000 0.000 0.000 0.000 0.000 0.000 0.000 0.000 0.000 0.000 0.000 0.010 0.190 0.832 0.841 0.197 0.011 0.000 0.000 
# 0 2 10 30
0.000 0.000 0.000 0.126 0.739 1.000 0.313 0.023 0.000 0.000 0.000 0.000 0.000 0.000 0.000 0.000 0.000 0.000 0.000 0.000 0.000 0.000 0.000 0.000 0.000 0.000 0.000 0.000 0.000 0.000 
0.000 0.000 0.000 0.000 0.000 0.000 0.000 0.000 0.000 0.000 0.000 0.000 0.000 0.000 0.000 0.000 0.000 0.000 0.000 0.000 1.000 0.739 0.126 0.000 0.000 0.000 0.126 0.739 1.000 0.313 
0.000 0.000 0.000 0.000 0.000 0.000 0.000 0.000 0.000 0.000 1.000 0.739 0.126 0.000 0.000 0.000 0.126 0.739 1.000 0.313 0.023 0.000 0.000 0.000 0.000 0.000 0.000 0.000 0.000 0.000 
1.000 0.739 0.126 0.000 0.000 0.000 0.126 0.739 1.000 0.313 0.023 0.000 0.000 0.000 0.000 0.000 0.000 0.000 0.000 0.000 0.000 0.000 0.000 0.000 0.000 0.000 0.000 0.000 0.000 0.000 
0.023 0.000 0.000 0.000 0.000 0.000 0.000 0.000 0.000 0.000 0.000 0.000 0.000 0.000 0.000 0.000 0.000 0.000 0.000 0.000 0.000 0.023 0.313 1.000 0.739 0.126 0.000 0.000 0.000 0.126 
0.000 0.000 0.000 0.000 0.000 0.000 0.000 0.000 0.000 0.000 0.000 0.023 0.313 1.000 0.739 0.126 0.000 0.000 0.000 0.126 0.739 1.000 0.313 0.023 0.000 0.000 0.000 0.000 0.000 0.000 
0.000 0.023 0.313 1.000 0.739 0.126 0.000 0.000 0.000 0.126 0.739 1.000 0.313 0.023 0.000 0.000 0.000 0.000 0.000 0.000 0.000 0.000 0.000 0.000 0.000 0.000 0.000 0.000 0.000 0.000 
0.739 1.000 0.313 0.023 0.000 0.000 0.000 0.000 0.000 0.000 0.000 0.000 0.000 0.000 0.000 0.000 0.000 0.000 0.000 0.000 0.000 0.000 0.000 0.000 0.023 0.313 1.000 0.739 0.126 0.000 
0.000 0.000 0.000 0.000 0.000 0.000 0.000 0.000 0.000 0.000 0.000 0.000 0.000 0.000 0.023 0.313 1.000 0.739 0.126 0.000 0.000 0.000 0.126 0.739 1.000 0.313 0.023 0.000 0.000 0.000 
0.000 0.000 0.000 0.000 0.023 0.313 1.000 0.739 0.126 0.000 0.000 0.000 0.126 0.739 1.000 0.313 0.023 0.000 0.000 0.000 0.000 0.000 0.000 0.000 0.000 0.000 0.000 0.000 0.000 0.000 
# 1 0 30 7
-0.479 -0.916 -0.933 -0.507 -0.147 -0.023 0.000 
-0.935 -0.913 -0.476 -0.132 -0.020 -0.670 -0.405 
-0.892 -0.446 -0.119 -0.988 -0.638 -0.434 -0.883 
-0.416 -0.843 -0.979 -0.606 -0.464 -0.905 -0.942 
-0.868 -0.966 -0.574 -0.495 -0.926 -0.923 -0.320 
-0.952 -0.542 -0.526 -0.944 -0.080 -0.346 -0.802 
-0.510 -0.558 -0.011 -0.090 -0.373 -0.830 -0.984 
0.010 0.377 1.000 0.193 0.000 0.000 0.000 
0.000 0.010 0.377 1.000 0.193 0.000 0.000 
0.000 0.000 0.010 0.377 1.000 0.193 0.000 
0.810 0.994 0.911 0.623 0.000 0.024 0.089 
0.185 0.210 0.472 0.791 0.990 0.925 0.000 
0.984 0.771 0.451 0.197 0.197 0.451 0.771 
0.336 0.645 0.925 0.990 0.791 0.472 0.210 
0.000 0.035 0.121 0.318 0.623 0.911 0.994 
0.000 0.000 0.000 0.000 0.031 0.113 0.301 
0.000 0.000 0.000 0.000 0.000 0.000 0.000 
0.000 0.000 0.000 0.000 0.000 0.000 0.000 
0.000 0.000 0.000 0.000 0.000 0.000 0.000 
0.000 0.000 0.000 0.000 0.000 0.000 0.000 
0.000 0.000 0.000 0.000 0.000 0.000 0.000 
0.000 0.000 0.000 0.000 0.000 0.000 0.000 
0.000 0.000 0.000 0.000 0.000 0.000 0.000 
0.000 0.000 0.000 0.000 0.000 0.000 0.000 
0.000 0.000 0.000 0.000 0.000 0.000 0.000 
0.000 0.000 0.000 0.000 0.000 0.000 0.000 
0.000 0.000 0.000 0.000 0.000 0.000 0.000 
0.000 0.000 0.000 0.000 0.000 0.000 0.000 
0.000 0.000 0.000 0.000 0.000 0.000 0.000 
0.000 0.000 0.000 0.000 0.000 0.000 0.000 
# 2 0 30 10
-0.729 -0.920 -1.000 -0.937 -0.756 -0.525 -0.314 -0.162 -0.072 -0.028 
-0.801 -0.729 -0.920 -1.000 -0.937 -0.756 -0.525 -0.314 -0.162 -0.072 
-0.962 -0.801 -0.729 -0.920 -1.000 -0.937 -0.756 -0.525 -0.314 -0.162 
-0.995 -0.962 -0.801 -0.729 -0.920 -1.000 -0.937 -0.756 -0.525 -0.314 
-0.886 -0.995 -0.962 -0.801 -0.729 -0.920 -1.000 -0.937 -0.756 -0.525 
-0.680 -0.886 -0.995 -0.962 -0.801 -0.729 -0.920 -1.000 -0.937 -0.756 
-0.450 -0.680 -0.886 -0.995 -0.962 -0.801 -0.729 -0.920 -1.000 -0.937 
-0.256 -0.450 -0.680 -0.886 -0.995 -0.962 -0.801 -0.729 -0.920 -1.000 
-0.126 -0.256 -0.450 -0.680 -0.886 -0.995 -0.962 -0.801 -0.729 -0.920 
-0.053 -0.126 -0.256 -0.450 -0.680 -0.886 -0.995 -0.962 -0.801 -0.729 
-0.086 -0.589 -0.988 -0.408 0.000 0.000 0.000 -0.018 -0.254 -0.895 
0.000 0.000 0.000 -0.072 -0.541 -0.997 0.000 0.000 0.000 0.000 
-0.494 -0.060 0.000 0.000 0.000 0.000 -0.060 -0.494 0.000 0.000 
-0.050 -0.452 -0.997 -0.541 -0.072 0.000 0.000 0.000 0.000 -0.050 
0.000 0.000 0.000 -0.041 -0.408 -0.988 -0.589 -0.086 0.000 0.000 
0.000 0.000 0.000 0.000 0.000 0.000 -0.034 -0.366 -0.973 -0.637 
0.000 0.000 0.000 0.000 0.000 0.000 0.000 0.000 0.000 0.000 
0.000 0.000 0.000 0.000 0.000 0.000 0.000 0.000 0.000 0.000 
0.000 0.000 0.000 0.000 0.000 0.000 0.000 0.000 0.000 0.000 
0.000 0.000 0.000 0.000 0.000 0.000 0.000 0.000 0.000 0.000 
0.000 0.000 0.000 0.000 0.000 0.000 0.000 0.000 0.000 0.000 
0.000 0.000 0.000 0.000 0.000 0.000 0.000 0.000 0.000 0.000 
0.000 0.000 0.000 0.000 0.000 0.000 0.000 0.000 0.000 0.000 
0.000 0.000 0.000 0.000 0.000 0.000 0.000 0.000 0.000 0.000 
0.000 0.000 0.000 0.000 0.000 0.000 0.000 0.000 0.000 0.000 
0.000 0.000 0.000 0.000 0.000 0.000 0.000 0.000 0.000 0.000 
0.000 0.000 0.000 0.000 0.000 0.000 0.000 0.000 0.000 0.000 
0.000 0.000 0.000 0.000 0.000 0.000 0.000 0.000 0.000 0.000 
0.000 0.000 0.000 0.000 0.000 0.000 0.000 0.000 0.000 0.000 
0.000 0.000 0.000 0.000 0.000 0.000 0.000 0.000 0.000 0.000 
# 2 1 7 10
0.000 0.000 -0.015 -0.244 -0.997 -1.000 -0.247 -0.015 0.000 0.000 
-0.015 0.000 0.000 0.000 0.000 0.000 0.000 0.000 0.000 0.000 
0.000 0.000 0.000 0.000 0.000 -0.015 -0.244 -0.997 -1.000 -0.247 
-0.997 -1.000 -0.247 -0.015 0.000 0.000 0.000 0.000 0.000 0.000 
0.000 0.000 0.000 0.000 -0.015 0.000 0.000 0.000 -0.015 -0.244 
0.000 -0.015 -0.244 -0.997 -1.000 -0.247 -0.015 0.000 0.000 0.000 
0.000 0.000 0.000 0.000 0.000 0.000 -0.244 -0.015 0.000 0.000 
