2.028546
5
# 0 1 7 30
0.894 0.983 0.933 0.960 0.641 0.278 0.078 0.014 0.000 0.000 0.000 0.000 0.000 0.000 0.000 0.000 0.000 0.000 0.000 0.000 0.000 0.000 0.000 0.000 0.000 0.000 0.000 0.000 0.000 0.000 
0.014 0.000 0.000 0.000 0.000 0.000 0.000 0.000 0.000 0.000 0.000 0.000 0.000 0.000 0.000 0.000 0.000 0.000 0.000 0.000 0.000 0.000 0.000 0.000 0.031 0.142 0.419 0.804 1.000 0.855 
0.000 0.000 0.000 0.000 0.000 0.000 0.000 0.000 0.000 0.000 0.000 0.000 0.000 0.000 0.000 0.000 0.000 0.031 0.142 0.419 0.804 1.000 0.855 0.995 0.752 0.369 0.118 0.024 0.000 0.000 
0.000 0.000 0.000 0.000 0.000 0.000 0.000 0.000 0.000 0.000 0.031 0.142 0.419 0.804 1.000 0.855 0.995 0.752 0.369 0.118 0.024 0.000 0.000 0.000 0.000 0.000 0.000 0.000 0.000 0.000 
0.000 0.000 0.000 0.031 0.142 0.419 0.804 1.000 0.855 0.995 0.752 0.369 0.118 0.024 0.000 0.000 0.000 0.000 0.000 0.000 0.000 0.000 0.000 0.000 0.000 0.000 0.000 0.000 0.000 0.000 
1.000 0.855 0.995 0.752 0.369 0.118 0.024 0.000 0.000 0.000 0.000 0.000 0.000 0.000 0.000 0.000 0.000 0.000 0.000 0.000 0.000 0.000 0.000 0.000 0.000 0.000 0.000 0.000 0.000 0.000 
0.000 0.000 0.000 0.000 0.000 0.000 0.000 0.000 0.000 0.000 0.000 0.000 0.000 0.000 0.000 0.000 0.000 0.000 0.000 0.000 0.000 0.000 0.000 0.019 0.096 0.322 0.697 0.982 0.897 0.996 
# 0 2 14 30
0.975 0.950 0.947 0.613 0.258 0.070 0.012 0.000 0.000 0.000 0.000 0.000 0.000 0.000 0.000 0.000 0.000 0.000 0.000 0.000 0.000 0.000 0.000 0.000 0.000 0.000 0.000 0.000 0.000 0.000 
0.000 0.000 0.000 0.000 0.000 0.000 0.000 0.000 0.000 0.000 0.000 0.000 0.000 0.000 0.000 0.000 0.500 0.874 0.992 0.917 0.973 0.670 0.300 0.087 0.016 0.000 0.000 0.000 0.000 0.000 
0.000 0.000 0.500 0.874 0.992 0.917 0.973 0.670 0.300 0.087 0.016 0.000 0.000 0.000 0.000 0.000 0.000 0.000 0.000 0.000 0.000 0.000 0.000 0.000 0.000 0.000 0.000 0.000 0.000 0.000 
0.000 0.000 0.000 0.000 0.000 0.000 0.000 0.000 0.000 0.000 0.000 0.000 0.000 0.000 0.000 0.000 0.000 0.000 0.035 0.156 0.446 0.829 1.000 0.878 0.990 0.726 0.345 0.107 0.021 0.000 
0.000 0.000 0.000 0.000 0.035 0.156 0.446 0.829 1.000 0.878 0.990 0.726 0.345 0.107 0.021 0.000 0.000 0.000 0.000 0.000 0.000 0.000 0.000 0.000 0.000 0.000 0.000 0.000 0.000 0.000 
0.021 0.000 0.000 0.000 0.000 0.000 0.000 0.000 0.000 0.000 0.000 0.000 0.000 0.000 0.000 0.000 0.000 0.000 0.000 0.000 0.000 0.000 0.028 0.129 0.394 0.779 1.000 0.833 1.000 0.779 
0.000 0.000 0.000 0.000 0.000 0.000 0.000 0.000 0.028 0.129 0.394 0.779 1.000 0.833 1.000 0.779 0.394 0.129 0.028 0.000 0.000 0.000 0.000 0.000 0.000 0.000 0.000 0.000 0.000 0.000 
1.000 0.779 0.394 0.129 0.028 0.000 0.000 0.000 0.000 0.000 0.000 0.000 0.000 0.000 0.000 0.000 0.000 0.000 0.000 0.000 0.000 0.000 0.000 0.000 0.000 0.000 0.021 0.107 0.345 0.726 
0.000 0.000 0.000 0.000 0.000 0.000 0.000 0.000 0.000 0.000 0.000 0.000 0.021 0.107 0.345 0.726 0.990 0.878 1.000 0.829 0.446 0.156 0.035 0.000 0.000 0.000 0.000 0.000 0.000 0.000 
0.345 0.726 0.990 0.878 1.000 0.829 0.446 0.156 0.035 0.000 0.000 0.000 0.000 0.000 0.000 0.000 0.000 0.000 0.000 0.000 0.000 0.000 0.000 0.000 0.000 0.000 0.000 0.000 0.000 0.000 
0.000 0.000 0.000 0.000 0.000 0.000 0.000 0.000 0.000 0.000 0.000 0.000 0.000 0.000 0.000 0.000 0.016 0.087 0.300 0.670 0.973 0.917 0.992 0.874 0.500 0.186 0.045 0.000 0.000 0.000 
0.000 0.000 0.016 0.087 0.300 0.670 0.973 0.917 0.992 0.874 0.500 0.186 0.045 0.000 0.000 0.000 0.000 0.000 0.000 0.000 0.000 0.000 0.000 0.000 0.000 0.000 0.000 0.000 0.000 0.000 
0.000 0.000 0.000 0.000 0.000 0.000 0.000 0.000 0.000 0.000 0.000 0.000 0.000 0.000 0.000 0.000 0.000 0.000 0.000 0.000 0.012 0.070 0.258 0.613 0.947 0.950 0.975 0.914 0.556 0.220 
0.000 0.000 0.000 0.000 0.000 0.000 0.012 0.070 0.258 0.613 0.947 0.950 0.975 0.914 0.556 0.220 0.056 0.000 0.000 0.000 0.000 0.000 0.000 0.000 0.000 0.000 0.000 0.000 0.000 0.000 
# 0 3 14 30
0.975 0.950 0.947 0.613 0.258 0.070 0.012 0.000 0.000 0.000 0.000 0.000 0.000 0.000 0.000 0.000 0.000 0.000 0.000 0.000 0.000 0.000 0.000 0.000 0.000 0.000 0.000 0.000 0.000 0.000 
0.000 0.000 0.000 0.000 0.000 0.000 0.000 0.000 0.000 0.000 0.000 0.000 0.000 0.000 0.000 0.000 0.500 0.874 0.992 0.917 0.973 0.670 0.300 0.087 0.016 0.000 0.000 0.000 0.000 0.000 
0.000 0.000 0.500 0.874 0.992 0.917 0.973 0.670 0.300 0.087 0.016 0.000 0.000 0.000 0.000 0.000 0.000 0.000 0.000 0.000 0.000 0.000 0.000 0.000 0.000 0.000 0.000 0.000 0.000 0.000 
0.000 0.000 0.000 0.000 0.000 0.000 0.000 0.000 0.000 0.000 0.000 0.000 0.000 0.000 0.000 0.000 0.000 0.000 0.035 0.156 0.446 0.829 1.000 0.878 0.990 0.726 0.345 0.107 0.021 0.000 
0.000 0.000 0.000 0.000 0.035 0.156 0.446 0.829 1.000 0.878 0.990 0.726 0.345 0.107 0.021 0.000 0.000 0.000 0.000 0.000 0.000 0.000 0.000 0.000 0.000 0.000 0.000 0.000 0.000 0.000 
0.021 0.000 0.000 0.000 0.000 0.000 0.000 0.000 0.000 0.000 0.000 0.000 0.000 0.000 0.000 0.000 0.000 0.000 0.000 0.000 0.000 0.000 0.028 0.129 0.394 0.779 1.000 0.833 1.000 0.779 
0.000 0.000 0.000 0.000 0.000 0.000 0.000 0.000 0.028 0.129 0.394 0.779 1.000 0.833 1.000 0.779 0.394 0.129 0.028 0.000 0.000 0.000 0.000 0.000 0.000 0.000 0.000 0.000 0.000 0.000 
1.000 0.779 0.394 0.129 0.028 0.000 0.000 0.000 0.000 0.000 0.000 0.000 0.000 0.000 0.000 0.000 0.000 0.000 0.000 0.000 0.000 0.000 0.000 0.000 0.000 0.000 0.021 0.107 0.345 0.726 
0.000 0.000 0.000 0.000 0.000 0.000 0.000 0.000 0.000 0.000 0.000 0.000 0.021 0.107 0.345 0.726 0.990 0.878 1.000 0.829 0.446 0.156 0.035 0.000 0.000 0.000 0.000 0.000 0.000 0.000 
0.345 0.726 0.990 0.878 1.000 0.829 0.446 0.156 0.035 0.000 0.000 0.000 0.000 0.000 0.000 0.000 0.000 0.000 0.000 0.000 0.000 0.000 0.000 0.000 0.000 0.000 0.000 0.000 0.000 0.000 
0.000 0.000 0.000 0.000 0.000 0.000 0.000 0.000 0.000 0.000 0.000 0.000 0.000 0.000 0.000 0.000 0.016 0.087 0.300 0.670 0.973 0.917 0.992 0.874 0.500 0.186 0.045 0.000 0.000 0.000 
0.000 0.000 0.016 0.087 0.300 0.670 0.973 0.917 0.992 0.874 0.500 0.186 0.045 0.000 0.000 0.000 0.000 0.000 0.000 0.000 0.000 0.000 0.000 0.000 0.000 0.000 0.000 0.000 0.000 0.000 
0.000 0.000 0.000 0.000 0.000 0.000 0.000 0.000 0.000 0.000 0.000 0.000 0.000 0.000 0.000 0.000 0.000 0.000 0.000 0.000 0.012 0.070 0.258 0.613 0.947 0.950 0.975 0.914 0.556 0.220 
0.000 0.000 0.000 0.000 0.000 0.000 0.012 0.070 0.258 0.613 0.947 0.950 0.975 0.914 0.556 0.220 0.056 0.000 0.000 0.000 0.000 0.000 0.000 0.000 0.000 0.000 0.000 0.000 0.000 0.000 
# 0 4 10 30
1.000 0.833 1.000 0.779 0.394 0.130 0.028 0.000 0.000 0.000 0.000 0.000 0.000 0.000 0.000 0.000 0.000 0.000 0.000 0.000 0.000 0.000 0.000 0.000 0.000 0.000 0.000 0.000 0.000 0.000 
0.000 0.000 0.000 0.000 0.000 0.000 0.000 0.000 0.000 0.000 0.000 0.000 0.000 0.000 0.000 0.000 0.000 0.000 0.000 0.000 0.130 0.394 0.779 1.000 0.833 1.000 0.779 0.394 0.130 0.028 
0.000 0.000 0.000 0.000 0.000 0.000 0.000 0.000 0.000 0.000 0.130 0.394 0.779 1.000 0.833 1.000 0.779 0.394 0.130 0.028 0.000 0.000 0.000 0.000 0.000 0.000 0.000 0.000 0.000 0.000 
0.130 0.394 0.779 1.000 0.833 1.000 0.779 0.394 0.130 0.028 0.000 0.000 0.000 0.000 0.000 0.000 0.000 0.000 0.000 0.000 0.000 0.000 0.000 0.000 0.000 0.000 0.000 0.000 0.000 0.000 
0.000 0.000 0.000 0.000 0.000 0.000 0.000 0.000 0.000 0.000 0.000 0.000 0.000 0.000 0.000 0.000 0.000 0.000 0.000 0.000 0.000 0.000 0.028 0.130 0.394 0.779 1.000 0.833 1.000 0.779 
0.000 0.000 0.000 0.000 0.000 0.000 0.000 0.000 0.000 0.000 0.000 0.000 0.028 0.130 0.394 0.779 1.000 0.833 1.000 0.779 0.394 0.130 0.028 0.000 0.000 0.000 0.000 0.000 0.000 0.000 
0.000 0.000 0.028 0.130 0.394 0.779 1.000 0.833 1.000 0.779 0.394 0.130 0.028 0.000 0.000 0.000 0.000 0.000 0.000 0.000 0.000 0.000 0.000 0.000 0.000 0.000 0.000 0.000 0.000 0.000 
0.394 0.130 0.028 0.000 0.000 0.000 0.000 0.000 0.000 0.000 0.000 0.000 0.000 0.000 0.000 0.000 0.000 0.000 0.000 0.000 0.000 0.000 0.000 0.000 0.000 0.028 0.130 0.394 0.779 1.000 
0.000 0.000 0.000 0.000 0.000 0.000 0.000 0.000 0.000 0.000 0.000 0.000 0.000 0.000 0.000 0.028 0.130 0.394 0.779 1.000 0.833 1.000 0.779 0.394 0.130 0.028 0.000 0.000 0.000 0.000 
0.000 0.000 0.000 0.000 0.000 0.028 0.130 0.394 0.779 1.000 0.833 1.000 0.779 0.394 0.130 0.028 0.000 0.000 0.000 0.000 0.000 0.000 0.000 0.000 0.000 0.000 0.000 0.000 0.000 0.000 
# 1 0 30 7
-0.177 -0.513 -0.904 -0.968 -0.629 -0.248 -0.059 
-0.541 -0.922 -0.955 -0.600 -0.229 -0.287 -0.141 
-0.939 -0.940 -0.572 -0.655 -0.266 -0.154 -0.471 
-0.924 -0.967 -0.626 -0.246 -0.169 -0.499 -0.894 
-0.954 -0.598 -0.227 -0.184 -0.527 -0.913 -0.854 
-0.569 -0.209 -0.201 -0.555 -0.474 -0.876 -0.982 
-0.193 -0.218 -0.170 -0.501 -0.896 -0.972 -0.641 
0.000 0.000 0.000 0.000 0.000 0.000 0.000 
0.000 0.000 0.000 0.000 0.000 0.000 0.000 
0.000 0.000 0.000 0.000 0.000 0.000 0.000 
0.000 0.000 0.000 0.000 0.000 0.000 0.000 
0.000 0.000 0.000 0.000 0.000 0.000 0.000 
0.000 0.000 0.000 0.000 0.000 0.000 0.000 
0.000 0.000 0.000 0.000 0.000 0.000 0.000 
0.000 0.000 0.000 0.000 0.000 0.000 0.000 
0.000 0.000 0.000 0.000 0.000 0.000 0.000 
0.000 0.000 0.000 0.000 0.000 0.000 0.000 
0.000 0.000 0.000 0.000 0.000 0.000 0.000 
0.000 0.000 0.000 0.000 0.000 0.000 0.000 
0.000 0.000 0.000 0.000 0.000 0.000 0.000 
0.000 0.000 0.000 0.000 0.000 0.000 0.000 
0.000 0.000 0.000 0.000 0.000 0.000 0.000 
0.000 0.000 0.000 0.000 0.000 0.000 0.000 
0.000 0.000 0.000 0.000 0.000 0.000 0.000 
0.000 0.000 0.000 0.000 0.000 0.000 0.000 
0.000 0.000 0.000 0.000 0.000 0.000 0.000 
0.000 0.000 0.000 0.000 0.000 0.000 0.000 
0.000 0.000 0.000 0.000 0.000 0.000 0.000 
0.000 0.000 0.000 0.000 0.000 0.000 0.000 
0.000 0.000 0.000 0.000 0.000 0.000 0.000 
# 1 2 14 7
-0.149 -0.464 -0.874 -1.000 -0.695 -0.293 -0.075 
-0.280 -0.149 -0.464 -0.874 -1.000 -0.695 -0.293 
-0.678 -0.280 -0.149 -0.464 -0.874 -1.000 -0.695 
-0.995 -0.678 -0.280 -0.149 -0.464 -0.874 -1.000 
-0.887 -0.995 -0.678 -0.280 -0.149 -0.464 -0.874 
-0.480 -0.887 -0.995 -0.678 -0.280 -0.149 -0.464 
-0.158 -0.480 -0.887 -0.995 -0.678 -0.280 -0.149 
0.000 0.000 0.000 0.000 0.000 0.000 0.000 
0.000 0.000 0.000 0.000 0.000 0.000 0.000 
0.000 0.000 0.000 0.000 0.000 0.000 0.000 
0.000 0.000 0.000 0.000 0.000 0.000 0.000 
0.000 0.000 0.000 0.000 0.000 0.000 0.000 
0.000 0.000 0.000 0.000 0.000 0.000 0.000 
0.000 0.000 0.000 0.000 0.000 0.000 0.000 
# 1 3 14 7
-0.149 -0.464 -0.874 -1.000 -0.695 -0.293 -0.075 
-0.280 -0.149 -0.464 -0.874 -1.000 -0.695 -0.293 
-0.678 -0.280 -0.149 -0.464 -0.874 -1.000 -0.695 
-0.995 -0.678 -0.280 -0.149 -0.464 -0.874 -1.000 
-0.887 -0.995 -0.678 -0.280 -0.149 -0.464 -0.874 
-0.480 -0.887 -0.995 -0.678 -0.280 -0.149 -0.464 
-0.158 -0.480 -0.887 -0.995 -0.678 -0.280 -0.149 
0.000 0.000 0.000 0.000 0.000 0.000 0.000 
0.000 0.000 0.000 0.000 0.000 0.000 0.000 
0.000 0.000 0.000 0.000 0.000 0.000 0.000 
0.000 0.000 0.000 0.000 0.000 0.000 0.000 
0.000 0.000 0.000 0.000 0.000 0.000 0.000 
0.000 0.000 0.000 0.000 0.000 0.000 0.000 
0.000 0.000 0.000 0.000 0.000 0.000 0.000 
# 2 0 30 14
-0.018 -0.086 -0.285 -0.633 -0.947 -0.956 -0.650 -0.298 -0.092 -0.019 0.000 0.000 0.000 0.000 
-0.095 -0.304 -0.658 -0.960 -0.943 -0.625 -0.279 -0.084 -0.017 0.000 0.000 0.000 -0.071 -0.014 
-0.324 -0.683 -0.971 -0.929 -0.599 -0.260 -0.076 -0.015 0.000 0.000 -0.231 -0.065 -0.012 -0.053 
-0.708 -0.980 -0.913 -0.574 -0.243 -0.069 -0.013 0.000 -0.531 -0.215 -0.059 -0.011 -0.059 -0.215 
-0.987 -0.897 -0.549 -0.226 -0.063 -0.012 -0.865 -0.507 -0.200 -0.053 -0.012 -0.065 -0.231 -0.557 
-0.878 -0.524 -0.210 -0.057 -0.999 -0.845 -0.482 -0.185 -0.048 -0.014 -0.071 -0.248 -0.582 -0.919 
-0.499 -0.195 -0.817 -1.000 -0.824 -0.458 -0.171 -0.043 -0.016 -0.079 -0.266 -0.607 -0.934 -0.967 
-0.474 -0.839 -0.999 -0.802 -0.434 -0.158 -0.039 -0.018 -0.086 -0.285 -0.633 -0.947 -0.956 -0.650 
-0.859 -0.997 -0.780 -0.411 -0.146 -0.035 -0.020 -0.095 -0.304 -0.658 -0.960 -0.943 -0.110 -0.338 
-0.993 -0.756 -0.388 -0.134 -0.031 -0.022 -0.103 -0.324 -0.683 -0.971 -0.027 -0.120 -0.359 -0.725 
-0.732 -0.366 -0.123 -0.028 -0.025 -0.113 -0.345 -0.708 0.000 -0.030 -0.131 -0.381 -0.749 -0.991 
-0.345 -0.113 -0.025 -0.028 -0.123 -0.366 0.000 0.000 -0.034 -0.142 -0.404 -0.772 -0.996 -0.865 
-0.103 -0.022 -0.031 -0.134 0.000 0.000 0.000 -0.038 -0.154 -0.427 -0.795 -0.999 -0.845 -0.482 
-0.020 -0.035 0.000 0.000 0.000 0.000 -0.042 -0.167 -0.450 -0.817 -1.000 -0.824 -0.458 -0.171 
0.000 0.000 0.000 0.000 0.000 0.000 0.000 0.000 0.000 0.000 0.000 0.000 0.000 0.000 
0.000 0.000 0.000 0.000 0.000 0.000 0.000 0.000 0.000 0.000 0.000 0.000 0.000 0.000 
0.000 0.000 0.000 0.000 0.000 0.000 0.000 0.000 0.000 0.000 0.000 0.000 0.000 0.000 
0.000 0.000 0.000 0.000 0.000 0.000 0.000 0.000 0.000 0.000 0.000 0.000 0.000 0.000 
0.000 0.000 0.000 0.000 0.000 0.000 0.000 0.000 0.000 0.000 0.000 0.000 0.000 0.000 
0.000 0.000 0.000 0.000 0.000 0.000 0.000 0.000 0.000 0.000 0.000 0.000 0.000 0.000 
0.000 0.000 0.000 0.000 0.000 0.000 0.000 0.000 0.000 0.000 0.000 0.000 0.000 0.000 
0.000 0.000 0.000 0.000 0.000 0.000 0.000 0.000 0.000 0.000 0.000 0.000 0.000 0.000 
0.000 0.000 0.000 0.000 0.000 0.000 0.000 0.000 0.000 0.000 0.000 0.000 0.000 0.000 
0.000 0.000 0.000 0.000 0.000 0.000 0.000 0.000 0.000 0.000 0.000 0.000 0.000 0.000 
0.000 0.000 0.000 0.000 0.000 0.000 0.000 0.000 0.000 0.000 0.000 0.000 0.000 0.000 
0.000 0.000 0.000 0.000 0.000 0.000 0.000 0.000 0.000 0.000 0.000 0.000 0.000 0.000 
0.000 0.000 0.000 0.000 0.000 0.000 0.000 0.000 0.000 0.000 0.000 0.000 0.000 0.000 
0.000 0.000 0.000 0.000 0.000 0.000 0.000 0.000 0.000 0.000 0.000 0.000 0.000 0.000 
0.000 0.000 0.000 0.000 0.000 0.000 0.000 0.000 0.000 0.000 0.000 0.000 0.000 0.000 
0.000 0.000 0.000 0.000 0.000 0.000 0.000 0.000 0.000 0.000 0.000 0.000 0.000 0.000 
# 2 1 7 14
-0.027 -0.027 -0.120 -0.361 -0.732 -1.000 -0.920 -0.571 -0.238 -0.067 -0.013 0.000 0.000 0.000 
-0.571 -0.238 -0.067 -0.013 0.000 0.000 0.000 -0.361 -0.120 -0.027 -0.027 -0.120 -0.361 -0.732 
-0.361 -0.120 -0.027 -0.027 -0.120 -0.361 -0.732 -1.000 -0.920 -0.571 -0.238 -0.067 -0.013 0.000 
-1.000 -0.920 -0.571 -0.238 -0.067 -0.013 0.000 -1.000 -0.732 -0.361 -0.120 -0.027 -0.027 -0.120 
-1.000 -0.732 -0.361 -0.120 -0.027 -0.027 -0.120 -0.361 -0.732 -1.000 -0.920 -0.571 -0.238 -0.067 
-0.361 -0.732 -1.000 -0.920 -0.571 -0.238 -0.067 -0.571 -0.920 -1.000 -0.732 -0.361 -0.120 -0.027 
-0.571 -0.920 -1.000 -0.732 -0.361 -0.120 -0.027 -0.027 -0.120 -0.361 -0.732 -1.000 -0.920 -0.571 
# 2 3 14 14
-0.011 -0.059 -0.217 -0.536 -0.892 -1.000 -0.755 -0.384 -0.132 -0.030 0.000 0.000 0.000 0.000 
-0.059 -0.011 -0.059 -0.217 -0.536 -0.892 -1.000 -0.755 -0.384 -0.132 -0.030 0.000 0.000 0.000 
-0.217 -0.059 -0.011 -0.059 -0.217 -0.536 -0.892 -1.000 -0.755 -0.384 -0.132 -0.030 0.000 0.000 
-0.536 -0.217 -0.059 -0.011 -0.059 -0.217 -0.536 -0.892 -1.000 -0.755 -0.384 -0.132 -0.030 0.000 
-0.892 -0.536 -0.217 -0.059 -0.011 -0.059 -0.217 -0.536 -0.892 -1.000 -0.755 -0.384 -0.132 -0.030 
-1.000 -0.892 -0.536 -0.217 -0.059 -0.011 -0.059 -0.217 -0.536 -0.892 -1.000 -0.755 -0.384 -0.132 
-0.755 -1.000 -0.892 -0.536 -0.217 -0.059 -0.011 -0.059 -0.217 -0.536 -0.892 -1.000 -0.755 -0.384 
-0.384 -0.755 -1.000 -0.892 -0.536 -0.217 -0.059 -0.011 -0.059 -0.217 -0.536 -0.892 -1.000 -0.755 
-0.132 -0.384 -0.755 -1.000 -0.892 -0.536 -0.217 -0.059 -0.011 -0.059 -0.217 -0.536 -0.892 -1.000 
-0.030 -0.132 -0.384 -0.755 -1.000 -0.892 -0.536 -0.217 -0.059 -0.011 -0.059 -0.217 -0.536 -0.892 
0.000 -0.030 -0.132 -0.384 -0.755 -1.000 -0.892 -0.536 -0.217 -0.059 -0.011 -0.059 -0.217 -0.536 
0.000 0.000 -0.030 -0.132 -0.384 -0.755 -1.000 -0.892 -0.536 -0.217 -0.059 -0.011 -0.059 -0.217 
0.000 0.000 0.000 -0.030 -0.132 -0.384 -0.755 -1.000 -0.892 -0.536 -0.217 -0.059 -0.011 -0.059 
0.000 0.000 0.000 0.000 -0.030 -0.132 -0.384 -0.755 -1.000 -0.892 -0.536 -0.217 -0.059 -0.011 
# 3 0 30 14
-0.017 -0.084 -0.283 -0.635 -0.951 -0.952 -0.637 -0.285 -0.085 -0.017 0.000 0.000 0.000 0.000 
-0.093 -0.303 -0.660 -0.963 -0.938 -0.611 -0.266 -0.077 -0.015 0.000 0.000 0.000 -0.070 -0.013 
-0.323 -0.686 -0.973 -0.923 -0.585 -0.248 -0.070 -0.013 0.000 0.000 -0.230 -0.063 -0.012 -0.052 
-0.711 -0.982 -0.907 -0.560 -0.231 -0.064 -0.012 0.000 -0.532 -0.213 -0.057 -0.010 -0.057 -0.213 
-0.989 -0.889 -0.534 -0.215 -0.058 -0.010 -0.869 -0.507 -0.198 -0.052 -0.012 -0.063 -0.230 -0.558 
-0.870 -0.509 -0.199 -0.052 -0.998 -0.849 -0.482 -0.183 -0.047 -0.013 -0.070 -0.247 -0.583 -0.922 
-0.484 -0.184 -0.808 -1.000 -0.828 -0.458 -0.169 -0.042 -0.015 -0.077 -0.265 -0.609 -0.937 -0.964 
-0.460 -0.829 -1.000 -0.806 -0.434 -0.156 -0.038 -0.017 -0.084 -0.283 -0.635 -0.951 -0.952 -0.637 
-0.850 -0.998 -0.783 -0.410 -0.144 -0.034 -0.019 -0.093 -0.303 -0.660 -0.963 -0.938 -0.102 -0.324 
-0.994 -0.759 -0.388 -0.132 -0.030 -0.021 -0.102 -0.323 -0.686 -0.973 -0.024 -0.112 -0.345 -0.713 
-0.735 -0.365 -0.121 -0.027 -0.024 -0.111 -0.344 -0.711 0.000 -0.027 -0.122 -0.367 -0.737 -0.990 
-0.344 -0.111 -0.024 -0.027 -0.121 -0.365 0.000 0.000 -0.030 -0.133 -0.389 -0.761 -0.995 -0.869 
-0.102 -0.021 -0.030 -0.132 0.000 0.000 0.000 -0.034 -0.145 -0.412 -0.785 -0.998 -0.849 -0.482 
-0.019 -0.034 0.000 0.000 0.000 0.000 -0.038 -0.157 -0.436 -0.808 -1.000 -0.828 -0.458 -0.169 
0.000 0.000 0.000 0.000 0.000 0.000 0.000 0.000 0.000 0.000 0.000 0.000 0.000 0.000 
0.000 0.000 0.000 0.000 0.000 0.000 0.000 0.000 0.000 0.000 0.000 0.000 0.000 0.000 
0.000 0.000 0.000 0.000 0.000 0.000 0.000 0.000 0.000 0.000 0.000 0.000 0.000 0.000 
0.000 0.000 0.000 0.000 0.000 0.000 0.000 0.000 0.000 0.000 0.000 0.000 0.000 0.000 
0.000 0.000 0.000 0.000 0.000 0.000 0.000 0.000 0.000 0.000 0.000 0.000 0.000 0.000 
0.000 0.000 0.000 0.000 0.000 0.000 0.000 0.000 0.000 0.000 0.000 0.000 0.000 0.000 
0.000 0.000 0.000 0.000 0.000 0.000 0.000 0.000 0.000 0.000 0.000 0.000 0.000 0.000 
0.000 0.000 0.000 0.000 0.000 0.000 0.000 0.000 0.000 0.000 0.000 0.000 0.000 0.000 
0.000 0.000 0.000 0.000 0.000 0.000 0.000 0.000 0.000 0.000 0.000 0.000 0.000 0.000 
0.000 0.000 0.000 0.000 0.000 0.000 0.000 0.000 0.000 0.000 0.000 0.000 0.000 0.000 
0.000 0.000 0.000 0.000 0.000 0.000 0.000 0.000 0.000 0.000 0.000 0.000 0.000 0.000 
0.000 0.000 0.000 0.000 0.000 0.000 0.000 0.000 0.000 0.000 0.000 0.000 0.000 0.000 
0.000 0.000 0.000 0.000 0.000 0.000 0.000 0.000 0.000 0.000 0.000 0.000 0.000 0.000 
0.000 0.000 0.000 0.000 0.000 0.000 0.000 0.000 0.000 0.000 0.000 0.000 0.000 0.000 
0.000 0.000 0.000 0.000 0.000 0.000 0.000 0.000 0.000 0.000 0.000 0.000 0.000 0.000 
0.000 0.000 0.000 0.000 0.000 0.000 0.000 0.000 0.000 0.000 0.000 0.000 0.000 0.000 
# 3 1 7 14
-0.026 -0.026 -0.118 -0.360 -0.733 -1.000 -0.911 -0.555 -0.226 -0.061 -0.011 0.000 0.000 0.000 
-0.555 -0.226 -0.061 -0.011 0.000 0.000 0.000 -0.360 -0.118 -0.026 -0.026 -0.118 -0.360 -0.733 
-0.360 -0.118 -0.026 -0.026 -0.118 -0.360 -0.733 -1.000 -0.911 -0.555 -0.226 -0.061 -0.011 0.000 
-1.000 -0.911 -0.555 -0.226 -0.061 -0.011 0.000 -1.000 -0.733 -0.360 -0.118 -0.026 -0.026 -0.118 
-1.000 -0.733 -0.360 -0.118 -0.026 -0.026 -0.118 -0.360 -0.733 -1.000 -0.911 -0.555 -0.226 -0.061 
-0.360 -0.733 -1.000 -0.911 -0.555 -0.226 -0.061 -0.555 -0.911 -1.000 -0.733 -0.360 -0.118 -0.026 
-0.555 -0.911 -1.000 -0.733 -0.360 -0.118 -0.026 -0.026 -0.118 -0.360 -0.733 -1.000 -0.911 -0.555 
# 3 2 14 14
-0.010 -0.058 -0.216 -0.538 -0.897 -1.000 -0.745 -0.371 -0.123 -0.027 0.000 0.000 0.000 0.000 
-0.058 -0.010 -0.058 -0.216 -0.538 -0.897 -1.000 -0.745 -0.371 -0.123 -0.027 0.000 0.000 0.000 
-0.216 -0.058 -0.010 -0.058 -0.216 -0.538 -0.897 -1.000 -0.745 -0.371 -0.123 -0.027 0.000 0.000 
-0.538 -0.216 -0.058 -0.010 -0.058 -0.216 -0.538 -0.897 -1.000 -0.745 -0.371 -0.123 -0.027 0.000 
-0.897 -0.538 -0.216 -0.058 -0.010 -0.058 -0.216 -0.538 -0.897 -1.000 -0.745 -0.371 -0.123 -0.027 
-1.000 -0.897 -0.538 -0.216 -0.058 -0.010 -0.058 -0.216 -0.538 -0.897 -1.000 -0.745 -0.371 -0.123 
-0.745 -1.000 -0.897 -0.538 -0.216 -0.058 -0.010 -0.058 -0.216 -0.538 -0.897 -1.000 -0.745 -0.371 
-0.371 -0.745 -1.000 -0.897 -0.538 -0.216 -0.058 -0.010 -0.058 -0.216 -0.538 -0.897 -1.000 -0.745 
-0.123 -0.371 -0.745 -1.000 -0.897 -0.538 -0.216 -0.058 -0.010 -0.058 -0.216 -0.538 -0.897 -1.000 
-0.027 -0.123 -0.371 -0.745 -1.000 -0.897 -0.538 -0.216 -0.058 -0.010 -0.058 -0.216 -0.538 -0.897 
0.000 -0.027 -0.123 -0.371 -0.745 -1.000 -0.897 -0.538 -0.216 -0.058 -0.010 -0.058 -0.216 -0.538 
0.000 0.000 -0.027 -0.123 -0.371 -0.745 -1.000 -0.897 -0.538 -0.216 -0.058 -0.010 -0.058 -0.216 
0.000 0.000 0.000 -0.027 -0.123 -0.371 -0.745 -1.000 -0.897 -0.538 -0.216 -0.058 -0.010 -0.058 
0.000 0.000 0.000 0.000 -0.027 -0.123 -0.371 -0.745 -1.000 -0.897 -0.538 -0.216 -0.058 -0.010 
# 4 0 30 10
-0.926 -1.000 -0.925 -0.734 -0.499 -0.290 -0.145 -0.062 -0.023 0.000 
-0.966 -0.926 -1.000 -0.925 -0.734 -0.499 -0.290 -0.145 -0.062 -0.023 
-0.991 -0.966 -0.926 -1.000 -0.925 -0.734 -0.499 -0.290 -0.145 -0.062 
-0.871 -0.991 -0.966 -0.926 -1.000 -0.925 -0.734 -0.499 -0.290 -0.145 
-0.656 -0.871 -0.991 -0.966 -0.926 -1.000 -0.925 -0.734 -0.499 -0.290 
-0.424 -0.656 -0.871 -0.991 -0.966 -0.926 -1.000 -0.925 -0.734 -0.499 
-0.234 -0.424 -0.656 -0.871 -0.991 -0.966 -0.926 -1.000 -0.925 -0.734 
-0.111 -0.234 -0.424 -0.656 -0.871 -0.991 -0.966 -0.926 -1.000 -0.925 
-0.045 -0.111 -0.234 -0.424 -0.656 -0.871 -0.991 -0.966 -0.926 -1.000 
-0.016 -0.045 -0.111 -0.234 -0.424 -0.656 -0.871 -0.991 -0.966 -0.926 
-1.000 -0.976 -0.918 -0.831 -0.724 -0.608 -0.491 -0.414 -0.526 -0.643 
-0.911 -0.821 -0.713 -0.596 -0.480 -0.425 -0.538 -0.655 -0.769 -0.869 
-0.702 -0.584 -0.469 -0.435 -0.549 -0.667 -0.780 -0.878 -0.951 -0.993 
-0.458 -0.446 -0.561 -0.679 -0.790 -0.886 -0.957 -0.995 -0.996 -0.960 
-0.573 -0.690 -0.801 -0.895 -0.962 -0.997 -0.994 -0.954 -0.882 -0.785 
-0.811 -0.903 -0.967 -0.998 -0.991 -0.948 -0.873 -0.774 -0.661 -0.273 
-0.972 -0.999 -0.989 -0.942 -0.864 -0.763 -0.203 -0.282 -0.377 -0.486 
-0.986 -0.936 -0.855 -0.146 -0.210 -0.291 -0.387 -0.497 -0.614 -0.730 
-0.102 -0.152 -0.217 -0.300 -0.398 -0.509 -0.626 -0.741 -0.846 -0.929 
-0.225 -0.309 -0.409 -0.520 -0.638 -0.752 -0.855 -0.936 -0.986 -1.000 
-0.419 -0.532 -0.649 -0.763 -0.864 -0.942 -0.989 -0.999 -0.972 -0.911 
-0.661 -0.774 -0.873 -0.948 -0.991 -0.998 -0.967 -0.903 -0.811 -0.702 
-0.882 -0.954 -0.994 -0.997 -0.962 -0.895 -0.801 -0.690 -0.573 -0.458 
-0.996 -0.995 -0.957 -0.886 -0.790 -0.679 -0.561 -0.446 -0.458 -0.573 
-0.951 -0.878 -0.780 -0.667 -0.549 -0.435 -0.469 -0.584 -0.702 0.000 
-0.769 -0.655 -0.538 -0.425 -0.480 -0.596 0.000 0.000 0.000 -0.013 
-0.526 -0.414 -0.491 0.000 0.000 0.000 0.000 -0.014 -0.023 -0.039 
0.000 0.000 0.000 0.000 0.000 0.000 0.000 0.000 0.000 0.000 
0.000 0.000 0.000 0.000 0.000 0.000 0.000 0.000 0.000 0.000 
0.000 0.000 0.000 0.000 0.000 0.000 0.000 0.000 0.000 0.000 
# 4 1 7 10
-0.597 -0.480 -0.425 -0.538 -0.656 -0.770 -0.870 -0.946 -0.991 -1.000 
-0.946 -0.991 -1.000 -0.971 -0.907 -0.817 -0.708 -0.591 -0.475 -0.367 
-0.591 -0.475 -0.367 -0.274 -0.196 -0.136 -0.090 -0.058 -0.036 -0.021 
-0.058 -0.036 -0.021 -0.012 0.000 0.000 -0.991 -0.946 -0.870 -0.770 
-0.946 -0.870 -0.770 -0.656 -0.538 -0.425 -0.480 -0.597 -0.714 -0.822 
-0.597 -0.714 -0.822 -0.911 -0.973 -1.000 -0.990 -0.943 -0.865 -0.764 
-0.943 -0.865 -0.764 -0.650 -0.532 -0.420 -0.319 -0.233 -0.164 -0.111 
# 4 2 14 10
-0.597 -0.480 -0.425 -0.538 -0.656 -0.770 -0.870 -0.946 -0.991 -1.000 
-0.591 -0.475 -0.367 -0.274 -0.196 -0.136 -0.090 -0.058 -0.036 -0.021 
-0.946 -0.870 -0.770 -0.656 -0.538 -0.425 -0.480 -0.597 -0.714 -0.822 
-0.943 -0.865 -0.764 -0.650 -0.532 -0.420 -0.319 -0.233 -0.164 -0.111 
-0.943 -0.990 -1.000 -0.973 -0.911 -0.822 -0.714 -0.597 -0.480 -0.425 
-0.946 -0.991 -1.000 -0.971 -0.907 -0.817 -0.708 -0.591 -0.475 -0.367 
-0.591 -0.708 -0.817 -0.907 -0.971 -1.000 -0.991 -0.946 -0.870 -0.770 
-0.597 -0.714 -0.822 -0.911 -0.973 -1.000 -0.990 -0.943 -0.865 -0.764 
-0.233 -0.319 -0.420 -0.532 -0.650 -0.764 -0.865 -0.943 -0.990 -1.000 
-0.597 -0.480 -0.425 -0.538 -0.656 -0.770 -0.870 -0.946 -0.991 0.000 
-0.058 -0.090 -0.136 -0.196 -0.274 -0.367 -0.475 -0.591 -0.708 -0.817 
-0.946 -0.870 -0.770 -0.656 -0.538 -0.425 -0.480 -0.597 0.000 0.000 
0.000 0.000 0.000 0.000 0.000 0.000 0.000 0.000 0.000 0.000 
0.000 0.000 0.000 0.000 0.000 0.000 0.000 0.000 0.000 0.000 
# 4 3 14 10
-0.597 -0.480 -0.425 -0.538 -0.656 -0.770 -0.870 -0.946 -0.991 -1.000 
-0.591 -0.475 -0.367 -0.274 -0.196 -0.136 -0.090 -0.058 -0.036 -0.021 
-0.946 -0.870 -0.770 -0.656 -0.538 -0.425 -0.480 -0.597 -0.714 -0.822 
-0.943 -0.865 -0.764 -0.650 -0.532 -0.420 -0.319 -0.233 -0.164 -0.111 
-0.943 -0.990 -1.000 -0.973 -0.911 -0.822 -0.714 -0.597 -0.480 -0.425 
-0.946 -0.991 -1.000 -0.971 -0.907 -0.817 -0.708 -0.591 -0.475 -0.367 
-0.591 -0.708 -0.817 -0.907 -0.971 -1.000 -0.991 -0.946 -0.870 -0.770 
-0.597 -0.714 -0.822 -0.911 -0.973 -1.000 -0.990 -0.943 -0.865 -0.764 
-0.233 -0.319 -0.420 -0.532 -0.650 -0.764 -0.865 -0.943 -0.990 -1.000 
-0.597 -0.480 -0.425 -0.538 -0.656 -0.770 -0.870 -0.946 -0.991 0.000 
-0.058 -0.090 -0.136 -0.196 -0.274 -0.367 -0.475 -0.591 -0.708 -0.817 
-0.946 -0.870 -0.770 -0.656 -0.538 -0.425 -0.480 -0.597 0.000 0.000 
0.000 0.000 0.000 0.000 0.000 0.000 0.000 0.000 0.000 0.000 
0.000 0.000 0.000 0.000 0.000 0.000 0.000 0.000 0.000 0.000 
