2.041175
4
# 0 1 25 30
0.057 0.184 0.517 0.901 0.974 0.653 0.271 0.070 0.011 0.000 0.000 0.000 0.000 0.000 0.000 0.000 0.000 0.000 0.000 0.000 0.000 0.000 0.000 0.000 0.000 0.000 0.000 0.000 0.000 0.000 
0.000 0.000 0.000 0.000 0.000 0.294 0.079 0.141 0.437 0.838 0.996 0.735 0.336 0.095 0.017 0.000 0.000 0.000 0.000 0.000 0.000 0.000 0.000 0.000 0.000 0.000 0.000 0.000 0.000 0.000 
0.000 0.000 0.000 0.000 0.000 0.000 0.000 0.000 0.000 0.000 0.764 0.362 0.106 0.106 0.362 0.764 1.000 0.811 0.408 0.127 0.025 0.000 0.000 0.000 0.000 0.000 0.000 0.000 0.000 0.000 
0.000 0.000 0.000 0.000 0.000 0.000 0.000 0.000 0.000 0.000 0.000 0.000 0.000 0.000 0.000 0.996 0.838 0.437 0.141 0.079 0.294 0.684 0.985 0.879 0.486 0.167 0.035 0.000 0.000 0.000 
0.167 0.035 0.000 0.000 0.000 0.000 0.000 0.000 0.000 0.000 0.000 0.000 0.000 0.000 0.000 0.000 0.000 0.000 0.000 0.000 0.653 0.974 0.901 0.517 0.184 0.057 0.235 0.600 0.951 0.934 
0.057 0.235 0.600 0.951 0.934 0.569 0.215 0.050 0.000 0.000 0.000 0.000 0.000 0.000 0.000 0.000 0.000 0.000 0.000 0.000 0.000 0.000 0.000 0.000 0.000 0.215 0.569 0.934 0.951 0.600 
0.215 0.569 0.934 0.951 0.600 0.235 0.057 0.184 0.517 0.901 0.974 0.653 0.271 0.070 0.011 0.000 0.000 0.000 0.000 0.000 0.000 0.000 0.000 0.000 0.000 0.000 0.000 0.000 0.000 0.000 
0.000 0.000 0.000 0.000 0.000 0.035 0.167 0.486 0.879 0.985 0.684 0.294 0.079 0.141 0.437 0.838 0.996 0.735 0.336 0.095 0.017 0.000 0.000 0.000 0.000 0.000 0.000 0.000 0.000 0.000 
0.000 0.000 0.000 0.000 0.000 0.000 0.000 0.000 0.000 0.000 0.000 0.025 0.127 0.408 0.811 1.000 0.764 0.362 0.106 0.106 0.362 0.764 1.000 0.811 0.408 0.127 0.025 0.000 0.000 0.000 
0.127 0.025 0.000 0.000 0.000 0.000 0.000 0.000 0.000 0.000 0.000 0.000 0.000 0.000 0.000 0.000 0.000 0.017 0.095 0.336 0.735 0.996 0.838 0.437 0.141 0.079 0.294 0.684 0.985 0.879 
0.079 0.294 0.684 0.985 0.879 0.486 0.167 0.035 0.000 0.000 0.000 0.000 0.000 0.000 0.000 0.000 0.000 0.000 0.000 0.000 0.000 0.000 0.000 0.011 0.070 0.271 0.653 0.974 0.901 0.517 
0.271 0.653 0.974 0.901 0.517 0.184 0.057 0.235 0.600 0.951 0.934 0.569 0.215 0.050 0.000 0.000 0.000 0.000 0.000 0.000 0.000 0.000 0.000 0.000 0.000 0.000 0.000 0.000 0.000 0.000 
0.000 0.000 0.000 0.000 0.000 0.050 0.215 0.569 0.934 0.951 0.600 0.235 0.057 0.184 0.517 0.901 0.974 0.653 0.271 0.070 0.011 0.000 0.000 0.000 0.000 0.000 0.000 0.000 0.000 0.000 
0.000 0.000 0.000 0.000 0.000 0.000 0.000 0.000 0.000 0.000 0.000 0.035 0.167 0.486 0.879 0.985 0.684 0.294 0.079 0.141 0.437 0.838 0.996 0.735 0.336 0.095 0.017 0.000 0.000 0.000 
0.095 0.017 0.000 0.000 0.000 0.000 0.000 0.000 0.000 0.000 0.000 0.000 0.000 0.000 0.000 0.000 0.000 0.025 0.127 0.408 0.811 1.000 0.764 0.362 0.106 0.106 0.362 0.764 1.000 0.811 
0.106 0.362 0.764 1.000 0.811 0.408 0.127 0.025 0.000 0.000 0.000 0.000 0.000 0.000 0.000 0.000 0.000 0.000 0.000 0.000 0.000 0.000 0.000 0.017 0.095 0.336 0.735 0.996 0.838 0.437 
0.336 0.735 0.996 0.838 0.437 0.141 0.079 0.294 0.684 0.985 0.879 0.486 0.167 0.035 0.000 0.000 0.000 0.000 0.000 0.000 0.000 0.000 0.000 0.000 0.000 0.000 0.000 0.000 0.000 0.011 
0.000 0.000 0.000 0.000 0.011 0.070 0.271 0.653 0.974 0.901 0.517 0.184 0.057 0.235 0.600 0.951 0.934 0.569 0.215 0.050 0.000 0.000 0.000 0.000 0.000 0.000 0.000 0.000 0.000 0.000 
0.000 0.000 0.000 0.000 0.000 0.000 0.000 0.000 0.000 0.000 0.000 0.050 0.215 0.569 0.934 0.951 0.600 0.235 0.057 0.184 0.517 0.901 0.974 0.653 0.271 0.070 0.011 0.000 0.000 0.000 
0.070 0.011 0.000 0.000 0.000 0.000 0.000 0.000 0.000 0.000 0.000 0.000 0.000 0.000 0.000 0.000 0.000 0.035 0.167 0.486 0.879 0.985 0.684 0.294 0.079 0.141 0.437 0.838 0.996 0.735 
0.141 0.437 0.838 0.996 0.735 0.336 0.095 0.017 0.000 0.000 0.000 0.000 0.000 0.000 0.000 0.000 0.000 0.000 0.000 0.000 0.000 0.000 0.000 0.025 0.127 0.408 0.811 1.000 0.764 0.362 
0.408 0.811 1.000 0.764 0.362 0.106 0.106 0.362 0.764 1.000 0.811 0.408 0.127 0.025 0.000 0.000 0.000 0.000 0.000 0.000 0.000 0.000 0.000 0.000 0.000 0.000 0.000 0.000 0.000 0.017 
0.000 0.000 0.000 0.000 0.017 0.095 0.336 0.735 0.996 0.838 0.437 0.141 0.079 0.294 0.684 0.985 0.879 0.486 0.167 0.035 0.000 0.000 0.000 0.000 0.000 0.000 0.000 0.000 0.000 0.000 
0.000 0.000 0.000 0.000 0.000 0.000 0.000 0.000 0.000 0.000 0.011 0.070 0.271 0.653 0.974 0.901 0.517 0.184 0.057 0.235 0.600 0.951 0.934 0.569 0.215 0.000 0.000 0.000 0.000 0.000 
0.000 0.000 0.000 0.000 0.000 0.000 0.000 0.000 0.000 0.000 0.000 0.000 0.000 0.000 0.000 0.000 0.000 0.050 0.215 0.569 0.934 0.951 0.600 0.235 0.057 0.184 0.517 0.901 0.974 0.653 
# 0 2 26 30
0.055 0.189 0.526 0.907 0.970 0.643 0.264 0.067 0.011 0.000 0.000 0.000 0.000 0.000 0.000 0.000 0.000 0.000 0.000 0.000 0.000 0.000 0.000 0.000 0.000 0.000 0.000 0.000 0.000 0.000 
0.000 0.000 0.000 0.000 0.272 0.070 0.155 0.463 0.860 0.990 0.706 0.312 0.086 0.015 0.000 0.000 0.000 0.000 0.000 0.000 0.000 0.000 0.000 0.000 0.000 0.000 0.000 0.000 0.000 0.000 
0.000 0.000 0.000 0.000 0.000 0.000 0.000 0.000 0.718 0.322 0.089 0.125 0.404 0.807 0.999 0.767 0.365 0.108 0.020 0.000 0.000 0.000 0.000 0.000 0.000 0.000 0.000 0.000 0.000 0.000 
0.000 0.000 0.000 0.000 0.000 0.000 0.000 0.000 0.000 0.000 0.000 0.000 1.000 0.778 0.375 0.112 0.100 0.348 0.748 0.998 0.825 0.422 0.134 0.026 0.000 0.000 0.000 0.000 0.000 0.000 
0.000 0.000 0.000 0.000 0.000 0.000 0.000 0.000 0.000 0.000 0.000 0.000 0.000 0.000 0.000 0.000 0.737 0.996 0.834 0.433 0.139 0.079 0.296 0.686 0.985 0.876 0.483 0.165 0.035 0.000 
0.483 0.165 0.035 0.000 0.000 0.000 0.000 0.000 0.000 0.000 0.000 0.000 0.000 0.000 0.000 0.000 0.000 0.000 0.000 0.000 0.288 0.675 0.981 0.885 0.494 0.171 0.062 0.250 0.622 0.961 
0.062 0.250 0.622 0.961 0.920 0.546 0.201 0.046 0.000 0.000 0.000 0.000 0.000 0.000 0.000 0.000 0.000 0.000 0.000 0.000 0.000 0.000 0.000 0.000 0.059 0.242 0.610 0.955 0.927 0.558 
0.610 0.955 0.927 0.558 0.208 0.048 0.208 0.558 0.927 0.955 0.610 0.242 0.059 0.000 0.000 0.000 0.000 0.000 0.000 0.000 0.000 0.000 0.000 0.000 0.000 0.000 0.000 0.000 0.000 0.046 
0.000 0.000 0.000 0.046 0.201 0.546 0.920 0.961 0.622 0.250 0.062 0.171 0.494 0.885 0.981 0.675 0.288 0.076 0.012 0.000 0.000 0.000 0.000 0.000 0.000 0.000 0.000 0.000 0.000 0.000 
0.000 0.000 0.000 0.000 0.000 0.000 0.000 0.000 0.035 0.165 0.483 0.876 0.985 0.686 0.296 0.079 0.139 0.433 0.834 0.996 0.737 0.338 0.096 0.017 0.000 0.000 0.000 0.000 0.000 0.000 
0.000 0.000 0.000 0.000 0.000 0.000 0.000 0.000 0.000 0.000 0.000 0.000 0.000 0.026 0.134 0.422 0.825 0.998 0.748 0.348 0.100 0.112 0.375 0.778 1.000 0.797 0.393 0.120 0.023 0.000 
0.393 0.120 0.023 0.000 0.000 0.000 0.000 0.000 0.000 0.000 0.000 0.000 0.000 0.000 0.000 0.000 0.000 0.000 0.020 0.108 0.365 0.767 0.999 0.807 0.404 0.125 0.089 0.322 0.718 0.993 
0.089 0.322 0.718 0.993 0.851 0.452 0.149 0.030 0.000 0.000 0.000 0.000 0.000 0.000 0.000 0.000 0.000 0.000 0.000 0.000 0.000 0.000 0.000 0.015 0.086 0.312 0.706 0.990 0.860 0.463 
0.706 0.990 0.860 0.463 0.155 0.070 0.272 0.654 0.974 0.899 0.514 0.182 0.040 0.000 0.000 0.000 0.000 0.000 0.000 0.000 0.000 0.000 0.000 0.000 0.000 0.000 0.000 0.000 0.011 0.067 
0.000 0.000 0.011 0.067 0.264 0.643 0.970 0.907 0.526 0.189 0.055 0.228 0.590 0.945 0.939 0.578 0.221 0.052 0.000 0.000 0.000 0.000 0.000 0.000 0.000 0.000 0.000 0.000 0.000 0.000 
0.000 0.000 0.000 0.000 0.000 0.000 0.000 0.000 0.052 0.221 0.578 0.939 0.945 0.590 0.228 0.055 0.189 0.526 0.907 0.970 0.643 0.264 0.067 0.011 0.000 0.000 0.000 0.000 0.000 0.000 
0.000 0.000 0.000 0.000 0.000 0.000 0.000 0.000 0.000 0.000 0.000 0.000 0.000 0.040 0.182 0.514 0.899 0.974 0.654 0.272 0.070 0.155 0.463 0.860 0.990 0.706 0.312 0.086 0.015 0.000 
0.312 0.086 0.015 0.000 0.000 0.000 0.000 0.000 0.000 0.000 0.000 0.000 0.000 0.000 0.000 0.000 0.000 0.000 0.030 0.149 0.452 0.851 0.993 0.718 0.322 0.089 0.125 0.404 0.807 0.999 
0.125 0.404 0.807 0.999 0.767 0.365 0.108 0.020 0.000 0.000 0.000 0.000 0.000 0.000 0.000 0.000 0.000 0.000 0.000 0.000 0.000 0.000 0.000 0.023 0.120 0.393 0.797 1.000 0.778 0.375 
0.797 1.000 0.778 0.375 0.112 0.100 0.348 0.748 0.998 0.825 0.422 0.134 0.026 0.000 0.000 0.000 0.000 0.000 0.000 0.000 0.000 0.000 0.000 0.000 0.000 0.000 0.000 0.000 0.017 0.096 
0.000 0.000 0.017 0.096 0.338 0.737 0.996 0.834 0.433 0.139 0.079 0.296 0.686 0.985 0.876 0.483 0.165 0.035 0.000 0.000 0.000 0.000 0.000 0.000 0.000 0.000 0.000 0.000 0.000 0.000 
0.000 0.000 0.000 0.000 0.000 0.000 0.000 0.012 0.076 0.288 0.675 0.981 0.885 0.494 0.171 0.062 0.250 0.622 0.961 0.920 0.546 0.201 0.046 0.000 0.000 0.000 0.000 0.000 0.000 0.000 
0.000 0.000 0.000 0.000 0.000 0.000 0.000 0.000 0.000 0.000 0.000 0.000 0.000 0.059 0.242 0.610 0.955 0.927 0.558 0.208 0.048 0.208 0.558 0.927 0.955 0.610 0.242 0.059 0.000 0.000 
0.242 0.059 0.000 0.000 0.000 0.000 0.000 0.000 0.000 0.000 0.000 0.000 0.000 0.000 0.000 0.000 0.000 0.000 0.046 0.201 0.546 0.920 0.961 0.622 0.250 0.062 0.171 0.494 0.885 0.981 
0.171 0.494 0.885 0.981 0.675 0.288 0.000 0.000 0.000 0.000 0.000 0.000 0.000 0.000 0.000 0.000 0.000 0.000 0.000 0.000 0.000 0.000 0.000 0.035 0.165 0.483 0.876 0.985 0.686 0.296 
0.876 0.985 0.686 0.296 0.079 0.139 0.433 0.834 0.996 0.737 0.000 0.000 0.000 0.000 0.000 0.000 0.000 0.000 0.000 0.000 0.000 0.000 0.000 0.000 0.000 0.000 0.000 0.000 0.026 0.134 
# 0 3 10 30
0.218 0.050 0.218 0.584 0.970 1.000 0.639 0.253 0.062 0.000 0.000 0.000 0.000 0.000 0.000 0.000 0.000 0.000 0.000 0.000 0.000 0.000 0.000 0.000 0.000 0.000 0.000 0.000 0.000 0.000 
0.000 0.000 0.000 0.000 0.000 0.000 0.000 0.000 0.000 0.000 0.000 0.000 0.000 0.000 0.000 0.000 0.000 0.000 0.000 0.000 1.000 0.970 0.584 0.218 0.050 0.218 0.584 0.970 1.000 0.639 
0.000 0.000 0.000 0.000 0.000 0.000 0.000 0.000 0.000 0.000 1.000 0.970 0.584 0.218 0.050 0.218 0.584 0.970 1.000 0.639 0.253 0.062 0.000 0.000 0.000 0.000 0.000 0.000 0.000 0.000 
1.000 0.970 0.584 0.218 0.050 0.218 0.584 0.970 1.000 0.639 0.253 0.062 0.000 0.000 0.000 0.000 0.000 0.000 0.000 0.000 0.000 0.000 0.000 0.000 0.000 0.000 0.000 0.000 0.000 0.000 
0.253 0.062 0.000 0.000 0.000 0.000 0.000 0.000 0.000 0.000 0.000 0.000 0.000 0.000 0.000 0.000 0.000 0.000 0.000 0.000 0.062 0.253 0.639 1.000 0.970 0.584 0.218 0.050 0.218 0.584 
0.000 0.000 0.000 0.000 0.000 0.000 0.000 0.000 0.000 0.000 0.062 0.253 0.639 1.000 0.970 0.584 0.218 0.050 0.218 0.584 0.970 1.000 0.639 0.253 0.062 0.000 0.000 0.000 0.000 0.000 
0.062 0.253 0.639 1.000 0.970 0.584 0.218 0.050 0.218 0.584 0.970 1.000 0.639 0.253 0.062 0.000 0.000 0.000 0.000 0.000 0.000 0.000 0.000 0.000 0.000 0.000 0.000 0.000 0.000 0.000 
0.970 1.000 0.639 0.253 0.062 0.000 0.000 0.000 0.000 0.000 0.000 0.000 0.000 0.000 0.000 0.000 0.000 0.000 0.000 0.000 0.000 0.000 0.000 0.062 0.253 0.639 1.000 0.970 0.584 0.218 
0.000 0.000 0.000 0.000 0.000 0.000 0.000 0.000 0.000 0.000 0.000 0.000 0.000 0.062 0.253 0.639 1.000 0.970 0.584 0.218 0.050 0.218 0.584 0.970 1.000 0.639 0.253 0.062 0.000 0.000 
0.000 0.000 0.000 0.062 0.253 0.639 1.000 0.970 0.584 0.218 0.050 0.218 0.584 0.970 1.000 0.639 0.253 0.062 0.000 0.000 0.000 0.000 0.000 0.000 0.000 0.000 0.000 0.000 0.000 0.000 
# 1 0 30 25
0.326 0.438 0.561 0.688 0.808 0.907 0.973 1.000 0.982 0.923 0.830 0.714 0.588 0.462 0.348 0.251 0.173 0.114 0.072 0.043 0.025 0.014 0.000 0.000 0.000 
0.826 0.920 0.981 1.000 0.975 0.910 0.812 0.693 0.566 0.442 0.331 0.236 0.162 0.106 0.066 0.040 0.023 0.012 0.000 0.000 0.498 0.380 0.362 0.478 0.604 
0.967 0.896 0.793 0.672 0.545 0.423 0.314 0.223 0.151 0.098 0.061 0.036 0.021 0.011 0.000 0.604 0.478 0.362 0.380 0.498 0.625 0.750 0.860 0.945 0.992 
0.524 0.404 0.297 0.209 0.141 0.091 0.056 0.033 0.019 0.010 0.709 0.582 0.458 0.344 0.399 0.519 0.646 0.769 0.877 0.955 0.996 0.993 0.947 0.864 0.755 
0.131 0.084 0.051 0.030 0.017 0.808 0.688 0.561 0.438 0.326 0.418 0.540 0.667 0.789 0.892 0.965 0.998 0.988 0.936 0.848 0.735 0.609 0.483 0.366 0.266 
0.892 0.789 0.667 0.540 0.418 0.326 0.438 0.561 0.688 0.808 0.907 0.973 1.000 0.982 0.923 0.830 0.714 0.588 0.462 0.348 0.251 0.173 0.114 0.072 0.043 
0.399 0.344 0.458 0.582 0.709 0.826 0.920 0.981 1.000 0.975 0.910 0.812 0.693 0.566 0.442 0.331 0.236 0.162 0.106 0.066 0.992 0.945 0.860 0.750 0.625 
0.730 0.843 0.933 0.987 0.999 0.967 0.896 0.793 0.672 0.545 0.423 0.314 0.223 0.151 0.098 0.999 0.987 0.933 0.843 0.730 0.604 0.478 0.362 0.380 0.498 
0.997 0.958 0.880 0.774 0.651 0.524 0.404 0.297 0.209 0.141 0.975 1.000 0.981 0.920 0.826 0.709 0.582 0.458 0.344 0.399 0.519 0.646 0.769 0.877 0.955 
0.630 0.503 0.385 0.281 0.197 0.923 0.982 1.000 0.973 0.907 0.808 0.688 0.561 0.438 0.326 0.418 0.540 0.667 0.789 0.892 0.965 0.998 0.988 0.936 0.848 
0.848 0.936 0.988 0.998 0.965 0.892 0.789 0.667 0.540 0.418 0.326 0.438 0.561 0.688 0.808 0.907 0.973 1.000 0.982 0.923 0.830 0.714 0.588 0.462 0.348 
0.955 0.877 0.769 0.646 0.519 0.399 0.344 0.458 0.582 0.709 0.826 0.920 0.981 1.000 0.975 0.910 0.812 0.693 0.566 0.442 0.651 0.774 0.880 0.958 0.997 
0.498 0.380 0.362 0.478 0.604 0.730 0.843 0.933 0.987 0.999 0.967 0.896 0.793 0.672 0.545 0.545 0.672 0.793 0.896 0.967 0.999 0.987 0.933 0.843 0.730 
0.625 0.750 0.860 0.945 0.992 0.997 0.958 0.880 0.774 0.651 0.442 0.566 0.693 0.812 0.910 0.975 1.000 0.981 0.920 0.826 0.709 0.582 0.458 0.344 0.399 
0.996 0.993 0.947 0.864 0.755 0.348 0.462 0.588 0.714 0.830 0.923 0.982 1.000 0.973 0.907 0.808 0.688 0.561 0.438 0.326 0.418 0.540 0.667 0.789 0.892 
0.266 0.366 0.483 0.609 0.735 0.848 0.936 0.988 0.998 0.965 0.892 0.789 0.667 0.540 0.418 0.326 0.438 0.561 0.688 0.808 0.907 0.973 1.000 0.982 0.923 
0.755 0.864 0.947 0.993 0.996 0.955 0.877 0.769 0.646 0.519 0.399 0.344 0.458 0.582 0.709 0.826 0.920 0.981 1.000 0.975 0.141 0.209 0.297 0.404 0.524 
0.992 0.945 0.860 0.750 0.625 0.498 0.380 0.362 0.478 0.604 0.730 0.843 0.933 0.987 0.999 0.098 0.151 0.223 0.314 0.423 0.545 0.672 0.793 0.896 0.967 
0.604 0.478 0.362 0.380 0.498 0.625 0.750 0.860 0.945 0.992 0.066 0.106 0.162 0.236 0.331 0.442 0.566 0.693 0.812 0.910 0.975 1.000 0.981 0.920 0.826 
0.519 0.646 0.769 0.877 0.955 0.043 0.072 0.114 0.173 0.251 0.348 0.462 0.588 0.714 0.830 0.923 0.982 1.000 0.973 0.907 0.808 0.688 0.561 0.438 0.326 
0.027 0.047 0.078 0.122 0.184 0.266 0.366 0.483 0.609 0.735 0.848 0.936 0.988 0.998 0.965 0.892 0.789 0.667 0.540 0.418 0.326 0.438 0.561 0.688 0.808 
0.197 0.281 0.385 0.503 0.630 0.755 0.864 0.947 0.993 0.996 0.955 0.877 0.769 0.646 0.519 0.399 0.344 0.458 0.582 0.709 0.010 0.019 0.033 0.056 0.091 
0.651 0.774 0.880 0.958 0.997 0.992 0.945 0.860 0.750 0.625 0.498 0.380 0.362 0.478 0.604 0.000 0.011 0.021 0.036 0.061 0.098 0.151 0.223 0.314 0.423 
0.999 0.987 0.933 0.843 0.730 0.604 0.478 0.362 0.380 0.498 0.000 0.000 0.012 0.023 0.040 0.066 0.106 0.162 0.236 0.331 0.442 0.566 0.693 0.812 0.910 
0.709 0.582 0.458 0.344 0.399 0.000 0.000 0.000 0.014 0.025 0.043 0.072 0.114 0.173 0.251 0.348 0.462 0.588 0.714 0.830 0.923 0.982 1.000 0.973 0.907 
0.000 0.000 0.000 0.000 0.000 0.000 0.000 0.000 0.000 0.000 0.000 0.000 0.000 0.000 0.000 0.000 0.000 0.000 0.000 0.000 0.000 0.000 0.000 0.000 0.000 
0.000 0.000 0.000 0.000 0.000 0.000 0.000 0.000 0.000 0.000 0.000 0.000 0.000 0.000 0.000 0.000 0.000 0.000 0.000 0.000 0.000 0.000 0.000 0.000 0.000 
0.000 0.000 0.000 0.000 0.000 0.000 0.000 0.000 0.000 0.000 0.000 0.000 0.000 0.000 0.000 0.000 0.000 0.000 0.000 0.000 0.000 0.000 0.000 0.000 0.000 
0.000 0.000 0.000 0.000 0.000 0.000 0.000 0.000 0.000 0.000 0.000 0.000 0.000 0.000 0.000 0.000 0.000 0.000 0.000 0.000 0.000 0.000 0.000 0.000 0.000 
0.000 0.000 0.000 0.000 0.000 0.000 0.000 0.000 0.000 0.000 0.000 0.000 0.000 0.000 0.000 0.000 0.000 0.000 0.000 0.000 0.000 0.000 0.000 0.000 0.000 
# 1 2 26 25
0.320 0.430 0.553 0.680 0.800 0.901 0.970 0.999 0.985 0.928 0.837 0.722 0.596 0.470 0.355 0.256 0.177 0.117 0.074 0.045 0.026 0.014 0.000 0.000 0.000 
0.324 0.435 0.558 0.685 0.805 0.904 0.972 1.000 0.983 0.925 0.833 0.717 0.591 0.466 0.351 0.253 0.175 0.115 0.073 0.044 0.025 0.014 0.000 0.000 0.538 
0.328 0.439 0.563 0.690 0.809 0.908 0.974 1.000 0.982 0.922 0.829 0.712 0.586 0.461 0.347 0.250 0.172 0.113 0.071 0.043 0.025 0.014 0.000 0.661 0.533 
0.332 0.444 0.568 0.695 0.813 0.911 0.976 1.000 0.980 0.919 0.825 0.708 0.581 0.456 0.343 0.246 0.169 0.111 0.070 0.042 0.024 0.013 0.778 0.656 0.529 
0.336 0.448 0.572 0.699 0.817 0.914 0.977 1.000 0.979 0.916 0.821 0.703 0.576 0.452 0.339 0.243 0.167 0.109 0.069 0.041 0.024 0.880 0.774 0.651 0.524 
0.340 0.453 0.577 0.704 0.822 0.917 0.979 1.000 0.977 0.913 0.816 0.698 0.571 0.447 0.335 0.240 0.164 0.108 0.067 0.040 0.955 0.877 0.769 0.646 0.519 
0.344 0.457 0.582 0.709 0.826 0.920 0.981 1.000 0.975 0.910 0.812 0.693 0.566 0.442 0.331 0.236 0.162 0.106 0.066 0.995 0.953 0.873 0.765 0.641 0.514 
0.348 0.462 0.587 0.714 0.830 0.923 0.982 1.000 0.973 0.907 0.808 0.689 0.561 0.438 0.327 0.233 0.159 0.104 0.995 0.994 0.950 0.869 0.760 0.636 0.509 
0.352 0.467 0.592 0.718 0.834 0.926 0.984 1.000 0.972 0.903 0.804 0.684 0.556 0.433 0.323 0.230 0.157 0.955 0.996 0.993 0.948 0.865 0.756 0.631 0.505 
0.356 0.471 0.597 0.723 0.838 0.929 0.985 0.999 0.970 0.900 0.799 0.679 0.552 0.429 0.319 0.227 0.879 0.957 0.996 0.992 0.945 0.862 0.751 0.626 0.500 
0.360 0.476 0.602 0.728 0.842 0.932 0.986 0.999 0.968 0.897 0.795 0.674 0.547 0.424 0.315 0.777 0.883 0.959 0.997 0.991 0.943 0.858 0.747 0.622 0.495 
0.364 0.481 0.607 0.733 0.846 0.935 0.988 0.999 0.966 0.893 0.791 0.669 0.542 0.420 0.659 0.782 0.886 0.961 0.998 0.990 0.940 0.854 0.742 0.617 0.490 
0.369 0.486 0.612 0.737 0.850 0.937 0.989 0.998 0.964 0.890 0.786 0.664 0.537 0.537 0.664 0.786 0.890 0.964 0.998 0.989 0.937 0.850 0.737 0.612 0.486 
0.373 0.490 0.617 0.742 0.854 0.940 0.990 0.998 0.961 0.886 0.782 0.659 0.420 0.542 0.669 0.791 0.893 0.966 0.999 0.988 0.935 0.846 0.733 0.607 0.481 
0.377 0.495 0.622 0.747 0.858 0.943 0.991 0.997 0.959 0.883 0.777 0.315 0.424 0.547 0.674 0.795 0.897 0.968 0.999 0.986 0.932 0.842 0.728 0.602 0.476 
0.381 0.500 0.626 0.751 0.862 0.945 0.992 0.996 0.957 0.879 0.227 0.319 0.429 0.552 0.679 0.799 0.900 0.970 0.999 0.985 0.929 0.838 0.723 0.597 0.471 
0.386 0.505 0.631 0.756 0.865 0.948 0.993 0.996 0.955 0.157 0.230 0.323 0.433 0.556 0.684 0.804 0.903 0.972 1.000 0.984 0.926 0.834 0.718 0.592 0.467 
0.390 0.509 0.636 0.760 0.869 0.950 0.994 0.995 0.104 0.159 0.233 0.327 0.438 0.561 0.689 0.808 0.907 0.973 1.000 0.982 0.923 0.830 0.714 0.587 0.462 
0.394 0.514 0.641 0.765 0.873 0.953 0.995 0.066 0.106 0.162 0.236 0.331 0.442 0.566 0.693 0.812 0.910 0.975 1.000 0.981 0.920 0.826 0.709 0.582 0.457 
0.399 0.519 0.646 0.769 0.877 0.955 0.040 0.067 0.108 0.164 0.240 0.335 0.447 0.571 0.698 0.816 0.913 0.977 1.000 0.979 0.917 0.822 0.704 0.577 0.453 
0.403 0.524 0.651 0.774 0.880 0.024 0.041 0.069 0.109 0.167 0.243 0.339 0.452 0.576 0.703 0.821 0.916 0.979 1.000 0.977 0.914 0.817 0.699 0.572 0.448 
0.408 0.529 0.656 0.778 0.013 0.024 0.042 0.070 0.111 0.169 0.246 0.343 0.456 0.581 0.708 0.825 0.919 0.980 1.000 0.976 0.911 0.813 0.695 0.568 0.444 
0.412 0.533 0.661 0.000 0.014 0.025 0.043 0.071 0.113 0.172 0.250 0.347 0.461 0.586 0.712 0.829 0.922 0.982 1.000 0.974 0.908 0.809 0.690 0.563 0.439 
0.416 0.538 0.000 0.000 0.014 0.025 0.044 0.073 0.115 0.175 0.253 0.351 0.466 0.591 0.717 0.833 0.925 0.983 1.000 0.972 0.904 0.805 0.685 0.558 0.435 
0.421 0.000 0.000 0.000 0.014 0.026 0.045 0.074 0.117 0.177 0.256 0.355 0.470 0.596 0.722 0.837 0.928 0.985 0.999 0.970 0.901 0.800 0.680 0.553 0.430 
0.000 0.000 0.000 0.000 0.000 0.000 0.000 0.000 0.000 0.000 0.000 0.000 0.000 0.000 0.000 0.000 0.000 0.000 0.000 0.000 0.000 0.000 0.000 0.000 0.000 
# 2 0 30 26
0.159 0.246 0.359 0.493 0.639 0.781 0.899 0.977 1.000 0.965 0.878 0.753 0.609 0.464 0.333 0.226 0.144 0.087 0.049 0.026 0.013 0.000 0.000 0.000 0.000 0.000 
0.512 0.659 0.799 0.912 0.983 0.998 0.956 0.863 0.734 0.589 0.446 0.318 0.214 0.135 0.081 0.046 0.024 0.012 0.000 0.000 0.000 0.000 0.311 0.208 0.180 0.274 
0.925 0.988 0.996 0.946 0.847 0.715 0.569 0.427 0.302 0.202 0.127 0.075 0.042 0.022 0.011 0.000 0.000 0.000 0.419 0.296 0.197 0.191 0.288 0.410 0.551 0.697 
0.936 0.831 0.696 0.550 0.409 0.287 0.190 0.119 0.070 0.039 0.020 0.000 0.000 0.000 0.541 0.402 0.281 0.185 0.202 0.303 0.428 0.571 0.717 0.848 0.947 0.996 
0.531 0.392 0.273 0.179 0.111 0.065 0.036 0.018 0.000 0.000 0.669 0.522 0.384 0.267 0.174 0.214 0.319 0.447 0.590 0.735 0.864 0.956 0.998 0.983 0.912 0.798 
0.169 0.104 0.060 0.033 0.017 0.000 0.790 0.649 0.503 0.367 0.253 0.164 0.227 0.334 0.465 0.610 0.754 0.879 0.965 1.000 0.976 0.899 0.780 0.638 0.492 0.358 
0.030 0.015 0.893 0.772 0.629 0.484 0.351 0.240 0.154 0.240 0.351 0.484 0.629 0.772 0.893 0.973 1.000 0.969 0.885 0.762 0.619 0.473 0.342 0.232 0.149 0.090 
0.754 0.610 0.465 0.334 0.227 0.164 0.253 0.367 0.503 0.649 0.790 0.906 0.980 0.999 0.960 0.870 0.744 0.599 0.455 0.326 0.220 0.140 0.084 0.047 0.998 0.956 
0.319 0.214 0.174 0.267 0.384 0.522 0.669 0.807 0.919 0.986 0.997 0.951 0.855 0.725 0.579 0.436 0.310 0.208 0.131 0.078 0.988 0.996 0.947 0.848 0.717 0.571 
0.281 0.402 0.541 0.688 0.824 0.931 0.991 0.994 0.941 0.839 0.706 0.560 0.418 0.295 0.196 0.123 0.936 0.993 0.993 0.936 0.832 0.697 0.551 0.410 0.288 0.191 
0.707 0.840 0.942 0.995 0.990 0.930 0.823 0.687 0.540 0.401 0.280 0.185 0.847 0.946 0.996 0.988 0.925 0.816 0.678 0.532 0.393 0.274 0.180 0.208 0.311 0.437 
0.997 0.986 0.918 0.806 0.667 0.521 0.383 0.266 0.734 0.863 0.956 0.998 0.983 0.912 0.799 0.659 0.512 0.376 0.260 0.169 0.220 0.326 0.456 0.600 0.745 0.871 
0.789 0.648 0.502 0.366 0.609 0.753 0.878 0.965 1.000 0.977 0.899 0.781 0.639 0.493 0.359 0.246 0.159 0.233 0.342 0.474 0.620 0.763 0.886 0.969 1.000 0.973 
0.483 0.628 0.771 0.892 0.973 1.000 0.969 0.886 0.763 0.620 0.474 0.342 0.233 0.159 0.246 0.359 0.493 0.639 0.781 0.899 0.977 1.000 0.965 0.878 0.753 0.609 
0.905 0.980 0.999 0.961 0.871 0.745 0.600 0.456 0.326 0.220 0.169 0.260 0.376 0.512 0.659 0.799 0.912 0.983 0.998 0.956 0.863 0.734 0.266 0.383 0.521 0.667 
0.952 0.856 0.726 0.580 0.437 0.311 0.208 0.180 0.274 0.393 0.532 0.678 0.816 0.925 0.988 0.996 0.946 0.847 0.185 0.280 0.401 0.540 0.687 0.823 0.930 0.990 
0.561 0.419 0.296 0.197 0.191 0.288 0.410 0.551 0.697 0.832 0.936 0.993 0.993 0.936 0.123 0.196 0.295 0.418 0.560 0.706 0.839 0.941 0.994 0.991 0.931 0.824 
0.185 0.202 0.303 0.428 0.571 0.717 0.848 0.947 0.996 0.988 0.078 0.131 0.208 0.310 0.436 0.579 0.725 0.855 0.951 0.997 0.986 0.919 0.807 0.669 0.522 0.384 
0.447 0.590 0.735 0.864 0.956 0.998 0.047 0.084 0.140 0.220 0.326 0.455 0.599 0.744 0.870 0.960 0.999 0.980 0.906 0.790 0.649 0.503 0.367 0.253 0.164 0.227 
0.879 0.965 0.028 0.051 0.090 0.149 0.232 0.342 0.473 0.619 0.762 0.885 0.969 1.000 0.973 0.893 0.772 0.629 0.484 0.351 0.240 0.154 0.240 0.351 0.484 0.629 
0.056 0.097 0.159 0.245 0.358 0.492 0.638 0.780 0.899 0.976 1.000 0.965 0.879 0.754 0.610 0.465 0.334 0.227 0.164 0.253 0.367 0.503 0.649 0.790 0.000 0.017 
0.259 0.375 0.511 0.658 0.798 0.912 0.983 0.998 0.956 0.864 0.735 0.590 0.447 0.319 0.214 0.174 0.267 0.384 0.522 0.669 0.000 0.000 0.018 0.036 0.065 0.111 
0.677 0.815 0.924 0.988 0.996 0.947 0.848 0.717 0.571 0.428 0.303 0.202 0.185 0.281 0.402 0.541 0.000 0.000 0.000 0.020 0.039 0.070 0.119 0.190 0.287 0.409 
0.993 0.993 0.936 0.832 0.697 0.551 0.410 0.288 0.191 0.197 0.296 0.419 0.000 0.000 0.000 0.011 0.022 0.042 0.075 0.127 0.202 0.302 0.427 0.569 0.715 0.847 
0.816 0.678 0.532 0.393 0.274 0.180 0.208 0.311 0.000 0.000 0.000 0.000 0.012 0.024 0.046 0.081 0.135 0.214 0.318 0.446 0.589 0.734 0.863 0.956 0.998 0.983 
0.376 0.260 0.169 0.220 0.000 0.000 0.000 0.000 0.000 0.013 0.026 0.049 0.087 0.144 0.226 0.333 0.464 0.609 0.753 0.878 0.965 1.000 0.977 0.899 0.781 0.639 
0.000 0.000 0.000 0.000 0.000 0.000 0.000 0.000 0.000 0.000 0.000 0.000 0.000 0.000 0.000 0.000 0.000 0.000 0.000 0.000 0.000 0.000 0.000 0.000 0.000 0.000 
0.000 0.000 0.000 0.000 0.000 0.000 0.000 0.000 0.000 0.000 0.000 0.000 0.000 0.000 0.000 0.000 0.000 0.000 0.000 0.000 0.000 0.000 0.000 0.000 0.000 0.000 
0.000 0.000 0.000 0.000 0.000 0.000 0.000 0.000 0.000 0.000 0.000 0.000 0.000 0.000 0.000 0.000 0.000 0.000 0.000 0.000 0.000 0.000 0.000 0.000 0.000 0.000 
0.000 0.000 0.000 0.000 0.000 0.000 0.000 0.000 0.000 0.000 0.000 0.000 0.000 0.000 0.000 0.000 0.000 0.000 0.000 0.000 0.000 0.000 0.000 0.000 0.000 0.000 
# 2 1 25 26
0.156 0.238 0.348 0.481 0.627 0.769 0.891 0.972 1.000 0.970 0.887 0.765 0.621 0.476 0.344 0.234 0.150 0.091 0.052 0.028 0.014 0.000 0.000 0.000 0.000 0.000 
0.000 0.245 0.159 0.234 0.343 0.475 0.621 0.764 0.886 0.970 1.000 0.972 0.891 0.770 0.627 0.482 0.349 0.238 0.153 0.093 0.053 0.029 0.015 0.000 0.000 0.000 
0.000 0.000 0.363 0.249 0.162 0.230 0.338 0.470 0.615 0.758 0.882 0.967 1.000 0.974 0.895 0.775 0.633 0.487 0.354 0.242 0.156 0.095 0.054 0.029 0.015 0.000 
0.000 0.000 0.000 0.504 0.368 0.254 0.165 0.226 0.334 0.464 0.609 0.753 0.878 0.965 1.000 0.977 0.899 0.781 0.639 0.493 0.359 0.246 0.159 0.097 0.056 0.030 
0.030 0.015 0.000 0.000 0.656 0.510 0.373 0.258 0.168 0.222 0.329 0.459 0.603 0.747 0.873 0.962 0.999 0.979 0.903 0.786 0.645 0.499 0.364 0.250 0.162 0.099 
0.099 0.057 0.031 0.016 0.000 0.801 0.662 0.515 0.378 0.262 0.171 0.219 0.324 0.453 0.597 0.742 0.869 0.960 0.999 0.981 0.907 0.791 0.651 0.505 0.369 0.254 
0.254 0.165 0.101 0.058 0.032 0.016 0.918 0.806 0.668 0.521 0.383 0.266 0.174 0.215 0.319 0.448 0.591 0.736 0.864 0.957 0.999 0.982 0.911 0.797 0.657 0.510 
0.510 0.374 0.258 0.168 0.103 0.060 0.033 0.987 0.922 0.811 0.673 0.527 0.389 0.270 0.177 0.211 0.315 0.442 0.585 0.731 0.860 0.954 0.998 0.984 0.915 0.802 
0.802 0.663 0.516 0.379 0.262 0.171 0.105 0.061 0.996 0.989 0.925 0.816 0.679 0.533 0.394 0.274 0.180 0.208 0.310 0.437 0.579 0.725 0.855 0.951 0.997 0.986 
0.986 0.919 0.807 0.668 0.522 0.384 0.267 0.174 0.108 0.943 0.995 0.990 0.929 0.821 0.685 0.538 0.399 0.279 0.184 0.204 0.305 0.431 0.574 0.719 0.851 0.948 
0.948 0.997 0.987 0.922 0.812 0.674 0.528 0.389 0.271 0.178 0.837 0.939 0.994 0.991 0.932 0.826 0.691 0.544 0.404 0.283 0.187 0.201 0.301 0.426 0.568 0.714 
0.714 0.846 0.945 0.996 0.989 0.926 0.817 0.680 0.533 0.395 0.275 0.697 0.832 0.936 0.993 0.993 0.936 0.831 0.697 0.550 0.410 0.288 0.190 0.197 0.296 0.420 
0.420 0.562 0.708 0.841 0.942 0.995 0.990 0.929 0.822 0.686 0.539 0.400 0.545 0.692 0.827 0.933 0.992 0.994 0.939 0.836 0.702 0.556 0.415 0.292 0.194 0.194 
0.194 0.292 0.415 0.556 0.702 0.836 0.939 0.994 0.992 0.933 0.827 0.692 0.545 0.400 0.539 0.686 0.822 0.929 0.990 0.995 0.942 0.841 0.708 0.562 0.420 0.296 
0.296 0.197 0.190 0.288 0.410 0.550 0.697 0.831 0.936 0.993 0.993 0.936 0.832 0.697 0.275 0.395 0.533 0.680 0.817 0.926 0.989 0.996 0.945 0.846 0.714 0.568 
0.568 0.426 0.301 0.201 0.187 0.283 0.404 0.544 0.691 0.826 0.932 0.991 0.994 0.939 0.837 0.178 0.271 0.389 0.528 0.674 0.812 0.922 0.987 0.997 0.948 0.851 
0.851 0.719 0.574 0.431 0.305 0.204 0.184 0.279 0.399 0.538 0.685 0.821 0.929 0.990 0.995 0.943 0.108 0.174 0.267 0.384 0.522 0.668 0.807 0.919 0.986 0.997 
0.997 0.951 0.855 0.725 0.579 0.437 0.310 0.208 0.180 0.274 0.394 0.533 0.679 0.816 0.925 0.989 0.996 0.061 0.105 0.171 0.262 0.379 0.516 0.663 0.802 0.915 
0.915 0.984 0.998 0.954 0.860 0.731 0.585 0.442 0.315 0.211 0.177 0.270 0.389 0.527 0.673 0.811 0.922 0.987 0.033 0.060 0.103 0.168 0.258 0.374 0.510 0.657 
0.657 0.797 0.911 0.982 0.999 0.957 0.864 0.736 0.591 0.448 0.319 0.215 0.174 0.266 0.383 0.521 0.668 0.806 0.918 0.016 0.032 0.058 0.101 0.165 0.254 0.369 
0.369 0.505 0.651 0.791 0.907 0.981 0.999 0.960 0.869 0.742 0.597 0.453 0.324 0.219 0.171 0.262 0.378 0.515 0.662 0.801 0.000 0.016 0.031 0.057 0.099 0.162 
0.162 0.250 0.364 0.499 0.645 0.786 0.903 0.979 0.999 0.962 0.873 0.747 0.603 0.459 0.329 0.222 0.168 0.258 0.373 0.510 0.656 0.000 0.000 0.015 0.030 0.056 
0.056 0.097 0.159 0.246 0.359 0.493 0.639 0.781 0.899 0.977 1.000 0.965 0.878 0.753 0.609 0.464 0.334 0.226 0.165 0.254 0.368 0.504 0.000 0.000 0.000 0.015 
0.015 0.029 0.054 0.095 0.156 0.242 0.354 0.487 0.633 0.775 0.895 0.974 1.000 0.967 0.882 0.758 0.615 0.470 0.338 0.230 0.162 0.249 0.363 0.000 0.000 0.000 
0.000 0.000 0.015 0.029 0.053 0.093 0.153 0.238 0.349 0.482 0.627 0.770 0.891 0.972 1.000 0.970 0.886 0.764 0.621 0.475 0.343 0.234 0.159 0.245 0.000 0.000 
# 3 0 30 10
0.964 1.000 0.946 0.815 0.641 0.459 0.300 0.179 0.097 0.048 
0.986 0.964 1.000 0.946 0.815 0.641 0.459 0.300 0.179 0.097 
0.992 0.986 0.964 1.000 0.946 0.815 0.641 0.459 0.300 0.179 
0.909 0.992 0.986 0.964 1.000 0.946 0.815 0.641 0.459 0.300 
0.760 0.909 0.992 0.986 0.964 1.000 0.946 0.815 0.641 0.459 
0.579 0.760 0.909 0.992 0.986 0.964 1.000 0.946 0.815 0.641 
0.402 0.579 0.760 0.909 0.992 0.986 0.964 1.000 0.946 0.815 
0.255 0.402 0.579 0.760 0.909 0.992 0.986 0.964 1.000 0.946 
0.147 0.255 0.402 0.579 0.760 0.909 0.992 0.986 0.964 1.000 
0.078 0.147 0.255 0.402 0.579 0.760 0.909 0.992 0.986 0.964 
0.000 0.000 0.000 0.000 0.000 0.000 0.000 0.000 0.000 0.000 
0.000 0.000 0.000 0.000 0.000 0.000 0.000 0.000 0.000 0.000 
0.000 0.000 0.000 0.000 0.000 0.000 0.000 0.000 0.000 0.000 
0.000 0.000 0.000 0.000 0.000 0.000 0.000 0.000 0.000 0.000 
0.000 0.000 0.000 0.000 0.000 0.000 0.000 0.000 0.000 0.000 
0.000 0.000 0.000 0.000 0.000 0.000 0.000 0.000 0.000 0.000 
0.000 0.000 0.000 0.000 0.000 0.000 0.000 0.000 0.000 0.000 
0.000 0.000 0.000 0.000 0.000 0.000 0.000 0.000 0.000 0.000 
0.000 0.000 0.000 0.000 0.000 0.000 0.000 0.000 0.000 0.000 
0.000 0.000 0.000 0.000 0.000 0.000 0.000 0.000 0.000 0.000 
0.000 0.000 0.000 0.000 0.000 0.000 0.000 0.000 0.000 0.000 
0.000 0.000 0.000 0.000 0.000 0.000 0.000 0.000 0.000 0.000 
0.000 0.000 0.000 0.000 0.000 0.000 0.000 0.000 0.000 0.000 
0.000 0.000 0.000 0.000 0.000 0.000 0.000 0.000 0.000 0.000 
0.000 0.000 0.000 0.000 0.000 0.000 0.000 0.000 0.000 0.000 
0.000 0.000 0.000 0.000 0.000 0.000 0.000 0.000 0.000 0.000 
0.000 0.000 0.000 0.000 0.000 0.000 0.000 0.000 0.000 0.000 
0.000 0.000 0.000 0.000 0.000 0.000 0.000 0.000 0.000 0.000 
0.000 0.000 0.000 0.000 0.000 0.000 0.000 0.000 0.000 0.000 
0.000 0.000 0.000 0.000 0.000 0.000 0.000 0.000 0.000 0.000 
# 3 1 25 10
0.000 0.000 0.000 0.000 0.000 0.000 0.000 0.000 0.000 0.000 
0.000 0.000 0.000 0.000 0.000 0.000 0.000 0.000 0.000 0.000 
0.000 0.000 0.000 0.000 0.000 0.000 0.000 0.000 0.000 0.000 
0.000 0.000 0.000 0.000 0.000 0.000 0.000 0.000 0.000 0.000 
0.000 0.000 0.000 0.000 0.000 0.000 0.000 0.000 0.000 0.000 
0.000 0.000 0.000 0.000 0.000 0.000 0.000 0.000 0.000 0.000 
0.000 0.000 0.000 0.000 0.000 0.000 0.000 0.000 0.000 0.000 
0.000 0.000 0.000 0.000 0.000 0.000 0.000 0.000 0.000 0.000 
0.000 0.000 0.000 0.000 0.000 0.000 0.000 0.000 0.000 0.000 
0.000 0.000 0.000 0.000 0.000 0.000 0.000 0.000 0.000 0.000 
0.000 0.000 0.000 0.000 0.000 0.000 0.000 0.000 0.000 0.000 
0.000 0.000 0.000 0.000 0.000 0.000 0.000 0.000 0.000 0.000 
0.000 0.000 0.000 0.000 0.000 0.000 0.000 0.000 0.000 0.000 
0.000 0.000 0.000 0.000 0.000 0.000 0.000 0.000 0.000 0.000 
0.000 0.000 0.000 0.000 0.000 0.000 0.000 0.000 0.000 0.000 
0.000 0.000 0.000 0.000 0.000 0.000 0.000 0.000 0.000 0.000 
0.000 0.000 0.000 0.000 0.000 0.000 0.000 0.000 0.000 0.000 
0.000 0.000 0.000 0.000 0.000 0.000 0.000 0.000 0.000 0.000 
0.000 0.000 0.000 0.000 0.000 0.000 0.000 0.000 0.000 0.000 
0.000 0.000 0.000 0.000 0.000 0.000 0.000 0.000 0.000 0.000 
0.000 0.000 0.000 0.000 0.000 0.000 0.000 0.000 0.000 0.000 
0.000 0.000 0.000 0.000 0.000 0.000 0.000 0.000 0.000 0.000 
0.000 0.000 0.000 0.000 0.000 0.000 0.000 0.000 0.000 0.000 
0.000 0.000 0.000 0.000 0.000 0.000 0.000 0.000 0.000 0.000 
0.000 0.000 0.000 0.000 0.000 0.000 0.000 0.000 0.000 0.000 
# 3 2 26 10
0.000 0.000 0.000 0.000 0.000 0.000 0.000 0.000 0.000 0.000 
0.000 0.000 0.000 0.000 0.000 0.000 0.000 0.000 0.000 0.000 
0.000 0.000 0.000 0.000 0.000 0.000 0.000 0.000 0.000 0.000 
0.000 0.000 0.000 0.000 0.000 0.000 0.000 0.000 0.000 0.000 
0.000 0.000 0.000 0.000 0.000 0.000 0.000 0.000 0.000 0.000 
0.000 0.000 0.000 0.000 0.000 0.000 0.000 0.000 0.000 0.000 
0.000 0.000 0.000 0.000 0.000 0.000 0.000 0.000 0.000 0.000 
0.000 0.000 0.000 0.000 0.000 0.000 0.000 0.000 0.000 0.000 
0.000 0.000 0.000 0.000 0.000 0.000 0.000 0.000 0.000 0.000 
0.000 0.000 0.000 0.000 0.000 0.000 0.000 0.000 0.000 0.000 
0.000 0.000 0.000 0.000 0.000 0.000 0.000 0.000 0.000 0.000 
0.000 0.000 0.000 0.000 0.000 0.000 0.000 0.000 0.000 0.000 
0.000 0.000 0.000 0.000 0.000 0.000 0.000 0.000 0.000 0.000 
0.000 0.000 0.000 0.000 0.000 0.000 0.000 0.000 0.000 0.000 
0.000 0.000 0.000 0.000 0.000 0.000 0.000 0.000 0.000 0.000 
0.000 0.000 0.000 0.000 0.000 0.000 0.000 0.000 0.000 0.000 
0.000 0.000 0.000 0.000 0.000 0.000 0.000 0.000 0.000 0.000 
0.000 0.000 0.000 0.000 0.000 0.000 0.000 0.000 0.000 0.000 
0.000 0.000 0.000 0.000 0.000 0.000 0.000 0.000 0.000 0.000 
0.000 0.000 0.000 0.000 0.000 0.000 0.000 0.000 0.000 0.000 
0.000 0.000 0.000 0.000 0.000 0.000 0.000 0.000 0.000 0.000 
0.000 0.000 0.000 0.000 0.000 0.000 0.000 0.000 0.000 0.000 
0.000 0.000 0.000 0.000 0.000 0.000 0.000 0.000 0.000 0.000 
0.000 0.000 0.000 0.000 0.000 0.000 0.000 0.000 0.000 0.000 
0.000 0.000 0.000 0.000 0.000 0.000 0.000 0.000 0.000 0.000 
0.000 0.000 0.000 0.000 0.000 0.000 0.000 0.000 0.000 0.000 
