2.079062
5
# 0 1 1 30
0.000 0.000 0.000 0.000 0.000 0.000 0.000 0.062 0.288 0.729 1.000 0.745 0.301 0.066 0.000 0.000 0.066 0.301 0.745 1.000 0.729 0.288 0.062 0.000 0.000 0.000 0.000 0.000 0.000 0.000 
# 0 2 1 30
0.000 0.000 0.000 0.000 0.000 0.000 0.000 0.062 0.288 0.729 1.000 0.745 0.301 0.066 0.000 0.000 0.066 0.301 0.745 1.000 0.729 0.288 0.062 0.000 0.000 0.000 0.000 0.000 0.000 0.000 
# 0 3 1 30
0.000 0.000 0.000 0.000 0.000 0.000 0.000 0.062 0.288 0.729 1.000 0.745 0.301 0.066 0.000 0.000 0.066 0.301 0.745 1.000 0.729 0.288 0.062 0.000 0.000 0.000 0.000 0.000 0.000 0.000 
# 0 4 10 30
0.026 0.000 0.026 0.163 0.548 1.000 0.989 0.531 0.155 0.024 0.000 0.000 0.000 0.000 0.000 0.000 0.000 0.000 0.000 0.000 0.000 0.000 0.000 0.000 0.000 0.000 0.000 0.000 0.000 0.000 
0.000 0.000 0.000 0.000 0.000 0.000 0.000 0.000 0.000 0.000 0.000 0.000 0.000 0.000 0.000 0.000 0.000 0.000 0.000 0.000 1.000 0.548 0.163 0.026 0.000 0.026 0.163 0.548 1.000 0.989 
0.000 0.000 0.000 0.000 0.000 0.000 0.000 0.000 0.000 0.000 1.000 0.548 0.163 0.026 0.000 0.026 0.163 0.548 1.000 0.989 0.531 0.155 0.024 0.000 0.000 0.000 0.000 0.000 0.000 0.000 
1.000 0.548 0.163 0.026 0.000 0.026 0.163 0.548 1.000 0.989 0.531 0.155 0.024 0.000 0.000 0.000 0.000 0.000 0.000 0.000 0.000 0.000 0.000 0.000 0.000 0.000 0.000 0.000 0.000 0.000 
0.531 0.155 0.024 0.000 0.000 0.000 0.000 0.000 0.000 0.000 0.000 0.000 0.000 0.000 0.000 0.000 0.000 0.000 0.000 0.000 0.155 0.531 0.989 1.000 0.548 0.163 0.026 0.000 0.026 0.163 
0.000 0.000 0.000 0.000 0.000 0.000 0.000 0.000 0.000 0.000 0.155 0.531 0.989 1.000 0.548 0.163 0.026 0.000 0.026 0.163 0.548 1.000 0.989 0.531 0.155 0.024 0.000 0.000 0.000 0.000 
0.155 0.531 0.989 1.000 0.548 0.163 0.026 0.000 0.026 0.163 0.548 1.000 0.989 0.531 0.155 0.024 0.000 0.000 0.000 0.000 0.000 0.000 0.000 0.000 0.000 0.000 0.000 0.000 0.000 0.000 
0.548 1.000 0.989 0.531 0.155 0.024 0.000 0.000 0.000 0.000 0.000 0.000 0.000 0.000 0.000 0.000 0.000 0.000 0.000 0.000 0.000 0.000 0.024 0.155 0.531 0.989 1.000 0.548 0.163 0.026 
0.000 0.000 0.000 0.000 0.000 0.000 0.000 0.000 0.000 0.000 0.000 0.000 0.024 0.155 0.531 0.989 1.000 0.548 0.163 0.026 0.000 0.026 0.163 0.548 1.000 0.989 0.531 0.155 0.024 0.000 
0.000 0.000 0.024 0.155 0.531 0.989 1.000 0.548 0.163 0.026 0.000 0.026 0.163 0.548 1.000 0.989 0.531 0.155 0.024 0.000 0.000 0.000 0.000 0.000 0.000 0.000 0.000 0.000 0.000 0.000 
# 1 0 30 1
-1.000 
-0.789 
-0.862 
-0.416 
-0.996 
-0.654 
-0.638 
-0.960 
0.997 
0.984 
0.515 
0.814 
0.787 
0.841 
0.484 
0.992 
0.342 
0.000 
0.000 
0.000 
0.000 
0.000 
0.000 
0.000 
0.000 
0.000 
0.000 
0.000 
0.000 
0.000 
# 1 2 1 1
-1.000 
# 1 3 1 1
-1.000 
# 2 0 30 1
-1.000 
0.132 
0.574 
0.996 
0.987 
0.345 
0.883 
0.971 
0.773 
0.664 
0.998 
0.952 
0.446 
0.941 
0.996 
0.687 
0.189 
0.000 
0.000 
0.000 
0.000 
0.000 
0.000 
0.000 
0.000 
0.000 
0.000 
0.000 
0.000 
0.000 
# 2 1 1 1
-1.000 
# 2 3 1 1
-1.000 
# 3 0 30 1
-1.000 
0.000 
0.000 
0.000 
0.113 
1.000 
0.019 
0.000 
0.000 
0.000 
0.000 
0.000 
0.000 
0.000 
0.000 
0.000 
0.000 
0.000 
0.000 
0.000 
0.000 
0.000 
0.000 
0.000 
0.000 
0.000 
0.000 
0.000 
0.000 
0.000 
# 3 1 1 1
-1.000 
# 3 2 1 1
-1.000 
# 4 0 30 10
-0.521 -0.870 -1.000 -0.793 -0.434 -0.164 -0.043 0.000 0.000 0.000 
-0.644 -0.521 -0.870 -1.000 -0.793 -0.434 -0.164 -0.043 0.000 0.000 
-0.949 -0.644 -0.521 -0.870 -1.000 -0.793 -0.434 -0.164 -0.043 0.000 
-0.965 -0.949 -0.644 -0.521 -0.870 -1.000 -0.793 -0.434 -0.164 -0.043 
-0.676 -0.965 -0.949 -0.644 -0.521 -0.870 -1.000 -0.793 -0.434 -0.164 
-0.327 -0.676 -0.965 -0.949 -0.644 -0.521 -0.870 -1.000 -0.793 -0.434 
-0.109 -0.327 -0.676 -0.965 -0.949 -0.644 -0.521 -0.870 -1.000 -0.793 
-0.025 -0.109 -0.327 -0.676 -0.965 -0.949 -0.644 -0.521 -0.870 -1.000 
0.000 -0.025 -0.109 -0.327 -0.676 -0.965 -0.949 -0.644 -0.521 -0.870 
0.000 0.000 -0.025 -0.109 -0.327 -0.676 -0.965 -0.949 -0.644 -0.521 
0.000 0.000 0.000 0.000 0.000 0.000 0.000 0.000 0.000 0.000 
0.000 0.000 0.000 0.000 0.000 0.000 0.000 0.000 0.000 0.000 
0.000 0.000 0.000 0.000 0.000 0.000 0.000 0.000 0.000 0.000 
0.000 0.000 0.000 0.000 0.000 0.000 0.000 0.000 0.000 0.000 
0.000 0.000 0.000 0.000 0.000 0.000 0.000 0.000 0.000 0.000 
0.000 0.000 0.000 0.000 0.000 0.000 0.000 0.000 0.000 0.000 
0.000 0.000 0.000 0.000 0.000 0.000 0.000 0.000 0.000 0.000 
0.000 0.000 0.000 0.000 0.000 0.000 0.000 0.000 0.000 0.000 
0.000 0.000 0.000 0.000 0.000 0.000 0.000 0.000 0.000 0.000 
0.000 0.000 0.000 0.000 0.000 0.000 0.000 0.000 0.000 0.000 
0.000 0.000 0.000 0.000 0.000 0.000 0.000 0.000 0.000 0.000 
0.000 0.000 0.000 0.000 0.000 0.000 0.000 0.000 0.000 0.000 
0.000 0.000 0.000 0.000 0.000 0.000 0.000 0.000 0.000 0.000 
0.000 0.000 0.000 0.000 0.000 0.000 0.000 0.000 0.000 0.000 
0.000 0.000 0.000 0.000 0.000 0.000 0.000 0.000 0.000 0.000 
0.000 0.000 0.000 0.000 0.000 0.000 0.000 0.000 0.000 0.000 
0.000 0.000 0.000 0.000 0.000 0.000 0.000 0.000 0.000 0.000 
0.000 0.000 0.000 0.000 0.000 0.000 0.000 0.000 0.000 0.000 
0.000 0.000 0.000 0.000 0.000 0.000 0.000 0.000 0.000 0.000 
0.000 0.000 0.000 0.000 0.000 0.000 0.000 0.000 0.000 0.000 
# 4 1 1 10
0.000 0.000 0.000 0.000 0.000 0.000 0.000 0.000 0.000 0.000 
# 4 2 1 10
0.000 0.000 0.000 0.000 0.000 0.000 0.000 0.000 0.000 0.000 
# 4 3 1 10
0.000 0.000 0.000 0.000 0.000 0.000 0.000 0.000 0.000 0.000 
