2.106561
5
# 0 1 4 30
0.798 0.910 0.981 1.000 0.997 0.951 0.858 0.731 0.589 0.449 0.323 0.220 0.142 0.086 0.050 0.027 0.014 0.000 0.000 0.000 0.000 0.000 0.000 0.000 0.000 0.000 0.000 0.000 0.000 0.000 
0.997 0.951 0.858 0.731 0.589 0.449 0.323 0.220 0.142 0.086 0.050 0.027 0.014 0.000 0.000 0.000 0.000 0.000 0.000 0.000 0.000 0.000 0.000 0.000 0.000 0.000 0.050 0.086 0.142 0.220 
0.589 0.449 0.323 0.220 0.142 0.086 0.050 0.027 0.014 0.000 0.000 0.000 0.000 0.000 0.000 0.000 0.000 0.000 0.000 0.000 0.000 0.000 0.050 0.086 0.142 0.220 0.323 0.449 0.589 0.731 
0.142 0.086 0.050 0.027 0.014 0.000 0.000 0.000 0.000 0.000 0.000 0.000 0.000 0.000 0.000 0.000 0.000 0.000 0.050 0.086 0.142 0.220 0.323 0.449 0.589 0.731 0.858 0.951 0.997 1.000 
# 0 2 5 30
0.885 0.967 1.000 1.000 0.967 0.885 0.765 0.625 0.483 0.353 0.244 0.159 0.098 0.057 0.032 0.016 0.000 0.000 0.000 0.000 0.000 0.000 0.000 0.000 0.000 0.000 0.000 0.000 0.000 0.000 
0.885 0.765 0.625 0.483 0.353 0.244 0.159 0.098 0.057 0.032 0.016 0.000 0.000 0.000 0.000 0.000 0.000 0.000 0.000 0.000 0.000 0.000 0.000 0.000 0.000 0.159 0.244 0.353 0.483 0.625 
0.244 0.159 0.098 0.057 0.032 0.016 0.000 0.000 0.000 0.000 0.000 0.000 0.000 0.000 0.000 0.000 0.000 0.000 0.000 0.000 0.159 0.244 0.353 0.483 0.625 0.765 0.885 0.967 1.000 1.000 
0.016 0.000 0.000 0.000 0.000 0.000 0.000 0.000 0.000 0.000 0.000 0.000 0.000 0.000 0.000 0.159 0.244 0.353 0.483 0.625 0.765 0.885 0.967 1.000 1.000 0.967 0.885 0.765 0.625 0.483 
0.000 0.000 0.000 0.000 0.000 0.000 0.000 0.000 0.000 0.000 0.159 0.244 0.353 0.483 0.625 0.765 0.885 0.967 1.000 1.000 0.967 0.885 0.765 0.625 0.483 0.353 0.244 0.159 0.098 0.057 
# 0 3 29 30
0.996 0.991 0.933 0.830 0.698 0.556 0.418 0.297 0.200 0.127 0.076 0.043 0.023 0.012 0.000 0.000 0.000 0.000 0.000 0.000 0.000 0.000 0.000 0.000 0.000 0.000 0.000 0.000 0.000 0.000 
0.000 0.988 0.996 0.992 0.936 0.834 0.703 0.561 0.422 0.301 0.203 0.129 0.078 0.044 0.024 0.012 0.000 0.000 0.000 0.000 0.000 0.000 0.000 0.000 0.000 0.000 0.000 0.000 0.000 0.000 
0.000 0.000 0.924 0.987 0.997 0.993 0.938 0.838 0.708 0.565 0.427 0.305 0.206 0.131 0.079 0.045 0.024 0.012 0.000 0.000 0.000 0.000 0.000 0.000 0.000 0.000 0.000 0.000 0.000 0.000 
0.000 0.000 0.000 0.813 0.921 0.986 0.998 0.994 0.941 0.842 0.713 0.570 0.431 0.309 0.209 0.133 0.081 0.046 0.025 0.013 0.000 0.000 0.000 0.000 0.000 0.000 0.000 0.000 0.000 0.000 
0.000 0.000 0.000 0.000 0.674 0.809 0.918 0.984 0.998 0.995 0.944 0.846 0.718 0.575 0.436 0.312 0.212 0.135 0.082 0.047 0.025 0.013 0.000 0.000 0.000 0.000 0.000 0.000 0.000 0.000 
0.000 0.000 0.000 0.000 0.000 0.526 0.669 0.805 0.915 0.983 0.999 0.995 0.946 0.850 0.722 0.580 0.441 0.316 0.215 0.138 0.084 0.048 0.026 0.013 0.000 0.000 0.000 0.000 0.000 0.000 
0.000 0.000 0.000 0.000 0.000 0.000 0.387 0.521 0.664 0.800 0.912 0.981 0.999 0.996 0.949 0.854 0.727 0.585 0.445 0.320 0.218 0.140 0.085 0.049 0.027 0.014 0.000 0.000 0.000 0.000 
0.000 0.000 0.000 0.000 0.000 0.000 0.000 0.268 0.382 0.516 0.659 0.796 0.908 0.980 0.999 0.997 0.951 0.858 0.732 0.590 0.450 0.324 0.221 0.142 0.087 0.050 0.027 0.014 0.000 0.000 
0.000 0.000 0.000 0.000 0.000 0.000 0.000 0.000 0.174 0.264 0.378 0.512 0.654 0.792 0.905 0.978 1.000 0.997 0.954 0.862 0.737 0.595 0.455 0.328 0.224 0.145 0.088 0.051 0.028 0.014 
0.014 0.000 0.000 0.000 0.000 0.000 0.000 0.000 0.000 0.107 0.172 0.261 0.374 0.507 0.650 0.787 0.902 0.977 1.000 0.998 0.956 0.866 0.741 0.600 0.459 0.332 0.227 0.147 0.090 0.052 
0.052 0.028 0.015 0.000 0.000 0.000 0.000 0.000 0.000 0.000 0.062 0.105 0.169 0.257 0.370 0.502 0.645 0.783 0.898 0.975 1.000 0.999 0.958 0.870 0.746 0.605 0.464 0.336 0.230 0.149 
0.149 0.091 0.053 0.029 0.015 0.000 0.000 0.000 0.000 0.000 0.000 0.034 0.061 0.103 0.167 0.254 0.365 0.497 0.640 0.778 0.895 0.973 1.000 0.999 0.961 0.873 0.751 0.610 0.469 0.340 
0.340 0.234 0.152 0.093 0.054 0.030 0.015 0.000 0.000 0.000 0.000 0.000 0.017 0.033 0.060 0.102 0.164 0.250 0.361 0.492 0.635 0.774 0.891 0.971 1.000 0.999 0.963 0.877 0.755 0.615 
0.615 0.473 0.344 0.237 0.154 0.095 0.055 0.030 0.016 0.000 0.000 0.000 0.000 0.000 0.017 0.032 0.058 0.100 0.162 0.247 0.357 0.488 0.630 0.769 0.888 0.969 1.000 1.000 0.965 0.881 
0.881 0.760 0.620 0.478 0.349 0.240 0.157 0.096 0.056 0.031 0.016 0.000 0.000 0.000 0.000 0.000 0.016 0.032 0.057 0.098 0.159 0.244 0.353 0.483 0.625 0.765 0.884 0.967 1.000 1.000 
1.000 0.967 0.884 0.765 0.625 0.483 0.353 0.244 0.159 0.098 0.057 0.032 0.016 0.000 0.000 0.000 0.000 0.000 0.016 0.031 0.056 0.096 0.157 0.240 0.349 0.478 0.620 0.760 0.881 0.965 
0.965 1.000 1.000 0.969 0.888 0.769 0.630 0.488 0.357 0.247 0.162 0.100 0.058 0.032 0.017 0.000 0.000 0.000 0.000 0.000 0.016 0.030 0.055 0.095 0.154 0.237 0.344 0.473 0.615 0.755 
0.755 0.877 0.963 0.999 1.000 0.971 0.891 0.774 0.635 0.492 0.361 0.250 0.164 0.102 0.060 0.033 0.017 0.000 0.000 0.000 0.000 0.000 0.015 0.030 0.054 0.093 0.152 0.234 0.340 0.469 
0.469 0.610 0.751 0.873 0.961 0.999 1.000 0.973 0.895 0.778 0.640 0.497 0.365 0.254 0.167 0.103 0.061 0.034 0.000 0.000 0.000 0.000 0.000 0.000 0.015 0.029 0.053 0.091 0.149 0.230 
0.230 0.336 0.464 0.605 0.746 0.870 0.958 0.999 1.000 0.975 0.898 0.783 0.645 0.502 0.370 0.257 0.169 0.105 0.062 0.000 0.000 0.000 0.000 0.000 0.000 0.000 0.015 0.028 0.052 0.090 
0.090 0.147 0.227 0.332 0.459 0.600 0.741 0.866 0.956 0.998 1.000 0.977 0.902 0.787 0.650 0.507 0.374 0.261 0.172 0.107 0.000 0.000 0.000 0.000 0.000 0.000 0.000 0.000 0.014 0.028 
0.028 0.051 0.088 0.145 0.224 0.328 0.455 0.595 0.737 0.862 0.954 0.997 1.000 0.978 0.905 0.792 0.654 0.512 0.378 0.264 0.174 0.000 0.000 0.000 0.000 0.000 0.000 0.000 0.000 0.000 
0.000 0.014 0.027 0.050 0.087 0.142 0.221 0.324 0.450 0.590 0.732 0.858 0.951 0.997 0.999 0.980 0.908 0.796 0.659 0.516 0.382 0.268 0.000 0.000 0.000 0.000 0.000 0.000 0.000 0.000 
0.000 0.000 0.000 0.014 0.027 0.049 0.085 0.140 0.218 0.320 0.445 0.585 0.727 0.854 0.949 0.996 0.999 0.981 0.912 0.800 0.664 0.521 0.387 0.000 0.000 0.000 0.000 0.000 0.000 0.000 
0.000 0.000 0.000 0.000 0.000 0.013 0.026 0.048 0.084 0.138 0.215 0.316 0.441 0.580 0.722 0.850 0.946 0.995 0.999 0.983 0.915 0.805 0.669 0.526 0.000 0.000 0.000 0.000 0.000 0.000 
0.000 0.000 0.000 0.000 0.000 0.000 0.000 0.013 0.025 0.047 0.082 0.135 0.212 0.312 0.436 0.575 0.718 0.846 0.944 0.995 0.998 0.984 0.918 0.809 0.674 0.000 0.000 0.000 0.000 0.000 
0.000 0.000 0.000 0.000 0.000 0.000 0.000 0.000 0.000 0.013 0.025 0.046 0.081 0.133 0.209 0.309 0.431 0.570 0.713 0.842 0.941 0.994 0.998 0.986 0.921 0.813 0.000 0.000 0.000 0.000 
0.000 0.000 0.000 0.000 0.000 0.000 0.000 0.000 0.000 0.000 0.000 0.012 0.024 0.045 0.079 0.131 0.206 0.305 0.427 0.565 0.708 0.838 0.938 0.993 0.997 0.987 0.924 0.000 0.000 0.000 
0.000 0.000 0.000 0.000 0.000 0.000 0.000 0.000 0.000 0.000 0.000 0.000 0.000 0.012 0.024 0.044 0.078 0.129 0.203 0.301 0.422 0.561 0.703 0.834 0.936 0.992 0.996 0.988 0.000 0.000 
# 0 4 10 30
0.995 1.000 0.995 0.936 0.832 0.699 0.556 0.417 0.297 0.199 0.126 0.076 0.043 0.023 0.012 0.000 0.000 0.000 0.000 0.000 0.000 0.000 0.000 0.000 0.000 0.000 0.000 0.000 0.000 0.000 
0.126 0.076 0.043 0.023 0.012 0.000 0.000 0.000 0.000 0.000 0.000 0.000 0.000 0.000 0.000 0.000 0.000 0.000 0.000 0.000 0.699 0.832 0.936 0.995 1.000 0.995 0.936 0.832 0.699 0.556 
0.000 0.000 0.000 0.000 0.000 0.000 0.000 0.000 0.000 0.000 0.699 0.832 0.936 0.995 1.000 0.995 0.936 0.832 0.699 0.556 0.417 0.297 0.199 0.126 0.076 0.043 0.023 0.012 0.000 0.000 
0.699 0.832 0.936 0.995 1.000 0.995 0.936 0.832 0.699 0.556 0.417 0.297 0.199 0.126 0.076 0.043 0.023 0.012 0.000 0.000 0.000 0.000 0.000 0.000 0.000 0.000 0.000 0.000 0.000 0.000 
0.417 0.297 0.199 0.126 0.076 0.043 0.023 0.012 0.000 0.000 0.000 0.000 0.000 0.000 0.000 0.000 0.000 0.000 0.000 0.000 0.297 0.417 0.556 0.699 0.832 0.936 0.995 1.000 0.995 0.936 
0.000 0.000 0.000 0.000 0.000 0.000 0.000 0.000 0.000 0.000 0.297 0.417 0.556 0.699 0.832 0.936 0.995 1.000 0.995 0.936 0.832 0.699 0.556 0.417 0.297 0.199 0.126 0.076 0.043 0.023 
0.297 0.417 0.556 0.699 0.832 0.936 0.995 1.000 0.995 0.936 0.832 0.699 0.556 0.417 0.297 0.199 0.126 0.076 0.043 0.023 0.012 0.000 0.000 0.000 0.000 0.000 0.000 0.000 0.000 0.000 
0.832 0.699 0.556 0.417 0.297 0.199 0.126 0.076 0.043 0.023 0.012 0.000 0.000 0.000 0.000 0.000 0.000 0.000 0.000 0.000 0.076 0.126 0.199 0.297 0.417 0.556 0.699 0.832 0.936 0.995 
0.012 0.000 0.000 0.000 0.000 0.000 0.000 0.000 0.000 0.000 0.076 0.126 0.199 0.297 0.417 0.556 0.699 0.832 0.936 0.995 1.000 0.995 0.936 0.832 0.699 0.556 0.417 0.297 0.199 0.126 
0.076 0.126 0.199 0.297 0.417 0.556 0.699 0.832 0.936 0.995 1.000 0.995 0.936 0.832 0.699 0.556 0.417 0.297 0.199 0.126 0.076 0.043 0.023 0.012 0.000 0.000 0.000 0.000 0.000 0.000 
# 1 0 30 4
0.995 0.802 0.360 0.090 
0.774 0.334 0.999 0.988 
0.746 1.000 0.995 0.802 
0.999 0.999 0.286 0.716 
-0.944 -0.974 -0.730 -0.397 
-0.663 -0.944 -0.975 -0.732 
-0.340 -0.665 -0.944 -0.974 
-0.339 -0.339 -0.663 -0.944 
-0.034 -0.126 -0.340 -0.665 
-0.944 -0.663 -0.339 -0.339 
0.000 0.000 -0.034 -0.126 
-0.732 -0.975 -0.944 -0.663 
0.000 0.000 0.000 0.000 
0.000 0.000 0.000 0.000 
0.000 0.000 0.000 0.000 
0.000 0.000 0.000 0.000 
0.000 0.000 0.000 0.000 
0.000 0.000 0.000 0.000 
0.000 0.000 0.000 0.000 
0.000 0.000 0.000 0.000 
0.000 0.000 0.000 0.000 
0.000 0.000 0.000 0.000 
0.000 0.000 0.000 0.000 
0.000 0.000 0.000 0.000 
0.000 0.000 0.000 0.000 
0.000 0.000 0.000 0.000 
0.000 0.000 0.000 0.000 
0.000 0.000 0.000 0.000 
0.000 0.000 0.000 0.000 
0.000 0.000 0.000 0.000 
# 1 2 5 4
0.940 0.921 0.502 0.153 
0.981 0.855 0.415 0.775 
1.000 0.775 0.415 0.855 
0.996 0.153 0.502 0.921 
-0.088 -0.022 0.000 0.000 
# 1 3 29 4
0.995 0.803 0.361 0.090 
0.997 0.789 0.347 0.997 
0.999 0.775 0.714 0.999 
1.000 0.296 0.730 1.000 
-0.277 -0.407 -0.740 -0.978 
0.000 0.000 -0.020 -0.084 
0.000 0.000 0.000 0.000 
0.000 0.000 0.000 0.000 
0.000 0.000 0.000 0.000 
0.000 0.000 0.000 0.000 
0.000 0.000 0.000 0.000 
0.000 0.000 0.000 0.000 
0.000 0.000 0.000 0.000 
0.000 0.000 0.000 0.000 
0.000 0.000 0.000 0.000 
0.000 0.000 0.000 0.000 
0.000 0.000 0.000 0.000 
0.000 0.000 0.000 0.000 
0.000 0.000 0.000 0.000 
0.000 0.000 0.000 0.000 
0.000 0.000 0.000 0.000 
0.000 0.000 0.000 0.000 
0.000 0.000 0.000 0.000 
0.000 0.000 0.000 0.000 
0.000 0.000 0.000 0.000 
0.000 0.000 0.000 0.000 
0.000 0.000 0.000 0.000 
0.000 0.000 0.000 0.000 
0.000 0.000 0.000 0.000 
# 2 0 30 5
0.987 0.907 0.573 0.249 0.074 
0.998 0.987 0.907 0.573 0.249 
0.862 0.998 0.987 0.907 0.573 
0.512 0.862 0.998 0.987 0.907 
0.209 0.512 0.862 0.998 0.987 
-0.638 -0.930 -0.984 -0.756 -0.422 
-0.361 -0.690 -0.958 -0.965 -0.706 
-0.318 -0.318 -0.638 -0.930 -0.984 
-0.038 -0.137 -0.361 -0.690 -0.958 
-0.930 -0.638 -0.318 -0.318 -0.638 
0.000 0.000 -0.038 -0.137 -0.361 
-0.756 -0.984 -0.930 -0.638 -0.318 
-0.975 -0.894 -0.771 -0.625 -0.477 
-0.074 -0.078 -0.133 -0.212 -0.318 
-0.584 -0.732 -0.864 -0.958 -0.999 
-0.595 -0.448 -0.318 -0.212 -0.133 
-0.231 -0.342 -0.477 -0.298 -0.424 
-0.971 -1.000 -0.969 -0.883 -0.757 
-0.194 -0.120 -0.070 -0.083 -0.140 
-0.321 -0.452 -0.599 -0.747 -0.875 
-0.860 -0.729 -0.580 -0.434 -0.306 
0.000 0.000 0.000 0.000 0.000 
0.000 0.000 0.000 0.000 0.000 
0.000 0.000 0.000 0.000 0.000 
0.000 0.000 0.000 0.000 0.000 
0.000 0.000 0.000 0.000 0.000 
0.000 0.000 0.000 0.000 0.000 
0.000 0.000 0.000 0.000 0.000 
0.000 0.000 0.000 0.000 0.000 
0.000 0.000 0.000 0.000 0.000 
# 2 1 4 5
0.943 0.994 0.770 0.410 0.150 
0.150 0.917 0.982 1.000 0.850 
0.850 0.497 0.497 0.850 1.000 
1.000 0.982 0.917 0.150 0.410 
# 2 3 29 5
0.986 0.907 0.574 0.250 0.075 
0.216 0.999 0.982 0.915 0.586 
0.880 0.536 0.840 1.000 0.978 
0.994 0.992 0.889 0.473 0.830 
0.523 0.870 0.996 0.989 0.179 
0.000 0.000 -0.023 -0.092 -0.269 
-0.700 -0.550 -0.407 -0.283 -0.185 
-0.066 -0.114 -0.185 -0.283 -0.407 
-0.321 -0.452 -0.599 -0.747 -0.875 
-0.995 -0.941 -0.837 -0.700 -0.550 
-0.231 -0.147 -0.087 -0.066 0.000 
0.000 0.000 0.000 0.000 0.000 
0.000 0.000 0.000 0.000 0.000 
0.000 0.000 0.000 0.000 0.000 
0.000 0.000 0.000 0.000 0.000 
0.000 0.000 0.000 0.000 0.000 
0.000 0.000 0.000 0.000 0.000 
0.000 0.000 0.000 0.000 0.000 
0.000 0.000 0.000 0.000 0.000 
0.000 0.000 0.000 0.000 0.000 
0.000 0.000 0.000 0.000 0.000 
0.000 0.000 0.000 0.000 0.000 
0.000 0.000 0.000 0.000 0.000 
0.000 0.000 0.000 0.000 0.000 
0.000 0.000 0.000 0.000 0.000 
0.000 0.000 0.000 0.000 0.000 
0.000 0.000 0.000 0.000 0.000 
0.000 0.000 0.000 0.000 0.000 
0.000 0.000 0.000 0.000 0.000 
# 3 0 30 29
0.000 0.000 0.000 0.000 0.000 0.000 0.021 0.050 0.105 0.200 0.341 0.522 0.719 0.889 0.988 0.986 0.884 0.712 0.516 0.335 0.196 0.103 0.048 0.021 0.000 0.000 0.000 0.000 0.000 
0.000 0.000 0.000 0.000 0.000 0.000 0.022 0.051 0.108 0.204 0.346 0.529 0.725 0.893 0.989 0.984 0.879 0.706 0.509 0.330 0.192 0.100 0.047 0.020 0.000 0.000 0.000 0.000 0.000 
0.000 0.000 0.000 0.000 0.000 0.000 0.022 0.053 0.110 0.208 0.352 0.535 0.731 0.898 0.991 0.982 0.874 0.699 0.503 0.325 0.188 0.098 0.046 0.019 0.000 0.000 0.000 0.000 0.000 
0.000 0.000 0.000 0.000 0.000 0.000 0.023 0.054 0.113 0.212 0.357 0.542 0.738 0.903 0.992 0.980 0.869 0.693 0.496 0.319 0.185 0.096 0.045 0.019 0.000 0.000 0.000 0.000 0.000 
0.000 0.000 0.000 0.000 0.000 0.000 0.024 0.055 0.115 0.216 0.363 0.548 0.744 0.907 0.993 0.978 0.864 0.686 0.490 0.314 0.181 0.094 0.043 0.018 0.000 0.000 0.000 0.000 0.000 
0.000 0.000 0.000 0.000 0.000 0.000 0.025 0.057 0.118 0.220 0.369 0.555 0.750 0.911 0.995 0.975 0.859 0.680 0.483 0.309 0.177 0.091 0.042 0.018 0.017 0.000 0.000 0.000 0.000 
0.000 0.000 0.000 0.000 0.000 0.000 0.025 0.058 0.121 0.224 0.374 0.561 0.756 0.916 0.996 0.973 0.854 0.673 0.477 0.304 0.174 0.089 0.041 0.040 0.017 0.000 0.000 0.000 0.000 
0.000 0.000 0.000 0.000 0.000 0.010 0.026 0.060 0.123 0.228 0.380 0.568 0.762 0.920 0.997 0.970 0.849 0.667 0.471 0.299 0.170 0.087 0.085 0.039 0.016 0.000 0.000 0.000 0.000 
0.000 0.000 0.000 0.000 0.000 0.011 0.027 0.061 0.126 0.233 0.386 0.574 0.769 0.924 0.998 0.968 0.843 0.660 0.465 0.294 0.167 0.163 0.083 0.038 0.016 0.000 0.000 0.000 0.000 
0.000 0.000 0.000 0.000 0.000 0.011 0.028 0.063 0.129 0.237 0.392 0.581 0.775 0.928 0.998 0.965 0.838 0.654 0.458 0.289 0.284 0.160 0.081 0.037 0.015 0.000 0.000 0.000 0.000 
0.000 0.000 0.000 0.000 0.000 0.011 0.028 0.065 0.132 0.242 0.397 0.588 0.781 0.932 0.999 0.962 0.832 0.647 0.452 0.446 0.279 0.157 0.079 0.036 0.015 0.000 0.000 0.000 0.000 
0.000 0.000 0.000 0.000 0.000 0.012 0.029 0.066 0.135 0.246 0.403 0.594 0.787 0.935 0.999 0.959 0.827 0.641 0.634 0.440 0.274 0.153 0.077 0.035 0.014 0.000 0.000 0.000 0.000 
0.000 0.000 0.000 0.000 0.000 0.012 0.030 0.068 0.138 0.251 0.409 0.601 0.793 0.939 1.000 0.956 0.821 0.816 0.627 0.434 0.269 0.150 0.075 0.034 0.014 0.000 0.000 0.000 0.000 
0.000 0.000 0.000 0.000 0.000 0.012 0.031 0.070 0.141 0.255 0.415 0.608 0.798 0.943 1.000 0.953 0.950 0.810 0.621 0.427 0.264 0.147 0.073 0.033 0.013 0.000 0.000 0.000 0.000 
0.000 0.000 0.000 0.000 0.000 0.013 0.032 0.072 0.144 0.260 0.421 0.614 0.804 0.946 1.000 1.000 0.946 0.804 0.614 0.421 0.260 0.144 0.072 0.032 0.013 0.000 0.000 0.000 0.000 
0.000 0.000 0.000 0.000 0.000 0.013 0.033 0.073 0.147 0.264 0.427 0.621 0.810 0.950 0.953 1.000 0.943 0.798 0.608 0.415 0.255 0.141 0.070 0.031 0.012 0.000 0.000 0.000 0.000 
0.000 0.000 0.000 0.000 0.000 0.014 0.034 0.075 0.150 0.269 0.434 0.627 0.816 0.821 0.956 1.000 0.939 0.793 0.601 0.409 0.251 0.138 0.068 0.030 0.012 0.000 0.000 0.000 0.000 
0.000 0.000 0.000 0.000 0.000 0.014 0.035 0.077 0.153 0.274 0.440 0.634 0.641 0.827 0.959 0.999 0.935 0.787 0.594 0.403 0.246 0.135 0.066 0.029 0.012 0.000 0.000 0.000 0.000 
0.000 0.000 0.000 0.000 0.000 0.015 0.036 0.079 0.157 0.279 0.446 0.452 0.647 0.832 0.962 0.999 0.932 0.781 0.588 0.397 0.242 0.132 0.065 0.028 0.011 0.000 0.000 0.000 0.000 
0.000 0.000 0.000 0.000 0.000 0.015 0.037 0.081 0.160 0.284 0.289 0.458 0.654 0.838 0.965 0.998 0.928 0.775 0.581 0.392 0.237 0.129 0.063 0.028 0.011 0.000 0.000 0.000 0.000 
0.000 0.000 0.000 0.000 0.000 0.016 0.038 0.083 0.163 0.167 0.294 0.465 0.660 0.843 0.968 0.998 0.924 0.769 0.574 0.386 0.233 0.126 0.061 0.027 0.011 0.000 0.000 0.000 0.000 
0.000 0.000 0.000 0.000 0.000 0.016 0.039 0.085 0.087 0.170 0.299 0.471 0.667 0.849 0.970 0.997 0.920 0.762 0.568 0.380 0.228 0.123 0.060 0.026 0.010 0.000 0.000 0.000 0.000 
0.000 0.000 0.000 0.000 0.000 0.017 0.040 0.041 0.089 0.174 0.304 0.477 0.673 0.854 0.973 0.996 0.916 0.756 0.561 0.374 0.224 0.121 0.058 0.025 0.000 0.000 0.000 0.000 0.000 
0.000 0.000 0.000 0.000 0.000 0.017 0.018 0.042 0.091 0.177 0.309 0.483 0.680 0.859 0.975 0.995 0.911 0.750 0.555 0.369 0.220 0.118 0.057 0.025 0.000 0.000 0.000 0.000 0.000 
0.000 0.000 0.000 0.000 0.000 0.000 0.018 0.043 0.094 0.181 0.314 0.490 0.686 0.864 0.978 0.993 0.907 0.744 0.548 0.363 0.216 0.115 0.055 0.024 0.000 0.000 0.000 0.000 0.000 
0.000 0.000 0.000 0.000 0.000 0.000 0.019 0.045 0.096 0.185 0.319 0.496 0.693 0.869 0.980 0.992 0.903 0.738 0.542 0.357 0.212 0.113 0.054 0.023 0.000 0.000 0.000 0.000 0.000 
0.000 0.000 0.000 0.000 0.000 0.000 0.019 0.046 0.098 0.188 0.325 0.503 0.699 0.874 0.982 0.991 0.898 0.731 0.535 0.352 0.208 0.110 0.053 0.022 0.000 0.000 0.000 0.000 0.000 
0.000 0.000 0.000 0.000 0.000 0.000 0.020 0.047 0.100 0.192 0.330 0.509 0.706 0.879 0.984 0.989 0.893 0.725 0.529 0.346 0.204 0.108 0.051 0.022 0.000 0.000 0.000 0.000 0.000 
0.000 0.000 0.000 0.000 0.000 0.000 0.021 0.048 0.103 0.196 0.335 0.516 0.712 0.884 0.986 0.988 0.889 0.719 0.522 0.341 0.200 0.105 0.050 0.021 0.000 0.000 0.000 0.000 0.000 
0.000 0.000 0.000 0.000 0.000 0.000 0.000 0.000 0.000 0.000 0.000 0.000 0.000 0.000 0.000 0.000 0.000 0.000 0.000 0.000 0.000 0.000 0.000 0.000 0.000 0.000 0.000 0.000 0.000 
# 3 1 4 29
0.000 0.000 0.000 0.000 0.000 0.000 0.000 0.000 0.000 0.019 0.044 0.095 0.184 0.318 0.495 0.692 0.869 0.980 0.993 0.904 0.740 0.544 0.359 0.213 0.113 0.054 0.023 0.000 0.000 
0.000 0.000 0.000 0.000 0.000 0.019 0.044 0.095 0.184 0.318 0.495 0.692 0.869 0.980 0.993 0.904 0.740 0.544 0.359 0.213 0.113 0.054 0.023 0.000 0.000 0.402 0.245 0.134 0.066 
0.000 0.019 0.044 0.095 0.184 0.318 0.495 0.692 0.869 0.980 0.993 0.904 0.740 0.544 0.359 0.213 0.113 0.054 0.023 0.000 0.000 0.402 0.245 0.134 0.066 0.029 0.012 0.000 0.000 
0.184 0.318 0.495 0.692 0.869 0.980 0.993 0.904 0.740 0.544 0.359 0.213 0.113 0.054 0.023 0.000 0.000 0.402 0.245 0.134 0.066 0.029 0.012 0.000 0.000 0.000 0.000 0.000 0.000 
# 3 2 5 29
0.000 0.000 0.000 0.000 0.000 0.000 0.000 0.000 0.014 0.035 0.078 0.155 0.276 0.443 0.638 0.825 0.958 1.000 0.938 0.790 0.598 0.407 0.248 0.136 0.067 0.030 0.012 0.000 0.000 
0.000 0.000 0.000 0.014 0.035 0.078 0.155 0.276 0.443 0.638 0.825 0.958 1.000 0.938 0.790 0.598 0.407 0.248 0.136 0.067 0.030 0.012 0.000 0.000 0.119 0.058 0.025 0.000 0.000 
0.078 0.155 0.276 0.443 0.638 0.825 0.958 1.000 0.938 0.790 0.598 0.407 0.248 0.136 0.067 0.030 0.012 0.000 0.000 0.119 0.058 0.025 0.000 0.000 0.000 0.000 0.000 0.000 0.000 
0.825 0.958 1.000 0.938 0.790 0.598 0.407 0.248 0.136 0.067 0.030 0.012 0.000 0.000 0.119 0.058 0.025 0.000 0.000 0.000 0.000 0.000 0.000 0.000 0.000 0.000 0.000 0.000 0.017 
0.598 0.407 0.248 0.136 0.067 0.030 0.012 0.000 0.000 0.119 0.058 0.025 0.000 0.000 0.000 0.000 0.000 0.000 0.000 0.000 0.000 0.000 0.000 0.017 0.042 0.090 0.176 0.306 0.481 
# 4 0 30 10
-0.830 -0.986 -0.964 -0.777 -0.515 -0.281 -0.127 -0.047 -0.014 0.000 
-0.898 -0.830 -0.986 -0.964 -0.777 -0.515 -0.281 -0.127 -0.047 -0.014 
-1.000 -0.898 -0.830 -0.986 -0.964 -0.777 -0.515 -0.281 -0.127 -0.047 
-0.917 -1.000 -0.898 -0.830 -0.986 -0.964 -0.777 -0.515 -0.281 -0.127 
-0.692 -0.917 -1.000 -0.898 -0.830 -0.986 -0.964 -0.777 -0.515 -0.281 
-0.430 -0.692 -0.917 -1.000 -0.898 -0.830 -0.986 -0.964 -0.777 -0.515 
-0.220 -0.430 -0.692 -0.917 -1.000 -0.898 -0.830 -0.986 -0.964 -0.777 
-0.093 -0.220 -0.430 -0.692 -0.917 -1.000 -0.898 -0.830 -0.986 -0.964 
-0.032 -0.093 -0.220 -0.430 -0.692 -0.917 -1.000 -0.898 -0.830 -0.986 
0.000 -0.032 -0.093 -0.220 -0.430 -0.692 -0.917 -1.000 -0.898 -0.830 
0.000 0.000 0.000 0.027 0.148 0.476 0.894 0.977 0.621 0.230 
0.000 0.000 0.000 0.000 0.027 0.148 0.476 0.894 0.977 0.621 
0.000 0.000 0.000 0.000 0.000 0.027 0.148 0.476 0.894 0.977 
0.000 0.000 0.000 0.000 0.000 0.000 0.027 0.148 0.476 0.894 
0.000 0.000 0.000 0.000 0.000 0.000 0.000 0.027 0.148 0.476 
0.000 0.000 0.000 0.000 0.000 0.000 0.000 0.000 0.000 0.000 
0.000 0.000 0.000 0.000 0.000 0.000 0.000 0.000 0.000 0.000 
0.000 0.000 0.000 0.000 0.000 0.000 0.000 0.000 0.000 0.000 
0.000 0.000 0.000 0.000 0.000 0.000 0.000 0.000 0.000 0.000 
0.000 0.000 0.000 0.000 0.000 0.000 0.000 0.000 0.000 0.000 
0.000 0.000 0.000 0.000 0.000 0.000 0.000 0.000 0.000 0.000 
0.000 0.000 0.000 0.000 0.000 0.000 0.000 0.000 0.000 0.000 
0.000 0.000 0.000 0.000 0.000 0.000 0.000 0.000 0.000 0.000 
0.000 0.000 0.000 0.000 0.000 0.000 0.000 0.000 0.000 0.000 
0.000 0.000 0.000 0.000 0.000 0.000 0.000 0.000 0.000 0.000 
0.000 0.000 0.000 0.000 0.000 0.000 0.000 0.000 0.000 0.000 
0.000 0.000 0.000 0.000 0.000 0.000 0.000 0.000 0.000 0.000 
0.000 0.000 0.000 0.000 0.000 0.000 0.000 0.000 0.000 0.000 
0.000 0.000 0.000 0.000 0.000 0.000 0.000 0.000 0.000 0.000 
0.000 0.000 0.000 0.000 0.000 0.000 0.000 0.000 0.000 0.000 
# 4 1 4 10
0.093 0.266 0.673 0.988 0.845 0.421 0.122 0.021 0.000 0.000 
0.845 0.421 0.122 0.021 0.000 0.000 0.000 0.000 0.000 0.000 
0.000 0.000 0.000 0.000 0.000 0.000 0.000 0.453 0.137 0.194 
0.000 0.000 0.000 0.453 0.137 0.194 0.561 0.944 0.925 0.527 
# 4 2 5 10
0.093 0.266 0.673 0.988 0.845 0.421 0.122 0.021 0.000 0.000 
0.421 0.122 0.021 0.000 0.000 0.000 0.000 0.000 0.000 0.000 
0.000 0.000 0.000 0.000 0.000 0.453 0.137 0.194 0.561 0.944 
0.453 0.137 0.194 0.561 0.944 0.925 0.527 0.175 0.034 0.000 
0.925 0.527 0.175 0.034 0.000 0.000 0.000 0.000 0.000 0.000 
# 4 3 29 10
0.086 0.282 0.694 0.994 0.828 0.402 0.113 0.019 0.000 0.000 
0.000 0.876 0.457 0.139 0.192 0.558 0.943 0.928 0.532 0.177 
0.000 0.000 0.498 0.906 0.960 0.592 0.212 0.124 0.425 0.850 
0.078 0.011 0.000 0.016 0.101 0.372 0.799 0.999 0.728 0.308 
0.986 0.856 0.433 0.127 0.000 0.000 0.000 0.060 0.263 0.669 
0.155 0.173 0.524 0.923 0.947 0.000 0.000 0.000 0.000 0.000 
0.882 0.974 0.626 0.234 0.110 0.394 0.000 0.000 0.000 0.000 
0.000 0.000 0.000 0.000 0.000 0.000 0.000 0.000 0.000 0.000 
0.000 0.000 0.000 0.000 0.000 0.000 0.000 0.000 0.000 0.000 
0.000 0.000 0.000 0.000 0.000 0.000 0.000 0.000 0.000 0.000 
0.000 0.000 0.000 0.000 0.000 0.000 0.000 0.000 0.000 0.000 
0.000 0.000 0.000 0.000 0.000 0.000 0.000 0.000 0.000 0.000 
0.000 0.000 0.000 0.000 0.000 0.000 0.000 0.000 0.000 0.000 
0.000 0.000 0.000 0.000 0.000 0.000 0.000 0.000 0.000 0.000 
0.000 0.000 0.000 0.000 0.000 0.000 0.000 0.000 0.000 0.000 
0.000 0.000 0.000 0.000 0.000 0.000 0.000 0.000 0.000 0.000 
0.000 0.000 0.000 0.000 0.000 0.000 0.000 0.000 0.000 0.000 
0.000 0.000 0.000 0.000 0.000 0.000 0.000 0.000 0.000 0.000 
0.000 0.000 0.000 0.000 0.000 0.000 0.000 0.000 0.000 0.000 
0.000 0.000 0.000 0.000 0.000 0.000 0.000 0.000 0.000 0.000 
0.000 0.000 0.000 0.000 0.000 0.000 0.000 0.000 0.000 0.000 
0.000 0.000 0.000 0.000 0.000 0.000 0.000 0.000 0.000 0.000 
0.000 0.000 0.000 0.000 0.000 0.000 0.000 0.000 0.000 0.000 
0.000 0.000 0.000 0.000 0.000 0.000 0.000 0.000 0.000 0.000 
0.000 0.000 0.000 0.000 0.000 0.000 0.000 0.000 0.000 0.000 
0.000 0.000 0.000 0.000 0.000 0.000 0.000 0.000 0.000 0.000 
0.000 0.000 0.000 0.000 0.000 0.000 0.000 0.000 0.000 0.000 
0.000 0.000 0.000 0.000 0.000 0.000 0.000 0.000 0.000 0.000 
0.000 0.000 0.000 0.000 0.000 0.000 0.000 0.000 0.000 0.000 
