2.124237
3
# 0 1 18 30
0.031 0.076 0.500 1.000 0.607 0.112 0.000 0.000 0.000 0.000 0.000 0.000 0.000 0.000 0.000 0.000 0.000 0.000 0.000 0.000 0.000 0.000 0.000 0.000 0.000 0.000 0.000 0.000 0.000 0.000 
0.000 0.000 0.000 0.000 0.000 0.000 0.000 0.000 0.000 0.000 0.000 0.000 0.720 0.163 0.011 0.163 0.720 0.966 0.394 0.049 0.000 0.000 0.000 0.000 0.000 0.000 0.000 0.000 0.000 0.000 
0.394 0.049 0.000 0.000 0.000 0.000 0.000 0.000 0.000 0.000 0.000 0.000 0.000 0.000 0.000 0.000 0.000 0.000 0.000 0.000 0.000 0.000 0.000 0.000 0.607 1.000 0.500 0.076 0.031 0.305 
0.000 0.000 0.000 0.000 0.000 0.000 0.607 1.000 0.500 0.076 0.031 0.305 0.906 0.818 0.224 0.019 0.000 0.000 0.000 0.000 0.000 0.000 0.000 0.000 0.000 0.000 0.000 0.000 0.000 0.000 
0.000 0.000 0.000 0.000 0.000 0.000 0.000 0.000 0.000 0.000 0.000 0.000 0.000 0.000 0.000 0.000 0.000 0.000 0.019 0.224 0.818 0.906 0.305 0.031 0.076 0.500 1.000 0.607 0.112 0.000 
0.019 0.224 0.818 0.906 0.305 0.031 0.076 0.500 1.000 0.607 0.112 0.000 0.000 0.000 0.000 0.000 0.000 0.000 0.000 0.000 0.000 0.000 0.000 0.000 0.000 0.000 0.000 0.000 0.000 0.000 
0.000 0.000 0.000 0.000 0.000 0.000 0.000 0.000 0.000 0.000 0.000 0.000 0.000 0.000 0.049 0.394 0.966 0.720 0.163 0.011 0.163 0.720 0.966 0.394 0.049 0.000 0.000 0.000 0.000 0.000 
0.163 0.011 0.163 0.720 0.966 0.394 0.049 0.000 0.000 0.000 0.000 0.000 0.000 0.000 0.000 0.000 0.000 0.000 0.000 0.000 0.000 0.000 0.000 0.000 0.000 0.000 0.000 0.000 0.112 0.607 
0.000 0.000 0.000 0.000 0.000 0.000 0.000 0.000 0.000 0.000 0.112 0.607 1.000 0.500 0.076 0.031 0.305 0.906 0.818 0.224 0.019 0.000 0.000 0.000 0.000 0.000 0.000 0.000 0.000 0.000 
0.818 0.224 0.019 0.000 0.000 0.000 0.000 0.000 0.000 0.000 0.000 0.000 0.000 0.000 0.000 0.000 0.000 0.000 0.000 0.000 0.000 0.000 0.000 0.019 0.224 0.818 0.906 0.305 0.031 0.076 
0.000 0.000 0.000 0.000 0.000 0.019 0.224 0.818 0.906 0.305 0.031 0.076 0.500 1.000 0.607 0.112 0.000 0.000 0.000 0.000 0.000 0.000 0.000 0.000 0.000 0.000 0.000 0.000 0.000 0.000 
0.000 0.000 0.000 0.000 0.000 0.000 0.000 0.000 0.000 0.000 0.000 0.000 0.000 0.000 0.000 0.000 0.000 0.000 0.000 0.049 0.394 0.966 0.720 0.163 0.011 0.163 0.720 0.966 0.394 0.049 
0.000 0.049 0.394 0.966 0.720 0.163 0.011 0.163 0.720 0.966 0.394 0.049 0.000 0.000 0.000 0.000 0.000 0.000 0.000 0.000 0.000 0.000 0.000 0.000 0.000 0.000 0.000 0.000 0.000 0.000 
0.000 0.000 0.000 0.000 0.000 0.000 0.000 0.000 0.000 0.000 0.000 0.000 0.000 0.000 0.000 0.112 0.607 1.000 0.500 0.076 0.031 0.305 0.906 0.818 0.224 0.019 0.000 0.000 0.000 0.000 
0.500 0.076 0.031 0.305 0.906 0.818 0.224 0.019 0.000 0.000 0.000 0.000 0.000 0.000 0.000 0.000 0.000 0.000 0.000 0.000 0.000 0.000 0.000 0.000 0.000 0.000 0.000 0.000 0.019 0.224 
0.000 0.000 0.000 0.000 0.000 0.000 0.000 0.000 0.000 0.000 0.019 0.224 0.818 0.906 0.305 0.031 0.076 0.500 1.000 0.607 0.112 0.000 0.000 0.000 0.000 0.000 0.000 0.000 0.000 0.000 
1.000 0.607 0.112 0.000 0.000 0.000 0.000 0.000 0.000 0.000 0.000 0.000 0.000 0.000 0.000 0.000 0.000 0.000 0.000 0.000 0.000 0.000 0.000 0.000 0.049 0.394 0.966 0.720 0.163 0.011 
0.000 0.000 0.000 0.000 0.000 0.000 0.049 0.394 0.966 0.720 0.163 0.011 0.163 0.720 0.966 0.394 0.049 0.000 0.000 0.000 0.000 0.000 0.000 0.000 0.000 0.000 0.000 0.000 0.000 0.000 
# 0 2 10 30
0.168 0.012 0.168 0.745 1.000 0.408 0.050 0.000 0.000 0.000 0.000 0.000 0.000 0.000 0.000 0.000 0.000 0.000 0.000 0.000 0.000 0.000 0.000 0.000 0.000 0.000 0.000 0.000 0.000 0.000 
0.000 0.000 0.000 0.000 0.000 0.000 0.000 0.000 0.000 0.000 0.000 0.000 0.000 0.000 0.000 0.000 0.000 0.000 0.000 0.000 0.408 1.000 0.745 0.168 0.012 0.168 0.745 1.000 0.408 0.050 
0.000 0.000 0.000 0.000 0.000 0.000 0.000 0.000 0.000 0.000 0.408 1.000 0.745 0.168 0.012 0.168 0.745 1.000 0.408 0.050 0.000 0.000 0.000 0.000 0.000 0.000 0.000 0.000 0.000 0.000 
0.408 1.000 0.745 0.168 0.012 0.168 0.745 1.000 0.408 0.050 0.000 0.000 0.000 0.000 0.000 0.000 0.000 0.000 0.000 0.000 0.000 0.000 0.000 0.000 0.000 0.000 0.000 0.000 0.000 0.000 
0.000 0.000 0.000 0.000 0.000 0.000 0.000 0.000 0.000 0.000 0.000 0.000 0.000 0.000 0.000 0.000 0.000 0.000 0.000 0.000 0.000 0.000 0.050 0.408 1.000 0.745 0.168 0.012 0.168 0.745 
0.000 0.000 0.000 0.000 0.000 0.000 0.000 0.000 0.000 0.000 0.000 0.000 0.050 0.408 1.000 0.745 0.168 0.012 0.168 0.745 1.000 0.408 0.050 0.000 0.000 0.000 0.000 0.000 0.000 0.000 
0.000 0.000 0.050 0.408 1.000 0.745 0.168 0.012 0.168 0.745 1.000 0.408 0.050 0.000 0.000 0.000 0.000 0.000 0.000 0.000 0.000 0.000 0.000 0.000 0.000 0.000 0.000 0.000 0.000 0.000 
1.000 0.408 0.050 0.000 0.000 0.000 0.000 0.000 0.000 0.000 0.000 0.000 0.000 0.000 0.000 0.000 0.000 0.000 0.000 0.000 0.000 0.000 0.000 0.000 0.000 0.050 0.408 1.000 0.745 0.168 
0.000 0.000 0.000 0.000 0.000 0.000 0.000 0.000 0.000 0.000 0.000 0.000 0.000 0.000 0.000 0.050 0.408 1.000 0.745 0.168 0.012 0.168 0.745 1.000 0.408 0.050 0.000 0.000 0.000 0.000 
0.000 0.000 0.000 0.000 0.000 0.050 0.408 1.000 0.745 0.168 0.012 0.168 0.745 1.000 0.408 0.050 0.000 0.000 0.000 0.000 0.000 0.000 0.000 0.000 0.000 0.000 0.000 0.000 0.000 0.000 
# 1 0 30 18
0.989 0.989 0.900 0.745 0.561 0.385 0.240 0.136 0.070 0.033 0.014 0.000 0.000 0.000 0.000 0.000 0.000 0.000 
0.000 0.000 0.000 0.000 0.000 0.000 0.996 0.978 0.996 0.924 0.779 0.598 0.418 0.266 0.154 0.081 0.039 0.017 
0.524 0.353 0.216 0.120 0.061 0.028 0.012 0.000 0.000 0.000 0.000 0.000 0.900 0.989 0.989 1.000 0.945 0.812 
0.812 0.945 1.000 0.989 0.989 0.900 0.745 0.561 0.385 0.240 0.136 0.070 0.033 0.014 0.000 0.000 0.000 0.000 
0.053 0.024 0.000 0.000 0.000 0.000 0.598 0.779 0.924 0.996 0.978 0.996 0.924 0.779 0.598 0.418 0.266 0.154 
0.978 0.873 0.709 0.524 0.353 0.216 0.120 0.061 0.028 0.012 0.000 0.000 0.385 0.561 0.745 0.900 0.989 0.989 
0.293 0.453 0.636 0.812 0.945 1.000 0.989 0.989 0.900 0.745 0.561 0.385 0.240 0.136 0.070 0.033 0.014 0.000 
0.322 0.194 0.106 0.053 0.024 0.000 0.154 0.266 0.418 0.598 0.779 0.924 0.996 0.978 0.996 0.924 0.779 0.598 
0.963 1.000 0.996 0.978 0.873 0.709 0.524 0.353 0.216 0.120 0.061 0.028 0.070 0.136 0.240 0.385 0.561 0.745 
0.045 0.093 0.173 0.293 0.453 0.636 0.812 0.945 1.000 0.989 0.989 0.900 0.745 0.561 0.385 0.240 0.136 0.070 
0.844 0.673 0.488 0.322 0.194 0.106 0.017 0.039 0.081 0.154 0.266 0.418 0.598 0.779 0.924 0.996 0.978 0.996 
0.488 0.673 0.844 0.963 1.000 0.996 0.978 0.873 0.709 0.524 0.353 0.216 0.000 0.014 0.033 0.070 0.136 0.240 
0.000 0.000 0.020 0.045 0.093 0.173 0.293 0.453 0.636 0.812 0.945 1.000 0.989 0.989 0.900 0.745 0.561 0.385 
0.996 1.000 0.963 0.844 0.673 0.488 0.000 0.000 0.000 0.017 0.039 0.081 0.154 0.266 0.418 0.598 0.779 0.924 
0.106 0.194 0.322 0.488 0.673 0.844 0.963 1.000 0.996 0.978 0.873 0.709 0.000 0.000 0.000 0.000 0.014 0.033 
0.000 0.000 0.000 0.000 0.000 0.020 0.045 0.093 0.173 0.293 0.453 0.636 0.812 0.945 1.000 0.989 0.989 0.900 
0.709 0.873 0.978 0.996 1.000 0.963 0.000 0.000 0.000 0.000 0.000 0.000 0.017 0.039 0.081 0.154 0.266 0.418 
0.000 0.024 0.053 0.106 0.194 0.322 0.488 0.673 0.844 0.963 1.000 0.996 0.000 0.000 0.000 0.000 0.000 0.000 
0.000 0.000 0.000 0.000 0.000 0.000 0.000 0.000 0.000 0.000 0.000 0.000 0.000 0.000 0.000 0.000 0.000 0.000 
0.000 0.000 0.000 0.000 0.000 0.000 0.000 0.000 0.000 0.000 0.000 0.000 0.000 0.000 0.000 0.000 0.000 0.000 
0.000 0.000 0.000 0.000 0.000 0.000 0.000 0.000 0.000 0.000 0.000 0.000 0.000 0.000 0.000 0.000 0.000 0.000 
0.000 0.000 0.000 0.000 0.000 0.000 0.000 0.000 0.000 0.000 0.000 0.000 0.000 0.000 0.000 0.000 0.000 0.000 
0.000 0.000 0.000 0.000 0.000 0.000 0.000 0.000 0.000 0.000 0.000 0.000 0.000 0.000 0.000 0.000 0.000 0.000 
0.000 0.000 0.000 0.000 0.000 0.000 0.000 0.000 0.000 0.000 0.000 0.000 0.000 0.000 0.000 0.000 0.000 0.000 
0.000 0.000 0.000 0.000 0.000 0.000 0.000 0.000 0.000 0.000 0.000 0.000 0.000 0.000 0.000 0.000 0.000 0.000 
0.000 0.000 0.000 0.000 0.000 0.000 0.000 0.000 0.000 0.000 0.000 0.000 0.000 0.000 0.000 0.000 0.000 0.000 
0.000 0.000 0.000 0.000 0.000 0.000 0.000 0.000 0.000 0.000 0.000 0.000 0.000 0.000 0.000 0.000 0.000 0.000 
0.000 0.000 0.000 0.000 0.000 0.000 0.000 0.000 0.000 0.000 0.000 0.000 0.000 0.000 0.000 0.000 0.000 0.000 
0.000 0.000 0.000 0.000 0.000 0.000 0.000 0.000 0.000 0.000 0.000 0.000 0.000 0.000 0.000 0.000 0.000 0.000 
0.000 0.000 0.000 0.000 0.000 0.000 0.000 0.000 0.000 0.000 0.000 0.000 0.000 0.000 0.000 0.000 0.000 0.000 
# 2 0 30 10
0.824 0.000 0.000 0.000 0.000 0.000 0.000 0.000 0.000 0.000 
0.342 0.824 0.000 0.000 0.000 0.000 0.000 0.000 0.000 0.000 
0.000 0.342 0.824 0.000 0.000 0.000 0.000 0.000 0.000 0.000 
0.000 0.000 0.342 0.824 0.000 0.000 0.000 0.000 0.000 0.000 
0.000 0.000 0.000 0.342 0.824 0.000 0.000 0.000 0.000 0.000 
0.000 0.000 0.000 0.000 0.342 0.824 0.000 0.000 0.000 0.000 
0.000 0.000 0.000 0.000 0.000 0.342 0.824 0.000 0.000 0.000 
0.000 0.000 0.000 0.000 0.000 0.000 0.342 0.824 0.000 0.000 
0.000 0.000 0.000 0.000 0.000 0.000 0.000 0.342 0.824 0.000 
0.000 0.000 0.000 0.000 0.000 0.000 0.000 0.000 0.342 0.824 
0.000 0.000 0.000 0.000 0.000 0.000 0.000 0.000 0.000 0.000 
0.000 0.000 0.000 0.000 0.000 0.000 0.000 0.000 0.000 0.000 
0.000 0.000 0.000 0.000 0.000 0.000 0.000 0.000 0.000 0.000 
0.000 0.000 0.000 0.000 0.000 0.000 0.000 0.000 0.000 0.000 
0.000 0.000 0.000 0.000 0.000 0.000 0.000 0.000 0.000 0.000 
0.000 0.000 0.000 0.000 0.000 0.000 0.000 0.000 0.000 0.000 
0.000 0.000 0.000 0.000 0.000 0.000 0.000 0.000 0.000 0.000 
0.000 0.000 0.000 0.000 0.000 0.000 0.000 0.000 0.000 0.000 
0.000 0.000 0.000 0.000 0.000 0.000 0.000 0.000 0.000 0.000 
0.000 0.000 0.000 0.000 0.000 0.000 0.000 0.000 0.000 0.000 
0.000 0.000 0.000 0.000 0.000 0.000 0.000 0.000 0.000 0.000 
0.000 0.000 0.000 0.000 0.000 0.000 0.000 0.000 0.000 0.000 
0.000 0.000 0.000 0.000 0.000 0.000 0.000 0.000 0.000 0.000 
0.000 0.000 0.000 0.000 0.000 0.000 0.000 0.000 0.000 0.000 
0.000 0.000 0.000 0.000 0.000 0.000 0.000 0.000 0.000 0.000 
0.000 0.000 0.000 0.000 0.000 0.000 0.000 0.000 0.000 0.000 
0.000 0.000 0.000 0.000 0.000 0.000 0.000 0.000 0.000 0.000 
0.000 0.000 0.000 0.000 0.000 0.000 0.000 0.000 0.000 0.000 
0.000 0.000 0.000 0.000 0.000 0.000 0.000 0.000 0.000 0.000 
0.000 0.000 0.000 0.000 0.000 0.000 0.000 0.000 0.000 0.000 
# 2 1 18 10
0.000 0.000 0.000 0.000 0.000 0.000 0.000 0.000 0.000 0.000 
0.000 0.000 0.000 0.000 0.000 0.000 0.000 0.000 0.000 0.000 
0.000 0.000 0.000 0.000 0.000 0.000 0.000 0.000 0.000 0.000 
0.000 0.000 0.000 0.000 0.000 0.000 0.000 0.000 0.000 0.000 
0.000 0.000 0.000 0.000 0.000 0.000 0.000 0.000 0.000 0.000 
0.000 0.000 0.000 0.000 0.000 0.000 0.000 0.000 0.000 0.000 
0.000 0.000 0.000 0.000 0.000 0.000 0.000 0.000 0.000 0.000 
0.000 0.000 0.000 0.000 0.000 0.000 0.000 0.000 0.000 0.000 
0.000 0.000 0.000 0.000 0.000 0.000 0.000 0.000 0.000 0.000 
0.000 0.000 0.000 0.000 0.000 0.000 0.000 0.000 0.000 0.000 
0.000 0.000 0.000 0.000 0.000 0.000 0.000 0.000 0.000 0.000 
0.000 0.000 0.000 0.000 0.000 0.000 0.000 0.000 0.000 0.000 
0.000 0.000 0.000 0.000 0.000 0.000 0.000 0.000 0.000 0.000 
0.000 0.000 0.000 0.000 0.000 0.000 0.000 0.000 0.000 0.000 
0.000 0.000 0.000 0.000 0.000 0.000 0.000 0.000 0.000 0.000 
0.000 0.000 0.000 0.000 0.000 0.000 0.000 0.000 0.000 0.000 
0.000 0.000 0.000 0.000 0.000 0.000 0.000 0.000 0.000 0.000 
0.000 0.000 0.000 0.000 0.000 0.000 0.000 0.000 0.000 0.000 
