2.186192
3
# 0 1 13 30
0.000 0.000 0.000 0.091 0.453 0.948 0.834 0.308 0.048 0.000 0.000 0.000 0.000 0.000 0.000 0.000 0.000 0.000 0.000 0.000 0.000 0.000 0.000 0.000 0.000 0.000 0.000 0.000 0.000 0.000 
0.000 0.000 0.000 0.000 0.000 0.000 0.000 0.000 0.000 0.000 0.000 0.000 0.000 0.000 0.000 0.000 0.000 0.271 0.039 0.000 0.000 0.000 0.047 0.303 0.829 0.951 0.459 0.093 0.000 0.000 
0.000 0.000 0.000 0.000 0.271 0.039 0.000 0.000 0.000 0.047 0.303 0.829 0.951 0.459 0.093 0.000 0.000 0.000 0.000 0.000 0.000 0.000 0.000 0.000 0.000 0.000 0.000 0.000 0.000 0.000 
0.459 0.093 0.000 0.000 0.000 0.000 0.000 0.000 0.000 0.000 0.000 0.000 0.000 0.000 0.000 0.000 0.000 0.000 0.000 0.000 0.000 0.868 0.924 0.413 0.078 0.000 0.000 0.000 0.022 0.187 
0.000 0.000 0.000 0.000 0.000 0.000 0.000 0.000 0.868 0.924 0.413 0.078 0.000 0.000 0.000 0.022 0.187 0.667 1.000 0.630 0.167 0.019 0.000 0.000 0.000 0.000 0.000 0.000 0.000 0.000 
0.000 0.000 0.022 0.187 0.667 1.000 0.630 0.167 0.019 0.000 0.000 0.000 0.000 0.000 0.000 0.000 0.000 0.000 0.000 0.000 0.000 0.000 0.000 0.000 0.000 0.027 0.216 0.716 0.994 0.580 
0.000 0.000 0.000 0.000 0.000 0.000 0.000 0.000 0.000 0.000 0.000 0.000 0.027 0.216 0.716 0.994 0.580 0.142 0.015 0.000 0.000 0.000 0.106 0.495 0.968 0.796 0.275 0.040 0.000 0.000 
0.216 0.716 0.994 0.580 0.142 0.015 0.000 0.000 0.000 0.106 0.495 0.968 0.796 0.275 0.040 0.000 0.000 0.000 0.000 0.000 0.000 0.000 0.000 0.000 0.000 0.000 0.000 0.000 0.000 0.000 
0.275 0.040 0.000 0.000 0.000 0.000 0.000 0.000 0.000 0.000 0.000 0.000 0.000 0.000 0.000 0.000 0.000 0.000 0.012 0.126 0.543 0.985 0.751 0.241 0.032 0.000 0.000 0.000 0.056 0.338 
0.000 0.000 0.000 0.000 0.000 0.012 0.126 0.543 0.985 0.751 0.241 0.032 0.000 0.000 0.000 0.056 0.338 0.864 0.928 0.418 0.079 0.000 0.000 0.000 0.000 0.000 0.000 0.000 0.000 0.000 
0.000 0.000 0.056 0.338 0.864 0.928 0.418 0.079 0.000 0.000 0.000 0.000 0.000 0.000 0.000 0.000 0.000 0.000 0.000 0.000 0.000 0.000 0.000 0.000 0.000 0.067 0.380 0.900 0.896 0.374 
0.000 0.000 0.000 0.000 0.000 0.000 0.000 0.000 0.000 0.000 0.000 0.000 0.067 0.380 0.900 0.896 0.374 0.066 0.000 0.000 0.000 0.027 0.213 0.710 0.995 0.586 0.145 0.015 0.000 0.000 
0.380 0.900 0.896 0.374 0.066 0.000 0.000 0.000 0.027 0.213 0.710 0.995 0.586 0.145 0.015 0.000 0.000 0.000 0.000 0.000 0.000 0.000 0.000 0.000 0.000 0.000 0.000 0.000 0.000 0.000 
# 0 2 10 30
0.000 0.000 0.000 0.044 0.298 0.842 1.000 0.499 0.104 0.000 0.000 0.000 0.000 0.000 0.000 0.000 0.000 0.000 0.000 0.000 0.000 0.000 0.000 0.000 0.000 0.000 0.000 0.000 0.000 0.000 
0.000 0.000 0.000 0.000 0.000 0.000 0.000 0.000 0.000 0.000 0.000 0.000 0.000 0.000 0.000 0.000 0.000 0.000 0.000 0.000 0.842 0.298 0.044 0.000 0.000 0.000 0.044 0.298 0.842 1.000 
0.000 0.000 0.000 0.000 0.000 0.000 0.000 0.000 0.000 0.000 0.842 0.298 0.044 0.000 0.000 0.000 0.044 0.298 0.842 1.000 0.499 0.104 0.000 0.000 0.000 0.000 0.000 0.000 0.000 0.000 
0.842 0.298 0.044 0.000 0.000 0.000 0.044 0.298 0.842 1.000 0.499 0.104 0.000 0.000 0.000 0.000 0.000 0.000 0.000 0.000 0.000 0.000 0.000 0.000 0.000 0.000 0.000 0.000 0.000 0.000 
0.499 0.104 0.000 0.000 0.000 0.000 0.000 0.000 0.000 0.000 0.000 0.000 0.000 0.000 0.000 0.000 0.000 0.000 0.000 0.000 0.104 0.499 1.000 0.842 0.298 0.044 0.000 0.000 0.000 0.044 
0.000 0.000 0.000 0.000 0.000 0.000 0.000 0.000 0.000 0.000 0.104 0.499 1.000 0.842 0.298 0.044 0.000 0.000 0.000 0.044 0.298 0.842 1.000 0.499 0.104 0.000 0.000 0.000 0.000 0.000 
0.104 0.499 1.000 0.842 0.298 0.044 0.000 0.000 0.000 0.044 0.298 0.842 1.000 0.499 0.104 0.000 0.000 0.000 0.000 0.000 0.000 0.000 0.000 0.000 0.000 0.000 0.000 0.000 0.000 0.000 
0.298 0.842 1.000 0.499 0.104 0.000 0.000 0.000 0.000 0.000 0.000 0.000 0.000 0.000 0.000 0.000 0.000 0.000 0.000 0.000 0.000 0.000 0.000 0.104 0.499 1.000 0.842 0.298 0.044 0.000 
0.000 0.000 0.000 0.000 0.000 0.000 0.000 0.000 0.000 0.000 0.000 0.000 0.000 0.104 0.499 1.000 0.842 0.298 0.044 0.000 0.000 0.000 0.044 0.298 0.842 1.000 0.499 0.104 0.000 0.000 
0.000 0.000 0.000 0.104 0.499 1.000 0.842 0.298 0.044 0.000 0.000 0.000 0.044 0.298 0.842 1.000 0.499 0.104 0.000 0.000 0.000 0.000 0.000 0.000 0.000 0.000 0.000 0.000 0.000 0.000 
# 1 0 30 13
0.000 0.000 0.000 0.000 0.249 0.971 0.505 0.035 0.000 0.000 0.000 0.000 0.000 
0.015 0.336 1.000 0.397 0.021 0.000 0.000 0.000 0.000 0.000 0.000 0.000 0.000 
0.302 0.012 0.000 0.000 0.000 0.000 0.000 0.000 0.000 0.000 0.000 0.163 0.890 
0.000 0.000 0.000 0.000 0.000 0.000 0.000 0.000 0.230 0.959 0.533 0.040 0.000 
0.000 0.000 0.000 0.000 0.013 0.312 0.996 0.423 0.024 0.000 0.136 0.000 0.000 
0.000 0.022 0.410 0.998 0.324 0.014 0.745 0.091 0.000 0.000 0.000 0.000 0.000 
0.965 0.240 0.901 0.633 0.059 0.000 0.000 0.000 0.000 0.000 0.000 0.000 0.212 
0.518 0.037 0.000 0.000 0.000 0.000 0.000 0.000 0.011 0.290 0.990 0.070 0.676 
0.000 0.000 0.000 0.000 0.000 0.020 0.384 0.000 0.107 0.785 0.772 0.101 0.000 
0.000 0.000 0.033 0.000 0.000 0.156 0.880 0.661 0.066 0.000 0.000 0.000 0.000 
0.000 0.000 0.221 0.952 0.547 0.042 0.000 0.000 0.000 0.000 0.000 0.000 0.000 
0.993 0.436 0.026 0.000 0.000 0.000 0.000 0.000 0.000 0.000 0.000 0.000 0.096 
0.000 0.000 0.000 0.000 0.000 0.000 0.000 0.000 0.000 0.142 0.859 0.690 0.074 
0.702 0.696 0.758 0.816 0.869 0.914 0.951 0.978 0.995 1.000 0.994 0.976 0.948 
0.764 0.821 0.874 0.918 0.954 0.980 0.996 1.000 0.993 0.974 0.945 0.906 0.816 
0.878 0.922 0.957 0.983 0.997 1.000 0.991 0.971 0.941 0.764 0.822 0.874 0.919 
0.960 0.984 0.998 0.999 0.990 0.969 0.709 0.770 0.827 0.879 0.923 0.958 0.983 
0.998 0.999 0.988 0.651 0.715 0.776 0.833 0.884 0.927 0.961 0.985 0.998 0.999 
0.593 0.658 0.721 0.782 0.838 0.888 0.930 0.963 0.986 0.998 0.999 0.988 0.966 
0.727 0.788 0.844 0.893 0.934 0.966 0.988 0.999 0.998 0.986 0.963 0.930 0.888 
0.849 0.897 0.938 0.969 0.990 0.999 0.998 0.984 0.960 0.926 0.883 0.832 0.776 
0.941 0.971 0.991 1.000 0.997 0.983 0.957 0.922 0.878 0.827 0.770 0.708 0.689 
0.993 1.000 0.996 0.980 0.954 0.918 0.874 0.821 0.764 0.702 0.696 0.758 0.816 
0.995 0.978 0.951 0.914 0.869 0.816 0.758 0.696 0.702 0.764 0.821 0.874 0.278 
0.948 0.910 0.864 0.810 0.752 0.689 0.708 0.770 0.827 0.237 0.282 0.333 0.388 
0.859 0.805 0.746 0.683 0.715 0.776 0.200 0.241 0.287 0.338 0.394 0.453 0.515 
0.739 0.676 0.721 0.167 0.204 0.245 0.292 0.344 0.399 0.459 0.522 0.586 0.651 
0.000 0.000 0.000 0.000 0.000 0.000 0.000 0.000 0.000 0.000 0.000 0.000 0.000 
0.000 0.000 0.000 0.000 0.000 0.000 0.000 0.000 0.000 0.000 0.000 0.000 0.000 
0.000 0.000 0.000 0.000 0.000 0.000 0.000 0.000 0.000 0.000 0.000 0.000 0.000 
# 2 0 30 10
0.619 0.786 0.920 0.993 0.987 0.904 0.763 0.593 0.425 0.281 
0.676 0.619 0.786 0.920 0.993 0.987 0.904 0.763 0.593 0.425 
0.836 0.676 0.619 0.786 0.920 0.993 0.987 0.904 0.763 0.593 
0.953 0.836 0.676 0.619 0.786 0.920 0.993 0.987 0.904 0.763 
1.000 0.953 0.836 0.676 0.619 0.786 0.920 0.993 0.987 0.904 
0.967 1.000 0.953 0.836 0.676 0.619 0.786 0.920 0.993 0.987 
0.862 0.967 1.000 0.953 0.836 0.676 0.619 0.786 0.920 0.993 
0.708 0.862 0.967 1.000 0.953 0.836 0.676 0.619 0.786 0.920 
0.536 0.708 0.862 0.967 1.000 0.953 0.836 0.676 0.619 0.786 
0.374 0.536 0.708 0.862 0.967 1.000 0.953 0.836 0.676 0.619 
0.000 0.000 0.000 0.000 0.000 0.000 0.000 0.000 0.000 0.000 
0.000 0.000 0.000 0.000 0.000 0.000 0.000 0.000 0.000 0.000 
0.000 0.000 0.000 0.000 0.000 0.000 0.000 0.000 0.000 0.000 
0.000 0.000 0.000 0.000 0.000 0.000 0.000 0.000 0.000 0.000 
0.000 0.000 0.000 0.000 0.000 0.000 0.000 0.000 0.000 0.000 
0.000 0.000 0.000 0.000 0.000 0.000 0.000 0.000 0.000 0.000 
0.000 0.000 0.000 0.000 0.000 0.000 0.000 0.000 0.000 0.000 
0.000 0.000 0.000 0.000 0.000 0.000 0.000 0.000 0.000 0.000 
0.000 0.000 0.000 0.000 0.000 0.000 0.000 0.000 0.000 0.000 
0.000 0.000 0.000 0.000 0.000 0.000 0.000 0.000 0.000 0.000 
0.000 0.000 0.000 0.000 0.000 0.000 0.000 0.000 0.000 0.000 
0.000 0.000 0.000 0.000 0.000 0.000 0.000 0.000 0.000 0.000 
0.000 0.000 0.000 0.000 0.000 0.000 0.000 0.000 0.000 0.000 
0.000 0.000 0.000 0.000 0.000 0.000 0.000 0.000 0.000 0.000 
0.000 0.000 0.000 0.000 0.000 0.000 0.000 0.000 0.000 0.000 
0.000 0.000 0.000 0.000 0.000 0.000 0.000 0.000 0.000 0.000 
0.000 0.000 0.000 0.000 0.000 0.000 0.000 0.000 0.000 0.000 
0.000 0.000 0.000 0.000 0.000 0.000 0.000 0.000 0.000 0.000 
0.000 0.000 0.000 0.000 0.000 0.000 0.000 0.000 0.000 0.000 
0.000 0.000 0.000 0.000 0.000 0.000 0.000 0.000 0.000 0.000 
# 2 1 13 10
0.000 0.000 0.000 -0.035 -0.658 0.000 0.000 0.000 0.000 0.000 
0.000 -0.941 0.000 0.000 0.000 0.000 0.000 0.000 0.000 0.000 
0.000 0.000 0.000 0.000 0.000 0.000 0.000 0.000 -0.012 -0.875 
0.000 0.000 0.000 0.000 0.000 0.000 -0.752 -0.023 0.000 0.000 
0.000 0.000 0.000 -0.118 -0.354 0.000 0.000 0.000 0.000 0.000 
0.000 -1.000 0.000 0.000 0.000 0.000 0.000 0.000 0.000 0.000 
0.000 0.000 0.000 0.000 0.000 0.000 0.000 0.000 -0.049 -0.578 
0.000 0.000 0.000 0.000 0.000 0.000 -0.980 0.000 0.000 -0.066 
0.000 0.000 0.000 -0.304 -0.145 0.000 -0.595 0.000 0.000 0.000 
-0.017 -0.809 0.000 -0.973 0.000 0.000 0.000 0.000 0.000 0.000 
-0.291 -0.153 0.000 0.000 0.000 0.000 0.000 0.000 -0.153 -0.291 
0.000 0.000 0.000 0.000 0.000 0.000 -0.973 0.000 -0.809 -0.017 
0.000 0.000 0.000 -0.595 0.000 -0.145 -0.304 0.000 0.000 0.000 
