2.187260
6
# 0 1 19 30
0.056 0.105 0.336 0.709 0.984 0.897 0.537 0.211 0.055 0.000 0.000 0.000 0.000 0.000 0.000 0.000 0.000 0.000 0.000 0.000 0.000 0.000 0.000 0.000 0.000 0.000 0.000 0.000 0.000 0.000 
0.000 0.000 0.000 0.000 0.000 0.000 0.000 0.000 0.000 0.000 0.000 0.389 0.129 0.044 0.180 0.484 0.857 0.996 0.761 0.382 0.126 0.027 0.000 0.000 0.000 0.000 0.000 0.000 0.000 0.000 
0.382 0.126 0.027 0.000 0.000 0.000 0.000 0.000 0.000 0.000 0.000 0.000 0.000 0.000 0.000 0.000 0.000 0.000 0.000 0.000 0.000 0.000 0.940 0.607 0.257 0.072 0.084 0.287 0.648 0.961 
0.000 0.000 0.000 0.940 0.607 0.257 0.072 0.084 0.287 0.648 0.961 0.936 0.599 0.252 0.070 0.013 0.000 0.000 0.000 0.000 0.000 0.000 0.000 0.000 0.000 0.000 0.000 0.000 0.000 0.000 
0.000 0.000 0.000 0.000 0.000 0.000 0.000 0.000 0.000 0.000 0.000 0.000 0.000 0.000 0.798 1.000 0.823 0.445 0.158 0.037 0.148 0.426 0.805 1.000 0.816 0.438 0.154 0.036 0.000 0.000 
0.037 0.148 0.426 0.805 1.000 0.816 0.438 0.154 0.036 0.000 0.000 0.000 0.000 0.000 0.000 0.000 0.000 0.000 0.000 0.000 0.000 0.000 0.000 0.000 0.000 0.238 0.578 0.924 0.969 0.669 
0.000 0.000 0.000 0.000 0.000 0.000 0.238 0.578 0.924 0.969 0.669 0.303 0.090 0.066 0.243 0.586 0.928 0.966 0.661 0.297 0.088 0.017 0.000 0.000 0.000 0.000 0.000 0.000 0.000 0.000 
0.297 0.088 0.017 0.000 0.000 0.000 0.000 0.000 0.000 0.000 0.000 0.000 0.000 0.000 0.000 0.000 0.000 0.025 0.117 0.364 0.741 0.992 0.873 0.504 0.191 0.048 0.121 0.371 0.749 0.994 
0.364 0.741 0.992 0.873 0.504 0.191 0.048 0.121 0.371 0.749 0.994 0.867 0.496 0.187 0.046 0.000 0.000 0.000 0.000 0.000 0.000 0.000 0.000 0.000 0.000 0.000 0.000 0.000 0.000 0.000 
0.000 0.000 0.000 0.000 0.000 0.000 0.000 0.000 0.000 0.000 0.000 0.050 0.199 0.517 0.882 0.989 0.729 0.353 0.112 0.052 0.204 0.525 0.888 0.987 0.721 0.346 0.109 0.023 0.000 0.000 
0.052 0.204 0.525 0.888 0.987 0.721 0.346 0.109 0.023 0.000 0.000 0.000 0.000 0.000 0.000 0.000 0.000 0.000 0.000 0.000 0.000 0.000 0.000 0.019 0.094 0.313 0.681 0.974 0.916 0.565 
0.000 0.000 0.000 0.000 0.019 0.094 0.313 0.681 0.974 0.916 0.565 0.229 0.061 0.097 0.319 0.689 0.977 0.911 0.557 0.224 0.059 0.010 0.000 0.000 0.000 0.000 0.000 0.000 0.000 0.000 
0.224 0.059 0.010 0.000 0.000 0.000 0.000 0.000 0.000 0.000 0.000 0.000 0.000 0.000 0.000 0.000 0.000 0.039 0.165 0.457 0.834 0.999 0.787 0.407 0.138 0.040 0.169 0.465 0.840 0.998 
0.457 0.834 0.999 0.787 0.407 0.138 0.040 0.169 0.465 0.840 0.998 0.780 0.400 0.135 0.030 0.000 0.000 0.000 0.000 0.000 0.000 0.000 0.000 0.000 0.000 0.000 0.000 0.000 0.000 0.014 
0.000 0.000 0.000 0.000 0.000 0.000 0.000 0.000 0.000 0.000 0.014 0.075 0.266 0.619 0.947 0.951 0.627 0.272 0.077 0.077 0.272 0.627 0.951 0.947 0.619 0.266 0.075 0.014 0.000 0.000 
0.077 0.272 0.627 0.951 0.947 0.619 0.266 0.075 0.014 0.000 0.000 0.000 0.000 0.000 0.000 0.000 0.000 0.000 0.000 0.000 0.000 0.000 0.000 0.030 0.135 0.400 0.780 0.998 0.840 0.465 
0.000 0.000 0.000 0.000 0.030 0.135 0.400 0.780 0.998 0.840 0.465 0.169 0.040 0.138 0.407 0.787 0.999 0.834 0.457 0.165 0.039 0.000 0.000 0.000 0.000 0.000 0.000 0.000 0.000 0.000 
0.165 0.039 0.000 0.000 0.000 0.000 0.000 0.000 0.000 0.000 0.000 0.000 0.000 0.000 0.000 0.000 0.010 0.059 0.224 0.557 0.911 0.977 0.689 0.319 0.097 0.061 0.229 0.565 0.916 0.974 
0.557 0.911 0.977 0.689 0.319 0.097 0.061 0.229 0.565 0.916 0.974 0.681 0.313 0.094 0.019 0.000 0.000 0.000 0.000 0.000 0.000 0.000 0.000 0.000 0.000 0.000 0.000 0.000 0.000 0.023 
# 0 2 27 30
0.039 0.143 0.416 0.795 1.000 0.826 0.448 0.160 0.037 0.000 0.000 0.000 0.000 0.000 0.000 0.000 0.000 0.000 0.000 0.000 0.000 0.000 0.000 0.000 0.000 0.000 0.000 0.000 0.000 0.000 
0.000 0.000 0.000 0.188 0.046 0.123 0.377 0.755 0.995 0.862 0.490 0.183 0.045 0.000 0.000 0.000 0.000 0.000 0.000 0.000 0.000 0.000 0.000 0.000 0.000 0.000 0.000 0.000 0.000 0.000 
0.000 0.000 0.000 0.000 0.000 0.000 0.541 0.213 0.055 0.106 0.340 0.714 0.986 0.894 0.533 0.209 0.054 0.000 0.000 0.000 0.000 0.000 0.000 0.000 0.000 0.000 0.000 0.000 0.000 0.000 
0.000 0.000 0.000 0.000 0.000 0.000 0.000 0.000 0.000 0.927 0.584 0.242 0.066 0.091 0.305 0.671 0.971 0.923 0.576 0.236 0.064 0.011 0.000 0.000 0.000 0.000 0.000 0.000 0.000 0.000 
0.000 0.000 0.000 0.000 0.000 0.000 0.000 0.000 0.000 0.000 0.000 0.000 0.947 0.951 0.628 0.272 0.078 0.078 0.272 0.628 0.951 0.947 0.620 0.266 0.075 0.014 0.000 0.000 0.000 0.000 
0.000 0.000 0.000 0.000 0.000 0.000 0.000 0.000 0.000 0.000 0.000 0.000 0.000 0.000 0.000 0.576 0.923 0.971 0.671 0.305 0.091 0.066 0.242 0.584 0.927 0.968 0.663 0.299 0.088 0.017 
0.299 0.088 0.017 0.000 0.000 0.000 0.000 0.000 0.000 0.000 0.000 0.000 0.000 0.000 0.000 0.000 0.000 0.000 0.209 0.533 0.894 0.986 0.714 0.340 0.106 0.055 0.213 0.541 0.899 0.983 
0.541 0.899 0.983 0.706 0.333 0.103 0.021 0.000 0.000 0.000 0.000 0.000 0.000 0.000 0.000 0.000 0.000 0.000 0.000 0.000 0.000 0.045 0.183 0.490 0.862 0.995 0.755 0.377 0.123 0.046 
0.377 0.123 0.046 0.188 0.498 0.868 0.994 0.748 0.370 0.120 0.026 0.000 0.000 0.000 0.000 0.000 0.000 0.000 0.000 0.000 0.000 0.000 0.000 0.000 0.000 0.037 0.160 0.448 0.826 1.000 
0.448 0.826 1.000 0.795 0.416 0.143 0.039 0.164 0.456 0.833 1.000 0.788 0.408 0.139 0.031 0.000 0.000 0.000 0.000 0.000 0.000 0.000 0.000 0.000 0.000 0.000 0.000 0.000 0.000 0.031 
0.000 0.000 0.031 0.139 0.408 0.788 1.000 0.833 0.456 0.164 0.039 0.143 0.416 0.795 1.000 0.826 0.448 0.160 0.037 0.000 0.000 0.000 0.000 0.000 0.000 0.000 0.000 0.000 0.000 0.000 
0.000 0.000 0.000 0.000 0.000 0.000 0.026 0.120 0.370 0.748 0.994 0.868 0.498 0.188 0.046 0.123 0.377 0.755 0.995 0.862 0.490 0.183 0.045 0.000 0.000 0.000 0.000 0.000 0.000 0.000 
0.000 0.000 0.000 0.000 0.000 0.000 0.000 0.000 0.000 0.000 0.021 0.103 0.333 0.706 0.983 0.899 0.541 0.213 0.055 0.106 0.340 0.714 0.986 0.894 0.533 0.209 0.054 0.000 0.000 0.000 
0.000 0.000 0.000 0.000 0.000 0.000 0.000 0.000 0.000 0.000 0.000 0.000 0.000 0.000 0.017 0.088 0.299 0.663 0.968 0.927 0.584 0.242 0.066 0.091 0.305 0.671 0.971 0.923 0.576 0.236 
0.923 0.576 0.236 0.064 0.011 0.000 0.000 0.000 0.000 0.000 0.000 0.000 0.000 0.000 0.000 0.000 0.000 0.000 0.014 0.075 0.266 0.620 0.947 0.951 0.628 0.272 0.078 0.078 0.272 0.628 
0.078 0.272 0.628 0.951 0.947 0.620 0.266 0.075 0.014 0.000 0.000 0.000 0.000 0.000 0.000 0.000 0.000 0.000 0.000 0.000 0.000 0.000 0.011 0.064 0.236 0.576 0.923 0.971 0.671 0.305 
0.971 0.671 0.305 0.091 0.066 0.242 0.584 0.927 0.968 0.663 0.299 0.088 0.017 0.000 0.000 0.000 0.000 0.000 0.000 0.000 0.000 0.000 0.000 0.000 0.000 0.000 0.000 0.054 0.209 0.533 
0.054 0.209 0.533 0.894 0.986 0.714 0.340 0.106 0.055 0.213 0.541 0.899 0.983 0.706 0.333 0.103 0.021 0.000 0.000 0.000 0.000 0.000 0.000 0.000 0.000 0.000 0.000 0.000 0.000 0.000 
0.000 0.000 0.000 0.000 0.045 0.183 0.490 0.862 0.995 0.755 0.377 0.123 0.046 0.188 0.498 0.868 0.994 0.748 0.370 0.120 0.026 0.000 0.000 0.000 0.000 0.000 0.000 0.000 0.000 0.000 
0.000 0.000 0.000 0.000 0.000 0.000 0.000 0.000 0.037 0.160 0.448 0.826 1.000 0.795 0.416 0.143 0.039 0.164 0.456 0.833 1.000 0.788 0.408 0.139 0.031 0.000 0.000 0.000 0.000 0.000 
0.000 0.000 0.000 0.000 0.000 0.000 0.000 0.000 0.000 0.000 0.000 0.000 0.031 0.139 0.408 0.788 1.000 0.833 0.456 0.164 0.039 0.143 0.416 0.795 1.000 0.826 0.448 0.160 0.037 0.000 
0.160 0.037 0.000 0.000 0.000 0.000 0.000 0.000 0.000 0.000 0.000 0.000 0.000 0.000 0.000 0.000 0.026 0.120 0.370 0.748 0.994 0.868 0.498 0.188 0.046 0.123 0.377 0.755 0.995 0.862 
0.755 0.995 0.862 0.490 0.183 0.045 0.000 0.000 0.000 0.000 0.000 0.000 0.000 0.000 0.000 0.000 0.000 0.000 0.000 0.000 0.021 0.103 0.333 0.706 0.983 0.899 0.541 0.213 0.055 0.106 
0.213 0.055 0.106 0.340 0.714 0.986 0.894 0.533 0.209 0.000 0.000 0.000 0.000 0.000 0.000 0.000 0.000 0.000 0.000 0.000 0.000 0.000 0.000 0.000 0.017 0.088 0.299 0.663 0.968 0.927 
0.663 0.968 0.927 0.584 0.242 0.066 0.091 0.305 0.671 0.971 0.923 0.576 0.000 0.000 0.000 0.000 0.000 0.000 0.000 0.000 0.000 0.000 0.000 0.000 0.000 0.000 0.000 0.000 0.014 0.075 
0.000 0.014 0.075 0.266 0.620 0.947 0.951 0.628 0.272 0.078 0.078 0.272 0.628 0.951 0.947 0.000 0.000 0.000 0.000 0.000 0.000 0.000 0.000 0.000 0.000 0.000 0.000 0.000 0.000 0.000 
0.000 0.000 0.000 0.000 0.000 0.011 0.064 0.236 0.576 0.923 0.971 0.671 0.305 0.091 0.066 0.242 0.584 0.927 0.000 0.000 0.000 0.000 0.000 0.000 0.000 0.000 0.000 0.000 0.000 0.000 
# 0 3 14 30
0.086 0.070 0.252 0.599 0.936 0.960 0.647 0.287 0.083 0.016 0.000 0.000 0.000 0.000 0.000 0.000 0.000 0.000 0.000 0.000 0.000 0.000 0.000 0.000 0.000 0.000 0.000 0.000 0.000 0.000 
0.000 0.000 0.000 0.000 0.000 0.000 0.000 0.000 0.000 0.000 0.000 0.000 0.000 0.000 0.000 0.000 0.711 0.337 0.105 0.056 0.215 0.543 0.901 0.982 0.703 0.331 0.102 0.021 0.000 0.000 
0.000 0.000 0.711 0.337 0.105 0.056 0.215 0.543 0.901 0.982 0.703 0.331 0.102 0.021 0.000 0.000 0.000 0.000 0.000 0.000 0.000 0.000 0.000 0.000 0.000 0.000 0.000 0.000 0.000 0.000 
0.000 0.000 0.000 0.000 0.000 0.000 0.000 0.000 0.000 0.000 0.000 0.000 0.000 0.000 0.000 0.000 0.000 0.000 0.854 0.996 0.764 0.385 0.127 0.045 0.182 0.489 0.860 0.995 0.756 0.378 
0.000 0.000 0.000 0.000 0.854 0.996 0.764 0.385 0.127 0.045 0.182 0.489 0.860 0.995 0.756 0.378 0.124 0.027 0.000 0.000 0.000 0.000 0.000 0.000 0.000 0.000 0.000 0.000 0.000 0.000 
0.756 0.378 0.124 0.027 0.000 0.000 0.000 0.000 0.000 0.000 0.000 0.000 0.000 0.000 0.000 0.000 0.000 0.000 0.000 0.000 0.149 0.428 0.807 1.000 0.814 0.435 0.153 0.035 0.153 0.435 
0.000 0.000 0.000 0.000 0.000 0.000 0.149 0.428 0.807 1.000 0.814 0.435 0.153 0.035 0.153 0.435 0.814 1.000 0.807 0.428 0.149 0.034 0.000 0.000 0.000 0.000 0.000 0.000 0.000 0.000 
0.153 0.435 0.814 1.000 0.807 0.428 0.149 0.034 0.000 0.000 0.000 0.000 0.000 0.000 0.000 0.000 0.000 0.000 0.000 0.000 0.000 0.000 0.000 0.027 0.124 0.378 0.756 0.995 0.860 0.489 
0.000 0.000 0.000 0.000 0.000 0.000 0.000 0.000 0.000 0.027 0.124 0.378 0.756 0.995 0.860 0.489 0.182 0.045 0.127 0.385 0.764 0.996 0.854 0.481 0.178 0.043 0.000 0.000 0.000 0.000 
0.860 0.489 0.182 0.045 0.127 0.385 0.764 0.996 0.854 0.481 0.178 0.043 0.000 0.000 0.000 0.000 0.000 0.000 0.000 0.000 0.000 0.000 0.000 0.000 0.000 0.000 0.000 0.021 0.102 0.331 
0.000 0.000 0.000 0.000 0.000 0.000 0.000 0.000 0.000 0.000 0.000 0.000 0.000 0.021 0.102 0.331 0.703 0.982 0.901 0.543 0.215 0.056 0.105 0.337 0.711 0.984 0.896 0.536 0.210 0.054 
0.102 0.331 0.703 0.982 0.901 0.543 0.215 0.056 0.105 0.337 0.711 0.984 0.896 0.536 0.210 0.054 0.000 0.000 0.000 0.000 0.000 0.000 0.000 0.000 0.000 0.000 0.000 0.000 0.000 0.000 
0.210 0.054 0.000 0.000 0.000 0.000 0.000 0.000 0.000 0.000 0.000 0.000 0.000 0.000 0.000 0.000 0.000 0.016 0.083 0.287 0.647 0.960 0.936 0.599 0.252 0.070 0.086 0.293 0.655 0.964 
0.000 0.000 0.000 0.016 0.083 0.287 0.647 0.960 0.936 0.599 0.252 0.070 0.086 0.293 0.655 0.964 0.931 0.591 0.247 0.068 0.012 0.000 0.000 0.000 0.000 0.000 0.000 0.000 0.000 0.000 
# 0 4 2 30
0.149 0.428 0.807 1.000 0.814 0.435 0.153 0.035 0.153 0.435 0.814 1.000 0.807 0.428 0.149 0.034 0.000 0.000 0.000 0.000 0.000 0.000 0.000 0.000 0.000 0.000 0.000 0.000 0.000 0.000 
0.807 1.000 0.814 0.435 0.153 0.035 0.153 0.435 0.814 1.000 0.807 0.428 0.149 0.034 0.000 0.000 0.000 0.000 0.000 0.000 0.000 0.000 0.000 0.000 0.000 0.000 0.000 0.000 0.000 0.000 
# 0 5 10 30
0.153 0.035 0.153 0.435 0.814 1.000 0.807 0.428 0.149 0.034 0.000 0.000 0.000 0.000 0.000 0.000 0.000 0.000 0.000 0.000 0.000 0.000 0.000 0.000 0.000 0.000 0.000 0.000 0.000 0.000 
0.000 0.000 0.000 0.000 0.000 0.000 0.000 0.000 0.000 0.000 0.000 0.000 0.000 0.000 0.000 0.000 0.000 0.000 0.000 0.000 1.000 0.814 0.435 0.153 0.035 0.153 0.435 0.814 1.000 0.807 
0.000 0.000 0.000 0.000 0.000 0.000 0.000 0.000 0.000 0.000 1.000 0.814 0.435 0.153 0.035 0.153 0.435 0.814 1.000 0.807 0.428 0.149 0.034 0.000 0.000 0.000 0.000 0.000 0.000 0.000 
1.000 0.814 0.435 0.153 0.035 0.153 0.435 0.814 1.000 0.807 0.428 0.149 0.034 0.000 0.000 0.000 0.000 0.000 0.000 0.000 0.000 0.000 0.000 0.000 0.000 0.000 0.000 0.000 0.000 0.000 
0.428 0.149 0.034 0.000 0.000 0.000 0.000 0.000 0.000 0.000 0.000 0.000 0.000 0.000 0.000 0.000 0.000 0.000 0.000 0.000 0.149 0.428 0.807 1.000 0.814 0.435 0.153 0.035 0.153 0.435 
0.000 0.000 0.000 0.000 0.000 0.000 0.000 0.000 0.000 0.000 0.149 0.428 0.807 1.000 0.814 0.435 0.153 0.035 0.153 0.435 0.814 1.000 0.807 0.428 0.149 0.034 0.000 0.000 0.000 0.000 
0.149 0.428 0.807 1.000 0.814 0.435 0.153 0.035 0.153 0.435 0.814 1.000 0.807 0.428 0.149 0.034 0.000 0.000 0.000 0.000 0.000 0.000 0.000 0.000 0.000 0.000 0.000 0.000 0.000 0.000 
0.814 1.000 0.807 0.428 0.149 0.034 0.000 0.000 0.000 0.000 0.000 0.000 0.000 0.000 0.000 0.000 0.000 0.000 0.000 0.000 0.000 0.000 0.034 0.149 0.428 0.807 1.000 0.814 0.435 0.153 
0.000 0.000 0.000 0.000 0.000 0.000 0.000 0.000 0.000 0.000 0.000 0.000 0.034 0.149 0.428 0.807 1.000 0.814 0.435 0.153 0.035 0.153 0.435 0.814 1.000 0.807 0.428 0.149 0.034 0.000 
0.000 0.000 0.034 0.149 0.428 0.807 1.000 0.814 0.435 0.153 0.035 0.153 0.435 0.814 1.000 0.807 0.428 0.149 0.034 0.000 0.000 0.000 0.000 0.000 0.000 0.000 0.000 0.000 0.000 0.000 
# 1 0 30 19
-0.859 -0.977 -0.992 -0.899 -0.727 -0.525 -0.338 -0.194 -0.099 -0.046 -0.019 0.000 0.000 0.000 0.000 0.000 0.000 0.000 0.000 
-0.013 0.000 0.000 0.000 0.000 0.000 0.000 0.000 -0.970 -0.842 -0.955 -1.000 -0.934 -0.778 -0.579 -0.384 -0.227 -0.120 -0.057 
-0.984 -0.988 -0.885 -0.707 -0.505 -0.321 -0.182 -0.092 -0.042 -0.017 0.000 0.000 0.000 0.000 0.000 0.000 -0.984 -0.988 -0.884 
0.000 0.000 0.000 0.000 0.000 -0.926 -0.999 -0.961 -0.831 -0.964 -0.998 -0.922 -0.759 -0.558 -0.366 -0.215 -0.112 -0.052 -0.022 
-0.982 -0.870 -0.687 -0.485 -0.305 -0.171 -0.086 -0.038 -0.015 0.000 0.000 0.000 0.000 -0.714 -0.890 -0.989 -0.982 -0.869 -0.937 
0.000 0.000 -0.586 -0.784 -0.937 -1.000 -0.951 -0.848 -0.972 -0.995 -0.908 -0.740 -0.538 -0.349 -0.202 -0.104 -0.048 -0.020 0.000 
-0.854 -0.667 -0.465 -0.289 -0.161 -0.080 -0.035 -0.014 0.000 0.000 -0.343 -0.531 -0.734 -0.904 -0.994 -0.975 -0.853 -0.948 -1.000 
-0.408 -0.606 -0.803 -0.948 -1.000 -0.941 -0.864 -0.980 -0.991 -0.895 -0.721 -0.518 -0.332 -0.190 -0.097 -0.044 -0.018 0.000 -0.168 
-0.647 -0.446 -0.274 -0.151 -0.074 -0.032 -0.013 -0.109 -0.210 -0.361 -0.552 -0.753 -0.917 -0.997 -0.967 -0.837 -0.958 -0.999 -0.930 
-0.627 -0.820 -0.958 -0.999 -0.929 -0.880 -0.986 -0.986 -0.880 -0.701 -0.498 -0.316 -0.179 -0.090 -0.041 -0.041 -0.090 -0.179 -0.316 
-0.427 -0.260 -0.141 -0.068 -0.023 -0.055 -0.117 -0.223 -0.378 -0.572 -0.772 -0.930 -0.999 -0.958 -0.837 -0.967 -0.997 -0.917 -0.753 
-0.837 -0.967 -0.997 -0.917 -0.894 -0.991 -0.980 -0.865 -0.681 -0.478 -0.300 -0.168 0.000 -0.018 -0.044 -0.097 -0.190 -0.332 -0.518 
-0.246 0.000 0.000 -0.025 -0.060 -0.126 -0.236 -0.396 -0.592 -0.791 -0.941 -1.000 -0.948 -0.853 -0.975 -0.994 -0.904 -0.734 -0.531 
-0.975 -0.994 -0.904 -0.908 -0.995 -0.973 -0.849 -0.661 -0.459 0.000 0.000 0.000 -0.020 -0.048 -0.104 -0.202 -0.349 -0.538 -0.740 
0.000 -0.011 -0.028 -0.065 -0.135 -0.250 -0.415 -0.613 -0.809 -0.952 -1.000 -0.937 -0.869 -0.982 -0.989 -0.890 -0.714 0.000 0.000 
-0.989 -0.889 -0.921 -0.998 -0.964 -0.832 0.000 0.000 0.000 0.000 0.000 -0.022 -0.052 -0.112 -0.215 -0.366 -0.558 -0.759 -0.922 
-0.012 -0.030 -0.070 -0.144 -0.265 -0.433 -0.633 -0.826 -0.961 -0.998 -0.925 -0.884 -0.988 -0.984 0.000 0.000 0.000 0.000 0.000 
-0.874 -0.933 -0.999 0.000 0.000 0.000 0.000 0.000 0.000 0.000 -0.024 -0.057 -0.120 -0.227 -0.384 -0.579 -0.778 -0.934 -1.000 
-0.033 -0.076 -0.154 -0.279 -0.452 -0.654 -0.843 -0.970 -0.996 -0.912 -0.899 0.000 0.000 0.000 0.000 0.000 0.000 0.000 0.000 
0.000 0.000 0.000 0.000 0.000 0.000 0.000 0.000 0.000 0.000 0.000 0.000 0.000 0.000 0.000 0.000 0.000 0.000 0.000 
0.000 0.000 0.000 0.000 0.000 0.000 0.000 0.000 0.000 0.000 0.000 0.000 0.000 0.000 0.000 0.000 0.000 0.000 0.000 
0.000 0.000 0.000 0.000 0.000 0.000 0.000 0.000 0.000 0.000 0.000 0.000 0.000 0.000 0.000 0.000 0.000 0.000 0.000 
0.000 0.000 0.000 0.000 0.000 0.000 0.000 0.000 0.000 0.000 0.000 0.000 0.000 0.000 0.000 0.000 0.000 0.000 0.000 
0.000 0.000 0.000 0.000 0.000 0.000 0.000 0.000 0.000 0.000 0.000 0.000 0.000 0.000 0.000 0.000 0.000 0.000 0.000 
0.000 0.000 0.000 0.000 0.000 0.000 0.000 0.000 0.000 0.000 0.000 0.000 0.000 0.000 0.000 0.000 0.000 0.000 0.000 
0.000 0.000 0.000 0.000 0.000 0.000 0.000 0.000 0.000 0.000 0.000 0.000 0.000 0.000 0.000 0.000 0.000 0.000 0.000 
0.000 0.000 0.000 0.000 0.000 0.000 0.000 0.000 0.000 0.000 0.000 0.000 0.000 0.000 0.000 0.000 0.000 0.000 0.000 
0.000 0.000 0.000 0.000 0.000 0.000 0.000 0.000 0.000 0.000 0.000 0.000 0.000 0.000 0.000 0.000 0.000 0.000 0.000 
0.000 0.000 0.000 0.000 0.000 0.000 0.000 0.000 0.000 0.000 0.000 0.000 0.000 0.000 0.000 0.000 0.000 0.000 0.000 
0.000 0.000 0.000 0.000 0.000 0.000 0.000 0.000 0.000 0.000 0.000 0.000 0.000 0.000 0.000 0.000 0.000 0.000 0.000 
# 1 2 27 19
-0.853 -0.975 -0.994 -0.904 -0.734 -0.532 -0.344 -0.198 -0.102 -0.047 -0.019 0.000 0.000 0.000 0.000 0.000 0.000 0.000 0.000 
-0.165 -0.082 -0.036 -0.014 0.000 0.000 0.000 0.000 0.000 0.000 0.000 -0.982 -0.871 -0.936 -1.000 -0.953 -0.810 -0.615 -0.416 
0.000 0.000 0.000 -0.999 -0.959 -0.835 -0.966 -0.997 -0.919 -0.755 -0.554 -0.363 -0.212 -0.110 -0.051 -0.021 0.000 0.000 0.000 
-0.985 -0.877 -0.697 -0.495 -0.313 -0.177 -0.089 -0.040 -0.016 0.000 0.000 0.000 0.000 0.000 -0.872 -0.983 -0.989 -0.887 -0.923 
-0.031 -0.012 0.000 0.000 0.000 0.000 -0.748 -0.914 -0.996 -0.969 -0.841 -0.956 -0.999 -0.933 -0.776 -0.577 -0.382 -0.226 -0.119 
-0.949 -1.000 -0.940 -0.865 -0.980 -0.991 -0.894 -0.720 -0.517 -0.331 -0.189 -0.097 -0.044 -0.018 0.000 0.000 0.000 -0.466 -0.668 
-0.660 -0.458 -0.284 -0.157 -0.078 -0.034 -0.013 0.000 0.000 -0.337 -0.524 -0.727 -0.899 -0.992 -0.977 -0.859 -0.944 -1.000 -0.945 
0.000 -0.231 -0.389 -0.584 -0.783 -0.937 -1.000 -0.952 -0.847 -0.972 -0.995 -0.909 -0.741 -0.539 -0.350 -0.203 -0.105 -0.048 -0.020 
-0.918 -0.893 -0.990 -0.980 -0.866 -0.683 -0.480 -0.301 -0.169 -0.084 -0.038 -0.015 -0.092 -0.181 -0.319 -0.502 -0.705 -0.883 -0.987 
-0.257 -0.139 -0.067 -0.029 -0.053 -0.113 -0.217 -0.369 -0.562 -0.763 -0.924 -0.998 -0.963 -0.828 -0.963 -0.998 -0.924 -0.763 -0.562 
-0.423 -0.622 -0.817 -0.956 -0.999 -0.932 -0.876 -0.985 -0.987 -0.883 -0.705 -0.502 -0.319 -0.181 -0.092 -0.015 -0.038 -0.084 -0.169 
-0.997 -0.966 -0.836 -0.645 -0.444 -0.273 -0.150 0.000 -0.020 -0.048 -0.105 -0.203 -0.350 -0.539 -0.741 -0.909 -0.995 -0.972 -0.847 
0.000 -0.026 -0.062 -0.129 -0.241 -0.403 -0.600 -0.797 -0.945 -1.000 -0.944 -0.859 -0.977 -0.992 -0.899 -0.727 -0.524 -0.337 0.000 
-0.848 -0.972 -0.995 -0.908 -0.903 -0.994 -0.975 -0.854 -0.668 -0.466 0.000 0.000 0.000 -0.018 -0.044 -0.097 -0.189 -0.331 -0.517 
-0.804 -0.607 0.000 0.000 0.000 0.000 -0.024 -0.056 -0.119 -0.226 -0.382 -0.577 -0.776 -0.933 -0.999 -0.956 -0.841 -0.969 -0.996 
-0.071 -0.146 -0.267 -0.437 -0.637 -0.830 -0.963 -0.998 -0.923 -0.887 -0.989 -0.983 -0.872 0.000 0.000 0.000 0.000 0.000 -0.016 
-0.987 -0.882 -0.927 -0.999 -0.960 0.000 0.000 0.000 0.000 0.000 0.000 -0.021 -0.051 -0.110 -0.212 -0.363 -0.554 -0.755 -0.919 
0.000 0.000 0.000 -0.011 -0.028 -0.065 -0.136 -0.252 -0.416 -0.615 -0.810 -0.953 -1.000 -0.936 -0.871 -0.982 0.000 0.000 0.000 
-0.296 -0.473 -0.675 -0.860 -0.978 -0.992 -0.898 -0.913 0.000 0.000 0.000 0.000 0.000 0.000 0.000 0.000 -0.019 -0.047 -0.102 
0.000 0.000 0.000 0.000 0.000 0.000 0.000 0.000 0.000 0.000 0.000 0.000 0.000 0.000 0.000 0.000 0.000 0.000 0.000 
0.000 0.000 0.000 0.000 0.000 0.000 0.000 0.000 0.000 0.000 0.000 0.000 0.000 0.000 0.000 0.000 0.000 0.000 0.000 
0.000 0.000 0.000 0.000 0.000 0.000 0.000 0.000 0.000 0.000 0.000 0.000 0.000 0.000 0.000 0.000 0.000 0.000 0.000 
0.000 0.000 0.000 0.000 0.000 0.000 0.000 0.000 0.000 0.000 0.000 0.000 0.000 0.000 0.000 0.000 0.000 0.000 0.000 
0.000 0.000 0.000 0.000 0.000 0.000 0.000 0.000 0.000 0.000 0.000 0.000 0.000 0.000 0.000 0.000 0.000 0.000 0.000 
0.000 0.000 0.000 0.000 0.000 0.000 0.000 0.000 0.000 0.000 0.000 0.000 0.000 0.000 0.000 0.000 0.000 0.000 0.000 
0.000 0.000 0.000 0.000 0.000 0.000 0.000 0.000 0.000 0.000 0.000 0.000 0.000 0.000 0.000 0.000 0.000 0.000 0.000 
0.000 0.000 0.000 0.000 0.000 0.000 0.000 0.000 0.000 0.000 0.000 0.000 0.000 0.000 0.000 0.000 0.000 0.000 0.000 
# 1 3 14 19
-0.858 -0.945 -1.000 -0.944 -0.796 -0.598 -0.401 -0.240 -0.128 -0.061 -0.026 0.000 0.000 0.000 0.000 0.000 0.000 0.000 0.000 
0.000 0.000 0.000 0.000 0.000 -0.995 -0.911 -0.901 -0.993 -0.977 -0.857 -0.671 -0.469 -0.292 -0.163 -0.081 -0.036 -0.014 0.000 
-0.163 -0.081 -0.036 -0.014 0.000 0.000 0.000 0.000 0.000 0.000 -0.936 -1.000 -0.952 -0.846 -0.972 -0.995 -0.910 -0.742 -0.540 
-0.972 -0.995 -0.910 -0.742 -0.540 -0.351 -0.203 -0.105 -0.048 -0.020 0.000 0.000 0.000 0.000 0.000 -0.714 -0.890 -0.989 -0.982 
0.000 -0.714 -0.890 -0.989 -0.982 -0.869 -0.937 -1.000 -0.952 -0.809 -0.613 -0.415 -0.250 -0.135 -0.065 -0.028 -0.011 0.000 0.000 
-0.065 -0.028 -0.011 0.000 0.000 0.000 -0.441 -0.642 -0.833 -0.965 -0.997 -0.920 -0.891 -0.990 -0.981 -0.868 -0.686 -0.483 -0.304 
-0.981 -0.868 -0.686 -0.483 -0.304 -0.170 -0.085 -0.038 -0.015 0.000 0.000 -0.221 -0.376 -0.569 -0.769 -0.928 -0.999 -0.959 -0.834 
-0.769 -0.928 -0.999 -0.959 -0.834 -0.966 -0.997 -0.919 -0.756 -0.555 -0.363 -0.212 -0.111 -0.051 -0.021 0.000 -0.090 -0.178 -0.315 
-0.021 0.000 -0.090 -0.178 -0.315 -0.497 -0.700 -0.879 -0.986 -0.986 -0.880 -0.929 -0.999 -0.959 -0.821 -0.627 -0.428 -0.260 -0.141 
-0.821 -0.627 -0.428 -0.260 -0.141 -0.069 -0.030 -0.030 -0.069 -0.141 -0.260 -0.428 -0.627 -0.821 -0.959 -0.999 -0.929 -0.880 -0.986 
-0.959 -0.999 -0.929 -0.880 -0.986 -0.986 -0.879 -0.700 -0.497 -0.315 -0.178 -0.090 0.000 -0.021 -0.051 -0.111 -0.212 -0.363 -0.555 
-0.051 -0.111 -0.212 -0.363 -0.555 -0.756 -0.919 -0.997 -0.966 -0.834 -0.959 -0.999 -0.928 -0.769 -0.569 -0.376 -0.221 0.000 0.000 
-0.569 -0.376 -0.221 0.000 0.000 -0.015 -0.038 -0.085 -0.170 -0.304 -0.483 -0.686 -0.868 -0.981 -0.990 -0.891 -0.920 -0.997 -0.965 
-0.990 -0.891 -0.920 -0.997 -0.965 -0.833 -0.642 -0.441 0.000 0.000 0.000 -0.011 -0.028 -0.065 -0.135 -0.250 -0.415 -0.613 -0.809 
# 1 4 2 19
-0.714 -0.890 -0.990 -0.982 -0.869 -0.937 -1.000 -0.952 -0.809 -0.613 -0.415 -0.250 -0.135 -0.065 -0.028 -0.011 0.000 0.000 0.000 
-0.990 -0.982 -0.869 -0.937 -1.000 -0.952 -0.809 -0.613 -0.415 -0.250 -0.135 -0.065 -0.028 -0.011 0.000 0.000 0.000 0.000 0.000 
# 2 0 30 27
-0.653 -0.716 -0.776 -0.831 -0.881 -0.924 -0.958 -0.982 -0.997 -1.000 -0.992 -0.973 -0.945 -0.907 -0.861 -0.809 -0.751 -0.690 -0.627 -0.563 -0.501 -0.440 -0.382 -0.329 -0.280 -0.235 -0.196 
-0.782 -0.837 -0.886 -0.928 -0.961 -0.984 -0.997 -0.999 -0.991 -0.971 -0.941 -0.903 -0.856 -0.803 -0.745 -0.684 -0.620 -0.557 -0.494 -0.434 -0.377 -0.324 -0.275 -0.231 -0.758 -0.697 -0.666 
-0.890 -0.931 -0.964 -0.986 -0.998 -0.999 -0.989 -0.969 -0.938 -0.898 -0.851 -0.798 -0.739 -0.677 -0.614 -0.551 -0.488 -0.428 -0.371 -0.319 -0.270 -0.810 -0.752 -0.691 -0.672 -0.734 -0.793 
-0.966 -0.988 -0.999 -0.999 -0.988 -0.966 -0.934 -0.894 -0.846 -0.792 -0.733 -0.671 -0.608 -0.544 -0.482 -0.422 -0.366 -0.314 -0.857 -0.804 -0.746 -0.685 -0.679 -0.740 -0.799 -0.852 -0.899 
-0.999 -0.998 -0.986 -0.963 -0.931 -0.890 -0.841 -0.786 -0.727 -0.665 -0.601 -0.538 -0.476 -0.417 -0.361 -0.899 -0.852 -0.799 -0.740 -0.679 -0.685 -0.746 -0.804 -0.857 -0.904 -0.942 -0.972 
-0.984 -0.960 -0.927 -0.885 -0.836 -0.780 -0.721 -0.658 -0.595 -0.532 -0.470 -0.411 -0.935 -0.895 -0.847 -0.793 -0.734 -0.672 -0.691 -0.752 -0.810 -0.862 -0.908 -0.945 -0.974 -0.992 -1.000 
-0.923 -0.880 -0.830 -0.775 -0.715 -0.652 -0.589 -0.525 -0.464 -0.964 -0.931 -0.890 -0.842 -0.787 -0.728 -0.666 -0.697 -0.758 -0.815 -0.867 -0.912 -0.949 -0.976 -0.993 -1.000 -0.995 -0.980 
-0.825 -0.769 -0.709 -0.646 -0.582 -0.519 -0.984 -0.961 -0.928 -0.886 -0.837 -0.782 -0.722 -0.660 -0.704 -0.764 -0.821 -0.872 -0.916 -0.952 -0.978 -0.995 -1.000 -0.994 -0.978 -0.951 -0.915 
-0.702 -0.639 -0.576 -0.997 -0.982 -0.958 -0.924 -0.881 -0.831 -0.776 -0.716 -0.653 -0.710 -0.770 -0.826 -0.877 -0.920 -0.955 -0.981 -0.996 -1.000 -0.993 -0.976 -0.948 -0.911 -0.866 -0.814 
-1.000 -0.996 -0.981 -0.955 -0.920 -0.877 -0.826 -0.770 -0.710 -0.653 -0.716 -0.776 -0.831 -0.881 -0.924 -0.958 -0.982 -0.997 -1.000 -0.992 -0.973 -0.945 -0.907 -0.861 -0.809 -0.751 -0.690 
-0.978 -0.952 -0.916 -0.872 -0.821 -0.764 -0.704 -0.660 -0.722 -0.782 -0.837 -0.886 -0.928 -0.961 -0.984 -0.997 -0.999 -0.991 -0.971 -0.941 -0.903 -0.856 -0.803 -0.745 -0.980 -0.995 -1.000 
-0.912 -0.867 -0.815 -0.758 -0.697 -0.666 -0.728 -0.787 -0.842 -0.890 -0.931 -0.964 -0.986 -0.998 -0.999 -0.989 -0.969 -0.938 -0.898 -0.851 -0.798 -0.957 -0.982 -0.996 -1.000 -0.992 -0.974 
-0.810 -0.752 -0.691 -0.672 -0.734 -0.793 -0.847 -0.895 -0.935 -0.966 -0.988 -0.999 -0.999 -0.988 -0.966 -0.934 -0.894 -0.846 -0.927 -0.960 -0.984 -0.997 -1.000 -0.991 -0.972 -0.942 -0.904 
-0.685 -0.679 -0.740 -0.799 -0.852 -0.899 -0.939 -0.969 -0.989 -0.999 -0.998 -0.986 -0.963 -0.931 -0.890 -0.890 -0.931 -0.963 -0.986 -0.998 -0.999 -0.989 -0.969 -0.939 -0.899 -0.852 -0.799 
-0.746 -0.804 -0.857 -0.904 -0.942 -0.972 -0.991 -1.000 -0.997 -0.984 -0.960 -0.927 -0.846 -0.894 -0.934 -0.966 -0.988 -0.999 -0.999 -0.988 -0.966 -0.935 -0.895 -0.847 -0.793 -0.734 -0.672 
-0.862 -0.908 -0.945 -0.974 -0.992 -1.000 -0.996 -0.982 -0.957 -0.798 -0.851 -0.898 -0.938 -0.969 -0.989 -0.999 -0.998 -0.986 -0.964 -0.931 -0.890 -0.842 -0.787 -0.728 -0.666 -0.697 -0.758 
-0.949 -0.976 -0.993 -1.000 -0.995 -0.980 -0.745 -0.803 -0.856 -0.903 -0.941 -0.971 -0.991 -0.999 -0.997 -0.984 -0.961 -0.928 -0.886 -0.837 -0.782 -0.722 -0.660 -0.704 -0.764 -0.821 -0.872 
-0.995 -1.000 -0.994 -0.690 -0.751 -0.809 -0.861 -0.907 -0.945 -0.973 -0.992 -1.000 -0.997 -0.982 -0.958 -0.924 -0.881 -0.831 -0.776 -0.716 -0.653 -0.710 -0.770 -0.826 -0.877 -0.920 -0.955 
-0.633 -0.696 -0.757 -0.814 -0.866 -0.911 -0.948 -0.976 -0.993 -1.000 -0.996 -0.981 -0.955 -0.920 -0.877 -0.826 -0.770 -0.710 -0.653 -0.716 -0.776 -0.831 -0.881 -0.924 -0.958 -0.982 -0.997 
-0.763 -0.820 -0.871 -0.915 -0.951 -0.978 -0.994 -1.000 -0.995 -0.978 -0.952 -0.916 -0.872 -0.821 -0.764 -0.704 -0.660 -0.722 -0.782 -0.837 -0.886 -0.928 -0.961 -0.984 -0.519 -0.582 -0.646 
-0.876 -0.919 -0.954 -0.980 -0.995 -1.000 -0.993 -0.976 -0.949 -0.912 -0.867 -0.815 -0.758 -0.697 -0.666 -0.728 -0.787 -0.842 -0.890 -0.931 -0.964 -0.464 -0.525 -0.589 -0.652 -0.715 -0.775 
-0.957 -0.982 -0.996 -1.000 -0.992 -0.974 -0.945 -0.908 -0.862 -0.810 -0.752 -0.691 -0.672 -0.734 -0.793 -0.847 -0.895 -0.935 -0.411 -0.470 -0.532 -0.595 -0.658 -0.721 -0.780 -0.836 -0.885 
-0.997 -1.000 -0.991 -0.972 -0.942 -0.904 -0.857 -0.804 -0.746 -0.685 -0.679 -0.740 -0.799 -0.852 -0.899 -0.361 -0.417 -0.476 -0.538 -0.601 -0.665 -0.727 -0.786 -0.841 -0.890 -0.931 -0.963 
-0.989 -0.969 -0.939 -0.899 -0.852 -0.799 -0.740 -0.679 -0.685 -0.746 -0.804 -0.857 -0.314 -0.366 -0.422 -0.482 -0.544 -0.608 -0.671 -0.733 -0.792 -0.846 -0.894 -0.934 -0.966 -0.988 -0.999 
-0.935 -0.895 -0.847 -0.793 -0.734 -0.672 -0.691 -0.752 -0.810 -0.270 -0.319 -0.371 -0.428 -0.488 -0.551 -0.614 -0.677 -0.739 -0.798 -0.851 -0.898 -0.938 -0.969 -0.989 -0.999 -0.998 -0.986 
-0.842 -0.787 -0.728 -0.666 -0.697 -0.758 -0.231 -0.275 -0.324 -0.377 -0.434 -0.494 -0.557 -0.620 -0.684 -0.745 -0.803 -0.856 -0.903 -0.941 -0.971 -0.991 -0.999 -0.997 -0.984 -0.961 -0.928 
-0.722 -0.660 -0.704 -0.196 -0.235 -0.280 -0.329 -0.382 -0.440 -0.501 -0.563 -0.627 -0.690 -0.751 -0.809 -0.861 -0.907 -0.945 -0.973 -0.992 -1.000 -0.997 -0.982 -0.958 -0.924 -0.881 -0.831 
0.000 0.000 0.000 0.000 0.000 0.000 0.000 0.000 0.000 0.000 0.000 0.000 0.000 0.000 0.000 0.000 0.000 0.000 0.000 0.000 0.000 0.000 0.000 0.000 0.000 0.000 0.000 
0.000 0.000 0.000 0.000 0.000 0.000 0.000 0.000 0.000 0.000 0.000 0.000 0.000 0.000 0.000 0.000 0.000 0.000 0.000 0.000 0.000 0.000 0.000 0.000 0.000 0.000 0.000 
0.000 0.000 0.000 0.000 0.000 0.000 0.000 0.000 0.000 0.000 0.000 0.000 0.000 0.000 0.000 0.000 0.000 0.000 0.000 0.000 0.000 0.000 0.000 0.000 0.000 0.000 0.000 
# 2 1 19 27
-0.664 -0.700 -0.760 -0.817 -0.869 -0.914 -0.950 -0.977 -0.994 -1.000 -0.995 -0.979 -0.953 -0.918 -0.874 -0.823 -0.766 -0.706 -0.643 -0.580 -0.517 -0.455 -0.397 -0.342 -0.292 -0.246 -0.206 
-0.580 -0.517 -0.455 -0.397 -0.342 -0.292 -0.246 -0.206 -0.751 -0.690 -0.673 -0.735 -0.794 -0.848 -0.896 -0.936 -0.967 -0.988 -0.999 -0.998 -0.987 -0.965 -0.934 -0.893 -0.845 -0.791 -0.732 
-0.998 -0.987 -0.965 -0.934 -0.893 -0.845 -0.791 -0.732 -0.670 -0.607 -0.543 -0.481 -0.421 -0.365 -0.313 -0.265 -0.832 -0.776 -0.716 -0.654 -0.710 -0.770 -0.826 -0.876 -0.920 -0.955 -0.980 
-0.654 -0.710 -0.770 -0.826 -0.876 -0.920 -0.955 -0.980 -0.996 -1.000 -0.993 -0.976 -0.948 -0.911 -0.866 -0.814 -0.757 -0.696 -0.633 -0.570 -0.507 -0.446 -0.388 -0.334 -0.900 -0.853 -0.800 
-0.570 -0.507 -0.446 -0.388 -0.334 -0.900 -0.853 -0.800 -0.742 -0.680 -0.683 -0.745 -0.803 -0.856 -0.903 -0.941 -0.971 -0.991 -0.999 -0.997 -0.984 -0.961 -0.928 -0.886 -0.837 -0.782 -0.722 
-0.997 -0.984 -0.961 -0.928 -0.886 -0.837 -0.782 -0.722 -0.660 -0.596 -0.533 -0.471 -0.412 -0.953 -0.918 -0.874 -0.823 -0.767 -0.706 -0.657 -0.719 -0.779 -0.834 -0.884 -0.926 -0.960 -0.984 
-0.657 -0.719 -0.779 -0.834 -0.884 -0.926 -0.960 -0.984 -0.997 -1.000 -0.991 -0.972 -0.943 -0.905 -0.858 -0.806 -0.748 -0.686 -0.623 -0.560 -0.497 -0.987 -0.966 -0.934 -0.893 -0.845 -0.791 
-0.560 -0.497 -0.987 -0.966 -0.934 -0.893 -0.845 -0.791 -0.732 -0.670 -0.693 -0.754 -0.812 -0.864 -0.909 -0.947 -0.975 -0.993 -1.000 -0.996 -0.981 -0.956 -0.922 -0.879 -0.829 -0.773 -0.713 
-0.996 -0.981 -0.956 -0.922 -0.879 -0.829 -0.773 -0.713 -0.650 -0.586 -1.000 -0.993 -0.976 -0.948 -0.911 -0.866 -0.814 -0.757 -0.697 -0.667 -0.729 -0.788 -0.843 -0.891 -0.932 -0.964 -0.986 
-0.667 -0.729 -0.788 -0.843 -0.891 -0.932 -0.964 -0.986 -0.998 -0.999 -0.989 -0.968 -0.938 -0.898 -0.850 -0.797 -0.738 -0.677 -0.990 -0.999 -0.997 -0.985 -0.961 -0.928 -0.886 -0.837 -0.782 
-0.999 -0.997 -0.985 -0.961 -0.928 -0.886 -0.837 -0.782 -0.722 -0.660 -0.703 -0.764 -0.820 -0.871 -0.916 -0.952 -0.978 -0.995 -1.000 -0.994 -0.978 -0.952 -0.916 -0.871 -0.820 -0.763 -0.960 
-0.994 -0.978 -0.952 -0.916 -0.871 -0.820 -0.763 -0.960 -0.983 -0.997 -1.000 -0.991 -0.972 -0.943 -0.905 -0.859 -0.806 -0.748 -0.687 -0.677 -0.738 -0.797 -0.851 -0.898 -0.938 -0.968 -0.989 
-0.677 -0.738 -0.797 -0.851 -0.898 -0.938 -0.968 -0.989 -0.999 -0.998 -0.986 -0.964 -0.932 -0.891 -0.842 -0.909 -0.947 -0.975 -0.993 -1.000 -0.996 -0.982 -0.957 -0.922 -0.879 -0.829 -0.773 
-1.000 -0.996 -0.982 -0.957 -0.922 -0.879 -0.829 -0.773 -0.713 -0.650 -0.713 -0.773 -0.829 -0.879 -0.922 -0.957 -0.982 -0.996 -1.000 -0.993 -0.975 -0.947 -0.909 -0.842 -0.891 -0.932 -0.964 
-0.993 -0.975 -0.947 -0.909 -0.842 -0.891 -0.932 -0.964 -0.986 -0.998 -0.999 -0.989 -0.968 -0.938 -0.898 -0.851 -0.797 -0.738 -0.677 -0.687 -0.748 -0.806 -0.859 -0.905 -0.943 -0.972 -0.991 
-0.687 -0.748 -0.806 -0.859 -0.905 -0.943 -0.972 -0.991 -1.000 -0.997 -0.983 -0.960 -0.763 -0.820 -0.871 -0.916 -0.952 -0.978 -0.994 -1.000 -0.995 -0.978 -0.952 -0.916 -0.871 -0.820 -0.764 
-1.000 -0.995 -0.978 -0.952 -0.916 -0.871 -0.820 -0.764 -0.703 -0.660 -0.722 -0.782 -0.837 -0.886 -0.928 -0.961 -0.985 -0.997 -0.999 -0.990 -0.677 -0.738 -0.797 -0.850 -0.898 -0.938 -0.968 
-0.990 -0.677 -0.738 -0.797 -0.850 -0.898 -0.938 -0.968 -0.989 -0.999 -0.998 -0.986 -0.964 -0.932 -0.891 -0.843 -0.788 -0.729 -0.667 -0.697 -0.757 -0.814 -0.866 -0.911 -0.948 -0.976 -0.993 
-0.697 -0.757 -0.814 -0.866 -0.911 -0.948 -0.976 -0.993 -1.000 -0.586 -0.650 -0.713 -0.773 -0.829 -0.879 -0.922 -0.956 -0.981 -0.996 -1.000 -0.993 -0.975 -0.947 -0.909 -0.864 -0.812 -0.754 
# 2 3 14 27
-0.679 -0.684 -0.745 -0.803 -0.856 -0.903 -0.942 -0.971 -0.991 -0.999 -0.997 -0.984 -0.961 -0.928 -0.886 -0.836 -0.781 -0.722 -0.659 -0.596 -0.533 -0.471 -0.412 -0.356 -0.304 -0.257 -0.215 
-0.886 -0.836 -0.781 -0.722 -0.659 -0.596 -0.533 -0.471 -0.412 -0.356 -0.304 -0.257 -0.215 -0.795 -0.737 -0.675 -0.688 -0.750 -0.807 -0.860 -0.906 -0.944 -0.973 -0.992 -1.000 -0.997 -0.983 
-0.737 -0.675 -0.688 -0.750 -0.807 -0.860 -0.906 -0.944 -0.973 -0.992 -1.000 -0.997 -0.983 -0.959 -0.925 -0.882 -0.833 -0.777 -0.717 -0.655 -0.591 -0.528 -0.466 -0.408 -0.352 -0.301 -0.894 
-0.925 -0.882 -0.833 -0.777 -0.717 -0.655 -0.591 -0.528 -0.466 -0.408 -0.352 -0.301 -0.894 -0.846 -0.791 -0.732 -0.671 -0.693 -0.754 -0.811 -0.864 -0.909 -0.946 -0.975 -0.993 -1.000 -0.996 
-0.791 -0.732 -0.671 -0.693 -0.754 -0.811 -0.864 -0.909 -0.946 -0.975 -0.993 -1.000 -0.996 -0.982 -0.957 -0.922 -0.879 -0.829 -0.773 -0.713 -0.650 -0.587 -0.524 -0.462 -0.403 -0.964 -0.931 
-0.957 -0.922 -0.879 -0.829 -0.773 -0.713 -0.650 -0.587 -0.524 -0.462 -0.403 -0.964 -0.931 -0.890 -0.842 -0.787 -0.728 -0.666 -0.697 -0.758 -0.815 -0.867 -0.912 -0.949 -0.976 -0.993 -1.000 
-0.842 -0.787 -0.728 -0.666 -0.697 -0.758 -0.815 -0.867 -0.912 -0.949 -0.976 -0.993 -1.000 -0.995 -0.980 -0.954 -0.919 -0.876 -0.825 -0.769 -0.709 -0.646 -0.582 -0.519 -0.998 -0.985 -0.962 
-0.980 -0.954 -0.919 -0.876 -0.825 -0.769 -0.709 -0.646 -0.582 -0.519 -0.998 -0.985 -0.962 -0.929 -0.887 -0.838 -0.783 -0.724 -0.662 -0.702 -0.762 -0.819 -0.870 -0.915 -0.951 -0.978 -0.994 
-0.887 -0.838 -0.783 -0.724 -0.662 -0.702 -0.762 -0.819 -0.870 -0.915 -0.951 -0.978 -0.994 -1.000 -0.995 -0.979 -0.952 -0.916 -0.872 -0.821 -0.765 -0.704 -0.641 -0.991 -1.000 -0.997 -0.984 
-0.995 -0.979 -0.952 -0.916 -0.872 -0.821 -0.765 -0.704 -0.641 -0.991 -1.000 -0.997 -0.984 -0.960 -0.926 -0.884 -0.834 -0.779 -0.719 -0.657 -0.706 -0.767 -0.823 -0.874 -0.918 -0.953 -0.979 
-0.926 -0.884 -0.834 -0.779 -0.719 -0.657 -0.706 -0.767 -0.823 -0.874 -0.918 -0.953 -0.979 -0.995 -1.000 -0.994 -0.977 -0.950 -0.914 -0.869 -0.817 -0.760 -0.945 -0.974 -0.992 -1.000 -0.996 
-1.000 -0.994 -0.977 -0.950 -0.914 -0.869 -0.817 -0.760 -0.945 -0.974 -0.992 -1.000 -0.996 -0.982 -0.958 -0.923 -0.881 -0.831 -0.775 -0.715 -0.652 -0.711 -0.771 -0.827 -0.877 -0.921 -0.955 
-0.958 -0.923 -0.881 -0.831 -0.775 -0.715 -0.652 -0.711 -0.771 -0.827 -0.877 -0.921 -0.955 -0.981 -0.996 -1.000 -0.993 -0.975 -0.948 -0.911 -0.865 -0.865 -0.911 -0.948 -0.975 -0.993 -1.000 
-0.996 -1.000 -0.993 -0.975 -0.948 -0.911 -0.865 -0.865 -0.911 -0.948 -0.975 -0.993 -1.000 -0.996 -0.981 -0.955 -0.921 -0.877 -0.827 -0.771 -0.711 -0.652 -0.715 -0.775 -0.831 -0.881 -0.923 
# 2 4 2 27
-0.964 -0.932 -0.890 -0.842 -0.787 -0.728 -0.666 -0.697 -0.758 -0.815 -0.867 -0.912 -0.949 -0.976 -0.994 -1.000 -0.995 -0.980 -0.954 -0.919 -0.876 -0.825 -0.769 -0.709 -0.646 -0.582 -0.519 
-0.890 -0.842 -0.787 -0.728 -0.666 -0.697 -0.758 -0.815 -0.867 -0.912 -0.949 -0.976 -0.994 -1.000 -0.995 -0.980 -0.954 -0.919 -0.876 -0.825 -0.769 -0.709 -0.646 -0.582 -0.519 -0.519 -0.582 
# 3 0 30 14
-0.584 -0.723 -0.847 -0.942 -0.994 -0.993 -0.941 -0.846 -0.721 -0.582 -0.446 -0.324 -0.223 -0.146 
-0.732 -0.855 -0.947 -0.995 -0.991 -0.936 -0.838 -0.712 -0.573 -0.437 -0.317 -0.217 -0.705 -0.566 
-0.862 -0.952 -0.997 -0.989 -0.931 -0.831 -0.703 -0.564 -0.429 -0.309 -0.824 -0.695 -0.556 -0.677 
-0.956 -0.998 -0.987 -0.925 -0.823 -0.694 -0.554 -0.420 -0.921 -0.816 -0.686 -0.547 -0.686 -0.816 
-0.999 -0.984 -0.920 -0.815 -0.685 -0.545 -0.982 -0.915 -0.808 -0.677 -0.556 -0.695 -0.824 -0.927 
-0.981 -0.914 -0.807 -0.675 -1.000 -0.979 -0.909 -0.800 -0.668 -0.566 -0.705 -0.832 -0.932 -0.990 
-0.908 -0.799 -0.972 -1.000 -0.976 -0.903 -0.792 -0.659 -0.575 -0.714 -0.840 -0.937 -0.992 -0.995 
-0.902 -0.975 -1.000 -0.972 -0.896 -0.784 -0.649 -0.584 -0.723 -0.847 -0.942 -0.994 -0.993 -0.941 
-0.978 -1.000 -0.969 -0.890 -0.775 -0.640 -0.594 -0.732 -0.855 -0.947 -0.995 -0.991 -0.739 -0.861 
-0.999 -0.965 -0.883 -0.767 -0.631 -0.603 -0.740 -0.862 -0.952 -0.997 -0.610 -0.747 -0.868 -0.956 
-0.961 -0.876 -0.758 -0.621 -0.612 -0.749 -0.869 -0.956 -0.481 -0.620 -0.756 -0.875 -0.960 -0.998 
-0.869 -0.749 -0.612 -0.621 -0.758 -0.876 -0.363 -0.490 -0.629 -0.765 -0.882 -0.964 -0.999 -0.982 
-0.740 -0.603 -0.631 -0.767 -0.261 -0.371 -0.499 -0.638 -0.773 -0.889 -0.968 -1.000 -0.979 -0.909 
-0.594 -0.640 -0.179 -0.267 -0.379 -0.509 -0.648 -0.782 -0.895 -0.972 -1.000 -0.976 -0.903 -0.792 
0.000 0.000 0.000 0.000 0.000 0.000 0.000 0.000 0.000 0.000 0.000 0.000 0.000 0.000 
0.000 0.000 0.000 0.000 0.000 0.000 0.000 0.000 0.000 0.000 0.000 0.000 0.000 0.000 
0.000 0.000 0.000 0.000 0.000 0.000 0.000 0.000 0.000 0.000 0.000 0.000 0.000 0.000 
0.000 0.000 0.000 0.000 0.000 0.000 0.000 0.000 0.000 0.000 0.000 0.000 0.000 0.000 
0.000 0.000 0.000 0.000 0.000 0.000 0.000 0.000 0.000 0.000 0.000 0.000 0.000 0.000 
0.000 0.000 0.000 0.000 0.000 0.000 0.000 0.000 0.000 0.000 0.000 0.000 0.000 0.000 
0.000 0.000 0.000 0.000 0.000 0.000 0.000 0.000 0.000 0.000 0.000 0.000 0.000 0.000 
0.000 0.000 0.000 0.000 0.000 0.000 0.000 0.000 0.000 0.000 0.000 0.000 0.000 0.000 
0.000 0.000 0.000 0.000 0.000 0.000 0.000 0.000 0.000 0.000 0.000 0.000 0.000 0.000 
0.000 0.000 0.000 0.000 0.000 0.000 0.000 0.000 0.000 0.000 0.000 0.000 0.000 0.000 
0.000 0.000 0.000 0.000 0.000 0.000 0.000 0.000 0.000 0.000 0.000 0.000 0.000 0.000 
0.000 0.000 0.000 0.000 0.000 0.000 0.000 0.000 0.000 0.000 0.000 0.000 0.000 0.000 
0.000 0.000 0.000 0.000 0.000 0.000 0.000 0.000 0.000 0.000 0.000 0.000 0.000 0.000 
0.000 0.000 0.000 0.000 0.000 0.000 0.000 0.000 0.000 0.000 0.000 0.000 0.000 0.000 
0.000 0.000 0.000 0.000 0.000 0.000 0.000 0.000 0.000 0.000 0.000 0.000 0.000 0.000 
0.000 0.000 0.000 0.000 0.000 0.000 0.000 0.000 0.000 0.000 0.000 0.000 0.000 0.000 
# 3 1 19 14
-0.565 -0.704 -0.832 -0.932 -0.990 -0.996 -0.951 -0.861 -0.739 -0.601 -0.464 -0.339 -0.235 -0.155 
-0.996 -0.989 -0.931 -0.831 -0.703 -0.564 -0.429 -0.310 -0.212 -0.733 -0.595 -0.639 -0.774 -0.889 
-0.667 -0.528 -0.396 -0.282 -0.826 -0.697 -0.558 -0.675 -0.807 -0.914 -0.981 -0.999 -0.965 -0.883 
-0.794 -0.661 -0.573 -0.711 -0.838 -0.936 -0.991 -0.995 -0.947 -0.855 -0.732 -0.594 -0.457 -0.962 
-0.867 -0.955 -0.997 -0.988 -0.927 -0.825 -0.696 -0.557 -0.994 -0.944 -0.850 -0.726 -0.587 -0.646 
-0.904 -0.793 -0.660 -0.998 -0.986 -0.923 -0.820 -0.690 -0.551 -0.683 -0.813 -0.919 -0.984 -0.999 
-0.974 -0.899 -0.787 -0.654 -0.580 -0.719 -0.844 -0.940 -0.993 -0.994 -0.944 -0.849 -0.923 -0.986 
-0.617 -0.754 -0.873 -0.959 -0.998 -0.986 -0.923 -0.849 -0.944 -0.994 -0.993 -0.940 -0.844 -0.719 
-1.000 -0.974 -0.760 -0.878 -0.962 -0.999 -0.984 -0.919 -0.813 -0.683 -0.551 -0.690 -0.820 -0.923 
-0.976 -1.000 -0.971 -0.894 -0.781 -0.646 -0.587 -0.726 -0.850 -0.944 -0.994 -0.557 -0.696 -0.825 
-0.747 -0.609 -0.624 -0.760 -0.878 -0.962 -0.457 -0.594 -0.732 -0.855 -0.947 -0.995 -0.991 -0.936 
-0.904 -0.364 -0.492 -0.631 -0.766 -0.883 -0.965 -0.999 -0.981 -0.914 -0.807 -0.675 -0.558 -0.697 
-0.800 -0.909 -0.979 -1.000 -0.968 -0.889 -0.774 -0.639 -0.595 -0.733 -0.212 -0.310 -0.429 -0.564 
-0.952 -0.862 -0.740 -0.602 -0.632 -0.155 -0.235 -0.339 -0.464 -0.601 -0.739 -0.861 -0.951 -0.996 
0.000 0.000 0.000 0.000 0.000 0.000 0.000 0.000 0.000 0.000 0.000 0.000 0.000 0.000 
0.000 0.000 0.000 0.000 0.000 0.000 0.000 0.000 0.000 0.000 0.000 0.000 0.000 0.000 
0.000 0.000 0.000 0.000 0.000 0.000 0.000 0.000 0.000 0.000 0.000 0.000 0.000 0.000 
0.000 0.000 0.000 0.000 0.000 0.000 0.000 0.000 0.000 0.000 0.000 0.000 0.000 0.000 
0.000 0.000 0.000 0.000 0.000 0.000 0.000 0.000 0.000 0.000 0.000 0.000 0.000 0.000 
# 3 2 27 14
-0.581 -0.719 -0.845 -0.940 -0.993 -0.994 -0.943 -0.849 -0.724 -0.586 -0.449 -0.327 -0.225 -0.147 
-0.185 -0.658 -0.575 -0.714 -0.840 -0.938 -0.992 -0.995 -0.946 -0.853 -0.729 -0.591 -0.454 -0.331 
-0.393 -0.279 -0.796 -0.663 -0.570 -0.709 -0.836 -0.935 -0.991 -0.996 -0.949 -0.857 -0.734 -0.596 
-0.669 -0.529 -0.397 -0.909 -0.801 -0.668 -0.565 -0.704 -0.832 -0.932 -0.990 -0.996 -0.951 -0.861 
-0.913 -0.805 -0.674 -0.534 -0.981 -0.913 -0.805 -0.674 -0.560 -0.699 -0.827 -0.929 -0.988 -0.997 
-0.999 -0.983 -0.916 -0.810 -0.679 -0.999 -0.982 -0.916 -0.810 -0.679 -0.555 -0.694 -0.823 -0.926 
-0.877 -0.961 -0.999 -0.984 -0.919 -0.814 -0.961 -0.999 -0.984 -0.919 -0.814 -0.684 -0.550 -0.689 
-0.617 -0.754 -0.873 -0.959 -0.998 -0.986 -0.923 -0.873 -0.959 -0.998 -0.986 -0.922 -0.819 -0.689 
-0.758 -0.622 -0.612 -0.749 -0.869 -0.956 -0.998 -0.987 -0.749 -0.869 -0.956 -0.998 -0.987 -0.926 
-0.963 -0.881 -0.763 -0.627 -0.606 -0.744 -0.865 -0.954 -0.997 -0.607 -0.744 -0.865 -0.954 -0.997 
-0.981 -0.999 -0.965 -0.884 -0.768 -0.632 -0.601 -0.739 -0.861 -0.951 -0.464 -0.602 -0.739 -0.861 
-0.801 -0.909 -0.979 -1.000 -0.968 -0.888 -0.773 -0.638 -0.596 -0.734 -0.857 -0.335 -0.459 -0.596 
-0.524 -0.664 -0.796 -0.906 -0.978 -1.000 -0.970 -0.892 -0.777 -0.643 -0.591 -0.729 -0.229 -0.331 
-0.275 -0.388 -0.519 -0.658 -0.792 -0.903 -0.976 -1.000 -0.972 -0.895 -0.782 -0.648 -0.586 -0.147 
0.000 0.000 0.000 0.000 0.000 0.000 0.000 0.000 0.000 0.000 0.000 0.000 0.000 0.000 
0.000 0.000 0.000 0.000 0.000 0.000 0.000 0.000 0.000 0.000 0.000 0.000 0.000 0.000 
0.000 0.000 0.000 0.000 0.000 0.000 0.000 0.000 0.000 0.000 0.000 0.000 0.000 0.000 
0.000 0.000 0.000 0.000 0.000 0.000 0.000 0.000 0.000 0.000 0.000 0.000 0.000 0.000 
0.000 0.000 0.000 0.000 0.000 0.000 0.000 0.000 0.000 0.000 0.000 0.000 0.000 0.000 
0.000 0.000 0.000 0.000 0.000 0.000 0.000 0.000 0.000 0.000 0.000 0.000 0.000 0.000 
0.000 0.000 0.000 0.000 0.000 0.000 0.000 0.000 0.000 0.000 0.000 0.000 0.000 0.000 
0.000 0.000 0.000 0.000 0.000 0.000 0.000 0.000 0.000 0.000 0.000 0.000 0.000 0.000 
0.000 0.000 0.000 0.000 0.000 0.000 0.000 0.000 0.000 0.000 0.000 0.000 0.000 0.000 
0.000 0.000 0.000 0.000 0.000 0.000 0.000 0.000 0.000 0.000 0.000 0.000 0.000 0.000 
0.000 0.000 0.000 0.000 0.000 0.000 0.000 0.000 0.000 0.000 0.000 0.000 0.000 0.000 
0.000 0.000 0.000 0.000 0.000 0.000 0.000 0.000 0.000 0.000 0.000 0.000 0.000 0.000 
0.000 0.000 0.000 0.000 0.000 0.000 0.000 0.000 0.000 0.000 0.000 0.000 0.000 0.000 
# 3 4 2 14
-0.922 -0.818 -0.687 -0.548 -0.687 -0.818 -0.922 -0.986 -1.000 -0.961 -0.876 -0.757 -0.621 -0.482 
-0.687 -0.548 -0.687 -0.818 -0.922 -0.986 -1.000 -0.961 -0.876 -0.757 -0.621 -0.482 -0.482 -0.621 
# 4 0 30 2
1.000 0.000 
0.995 1.000 
0.000 0.000 
0.000 0.000 
0.000 0.000 
0.000 0.000 
0.000 0.000 
0.000 0.000 
0.000 0.000 
0.000 0.000 
0.000 0.000 
0.000 0.000 
0.000 0.000 
0.000 0.000 
0.000 0.000 
0.000 0.000 
0.000 0.000 
0.000 0.000 
0.000 0.000 
0.000 0.000 
0.000 0.000 
0.000 0.000 
0.000 0.000 
0.000 0.000 
0.000 0.000 
0.000 0.000 
0.000 0.000 
0.000 0.000 
0.000 0.000 
0.000 0.000 
# 4 1 19 2
0.990 0.000 
1.000 0.936 
0.000 0.000 
0.000 0.000 
0.000 0.000 
0.000 0.000 
0.000 0.000 
0.000 0.000 
0.000 0.000 
0.000 0.000 
0.000 0.000 
0.000 0.000 
0.000 0.000 
0.000 0.000 
0.000 0.000 
0.000 0.000 
0.000 0.000 
0.000 0.000 
0.000 0.000 
# 4 2 27 2
0.996 0.000 
1.000 0.966 
0.000 0.000 
0.000 0.000 
0.000 0.000 
0.000 0.000 
0.000 0.000 
0.000 0.000 
0.000 0.000 
0.000 0.000 
0.000 0.000 
0.000 0.000 
0.000 0.000 
0.000 0.000 
0.000 0.000 
0.000 0.000 
0.000 0.000 
0.000 0.000 
0.000 0.000 
0.000 0.000 
0.000 0.000 
0.000 0.000 
0.000 0.000 
0.000 0.000 
0.000 0.000 
0.000 0.000 
0.000 0.000 
# 4 3 14 2
1.000 0.011 
0.988 1.000 
0.000 0.000 
0.000 0.000 
0.000 0.000 
0.000 0.000 
0.000 0.000 
0.000 0.000 
0.000 0.000 
0.000 0.000 
0.000 0.000 
0.000 0.000 
0.000 0.000 
0.000 0.000 
# 5 0 30 10
0.649 0.854 0.982 0.987 0.866 0.664 0.445 0.261 0.133 0.060 
0.722 0.649 0.854 0.982 0.987 0.866 0.664 0.445 0.261 0.133 
0.908 0.722 0.649 0.854 0.982 0.987 0.866 0.664 0.445 0.261 
0.998 0.908 0.722 0.649 0.854 0.982 0.987 0.866 0.664 0.445 
0.959 0.998 0.908 0.722 0.649 0.854 0.982 0.987 0.866 0.664 
0.805 0.959 0.998 0.908 0.722 0.649 0.854 0.982 0.987 0.866 
0.590 0.805 0.959 0.998 0.908 0.722 0.649 0.854 0.982 0.987 
0.378 0.590 0.805 0.959 0.998 0.908 0.722 0.649 0.854 0.982 
0.212 0.378 0.590 0.805 0.959 0.998 0.908 0.722 0.649 0.854 
0.104 0.212 0.378 0.590 0.805 0.959 0.998 0.908 0.722 0.649 
0.000 0.000 0.000 0.000 0.000 0.000 0.000 0.000 0.000 0.000 
0.000 0.000 0.000 0.000 0.000 0.000 0.000 0.000 0.000 0.000 
0.000 0.000 0.000 0.000 0.000 0.000 0.000 0.000 0.000 0.000 
0.000 0.000 0.000 0.000 0.000 0.000 0.000 0.000 0.000 0.000 
0.000 0.000 0.000 0.000 0.000 0.000 0.000 0.000 0.000 0.000 
0.000 0.000 0.000 0.000 0.000 0.000 0.000 0.000 0.000 0.000 
0.000 0.000 0.000 0.000 0.000 0.000 0.000 0.000 0.000 0.000 
0.000 0.000 0.000 0.000 0.000 0.000 0.000 0.000 0.000 0.000 
0.000 0.000 0.000 0.000 0.000 0.000 0.000 0.000 0.000 0.000 
0.000 0.000 0.000 0.000 0.000 0.000 0.000 0.000 0.000 0.000 
0.000 0.000 0.000 0.000 0.000 0.000 0.000 0.000 0.000 0.000 
0.000 0.000 0.000 0.000 0.000 0.000 0.000 0.000 0.000 0.000 
0.000 0.000 0.000 0.000 0.000 0.000 0.000 0.000 0.000 0.000 
0.000 0.000 0.000 0.000 0.000 0.000 0.000 0.000 0.000 0.000 
0.000 0.000 0.000 0.000 0.000 0.000 0.000 0.000 0.000 0.000 
0.000 0.000 0.000 0.000 0.000 0.000 0.000 0.000 0.000 0.000 
0.000 0.000 0.000 0.000 0.000 0.000 0.000 0.000 0.000 0.000 
0.000 0.000 0.000 0.000 0.000 0.000 0.000 0.000 0.000 0.000 
0.000 0.000 0.000 0.000 0.000 0.000 0.000 0.000 0.000 0.000 
0.000 0.000 0.000 0.000 0.000 0.000 0.000 0.000 0.000 0.000 
# 5 1 19 10
0.000 0.000 0.000 0.000 0.000 0.000 0.000 0.000 0.000 0.000 
0.000 0.000 0.000 0.000 0.000 0.000 0.000 0.000 0.000 0.000 
0.000 0.000 0.000 0.000 0.000 0.000 0.000 0.000 0.000 0.000 
0.000 0.000 0.000 0.000 0.000 0.000 0.000 0.000 0.000 0.000 
0.000 0.000 0.000 0.000 0.000 0.000 0.000 0.000 0.000 0.000 
0.000 0.000 0.000 0.000 0.000 0.000 0.000 0.000 0.000 0.000 
0.000 0.000 0.000 0.000 0.000 0.000 0.000 0.000 0.000 0.000 
0.000 0.000 0.000 0.000 0.000 0.000 0.000 0.000 0.000 0.000 
0.000 0.000 0.000 0.000 0.000 0.000 0.000 0.000 0.000 0.000 
0.000 0.000 0.000 0.000 0.000 0.000 0.000 0.000 0.000 0.000 
0.000 0.000 0.000 0.000 0.000 0.000 0.000 0.000 0.000 0.000 
0.000 0.000 0.000 0.000 0.000 0.000 0.000 0.000 0.000 0.000 
0.000 0.000 0.000 0.000 0.000 0.000 0.000 0.000 0.000 0.000 
0.000 0.000 0.000 0.000 0.000 0.000 0.000 0.000 0.000 0.000 
0.000 0.000 0.000 0.000 0.000 0.000 0.000 0.000 0.000 0.000 
0.000 0.000 0.000 0.000 0.000 0.000 0.000 0.000 0.000 0.000 
0.000 0.000 0.000 0.000 0.000 0.000 0.000 0.000 0.000 0.000 
0.000 0.000 0.000 0.000 0.000 0.000 0.000 0.000 0.000 0.000 
0.000 0.000 0.000 0.000 0.000 0.000 0.000 0.000 0.000 0.000 
# 5 2 27 10
0.000 0.000 0.000 0.000 0.000 0.000 0.000 0.000 0.000 0.000 
0.000 0.000 0.000 0.000 0.000 0.000 0.000 0.000 0.000 0.000 
0.000 0.000 0.000 0.000 0.000 0.000 0.000 0.000 0.000 0.000 
0.000 0.000 0.000 0.000 0.000 0.000 0.000 0.000 0.000 0.000 
0.000 0.000 0.000 0.000 0.000 0.000 0.000 0.000 0.000 0.000 
0.000 0.000 0.000 0.000 0.000 0.000 0.000 0.000 0.000 0.000 
0.000 0.000 0.000 0.000 0.000 0.000 0.000 0.000 0.000 0.000 
0.000 0.000 0.000 0.000 0.000 0.000 0.000 0.000 0.000 0.000 
0.000 0.000 0.000 0.000 0.000 0.000 0.000 0.000 0.000 0.000 
0.000 0.000 0.000 0.000 0.000 0.000 0.000 0.000 0.000 0.000 
0.000 0.000 0.000 0.000 0.000 0.000 0.000 0.000 0.000 0.000 
0.000 0.000 0.000 0.000 0.000 0.000 0.000 0.000 0.000 0.000 
0.000 0.000 0.000 0.000 0.000 0.000 0.000 0.000 0.000 0.000 
0.000 0.000 0.000 0.000 0.000 0.000 0.000 0.000 0.000 0.000 
0.000 0.000 0.000 0.000 0.000 0.000 0.000 0.000 0.000 0.000 
0.000 0.000 0.000 0.000 0.000 0.000 0.000 0.000 0.000 0.000 
0.000 0.000 0.000 0.000 0.000 0.000 0.000 0.000 0.000 0.000 
0.000 0.000 0.000 0.000 0.000 0.000 0.000 0.000 0.000 0.000 
0.000 0.000 0.000 0.000 0.000 0.000 0.000 0.000 0.000 0.000 
0.000 0.000 0.000 0.000 0.000 0.000 0.000 0.000 0.000 0.000 
0.000 0.000 0.000 0.000 0.000 0.000 0.000 0.000 0.000 0.000 
0.000 0.000 0.000 0.000 0.000 0.000 0.000 0.000 0.000 0.000 
0.000 0.000 0.000 0.000 0.000 0.000 0.000 0.000 0.000 0.000 
0.000 0.000 0.000 0.000 0.000 0.000 0.000 0.000 0.000 0.000 
0.000 0.000 0.000 0.000 0.000 0.000 0.000 0.000 0.000 0.000 
0.000 0.000 0.000 0.000 0.000 0.000 0.000 0.000 0.000 0.000 
0.000 0.000 0.000 0.000 0.000 0.000 0.000 0.000 0.000 0.000 
# 5 3 14 10
0.000 0.000 0.000 0.000 0.000 0.000 0.000 0.000 0.000 0.000 
0.000 0.000 0.000 0.000 0.000 0.000 0.000 0.000 0.000 0.000 
0.000 0.000 0.000 0.000 0.000 0.000 0.000 0.000 0.000 0.000 
0.000 0.000 0.000 0.000 0.000 0.000 0.000 0.000 0.000 0.000 
0.000 0.000 0.000 0.000 0.000 0.000 0.000 0.000 0.000 0.000 
0.000 0.000 0.000 0.000 0.000 0.000 0.000 0.000 0.000 0.000 
0.000 0.000 0.000 0.000 0.000 0.000 0.000 0.000 0.000 0.000 
0.000 0.000 0.000 0.000 0.000 0.000 0.000 0.000 0.000 0.000 
0.000 0.000 0.000 0.000 0.000 0.000 0.000 0.000 0.000 0.000 
0.000 0.000 0.000 0.000 0.000 0.000 0.000 0.000 0.000 0.000 
0.000 0.000 0.000 0.000 0.000 0.000 0.000 0.000 0.000 0.000 
0.000 0.000 0.000 0.000 0.000 0.000 0.000 0.000 0.000 0.000 
0.000 0.000 0.000 0.000 0.000 0.000 0.000 0.000 0.000 0.000 
0.000 0.000 0.000 0.000 0.000 0.000 0.000 0.000 0.000 0.000 
# 5 4 2 10
0.000 0.000 0.000 0.000 0.000 0.000 0.000 0.000 0.000 0.000 
0.000 0.000 0.000 0.000 0.000 0.000 0.000 0.000 0.000 0.000 
