1.834283
2
# 0 1 10 30
0.014 0.000 0.014 0.141 0.589 1.000 0.691 0.194 0.022 0.000 0.000 0.000 0.000 0.000 0.000 0.000 0.000 0.000 0.000 0.000 0.000 0.000 0.000 0.000 0.000 0.000 0.000 0.000 0.000 0.000 
0.000 0.000 0.000 0.000 0.000 0.000 0.000 0.000 0.000 0.000 0.000 0.000 0.000 0.000 0.000 0.000 0.000 0.000 0.000 0.000 1.000 0.589 0.141 0.014 0.000 0.014 0.141 0.589 1.000 0.691 
0.000 0.000 0.000 0.000 0.000 0.000 0.000 0.000 0.000 0.000 1.000 0.589 0.141 0.014 0.000 0.014 0.141 0.589 1.000 0.691 0.194 0.022 0.000 0.000 0.000 0.000 0.000 0.000 0.000 0.000 
1.000 0.589 0.141 0.014 0.000 0.014 0.141 0.589 1.000 0.691 0.194 0.022 0.000 0.000 0.000 0.000 0.000 0.000 0.000 0.000 0.000 0.000 0.000 0.000 0.000 0.000 0.000 0.000 0.000 0.000 
0.194 0.022 0.000 0.000 0.000 0.000 0.000 0.000 0.000 0.000 0.000 0.000 0.000 0.000 0.000 0.000 0.000 0.000 0.000 0.000 0.022 0.194 0.691 1.000 0.589 0.141 0.014 0.000 0.014 0.141 
0.000 0.000 0.000 0.000 0.000 0.000 0.000 0.000 0.000 0.000 0.022 0.194 0.691 1.000 0.589 0.141 0.014 0.000 0.014 0.141 0.589 1.000 0.691 0.194 0.022 0.000 0.000 0.000 0.000 0.000 
0.022 0.194 0.691 1.000 0.589 0.141 0.014 0.000 0.014 0.141 0.589 1.000 0.691 0.194 0.022 0.000 0.000 0.000 0.000 0.000 0.000 0.000 0.000 0.000 0.000 0.000 0.000 0.000 0.000 0.000 
0.589 1.000 0.691 0.194 0.022 0.000 0.000 0.000 0.000 0.000 0.000 0.000 0.000 0.000 0.000 0.000 0.000 0.000 0.000 0.000 0.000 0.000 0.000 0.022 0.194 0.691 1.000 0.589 0.141 0.014 
0.000 0.000 0.000 0.000 0.000 0.000 0.000 0.000 0.000 0.000 0.000 0.000 0.000 0.022 0.194 0.691 1.000 0.589 0.141 0.014 0.000 0.014 0.141 0.589 1.000 0.691 0.194 0.022 0.000 0.000 
0.000 0.000 0.000 0.022 0.194 0.691 1.000 0.589 0.141 0.014 0.000 0.014 0.141 0.589 1.000 0.691 0.194 0.022 0.000 0.000 0.000 0.000 0.000 0.000 0.000 0.000 0.000 0.000 0.000 0.000 
# 1 0 30 10
1.000 0.024 0.000 0.000 0.000 0.000 0.000 0.000 0.000 0.000 
0.558 1.000 0.024 0.000 0.000 0.000 0.000 0.000 0.000 0.000 
0.000 0.558 1.000 0.024 0.000 0.000 0.000 0.000 0.000 0.000 
0.000 0.000 0.558 1.000 0.024 0.000 0.000 0.000 0.000 0.000 
0.000 0.000 0.000 0.558 1.000 0.024 0.000 0.000 0.000 0.000 
0.000 0.000 0.000 0.000 0.558 1.000 0.024 0.000 0.000 0.000 
0.000 0.000 0.000 0.000 0.000 0.558 1.000 0.024 0.000 0.000 
0.000 0.000 0.000 0.000 0.000 0.000 0.558 1.000 0.024 0.000 
0.000 0.000 0.000 0.000 0.000 0.000 0.000 0.558 1.000 0.024 
0.000 0.000 0.000 0.000 0.000 0.000 0.000 0.000 0.558 1.000 
0.990 0.958 0.907 0.840 0.761 0.674 0.584 0.494 0.626 0.715 
0.560 0.650 0.738 0.820 0.890 0.946 0.983 0.999 0.994 0.966 
1.000 0.988 0.955 0.903 0.891 0.946 0.983 0.999 0.994 0.966 
1.000 0.988 0.955 0.903 0.835 0.755 0.373 0.454 0.542 0.632 
0.477 0.566 0.656 0.744 0.825 0.895 0.949 0.985 1.000 0.992 
0.991 1.000 0.987 0.952 0.899 0.895 0.949 0.985 1.000 0.992 
0.991 1.000 0.987 0.952 0.183 0.238 0.303 0.378 0.460 0.548 
0.399 0.483 0.572 0.662 0.749 0.830 0.899 0.952 0.987 1.000 
0.963 0.992 1.000 0.985 0.949 0.895 0.899 0.952 0.987 1.000 
0.963 0.992 0.074 0.103 0.140 0.187 0.242 0.308 0.383 0.466 
0.327 0.404 0.489 0.578 0.668 0.755 0.835 0.903 0.955 0.988 
0.919 0.966 0.994 0.999 0.983 0.946 0.891 0.903 0.033 0.049 
0.000 0.000 0.000 0.000 0.000 0.000 0.000 0.000 0.000 0.000 
0.000 0.000 0.000 0.000 0.000 0.000 0.000 0.000 0.000 0.000 
0.000 0.000 0.000 0.000 0.000 0.000 0.000 0.000 0.000 0.000 
0.000 0.000 0.000 0.000 0.000 0.000 0.000 0.000 0.000 0.000 
0.000 0.000 0.000 0.000 0.000 0.000 0.000 0.000 0.000 0.000 
0.000 0.000 0.000 0.000 0.000 0.000 0.000 0.000 0.000 0.000 
0.000 0.000 0.000 0.000 0.000 0.000 0.000 0.000 0.000 0.000 
0.000 0.000 0.000 0.000 0.000 0.000 0.000 0.000 0.000 0.000 
