2.210359
4
# 0 1 18 30
0.701 0.796 0.985 0.949 0.712 0.416 0.190 0.067 0.019 0.000 0.000 0.000 0.000 0.000 0.000 0.000 0.000 0.000 0.000 0.000 0.000 0.000 0.000 0.000 0.000 0.000 0.000 0.000 0.000 0.000 
0.000 0.000 0.000 0.000 0.000 0.000 0.000 0.000 0.000 0.000 0.000 0.000 1.000 0.878 0.601 0.878 1.000 0.887 0.612 0.329 0.138 0.045 0.011 0.000 0.000 0.000 0.000 0.000 0.000 0.000 
0.612 0.329 0.138 0.045 0.011 0.000 0.000 0.000 0.000 0.000 0.000 0.000 0.000 0.000 0.000 0.000 0.000 0.000 0.000 0.000 0.000 0.000 0.000 0.000 0.712 0.949 0.985 0.796 0.701 0.943 
0.000 0.000 0.000 0.000 0.000 0.000 0.712 0.949 0.985 0.796 0.701 0.943 0.988 0.806 0.512 0.253 0.098 0.029 0.000 0.000 0.000 0.000 0.000 0.000 0.000 0.000 0.000 0.000 0.000 0.000 
0.000 0.000 0.000 0.000 0.000 0.000 0.000 0.000 0.000 0.000 0.000 0.000 0.000 0.000 0.000 0.000 0.000 0.000 0.253 0.512 0.806 0.988 0.943 0.701 0.796 0.985 0.949 0.712 0.416 0.190 
0.253 0.512 0.806 0.988 0.943 0.701 0.796 0.985 0.949 0.712 0.416 0.190 0.067 0.019 0.000 0.000 0.000 0.000 0.000 0.000 0.000 0.000 0.000 0.000 0.000 0.000 0.000 0.000 0.000 0.000 
0.000 0.000 0.000 0.000 0.000 0.000 0.000 0.000 0.000 0.000 0.000 0.000 0.045 0.138 0.329 0.612 0.887 1.000 0.878 0.601 0.878 1.000 0.887 0.612 0.329 0.138 0.045 0.011 0.000 0.000 
0.878 0.601 0.878 1.000 0.887 0.612 0.329 0.138 0.045 0.011 0.000 0.000 0.000 0.000 0.000 0.000 0.000 0.000 0.000 0.000 0.000 0.000 0.000 0.000 0.000 0.019 0.067 0.190 0.416 0.712 
0.000 0.000 0.000 0.000 0.000 0.000 0.000 0.019 0.067 0.190 0.416 0.712 0.949 0.985 0.796 0.701 0.943 0.988 0.806 0.512 0.253 0.098 0.029 0.000 0.000 0.000 0.000 0.000 0.000 0.000 
0.806 0.512 0.253 0.098 0.029 0.000 0.000 0.000 0.000 0.000 0.000 0.000 0.000 0.000 0.000 0.000 0.000 0.000 0.000 0.000 0.000 0.029 0.098 0.253 0.512 0.806 0.988 0.943 0.701 0.796 
0.000 0.000 0.000 0.029 0.098 0.253 0.512 0.806 0.988 0.943 0.701 0.796 0.985 0.949 0.712 0.416 0.190 0.067 0.019 0.000 0.000 0.000 0.000 0.000 0.000 0.000 0.000 0.000 0.000 0.000 
0.019 0.000 0.000 0.000 0.000 0.000 0.000 0.000 0.000 0.000 0.000 0.000 0.000 0.000 0.000 0.000 0.011 0.045 0.138 0.329 0.612 0.887 1.000 0.878 0.601 0.878 1.000 0.887 0.612 0.329 
0.138 0.329 0.612 0.887 1.000 0.878 0.601 0.878 1.000 0.887 0.612 0.329 0.138 0.045 0.011 0.000 0.000 0.000 0.000 0.000 0.000 0.000 0.000 0.000 0.000 0.000 0.000 0.000 0.000 0.000 
0.000 0.000 0.000 0.000 0.000 0.000 0.000 0.000 0.000 0.000 0.000 0.000 0.019 0.067 0.190 0.416 0.712 0.949 0.985 0.796 0.701 0.943 0.988 0.806 0.512 0.253 0.098 0.029 0.000 0.000 
0.985 0.796 0.701 0.943 0.988 0.806 0.512 0.253 0.098 0.029 0.000 0.000 0.000 0.000 0.000 0.000 0.000 0.000 0.000 0.000 0.000 0.000 0.000 0.000 0.000 0.000 0.029 0.098 0.253 0.512 
0.000 0.000 0.000 0.000 0.000 0.000 0.000 0.000 0.029 0.098 0.253 0.512 0.806 0.988 0.943 0.701 0.796 0.985 0.949 0.712 0.416 0.190 0.067 0.019 0.000 0.000 0.000 0.000 0.000 0.000 
0.949 0.712 0.416 0.190 0.067 0.019 0.000 0.000 0.000 0.000 0.000 0.000 0.000 0.000 0.000 0.000 0.000 0.000 0.000 0.000 0.000 0.011 0.045 0.138 0.329 0.612 0.887 1.000 0.878 0.601 
0.000 0.000 0.000 0.011 0.045 0.138 0.329 0.612 0.887 1.000 0.878 0.601 0.878 1.000 0.887 0.612 0.329 0.138 0.045 0.011 0.000 0.000 0.000 0.000 0.000 0.000 0.000 0.000 0.000 0.000 
# 0 2 18 30
0.701 0.796 0.985 0.949 0.712 0.416 0.190 0.067 0.019 0.000 0.000 0.000 0.000 0.000 0.000 0.000 0.000 0.000 0.000 0.000 0.000 0.000 0.000 0.000 0.000 0.000 0.000 0.000 0.000 0.000 
0.000 0.000 0.000 0.000 0.000 0.000 0.000 0.000 0.000 0.000 0.000 0.000 1.000 0.878 0.601 0.878 1.000 0.887 0.612 0.329 0.138 0.045 0.011 0.000 0.000 0.000 0.000 0.000 0.000 0.000 
0.612 0.329 0.138 0.045 0.011 0.000 0.000 0.000 0.000 0.000 0.000 0.000 0.000 0.000 0.000 0.000 0.000 0.000 0.000 0.000 0.000 0.000 0.000 0.000 0.712 0.949 0.985 0.796 0.701 0.943 
0.000 0.000 0.000 0.000 0.000 0.000 0.712 0.949 0.985 0.796 0.701 0.943 0.988 0.806 0.512 0.253 0.098 0.029 0.000 0.000 0.000 0.000 0.000 0.000 0.000 0.000 0.000 0.000 0.000 0.000 
0.000 0.000 0.000 0.000 0.000 0.000 0.000 0.000 0.000 0.000 0.000 0.000 0.000 0.000 0.000 0.000 0.000 0.000 0.253 0.512 0.806 0.988 0.943 0.701 0.796 0.985 0.949 0.712 0.416 0.190 
0.253 0.512 0.806 0.988 0.943 0.701 0.796 0.985 0.949 0.712 0.416 0.190 0.067 0.019 0.000 0.000 0.000 0.000 0.000 0.000 0.000 0.000 0.000 0.000 0.000 0.000 0.000 0.000 0.000 0.000 
0.000 0.000 0.000 0.000 0.000 0.000 0.000 0.000 0.000 0.000 0.000 0.000 0.045 0.138 0.329 0.612 0.887 1.000 0.878 0.601 0.878 1.000 0.887 0.612 0.329 0.138 0.045 0.011 0.000 0.000 
0.878 0.601 0.878 1.000 0.887 0.612 0.329 0.138 0.045 0.011 0.000 0.000 0.000 0.000 0.000 0.000 0.000 0.000 0.000 0.000 0.000 0.000 0.000 0.000 0.000 0.019 0.067 0.190 0.416 0.712 
0.000 0.000 0.000 0.000 0.000 0.000 0.000 0.019 0.067 0.190 0.416 0.712 0.949 0.985 0.796 0.701 0.943 0.988 0.806 0.512 0.253 0.098 0.029 0.000 0.000 0.000 0.000 0.000 0.000 0.000 
0.806 0.512 0.253 0.098 0.029 0.000 0.000 0.000 0.000 0.000 0.000 0.000 0.000 0.000 0.000 0.000 0.000 0.000 0.000 0.000 0.000 0.029 0.098 0.253 0.512 0.806 0.988 0.943 0.701 0.796 
0.000 0.000 0.000 0.029 0.098 0.253 0.512 0.806 0.988 0.943 0.701 0.796 0.985 0.949 0.712 0.416 0.190 0.067 0.019 0.000 0.000 0.000 0.000 0.000 0.000 0.000 0.000 0.000 0.000 0.000 
0.019 0.000 0.000 0.000 0.000 0.000 0.000 0.000 0.000 0.000 0.000 0.000 0.000 0.000 0.000 0.000 0.011 0.045 0.138 0.329 0.612 0.887 1.000 0.878 0.601 0.878 1.000 0.887 0.612 0.329 
0.138 0.329 0.612 0.887 1.000 0.878 0.601 0.878 1.000 0.887 0.612 0.329 0.138 0.045 0.011 0.000 0.000 0.000 0.000 0.000 0.000 0.000 0.000 0.000 0.000 0.000 0.000 0.000 0.000 0.000 
0.000 0.000 0.000 0.000 0.000 0.000 0.000 0.000 0.000 0.000 0.000 0.000 0.019 0.067 0.190 0.416 0.712 0.949 0.985 0.796 0.701 0.943 0.988 0.806 0.512 0.253 0.098 0.029 0.000 0.000 
0.985 0.796 0.701 0.943 0.988 0.806 0.512 0.253 0.098 0.029 0.000 0.000 0.000 0.000 0.000 0.000 0.000 0.000 0.000 0.000 0.000 0.000 0.000 0.000 0.000 0.000 0.029 0.098 0.253 0.512 
0.000 0.000 0.000 0.000 0.000 0.000 0.000 0.000 0.029 0.098 0.253 0.512 0.806 0.988 0.943 0.701 0.796 0.985 0.949 0.712 0.416 0.190 0.067 0.019 0.000 0.000 0.000 0.000 0.000 0.000 
0.949 0.712 0.416 0.190 0.067 0.019 0.000 0.000 0.000 0.000 0.000 0.000 0.000 0.000 0.000 0.000 0.000 0.000 0.000 0.000 0.000 0.011 0.045 0.138 0.329 0.612 0.887 1.000 0.878 0.601 
0.000 0.000 0.000 0.011 0.045 0.138 0.329 0.612 0.887 1.000 0.878 0.601 0.878 1.000 0.887 0.612 0.329 0.138 0.045 0.011 0.000 0.000 0.000 0.000 0.000 0.000 0.000 0.000 0.000 0.000 
# 0 3 10 30
0.878 0.601 0.878 1.000 0.887 0.612 0.329 0.138 0.045 0.011 0.000 0.000 0.000 0.000 0.000 0.000 0.000 0.000 0.000 0.000 0.000 0.000 0.000 0.000 0.000 0.000 0.000 0.000 0.000 0.000 
0.000 0.000 0.000 0.000 0.000 0.000 0.000 0.000 0.000 0.000 0.000 0.000 0.000 0.000 0.000 0.000 0.000 0.000 0.000 0.000 0.612 0.887 1.000 0.878 0.601 0.878 1.000 0.887 0.612 0.329 
0.000 0.000 0.000 0.000 0.000 0.000 0.000 0.000 0.000 0.000 0.612 0.887 1.000 0.878 0.601 0.878 1.000 0.887 0.612 0.329 0.138 0.045 0.011 0.000 0.000 0.000 0.000 0.000 0.000 0.000 
0.612 0.887 1.000 0.878 0.601 0.878 1.000 0.887 0.612 0.329 0.138 0.045 0.011 0.000 0.000 0.000 0.000 0.000 0.000 0.000 0.000 0.000 0.000 0.000 0.000 0.000 0.000 0.000 0.000 0.000 
0.138 0.045 0.011 0.000 0.000 0.000 0.000 0.000 0.000 0.000 0.000 0.000 0.000 0.000 0.000 0.000 0.000 0.000 0.000 0.000 0.045 0.138 0.329 0.612 0.887 1.000 0.878 0.601 0.878 1.000 
0.000 0.000 0.000 0.000 0.000 0.000 0.000 0.000 0.000 0.000 0.045 0.138 0.329 0.612 0.887 1.000 0.878 0.601 0.878 1.000 0.887 0.612 0.329 0.138 0.045 0.011 0.000 0.000 0.000 0.000 
0.045 0.138 0.329 0.612 0.887 1.000 0.878 0.601 0.878 1.000 0.887 0.612 0.329 0.138 0.045 0.011 0.000 0.000 0.000 0.000 0.000 0.000 0.000 0.000 0.000 0.000 0.000 0.000 0.000 0.000 
0.887 0.612 0.329 0.138 0.045 0.011 0.000 0.000 0.000 0.000 0.000 0.000 0.000 0.000 0.000 0.000 0.000 0.000 0.000 0.000 0.000 0.000 0.011 0.045 0.138 0.329 0.612 0.887 1.000 0.878 
0.000 0.000 0.000 0.000 0.000 0.000 0.000 0.000 0.000 0.000 0.000 0.000 0.011 0.045 0.138 0.329 0.612 0.887 1.000 0.878 0.601 0.878 1.000 0.887 0.612 0.329 0.138 0.045 0.011 0.000 
0.000 0.000 0.011 0.045 0.138 0.329 0.612 0.887 1.000 0.878 0.601 0.878 1.000 0.887 0.612 0.329 0.138 0.045 0.011 0.000 0.000 0.000 0.000 0.000 0.000 0.000 0.000 0.000 0.000 0.000 
# 1 0 30 18
-0.700 -0.820 -0.917 -0.980 -1.000 -0.975 -0.908 -0.807 -0.686 -0.556 -0.431 -0.319 -0.226 -0.152 -0.098 -0.061 -0.036 -0.020 
-0.279 -0.194 -0.128 -0.081 -0.049 -0.028 -0.797 -0.675 -0.797 -0.900 -0.971 -1.000 -0.983 -0.924 -0.829 -0.711 -0.582 -0.455 
-0.999 -0.964 -0.890 -0.784 -0.660 -0.530 -0.407 -0.299 -0.209 -0.140 -0.089 -0.055 -0.917 -0.820 -0.700 -0.774 -0.882 -0.960 
-0.960 -0.882 -0.774 -0.700 -0.820 -0.917 -0.980 -1.000 -0.975 -0.908 -0.807 -0.686 -0.556 -0.431 -0.319 -0.226 -0.152 -0.098 
-0.634 -0.505 -0.384 -0.279 -0.194 -0.128 -1.000 -0.971 -0.900 -0.797 -0.675 -0.797 -0.900 -0.971 -1.000 -0.983 -0.924 -0.829 
-0.842 -0.933 -0.987 -0.999 -0.964 -0.890 -0.784 -0.660 -0.530 -0.407 -0.299 -0.209 -0.975 -1.000 -0.980 -0.917 -0.820 -0.700 
-0.939 -0.990 -0.997 -0.960 -0.882 -0.774 -0.700 -0.820 -0.917 -0.980 -1.000 -0.975 -0.908 -0.807 -0.686 -0.556 -0.431 -0.319 
-0.953 -0.871 -0.760 -0.634 -0.505 -0.384 -0.829 -0.924 -0.983 -1.000 -0.971 -0.900 -0.797 -0.675 -0.797 -0.900 -0.971 -1.000 
-0.862 -0.750 -0.725 -0.842 -0.933 -0.987 -0.999 -0.964 -0.890 -0.784 -0.660 -0.530 -0.686 -0.807 -0.908 -0.975 -1.000 -0.980 
-0.608 -0.736 -0.851 -0.939 -0.990 -0.997 -0.960 -0.882 -0.774 -0.700 -0.820 -0.917 -0.980 -1.000 -0.975 -0.908 -0.807 -0.686 
-0.947 -0.993 -0.995 -0.953 -0.871 -0.760 -0.455 -0.582 -0.711 -0.829 -0.924 -0.983 -1.000 -0.971 -0.900 -0.797 -0.675 -0.797 
-0.995 -0.993 -0.947 -0.862 -0.750 -0.725 -0.842 -0.933 -0.987 -0.999 -0.964 -0.890 -0.319 -0.431 -0.556 -0.686 -0.807 -0.908 
-0.260 -0.362 -0.480 -0.608 -0.736 -0.851 -0.939 -0.990 -0.997 -0.960 -0.882 -0.774 -0.700 -0.820 -0.917 -0.980 -1.000 -0.975 
-0.725 -0.750 -0.862 -0.947 -0.993 -0.995 -0.165 -0.243 -0.340 -0.455 -0.582 -0.711 -0.829 -0.924 -0.983 -1.000 -0.971 -0.900 
-0.760 -0.871 -0.953 -0.995 -0.993 -0.947 -0.862 -0.750 -0.725 -0.842 -0.933 -0.987 -0.098 -0.152 -0.226 -0.319 -0.431 -0.556 
-0.074 -0.118 -0.179 -0.260 -0.362 -0.480 -0.608 -0.736 -0.851 -0.939 -0.990 -0.997 -0.960 -0.882 -0.774 -0.700 -0.820 -0.917 
-0.987 -0.933 -0.842 -0.725 -0.750 -0.862 -0.040 -0.067 -0.108 -0.165 -0.243 -0.340 -0.455 -0.582 -0.711 -0.829 -0.924 -0.983 
-0.384 -0.505 -0.634 -0.760 -0.871 -0.953 -0.995 -0.993 -0.947 -0.862 -0.750 -0.725 -0.020 -0.036 -0.061 -0.098 -0.152 -0.226 
0.000 0.000 0.000 0.000 0.000 0.000 0.000 0.000 0.000 0.000 0.000 0.000 0.000 0.000 0.000 0.000 0.000 0.000 
0.000 0.000 0.000 0.000 0.000 0.000 0.000 0.000 0.000 0.000 0.000 0.000 0.000 0.000 0.000 0.000 0.000 0.000 
0.000 0.000 0.000 0.000 0.000 0.000 0.000 0.000 0.000 0.000 0.000 0.000 0.000 0.000 0.000 0.000 0.000 0.000 
0.000 0.000 0.000 0.000 0.000 0.000 0.000 0.000 0.000 0.000 0.000 0.000 0.000 0.000 0.000 0.000 0.000 0.000 
0.000 0.000 0.000 0.000 0.000 0.000 0.000 0.000 0.000 0.000 0.000 0.000 0.000 0.000 0.000 0.000 0.000 0.000 
0.000 0.000 0.000 0.000 0.000 0.000 0.000 0.000 0.000 0.000 0.000 0.000 0.000 0.000 0.000 0.000 0.000 0.000 
0.000 0.000 0.000 0.000 0.000 0.000 0.000 0.000 0.000 0.000 0.000 0.000 0.000 0.000 0.000 0.000 0.000 0.000 
0.000 0.000 0.000 0.000 0.000 0.000 0.000 0.000 0.000 0.000 0.000 0.000 0.000 0.000 0.000 0.000 0.000 0.000 
0.000 0.000 0.000 0.000 0.000 0.000 0.000 0.000 0.000 0.000 0.000 0.000 0.000 0.000 0.000 0.000 0.000 0.000 
0.000 0.000 0.000 0.000 0.000 0.000 0.000 0.000 0.000 0.000 0.000 0.000 0.000 0.000 0.000 0.000 0.000 0.000 
0.000 0.000 0.000 0.000 0.000 0.000 0.000 0.000 0.000 0.000 0.000 0.000 0.000 0.000 0.000 0.000 0.000 0.000 
0.000 0.000 0.000 0.000 0.000 0.000 0.000 0.000 0.000 0.000 0.000 0.000 0.000 0.000 0.000 0.000 0.000 0.000 
# 1 2 18 18
-0.675 -0.798 -0.900 -0.971 -1.000 -0.984 -0.924 -0.830 -0.711 -0.582 -0.455 -0.340 -0.243 -0.165 -0.108 -0.067 -0.040 -0.023 
-0.798 -0.675 -0.798 -0.900 -0.971 -1.000 -0.984 -0.924 -0.830 -0.711 -0.582 -0.455 -0.340 -0.243 -0.165 -0.108 -0.067 -0.040 
-0.900 -0.798 -0.675 -0.798 -0.900 -0.971 -1.000 -0.984 -0.924 -0.830 -0.711 -0.582 -0.455 -0.340 -0.243 -0.165 -0.108 -0.067 
-0.971 -0.900 -0.798 -0.675 -0.798 -0.900 -0.971 -1.000 -0.984 -0.924 -0.830 -0.711 -0.582 -0.455 -0.340 -0.243 -0.165 -0.108 
-1.000 -0.971 -0.900 -0.798 -0.675 -0.798 -0.900 -0.971 -1.000 -0.984 -0.924 -0.830 -0.711 -0.582 -0.455 -0.340 -0.243 -0.165 
-0.984 -1.000 -0.971 -0.900 -0.798 -0.675 -0.798 -0.900 -0.971 -1.000 -0.984 -0.924 -0.830 -0.711 -0.582 -0.455 -0.340 -0.243 
-0.924 -0.984 -1.000 -0.971 -0.900 -0.798 -0.675 -0.798 -0.900 -0.971 -1.000 -0.984 -0.924 -0.830 -0.711 -0.582 -0.455 -0.340 
-0.830 -0.924 -0.984 -1.000 -0.971 -0.900 -0.798 -0.675 -0.798 -0.900 -0.971 -1.000 -0.984 -0.924 -0.830 -0.711 -0.582 -0.455 
-0.711 -0.830 -0.924 -0.984 -1.000 -0.971 -0.900 -0.798 -0.675 -0.798 -0.900 -0.971 -1.000 -0.984 -0.924 -0.830 -0.711 -0.582 
-0.582 -0.711 -0.830 -0.924 -0.984 -1.000 -0.971 -0.900 -0.798 -0.675 -0.798 -0.900 -0.971 -1.000 -0.984 -0.924 -0.830 -0.711 
-0.455 -0.582 -0.711 -0.830 -0.924 -0.984 -1.000 -0.971 -0.900 -0.798 -0.675 -0.798 -0.900 -0.971 -1.000 -0.984 -0.924 -0.830 
-0.340 -0.455 -0.582 -0.711 -0.830 -0.924 -0.984 -1.000 -0.971 -0.900 -0.798 -0.675 -0.798 -0.900 -0.971 -1.000 -0.984 -0.924 
-0.243 -0.340 -0.455 -0.582 -0.711 -0.830 -0.924 -0.984 -1.000 -0.971 -0.900 -0.798 -0.675 -0.798 -0.900 -0.971 -1.000 -0.984 
-0.165 -0.243 -0.340 -0.455 -0.582 -0.711 -0.830 -0.924 -0.984 -1.000 -0.971 -0.900 -0.798 -0.675 -0.798 -0.900 -0.971 -1.000 
-0.108 -0.165 -0.243 -0.340 -0.455 -0.582 -0.711 -0.830 -0.924 -0.984 -1.000 -0.971 -0.900 -0.798 -0.675 -0.798 -0.900 -0.971 
-0.067 -0.108 -0.165 -0.243 -0.340 -0.455 -0.582 -0.711 -0.830 -0.924 -0.984 -1.000 -0.971 -0.900 -0.798 -0.675 -0.798 -0.900 
-0.040 -0.067 -0.108 -0.165 -0.243 -0.340 -0.455 -0.582 -0.711 -0.830 -0.924 -0.984 -1.000 -0.971 -0.900 -0.798 -0.675 -0.798 
-0.023 -0.040 -0.067 -0.108 -0.165 -0.243 -0.340 -0.455 -0.582 -0.711 -0.830 -0.924 -0.984 -1.000 -0.971 -0.900 -0.798 -0.675 
# 2 0 30 18
-0.691 -0.812 -0.912 -0.977 -1.000 -0.978 -0.913 -0.814 -0.693 -0.564 -0.438 -0.325 -0.230 -0.156 -0.101 -0.062 -0.037 -0.021 
-0.285 -0.198 -0.132 -0.083 -0.051 -0.029 -0.789 -0.666 -0.789 -0.894 -0.967 -0.999 -0.986 -0.929 -0.836 -0.718 -0.590 -0.462 
-0.999 -0.968 -0.895 -0.791 -0.667 -0.538 -0.414 -0.304 -0.214 -0.143 -0.092 -0.056 -0.912 -0.812 -0.691 -0.766 -0.875 -0.956 
-0.956 -0.875 -0.766 -0.691 -0.812 -0.912 -0.977 -1.000 -0.978 -0.913 -0.814 -0.693 -0.564 -0.438 -0.325 -0.230 -0.156 -0.101 
-0.642 -0.512 -0.391 -0.285 -0.198 -0.132 -0.999 -0.967 -0.894 -0.789 -0.666 -0.789 -0.894 -0.967 -0.999 -0.986 -0.929 -0.836 
-0.834 -0.928 -0.985 -0.999 -0.968 -0.895 -0.791 -0.667 -0.538 -0.414 -0.304 -0.214 -0.978 -1.000 -0.977 -0.912 -0.812 -0.691 
-0.943 -0.992 -0.996 -0.956 -0.875 -0.766 -0.691 -0.812 -0.912 -0.977 -1.000 -0.978 -0.913 -0.814 -0.693 -0.564 -0.438 -0.325 
-0.956 -0.877 -0.767 -0.642 -0.512 -0.391 -0.836 -0.929 -0.986 -0.999 -0.967 -0.894 -0.789 -0.666 -0.789 -0.894 -0.967 -0.999 
-0.855 -0.742 -0.717 -0.834 -0.928 -0.985 -0.999 -0.968 -0.895 -0.791 -0.667 -0.538 -0.693 -0.814 -0.913 -0.978 -1.000 -0.977 
-0.616 -0.743 -0.857 -0.943 -0.992 -0.996 -0.956 -0.875 -0.766 -0.691 -0.812 -0.912 -0.977 -1.000 -0.978 -0.913 -0.814 -0.693 
-0.942 -0.992 -0.996 -0.956 -0.877 -0.767 -0.462 -0.590 -0.718 -0.836 -0.929 -0.986 -0.999 -0.967 -0.894 -0.789 -0.666 -0.789 
-0.996 -0.992 -0.942 -0.855 -0.742 -0.717 -0.834 -0.928 -0.985 -0.999 -0.968 -0.895 -0.325 -0.438 -0.564 -0.693 -0.814 -0.913 
-0.266 -0.368 -0.487 -0.616 -0.743 -0.857 -0.943 -0.992 -0.996 -0.956 -0.875 -0.766 -0.691 -0.812 -0.912 -0.977 -1.000 -0.978 
-0.717 -0.742 -0.855 -0.942 -0.992 -0.996 -0.169 -0.248 -0.346 -0.462 -0.590 -0.718 -0.836 -0.929 -0.986 -0.999 -0.967 -0.894 
-0.767 -0.877 -0.956 -0.996 -0.992 -0.942 -0.855 -0.742 -0.717 -0.834 -0.928 -0.985 -0.101 -0.156 -0.230 -0.325 -0.438 -0.564 
-0.076 -0.121 -0.183 -0.266 -0.368 -0.487 -0.616 -0.743 -0.857 -0.943 -0.992 -0.996 -0.956 -0.875 -0.766 -0.691 -0.812 -0.912 
-0.985 -0.928 -0.834 -0.717 -0.742 -0.855 -0.041 -0.069 -0.110 -0.169 -0.248 -0.346 -0.462 -0.590 -0.718 -0.836 -0.929 -0.986 
-0.391 -0.512 -0.642 -0.767 -0.877 -0.956 -0.996 -0.992 -0.942 -0.855 -0.742 -0.717 -0.021 -0.037 -0.062 -0.101 -0.156 -0.230 
0.000 0.000 0.000 0.000 0.000 0.000 0.000 0.000 0.000 0.000 0.000 0.000 0.000 0.000 0.000 0.000 0.000 0.000 
0.000 0.000 0.000 0.000 0.000 0.000 0.000 0.000 0.000 0.000 0.000 0.000 0.000 0.000 0.000 0.000 0.000 0.000 
0.000 0.000 0.000 0.000 0.000 0.000 0.000 0.000 0.000 0.000 0.000 0.000 0.000 0.000 0.000 0.000 0.000 0.000 
0.000 0.000 0.000 0.000 0.000 0.000 0.000 0.000 0.000 0.000 0.000 0.000 0.000 0.000 0.000 0.000 0.000 0.000 
0.000 0.000 0.000 0.000 0.000 0.000 0.000 0.000 0.000 0.000 0.000 0.000 0.000 0.000 0.000 0.000 0.000 0.000 
0.000 0.000 0.000 0.000 0.000 0.000 0.000 0.000 0.000 0.000 0.000 0.000 0.000 0.000 0.000 0.000 0.000 0.000 
0.000 0.000 0.000 0.000 0.000 0.000 0.000 0.000 0.000 0.000 0.000 0.000 0.000 0.000 0.000 0.000 0.000 0.000 
0.000 0.000 0.000 0.000 0.000 0.000 0.000 0.000 0.000 0.000 0.000 0.000 0.000 0.000 0.000 0.000 0.000 0.000 
0.000 0.000 0.000 0.000 0.000 0.000 0.000 0.000 0.000 0.000 0.000 0.000 0.000 0.000 0.000 0.000 0.000 0.000 
0.000 0.000 0.000 0.000 0.000 0.000 0.000 0.000 0.000 0.000 0.000 0.000 0.000 0.000 0.000 0.000 0.000 0.000 
0.000 0.000 0.000 0.000 0.000 0.000 0.000 0.000 0.000 0.000 0.000 0.000 0.000 0.000 0.000 0.000 0.000 0.000 
0.000 0.000 0.000 0.000 0.000 0.000 0.000 0.000 0.000 0.000 0.000 0.000 0.000 0.000 0.000 0.000 0.000 0.000 
# 2 1 18 18
-0.666 -0.790 -0.895 -0.968 -1.000 -0.987 -0.930 -0.837 -0.719 -0.590 -0.463 -0.346 -0.248 -0.169 -0.110 -0.069 -0.041 -0.023 
-0.790 -0.666 -0.790 -0.895 -0.968 -1.000 -0.987 -0.930 -0.837 -0.719 -0.590 -0.463 -0.346 -0.248 -0.169 -0.110 -0.069 -0.041 
-0.895 -0.790 -0.666 -0.790 -0.895 -0.968 -1.000 -0.987 -0.930 -0.837 -0.719 -0.590 -0.463 -0.346 -0.248 -0.169 -0.110 -0.069 
-0.968 -0.895 -0.790 -0.666 -0.790 -0.895 -0.968 -1.000 -0.987 -0.930 -0.837 -0.719 -0.590 -0.463 -0.346 -0.248 -0.169 -0.110 
-1.000 -0.968 -0.895 -0.790 -0.666 -0.790 -0.895 -0.968 -1.000 -0.987 -0.930 -0.837 -0.719 -0.590 -0.463 -0.346 -0.248 -0.169 
-0.987 -1.000 -0.968 -0.895 -0.790 -0.666 -0.790 -0.895 -0.968 -1.000 -0.987 -0.930 -0.837 -0.719 -0.590 -0.463 -0.346 -0.248 
-0.930 -0.987 -1.000 -0.968 -0.895 -0.790 -0.666 -0.790 -0.895 -0.968 -1.000 -0.987 -0.930 -0.837 -0.719 -0.590 -0.463 -0.346 
-0.837 -0.930 -0.987 -1.000 -0.968 -0.895 -0.790 -0.666 -0.790 -0.895 -0.968 -1.000 -0.987 -0.930 -0.837 -0.719 -0.590 -0.463 
-0.719 -0.837 -0.930 -0.987 -1.000 -0.968 -0.895 -0.790 -0.666 -0.790 -0.895 -0.968 -1.000 -0.987 -0.930 -0.837 -0.719 -0.590 
-0.590 -0.719 -0.837 -0.930 -0.987 -1.000 -0.968 -0.895 -0.790 -0.666 -0.790 -0.895 -0.968 -1.000 -0.987 -0.930 -0.837 -0.719 
-0.463 -0.590 -0.719 -0.837 -0.930 -0.987 -1.000 -0.968 -0.895 -0.790 -0.666 -0.790 -0.895 -0.968 -1.000 -0.987 -0.930 -0.837 
-0.346 -0.463 -0.590 -0.719 -0.837 -0.930 -0.987 -1.000 -0.968 -0.895 -0.790 -0.666 -0.790 -0.895 -0.968 -1.000 -0.987 -0.930 
-0.248 -0.346 -0.463 -0.590 -0.719 -0.837 -0.930 -0.987 -1.000 -0.968 -0.895 -0.790 -0.666 -0.790 -0.895 -0.968 -1.000 -0.987 
-0.169 -0.248 -0.346 -0.463 -0.590 -0.719 -0.837 -0.930 -0.987 -1.000 -0.968 -0.895 -0.790 -0.666 -0.790 -0.895 -0.968 -1.000 
-0.110 -0.169 -0.248 -0.346 -0.463 -0.590 -0.719 -0.837 -0.930 -0.987 -1.000 -0.968 -0.895 -0.790 -0.666 -0.790 -0.895 -0.968 
-0.069 -0.110 -0.169 -0.248 -0.346 -0.463 -0.590 -0.719 -0.837 -0.930 -0.987 -1.000 -0.968 -0.895 -0.790 -0.666 -0.790 -0.895 
-0.041 -0.069 -0.110 -0.169 -0.248 -0.346 -0.463 -0.590 -0.719 -0.837 -0.930 -0.987 -1.000 -0.968 -0.895 -0.790 -0.666 -0.790 
-0.023 -0.041 -0.069 -0.110 -0.169 -0.248 -0.346 -0.463 -0.590 -0.719 -0.837 -0.930 -0.987 -1.000 -0.968 -0.895 -0.790 -0.666 
# 3 0 30 10
0.715 0.965 0.969 0.726 0.405 0.168 0.052 0.012 0.000 0.000 
0.816 0.715 0.965 0.969 0.726 0.405 0.168 0.052 0.012 0.000 
0.998 0.816 0.715 0.965 0.969 0.726 0.405 0.168 0.052 0.012 
0.910 0.998 0.816 0.715 0.965 0.969 0.726 0.405 0.168 0.052 
0.617 0.910 0.998 0.816 0.715 0.965 0.969 0.726 0.405 0.168 
0.312 0.617 0.910 0.998 0.816 0.715 0.965 0.969 0.726 0.405 
0.118 0.312 0.617 0.910 0.998 0.816 0.715 0.965 0.969 0.726 
0.033 0.118 0.312 0.617 0.910 0.998 0.816 0.715 0.965 0.969 
0.000 0.033 0.118 0.312 0.617 0.910 0.998 0.816 0.715 0.965 
0.000 0.000 0.033 0.118 0.312 0.617 0.910 0.998 0.816 0.715 
0.000 0.000 0.000 0.000 0.000 0.000 0.000 0.000 0.000 0.000 
0.000 0.000 0.000 0.000 0.000 0.000 0.000 0.000 0.000 0.000 
0.000 0.000 0.000 0.000 0.000 0.000 0.000 0.000 0.000 0.000 
0.000 0.000 0.000 0.000 0.000 0.000 0.000 0.000 0.000 0.000 
0.000 0.000 0.000 0.000 0.000 0.000 0.000 0.000 0.000 0.000 
0.000 0.000 0.000 0.000 0.000 0.000 0.000 0.000 0.000 0.000 
0.000 0.000 0.000 0.000 0.000 0.000 0.000 0.000 0.000 0.000 
0.000 0.000 0.000 0.000 0.000 0.000 0.000 0.000 0.000 0.000 
0.000 0.000 0.000 0.000 0.000 0.000 0.000 0.000 0.000 0.000 
0.000 0.000 0.000 0.000 0.000 0.000 0.000 0.000 0.000 0.000 
0.000 0.000 0.000 0.000 0.000 0.000 0.000 0.000 0.000 0.000 
0.000 0.000 0.000 0.000 0.000 0.000 0.000 0.000 0.000 0.000 
0.000 0.000 0.000 0.000 0.000 0.000 0.000 0.000 0.000 0.000 
0.000 0.000 0.000 0.000 0.000 0.000 0.000 0.000 0.000 0.000 
0.000 0.000 0.000 0.000 0.000 0.000 0.000 0.000 0.000 0.000 
0.000 0.000 0.000 0.000 0.000 0.000 0.000 0.000 0.000 0.000 
0.000 0.000 0.000 0.000 0.000 0.000 0.000 0.000 0.000 0.000 
0.000 0.000 0.000 0.000 0.000 0.000 0.000 0.000 0.000 0.000 
0.000 0.000 0.000 0.000 0.000 0.000 0.000 0.000 0.000 0.000 
0.000 0.000 0.000 0.000 0.000 0.000 0.000 0.000 0.000 0.000 
# 3 1 18 10
0.000 0.000 0.000 0.000 0.000 0.000 0.000 0.000 0.000 0.000 
0.000 0.000 0.000 0.000 0.000 0.000 0.000 0.000 0.000 0.000 
0.000 0.000 0.000 0.000 0.000 0.000 0.000 0.000 0.000 0.000 
0.000 0.000 0.000 0.000 0.000 0.000 0.000 0.000 0.000 0.000 
0.000 0.000 0.000 0.000 0.000 0.000 0.000 0.000 0.000 0.000 
0.000 0.000 0.000 0.000 0.000 0.000 0.000 0.000 0.000 0.000 
0.000 0.000 0.000 0.000 0.000 0.000 0.000 0.000 0.000 0.000 
0.000 0.000 0.000 0.000 0.000 0.000 0.000 0.000 0.000 0.000 
0.000 0.000 0.000 0.000 0.000 0.000 0.000 0.000 0.000 0.000 
0.000 0.000 0.000 0.000 0.000 0.000 0.000 0.000 0.000 0.000 
0.000 0.000 0.000 0.000 0.000 0.000 0.000 0.000 0.000 0.000 
0.000 0.000 0.000 0.000 0.000 0.000 0.000 0.000 0.000 0.000 
0.000 0.000 0.000 0.000 0.000 0.000 0.000 0.000 0.000 0.000 
0.000 0.000 0.000 0.000 0.000 0.000 0.000 0.000 0.000 0.000 
0.000 0.000 0.000 0.000 0.000 0.000 0.000 0.000 0.000 0.000 
0.000 0.000 0.000 0.000 0.000 0.000 0.000 0.000 0.000 0.000 
0.000 0.000 0.000 0.000 0.000 0.000 0.000 0.000 0.000 0.000 
0.000 0.000 0.000 0.000 0.000 0.000 0.000 0.000 0.000 0.000 
# 3 2 18 10
0.000 0.000 0.000 0.000 0.000 0.000 0.000 0.000 0.000 0.000 
0.000 0.000 0.000 0.000 0.000 0.000 0.000 0.000 0.000 0.000 
0.000 0.000 0.000 0.000 0.000 0.000 0.000 0.000 0.000 0.000 
0.000 0.000 0.000 0.000 0.000 0.000 0.000 0.000 0.000 0.000 
0.000 0.000 0.000 0.000 0.000 0.000 0.000 0.000 0.000 0.000 
0.000 0.000 0.000 0.000 0.000 0.000 0.000 0.000 0.000 0.000 
0.000 0.000 0.000 0.000 0.000 0.000 0.000 0.000 0.000 0.000 
0.000 0.000 0.000 0.000 0.000 0.000 0.000 0.000 0.000 0.000 
0.000 0.000 0.000 0.000 0.000 0.000 0.000 0.000 0.000 0.000 
0.000 0.000 0.000 0.000 0.000 0.000 0.000 0.000 0.000 0.000 
0.000 0.000 0.000 0.000 0.000 0.000 0.000 0.000 0.000 0.000 
0.000 0.000 0.000 0.000 0.000 0.000 0.000 0.000 0.000 0.000 
0.000 0.000 0.000 0.000 0.000 0.000 0.000 0.000 0.000 0.000 
0.000 0.000 0.000 0.000 0.000 0.000 0.000 0.000 0.000 0.000 
0.000 0.000 0.000 0.000 0.000 0.000 0.000 0.000 0.000 0.000 
0.000 0.000 0.000 0.000 0.000 0.000 0.000 0.000 0.000 0.000 
0.000 0.000 0.000 0.000 0.000 0.000 0.000 0.000 0.000 0.000 
0.000 0.000 0.000 0.000 0.000 0.000 0.000 0.000 0.000 0.000 
