2.215680
2
# 0 1 10 30
0.035 0.000 0.035 0.162 0.475 0.871 1.000 0.719 0.323 0.091 0.016 0.000 0.000 0.000 0.000 0.000 0.000 0.000 0.000 0.000 0.000 0.000 0.000 0.000 0.000 0.000 0.000 0.000 0.000 0.000 
0.016 0.000 0.000 0.000 0.000 0.000 0.000 0.000 0.000 0.000 0.000 0.000 0.000 0.000 0.000 0.000 0.000 0.000 0.000 0.000 0.871 0.475 0.162 0.035 0.000 0.035 0.162 0.475 0.871 1.000 
0.000 0.000 0.000 0.000 0.000 0.000 0.000 0.000 0.000 0.000 0.871 0.475 0.162 0.035 0.000 0.035 0.162 0.475 0.871 1.000 0.719 0.323 0.091 0.016 0.000 0.000 0.000 0.000 0.000 0.000 
0.871 0.475 0.162 0.035 0.000 0.035 0.162 0.475 0.871 1.000 0.719 0.323 0.091 0.016 0.000 0.000 0.000 0.000 0.000 0.000 0.000 0.000 0.000 0.000 0.000 0.000 0.000 0.000 0.000 0.000 
0.719 0.323 0.091 0.016 0.000 0.000 0.000 0.000 0.000 0.000 0.000 0.000 0.000 0.000 0.000 0.000 0.000 0.000 0.000 0.000 0.323 0.719 1.000 0.871 0.475 0.162 0.035 0.000 0.035 0.162 
0.000 0.000 0.000 0.000 0.000 0.000 0.000 0.000 0.000 0.000 0.323 0.719 1.000 0.871 0.475 0.162 0.035 0.000 0.035 0.162 0.475 0.871 1.000 0.719 0.323 0.091 0.016 0.000 0.000 0.000 
0.323 0.719 1.000 0.871 0.475 0.162 0.035 0.000 0.035 0.162 0.475 0.871 1.000 0.719 0.323 0.091 0.016 0.000 0.000 0.000 0.000 0.000 0.000 0.000 0.000 0.000 0.000 0.000 0.000 0.000 
0.475 0.871 1.000 0.719 0.323 0.091 0.016 0.000 0.000 0.000 0.000 0.000 0.000 0.000 0.000 0.000 0.000 0.000 0.000 0.000 0.000 0.016 0.091 0.323 0.719 1.000 0.871 0.475 0.162 0.035 
0.000 0.000 0.000 0.000 0.000 0.000 0.000 0.000 0.000 0.000 0.000 0.016 0.091 0.323 0.719 1.000 0.871 0.475 0.162 0.035 0.000 0.035 0.162 0.475 0.871 1.000 0.719 0.323 0.091 0.016 
0.000 0.016 0.091 0.323 0.719 1.000 0.871 0.475 0.162 0.035 0.000 0.035 0.162 0.475 0.871 1.000 0.719 0.323 0.091 0.016 0.000 0.000 0.000 0.000 0.000 0.000 0.000 0.000 0.000 0.000 
# 1 0 30 10
-0.958 -0.907 -0.496 -0.157 -0.029 0.000 0.000 0.000 0.000 0.000 
-1.000 -0.958 -0.907 -0.496 -0.157 -0.029 0.000 0.000 0.000 0.000 
-0.788 -1.000 -0.958 -0.907 -0.496 -0.157 -0.029 0.000 0.000 0.000 
-0.359 -0.788 -1.000 -0.958 -0.907 -0.496 -0.157 -0.029 0.000 0.000 
-0.095 -0.359 -0.788 -1.000 -0.958 -0.907 -0.496 -0.157 -0.029 0.000 
-0.014 -0.095 -0.359 -0.788 -1.000 -0.958 -0.907 -0.496 -0.157 -0.029 
0.000 -0.014 -0.095 -0.359 -0.788 -1.000 -0.958 -0.907 -0.496 -0.157 
0.000 0.000 -0.014 -0.095 -0.359 -0.788 -1.000 -0.958 -0.907 -0.496 
0.000 0.000 0.000 -0.014 -0.095 -0.359 -0.788 -1.000 -0.958 -0.907 
0.000 0.000 0.000 0.000 -0.014 -0.095 -0.359 -0.788 -1.000 -0.958 
0.648 0.756 0.852 0.930 0.980 1.000 0.986 0.940 0.867 0.773 
0.938 0.985 1.000 0.982 0.932 0.855 0.759 0.651 0.959 0.994 
0.977 0.923 0.843 0.745 0.904 0.965 0.997 0.995 0.960 0.896 
0.831 0.914 0.971 0.998 0.992 0.954 0.886 0.796 0.692 0.581 
0.999 0.989 0.946 0.875 0.783 0.677 0.566 0.458 0.358 0.271 
0.864 0.769 0.662 0.551 0.444 0.346 0.260 0.235 0.316 0.410 
0.537 0.430 0.333 0.250 0.245 0.327 0.423 0.529 0.640 0.749 
0.240 0.255 0.339 0.437 0.544 0.655 0.762 0.858 0.934 0.983 
0.451 0.559 0.670 0.776 0.870 0.942 0.295 0.387 0.490 0.599 
0.789 0.881 0.227 0.307 0.400 0.504 0.614 0.724 0.825 0.909 
0.318 0.413 0.518 0.629 0.738 0.837 0.918 0.974 0.999 0.991 
0.644 0.752 0.849 0.927 0.979 1.000 0.987 0.942 0.870 0.776 
0.936 0.984 1.000 0.983 0.934 0.858 0.762 0.655 0.544 0.437 
0.978 0.925 0.846 0.749 0.640 0.529 0.423 0.327 0.245 0.250 
0.735 0.625 0.515 0.410 0.316 0.235 0.260 0.346 0.028 0.045 
0.397 0.304 0.225 0.271 0.018 0.030 0.048 0.074 0.110 0.159 
0.000 0.000 0.000 0.000 0.000 0.000 0.000 0.000 0.000 0.000 
0.000 0.000 0.000 0.000 0.000 0.000 0.000 0.000 0.000 0.000 
0.000 0.000 0.000 0.000 0.000 0.000 0.000 0.000 0.000 0.000 
0.000 0.000 0.000 0.000 0.000 0.000 0.000 0.000 0.000 0.000 
