2.216298
5
# 0 1 10 30
0.000 0.000 0.000 0.013 0.283 1.000 0.565 0.051 0.000 0.000 0.000 0.000 0.000 0.000 0.000 0.000 0.000 0.000 0.000 0.000 0.000 0.000 0.000 0.000 0.000 0.000 0.000 0.000 0.000 0.000 
0.000 0.000 0.000 0.000 0.000 0.000 0.000 0.000 0.000 0.000 0.000 0.000 0.000 0.000 0.000 0.000 0.000 0.000 0.000 0.000 1.000 0.283 0.013 0.000 0.000 0.000 0.013 0.283 1.000 0.565 
0.000 0.000 0.000 0.000 0.000 0.000 0.000 0.000 0.000 0.000 1.000 0.283 0.013 0.000 0.000 0.000 0.013 0.283 1.000 0.565 0.051 0.000 0.000 0.000 0.000 0.000 0.000 0.000 0.000 0.000 
1.000 0.283 0.013 0.000 0.000 0.000 0.013 0.283 1.000 0.565 0.051 0.000 0.000 0.000 0.000 0.000 0.000 0.000 0.000 0.000 0.000 0.000 0.000 0.000 0.000 0.000 0.000 0.000 0.000 0.000 
0.051 0.000 0.000 0.000 0.000 0.000 0.000 0.000 0.000 0.000 0.000 0.000 0.000 0.000 0.000 0.000 0.000 0.000 0.000 0.000 0.000 0.051 0.565 1.000 0.283 0.013 0.000 0.000 0.000 0.013 
0.000 0.000 0.000 0.000 0.000 0.000 0.000 0.000 0.000 0.000 0.000 0.051 0.565 1.000 0.283 0.013 0.000 0.000 0.000 0.013 0.283 1.000 0.565 0.051 0.000 0.000 0.000 0.000 0.000 0.000 
0.000 0.051 0.565 1.000 0.283 0.013 0.000 0.000 0.000 0.013 0.283 1.000 0.565 0.051 0.000 0.000 0.000 0.000 0.000 0.000 0.000 0.000 0.000 0.000 0.000 0.000 0.000 0.000 0.000 0.000 
0.283 1.000 0.565 0.051 0.000 0.000 0.000 0.000 0.000 0.000 0.000 0.000 0.000 0.000 0.000 0.000 0.000 0.000 0.000 0.000 0.000 0.000 0.000 0.000 0.051 0.565 1.000 0.283 0.013 0.000 
0.000 0.000 0.000 0.000 0.000 0.000 0.000 0.000 0.000 0.000 0.000 0.000 0.000 0.000 0.051 0.565 1.000 0.283 0.013 0.000 0.000 0.000 0.013 0.283 1.000 0.565 0.051 0.000 0.000 0.000 
0.000 0.000 0.000 0.000 0.051 0.565 1.000 0.283 0.013 0.000 0.000 0.000 0.013 0.283 1.000 0.565 0.051 0.000 0.000 0.000 0.000 0.000 0.000 0.000 0.000 0.000 0.000 0.000 0.000 0.000 
# 0 2 10 30
0.000 0.000 0.000 0.013 0.283 1.000 0.565 0.051 0.000 0.000 0.000 0.000 0.000 0.000 0.000 0.000 0.000 0.000 0.000 0.000 0.000 0.000 0.000 0.000 0.000 0.000 0.000 0.000 0.000 0.000 
0.000 0.000 0.000 0.000 0.000 0.000 0.000 0.000 0.000 0.000 0.000 0.000 0.000 0.000 0.000 0.000 0.000 0.000 0.000 0.000 1.000 0.283 0.013 0.000 0.000 0.000 0.013 0.283 1.000 0.565 
0.000 0.000 0.000 0.000 0.000 0.000 0.000 0.000 0.000 0.000 1.000 0.283 0.013 0.000 0.000 0.000 0.013 0.283 1.000 0.565 0.051 0.000 0.000 0.000 0.000 0.000 0.000 0.000 0.000 0.000 
1.000 0.283 0.013 0.000 0.000 0.000 0.013 0.283 1.000 0.565 0.051 0.000 0.000 0.000 0.000 0.000 0.000 0.000 0.000 0.000 0.000 0.000 0.000 0.000 0.000 0.000 0.000 0.000 0.000 0.000 
0.051 0.000 0.000 0.000 0.000 0.000 0.000 0.000 0.000 0.000 0.000 0.000 0.000 0.000 0.000 0.000 0.000 0.000 0.000 0.000 0.000 0.051 0.565 1.000 0.283 0.013 0.000 0.000 0.000 0.013 
0.000 0.000 0.000 0.000 0.000 0.000 0.000 0.000 0.000 0.000 0.000 0.051 0.565 1.000 0.283 0.013 0.000 0.000 0.000 0.013 0.283 1.000 0.565 0.051 0.000 0.000 0.000 0.000 0.000 0.000 
0.000 0.051 0.565 1.000 0.283 0.013 0.000 0.000 0.000 0.013 0.283 1.000 0.565 0.051 0.000 0.000 0.000 0.000 0.000 0.000 0.000 0.000 0.000 0.000 0.000 0.000 0.000 0.000 0.000 0.000 
0.283 1.000 0.565 0.051 0.000 0.000 0.000 0.000 0.000 0.000 0.000 0.000 0.000 0.000 0.000 0.000 0.000 0.000 0.000 0.000 0.000 0.000 0.000 0.000 0.051 0.565 1.000 0.283 0.013 0.000 
0.000 0.000 0.000 0.000 0.000 0.000 0.000 0.000 0.000 0.000 0.000 0.000 0.000 0.000 0.051 0.565 1.000 0.283 0.013 0.000 0.000 0.000 0.013 0.283 1.000 0.565 0.051 0.000 0.000 0.000 
0.000 0.000 0.000 0.000 0.051 0.565 1.000 0.283 0.013 0.000 0.000 0.000 0.013 0.283 1.000 0.565 0.051 0.000 0.000 0.000 0.000 0.000 0.000 0.000 0.000 0.000 0.000 0.000 0.000 0.000 
# 0 3 23 30
0.000 0.000 0.000 0.192 0.899 0.671 0.080 0.000 0.000 0.000 0.000 0.000 0.000 0.000 0.000 0.000 0.000 0.000 0.000 0.000 0.000 0.000 0.000 0.000 0.000 0.000 0.000 0.000 0.000 0.000 
0.000 0.000 0.000 0.000 0.000 0.000 0.000 0.000 0.000 0.000 0.000 0.083 0.682 0.891 0.186 0.000 0.000 0.000 0.000 0.000 0.000 0.000 0.000 0.000 0.000 0.000 0.000 0.000 0.000 0.000 
0.000 0.000 0.000 0.000 0.000 0.000 0.000 0.000 0.000 0.000 0.000 0.000 0.000 0.000 0.154 0.000 0.000 0.000 0.000 0.031 0.437 0.998 0.363 0.021 0.000 0.000 0.000 0.000 0.000 0.000 
0.021 0.000 0.000 0.000 0.000 0.000 0.000 0.000 0.000 0.000 0.000 0.000 0.000 0.000 0.000 0.000 0.000 0.000 0.000 0.000 0.000 0.986 0.314 0.016 0.000 0.000 0.000 0.000 0.236 0.943 
0.016 0.000 0.000 0.000 0.000 0.236 0.943 0.600 0.061 0.000 0.000 0.000 0.000 0.000 0.000 0.000 0.000 0.000 0.000 0.000 0.000 0.000 0.000 0.000 0.000 0.000 0.000 0.000 0.278 0.971 
0.000 0.000 0.000 0.000 0.000 0.278 0.971 0.540 0.048 0.000 0.000 0.000 0.000 0.108 0.751 0.836 0.149 0.000 0.000 0.000 0.000 0.000 0.000 0.000 0.000 0.000 0.000 0.000 0.000 0.000 
0.000 0.000 0.000 0.000 0.000 0.000 0.000 0.000 0.000 0.000 0.000 0.000 0.000 0.132 0.806 0.784 0.122 0.000 0.000 0.000 0.000 0.041 0.505 0.983 0.305 0.015 0.000 0.000 0.000 0.000 
0.983 0.305 0.015 0.000 0.000 0.000 0.000 0.000 0.000 0.000 0.000 0.000 0.000 0.000 0.000 0.000 0.000 0.000 0.000 0.000 0.000 0.053 0.565 0.960 0.261 0.011 0.000 0.000 0.000 0.013 
0.960 0.261 0.011 0.000 0.000 0.000 0.013 0.287 0.975 0.529 0.046 0.000 0.000 0.000 0.000 0.000 0.000 0.000 0.000 0.000 0.000 0.000 0.000 0.000 0.000 0.000 0.000 0.000 0.000 0.018 
0.000 0.000 0.000 0.000 0.000 0.000 0.018 0.334 0.992 0.471 0.036 0.000 0.000 0.000 0.000 0.137 0.816 0.774 0.117 0.000 0.000 0.000 0.000 0.000 0.000 0.000 0.000 0.000 0.000 0.000 
0.000 0.000 0.000 0.000 0.000 0.000 0.000 0.000 0.000 0.000 0.000 0.000 0.000 0.000 0.000 0.166 0.865 0.717 0.095 0.000 0.000 0.000 0.000 0.055 0.576 0.955 0.253 0.011 0.000 0.000 
0.055 0.576 0.955 0.253 0.011 0.000 0.000 0.000 0.000 0.000 0.000 0.000 0.000 0.000 0.000 0.000 0.000 0.000 0.000 0.000 0.000 0.000 0.000 0.070 0.636 0.922 0.213 0.000 0.000 0.000 
0.070 0.636 0.922 0.213 0.000 0.000 0.000 0.000 0.019 0.343 0.994 0.460 0.034 0.000 0.000 0.000 0.000 0.000 0.000 0.000 0.000 0.000 0.000 0.000 0.000 0.000 0.000 0.000 0.000 0.000 
0.000 0.000 0.000 0.000 0.000 0.000 0.000 0.000 0.025 0.395 1.000 0.405 0.026 0.000 0.000 0.000 0.000 0.172 0.873 0.706 0.091 0.000 0.000 0.000 0.000 0.000 0.000 0.000 0.000 0.000 
0.000 0.000 0.000 0.000 0.000 0.000 0.000 0.000 0.000 0.000 0.000 0.000 0.000 0.000 0.000 0.000 0.000 0.207 0.915 0.647 0.073 0.000 0.000 0.000 0.000 0.073 0.647 0.915 0.207 0.000 
0.000 0.000 0.073 0.647 0.915 0.207 0.000 0.000 0.000 0.000 0.000 0.000 0.000 0.000 0.000 0.000 0.000 0.000 0.000 0.000 0.000 0.000 0.000 0.000 0.000 0.091 0.706 0.873 0.172 0.000 
0.000 0.000 0.091 0.706 0.873 0.172 0.000 0.000 0.000 0.000 0.026 0.405 1.000 0.395 0.025 0.000 0.000 0.000 0.000 0.000 0.000 0.000 0.000 0.000 0.000 0.000 0.000 0.000 0.000 0.000 
0.000 0.000 0.000 0.000 0.000 0.000 0.000 0.000 0.000 0.000 0.034 0.460 0.994 0.343 0.019 0.000 0.000 0.000 0.000 0.213 0.922 0.636 0.070 0.000 0.000 0.000 0.000 0.000 0.000 0.000 
0.000 0.000 0.000 0.000 0.000 0.000 0.000 0.000 0.000 0.000 0.000 0.000 0.000 0.000 0.000 0.000 0.000 0.000 0.011 0.253 0.955 0.576 0.055 0.000 0.000 0.000 0.000 0.095 0.717 0.865 
0.000 0.000 0.000 0.000 0.095 0.717 0.865 0.166 0.000 0.000 0.000 0.000 0.000 0.000 0.000 0.000 0.000 0.000 0.000 0.000 0.000 0.000 0.000 0.000 0.000 0.000 0.000 0.117 0.774 0.816 
0.000 0.000 0.000 0.000 0.117 0.774 0.816 0.137 0.000 0.000 0.000 0.000 0.036 0.471 0.992 0.334 0.018 0.000 0.000 0.000 0.000 0.000 0.000 0.000 0.000 0.000 0.000 0.000 0.000 0.000 
0.000 0.000 0.000 0.000 0.000 0.000 0.000 0.000 0.000 0.000 0.000 0.000 0.046 0.529 0.975 0.287 0.013 0.000 0.000 0.000 0.011 0.261 0.960 0.565 0.053 0.000 0.000 0.000 0.000 0.000 
0.565 0.053 0.000 0.000 0.000 0.000 0.000 0.000 0.000 0.000 0.000 0.000 0.000 0.000 0.000 0.000 0.000 0.000 0.000 0.000 0.015 0.305 0.983 0.505 0.041 0.000 0.000 0.000 0.000 0.122 
# 0 4 10 30
0.000 0.000 0.000 0.013 0.283 1.000 0.565 0.051 0.000 0.000 0.000 0.000 0.000 0.000 0.000 0.000 0.000 0.000 0.000 0.000 0.000 0.000 0.000 0.000 0.000 0.000 0.000 0.000 0.000 0.000 
0.000 0.000 0.000 0.000 0.000 0.000 0.000 0.000 0.000 0.000 0.000 0.000 0.000 0.000 0.000 0.000 0.000 0.000 0.000 0.000 1.000 0.283 0.013 0.000 0.000 0.000 0.013 0.283 1.000 0.565 
0.000 0.000 0.000 0.000 0.000 0.000 0.000 0.000 0.000 0.000 1.000 0.283 0.013 0.000 0.000 0.000 0.013 0.283 1.000 0.565 0.051 0.000 0.000 0.000 0.000 0.000 0.000 0.000 0.000 0.000 
1.000 0.283 0.013 0.000 0.000 0.000 0.013 0.283 1.000 0.565 0.051 0.000 0.000 0.000 0.000 0.000 0.000 0.000 0.000 0.000 0.000 0.000 0.000 0.000 0.000 0.000 0.000 0.000 0.000 0.000 
0.051 0.000 0.000 0.000 0.000 0.000 0.000 0.000 0.000 0.000 0.000 0.000 0.000 0.000 0.000 0.000 0.000 0.000 0.000 0.000 0.000 0.051 0.565 1.000 0.283 0.013 0.000 0.000 0.000 0.013 
0.000 0.000 0.000 0.000 0.000 0.000 0.000 0.000 0.000 0.000 0.000 0.051 0.565 1.000 0.283 0.013 0.000 0.000 0.000 0.013 0.283 1.000 0.565 0.051 0.000 0.000 0.000 0.000 0.000 0.000 
0.000 0.051 0.565 1.000 0.283 0.013 0.000 0.000 0.000 0.013 0.283 1.000 0.565 0.051 0.000 0.000 0.000 0.000 0.000 0.000 0.000 0.000 0.000 0.000 0.000 0.000 0.000 0.000 0.000 0.000 
0.283 1.000 0.565 0.051 0.000 0.000 0.000 0.000 0.000 0.000 0.000 0.000 0.000 0.000 0.000 0.000 0.000 0.000 0.000 0.000 0.000 0.000 0.000 0.000 0.051 0.565 1.000 0.283 0.013 0.000 
0.000 0.000 0.000 0.000 0.000 0.000 0.000 0.000 0.000 0.000 0.000 0.000 0.000 0.000 0.051 0.565 1.000 0.283 0.013 0.000 0.000 0.000 0.013 0.283 1.000 0.565 0.051 0.000 0.000 0.000 
0.000 0.000 0.000 0.000 0.051 0.565 1.000 0.283 0.013 0.000 0.000 0.000 0.013 0.283 1.000 0.565 0.051 0.000 0.000 0.000 0.000 0.000 0.000 0.000 0.000 0.000 0.000 0.000 0.000 0.000 
# 1 0 30 10
0.999 0.964 0.829 0.635 0.433 0.263 0.143 0.069 0.030 0.011 
1.000 0.999 0.964 0.829 0.635 0.433 0.263 0.143 0.069 0.030 
0.929 1.000 0.999 0.964 0.829 0.635 0.433 0.263 0.143 0.069 
0.768 0.929 1.000 0.999 0.964 0.829 0.635 0.433 0.263 0.143 
0.566 0.768 0.929 1.000 0.999 0.964 0.829 0.635 0.433 0.263 
0.372 0.566 0.768 0.929 1.000 0.999 0.964 0.829 0.635 0.433 
0.217 0.372 0.566 0.768 0.929 1.000 0.999 0.964 0.829 0.635 
0.113 0.217 0.372 0.566 0.768 0.929 1.000 0.999 0.964 0.829 
0.053 0.113 0.217 0.372 0.566 0.768 0.929 1.000 0.999 0.964 
0.022 0.053 0.113 0.217 0.372 0.566 0.768 0.929 1.000 0.999 
0.971 0.886 0.761 0.614 0.429 0.574 0.723 0.856 0.953 0.998 
0.962 0.871 0.741 0.593 0.568 0.717 0.851 0.950 0.997 0.984 
0.875 0.208 0.312 0.442 0.589 0.737 0.868 0.960 0.999 0.978 
0.859 0.727 0.578 0.583 0.731 0.863 0.958 0.999 0.980 0.113 
0.217 0.324 0.457 0.604 0.751 0.879 0.967 1.000 0.972 0.889 
0.712 0.563 0.598 0.746 0.874 0.964 0.038 0.069 0.119 0.193 
0.337 0.471 0.619 0.765 0.890 0.973 1.000 0.966 0.878 0.750 
0.548 0.613 0.760 0.010 0.021 0.040 0.073 0.125 0.202 0.305 
0.485 0.634 0.779 0.900 0.978 0.999 0.960 0.867 0.736 0.588 
0.000 0.000 0.000 0.000 0.000 0.000 0.000 0.000 0.000 0.000 
0.000 0.000 0.000 0.000 0.000 0.000 0.000 0.000 0.000 0.000 
0.000 0.000 0.000 0.000 0.000 0.000 0.000 0.000 0.000 0.000 
0.000 0.000 0.000 0.000 0.000 0.000 0.000 0.000 0.000 0.000 
0.000 0.000 0.000 0.000 0.000 0.000 0.000 0.000 0.000 0.000 
0.000 0.000 0.000 0.000 0.000 0.000 0.000 0.000 0.000 0.000 
0.000 0.000 0.000 0.000 0.000 0.000 0.000 0.000 0.000 0.000 
0.000 0.000 0.000 0.000 0.000 0.000 0.000 0.000 0.000 0.000 
0.000 0.000 0.000 0.000 0.000 0.000 0.000 0.000 0.000 0.000 
0.000 0.000 0.000 0.000 0.000 0.000 0.000 0.000 0.000 0.000 
0.000 0.000 0.000 0.000 0.000 0.000 0.000 0.000 0.000 0.000 
# 1 2 10 10
0.997 1.000 0.894 0.711 0.504 0.319 0.179 0.090 0.040 0.016 
1.000 0.997 1.000 0.894 0.711 0.504 0.319 0.179 0.090 0.040 
0.894 1.000 0.997 1.000 0.894 0.711 0.504 0.319 0.179 0.090 
0.711 0.894 1.000 0.997 1.000 0.894 0.711 0.504 0.319 0.179 
0.504 0.711 0.894 1.000 0.997 1.000 0.894 0.711 0.504 0.319 
0.319 0.504 0.711 0.894 1.000 0.997 1.000 0.894 0.711 0.504 
0.179 0.319 0.504 0.711 0.894 1.000 0.997 1.000 0.894 0.711 
0.090 0.179 0.319 0.504 0.711 0.894 1.000 0.997 1.000 0.894 
0.040 0.090 0.179 0.319 0.504 0.711 0.894 1.000 0.997 1.000 
0.016 0.040 0.090 0.179 0.319 0.504 0.711 0.894 1.000 0.997 
# 1 3 23 10
0.997 0.967 0.837 0.645 0.442 0.271 0.147 0.072 0.031 0.012 
0.814 0.618 0.418 0.252 0.135 0.065 0.027 0.986 0.985 0.988 
0.394 0.234 0.123 0.058 0.898 0.992 0.990 0.981 0.865 0.680 
0.113 0.749 0.916 0.997 0.995 0.971 0.844 0.654 0.451 0.277 
0.932 0.999 0.999 0.960 0.822 0.627 0.426 0.258 0.485 0.689 
1.000 0.947 0.798 0.600 0.402 0.325 0.511 0.715 0.892 0.990 
0.774 0.573 0.200 0.347 0.537 0.741 0.910 0.996 0.994 0.974 
0.216 0.370 0.564 0.766 0.927 0.999 0.998 0.964 0.829 0.082 
0.591 0.790 0.942 1.000 1.000 0.951 0.040 0.090 0.180 0.318 
0.956 0.999 1.000 0.018 0.045 0.099 0.195 0.340 0.529 0.732 
0.101 0.167 0.258 0.377 0.517 0.667 0.808 0.922 0.988 0.996 
0.343 0.478 0.627 0.772 0.895 0.976 1.000 0.963 0.873 0.743 
0.735 0.866 0.959 0.999 0.979 0.901 0.780 0.635 0.526 0.000 
0.000 0.000 0.000 0.000 0.000 0.000 0.000 0.000 0.000 0.000 
0.000 0.000 0.000 0.000 0.000 0.000 0.000 0.000 0.000 0.000 
0.000 0.000 0.000 0.000 0.000 0.000 0.000 0.000 0.000 0.000 
0.000 0.000 0.000 0.000 0.000 0.000 0.000 0.000 0.000 0.000 
0.000 0.000 0.000 0.000 0.000 0.000 0.000 0.000 0.000 0.000 
0.000 0.000 0.000 0.000 0.000 0.000 0.000 0.000 0.000 0.000 
0.000 0.000 0.000 0.000 0.000 0.000 0.000 0.000 0.000 0.000 
0.000 0.000 0.000 0.000 0.000 0.000 0.000 0.000 0.000 0.000 
0.000 0.000 0.000 0.000 0.000 0.000 0.000 0.000 0.000 0.000 
0.000 0.000 0.000 0.000 0.000 0.000 0.000 0.000 0.000 0.000 
# 2 0 30 10
0.997 0.966 0.832 0.636 0.432 0.261 0.140 0.067 0.028 0.011 
1.000 0.997 0.966 0.832 0.636 0.432 0.261 0.140 0.067 0.028 
0.931 1.000 0.997 0.966 0.832 0.636 0.432 0.261 0.140 0.067 
0.771 0.931 1.000 0.997 0.966 0.832 0.636 0.432 0.261 0.140 
0.567 0.771 0.931 1.000 0.997 0.966 0.832 0.636 0.432 0.261 
0.370 0.567 0.771 0.931 1.000 0.997 0.966 0.832 0.636 0.432 
0.215 0.370 0.567 0.771 0.931 1.000 0.997 0.966 0.832 0.636 
0.111 0.215 0.370 0.567 0.771 0.931 1.000 0.997 0.966 0.832 
0.051 0.111 0.215 0.370 0.567 0.771 0.931 1.000 0.997 0.966 
0.021 0.051 0.111 0.215 0.370 0.567 0.771 0.931 1.000 0.997 
0.522 0.663 0.798 0.909 0.980 1.000 0.966 0.883 0.764 0.626 
0.578 0.578 0.719 0.846 0.943 0.995 0.993 0.938 0.839 0.710 
0.274 0.388 0.522 0.663 0.798 0.909 0.980 1.000 0.966 0.883 
0.846 0.719 0.578 0.578 0.719 0.846 0.943 0.995 0.993 0.938 
0.115 0.183 0.274 0.388 0.522 0.663 0.798 0.909 0.980 1.000 
0.995 0.943 0.846 0.719 0.578 0.578 0.719 0.846 0.943 0.995 
0.039 0.069 0.115 0.183 0.274 0.388 0.522 0.663 0.798 0.909 
0.938 0.993 0.995 0.943 0.846 0.719 0.578 0.578 0.719 0.846 
0.011 0.021 0.039 0.069 0.115 0.183 0.274 0.388 0.522 0.663 
0.710 0.839 0.938 0.993 0.995 0.943 0.846 0.719 0.578 0.578 
0.000 0.000 0.000 0.000 0.000 0.000 0.000 0.000 0.000 0.000 
0.000 0.000 0.000 0.000 0.000 0.000 0.000 0.000 0.000 0.000 
0.000 0.000 0.000 0.000 0.000 0.000 0.000 0.000 0.000 0.000 
0.000 0.000 0.000 0.000 0.000 0.000 0.000 0.000 0.000 0.000 
0.000 0.000 0.000 0.000 0.000 0.000 0.000 0.000 0.000 0.000 
0.000 0.000 0.000 0.000 0.000 0.000 0.000 0.000 0.000 0.000 
0.000 0.000 0.000 0.000 0.000 0.000 0.000 0.000 0.000 0.000 
0.000 0.000 0.000 0.000 0.000 0.000 0.000 0.000 0.000 0.000 
0.000 0.000 0.000 0.000 0.000 0.000 0.000 0.000 0.000 0.000 
0.000 0.000 0.000 0.000 0.000 0.000 0.000 0.000 0.000 0.000 
# 2 1 10 10
0.992 1.000 0.895 0.712 0.504 0.316 0.177 0.088 0.039 0.015 
1.000 0.992 1.000 0.895 0.712 0.504 0.316 0.177 0.088 0.039 
0.895 1.000 0.992 1.000 0.895 0.712 0.504 0.316 0.177 0.088 
0.712 0.895 1.000 0.992 1.000 0.895 0.712 0.504 0.316 0.177 
0.504 0.712 0.895 1.000 0.992 1.000 0.895 0.712 0.504 0.316 
0.316 0.504 0.712 0.895 1.000 0.992 1.000 0.895 0.712 0.504 
0.177 0.316 0.504 0.712 0.895 1.000 0.992 1.000 0.895 0.712 
0.088 0.177 0.316 0.504 0.712 0.895 1.000 0.992 1.000 0.895 
0.039 0.088 0.177 0.316 0.504 0.712 0.895 1.000 0.992 1.000 
0.015 0.039 0.088 0.177 0.316 0.504 0.712 0.895 1.000 0.992 
# 2 3 23 10
0.995 0.970 0.840 0.646 0.442 0.268 0.145 0.069 0.030 0.011 
0.817 0.619 0.417 0.249 0.133 0.063 0.026 0.988 0.983 0.990 
0.393 0.231 0.121 0.056 0.901 0.994 0.988 0.983 0.869 0.682 
0.110 0.752 0.919 0.998 0.994 0.974 0.847 0.655 0.450 0.275 
0.935 1.000 0.998 0.963 0.825 0.628 0.425 0.256 0.485 0.691 
1.000 0.950 0.802 0.601 0.401 0.324 0.511 0.718 0.895 0.992 
0.777 0.574 0.197 0.346 0.538 0.744 0.913 0.997 0.992 0.977 
0.214 0.369 0.565 0.769 0.930 0.999 0.997 0.966 0.833 0.080 
0.592 0.794 0.945 1.000 0.999 0.954 0.039 0.088 0.177 0.316 
0.958 0.999 1.000 0.017 0.044 0.097 0.192 0.338 0.529 0.735 
1.000 0.966 0.883 0.764 0.626 0.531 0.673 0.807 0.915 0.983 
0.915 0.807 0.673 0.531 0.626 0.764 0.883 0.013 0.026 0.047 
0.719 0.578 0.578 0.719 0.000 0.011 0.021 0.039 0.069 0.115 
0.531 0.000 0.000 0.000 0.000 0.000 0.000 0.000 0.000 0.000 
0.000 0.000 0.000 0.000 0.000 0.000 0.000 0.000 0.000 0.000 
0.000 0.000 0.000 0.000 0.000 0.000 0.000 0.000 0.000 0.000 
0.000 0.000 0.000 0.000 0.000 0.000 0.000 0.000 0.000 0.000 
0.000 0.000 0.000 0.000 0.000 0.000 0.000 0.000 0.000 0.000 
0.000 0.000 0.000 0.000 0.000 0.000 0.000 0.000 0.000 0.000 
0.000 0.000 0.000 0.000 0.000 0.000 0.000 0.000 0.000 0.000 
0.000 0.000 0.000 0.000 0.000 0.000 0.000 0.000 0.000 0.000 
0.000 0.000 0.000 0.000 0.000 0.000 0.000 0.000 0.000 0.000 
0.000 0.000 0.000 0.000 0.000 0.000 0.000 0.000 0.000 0.000 
# 3 0 30 23
-0.379 -0.473 -0.574 -0.677 -0.776 -0.863 -0.933 -0.980 -0.999 -0.990 -0.953 -0.892 -0.810 -0.715 -0.613 -0.510 -0.413 -0.324 -0.248 -0.184 -0.132 -0.093 -0.063 
-0.946 -0.987 -1.000 -0.984 -0.941 -0.874 -0.789 -0.691 -0.589 -0.487 -0.391 -0.305 -0.232 -0.171 -0.122 -0.085 -0.503 -0.406 -0.422 -0.520 -0.622 -0.724 -0.818 
-0.767 -0.668 -0.565 -0.464 -0.370 -0.287 -0.216 -0.158 -0.112 -0.581 -0.480 -0.385 -0.444 -0.544 -0.647 -0.747 -0.839 -0.914 -0.968 -0.997 -0.996 -0.967 -0.913 
-0.202 -0.146 -0.660 -0.557 -0.457 -0.373 -0.467 -0.567 -0.670 -0.769 -0.858 -0.929 -0.978 -0.999 -0.992 -0.957 -0.896 -0.816 -0.721 -0.620 -0.517 -0.419 -0.330 
-0.490 -0.592 -0.694 -0.791 -0.876 -0.943 -0.985 -1.000 -0.986 -0.945 -0.879 -0.795 -0.698 -0.596 -0.494 -0.397 -0.311 -0.236 -0.809 -0.714 -0.612 -0.510 -0.412 
-0.991 -0.999 -0.979 -0.931 -0.861 -0.773 -0.674 -0.572 -0.470 -0.376 -0.292 -0.874 -0.788 -0.691 -0.588 -0.486 -0.391 -0.438 -0.537 -0.640 -0.741 -0.833 -0.910 
-0.651 -0.548 -0.448 -0.356 -0.927 -0.855 -0.766 -0.667 -0.564 -0.463 -0.370 -0.460 -0.561 -0.664 -0.763 -0.852 -0.925 -0.975 -0.999 -0.993 -0.960 -0.901 -0.822 
-0.744 -0.643 -0.540 -0.441 -0.388 -0.483 -0.585 -0.687 -0.785 -0.871 -0.939 -0.983 -1.000 -0.988 -0.948 -0.884 -0.801 -0.705 -0.602 -0.500 -0.992 -0.956 -0.896 
-0.609 -0.711 -0.806 -0.889 -0.951 -0.990 -1.000 -0.981 -0.935 -0.866 -0.779 -0.681 -0.578 -1.000 -0.986 -0.944 -0.879 -0.794 -0.697 -0.595 -0.493 -0.397 -0.431 
-0.998 -0.973 -0.921 -0.847 -0.757 -0.657 -0.991 -0.999 -0.979 -0.931 -0.861 -0.773 -0.674 -0.571 -0.470 -0.376 -0.454 -0.554 -0.657 -0.757 -0.847 -0.921 -0.973 
-0.996 -0.997 -0.970 -0.916 -0.841 -0.750 -0.650 -0.547 -0.447 -0.382 -0.476 -0.578 -0.681 -0.779 -0.866 -0.935 -0.981 -1.000 -0.990 -0.952 -0.889 -0.807 -0.925 
-0.626 -0.523 -0.425 -0.403 -0.500 -0.602 -0.704 -0.800 -0.884 -0.948 -0.988 -1.000 -0.983 -0.939 -0.872 -0.872 -0.939 -0.983 -1.000 -0.988 -0.948 -0.884 -0.800 
-0.727 -0.821 -0.901 -0.960 -0.993 -0.999 -0.975 -0.925 -0.807 -0.889 -0.952 -0.990 -1.000 -0.981 -0.935 -0.866 -0.779 -0.681 -0.578 -0.476 -0.382 -0.447 -0.547 
-0.966 -0.735 -0.828 -0.906 -0.963 -0.995 -0.998 -0.973 -0.921 -0.847 -0.757 -0.657 -0.554 -0.454 -0.376 -0.470 -0.571 -0.674 -0.773 -0.861 -0.931 -0.979 -0.999 
-0.994 -0.963 -0.905 -0.827 -0.734 -0.633 -0.530 -0.431 -0.397 -0.493 -0.595 -0.697 -0.794 -0.879 -0.944 -0.986 -1.000 -0.578 -0.681 -0.779 -0.866 -0.935 -0.981 
-0.506 -0.409 -0.419 -0.516 -0.619 -0.721 -0.815 -0.896 -0.956 -0.992 -0.500 -0.602 -0.705 -0.801 -0.884 -0.948 -0.988 -1.000 -0.983 -0.939 -0.871 -0.785 -0.687 
-0.836 -0.912 -0.967 -0.425 -0.524 -0.627 -0.728 -0.822 -0.901 -0.960 -0.993 -0.999 -0.975 -0.925 -0.852 -0.763 -0.664 -0.561 -0.460 -0.370 -0.463 -0.564 -0.667 
-0.751 -0.842 -0.917 -0.970 -0.997 -0.996 -0.966 -0.910 -0.833 -0.741 -0.640 -0.537 -0.438 -0.391 -0.486 -0.588 -0.691 -0.788 -0.874 -0.292 -0.376 -0.470 -0.572 
-0.955 -0.894 -0.812 -0.718 -0.616 -0.513 -0.415 -0.412 -0.510 -0.612 -0.714 -0.809 -0.236 -0.311 -0.397 -0.494 -0.596 -0.698 -0.795 -0.879 -0.945 -0.986 -1.000 
-0.394 -0.434 -0.533 -0.636 -0.737 -0.188 -0.252 -0.330 -0.419 -0.517 -0.620 -0.721 -0.816 -0.896 -0.957 -0.992 -0.999 -0.978 -0.929 -0.858 -0.769 -0.670 -0.567 
-0.269 -0.350 -0.441 -0.541 -0.644 -0.744 -0.836 -0.913 -0.967 -0.996 -0.997 -0.968 -0.914 -0.839 -0.747 -0.647 -0.544 -0.444 -0.385 -0.480 -0.581 -0.112 -0.158 
-0.856 -0.927 -0.977 -0.999 -0.993 -0.958 -0.898 -0.818 -0.724 -0.622 -0.520 -0.422 -0.406 -0.503 -0.085 -0.122 -0.171 -0.232 -0.305 -0.391 -0.487 -0.589 -0.691 
-0.881 -0.797 -0.701 -0.598 -0.496 -0.400 -0.428 -0.063 -0.093 -0.132 -0.184 -0.248 -0.324 -0.413 -0.510 -0.613 -0.715 -0.810 -0.892 -0.953 -0.990 -0.999 -0.980 
0.000 0.000 0.000 0.000 0.000 0.000 0.000 0.000 0.000 0.000 0.000 0.000 0.000 0.000 0.000 0.000 0.000 0.000 0.000 0.000 0.000 0.000 0.000 
0.000 0.000 0.000 0.000 0.000 0.000 0.000 0.000 0.000 0.000 0.000 0.000 0.000 0.000 0.000 0.000 0.000 0.000 0.000 0.000 0.000 0.000 0.000 
0.000 0.000 0.000 0.000 0.000 0.000 0.000 0.000 0.000 0.000 0.000 0.000 0.000 0.000 0.000 0.000 0.000 0.000 0.000 0.000 0.000 0.000 0.000 
0.000 0.000 0.000 0.000 0.000 0.000 0.000 0.000 0.000 0.000 0.000 0.000 0.000 0.000 0.000 0.000 0.000 0.000 0.000 0.000 0.000 0.000 0.000 
0.000 0.000 0.000 0.000 0.000 0.000 0.000 0.000 0.000 0.000 0.000 0.000 0.000 0.000 0.000 0.000 0.000 0.000 0.000 0.000 0.000 0.000 0.000 
0.000 0.000 0.000 0.000 0.000 0.000 0.000 0.000 0.000 0.000 0.000 0.000 0.000 0.000 0.000 0.000 0.000 0.000 0.000 0.000 0.000 0.000 0.000 
0.000 0.000 0.000 0.000 0.000 0.000 0.000 0.000 0.000 0.000 0.000 0.000 0.000 0.000 0.000 0.000 0.000 0.000 0.000 0.000 0.000 0.000 0.000 
# 3 1 10 23
-0.428 -0.400 -0.496 -0.598 -0.701 -0.797 -0.881 -0.946 -0.987 -1.000 -0.984 -0.941 -0.874 -0.789 -0.691 -0.589 -0.487 -0.391 -0.305 -0.232 -0.171 -0.122 -0.085 
-0.984 -0.941 -0.874 -0.789 -0.691 -0.589 -0.487 -0.391 -0.305 -0.232 -0.171 -0.122 -0.085 -0.660 -0.557 -0.457 -0.373 -0.467 -0.567 -0.670 -0.769 -0.858 -0.929 
-0.171 -0.122 -0.085 -0.660 -0.557 -0.457 -0.373 -0.467 -0.567 -0.670 -0.769 -0.858 -0.929 -0.978 -0.999 -0.992 -0.957 -0.896 -0.816 -0.721 -0.620 -0.517 -0.419 
-0.769 -0.858 -0.929 -0.978 -0.999 -0.992 -0.957 -0.896 -0.816 -0.721 -0.620 -0.517 -0.419 -0.330 -0.252 -0.188 -0.874 -0.788 -0.691 -0.588 -0.486 -0.391 -0.438 
-0.620 -0.517 -0.419 -0.330 -0.252 -0.188 -0.874 -0.788 -0.691 -0.588 -0.486 -0.391 -0.438 -0.537 -0.640 -0.741 -0.833 -0.910 -0.966 -0.996 -0.997 -0.970 -0.917 
-0.486 -0.391 -0.438 -0.537 -0.640 -0.741 -0.833 -0.910 -0.966 -0.996 -0.997 -0.970 -0.917 -0.842 -0.751 -0.651 -0.548 -0.448 -0.356 -0.992 -0.956 -0.896 -0.815 
-0.997 -0.970 -0.917 -0.842 -0.751 -0.651 -0.548 -0.448 -0.356 -0.992 -0.956 -0.896 -0.815 -0.721 -0.619 -0.516 -0.419 -0.409 -0.506 -0.609 -0.711 -0.806 -0.889 
-0.956 -0.896 -0.815 -0.721 -0.619 -0.516 -0.419 -0.409 -0.506 -0.609 -0.711 -0.806 -0.889 -0.951 -0.990 -1.000 -0.981 -0.935 -0.866 -0.779 -0.681 -0.578 -0.966 
-0.711 -0.806 -0.889 -0.951 -0.990 -1.000 -0.981 -0.935 -0.866 -0.779 -0.681 -0.578 -0.966 -0.996 -0.997 -0.970 -0.917 -0.841 -0.750 -0.650 -0.547 -0.447 -0.382 
-0.681 -0.578 -0.966 -0.996 -0.997 -0.970 -0.917 -0.841 -0.750 -0.650 -0.547 -0.447 -0.382 -0.476 -0.578 -0.681 -0.779 -0.866 -0.935 -0.981 -1.000 -0.990 -0.952 
# 3 2 10 23
-0.428 -0.400 -0.496 -0.598 -0.701 -0.797 -0.881 -0.946 -0.987 -1.000 -0.984 -0.941 -0.874 -0.789 -0.691 -0.589 -0.487 -0.391 -0.305 -0.232 -0.171 -0.122 -0.085 
-0.984 -0.941 -0.874 -0.789 -0.691 -0.589 -0.487 -0.391 -0.305 -0.232 -0.171 -0.122 -0.085 -0.660 -0.557 -0.457 -0.373 -0.467 -0.567 -0.670 -0.769 -0.858 -0.929 
-0.171 -0.122 -0.085 -0.660 -0.557 -0.457 -0.373 -0.467 -0.567 -0.670 -0.769 -0.858 -0.929 -0.978 -0.999 -0.992 -0.957 -0.896 -0.816 -0.721 -0.620 -0.517 -0.419 
-0.769 -0.858 -0.929 -0.978 -0.999 -0.992 -0.957 -0.896 -0.816 -0.721 -0.620 -0.517 -0.419 -0.330 -0.252 -0.188 -0.874 -0.788 -0.691 -0.588 -0.486 -0.391 -0.438 
-0.620 -0.517 -0.419 -0.330 -0.252 -0.188 -0.874 -0.788 -0.691 -0.588 -0.486 -0.391 -0.438 -0.537 -0.640 -0.741 -0.833 -0.910 -0.966 -0.996 -0.997 -0.970 -0.917 
-0.486 -0.391 -0.438 -0.537 -0.640 -0.741 -0.833 -0.910 -0.966 -0.996 -0.997 -0.970 -0.917 -0.842 -0.751 -0.651 -0.548 -0.448 -0.356 -0.992 -0.956 -0.896 -0.815 
-0.997 -0.970 -0.917 -0.842 -0.751 -0.651 -0.548 -0.448 -0.356 -0.992 -0.956 -0.896 -0.815 -0.721 -0.619 -0.516 -0.419 -0.409 -0.506 -0.609 -0.711 -0.806 -0.889 
-0.956 -0.896 -0.815 -0.721 -0.619 -0.516 -0.419 -0.409 -0.506 -0.609 -0.711 -0.806 -0.889 -0.951 -0.990 -1.000 -0.981 -0.935 -0.866 -0.779 -0.681 -0.578 -0.966 
-0.711 -0.806 -0.889 -0.951 -0.990 -1.000 -0.981 -0.935 -0.866 -0.779 -0.681 -0.578 -0.966 -0.996 -0.997 -0.970 -0.917 -0.841 -0.750 -0.650 -0.547 -0.447 -0.382 
-0.681 -0.578 -0.966 -0.996 -0.997 -0.970 -0.917 -0.841 -0.750 -0.650 -0.547 -0.447 -0.382 -0.476 -0.578 -0.681 -0.779 -0.866 -0.935 -0.981 -1.000 -0.990 -0.952 
# 4 0 30 10
-0.126 -0.341 -0.668 -0.947 -0.974 -0.725 -0.391 -0.153 -0.043 0.000 
-0.182 -0.126 -0.341 -0.668 -0.947 -0.974 -0.725 -0.391 -0.153 -0.043 
-0.442 -0.182 -0.126 -0.341 -0.668 -0.947 -0.974 -0.725 -0.391 -0.153 
-0.777 -0.442 -0.182 -0.126 -0.341 -0.668 -0.947 -0.974 -0.725 -0.391 
-0.991 -0.777 -0.442 -0.182 -0.126 -0.341 -0.668 -0.947 -0.974 -0.725 
-0.915 -0.991 -0.777 -0.442 -0.182 -0.126 -0.341 -0.668 -0.947 -0.974 
-0.612 -0.915 -0.991 -0.777 -0.442 -0.182 -0.126 -0.341 -0.668 -0.947 
-0.296 -0.612 -0.915 -0.991 -0.777 -0.442 -0.182 -0.126 -0.341 -0.668 
-0.104 -0.296 -0.612 -0.915 -0.991 -0.777 -0.442 -0.182 -0.126 -0.341 
-0.026 -0.104 -0.296 -0.612 -0.915 -0.991 -0.777 -0.442 -0.182 -0.126 
0.977 0.898 0.776 0.630 0.442 0.589 0.738 0.869 0.961 0.999 
0.954 0.857 0.723 0.574 0.549 0.699 0.837 0.941 0.995 0.989 
0.887 0.216 0.324 0.457 0.604 0.752 0.880 0.968 1.000 0.971 
0.845 0.709 0.559 0.564 0.714 0.849 0.949 0.997 0.985 0.119 
0.226 0.336 0.471 0.620 0.766 0.891 0.973 1.000 0.965 0.876 
0.694 0.544 0.579 0.728 0.861 0.956 0.040 0.073 0.125 0.201 
0.349 0.485 0.635 0.780 0.901 0.979 0.999 0.959 0.865 0.733 
0.529 0.594 0.742 0.011 0.022 0.043 0.077 0.131 0.210 0.316 
0.500 0.650 0.794 0.911 0.984 0.998 0.951 0.853 0.718 0.569 
0.000 0.000 0.000 0.000 0.000 0.000 0.000 0.000 0.000 0.000 
0.000 0.000 0.000 0.000 0.000 0.000 0.000 0.000 0.000 0.000 
0.000 0.000 0.000 0.000 0.000 0.000 0.000 0.000 0.000 0.000 
0.000 0.000 0.000 0.000 0.000 0.000 0.000 0.000 0.000 0.000 
0.000 0.000 0.000 0.000 0.000 0.000 0.000 0.000 0.000 0.000 
0.000 0.000 0.000 0.000 0.000 0.000 0.000 0.000 0.000 0.000 
0.000 0.000 0.000 0.000 0.000 0.000 0.000 0.000 0.000 0.000 
0.000 0.000 0.000 0.000 0.000 0.000 0.000 0.000 0.000 0.000 
0.000 0.000 0.000 0.000 0.000 0.000 0.000 0.000 0.000 0.000 
0.000 0.000 0.000 0.000 0.000 0.000 0.000 0.000 0.000 0.000 
0.000 0.000 0.000 0.000 0.000 0.000 0.000 0.000 0.000 0.000 
# 4 1 10 10
0.488 0.637 0.783 0.904 0.981 1.000 0.959 0.864 0.732 0.582 
0.436 0.307 0.203 0.126 0.074 0.040 0.021 0.010 0.000 0.637 
0.488 0.637 0.783 0.904 0.981 1.000 0.959 0.864 0.732 0.582 
0.436 0.307 0.203 0.126 0.074 0.040 0.021 0.010 0.783 0.637 
0.488 0.637 0.783 0.904 0.981 1.000 0.959 0.864 0.732 0.582 
0.436 0.307 0.203 0.126 0.074 0.040 0.021 0.904 0.783 0.637 
0.488 0.637 0.783 0.904 0.981 1.000 0.959 0.864 0.732 0.582 
0.436 0.307 0.203 0.126 0.074 0.040 0.981 0.904 0.783 0.637 
0.488 0.637 0.783 0.904 0.981 1.000 0.959 0.864 0.732 0.582 
0.436 0.307 0.203 0.126 0.074 1.000 0.981 0.904 0.783 0.637 
# 4 2 10 10
0.491 0.641 0.786 0.906 0.981 0.999 0.956 0.860 0.727 0.578 
0.432 0.303 0.200 0.124 0.072 0.040 0.020 0.000 0.000 0.626 
0.498 0.648 0.792 0.910 0.983 0.998 0.952 0.854 0.720 0.571 
0.425 0.298 0.196 0.121 0.070 0.038 0.020 0.000 0.765 0.618 
0.506 0.656 0.799 0.915 0.986 0.997 0.949 0.848 0.713 0.563 
0.418 0.292 0.191 0.118 0.068 0.037 0.019 0.885 0.758 0.611 
0.513 0.663 0.806 0.920 0.988 0.996 0.945 0.842 0.706 0.556 
0.411 0.286 0.187 0.115 0.066 0.036 0.967 0.879 0.751 0.603 
0.521 0.671 0.812 0.925 0.989 0.995 0.941 0.836 0.698 0.548 
0.405 0.281 0.183 0.112 0.065 1.000 0.964 0.873 0.744 0.595 
# 4 3 23 10
0.507 0.617 0.764 0.889 0.972 1.000 0.967 0.878 0.750 0.602 
0.859 0.955 0.999 0.981 0.906 0.787 0.642 0.493 0.355 0.241 
0.992 0.931 0.822 0.682 0.532 0.390 0.269 0.174 0.106 0.061 
0.721 0.572 0.426 0.298 0.197 0.122 0.071 0.995 0.988 0.922 
0.330 0.221 0.139 0.919 0.987 0.996 0.945 0.843 0.706 0.556 
0.893 0.974 1.000 0.964 0.874 0.745 0.597 0.527 0.677 0.817 
0.980 0.903 0.782 0.637 0.487 0.637 0.782 0.903 0.980 0.999 
0.677 0.527 0.597 0.745 0.874 0.964 1.000 0.974 0.893 0.769 
0.706 0.843 0.945 0.996 0.987 0.919 0.139 0.221 0.330 0.464 
0.988 0.995 0.071 0.122 0.197 0.298 0.426 0.572 0.721 0.855 
0.106 0.174 0.269 0.390 0.532 0.682 0.822 0.931 0.992 0.993 
0.355 0.493 0.642 0.787 0.906 0.981 0.999 0.955 0.859 0.726 
0.750 0.878 0.967 1.000 0.972 0.889 0.764 0.617 0.507 0.000 
0.000 0.000 0.000 0.000 0.000 0.000 0.000 0.000 0.000 0.000 
0.000 0.000 0.000 0.000 0.000 0.000 0.000 0.000 0.000 0.000 
0.000 0.000 0.000 0.000 0.000 0.000 0.000 0.000 0.000 0.000 
0.000 0.000 0.000 0.000 0.000 0.000 0.000 0.000 0.000 0.000 
0.000 0.000 0.000 0.000 0.000 0.000 0.000 0.000 0.000 0.000 
0.000 0.000 0.000 0.000 0.000 0.000 0.000 0.000 0.000 0.000 
0.000 0.000 0.000 0.000 0.000 0.000 0.000 0.000 0.000 0.000 
0.000 0.000 0.000 0.000 0.000 0.000 0.000 0.000 0.000 0.000 
0.000 0.000 0.000 0.000 0.000 0.000 0.000 0.000 0.000 0.000 
0.000 0.000 0.000 0.000 0.000 0.000 0.000 0.000 0.000 0.000 
