2.222056
2
# 0 1 10 30
0.031 0.000 0.031 0.146 0.438 0.831 1.000 0.763 0.370 0.114 0.022 0.000 0.000 0.000 0.000 0.000 0.000 0.000 0.000 0.000 0.000 0.000 0.000 0.000 0.000 0.000 0.000 0.000 0.000 0.000 
0.022 0.000 0.000 0.000 0.000 0.000 0.000 0.000 0.000 0.000 0.000 0.000 0.000 0.000 0.000 0.000 0.000 0.000 0.000 0.000 0.831 0.438 0.146 0.031 0.000 0.031 0.146 0.438 0.831 1.000 
0.000 0.000 0.000 0.000 0.000 0.000 0.000 0.000 0.000 0.000 0.831 0.438 0.146 0.031 0.000 0.031 0.146 0.438 0.831 1.000 0.763 0.370 0.114 0.022 0.000 0.000 0.000 0.000 0.000 0.000 
0.831 0.438 0.146 0.031 0.000 0.031 0.146 0.438 0.831 1.000 0.763 0.370 0.114 0.022 0.000 0.000 0.000 0.000 0.000 0.000 0.000 0.000 0.000 0.000 0.000 0.000 0.000 0.000 0.000 0.000 
0.763 0.370 0.114 0.022 0.000 0.000 0.000 0.000 0.000 0.000 0.000 0.000 0.000 0.000 0.000 0.000 0.000 0.000 0.000 0.000 0.370 0.763 1.000 0.831 0.438 0.146 0.031 0.000 0.031 0.146 
0.000 0.000 0.000 0.000 0.000 0.000 0.000 0.000 0.000 0.000 0.370 0.763 1.000 0.831 0.438 0.146 0.031 0.000 0.031 0.146 0.438 0.831 1.000 0.763 0.370 0.114 0.022 0.000 0.000 0.000 
0.370 0.763 1.000 0.831 0.438 0.146 0.031 0.000 0.031 0.146 0.438 0.831 1.000 0.763 0.370 0.114 0.022 0.000 0.000 0.000 0.000 0.000 0.000 0.000 0.000 0.000 0.000 0.000 0.000 0.000 
0.438 0.831 1.000 0.763 0.370 0.114 0.022 0.000 0.000 0.000 0.000 0.000 0.000 0.000 0.000 0.000 0.000 0.000 0.000 0.000 0.000 0.022 0.114 0.370 0.763 1.000 0.831 0.438 0.146 0.031 
0.000 0.000 0.000 0.000 0.000 0.000 0.000 0.000 0.000 0.000 0.000 0.022 0.114 0.370 0.763 1.000 0.831 0.438 0.146 0.031 0.000 0.031 0.146 0.438 0.831 1.000 0.763 0.370 0.114 0.022 
0.000 0.022 0.114 0.370 0.763 1.000 0.831 0.438 0.146 0.031 0.000 0.031 0.146 0.438 0.831 1.000 0.763 0.370 0.114 0.022 0.000 0.000 0.000 0.000 0.000 0.000 0.000 0.000 0.000 0.000 
# 1 0 30 10
-0.396 -1.000 -0.267 0.000 0.000 0.000 0.000 0.000 0.000 0.000 
-0.693 -0.396 -1.000 -0.267 0.000 0.000 0.000 0.000 0.000 0.000 
-0.826 -0.693 -0.396 -1.000 -0.267 0.000 0.000 0.000 0.000 0.000 
-0.104 -0.826 -0.693 -0.396 -1.000 -0.267 0.000 0.000 0.000 0.000 
0.000 -0.104 -0.826 -0.693 -0.396 -1.000 -0.267 0.000 0.000 0.000 
0.000 0.000 -0.104 -0.826 -0.693 -0.396 -1.000 -0.267 0.000 0.000 
0.000 0.000 0.000 -0.104 -0.826 -0.693 -0.396 -1.000 -0.267 0.000 
0.000 0.000 0.000 0.000 -0.104 -0.826 -0.693 -0.396 -1.000 -0.267 
0.000 0.000 0.000 0.000 0.000 -0.104 -0.826 -0.693 -0.396 -1.000 
0.000 0.000 0.000 0.000 0.000 0.000 -0.104 -0.826 -0.693 -0.396 
0.000 0.000 0.000 0.000 0.000 0.000 0.000 0.000 0.000 0.000 
0.000 0.000 0.000 0.000 0.000 0.000 0.000 0.000 0.000 0.000 
0.000 0.000 0.000 0.000 0.000 0.000 0.000 0.000 0.000 0.000 
0.000 0.000 0.000 0.000 0.000 0.000 0.000 0.000 0.000 0.000 
0.000 0.000 0.000 0.000 0.000 0.000 0.000 0.000 0.000 0.000 
0.000 0.000 0.000 0.000 0.000 0.000 0.000 0.000 0.000 0.000 
0.000 0.000 0.000 0.000 0.000 0.000 0.000 0.000 0.000 0.000 
0.000 0.000 0.000 0.000 0.000 0.000 0.000 0.000 0.000 0.000 
0.000 0.000 0.000 0.000 0.000 0.000 0.000 0.000 0.000 0.000 
0.000 0.000 0.000 0.000 0.000 0.000 0.000 0.000 0.000 0.000 
0.000 0.000 0.000 0.000 0.000 0.000 0.000 0.000 0.000 0.000 
0.000 0.000 0.000 0.000 0.000 0.000 0.000 0.000 0.000 0.000 
0.000 0.000 0.000 0.000 0.000 0.000 0.000 0.000 0.000 0.000 
0.000 0.000 0.000 0.000 0.000 0.000 0.000 0.000 0.000 0.000 
0.000 0.000 0.000 0.000 0.000 0.000 0.000 0.000 0.000 0.000 
0.000 0.000 0.000 0.000 0.000 0.000 0.000 0.000 0.000 0.000 
0.000 0.000 0.000 0.000 0.000 0.000 0.000 0.000 0.000 0.000 
0.000 0.000 0.000 0.000 0.000 0.000 0.000 0.000 0.000 0.000 
0.000 0.000 0.000 0.000 0.000 0.000 0.000 0.000 0.000 0.000 
0.000 0.000 0.000 0.000 0.000 0.000 0.000 0.000 0.000 0.000 
