1.847988
6
# 0 1 12 30
0.957 1.000 0.786 0.334 0.077 0.000 0.000 0.000 0.000 0.000 0.000 0.000 0.000 0.000 0.000 0.000 0.000 0.000 0.000 0.000 0.000 0.000 0.000 0.000 0.000 0.000 0.000 0.000 0.000 0.000 
0.000 0.000 0.000 0.000 0.000 0.000 0.000 0.000 0.000 0.000 0.000 0.000 0.000 0.000 0.000 0.000 0.000 0.000 0.077 0.334 0.786 1.000 0.957 0.553 0.173 0.029 0.000 0.000 0.000 0.000 
0.000 0.000 0.000 0.000 0.000 0.000 0.077 0.334 0.786 1.000 0.957 0.553 0.173 0.029 0.000 0.000 0.000 0.000 0.000 0.000 0.000 0.000 0.000 0.000 0.000 0.000 0.000 0.000 0.000 0.000 
0.173 0.029 0.000 0.000 0.000 0.000 0.000 0.000 0.000 0.000 0.000 0.000 0.000 0.000 0.000 0.000 0.000 0.000 0.000 0.000 0.000 0.000 0.000 0.000 0.000 0.000 0.029 0.173 0.553 0.957 
0.000 0.000 0.000 0.000 0.000 0.000 0.000 0.000 0.000 0.000 0.000 0.000 0.000 0.000 0.029 0.173 0.553 0.957 1.000 0.786 0.334 0.077 0.000 0.000 0.000 0.000 0.000 0.000 0.000 0.000 
0.000 0.000 0.029 0.173 0.553 0.957 1.000 0.786 0.334 0.077 0.000 0.000 0.000 0.000 0.000 0.000 0.000 0.000 0.000 0.000 0.000 0.000 0.000 0.000 0.000 0.000 0.000 0.000 0.000 0.000 
0.000 0.000 0.000 0.000 0.000 0.000 0.000 0.000 0.000 0.000 0.000 0.000 0.000 0.000 0.000 0.000 0.000 0.000 0.000 0.000 0.000 0.000 0.000 0.077 0.334 0.786 1.000 0.957 0.553 0.173 
0.000 0.000 0.000 0.000 0.000 0.000 0.000 0.000 0.000 0.000 0.000 0.077 0.334 0.786 1.000 0.957 0.553 0.173 0.029 0.000 0.000 0.000 0.000 0.000 0.000 0.000 0.000 0.000 0.000 0.000 
0.334 0.786 1.000 0.957 0.553 0.173 0.029 0.000 0.000 0.000 0.000 0.000 0.000 0.000 0.000 0.000 0.000 0.000 0.000 0.000 0.000 0.000 0.000 0.000 0.000 0.000 0.000 0.000 0.000 0.000 
0.000 0.000 0.000 0.000 0.000 0.000 0.000 0.000 0.000 0.000 0.000 0.000 0.000 0.000 0.000 0.000 0.000 0.000 0.000 0.029 0.173 0.553 0.957 1.000 0.786 0.334 0.077 0.000 0.000 0.000 
0.000 0.000 0.000 0.000 0.000 0.000 0.000 0.029 0.173 0.553 0.957 1.000 0.786 0.334 0.077 0.000 0.000 0.000 0.000 0.000 0.000 0.000 0.000 0.000 0.000 0.000 0.000 0.000 0.000 0.000 
0.786 0.334 0.077 0.000 0.000 0.000 0.000 0.000 0.000 0.000 0.000 0.000 0.000 0.000 0.000 0.000 0.000 0.000 0.000 0.000 0.000 0.000 0.000 0.000 0.000 0.000 0.000 0.000 0.077 0.334 
# 0 2 9 30
0.823 0.995 0.939 0.515 0.153 0.025 0.000 0.000 0.000 0.000 0.000 0.000 0.000 0.000 0.000 0.000 0.000 0.000 0.000 0.000 0.000 0.000 0.000 0.000 0.000 0.000 0.000 0.000 0.000 0.000 
0.000 0.000 0.000 0.000 0.000 0.000 0.000 0.000 0.000 0.000 0.000 0.000 0.000 0.000 0.000 0.000 0.000 0.000 0.000 0.000 0.000 0.000 0.048 0.246 0.674 1.000 1.000 0.674 0.246 0.048 
0.000 0.000 0.000 0.000 0.000 0.000 0.000 0.000 0.000 0.000 0.000 0.000 0.000 0.048 0.246 0.674 1.000 1.000 0.674 0.246 0.048 0.000 0.000 0.000 0.000 0.000 0.000 0.000 0.000 0.000 
0.000 0.000 0.000 0.000 0.048 0.246 0.674 1.000 1.000 0.674 0.246 0.048 0.000 0.000 0.000 0.000 0.000 0.000 0.000 0.000 0.000 0.000 0.000 0.000 0.000 0.000 0.000 0.000 0.000 0.000 
0.674 0.246 0.048 0.000 0.000 0.000 0.000 0.000 0.000 0.000 0.000 0.000 0.000 0.000 0.000 0.000 0.000 0.000 0.000 0.000 0.000 0.000 0.000 0.000 0.000 0.000 0.000 0.000 0.025 0.153 
0.000 0.000 0.000 0.000 0.000 0.000 0.000 0.000 0.000 0.000 0.000 0.000 0.000 0.000 0.000 0.000 0.000 0.000 0.000 0.025 0.153 0.515 0.939 0.995 0.823 0.368 0.089 0.012 0.000 0.000 
0.000 0.000 0.000 0.000 0.000 0.000 0.000 0.000 0.000 0.000 0.025 0.153 0.515 0.939 0.995 0.823 0.368 0.089 0.012 0.000 0.000 0.000 0.000 0.000 0.000 0.000 0.000 0.000 0.000 0.000 
0.000 0.025 0.153 0.515 0.939 0.995 0.823 0.368 0.089 0.012 0.000 0.000 0.000 0.000 0.000 0.000 0.000 0.000 0.000 0.000 0.000 0.000 0.000 0.000 0.000 0.000 0.000 0.000 0.000 0.000 
0.012 0.000 0.000 0.000 0.000 0.000 0.000 0.000 0.000 0.000 0.000 0.000 0.000 0.000 0.000 0.000 0.000 0.000 0.000 0.000 0.000 0.000 0.000 0.000 0.000 0.012 0.089 0.368 0.823 0.995 
# 0 3 8 30
0.728 1.000 0.978 0.611 0.206 0.038 0.000 0.000 0.000 0.000 0.000 0.000 0.000 0.000 0.000 0.000 0.000 0.000 0.000 0.000 0.000 0.000 0.000 0.000 0.000 0.000 0.000 0.000 0.000 0.000 
0.000 0.000 0.000 0.000 0.000 0.000 0.000 0.000 0.000 0.000 0.000 0.000 0.000 0.000 0.000 0.000 0.000 0.000 0.000 0.000 0.000 0.000 0.000 0.013 0.095 0.383 0.835 0.984 0.921 0.493 
0.000 0.000 0.000 0.000 0.000 0.000 0.000 0.000 0.000 0.000 0.000 0.000 0.000 0.000 0.000 0.013 0.095 0.383 0.835 0.984 0.921 0.493 0.143 0.022 0.000 0.000 0.000 0.000 0.000 0.000 
0.000 0.000 0.000 0.000 0.000 0.000 0.000 0.013 0.095 0.383 0.835 0.984 0.921 0.493 0.143 0.022 0.000 0.000 0.000 0.000 0.000 0.000 0.000 0.000 0.000 0.000 0.000 0.000 0.000 0.000 
0.095 0.383 0.835 0.984 0.921 0.493 0.143 0.022 0.000 0.000 0.000 0.000 0.000 0.000 0.000 0.000 0.000 0.000 0.000 0.000 0.000 0.000 0.000 0.000 0.000 0.000 0.000 0.000 0.000 0.000 
0.000 0.000 0.000 0.000 0.000 0.000 0.000 0.000 0.000 0.000 0.000 0.000 0.000 0.000 0.000 0.000 0.000 0.000 0.000 0.000 0.000 0.000 0.000 0.000 0.000 0.022 0.143 0.493 0.921 0.984 
0.000 0.000 0.000 0.000 0.000 0.000 0.000 0.000 0.000 0.000 0.000 0.000 0.000 0.000 0.000 0.000 0.000 0.022 0.143 0.493 0.921 0.984 0.835 0.383 0.095 0.013 0.000 0.000 0.000 0.000 
0.000 0.000 0.000 0.000 0.000 0.000 0.000 0.000 0.000 0.022 0.143 0.493 0.921 0.984 0.835 0.383 0.095 0.013 0.000 0.000 0.000 0.000 0.000 0.000 0.000 0.000 0.000 0.000 0.000 0.000 
# 0 4 25 30
0.981 0.914 0.482 0.137 0.021 0.000 0.000 0.000 0.000 0.000 0.000 0.000 0.000 0.000 0.000 0.000 0.000 0.000 0.000 0.000 0.000 0.000 0.000 0.000 0.000 0.000 0.000 0.000 0.000 0.000 
0.000 0.000 0.000 0.000 0.000 0.762 1.000 0.966 0.575 0.186 0.032 0.000 0.000 0.000 0.000 0.000 0.000 0.000 0.000 0.000 0.000 0.000 0.000 0.000 0.000 0.000 0.000 0.000 0.000 0.000 
0.000 0.000 0.000 0.000 0.000 0.000 0.000 0.000 0.000 0.000 0.244 0.670 0.995 0.995 0.670 0.244 0.048 0.000 0.000 0.000 0.000 0.000 0.000 0.000 0.000 0.000 0.000 0.000 0.000 0.000 
0.000 0.000 0.000 0.000 0.000 0.000 0.000 0.000 0.000 0.000 0.000 0.000 0.000 0.000 0.000 0.032 0.186 0.575 0.966 1.000 0.762 0.314 0.070 0.000 0.000 0.000 0.000 0.000 0.000 0.000 
0.000 0.000 0.000 0.000 0.000 0.000 0.000 0.000 0.000 0.000 0.000 0.000 0.000 0.000 0.000 0.000 0.000 0.000 0.000 0.000 0.000 0.021 0.137 0.482 0.914 0.981 0.845 0.394 0.099 0.014 
0.981 0.845 0.394 0.099 0.014 0.000 0.000 0.000 0.000 0.000 0.000 0.000 0.000 0.000 0.000 0.000 0.000 0.000 0.000 0.000 0.000 0.000 0.000 0.000 0.000 0.000 0.000 0.014 0.099 0.394 
0.000 0.000 0.014 0.099 0.394 0.845 0.981 0.914 0.482 0.137 0.021 0.000 0.000 0.000 0.000 0.000 0.000 0.000 0.000 0.000 0.000 0.000 0.000 0.000 0.000 0.000 0.000 0.000 0.000 0.000 
0.000 0.000 0.000 0.000 0.000 0.000 0.000 0.000 0.000 0.070 0.314 0.762 1.000 0.966 0.575 0.186 0.032 0.000 0.000 0.000 0.000 0.000 0.000 0.000 0.000 0.000 0.000 0.000 0.000 0.000 
0.000 0.000 0.000 0.000 0.000 0.000 0.000 0.000 0.000 0.000 0.000 0.000 0.000 0.000 0.000 0.048 0.244 0.670 0.995 0.995 0.670 0.244 0.048 0.000 0.000 0.000 0.000 0.000 0.000 0.000 
0.000 0.000 0.000 0.000 0.000 0.000 0.000 0.000 0.000 0.000 0.000 0.000 0.000 0.000 0.000 0.000 0.000 0.000 0.000 0.000 0.000 0.032 0.186 0.575 0.966 1.000 0.762 0.314 0.070 0.000 
1.000 0.762 0.314 0.070 0.000 0.000 0.000 0.000 0.000 0.000 0.000 0.000 0.000 0.000 0.000 0.000 0.000 0.000 0.000 0.000 0.000 0.000 0.000 0.000 0.000 0.000 0.000 0.021 0.137 0.482 
0.000 0.000 0.021 0.137 0.482 0.914 0.981 0.845 0.394 0.099 0.014 0.000 0.000 0.000 0.000 0.000 0.000 0.000 0.000 0.000 0.000 0.000 0.000 0.000 0.000 0.000 0.000 0.000 0.000 0.000 
0.000 0.000 0.000 0.000 0.000 0.000 0.000 0.000 0.014 0.099 0.394 0.845 0.981 0.914 0.482 0.137 0.021 0.000 0.000 0.000 0.000 0.000 0.000 0.000 0.000 0.000 0.000 0.000 0.000 0.000 
0.000 0.000 0.000 0.000 0.000 0.000 0.000 0.000 0.000 0.000 0.000 0.000 0.000 0.000 0.000 0.070 0.314 0.762 1.000 0.966 0.575 0.186 0.032 0.000 0.000 0.000 0.000 0.000 0.000 0.000 
0.000 0.000 0.000 0.000 0.000 0.000 0.000 0.000 0.000 0.000 0.000 0.000 0.000 0.000 0.000 0.000 0.000 0.000 0.000 0.000 0.000 0.048 0.244 0.670 0.995 0.995 0.670 0.244 0.048 0.000 
0.995 0.670 0.244 0.048 0.000 0.000 0.000 0.000 0.000 0.000 0.000 0.000 0.000 0.000 0.000 0.000 0.000 0.000 0.000 0.000 0.000 0.000 0.000 0.000 0.000 0.000 0.000 0.032 0.186 0.575 
0.000 0.000 0.032 0.186 0.575 0.966 1.000 0.762 0.314 0.070 0.000 0.000 0.000 0.000 0.000 0.000 0.000 0.000 0.000 0.000 0.000 0.000 0.000 0.000 0.000 0.000 0.000 0.000 0.000 0.000 
0.000 0.000 0.000 0.000 0.000 0.000 0.000 0.000 0.021 0.137 0.482 0.914 0.981 0.845 0.394 0.099 0.014 0.000 0.000 0.000 0.000 0.000 0.000 0.000 0.000 0.000 0.000 0.000 0.000 0.000 
0.000 0.000 0.000 0.000 0.000 0.000 0.000 0.000 0.000 0.000 0.000 0.000 0.000 0.000 0.014 0.099 0.394 0.845 0.981 0.914 0.482 0.137 0.021 0.000 0.000 0.000 0.000 0.000 0.000 0.000 
0.000 0.000 0.000 0.000 0.000 0.000 0.000 0.000 0.000 0.000 0.000 0.000 0.000 0.000 0.000 0.000 0.000 0.000 0.000 0.000 0.000 0.070 0.314 0.762 1.000 0.966 0.575 0.186 0.032 0.000 
0.966 0.575 0.186 0.032 0.000 0.000 0.000 0.000 0.000 0.000 0.000 0.000 0.000 0.000 0.000 0.000 0.000 0.000 0.000 0.000 0.000 0.000 0.000 0.000 0.000 0.000 0.000 0.048 0.244 0.670 
0.000 0.000 0.048 0.244 0.670 0.995 0.995 0.670 0.244 0.048 0.000 0.000 0.000 0.000 0.000 0.000 0.000 0.000 0.000 0.000 0.000 0.000 0.000 0.000 0.000 0.000 0.000 0.000 0.000 0.000 
0.000 0.000 0.000 0.000 0.000 0.000 0.000 0.000 0.032 0.186 0.575 0.966 1.000 0.762 0.314 0.070 0.000 0.000 0.000 0.000 0.000 0.000 0.000 0.000 0.000 0.000 0.000 0.000 0.000 0.000 
0.000 0.000 0.000 0.000 0.000 0.000 0.000 0.000 0.000 0.000 0.000 0.000 0.000 0.000 0.021 0.137 0.482 0.914 0.981 0.845 0.394 0.099 0.014 0.000 0.000 0.000 0.000 0.000 0.000 0.000 
0.000 0.000 0.000 0.000 0.000 0.000 0.000 0.000 0.000 0.000 0.000 0.000 0.000 0.000 0.000 0.000 0.000 0.000 0.000 0.000 0.014 0.099 0.394 0.845 0.981 0.914 0.482 0.137 0.021 0.000 
# 0 5 10 30
0.916 1.000 0.916 0.454 0.122 0.018 0.000 0.000 0.000 0.000 0.000 0.000 0.000 0.000 0.000 0.000 0.000 0.000 0.000 0.000 0.000 0.000 0.000 0.000 0.000 0.000 0.000 0.000 0.000 0.000 
0.000 0.000 0.000 0.000 0.000 0.000 0.000 0.000 0.000 0.000 0.000 0.000 0.000 0.000 0.000 0.000 0.000 0.000 0.000 0.000 0.018 0.122 0.454 0.916 1.000 0.916 0.454 0.122 0.018 0.000 
0.000 0.000 0.000 0.000 0.000 0.000 0.000 0.000 0.000 0.000 0.018 0.122 0.454 0.916 1.000 0.916 0.454 0.122 0.018 0.000 0.000 0.000 0.000 0.000 0.000 0.000 0.000 0.000 0.000 0.000 
0.018 0.122 0.454 0.916 1.000 0.916 0.454 0.122 0.018 0.000 0.000 0.000 0.000 0.000 0.000 0.000 0.000 0.000 0.000 0.000 0.000 0.000 0.000 0.000 0.000 0.000 0.000 0.000 0.000 0.000 
0.000 0.000 0.000 0.000 0.000 0.000 0.000 0.000 0.000 0.000 0.000 0.000 0.000 0.000 0.000 0.000 0.000 0.000 0.000 0.000 0.000 0.000 0.000 0.018 0.122 0.454 0.916 1.000 0.916 0.454 
0.000 0.000 0.000 0.000 0.000 0.000 0.000 0.000 0.000 0.000 0.000 0.000 0.000 0.018 0.122 0.454 0.916 1.000 0.916 0.454 0.122 0.018 0.000 0.000 0.000 0.000 0.000 0.000 0.000 0.000 
0.000 0.000 0.000 0.018 0.122 0.454 0.916 1.000 0.916 0.454 0.122 0.018 0.000 0.000 0.000 0.000 0.000 0.000 0.000 0.000 0.000 0.000 0.000 0.000 0.000 0.000 0.000 0.000 0.000 0.000 
0.122 0.018 0.000 0.000 0.000 0.000 0.000 0.000 0.000 0.000 0.000 0.000 0.000 0.000 0.000 0.000 0.000 0.000 0.000 0.000 0.000 0.000 0.000 0.000 0.000 0.000 0.018 0.122 0.454 0.916 
0.000 0.000 0.000 0.000 0.000 0.000 0.000 0.000 0.000 0.000 0.000 0.000 0.000 0.000 0.000 0.000 0.018 0.122 0.454 0.916 1.000 0.916 0.454 0.122 0.018 0.000 0.000 0.000 0.000 0.000 
0.000 0.000 0.000 0.000 0.000 0.000 0.018 0.122 0.454 0.916 1.000 0.916 0.454 0.122 0.018 0.000 0.000 0.000 0.000 0.000 0.000 0.000 0.000 0.000 0.000 0.000 0.000 0.000 0.000 0.000 
# 1 0 30 12
-0.957 -0.920 -0.536 -0.189 -0.041 0.000 0.000 0.000 0.000 0.000 0.000 0.000 
0.000 0.000 0.000 0.000 0.000 0.000 -0.992 -0.908 -0.965 -0.621 -0.243 -0.057 
-0.787 -1.000 -0.957 -0.920 -0.536 -0.189 -0.041 0.000 0.000 0.000 0.000 0.000 
-0.145 -0.028 0.000 0.000 0.000 0.000 -0.305 -0.706 -0.992 -0.908 -0.965 -0.621 
-0.109 -0.375 -0.787 -1.000 -0.957 -0.920 -0.536 -0.189 -0.041 0.000 0.000 0.000 
-0.859 -0.453 -0.145 -0.028 0.000 0.000 -0.013 -0.080 -0.305 -0.706 -0.992 -0.908 
0.000 -0.019 -0.109 -0.375 -0.787 -1.000 -0.957 -0.920 -0.536 -0.189 -0.041 0.000 
-0.988 -0.988 -0.859 -0.453 -0.145 -0.028 0.000 0.000 -0.013 -0.080 -0.305 -0.706 
0.000 0.000 0.000 -0.019 -0.109 -0.375 -0.787 -1.000 -0.957 -0.920 -0.536 -0.189 
-0.453 -0.859 -0.988 -0.988 -0.859 -0.453 0.000 0.000 0.000 0.000 -0.013 -0.080 
0.000 0.000 0.000 0.000 0.000 -0.019 -0.109 -0.375 -0.787 -1.000 -0.957 -0.920 
-0.028 -0.145 -0.453 -0.859 -0.988 -0.988 0.000 0.000 0.000 0.000 0.000 0.000 
0.000 0.014 0.040 0.096 0.203 0.372 0.589 0.809 0.964 0.995 0.891 0.692 
0.600 0.646 0.857 0.984 0.981 0.847 0.000 0.000 0.011 0.033 0.082 0.177 
0.232 0.412 0.635 0.847 0.981 0.984 0.857 0.646 0.600 0.819 0.968 0.993 
0.000 0.000 0.000 0.000 0.014 0.040 0.096 0.203 0.372 0.589 0.809 0.964 
0.993 0.968 0.819 0.600 0.646 0.857 0.000 0.000 0.000 0.000 0.000 0.011 
0.018 0.048 0.113 0.232 0.412 0.635 0.847 0.981 0.984 0.857 0.646 0.600 
0.000 0.000 0.000 0.000 0.000 0.000 0.000 0.000 0.000 0.000 0.000 0.000 
0.000 0.000 0.000 0.000 0.000 0.000 0.000 0.000 0.000 0.000 0.000 0.000 
0.000 0.000 0.000 0.000 0.000 0.000 0.000 0.000 0.000 0.000 0.000 0.000 
0.000 0.000 0.000 0.000 0.000 0.000 0.000 0.000 0.000 0.000 0.000 0.000 
0.000 0.000 0.000 0.000 0.000 0.000 0.000 0.000 0.000 0.000 0.000 0.000 
0.000 0.000 0.000 0.000 0.000 0.000 0.000 0.000 0.000 0.000 0.000 0.000 
0.000 0.000 0.000 0.000 0.000 0.000 0.000 0.000 0.000 0.000 0.000 0.000 
0.000 0.000 0.000 0.000 0.000 0.000 0.000 0.000 0.000 0.000 0.000 0.000 
0.000 0.000 0.000 0.000 0.000 0.000 0.000 0.000 0.000 0.000 0.000 0.000 
0.000 0.000 0.000 0.000 0.000 0.000 0.000 0.000 0.000 0.000 0.000 0.000 
0.000 0.000 0.000 0.000 0.000 0.000 0.000 0.000 0.000 0.000 0.000 0.000 
0.000 0.000 0.000 0.000 0.000 0.000 0.000 0.000 0.000 0.000 0.000 0.000 
# 1 2 9 12
-0.929 -1.000 -0.736 -0.328 -0.089 -0.015 0.000 0.000 0.000 0.000 0.000 0.000 
0.000 0.000 0.000 -0.862 -0.991 -0.991 -0.862 -0.454 -0.145 -0.028 0.000 0.000 
-0.028 0.000 0.000 0.000 0.000 0.000 -0.328 -0.736 -1.000 -0.929 -0.954 -0.595 
-0.929 -0.954 -0.595 -0.225 -0.051 0.000 0.000 0.000 0.000 -0.051 -0.225 -0.595 
-0.051 -0.225 -0.595 -0.954 -0.929 -1.000 -0.736 -0.328 -0.089 -0.015 0.000 0.000 
-0.015 0.000 0.000 0.000 -0.028 -0.145 -0.454 -0.862 -0.991 -0.991 -0.862 -0.454 
-0.991 -0.862 -0.454 -0.145 -0.028 0.000 0.000 0.000 -0.015 -0.089 -0.328 -0.736 
-0.089 -0.328 -0.736 -1.000 -0.929 -0.954 -0.595 -0.225 -0.051 0.000 0.000 0.000 
0.000 0.000 0.000 0.000 -0.051 -0.225 -0.595 -0.954 -0.929 -1.000 -0.736 -0.328 
# 1 3 8 12
-0.946 -1.000 -0.767 -0.357 -0.101 -0.017 0.000 0.000 0.000 0.000 0.000 0.000 
0.000 0.000 0.000 0.000 -0.767 -1.000 -0.946 -0.933 -0.557 -0.202 -0.044 0.000 
-0.557 -0.202 -0.044 0.000 0.000 0.000 0.000 0.000 -0.202 -0.557 -0.933 -0.946 
-0.202 -0.557 -0.933 -0.946 -1.000 -0.767 -0.357 -0.101 -0.017 0.000 0.000 0.000 
-0.017 0.000 0.000 0.000 -0.017 -0.101 -0.357 -0.767 -1.000 -0.946 -0.933 -0.557 
-1.000 -0.946 -0.933 -0.557 -0.202 -0.044 0.000 0.000 0.000 0.000 -0.044 -0.202 
0.000 0.000 -0.044 -0.202 -0.557 -0.933 -0.946 -1.000 -0.767 -0.357 -0.101 -0.017 
-0.767 -0.357 -0.101 -0.017 0.000 0.000 0.000 -0.017 -0.101 -0.357 -0.767 -1.000 
# 1 4 25 12
-0.948 -0.930 -0.553 -0.199 -0.044 0.000 0.000 0.000 0.000 0.000 0.000 0.000 
-0.957 -0.920 -0.536 -0.189 -0.041 0.000 0.000 0.000 0.000 0.000 0.000 -0.949 
-0.964 -0.909 -0.519 -0.180 -0.038 0.000 0.000 0.000 0.000 0.000 -0.604 -0.957 
-0.971 -0.897 -0.502 -0.170 -0.035 0.000 0.000 0.000 0.000 -0.243 -0.621 -0.965 
-0.978 -0.885 -0.486 -0.162 -0.033 0.000 0.000 0.000 -0.061 -0.254 -0.639 -0.972 
-0.983 -0.872 -0.469 -0.153 -0.030 0.000 0.000 0.000 -0.066 -0.266 -0.656 -0.978 
-0.988 -0.859 -0.453 -0.145 -0.028 0.000 0.000 -0.011 -0.070 -0.279 -0.673 -0.983 
-0.992 -0.846 -0.437 -0.137 -0.026 0.000 0.000 -0.012 -0.075 -0.292 -0.689 -0.988 
-0.995 -0.831 -0.421 -0.129 0.000 0.000 0.000 -0.013 -0.080 -0.305 -0.706 -0.992 
-0.998 -0.817 -0.406 0.000 0.000 0.000 0.000 -0.014 -0.085 -0.318 -0.723 -0.995 
-0.999 -0.802 0.000 0.000 0.000 0.000 0.000 -0.015 -0.090 -0.332 -0.739 -0.998 
-1.000 0.000 0.000 0.000 0.000 0.000 0.000 -0.016 -0.096 -0.346 -0.755 -0.999 
0.000 0.000 0.000 0.000 0.000 0.000 0.000 0.000 0.000 0.000 0.000 0.000 
0.000 0.000 0.000 0.000 0.000 0.000 0.000 0.000 0.000 0.000 0.000 0.000 
0.000 0.000 0.000 0.000 0.000 0.000 0.000 0.000 0.000 0.000 0.000 0.000 
0.000 0.000 0.000 0.000 0.000 0.000 0.000 0.000 0.000 0.000 0.000 0.000 
0.000 0.000 0.000 0.000 0.000 0.000 0.000 0.000 0.000 0.000 0.000 0.000 
0.000 0.000 0.000 0.000 0.000 0.000 0.000 0.000 0.000 0.000 0.000 0.000 
0.000 0.000 0.000 0.000 0.000 0.000 0.000 0.000 0.000 0.000 0.000 0.000 
0.000 0.000 0.000 0.000 0.000 0.000 0.000 0.000 0.000 0.000 0.000 0.000 
0.000 0.000 0.000 0.000 0.000 0.000 0.000 0.000 0.000 0.000 0.000 0.000 
0.000 0.000 0.000 0.000 0.000 0.000 0.000 0.000 0.000 0.000 0.000 0.000 
0.000 0.000 0.000 0.000 0.000 0.000 0.000 0.000 0.000 0.000 0.000 0.000 
0.000 0.000 0.000 0.000 0.000 0.000 0.000 0.000 0.000 0.000 0.000 0.000 
0.000 0.000 0.000 0.000 0.000 0.000 0.000 0.000 0.000 0.000 0.000 0.000 
# 2 0 30 9
0.000 -0.045 -0.272 -0.761 -0.992 -0.602 -0.170 -0.022 0.000 
-0.312 -0.809 -0.977 -0.549 -0.144 -0.018 -0.014 0.000 -0.029 
-0.954 -0.497 -0.121 -0.102 -0.011 0.000 -0.036 -0.236 -0.711 
-0.402 -0.084 0.000 0.000 -0.045 -0.272 -0.761 -0.992 -0.602 
0.000 0.000 -0.056 -0.312 -0.809 -0.977 -0.956 -0.501 -0.122 
-0.069 -0.355 -0.853 -0.890 -0.927 -0.450 -0.102 -0.011 0.000 
-0.447 -0.925 -0.893 -0.402 -0.084 0.000 0.000 -0.045 -0.272 
-0.853 -0.355 -0.069 0.000 0.000 -0.056 -0.068 -0.352 -0.850 
-0.056 0.000 0.000 0.000 -0.083 -0.398 -0.890 -0.927 -0.450 
0.495 0.424 0.358 0.297 0.243 0.694 0.765 0.832 0.890 
0.632 0.706 0.777 0.842 0.899 0.944 0.977 0.996 0.999 
0.907 0.951 0.981 0.998 0.999 0.984 0.972 0.993 1.000 
0.997 0.980 0.976 0.995 1.000 0.988 0.962 0.923 0.871 
0.999 0.985 0.957 0.915 0.862 0.799 0.730 0.657 0.581 
0.852 0.788 0.718 0.644 0.569 0.337 0.401 0.471 0.544 
0.288 0.347 0.413 0.483 0.556 0.632 0.706 0.777 0.842 
0.569 0.644 0.718 0.788 0.852 0.907 0.951 0.981 0.998 
0.862 0.915 0.957 0.985 0.999 0.997 0.980 0.976 0.995 
1.000 0.995 0.976 0.980 0.997 0.999 0.985 0.957 0.915 
0.999 0.998 0.981 0.951 0.907 0.111 0.143 0.181 0.226 
0.089 0.116 0.149 0.188 0.235 0.288 0.347 0.413 0.483 
0.243 0.297 0.358 0.424 0.495 0.569 0.644 0.718 0.788 
0.507 0.581 0.657 0.730 0.799 0.862 0.915 0.957 0.985 
0.810 0.871 0.923 0.962 0.988 1.000 0.995 0.976 0.980 
0.991 1.000 0.993 0.972 0.984 0.025 0.035 0.048 0.064 
0.000 0.000 0.000 0.000 0.000 0.000 0.000 0.000 0.000 
0.000 0.000 0.000 0.000 0.000 0.000 0.000 0.000 0.000 
0.000 0.000 0.000 0.000 0.000 0.000 0.000 0.000 0.000 
0.000 0.000 0.000 0.000 0.000 0.000 0.000 0.000 0.000 
0.000 0.000 0.000 0.000 0.000 0.000 0.000 0.000 0.000 
# 2 1 12 9
0.000 -0.027 -0.195 -0.646 -1.000 -0.721 -0.242 -0.038 0.000 
-0.282 -0.774 -0.990 -0.590 -0.164 -0.021 -0.048 0.000 0.000 
-0.934 -0.460 -0.105 -0.195 -0.027 0.000 -0.015 -0.128 -0.514 
-0.514 -0.128 -0.015 0.000 -0.027 -0.195 -0.646 -1.000 -0.721 
0.000 0.000 -0.048 -0.282 -0.774 -0.990 -0.990 -0.774 -0.282 
-0.080 -0.390 -0.884 -0.721 -1.000 -0.646 -0.195 -0.027 0.000 
-0.342 -0.841 -0.963 -0.514 -0.128 -0.015 0.000 -0.027 -0.195 
-0.884 -0.390 -0.080 0.000 0.000 -0.048 -0.021 -0.164 -0.590 
-0.048 0.000 0.000 0.000 -0.038 -0.242 -0.721 -1.000 -0.646 
1.000 0.991 0.968 0.930 0.881 0.821 0.754 0.681 0.606 
0.327 0.269 0.218 0.175 0.137 0.828 0.887 0.935 0.971 
0.968 0.987 0.999 0.997 0.979 0.946 0.901 0.845 0.781 
# 2 3 8 9
0.000 -0.018 -0.146 -0.560 -1.000 -0.832 -0.323 -0.058 0.000 
0.000 -0.032 0.000 -0.013 -0.117 -0.494 -0.970 -0.888 -0.379 
-0.379 -0.075 -0.265 -0.043 0.000 0.000 -0.093 -0.430 -0.929 
-0.929 -0.936 -0.439 -0.823 -0.315 -0.056 0.000 0.000 -0.073 
-0.073 -0.370 -0.880 -0.975 -0.975 -0.880 -0.370 -0.073 0.000 
0.000 0.000 -0.056 -0.315 -0.823 -0.439 -0.936 -0.929 -0.430 
-0.430 -0.093 0.000 0.000 -0.043 -0.265 -0.075 -0.379 -0.888 
-0.888 -0.970 -0.494 -0.117 -0.013 0.000 -0.032 0.000 -0.058 
# 2 4 25 9
0.000 -0.042 -0.261 -0.746 -0.995 -0.618 -0.179 -0.024 0.000 
-0.110 -0.012 -0.011 0.000 -0.036 -0.232 -0.705 -1.000 -0.660 
-0.840 -0.961 -0.513 -0.127 -0.120 -0.014 0.000 -0.030 -0.205 
0.000 -0.055 -0.308 -0.804 -0.978 -0.555 -0.537 -0.138 -0.017 
-0.397 -0.083 0.000 0.000 -0.046 -0.276 -0.766 -0.990 -0.986 
-0.889 -0.901 -0.917 -0.435 -0.096 0.000 0.000 -0.039 -0.246 
0.000 -0.070 -0.360 -0.375 -0.871 -0.942 -0.475 -0.112 -0.012 
-0.342 -0.065 0.000 0.000 -0.060 -0.064 -0.339 -0.837 -0.963 
-0.472 -0.940 -0.873 -0.378 -0.076 0.000 0.000 0.000 -0.054 
0.000 0.000 0.000 0.000 0.000 0.000 0.000 0.000 0.000 
0.000 0.000 0.000 0.000 0.000 0.000 0.000 0.000 0.000 
0.000 0.000 0.000 0.000 0.000 0.000 0.000 0.000 0.000 
0.000 0.000 0.000 0.000 0.000 0.000 0.000 0.000 0.000 
0.000 0.000 0.000 0.000 0.000 0.000 0.000 0.000 0.000 
0.000 0.000 0.000 0.000 0.000 0.000 0.000 0.000 0.000 
0.000 0.000 0.000 0.000 0.000 0.000 0.000 0.000 0.000 
0.000 0.000 0.000 0.000 0.000 0.000 0.000 0.000 0.000 
0.000 0.000 0.000 0.000 0.000 0.000 0.000 0.000 0.000 
0.000 0.000 0.000 0.000 0.000 0.000 0.000 0.000 0.000 
0.000 0.000 0.000 0.000 0.000 0.000 0.000 0.000 0.000 
0.000 0.000 0.000 0.000 0.000 0.000 0.000 0.000 0.000 
0.000 0.000 0.000 0.000 0.000 0.000 0.000 0.000 0.000 
0.000 0.000 0.000 0.000 0.000 0.000 0.000 0.000 0.000 
0.000 0.000 0.000 0.000 0.000 0.000 0.000 0.000 0.000 
0.000 0.000 0.000 0.000 0.000 0.000 0.000 0.000 0.000 
# 3 0 30 8
-0.985 -0.984 -0.865 -0.670 -0.456 -0.273 -0.144 -0.067 
-0.243 -0.125 -0.998 -0.980 -0.988 -0.876 -0.684 -0.470 
-0.842 -0.641 -0.429 -0.253 -0.949 -0.999 -0.975 -0.991 
-0.995 -0.988 -0.979 -0.854 -0.655 -0.443 -0.780 -0.941 
-0.612 -0.818 -0.963 -0.997 -0.985 -0.984 -0.865 -0.670 
-0.969 -0.830 -0.390 -0.598 -0.806 -0.956 -0.998 -0.980 
-0.974 -0.992 -0.992 -0.974 -0.215 -0.377 -0.583 -0.793 
-0.416 -0.627 -0.830 -0.969 -0.995 -0.988 -0.102 -0.206 
0.000 -0.058 -0.406 -0.956 -0.762 -0.206 -0.019 0.000 
0.000 0.000 -0.058 -0.406 -0.956 -0.762 -0.206 -0.019 
0.000 0.000 0.000 0.000 0.000 0.000 0.000 0.000 
0.000 0.000 0.000 0.000 0.000 0.000 0.000 0.000 
0.000 0.000 0.000 0.000 0.000 0.000 0.000 0.000 
0.000 0.000 0.000 0.000 0.000 0.000 0.000 0.000 
0.000 0.000 0.000 0.000 0.000 0.000 0.000 0.000 
0.000 0.000 0.000 0.000 0.000 0.000 0.000 0.000 
0.000 0.000 0.000 0.000 0.000 0.000 0.000 0.000 
0.000 0.000 0.000 0.000 0.000 0.000 0.000 0.000 
0.000 0.000 0.000 0.000 0.000 0.000 0.000 0.000 
0.000 0.000 0.000 0.000 0.000 0.000 0.000 0.000 
0.000 0.000 0.000 0.000 0.000 0.000 0.000 0.000 
0.000 0.000 0.000 0.000 0.000 0.000 0.000 0.000 
0.000 0.000 0.000 0.000 0.000 0.000 0.000 0.000 
0.000 0.000 0.000 0.000 0.000 0.000 0.000 0.000 
0.000 0.000 0.000 0.000 0.000 0.000 0.000 0.000 
0.000 0.000 0.000 0.000 0.000 0.000 0.000 0.000 
0.000 0.000 0.000 0.000 0.000 0.000 0.000 0.000 
0.000 0.000 0.000 0.000 0.000 0.000 0.000 0.000 
0.000 0.000 0.000 0.000 0.000 0.000 0.000 0.000 
0.000 0.000 0.000 0.000 0.000 0.000 0.000 0.000 
# 3 1 12 8
-0.970 -0.994 -0.897 -0.712 -0.498 -0.306 -0.166 -0.079 
-0.641 -0.429 -0.253 -0.131 -0.994 -0.970 -1.000 -0.941 
-0.941 -1.000 -0.970 -0.994 -0.897 -0.712 -0.498 -0.306 
-0.974 -0.842 -0.641 -0.429 -0.712 -0.897 -0.994 -0.970 
-0.569 -0.780 -0.941 -1.000 -0.970 -0.994 -0.897 -0.712 
-0.992 -0.992 -0.974 -0.842 -0.306 -0.498 -0.712 -0.897 
-0.206 -0.365 -0.569 -0.780 -0.941 -1.000 -0.970 -0.994 
-0.842 -0.974 -0.992 -0.992 -0.079 -0.166 -0.306 -0.498 
0.000 0.000 0.000 0.000 0.000 0.000 0.000 0.000 
0.000 0.000 0.000 0.000 0.000 0.000 0.000 0.000 
0.000 0.000 0.000 0.000 0.000 0.000 0.000 0.000 
0.000 0.000 0.000 0.000 0.000 0.000 0.000 0.000 
# 3 2 9 8
-0.959 -0.998 -0.913 -0.735 -0.521 -0.325 -0.178 -0.086 
-0.970 -0.994 -0.897 -0.712 -0.498 -0.306 -0.166 -0.954 
-0.978 -0.989 -0.880 -0.689 -0.474 -0.288 -0.822 -0.965 
-0.986 -0.982 -0.862 -0.665 -0.452 -0.641 -0.842 -0.974 
-0.992 -0.974 -0.842 -0.641 -0.452 -0.665 -0.862 -0.982 
-0.996 -0.965 -0.822 -0.288 -0.474 -0.689 -0.880 -0.989 
-0.999 -0.954 -0.166 -0.306 -0.498 -0.712 -0.897 -0.994 
-1.000 -0.086 -0.178 -0.325 -0.521 -0.735 -0.913 -0.998 
0.000 0.000 0.000 0.000 0.000 0.000 0.000 0.000 
# 3 4 25 8
-0.983 -0.985 -0.870 -0.675 -0.462 -0.278 -0.147 -0.068 
-0.985 -0.983 -0.863 -0.667 -0.453 -0.271 -0.143 -1.000 
-0.988 -0.980 -0.856 -0.658 -0.445 -0.265 -0.933 -1.000 
-0.990 -0.977 -0.849 -0.650 -0.437 -0.775 -0.938 -1.000 
-0.992 -0.974 -0.842 -0.641 -0.572 -0.783 -0.943 -1.000 
-0.993 -0.971 -0.835 -0.375 -0.580 -0.790 -0.948 -1.000 
-0.995 -0.968 -0.219 -0.382 -0.589 -0.798 -0.952 -0.999 
-0.996 -0.113 -0.224 -0.390 -0.598 -0.806 -0.956 -0.998 
0.000 0.000 0.000 0.000 0.000 0.000 0.000 0.000 
0.000 0.000 0.000 0.000 0.000 0.000 0.000 0.000 
0.000 0.000 0.000 0.000 0.000 0.000 0.000 0.000 
0.000 0.000 0.000 0.000 0.000 0.000 0.000 0.000 
0.000 0.000 0.000 0.000 0.000 0.000 0.000 0.000 
0.000 0.000 0.000 0.000 0.000 0.000 0.000 0.000 
0.000 0.000 0.000 0.000 0.000 0.000 0.000 0.000 
0.000 0.000 0.000 0.000 0.000 0.000 0.000 0.000 
0.000 0.000 0.000 0.000 0.000 0.000 0.000 0.000 
0.000 0.000 0.000 0.000 0.000 0.000 0.000 0.000 
0.000 0.000 0.000 0.000 0.000 0.000 0.000 0.000 
0.000 0.000 0.000 0.000 0.000 0.000 0.000 0.000 
0.000 0.000 0.000 0.000 0.000 0.000 0.000 0.000 
0.000 0.000 0.000 0.000 0.000 0.000 0.000 0.000 
0.000 0.000 0.000 0.000 0.000 0.000 0.000 0.000 
0.000 0.000 0.000 0.000 0.000 0.000 0.000 0.000 
0.000 0.000 0.000 0.000 0.000 0.000 0.000 0.000 
# 4 0 30 25
0.988 0.989 0.900 0.744 0.559 0.382 0.237 0.134 0.069 0.032 0.014 0.000 0.000 0.000 0.000 0.000 0.000 0.000 0.000 0.000 0.000 0.000 0.000 0.000 0.000 
0.528 0.355 0.217 0.121 0.061 0.028 0.012 0.000 0.000 0.000 0.000 0.000 0.000 0.000 0.000 0.000 0.000 0.000 0.000 0.000 0.954 1.000 0.999 0.968 0.853 
0.054 0.024 0.000 0.000 0.000 0.000 0.000 0.000 0.000 0.000 0.000 0.000 0.000 0.000 0.000 0.853 0.968 0.999 1.000 0.954 0.828 0.653 0.468 0.305 0.180 
0.000 0.000 0.000 0.000 0.000 0.000 0.000 0.000 0.000 0.000 0.714 0.877 0.980 0.994 0.999 0.938 0.801 0.622 0.438 0.281 0.164 0.087 0.042 0.018 0.000 
0.000 0.000 0.000 0.000 0.000 0.559 0.744 0.900 0.989 0.988 0.995 0.920 0.773 0.590 0.410 0.259 0.148 0.077 0.037 0.016 0.000 0.000 0.000 0.000 0.000 
0.410 0.590 0.773 0.920 0.995 0.988 0.989 0.900 0.744 0.559 0.382 0.237 0.134 0.069 0.032 0.014 0.000 0.000 0.000 0.000 0.000 0.000 0.000 0.000 0.000 
0.999 0.994 0.980 0.877 0.714 0.528 0.355 0.217 0.121 0.061 0.028 0.012 0.000 0.000 0.000 0.000 0.000 0.000 0.000 0.000 0.180 0.305 0.468 0.653 0.828 
0.684 0.498 0.329 0.198 0.108 0.054 0.024 0.000 0.000 0.000 0.000 0.000 0.000 0.000 0.000 0.108 0.198 0.329 0.498 0.684 0.853 0.968 0.999 1.000 0.954 
0.097 0.048 0.021 0.000 0.000 0.000 0.000 0.000 0.000 0.000 0.061 0.121 0.217 0.355 0.528 0.714 0.877 0.980 0.994 0.999 0.938 0.801 0.622 0.438 0.281 
0.000 0.000 0.000 0.000 0.000 0.032 0.069 0.134 0.237 0.382 0.559 0.744 0.900 0.989 0.988 0.995 0.920 0.773 0.590 0.410 0.259 0.148 0.077 0.037 0.016 
0.016 0.037 0.077 0.148 0.259 0.410 0.590 0.773 0.920 0.995 0.988 0.989 0.900 0.744 0.559 0.382 0.237 0.134 0.069 0.032 0.014 0.000 0.000 0.000 0.000 
0.281 0.438 0.622 0.801 0.938 0.999 0.994 0.980 0.877 0.714 0.528 0.355 0.217 0.121 0.061 0.028 0.012 0.000 0.000 0.000 0.000 0.000 0.021 0.048 0.097 
0.954 1.000 0.999 0.968 0.853 0.684 0.498 0.329 0.198 0.108 0.054 0.024 0.000 0.000 0.000 0.000 0.000 0.000 0.024 0.054 0.108 0.198 0.329 0.498 0.684 
0.828 0.653 0.468 0.305 0.180 0.097 0.048 0.021 0.000 0.000 0.000 0.000 0.000 0.012 0.028 0.061 0.121 0.217 0.355 0.528 0.714 0.877 0.980 0.994 0.999 
0.164 0.087 0.042 0.018 0.000 0.000 0.000 0.000 0.000 0.014 0.032 0.069 0.134 0.237 0.382 0.559 0.744 0.900 0.989 0.988 0.995 0.920 0.773 0.590 0.410 
0.000 0.000 0.000 0.000 0.000 0.016 0.037 0.077 0.148 0.259 0.410 0.590 0.773 0.920 0.995 0.988 0.989 0.900 0.744 0.559 0.382 0.237 0.134 0.069 0.032 
0.000 0.018 0.042 0.087 0.164 0.281 0.438 0.622 0.801 0.938 0.999 0.994 0.980 0.877 0.714 0.528 0.355 0.217 0.121 0.061 0.000 0.000 0.000 0.000 0.000 
0.180 0.305 0.468 0.653 0.828 0.954 1.000 0.999 0.968 0.853 0.684 0.498 0.329 0.198 0.108 0.000 0.000 0.000 0.000 0.000 0.000 0.000 0.000 0.024 0.054 
0.853 0.968 0.999 1.000 0.954 0.828 0.653 0.468 0.305 0.180 0.000 0.000 0.000 0.000 0.000 0.000 0.000 0.000 0.012 0.028 0.061 0.121 0.217 0.355 0.528 
0.938 0.801 0.622 0.438 0.281 0.000 0.000 0.000 0.000 0.000 0.000 0.000 0.000 0.000 0.014 0.032 0.069 0.134 0.237 0.382 0.559 0.744 0.900 0.989 0.988 
0.000 0.000 0.000 0.000 0.000 0.000 0.000 0.000 0.000 0.000 0.016 0.037 0.077 0.148 0.259 0.410 0.590 0.773 0.920 0.995 0.988 0.989 0.900 0.744 0.559 
0.000 0.000 0.000 0.000 0.000 0.000 0.018 0.042 0.087 0.164 0.281 0.438 0.622 0.801 0.938 0.999 0.994 0.980 0.877 0.714 0.000 0.000 0.000 0.000 0.000 
0.000 0.000 0.021 0.048 0.097 0.180 0.305 0.468 0.653 0.828 0.954 1.000 0.999 0.968 0.853 0.000 0.000 0.000 0.000 0.000 0.000 0.000 0.000 0.000 0.000 
0.108 0.198 0.329 0.498 0.684 0.853 0.968 0.999 1.000 0.954 0.000 0.000 0.000 0.000 0.000 0.000 0.000 0.000 0.000 0.000 0.000 0.000 0.000 0.012 0.028 
0.714 0.877 0.980 0.994 0.999 0.000 0.000 0.000 0.000 0.000 0.000 0.000 0.000 0.000 0.000 0.000 0.000 0.000 0.000 0.014 0.032 0.069 0.134 0.237 0.382 
0.000 0.000 0.000 0.000 0.000 0.000 0.000 0.000 0.000 0.000 0.000 0.000 0.000 0.000 0.000 0.000 0.000 0.000 0.000 0.000 0.000 0.000 0.000 0.000 0.000 
0.000 0.000 0.000 0.000 0.000 0.000 0.000 0.000 0.000 0.000 0.000 0.000 0.000 0.000 0.000 0.000 0.000 0.000 0.000 0.000 0.000 0.000 0.000 0.000 0.000 
0.000 0.000 0.000 0.000 0.000 0.000 0.000 0.000 0.000 0.000 0.000 0.000 0.000 0.000 0.000 0.000 0.000 0.000 0.000 0.000 0.000 0.000 0.000 0.000 0.000 
0.000 0.000 0.000 0.000 0.000 0.000 0.000 0.000 0.000 0.000 0.000 0.000 0.000 0.000 0.000 0.000 0.000 0.000 0.000 0.000 0.000 0.000 0.000 0.000 0.000 
0.000 0.000 0.000 0.000 0.000 0.000 0.000 0.000 0.000 0.000 0.000 0.000 0.000 0.000 0.000 0.000 0.000 0.000 0.000 0.000 0.000 0.000 0.000 0.000 0.000 
# 4 1 12 25
1.000 0.999 0.965 0.847 0.676 0.490 0.323 0.194 0.105 0.052 0.024 0.000 0.000 0.000 0.000 0.000 0.000 0.000 0.000 0.000 0.000 0.000 0.000 0.000 0.000 
0.000 0.000 0.000 0.000 0.000 0.000 0.000 0.000 0.000 0.000 0.000 0.000 0.000 0.821 0.951 1.000 0.998 0.971 0.859 0.691 0.505 0.336 0.203 0.111 0.056 
0.000 0.821 0.951 1.000 0.998 0.971 0.859 0.691 0.505 0.336 0.203 0.111 0.056 0.025 0.010 0.000 0.000 0.000 0.000 0.000 0.000 0.000 0.000 0.000 0.000 
0.056 0.025 0.010 0.000 0.000 0.000 0.000 0.000 0.000 0.000 0.000 0.000 0.000 0.000 0.446 0.629 0.808 0.942 0.999 0.996 0.977 0.871 0.707 0.521 0.349 
0.000 0.000 0.446 0.629 0.808 0.942 0.999 0.996 0.977 0.871 0.707 0.521 0.349 0.212 0.118 0.059 0.027 0.011 0.000 0.000 0.000 0.000 0.000 0.000 0.000 
0.349 0.212 0.118 0.059 0.027 0.011 0.000 0.000 0.000 0.000 0.000 0.000 0.000 0.000 0.000 0.160 0.275 0.431 0.614 0.794 0.934 0.998 0.993 0.982 0.883 
0.000 0.000 0.000 0.160 0.275 0.431 0.614 0.794 0.934 0.998 0.993 0.982 0.883 0.722 0.536 0.362 0.222 0.124 0.063 0.029 0.012 0.000 0.000 0.000 0.000 
0.883 0.722 0.536 0.362 0.222 0.124 0.063 0.029 0.012 0.000 0.000 0.000 0.000 0.000 0.000 0.000 0.038 0.080 0.152 0.264 0.417 0.598 0.780 0.925 0.996 
0.000 0.000 0.000 0.000 0.038 0.080 0.152 0.264 0.417 0.598 0.780 0.925 0.996 0.990 0.987 0.894 0.737 0.551 0.375 0.232 0.131 0.067 0.031 0.013 0.000 
0.996 0.990 0.987 0.894 0.737 0.551 0.375 0.232 0.131 0.067 0.031 0.013 0.000 0.000 0.000 0.000 0.000 0.000 0.015 0.035 0.075 0.145 0.253 0.403 0.583 
0.000 0.000 0.000 0.000 0.000 0.000 0.015 0.035 0.075 0.145 0.253 0.403 0.583 0.766 0.915 0.994 0.986 0.991 0.905 0.751 0.567 0.389 0.243 0.137 0.071 
0.583 0.766 0.915 0.994 0.986 0.991 0.905 0.751 0.567 0.389 0.243 0.137 0.071 0.033 0.014 0.000 0.000 0.000 0.000 0.000 0.000 0.014 0.033 0.071 0.137 
# 4 2 9 25
0.996 0.989 0.987 0.896 0.739 0.554 0.378 0.234 0.132 0.067 0.031 0.013 0.000 0.000 0.000 0.000 0.000 0.000 0.000 0.000 0.000 0.000 0.000 0.000 0.000 
0.067 0.031 0.013 0.000 0.000 0.000 0.000 0.000 0.000 0.000 0.000 0.000 0.000 0.000 0.000 0.000 0.637 0.815 0.947 1.000 0.997 0.974 0.866 0.699 0.513 
0.000 0.000 0.000 0.000 0.000 0.000 0.000 0.637 0.815 0.947 1.000 0.997 0.974 0.866 0.699 0.513 0.342 0.208 0.114 0.057 0.026 0.011 0.000 0.000 0.000 
0.947 1.000 0.997 0.974 0.866 0.699 0.513 0.342 0.208 0.114 0.057 0.026 0.011 0.000 0.000 0.000 0.000 0.000 0.000 0.000 0.000 0.000 0.000 0.195 0.325 
0.114 0.057 0.026 0.011 0.000 0.000 0.000 0.000 0.000 0.000 0.000 0.000 0.000 0.000 0.195 0.325 0.493 0.679 0.849 0.966 0.999 1.000 0.957 0.832 0.658 
0.000 0.000 0.000 0.000 0.000 0.195 0.325 0.493 0.679 0.849 0.966 0.999 1.000 0.957 0.832 0.658 0.473 0.309 0.183 0.099 0.049 0.022 0.000 0.000 0.000 
0.849 0.966 0.999 1.000 0.957 0.832 0.658 0.473 0.309 0.183 0.099 0.049 0.022 0.000 0.000 0.000 0.000 0.000 0.000 0.000 0.000 0.029 0.062 0.123 0.220 
0.183 0.099 0.049 0.022 0.000 0.000 0.000 0.000 0.000 0.000 0.000 0.000 0.029 0.062 0.123 0.220 0.360 0.533 0.719 0.881 0.981 0.994 0.998 0.935 0.796 
0.000 0.000 0.000 0.029 0.062 0.123 0.220 0.360 0.533 0.719 0.881 0.981 0.994 0.998 0.935 0.796 0.616 0.434 0.277 0.161 0.085 0.041 0.018 0.000 0.000 
# 4 3 8 25
0.990 0.987 0.994 0.917 0.769 0.586 0.406 0.256 0.146 0.076 0.036 0.015 0.000 0.000 0.000 0.000 0.000 0.000 0.000 0.000 0.000 0.000 0.000 0.000 0.000 
0.146 0.076 0.036 0.015 0.000 0.000 0.000 0.000 0.000 0.000 0.000 0.000 0.000 0.000 0.000 0.000 0.000 0.540 0.725 0.886 0.983 0.992 0.998 0.932 0.791 
0.000 0.000 0.000 0.000 0.000 0.000 0.000 0.000 0.000 0.540 0.725 0.886 0.983 0.992 0.998 0.932 0.791 0.610 0.428 0.273 0.158 0.083 0.040 0.017 0.000 
0.000 0.540 0.725 0.886 0.983 0.992 0.998 0.932 0.791 0.610 0.428 0.273 0.158 0.083 0.040 0.017 0.000 0.000 0.000 0.000 0.000 0.000 0.000 0.000 0.000 
0.791 0.610 0.428 0.273 0.158 0.083 0.040 0.017 0.000 0.000 0.000 0.000 0.000 0.000 0.000 0.000 0.000 0.000 0.116 0.210 0.345 0.517 0.703 0.869 0.976 
0.000 0.000 0.000 0.000 0.000 0.000 0.000 0.000 0.000 0.000 0.116 0.210 0.345 0.517 0.703 0.869 0.976 0.996 1.000 0.945 0.811 0.633 0.449 0.290 0.170 
0.000 0.000 0.116 0.210 0.345 0.517 0.703 0.869 0.976 0.996 1.000 0.945 0.811 0.633 0.449 0.290 0.170 0.091 0.044 0.019 0.000 0.000 0.000 0.000 0.000 
0.976 0.996 1.000 0.945 0.811 0.633 0.449 0.290 0.170 0.091 0.044 0.019 0.000 0.000 0.000 0.000 0.000 0.000 0.000 0.000 0.024 0.053 0.107 0.196 0.326 
# 5 0 30 10
0.811 0.995 0.919 0.639 0.334 0.132 0.039 0.000 0.000 0.000 
0.896 0.811 0.995 0.919 0.639 0.334 0.132 0.039 0.000 0.000 
1.000 0.896 0.811 0.995 0.919 0.639 0.334 0.132 0.039 0.000 
0.840 1.000 0.896 0.811 0.995 0.919 0.639 0.334 0.132 0.039 
0.531 0.840 1.000 0.896 0.811 0.995 0.919 0.639 0.334 0.132 
0.253 0.531 0.840 1.000 0.896 0.811 0.995 0.919 0.639 0.334 
0.091 0.253 0.531 0.840 1.000 0.896 0.811 0.995 0.919 0.639 
0.024 0.091 0.253 0.531 0.840 1.000 0.896 0.811 0.995 0.919 
0.000 0.024 0.091 0.253 0.531 0.840 1.000 0.896 0.811 0.995 
0.000 0.000 0.024 0.091 0.253 0.531 0.840 1.000 0.896 0.811 
0.000 0.000 0.000 0.000 0.000 0.000 0.000 0.000 0.000 0.000 
0.000 0.000 0.000 0.000 0.000 0.000 0.000 0.000 0.000 0.000 
0.000 0.000 0.000 0.000 0.000 0.000 0.000 0.000 0.000 0.000 
0.000 0.000 0.000 0.000 0.000 0.000 0.000 0.000 0.000 0.000 
0.000 0.000 0.000 0.000 0.000 0.000 0.000 0.000 0.000 0.000 
0.000 0.000 0.000 0.000 0.000 0.000 0.000 0.000 0.000 0.000 
0.000 0.000 0.000 0.000 0.000 0.000 0.000 0.000 0.000 0.000 
0.000 0.000 0.000 0.000 0.000 0.000 0.000 0.000 0.000 0.000 
0.000 0.000 0.000 0.000 0.000 0.000 0.000 0.000 0.000 0.000 
0.000 0.000 0.000 0.000 0.000 0.000 0.000 0.000 0.000 0.000 
0.000 0.000 0.000 0.000 0.000 0.000 0.000 0.000 0.000 0.000 
0.000 0.000 0.000 0.000 0.000 0.000 0.000 0.000 0.000 0.000 
0.000 0.000 0.000 0.000 0.000 0.000 0.000 0.000 0.000 0.000 
0.000 0.000 0.000 0.000 0.000 0.000 0.000 0.000 0.000 0.000 
0.000 0.000 0.000 0.000 0.000 0.000 0.000 0.000 0.000 0.000 
0.000 0.000 0.000 0.000 0.000 0.000 0.000 0.000 0.000 0.000 
0.000 0.000 0.000 0.000 0.000 0.000 0.000 0.000 0.000 0.000 
0.000 0.000 0.000 0.000 0.000 0.000 0.000 0.000 0.000 0.000 
0.000 0.000 0.000 0.000 0.000 0.000 0.000 0.000 0.000 0.000 
0.000 0.000 0.000 0.000 0.000 0.000 0.000 0.000 0.000 0.000 
# 5 1 12 10
0.000 0.000 0.000 0.000 0.000 0.000 0.000 0.000 0.000 0.000 
0.000 0.000 0.000 0.000 0.000 0.000 0.000 0.000 0.000 0.000 
0.000 0.000 0.000 0.000 0.000 0.000 0.000 0.000 0.000 0.000 
0.000 0.000 0.000 0.000 0.000 0.000 0.000 0.000 0.000 0.000 
0.000 0.000 0.000 0.000 0.000 0.000 0.000 0.000 0.000 0.000 
0.000 0.000 0.000 0.000 0.000 0.000 0.000 0.000 0.000 0.000 
0.000 0.000 0.000 0.000 0.000 0.000 0.000 0.000 0.000 0.000 
0.000 0.000 0.000 0.000 0.000 0.000 0.000 0.000 0.000 0.000 
0.000 0.000 0.000 0.000 0.000 0.000 0.000 0.000 0.000 0.000 
0.000 0.000 0.000 0.000 0.000 0.000 0.000 0.000 0.000 0.000 
0.000 0.000 0.000 0.000 0.000 0.000 0.000 0.000 0.000 0.000 
0.000 0.000 0.000 0.000 0.000 0.000 0.000 0.000 0.000 0.000 
# 5 2 9 10
0.000 0.000 0.000 0.000 0.000 0.000 0.000 0.000 0.000 0.000 
0.000 0.000 0.000 0.000 0.000 0.000 0.000 0.000 0.000 0.000 
0.000 0.000 0.000 0.000 0.000 0.000 0.000 0.000 0.000 0.000 
0.000 0.000 0.000 0.000 0.000 0.000 0.000 0.000 0.000 0.000 
0.000 0.000 0.000 0.000 0.000 0.000 0.000 0.000 0.000 0.000 
0.000 0.000 0.000 0.000 0.000 0.000 0.000 0.000 0.000 0.000 
0.000 0.000 0.000 0.000 0.000 0.000 0.000 0.000 0.000 0.000 
0.000 0.000 0.000 0.000 0.000 0.000 0.000 0.000 0.000 0.000 
0.000 0.000 0.000 0.000 0.000 0.000 0.000 0.000 0.000 0.000 
# 5 3 8 10
0.000 0.000 0.000 0.000 0.000 0.000 0.000 0.000 0.000 0.000 
0.000 0.000 0.000 0.000 0.000 0.000 0.000 0.000 0.000 0.000 
0.000 0.000 0.000 0.000 0.000 0.000 0.000 0.000 0.000 0.000 
0.000 0.000 0.000 0.000 0.000 0.000 0.000 0.000 0.000 0.000 
0.000 0.000 0.000 0.000 0.000 0.000 0.000 0.000 0.000 0.000 
0.000 0.000 0.000 0.000 0.000 0.000 0.000 0.000 0.000 0.000 
0.000 0.000 0.000 0.000 0.000 0.000 0.000 0.000 0.000 0.000 
0.000 0.000 0.000 0.000 0.000 0.000 0.000 0.000 0.000 0.000 
# 5 4 25 10
0.000 0.000 0.000 0.000 0.000 0.000 0.000 0.000 0.000 0.000 
0.000 0.000 0.000 0.000 0.000 0.000 0.000 0.000 0.000 0.000 
0.000 0.000 0.000 0.000 0.000 0.000 0.000 0.000 0.000 0.000 
0.000 0.000 0.000 0.000 0.000 0.000 0.000 0.000 0.000 0.000 
0.000 0.000 0.000 0.000 0.000 0.000 0.000 0.000 0.000 0.000 
0.000 0.000 0.000 0.000 0.000 0.000 0.000 0.000 0.000 0.000 
0.000 0.000 0.000 0.000 0.000 0.000 0.000 0.000 0.000 0.000 
0.000 0.000 0.000 0.000 0.000 0.000 0.000 0.000 0.000 0.000 
0.000 0.000 0.000 0.000 0.000 0.000 0.000 0.000 0.000 0.000 
0.000 0.000 0.000 0.000 0.000 0.000 0.000 0.000 0.000 0.000 
0.000 0.000 0.000 0.000 0.000 0.000 0.000 0.000 0.000 0.000 
0.000 0.000 0.000 0.000 0.000 0.000 0.000 0.000 0.000 0.000 
0.000 0.000 0.000 0.000 0.000 0.000 0.000 0.000 0.000 0.000 
0.000 0.000 0.000 0.000 0.000 0.000 0.000 0.000 0.000 0.000 
0.000 0.000 0.000 0.000 0.000 0.000 0.000 0.000 0.000 0.000 
0.000 0.000 0.000 0.000 0.000 0.000 0.000 0.000 0.000 0.000 
0.000 0.000 0.000 0.000 0.000 0.000 0.000 0.000 0.000 0.000 
0.000 0.000 0.000 0.000 0.000 0.000 0.000 0.000 0.000 0.000 
0.000 0.000 0.000 0.000 0.000 0.000 0.000 0.000 0.000 0.000 
0.000 0.000 0.000 0.000 0.000 0.000 0.000 0.000 0.000 0.000 
0.000 0.000 0.000 0.000 0.000 0.000 0.000 0.000 0.000 0.000 
0.000 0.000 0.000 0.000 0.000 0.000 0.000 0.000 0.000 0.000 
0.000 0.000 0.000 0.000 0.000 0.000 0.000 0.000 0.000 0.000 
0.000 0.000 0.000 0.000 0.000 0.000 0.000 0.000 0.000 0.000 
0.000 0.000 0.000 0.000 0.000 0.000 0.000 0.000 0.000 0.000 
