2.239982
2
# 0 1 10 30
0.000 0.000 0.000 0.043 0.299 0.856 1.000 0.477 0.093 0.000 0.000 0.000 0.000 0.000 0.000 0.000 0.000 0.000 0.000 0.000 0.000 0.000 0.000 0.000 0.000 0.000 0.000 0.000 0.000 0.000 
0.000 0.000 0.000 0.000 0.000 0.000 0.000 0.000 0.000 0.000 0.000 0.000 0.000 0.000 0.000 0.000 0.000 0.000 0.000 0.000 0.856 0.299 0.043 0.000 0.000 0.000 0.043 0.299 0.856 1.000 
0.000 0.000 0.000 0.000 0.000 0.000 0.000 0.000 0.000 0.000 0.856 0.299 0.043 0.000 0.000 0.000 0.043 0.299 0.856 1.000 0.477 0.093 0.000 0.000 0.000 0.000 0.000 0.000 0.000 0.000 
0.856 0.299 0.043 0.000 0.000 0.000 0.043 0.299 0.856 1.000 0.477 0.093 0.000 0.000 0.000 0.000 0.000 0.000 0.000 0.000 0.000 0.000 0.000 0.000 0.000 0.000 0.000 0.000 0.000 0.000 
0.477 0.093 0.000 0.000 0.000 0.000 0.000 0.000 0.000 0.000 0.000 0.000 0.000 0.000 0.000 0.000 0.000 0.000 0.000 0.000 0.093 0.477 1.000 0.856 0.299 0.043 0.000 0.000 0.000 0.043 
0.000 0.000 0.000 0.000 0.000 0.000 0.000 0.000 0.000 0.000 0.093 0.477 1.000 0.856 0.299 0.043 0.000 0.000 0.000 0.043 0.299 0.856 1.000 0.477 0.093 0.000 0.000 0.000 0.000 0.000 
0.093 0.477 1.000 0.856 0.299 0.043 0.000 0.000 0.000 0.043 0.299 0.856 1.000 0.477 0.093 0.000 0.000 0.000 0.000 0.000 0.000 0.000 0.000 0.000 0.000 0.000 0.000 0.000 0.000 0.000 
0.299 0.856 1.000 0.477 0.093 0.000 0.000 0.000 0.000 0.000 0.000 0.000 0.000 0.000 0.000 0.000 0.000 0.000 0.000 0.000 0.000 0.000 0.000 0.093 0.477 1.000 0.856 0.299 0.043 0.000 
0.000 0.000 0.000 0.000 0.000 0.000 0.000 0.000 0.000 0.000 0.000 0.000 0.000 0.093 0.477 1.000 0.856 0.299 0.043 0.000 0.000 0.000 0.043 0.299 0.856 1.000 0.477 0.093 0.000 0.000 
0.000 0.000 0.000 0.093 0.477 1.000 0.856 0.299 0.043 0.000 0.000 0.000 0.043 0.299 0.856 1.000 0.477 0.093 0.000 0.000 0.000 0.000 0.000 0.000 0.000 0.000 0.000 0.000 0.000 0.000 
# 1 0 30 10
1.000 0.582 0.144 0.015 0.000 0.000 0.000 0.000 0.000 0.000 
0.918 1.000 0.582 0.144 0.015 0.000 0.000 0.000 0.000 0.000 
0.402 0.918 1.000 0.582 0.144 0.015 0.000 0.000 0.000 0.000 
0.075 0.402 0.918 1.000 0.582 0.144 0.015 0.000 0.000 0.000 
0.000 0.075 0.402 0.918 1.000 0.582 0.144 0.015 0.000 0.000 
0.000 0.000 0.075 0.402 0.918 1.000 0.582 0.144 0.015 0.000 
0.000 0.000 0.000 0.075 0.402 0.918 1.000 0.582 0.144 0.015 
0.000 0.000 0.000 0.000 0.075 0.402 0.918 1.000 0.582 0.144 
0.000 0.000 0.000 0.000 0.000 0.075 0.402 0.918 1.000 0.582 
0.000 0.000 0.000 0.000 0.000 0.000 0.075 0.402 0.918 1.000 
0.887 0.931 0.965 0.988 0.999 0.998 0.984 0.959 0.923 0.877 
0.990 1.000 0.997 0.981 0.955 0.917 0.870 0.815 0.969 0.990 
0.979 0.950 0.911 0.863 0.941 0.972 0.992 1.000 0.995 0.979 
0.905 0.946 0.975 0.994 1.000 0.994 0.975 0.946 0.905 0.856 
0.995 1.000 0.992 0.972 0.941 0.899 0.849 0.791 0.729 0.663 
0.969 0.936 0.893 0.842 0.783 0.720 0.654 0.631 0.698 0.763 
0.834 0.775 0.711 0.645 0.640 0.707 0.771 0.830 0.883 0.928 
0.636 0.649 0.716 0.779 0.838 0.890 0.933 0.967 0.989 0.999 
0.787 0.845 0.896 0.938 0.970 0.991 0.591 0.658 0.725 0.787 
0.943 0.974 0.533 0.600 0.667 0.733 0.795 0.852 0.902 0.943 
0.609 0.676 0.742 0.803 0.860 0.908 0.948 0.977 0.995 1.000 
0.811 0.867 0.914 0.952 0.980 0.996 1.000 0.991 0.970 0.938 
0.957 0.983 0.997 0.999 0.989 0.967 0.933 0.890 0.838 0.779 
0.999 0.987 0.963 0.928 0.883 0.830 0.771 0.707 0.640 0.645 
0.923 0.877 0.823 0.763 0.698 0.631 0.654 0.720 0.235 0.282 
0.754 0.689 0.622 0.663 0.198 0.241 0.289 0.342 0.400 0.463 
0.000 0.000 0.000 0.000 0.000 0.000 0.000 0.000 0.000 0.000 
0.000 0.000 0.000 0.000 0.000 0.000 0.000 0.000 0.000 0.000 
0.000 0.000 0.000 0.000 0.000 0.000 0.000 0.000 0.000 0.000 
0.000 0.000 0.000 0.000 0.000 0.000 0.000 0.000 0.000 0.000 
