2.250618
6
# 0 1 17 30
0.167 0.262 0.855 0.874 0.280 0.028 0.000 0.000 0.000 0.000 0.000 0.000 0.000 0.000 0.000 0.000 0.000 0.000 0.000 0.000 0.000 0.000 0.000 0.000 0.000 0.000 0.000 0.000 0.000 0.000 
0.000 0.000 0.000 0.000 0.000 0.000 0.000 0.000 0.000 0.000 0.000 0.000 0.000 1.000 0.566 0.100 0.384 0.954 0.742 0.181 0.014 0.000 0.000 0.000 0.000 0.000 0.000 0.000 0.000 0.000 
0.954 0.742 0.181 0.014 0.000 0.000 0.000 0.000 0.000 0.000 0.000 0.000 0.000 0.000 0.000 0.000 0.000 0.000 0.000 0.000 0.000 0.000 0.000 0.000 0.000 0.000 0.160 0.706 0.971 0.418 
0.000 0.000 0.000 0.000 0.000 0.000 0.000 0.000 0.000 0.160 0.706 0.971 0.418 0.087 0.528 0.999 0.591 0.110 0.000 0.000 0.000 0.000 0.000 0.000 0.000 0.000 0.000 0.000 0.000 0.000 
0.110 0.000 0.000 0.000 0.000 0.000 0.000 0.000 0.000 0.000 0.000 0.000 0.000 0.000 0.000 0.000 0.000 0.000 0.000 0.000 0.000 0.000 0.000 0.024 0.252 0.844 0.884 0.290 0.148 0.681 
0.000 0.000 0.000 0.000 0.000 0.000 0.024 0.252 0.844 0.884 0.290 0.148 0.681 0.980 0.441 0.062 0.000 0.000 0.000 0.000 0.000 0.000 0.000 0.000 0.000 0.000 0.000 0.000 0.000 0.000 
0.000 0.000 0.000 0.000 0.000 0.000 0.000 0.000 0.000 0.000 0.000 0.000 0.000 0.000 0.000 0.000 0.000 0.000 0.000 0.000 0.000 0.046 0.372 0.948 0.755 0.188 0.236 0.824 0.902 0.309 
0.000 0.000 0.000 0.000 0.046 0.372 0.948 0.755 0.188 0.236 0.824 0.902 0.309 0.033 0.000 0.000 0.000 0.000 0.000 0.000 0.000 0.000 0.000 0.000 0.000 0.000 0.000 0.000 0.000 0.000 
0.000 0.000 0.000 0.000 0.000 0.000 0.000 0.000 0.000 0.000 0.000 0.000 0.000 0.000 0.000 0.000 0.000 0.000 0.000 0.083 0.515 0.997 0.605 0.115 0.351 0.934 0.778 0.203 0.017 0.000 
0.000 0.000 0.083 0.515 0.997 0.605 0.115 0.351 0.934 0.778 0.203 0.017 0.000 0.000 0.000 0.000 0.000 0.000 0.000 0.000 0.000 0.000 0.000 0.000 0.000 0.000 0.000 0.000 0.000 0.000 
0.000 0.000 0.000 0.000 0.000 0.000 0.000 0.000 0.000 0.000 0.000 0.000 0.000 0.000 0.000 0.000 0.000 0.142 0.668 0.984 0.454 0.076 0.491 0.993 0.630 0.125 0.000 0.000 0.000 0.000 
0.142 0.668 0.984 0.454 0.076 0.491 0.993 0.630 0.125 0.000 0.000 0.000 0.000 0.000 0.000 0.000 0.000 0.000 0.000 0.000 0.000 0.000 0.000 0.000 0.000 0.000 0.000 0.000 0.000 0.000 
0.000 0.000 0.000 0.000 0.000 0.000 0.000 0.000 0.000 0.000 0.000 0.000 0.000 0.000 0.020 0.227 0.812 0.911 0.320 0.131 0.643 0.991 0.478 0.072 0.000 0.000 0.000 0.000 0.000 0.000 
0.911 0.320 0.131 0.643 0.991 0.478 0.072 0.000 0.000 0.000 0.000 0.000 0.000 0.000 0.000 0.000 0.000 0.000 0.000 0.000 0.000 0.000 0.000 0.000 0.000 0.000 0.000 0.000 0.000 0.039 
0.000 0.000 0.000 0.000 0.000 0.000 0.000 0.000 0.000 0.000 0.000 0.000 0.039 0.340 0.926 0.790 0.211 0.211 0.790 0.926 0.340 0.039 0.000 0.000 0.000 0.000 0.000 0.000 0.000 0.000 
0.211 0.790 0.926 0.340 0.039 0.000 0.000 0.000 0.000 0.000 0.000 0.000 0.000 0.000 0.000 0.000 0.000 0.000 0.000 0.000 0.000 0.000 0.000 0.000 0.000 0.000 0.000 0.072 0.478 0.991 
0.000 0.000 0.000 0.000 0.000 0.000 0.000 0.000 0.000 0.000 0.072 0.478 0.991 0.643 0.131 0.320 0.911 0.812 0.227 0.020 0.000 0.000 0.000 0.000 0.000 0.000 0.000 0.000 0.000 0.000 
# 0 2 18 30
0.153 0.288 0.889 0.859 0.260 0.025 0.000 0.000 0.000 0.000 0.000 0.000 0.000 0.000 0.000 0.000 0.000 0.000 0.000 0.000 0.000 0.000 0.000 0.000 0.000 0.000 0.000 0.000 0.000 0.000 
0.000 0.000 0.000 0.000 0.000 0.000 0.000 0.000 0.000 0.000 0.000 0.000 1.000 0.477 0.071 0.477 1.000 0.656 0.135 0.000 0.000 0.000 0.000 0.000 0.000 0.000 0.000 0.000 0.000 0.000 
0.135 0.000 0.000 0.000 0.000 0.000 0.000 0.000 0.000 0.000 0.000 0.000 0.000 0.000 0.000 0.000 0.000 0.000 0.000 0.000 0.000 0.000 0.000 0.000 0.260 0.859 0.889 0.288 0.153 0.695 
0.000 0.000 0.000 0.000 0.000 0.000 0.260 0.859 0.889 0.288 0.153 0.695 0.989 0.440 0.061 0.000 0.000 0.000 0.000 0.000 0.000 0.000 0.000 0.000 0.000 0.000 0.000 0.000 0.000 0.000 
0.000 0.000 0.000 0.000 0.000 0.000 0.000 0.000 0.000 0.000 0.000 0.000 0.000 0.000 0.000 0.000 0.000 0.000 0.000 0.061 0.440 0.989 0.695 0.153 0.288 0.889 0.859 0.260 0.025 0.000 
0.000 0.061 0.440 0.989 0.695 0.153 0.288 0.889 0.859 0.260 0.025 0.000 0.000 0.000 0.000 0.000 0.000 0.000 0.000 0.000 0.000 0.000 0.000 0.000 0.000 0.000 0.000 0.000 0.000 0.000 
0.000 0.000 0.000 0.000 0.000 0.000 0.000 0.000 0.000 0.000 0.000 0.000 0.000 0.000 0.000 0.135 0.656 1.000 0.477 0.071 0.477 1.000 0.656 0.135 0.000 0.000 0.000 0.000 0.000 0.000 
0.477 0.071 0.477 1.000 0.656 0.135 0.000 0.000 0.000 0.000 0.000 0.000 0.000 0.000 0.000 0.000 0.000 0.000 0.000 0.000 0.000 0.000 0.000 0.000 0.000 0.000 0.000 0.000 0.025 0.260 
0.000 0.000 0.000 0.000 0.000 0.000 0.000 0.000 0.000 0.000 0.025 0.260 0.859 0.889 0.288 0.153 0.695 0.989 0.440 0.061 0.000 0.000 0.000 0.000 0.000 0.000 0.000 0.000 0.000 0.000 
0.440 0.061 0.000 0.000 0.000 0.000 0.000 0.000 0.000 0.000 0.000 0.000 0.000 0.000 0.000 0.000 0.000 0.000 0.000 0.000 0.000 0.000 0.000 0.000 0.061 0.440 0.989 0.695 0.153 0.288 
0.000 0.000 0.000 0.000 0.000 0.000 0.061 0.440 0.989 0.695 0.153 0.288 0.889 0.859 0.260 0.025 0.000 0.000 0.000 0.000 0.000 0.000 0.000 0.000 0.000 0.000 0.000 0.000 0.000 0.000 
0.000 0.000 0.000 0.000 0.000 0.000 0.000 0.000 0.000 0.000 0.000 0.000 0.000 0.000 0.000 0.000 0.000 0.000 0.000 0.000 0.135 0.656 1.000 0.477 0.071 0.477 1.000 0.656 0.135 0.000 
0.000 0.000 0.135 0.656 1.000 0.477 0.071 0.477 1.000 0.656 0.135 0.000 0.000 0.000 0.000 0.000 0.000 0.000 0.000 0.000 0.000 0.000 0.000 0.000 0.000 0.000 0.000 0.000 0.000 0.000 
0.000 0.000 0.000 0.000 0.000 0.000 0.000 0.000 0.000 0.000 0.000 0.000 0.000 0.000 0.000 0.025 0.260 0.859 0.889 0.288 0.153 0.695 0.989 0.440 0.061 0.000 0.000 0.000 0.000 0.000 
0.889 0.288 0.153 0.695 0.989 0.440 0.061 0.000 0.000 0.000 0.000 0.000 0.000 0.000 0.000 0.000 0.000 0.000 0.000 0.000 0.000 0.000 0.000 0.000 0.000 0.000 0.000 0.000 0.000 0.061 
0.000 0.000 0.000 0.000 0.000 0.000 0.000 0.000 0.000 0.000 0.000 0.061 0.440 0.989 0.695 0.153 0.288 0.889 0.859 0.260 0.025 0.000 0.000 0.000 0.000 0.000 0.000 0.000 0.000 0.000 
0.859 0.260 0.025 0.000 0.000 0.000 0.000 0.000 0.000 0.000 0.000 0.000 0.000 0.000 0.000 0.000 0.000 0.000 0.000 0.000 0.000 0.000 0.000 0.000 0.000 0.135 0.656 1.000 0.477 0.071 
0.000 0.000 0.000 0.000 0.000 0.000 0.000 0.135 0.656 1.000 0.477 0.071 0.477 1.000 0.656 0.135 0.000 0.000 0.000 0.000 0.000 0.000 0.000 0.000 0.000 0.000 0.000 0.000 0.000 0.000 
# 0 3 17 30
0.167 0.262 0.855 0.874 0.280 0.028 0.000 0.000 0.000 0.000 0.000 0.000 0.000 0.000 0.000 0.000 0.000 0.000 0.000 0.000 0.000 0.000 0.000 0.000 0.000 0.000 0.000 0.000 0.000 0.000 
0.000 0.000 0.000 0.000 0.000 0.000 0.000 0.000 0.000 0.000 0.000 0.000 0.000 1.000 0.566 0.100 0.384 0.954 0.742 0.181 0.014 0.000 0.000 0.000 0.000 0.000 0.000 0.000 0.000 0.000 
0.954 0.742 0.181 0.014 0.000 0.000 0.000 0.000 0.000 0.000 0.000 0.000 0.000 0.000 0.000 0.000 0.000 0.000 0.000 0.000 0.000 0.000 0.000 0.000 0.000 0.000 0.160 0.706 0.971 0.418 
0.000 0.000 0.000 0.000 0.000 0.000 0.000 0.000 0.000 0.160 0.706 0.971 0.418 0.087 0.528 0.999 0.591 0.110 0.000 0.000 0.000 0.000 0.000 0.000 0.000 0.000 0.000 0.000 0.000 0.000 
0.110 0.000 0.000 0.000 0.000 0.000 0.000 0.000 0.000 0.000 0.000 0.000 0.000 0.000 0.000 0.000 0.000 0.000 0.000 0.000 0.000 0.000 0.000 0.024 0.252 0.844 0.884 0.290 0.148 0.681 
0.000 0.000 0.000 0.000 0.000 0.000 0.024 0.252 0.844 0.884 0.290 0.148 0.681 0.980 0.441 0.062 0.000 0.000 0.000 0.000 0.000 0.000 0.000 0.000 0.000 0.000 0.000 0.000 0.000 0.000 
0.000 0.000 0.000 0.000 0.000 0.000 0.000 0.000 0.000 0.000 0.000 0.000 0.000 0.000 0.000 0.000 0.000 0.000 0.000 0.000 0.000 0.046 0.372 0.948 0.755 0.188 0.236 0.824 0.902 0.309 
0.000 0.000 0.000 0.000 0.046 0.372 0.948 0.755 0.188 0.236 0.824 0.902 0.309 0.033 0.000 0.000 0.000 0.000 0.000 0.000 0.000 0.000 0.000 0.000 0.000 0.000 0.000 0.000 0.000 0.000 
0.000 0.000 0.000 0.000 0.000 0.000 0.000 0.000 0.000 0.000 0.000 0.000 0.000 0.000 0.000 0.000 0.000 0.000 0.000 0.083 0.515 0.997 0.605 0.115 0.351 0.934 0.778 0.203 0.017 0.000 
0.000 0.000 0.083 0.515 0.997 0.605 0.115 0.351 0.934 0.778 0.203 0.017 0.000 0.000 0.000 0.000 0.000 0.000 0.000 0.000 0.000 0.000 0.000 0.000 0.000 0.000 0.000 0.000 0.000 0.000 
0.000 0.000 0.000 0.000 0.000 0.000 0.000 0.000 0.000 0.000 0.000 0.000 0.000 0.000 0.000 0.000 0.000 0.142 0.668 0.984 0.454 0.076 0.491 0.993 0.630 0.125 0.000 0.000 0.000 0.000 
0.142 0.668 0.984 0.454 0.076 0.491 0.993 0.630 0.125 0.000 0.000 0.000 0.000 0.000 0.000 0.000 0.000 0.000 0.000 0.000 0.000 0.000 0.000 0.000 0.000 0.000 0.000 0.000 0.000 0.000 
0.000 0.000 0.000 0.000 0.000 0.000 0.000 0.000 0.000 0.000 0.000 0.000 0.000 0.000 0.020 0.227 0.812 0.911 0.320 0.131 0.643 0.991 0.478 0.072 0.000 0.000 0.000 0.000 0.000 0.000 
0.911 0.320 0.131 0.643 0.991 0.478 0.072 0.000 0.000 0.000 0.000 0.000 0.000 0.000 0.000 0.000 0.000 0.000 0.000 0.000 0.000 0.000 0.000 0.000 0.000 0.000 0.000 0.000 0.000 0.039 
0.000 0.000 0.000 0.000 0.000 0.000 0.000 0.000 0.000 0.000 0.000 0.000 0.039 0.340 0.926 0.790 0.211 0.211 0.790 0.926 0.340 0.039 0.000 0.000 0.000 0.000 0.000 0.000 0.000 0.000 
0.211 0.790 0.926 0.340 0.039 0.000 0.000 0.000 0.000 0.000 0.000 0.000 0.000 0.000 0.000 0.000 0.000 0.000 0.000 0.000 0.000 0.000 0.000 0.000 0.000 0.000 0.000 0.072 0.478 0.991 
0.000 0.000 0.000 0.000 0.000 0.000 0.000 0.000 0.000 0.000 0.072 0.478 0.991 0.643 0.131 0.320 0.911 0.812 0.227 0.020 0.000 0.000 0.000 0.000 0.000 0.000 0.000 0.000 0.000 0.000 
# 0 4 6 30
1.000 0.477 0.071 0.477 1.000 0.656 0.135 0.000 0.000 0.000 0.000 0.000 0.000 0.000 0.000 0.000 0.000 0.000 0.000 0.000 0.000 0.000 0.000 0.000 0.000 0.000 0.000 0.000 0.000 0.000 
0.135 0.000 0.000 0.000 0.000 0.000 0.000 0.000 0.000 0.000 0.000 0.000 0.000 0.000 0.000 0.000 0.000 0.000 0.000 0.000 0.000 0.000 0.000 0.000 0.000 0.000 0.000 0.135 0.656 1.000 
0.000 0.000 0.000 0.000 0.000 0.000 0.000 0.000 0.000 0.000 0.000 0.000 0.000 0.000 0.000 0.000 0.000 0.000 0.000 0.000 0.000 0.135 0.656 1.000 0.477 0.071 0.477 1.000 0.656 0.135 
0.000 0.000 0.000 0.000 0.000 0.000 0.000 0.000 0.000 0.000 0.000 0.000 0.000 0.000 0.000 0.135 0.656 1.000 0.477 0.071 0.477 1.000 0.656 0.135 0.000 0.000 0.000 0.000 0.000 0.000 
0.000 0.000 0.000 0.000 0.000 0.000 0.000 0.000 0.000 0.135 0.656 1.000 0.477 0.071 0.477 1.000 0.656 0.135 0.000 0.000 0.000 0.000 0.000 0.000 0.000 0.000 0.000 0.000 0.000 0.000 
0.000 0.000 0.000 0.135 0.656 1.000 0.477 0.071 0.477 1.000 0.656 0.135 0.000 0.000 0.000 0.000 0.000 0.000 0.000 0.000 0.000 0.000 0.000 0.000 0.000 0.000 0.000 0.000 0.000 0.000 
# 0 5 10 30
0.477 0.071 0.477 1.000 0.656 0.135 0.000 0.000 0.000 0.000 0.000 0.000 0.000 0.000 0.000 0.000 0.000 0.000 0.000 0.000 0.000 0.000 0.000 0.000 0.000 0.000 0.000 0.000 0.000 0.000 
0.000 0.000 0.000 0.000 0.000 0.000 0.000 0.000 0.000 0.000 0.000 0.000 0.000 0.000 0.000 0.000 0.000 0.000 0.000 0.000 0.135 0.656 1.000 0.477 0.071 0.477 1.000 0.656 0.135 0.000 
0.000 0.000 0.000 0.000 0.000 0.000 0.000 0.000 0.000 0.000 0.135 0.656 1.000 0.477 0.071 0.477 1.000 0.656 0.135 0.000 0.000 0.000 0.000 0.000 0.000 0.000 0.000 0.000 0.000 0.000 
0.135 0.656 1.000 0.477 0.071 0.477 1.000 0.656 0.135 0.000 0.000 0.000 0.000 0.000 0.000 0.000 0.000 0.000 0.000 0.000 0.000 0.000 0.000 0.000 0.000 0.000 0.000 0.000 0.000 0.000 
0.000 0.000 0.000 0.000 0.000 0.000 0.000 0.000 0.000 0.000 0.000 0.000 0.000 0.000 0.000 0.000 0.000 0.000 0.000 0.000 0.000 0.000 0.000 0.135 0.656 1.000 0.477 0.071 0.477 1.000 
0.000 0.000 0.000 0.000 0.000 0.000 0.000 0.000 0.000 0.000 0.000 0.000 0.000 0.135 0.656 1.000 0.477 0.071 0.477 1.000 0.656 0.135 0.000 0.000 0.000 0.000 0.000 0.000 0.000 0.000 
0.000 0.000 0.000 0.135 0.656 1.000 0.477 0.071 0.477 1.000 0.656 0.135 0.000 0.000 0.000 0.000 0.000 0.000 0.000 0.000 0.000 0.000 0.000 0.000 0.000 0.000 0.000 0.000 0.000 0.000 
0.656 0.135 0.000 0.000 0.000 0.000 0.000 0.000 0.000 0.000 0.000 0.000 0.000 0.000 0.000 0.000 0.000 0.000 0.000 0.000 0.000 0.000 0.000 0.000 0.000 0.000 0.135 0.656 1.000 0.477 
0.000 0.000 0.000 0.000 0.000 0.000 0.000 0.000 0.000 0.000 0.000 0.000 0.000 0.000 0.000 0.000 0.135 0.656 1.000 0.477 0.071 0.477 1.000 0.656 0.135 0.000 0.000 0.000 0.000 0.000 
0.000 0.000 0.000 0.000 0.000 0.000 0.135 0.656 1.000 0.477 0.071 0.477 1.000 0.656 0.135 0.000 0.000 0.000 0.000 0.000 0.000 0.000 0.000 0.000 0.000 0.000 0.000 0.000 0.000 0.000 
# 1 0 30 17
0.000 0.000 0.000 0.000 0.000 0.000 0.000 0.025 0.977 0.075 0.000 0.000 0.000 0.000 0.000 0.000 0.000 
0.000 0.000 0.000 0.000 0.000 0.000 0.000 0.000 0.000 0.000 0.000 0.000 0.000 0.860 0.152 0.000 0.000 
0.145 0.871 0.010 0.000 0.000 0.000 0.000 0.000 0.000 0.000 0.000 0.000 0.000 0.000 0.000 0.000 0.000 
0.000 0.000 0.000 0.000 0.000 0.071 0.982 0.027 0.000 0.000 0.000 0.000 0.000 0.000 0.000 0.000 0.000 
0.000 0.000 0.000 0.000 0.000 0.000 0.000 0.000 0.000 0.000 0.031 0.992 0.062 0.000 0.000 0.000 0.000 
0.000 0.000 0.000 0.000 0.000 0.000 0.000 0.000 0.000 0.000 0.000 0.000 0.000 0.000 0.000 0.012 0.897 
0.000 0.000 0.000 0.170 0.831 0.000 0.000 0.000 0.000 0.000 0.000 0.000 0.000 0.000 0.000 0.000 0.000 
0.000 0.000 0.000 0.000 0.000 0.000 0.000 0.000 0.086 0.963 0.021 0.016 0.000 0.000 0.000 0.000 0.000 
0.000 0.000 0.000 0.000 0.000 0.000 0.000 0.000 0.000 0.000 0.000 0.000 0.000 0.039 1.000 1.000 0.039 
0.000 0.341 0.397 0.526 0.000 0.000 0.000 0.000 0.000 0.000 0.000 0.000 0.000 0.000 0.000 0.000 0.000 
0.000 0.000 0.000 0.000 0.000 0.000 0.000 0.239 0.726 0.000 0.000 0.000 0.000 0.000 0.000 0.000 0.000 
0.000 0.000 0.000 0.000 0.000 0.000 0.000 0.000 0.000 0.000 0.000 0.000 0.129 0.897 0.012 0.000 0.000 
0.641 0.301 0.000 0.000 0.000 0.000 0.000 0.000 0.000 0.000 0.000 0.000 0.000 0.000 0.000 0.000 0.000 
0.000 0.000 0.000 0.000 0.000 0.443 0.477 0.000 0.000 0.000 0.000 0.000 0.000 0.000 0.000 0.000 0.000 
0.000 0.000 0.000 0.000 0.000 0.000 0.000 0.000 0.000 0.000 0.274 0.677 0.000 0.000 0.000 0.000 0.000 
0.000 0.000 0.000 0.000 0.000 0.000 0.000 0.000 0.000 0.000 0.000 0.000 0.000 0.000 0.000 0.152 0.860 
0.000 0.000 0.000 0.691 0.263 0.000 0.000 0.000 0.000 0.000 0.000 0.000 0.000 0.000 0.000 0.000 0.000 
0.111 0.264 0.504 0.779 0.971 0.977 0.793 0.520 0.275 0.118 0.041 0.025 0.079 0.201 0.414 0.688 0.922 
0.953 0.742 0.466 0.236 0.097 0.032 0.032 0.097 0.236 0.466 0.742 0.953 0.000 0.000 0.000 0.000 0.000 
0.025 0.041 0.118 0.275 0.520 0.793 0.000 0.000 0.000 0.000 0.000 0.000 0.000 0.023 0.074 0.192 0.399 
0.000 0.000 0.000 0.000 0.000 0.000 0.000 0.000 0.030 0.091 0.226 0.451 0.726 0.945 0.993 0.841 0.576 
0.000 0.000 0.010 0.038 0.111 0.264 0.504 0.779 0.971 0.977 0.793 0.520 0.275 0.118 0.041 0.025 0.079 
0.305 0.560 0.828 0.989 0.953 0.742 0.466 0.236 0.097 0.032 0.032 0.097 0.000 0.000 0.000 0.000 0.000 
0.688 0.414 0.201 0.079 0.025 0.041 0.000 0.000 0.000 0.000 0.000 0.000 0.000 0.000 0.000 0.000 0.000 
0.000 0.000 0.000 0.000 0.000 0.000 0.000 0.000 0.000 0.000 0.000 0.000 0.000 0.000 0.000 0.000 0.000 
0.000 0.000 0.000 0.000 0.000 0.000 0.000 0.000 0.000 0.000 0.000 0.000 0.000 0.000 0.000 0.000 0.000 
0.000 0.000 0.000 0.000 0.000 0.000 0.000 0.000 0.000 0.000 0.000 0.000 0.000 0.000 0.000 0.000 0.000 
0.000 0.000 0.000 0.000 0.000 0.000 0.000 0.000 0.000 0.000 0.000 0.000 0.000 0.000 0.000 0.000 0.000 
0.000 0.000 0.000 0.000 0.000 0.000 0.000 0.000 0.000 0.000 0.000 0.000 0.000 0.000 0.000 0.000 0.000 
0.000 0.000 0.000 0.000 0.000 0.000 0.000 0.000 0.000 0.000 0.000 0.000 0.000 0.000 0.000 0.000 0.000 
# 1 2 18 17
0.000 0.000 0.000 0.000 0.000 0.000 0.000 0.000 0.787 0.196 0.000 0.000 0.000 0.000 0.000 0.000 0.000 
0.000 0.000 0.000 0.000 0.000 0.000 0.000 0.000 0.858 0.151 0.000 0.000 0.000 0.000 0.000 0.000 0.000 
0.000 0.000 0.000 0.000 0.000 0.000 0.000 0.014 0.918 0.115 0.000 0.000 0.000 0.000 0.000 0.000 0.000 
0.000 0.000 0.000 0.000 0.000 0.000 0.000 0.021 0.963 0.085 0.000 0.000 0.000 0.000 0.000 0.000 0.000 
0.000 0.000 0.000 0.000 0.000 0.000 0.000 0.031 0.991 0.062 0.000 0.000 0.000 0.000 0.000 0.000 0.000 
0.000 0.000 0.000 0.000 0.000 0.000 0.000 0.045 1.000 0.044 0.000 0.000 0.000 0.000 0.000 0.000 0.000 
0.000 0.000 0.000 0.000 0.000 0.000 0.000 0.062 0.990 0.031 0.000 0.000 0.000 0.000 0.000 0.000 0.000 
0.000 0.000 0.000 0.000 0.000 0.000 0.000 0.086 0.962 0.021 0.153 0.000 0.000 0.000 0.000 0.000 0.000 
0.000 0.000 0.000 0.000 0.000 0.000 0.000 0.115 0.916 0.916 0.115 0.000 0.000 0.000 0.000 0.000 0.000 
0.000 0.000 0.000 0.000 0.000 0.000 0.000 0.153 0.021 0.962 0.086 0.000 0.000 0.000 0.000 0.000 0.000 
0.000 0.000 0.000 0.000 0.000 0.000 0.000 0.000 0.031 0.990 0.062 0.000 0.000 0.000 0.000 0.000 0.000 
0.000 0.000 0.000 0.000 0.000 0.000 0.000 0.000 0.044 1.000 0.045 0.000 0.000 0.000 0.000 0.000 0.000 
0.000 0.000 0.000 0.000 0.000 0.000 0.000 0.000 0.062 0.991 0.031 0.000 0.000 0.000 0.000 0.000 0.000 
0.000 0.000 0.000 0.000 0.000 0.000 0.000 0.000 0.085 0.963 0.021 0.000 0.000 0.000 0.000 0.000 0.000 
0.000 0.000 0.000 0.000 0.000 0.000 0.000 0.000 0.115 0.918 0.014 0.000 0.000 0.000 0.000 0.000 0.000 
0.000 0.000 0.000 0.000 0.000 0.000 0.000 0.000 0.151 0.858 0.000 0.000 0.000 0.000 0.000 0.000 0.000 
0.000 0.000 0.000 0.000 0.000 0.000 0.000 0.000 0.196 0.787 0.000 0.000 0.000 0.000 0.000 0.000 0.000 
0.989 0.828 0.559 0.305 0.134 0.048 0.014 0.050 0.139 0.314 0.571 0.837 0.991 0.947 0.731 0.455 0.229 
# 1 3 17 17
0.000 0.000 0.000 0.000 0.000 0.000 0.000 0.000 1.000 0.297 0.000 0.000 0.000 0.000 0.000 0.000 0.000 
0.000 0.000 0.000 0.000 0.000 0.000 0.000 0.000 0.000 1.000 0.297 0.000 0.000 0.000 0.000 0.000 0.000 
0.000 0.000 0.000 0.000 0.000 0.000 0.000 0.000 0.000 0.000 1.000 0.297 0.000 0.000 0.000 0.000 0.000 
0.000 0.000 0.000 0.000 0.000 0.000 0.000 0.000 0.000 0.000 0.000 1.000 0.297 0.000 0.000 0.000 0.000 
0.000 0.000 0.000 0.000 0.000 0.000 0.000 0.000 0.000 0.000 0.000 0.000 1.000 0.297 0.000 0.000 0.000 
0.000 0.000 0.000 0.000 0.000 0.000 0.000 0.000 0.000 0.000 0.000 0.000 0.000 1.000 0.297 0.000 0.000 
0.000 0.000 0.000 0.000 0.000 0.000 0.000 0.000 0.000 0.000 0.000 0.000 0.000 0.000 1.000 0.297 0.000 
0.000 0.000 0.000 0.000 0.000 0.000 0.000 0.000 0.000 0.000 0.000 0.000 0.000 0.000 0.000 1.000 0.297 
1.000 0.000 0.000 0.000 0.000 0.000 0.000 0.000 0.000 0.000 0.000 0.000 0.000 0.000 0.000 0.000 1.000 
0.297 1.000 0.000 0.000 0.000 0.000 0.000 0.000 0.000 0.000 0.000 0.000 0.000 0.000 0.000 0.000 0.000 
0.000 0.297 1.000 0.000 0.000 0.000 0.000 0.000 0.000 0.000 0.000 0.000 0.000 0.000 0.000 0.000 0.000 
0.000 0.000 0.297 1.000 0.000 0.000 0.000 0.000 0.000 0.000 0.000 0.000 0.000 0.000 0.000 0.000 0.000 
0.000 0.000 0.000 0.297 1.000 0.000 0.000 0.000 0.000 0.000 0.000 0.000 0.000 0.000 0.000 0.000 0.000 
0.000 0.000 0.000 0.000 0.297 1.000 0.000 0.000 0.000 0.000 0.000 0.000 0.000 0.000 0.000 0.000 0.000 
0.000 0.000 0.000 0.000 0.000 0.297 1.000 0.000 0.000 0.000 0.000 0.000 0.000 0.000 0.000 0.000 0.000 
0.000 0.000 0.000 0.000 0.000 0.000 0.297 1.000 0.000 0.000 0.000 0.000 0.000 0.000 0.000 0.000 0.000 
0.000 0.000 0.000 0.000 0.000 0.000 0.000 0.297 1.000 0.000 0.000 0.000 0.000 0.000 0.000 0.000 0.000 
# 1 4 6 17
0.000 0.000 0.000 0.000 0.000 0.000 0.000 0.000 0.000 0.866 0.153 0.000 0.000 0.000 0.000 0.000 0.000 
0.000 0.000 0.000 0.866 0.153 0.000 0.000 0.000 0.000 0.000 0.000 0.000 0.000 0.000 0.000 0.000 0.000 
0.000 0.000 0.000 0.000 0.000 0.000 0.000 0.000 0.000 0.000 0.000 0.000 0.000 0.000 0.000 0.000 0.032 
0.000 0.000 0.000 0.000 0.000 0.000 0.000 0.000 0.000 0.000 0.032 1.000 0.063 0.000 0.000 0.000 0.000 
0.000 0.000 0.000 0.000 0.032 1.000 0.063 0.000 0.000 0.000 0.000 0.000 0.000 0.000 0.000 0.000 0.000 
0.063 0.000 0.000 0.000 0.000 0.000 0.000 0.000 0.000 0.000 0.000 0.000 0.000 0.000 0.000 0.000 0.000 
# 2 0 30 18
0.000 0.000 0.000 0.000 0.000 0.000 0.000 0.000 0.408 0.640 0.000 0.000 0.000 0.000 0.000 0.000 0.000 0.000 
0.000 0.000 0.000 0.000 0.000 0.000 0.000 0.000 0.000 0.000 0.000 0.000 0.000 0.000 0.000 0.199 0.888 0.021 
0.000 0.000 0.000 0.000 0.678 0.375 0.000 0.000 0.000 0.000 0.000 0.000 0.000 0.000 0.000 0.000 0.000 0.000 
0.000 0.000 0.000 0.000 0.000 0.000 0.000 0.000 0.000 0.000 0.000 0.408 0.640 0.000 0.000 0.000 0.000 0.000 
0.914 0.178 0.000 0.000 0.000 0.000 0.000 0.000 0.000 0.000 0.000 0.000 0.000 0.000 0.000 0.000 0.000 0.000 
0.000 0.000 0.000 0.000 0.000 0.000 0.000 0.678 0.375 0.000 0.000 0.000 0.000 0.000 0.000 0.000 0.000 0.000 
0.000 0.000 0.000 0.000 0.000 0.000 0.000 0.000 0.000 0.000 0.000 0.000 0.000 0.000 0.408 0.640 0.000 0.000 
0.000 0.000 0.025 0.914 0.178 0.000 0.000 0.000 0.000 0.000 0.000 0.000 0.000 0.000 0.000 0.000 0.000 0.000 
0.000 0.000 0.000 0.000 0.000 0.000 0.000 0.000 0.000 0.000 0.678 0.375 0.408 0.000 0.000 0.000 0.000 0.000 
1.000 0.079 0.000 0.000 0.000 0.000 0.000 0.000 0.000 0.000 0.000 0.000 0.000 0.000 0.000 0.000 0.000 0.408 
0.000 0.000 0.000 0.000 0.000 0.025 0.021 0.888 0.199 0.000 0.000 0.000 0.000 0.000 0.000 0.000 0.000 0.000 
0.000 0.000 0.000 0.000 0.000 0.000 0.000 0.000 0.000 0.000 0.000 0.000 0.000 0.000 0.640 0.408 0.000 0.000 
0.000 0.000 0.069 1.000 0.079 0.000 0.000 0.000 0.000 0.000 0.000 0.000 0.000 0.000 0.000 0.000 0.000 0.000 
0.000 0.000 0.000 0.000 0.000 0.000 0.000 0.000 0.000 0.021 0.888 0.199 0.000 0.000 0.000 0.000 0.000 0.000 
0.025 0.000 0.000 0.000 0.000 0.000 0.000 0.000 0.000 0.000 0.000 0.000 0.000 0.000 0.000 0.000 0.000 0.640 
0.000 0.000 0.000 0.000 0.000 0.069 1.000 0.079 0.000 0.000 0.000 0.000 0.000 0.000 0.000 0.000 0.000 0.000 
0.000 0.000 0.000 0.000 0.000 0.000 0.000 0.000 0.000 0.000 0.000 0.000 0.021 0.888 0.199 0.000 0.000 0.000 
0.000 0.178 0.914 0.025 0.000 0.000 0.000 0.000 0.000 0.000 0.000 0.000 0.000 0.000 0.000 0.000 0.000 0.000 
0.000 0.000 0.000 0.000 0.000 0.000 0.000 0.000 0.000 0.000 0.000 0.000 0.000 0.000 0.000 0.000 -0.142 -0.903 
0.000 0.000 0.000 0.000 0.000 0.000 0.000 0.000 0.000 0.000 0.000 0.000 -0.227 -0.981 -0.419 -0.018 0.000 0.000 
0.000 0.000 0.000 0.000 0.000 0.000 0.000 -0.011 -0.341 -1.000 -0.291 0.000 0.000 0.000 0.000 0.000 0.000 0.000 
0.000 0.000 0.000 -0.024 -0.479 -0.956 -0.189 0.000 0.000 0.000 0.000 0.000 0.000 0.000 0.000 0.000 0.000 0.000 
-0.631 -0.857 -0.115 0.000 0.000 0.000 0.000 0.000 0.000 0.000 0.000 0.000 0.000 0.000 0.000 0.000 0.000 0.000 
0.000 0.000 0.000 0.000 0.000 0.000 0.000 0.000 0.000 0.000 0.000 0.000 0.000 0.000 0.000 0.000 0.000 0.000 
0.000 0.000 0.000 0.000 0.000 0.000 0.000 0.000 0.000 0.000 0.000 0.000 0.000 0.000 0.000 0.000 0.000 -0.227 
0.000 0.000 0.000 0.000 0.000 0.000 0.000 0.000 0.000 0.000 0.000 0.000 0.000 0.000 0.000 0.000 0.000 0.000 
0.000 0.000 0.000 0.000 0.000 0.000 0.000 0.000 0.000 0.000 0.000 0.000 0.000 0.000 0.000 0.000 0.000 0.000 
0.000 0.000 0.000 0.000 0.000 0.000 0.000 0.000 0.000 0.000 0.000 0.000 0.000 0.000 0.000 0.000 0.000 0.000 
0.000 0.000 0.000 0.000 0.000 0.000 0.000 0.000 0.000 0.000 0.000 0.000 0.000 0.000 0.000 0.000 0.000 0.000 
0.000 0.000 0.000 0.000 0.000 0.000 0.000 0.000 0.000 0.000 0.000 0.000 0.000 0.000 0.000 0.000 0.000 0.000 
# 2 1 17 18
0.000 0.000 0.000 0.000 0.000 0.000 0.000 0.000 0.176 0.915 0.026 0.000 0.000 0.000 0.000 0.000 0.000 0.000 
0.000 0.000 0.000 0.000 0.000 0.000 0.000 0.000 0.000 0.000 0.136 0.960 0.037 0.000 0.000 0.000 0.000 0.000 
0.000 0.000 0.000 0.000 0.000 0.000 0.000 0.000 0.000 0.000 0.000 0.000 0.103 0.989 0.051 0.000 0.000 0.000 
0.000 0.000 0.000 0.000 0.000 0.000 0.000 0.000 0.000 0.000 0.000 0.000 0.000 0.000 0.077 1.000 0.071 0.000 
0.000 0.000 0.000 0.000 0.000 0.000 0.000 0.000 0.000 0.000 0.000 0.000 0.000 0.000 0.000 0.000 0.056 0.993 
0.993 0.095 0.000 0.000 0.000 0.000 0.000 0.000 0.000 0.000 0.000 0.000 0.000 0.000 0.000 0.000 0.000 0.000 
0.000 0.040 0.969 0.127 0.000 0.000 0.000 0.000 0.000 0.000 0.000 0.000 0.000 0.000 0.000 0.000 0.000 0.000 
0.000 0.000 0.000 0.028 0.928 0.165 0.000 0.000 0.000 0.000 0.000 0.000 0.000 0.000 0.000 0.000 0.000 0.000 
0.000 0.000 0.000 0.000 0.000 0.020 0.874 0.211 0.807 0.013 0.000 0.000 0.000 0.000 0.000 0.000 0.000 0.000 
0.000 0.000 0.000 0.000 0.000 0.000 0.000 0.013 0.807 0.211 0.874 0.020 0.000 0.000 0.000 0.000 0.000 0.000 
0.000 0.000 0.000 0.000 0.000 0.000 0.000 0.000 0.000 0.000 0.000 0.165 0.928 0.028 0.000 0.000 0.000 0.000 
0.000 0.000 0.000 0.000 0.000 0.000 0.000 0.000 0.000 0.000 0.000 0.000 0.000 0.127 0.969 0.040 0.000 0.000 
0.000 0.000 0.000 0.000 0.000 0.000 0.000 0.000 0.000 0.000 0.000 0.000 0.000 0.000 0.000 0.095 0.993 0.056 
0.056 0.000 0.000 0.000 0.000 0.000 0.000 0.000 0.000 0.000 0.000 0.000 0.000 0.000 0.000 0.000 0.000 0.071 
0.071 1.000 0.077 0.000 0.000 0.000 0.000 0.000 0.000 0.000 0.000 0.000 0.000 0.000 0.000 0.000 0.000 0.000 
0.000 0.000 0.051 0.989 0.103 0.000 0.000 0.000 0.000 0.000 0.000 0.000 0.000 0.000 0.000 0.000 0.000 0.000 
0.000 0.000 0.000 0.000 0.037 0.960 0.136 0.000 0.000 0.000 0.000 0.000 0.000 0.000 0.000 0.000 0.000 0.000 
# 2 3 17 18
0.000 0.000 0.000 0.000 0.000 0.000 0.000 0.000 0.176 0.915 0.026 0.000 0.000 0.000 0.000 0.000 0.000 0.000 
0.000 0.000 0.000 0.000 0.000 0.000 0.000 0.000 0.000 0.000 0.136 0.960 0.037 0.000 0.000 0.000 0.000 0.000 
0.000 0.000 0.000 0.000 0.000 0.000 0.000 0.000 0.000 0.000 0.000 0.000 0.103 0.989 0.051 0.000 0.000 0.000 
0.000 0.000 0.000 0.000 0.000 0.000 0.000 0.000 0.000 0.000 0.000 0.000 0.000 0.000 0.077 1.000 0.071 0.000 
0.000 0.000 0.000 0.000 0.000 0.000 0.000 0.000 0.000 0.000 0.000 0.000 0.000 0.000 0.000 0.000 0.056 0.993 
0.993 0.095 0.000 0.000 0.000 0.000 0.000 0.000 0.000 0.000 0.000 0.000 0.000 0.000 0.000 0.000 0.000 0.000 
0.000 0.040 0.969 0.127 0.000 0.000 0.000 0.000 0.000 0.000 0.000 0.000 0.000 0.000 0.000 0.000 0.000 0.000 
0.000 0.000 0.000 0.028 0.928 0.165 0.000 0.000 0.000 0.000 0.000 0.000 0.000 0.000 0.000 0.000 0.000 0.000 
0.000 0.000 0.000 0.000 0.000 0.020 0.874 0.211 0.807 0.013 0.000 0.000 0.000 0.000 0.000 0.000 0.000 0.000 
0.000 0.000 0.000 0.000 0.000 0.000 0.000 0.013 0.807 0.211 0.874 0.020 0.000 0.000 0.000 0.000 0.000 0.000 
0.000 0.000 0.000 0.000 0.000 0.000 0.000 0.000 0.000 0.000 0.000 0.165 0.928 0.028 0.000 0.000 0.000 0.000 
0.000 0.000 0.000 0.000 0.000 0.000 0.000 0.000 0.000 0.000 0.000 0.000 0.000 0.127 0.969 0.040 0.000 0.000 
0.000 0.000 0.000 0.000 0.000 0.000 0.000 0.000 0.000 0.000 0.000 0.000 0.000 0.000 0.000 0.095 0.993 0.056 
0.056 0.000 0.000 0.000 0.000 0.000 0.000 0.000 0.000 0.000 0.000 0.000 0.000 0.000 0.000 0.000 0.000 0.071 
0.071 1.000 0.077 0.000 0.000 0.000 0.000 0.000 0.000 0.000 0.000 0.000 0.000 0.000 0.000 0.000 0.000 0.000 
0.000 0.000 0.051 0.989 0.103 0.000 0.000 0.000 0.000 0.000 0.000 0.000 0.000 0.000 0.000 0.000 0.000 0.000 
0.000 0.000 0.000 0.000 0.037 0.960 0.136 0.000 0.000 0.000 0.000 0.000 0.000 0.000 0.000 0.000 0.000 0.000 
# 2 4 6 18
0.000 0.000 0.000 0.000 0.000 0.000 0.000 0.000 0.000 0.224 1.000 0.024 0.000 0.000 0.000 0.000 0.000 0.000 
0.000 0.000 0.000 0.224 1.000 0.024 0.000 0.000 0.000 0.000 0.000 0.000 0.000 0.000 0.000 0.000 0.000 0.000 
0.000 0.000 0.000 0.000 0.000 0.000 0.000 0.000 0.000 0.000 0.000 0.000 0.000 0.000 0.000 0.000 0.000 0.000 
0.000 0.000 0.000 0.000 0.000 0.000 0.000 0.000 0.000 0.000 0.000 0.000 0.224 1.000 0.024 0.000 0.000 0.000 
0.000 0.000 0.000 0.000 0.000 0.000 0.224 1.000 0.024 0.000 0.000 0.000 0.000 0.000 0.000 0.000 0.000 0.000 
0.224 1.000 0.024 0.000 0.000 0.000 0.000 0.000 0.000 0.000 0.000 0.000 0.000 0.000 0.000 0.000 0.000 0.000 
# 3 0 30 17
0.000 0.000 0.000 0.000 0.000 0.000 0.000 0.041 0.987 0.088 0.000 0.000 0.000 0.000 0.000 0.000 0.000 
0.000 0.000 0.000 0.000 0.000 0.000 0.000 0.000 0.000 0.000 0.000 0.000 0.018 0.893 0.167 0.000 0.000 
0.193 0.859 0.014 0.000 0.000 0.000 0.000 0.000 0.000 0.000 0.000 0.000 0.000 0.000 0.000 0.000 0.000 
0.000 0.000 0.000 0.000 0.000 0.103 0.973 0.034 0.000 0.000 0.000 0.000 0.000 0.000 0.000 0.000 0.000 
0.000 0.000 0.000 0.000 0.000 0.000 0.000 0.000 0.000 0.000 0.050 0.997 0.073 0.000 0.000 0.000 0.000 
0.000 0.000 0.000 0.000 0.000 0.000 0.000 0.000 0.000 0.000 0.000 0.000 0.000 0.000 0.000 0.022 0.925 
0.000 0.000 0.000 0.221 0.820 0.011 0.000 0.000 0.000 0.000 0.000 0.000 0.000 0.000 0.000 0.000 0.000 
0.000 0.000 0.000 0.000 0.000 0.000 0.000 0.000 0.122 0.952 0.028 0.027 0.000 0.000 0.000 0.000 0.000 
0.000 0.000 0.000 0.000 0.000 0.000 0.000 0.000 0.000 0.000 0.000 0.000 0.000 0.061 1.000 1.000 0.061 
0.000 0.406 0.408 0.590 0.000 0.000 0.000 0.000 0.000 0.000 0.000 0.000 0.000 0.000 0.000 0.000 0.000 
0.000 0.000 0.000 0.000 0.000 0.000 0.000 0.255 0.776 0.000 0.000 0.000 0.000 0.000 0.000 0.000 0.000 
0.000 0.000 0.000 0.000 0.000 0.000 0.000 0.000 0.000 0.000 0.000 0.000 0.144 0.925 0.022 0.000 0.000 
0.640 0.364 0.000 0.000 0.000 0.000 0.000 0.000 0.000 0.000 0.000 0.000 0.000 0.000 0.000 0.000 0.000 
0.000 0.000 0.000 0.000 0.000 0.452 0.543 0.000 0.000 0.000 0.000 0.000 0.000 0.000 0.000 0.000 0.000 
0.000 0.000 0.000 0.000 0.000 0.000 0.000 0.000 0.000 0.000 0.289 0.732 0.000 0.000 0.000 0.000 0.000 
0.000 0.000 0.000 0.000 0.000 0.000 0.000 0.000 0.000 0.000 0.000 0.000 0.000 0.000 0.000 0.167 0.893 
0.000 0.000 0.000 0.687 0.325 0.000 0.000 0.000 0.000 0.000 0.000 0.000 0.000 0.000 0.000 0.000 0.000 
0.710 0.783 0.849 0.906 0.951 0.982 0.998 0.998 0.981 0.949 0.904 0.846 0.419 0.492 0.569 0.646 0.722 
0.713 0.785 0.851 0.908 0.952 0.983 0.998 0.998 0.980 0.948 0.902 0.354 0.422 0.495 0.571 0.648 0.724 
0.715 0.787 0.853 0.909 0.954 0.984 0.999 0.997 0.980 0.947 0.294 0.356 0.424 0.497 0.574 0.651 0.727 
0.718 0.790 0.855 0.911 0.955 0.985 0.999 0.997 0.979 0.240 0.296 0.358 0.427 0.500 0.576 0.654 0.729 
0.720 0.792 0.857 0.913 0.956 0.985 0.999 0.997 0.194 0.242 0.298 0.360 0.429 0.502 0.579 0.656 0.732 
0.723 0.794 0.859 0.914 0.957 0.986 0.999 0.154 0.195 0.244 0.300 0.363 0.431 0.505 0.581 0.659 0.734 
0.725 0.797 0.861 0.916 0.959 0.987 0.120 0.155 0.197 0.246 0.302 0.365 0.434 0.507 0.584 0.661 0.737 
0.727 0.799 0.863 0.918 0.960 0.092 0.121 0.156 0.198 0.247 0.304 0.367 0.436 0.510 0.587 0.664 0.739 
0.730 0.801 0.865 0.919 0.070 0.093 0.122 0.158 0.200 0.249 0.306 0.369 0.438 0.512 0.589 0.666 0.742 
0.732 0.804 0.867 0.052 0.071 0.094 0.123 0.159 0.201 0.251 0.308 0.371 0.441 0.515 0.592 0.669 0.744 
0.735 0.806 0.038 0.053 0.071 0.095 0.124 0.160 0.203 0.253 0.310 0.374 0.443 0.517 0.594 0.672 0.746 
0.737 0.028 0.039 0.053 0.072 0.096 0.125 0.161 0.204 0.254 0.312 0.376 0.446 0.520 0.597 0.674 0.749 
0.000 0.000 0.000 0.000 0.000 0.000 0.000 0.000 0.000 0.000 0.000 0.000 0.000 0.000 0.000 0.000 0.000 
# 3 1 17 17
0.000 0.000 0.000 0.000 0.000 0.000 0.000 0.012 1.000 0.299 0.000 0.000 0.000 0.000 0.000 0.000 0.000 
0.000 0.000 0.000 0.000 0.000 0.000 0.000 0.000 0.012 1.000 0.299 0.000 0.000 0.000 0.000 0.000 0.000 
0.000 0.000 0.000 0.000 0.000 0.000 0.000 0.000 0.000 0.012 1.000 0.299 0.000 0.000 0.000 0.000 0.000 
0.000 0.000 0.000 0.000 0.000 0.000 0.000 0.000 0.000 0.000 0.012 1.000 0.299 0.000 0.000 0.000 0.000 
0.000 0.000 0.000 0.000 0.000 0.000 0.000 0.000 0.000 0.000 0.000 0.012 1.000 0.299 0.000 0.000 0.000 
0.000 0.000 0.000 0.000 0.000 0.000 0.000 0.000 0.000 0.000 0.000 0.000 0.012 1.000 0.299 0.000 0.000 
0.000 0.000 0.000 0.000 0.000 0.000 0.000 0.000 0.000 0.000 0.000 0.000 0.000 0.012 1.000 0.299 0.000 
0.012 0.000 0.000 0.000 0.000 0.000 0.000 0.000 0.000 0.000 0.000 0.000 0.000 0.000 0.012 1.000 0.299 
1.000 0.012 0.000 0.000 0.000 0.000 0.000 0.000 0.000 0.000 0.000 0.000 0.000 0.000 0.000 0.012 1.000 
0.299 1.000 0.012 0.000 0.000 0.000 0.000 0.000 0.000 0.000 0.000 0.000 0.000 0.000 0.000 0.000 0.012 
0.000 0.299 1.000 0.012 0.000 0.000 0.000 0.000 0.000 0.000 0.000 0.000 0.000 0.000 0.000 0.000 0.000 
0.000 0.000 0.299 1.000 0.012 0.000 0.000 0.000 0.000 0.000 0.000 0.000 0.000 0.000 0.000 0.000 0.000 
0.000 0.000 0.000 0.299 1.000 0.012 0.000 0.000 0.000 0.000 0.000 0.000 0.000 0.000 0.000 0.000 0.000 
0.000 0.000 0.000 0.000 0.299 1.000 0.012 0.000 0.000 0.000 0.000 0.000 0.000 0.000 0.000 0.000 0.000 
0.000 0.000 0.000 0.000 0.000 0.299 1.000 0.012 0.000 0.000 0.000 0.000 0.000 0.000 0.000 0.000 0.000 
0.000 0.000 0.000 0.000 0.000 0.000 0.299 1.000 0.012 0.000 0.000 0.000 0.000 0.000 0.000 0.000 0.000 
0.000 0.000 0.000 0.000 0.000 0.000 0.000 0.299 1.000 0.012 0.000 0.000 0.000 0.000 0.000 0.000 0.000 
# 3 2 18 17
0.000 0.000 0.000 0.000 0.000 0.000 0.000 0.012 0.833 0.213 0.000 0.000 0.000 0.000 0.000 0.000 0.000 
0.000 0.000 0.000 0.000 0.000 0.000 0.000 0.018 0.895 0.168 0.000 0.000 0.000 0.000 0.000 0.000 0.000 
0.000 0.000 0.000 0.000 0.000 0.000 0.000 0.026 0.944 0.130 0.000 0.000 0.000 0.000 0.000 0.000 0.000 
0.000 0.000 0.000 0.000 0.000 0.000 0.000 0.036 0.979 0.098 0.000 0.000 0.000 0.000 0.000 0.000 0.000 
0.000 0.000 0.000 0.000 0.000 0.000 0.000 0.050 0.998 0.074 0.000 0.000 0.000 0.000 0.000 0.000 0.000 
0.000 0.000 0.000 0.000 0.000 0.000 0.000 0.069 1.000 0.054 0.000 0.000 0.000 0.000 0.000 0.000 0.000 
0.000 0.000 0.000 0.000 0.000 0.000 0.000 0.092 0.985 0.039 0.000 0.000 0.000 0.000 0.000 0.000 0.000 
0.000 0.000 0.000 0.000 0.000 0.000 0.000 0.122 0.953 0.028 0.202 0.000 0.000 0.000 0.000 0.000 0.000 
0.000 0.000 0.000 0.000 0.000 0.000 0.000 0.158 0.907 0.907 0.158 0.000 0.000 0.000 0.000 0.000 0.000 
0.000 0.000 0.000 0.000 0.000 0.000 0.000 0.202 0.028 0.953 0.122 0.000 0.000 0.000 0.000 0.000 0.000 
0.000 0.000 0.000 0.000 0.000 0.000 0.000 0.000 0.039 0.985 0.092 0.000 0.000 0.000 0.000 0.000 0.000 
0.000 0.000 0.000 0.000 0.000 0.000 0.000 0.000 0.054 1.000 0.069 0.000 0.000 0.000 0.000 0.000 0.000 
0.000 0.000 0.000 0.000 0.000 0.000 0.000 0.000 0.074 0.998 0.050 0.000 0.000 0.000 0.000 0.000 0.000 
0.000 0.000 0.000 0.000 0.000 0.000 0.000 0.000 0.098 0.979 0.036 0.000 0.000 0.000 0.000 0.000 0.000 
0.000 0.000 0.000 0.000 0.000 0.000 0.000 0.000 0.130 0.944 0.026 0.000 0.000 0.000 0.000 0.000 0.000 
0.000 0.000 0.000 0.000 0.000 0.000 0.000 0.000 0.168 0.895 0.018 0.000 0.000 0.000 0.000 0.000 0.000 
0.000 0.000 0.000 0.000 0.000 0.000 0.000 0.000 0.213 0.833 0.012 0.000 0.000 0.000 0.000 0.000 0.000 
0.941 0.976 0.996 0.999 0.987 0.959 0.917 0.863 0.798 0.727 0.651 0.573 0.497 0.762 0.830 0.890 0.939 
# 3 4 6 17
0.000 0.000 0.000 0.000 0.000 0.000 0.000 0.000 0.018 0.896 0.168 0.000 0.000 0.000 0.000 0.000 0.000 
0.000 0.000 0.018 0.896 0.168 0.000 0.000 0.000 0.000 0.000 0.000 0.000 0.000 0.000 0.000 0.000 0.000 
0.000 0.000 0.000 0.000 0.000 0.000 0.000 0.000 0.000 0.000 0.000 0.000 0.000 0.000 0.000 0.000 0.050 
0.000 0.000 0.000 0.000 0.000 0.000 0.000 0.000 0.000 0.000 0.050 1.000 0.074 0.000 0.000 0.000 0.000 
0.000 0.000 0.000 0.000 0.050 1.000 0.074 0.000 0.000 0.000 0.000 0.000 0.000 0.000 0.000 0.000 0.000 
0.074 0.000 0.000 0.000 0.000 0.000 0.000 0.000 0.000 0.000 0.000 0.000 0.000 0.000 0.000 0.000 0.000 
# 4 0 30 6
0.000 0.103 0.035 0.000 0.000 0.000 
0.000 0.000 0.103 0.035 0.000 0.000 
0.504 0.000 0.000 0.103 0.035 0.000 
0.000 0.504 0.000 0.000 0.103 0.035 
0.000 0.000 0.504 0.000 0.000 0.103 
0.000 0.000 0.000 0.504 0.000 0.000 
-0.988 -1.000 -0.982 -0.935 -0.865 -0.776 
-0.989 -1.000 -0.981 -0.934 -0.862 -0.773 
-0.990 -1.000 -0.979 -0.932 -0.860 -0.770 
-0.991 -0.999 -0.978 -0.929 -0.857 -0.767 
-0.991 -0.999 -0.977 -0.927 -0.854 -0.764 
-0.992 -0.999 -0.976 -0.925 -0.851 -0.760 
-0.993 -0.999 -0.975 -0.923 -0.849 -0.757 
-0.994 -0.998 -0.973 -0.921 -0.846 -0.754 
-0.994 -0.998 -0.972 -0.919 -0.843 -0.750 
-0.995 -0.997 -0.971 -0.917 -0.840 -0.747 
-0.995 -0.997 -0.969 -0.914 -0.837 -0.744 
-0.996 -0.997 -0.968 -0.912 -0.834 -0.741 
-0.996 -0.996 -0.966 -0.910 -0.831 -0.737 
-0.997 -0.996 -0.965 -0.908 -0.829 -0.734 
-0.997 -0.995 -0.963 -0.905 -0.826 -0.731 
-0.998 -0.994 -0.962 -0.903 -0.823 -0.727 
-0.998 -0.994 -0.960 -0.901 -0.820 -0.724 
-0.998 -0.993 -0.959 -0.898 -0.817 -0.721 
-0.999 -0.992 -0.957 -0.896 -0.814 0.000 
-0.999 -0.992 -0.956 -0.893 0.000 0.000 
-0.999 -0.991 -0.954 0.000 0.000 0.000 
-0.999 -0.990 0.000 0.000 0.000 0.000 
-1.000 0.000 0.000 0.000 0.000 0.000 
0.000 0.000 0.000 0.000 0.000 0.000 
# 4 1 17 6
0.000 0.043 0.082 0.000 0.000 0.000 
0.000 0.000 0.000 0.021 0.147 0.000 
0.000 0.000 0.963 0.000 0.000 0.000 
0.000 0.248 0.000 0.000 1.000 0.000 
0.380 0.000 0.000 0.149 0.000 0.000 
0.000 0.000 0.539 0.000 0.000 0.000 
-0.213 -0.154 -0.109 -0.074 -0.049 -0.032 
-0.990 -1.000 -0.984 -1.000 -0.986 -0.944 
-0.054 -0.035 -0.022 -0.013 0.000 0.000 
-0.992 -0.955 -0.893 -0.810 -0.713 -0.610 
0.000 0.000 0.000 0.000 -0.557 -0.662 
-0.734 -0.631 -0.527 -0.427 -0.335 -0.256 
-0.535 -0.640 -0.743 -0.836 -0.914 -0.969 
-0.353 -0.271 -0.202 -0.146 -0.102 -0.070 
-0.899 -0.959 -0.993 -0.998 -0.989 -1.000 
-0.110 -0.076 -0.050 -0.032 -0.020 -0.012 
-0.982 -1.000 -0.988 -0.947 -0.881 -0.795 
# 4 2 18 6
0.000 0.062 0.094 0.000 0.000 0.000 
0.000 0.000 0.062 0.094 0.000 0.000 
0.869 0.000 0.000 0.062 0.094 0.000 
0.000 0.869 0.000 0.000 0.062 0.094 
0.000 0.000 0.869 0.000 0.000 0.062 
0.000 0.000 0.000 0.869 0.000 0.000 
-0.018 -0.011 0.000 0.000 0.000 0.000 
-0.770 -0.670 -0.565 -0.462 -0.367 -0.283 
0.000 -0.711 -0.808 -0.891 -0.954 -0.991 
-0.222 -0.162 -0.115 -0.079 -0.053 -0.034 
-1.000 -0.983 -1.000 -0.989 -0.950 -0.885 
-0.023 -0.014 0.000 0.000 0.000 -0.470 
-0.815 -0.719 -0.615 -0.511 -0.412 -0.322 
-0.556 -0.661 -0.763 -0.853 -0.927 -0.977 
-0.256 -0.190 -0.136 -0.095 -0.064 -0.042 
-0.997 -0.995 -0.994 -0.998 -0.972 -0.919 
-0.029 -0.018 -0.187 -0.253 -0.332 -0.423 
-0.857 -0.766 -0.665 -0.561 -0.458 -0.364 
# 4 3 17 6
0.000 0.043 0.082 0.000 0.000 0.000 
0.000 0.000 0.000 0.021 0.147 0.000 
0.000 0.000 0.963 0.000 0.000 0.000 
0.000 0.248 0.000 0.000 1.000 0.000 
0.380 0.000 0.000 0.149 0.000 0.000 
0.000 0.000 0.539 0.000 0.000 0.000 
-0.169 -0.120 -0.083 -0.055 -0.036 -0.023 
-1.000 -0.982 -1.000 -0.988 -0.948 -0.882 
-0.036 -0.023 -0.014 0.000 0.000 0.000 
-0.948 -0.882 -0.797 -0.699 -0.594 -0.491 
0.000 0.000 0.000 0.000 -0.699 -0.797 
-0.594 -0.491 -0.393 -0.306 -0.231 -0.169 
-0.699 -0.797 -0.882 -0.948 -0.988 -1.000 
-0.231 -0.169 -0.120 -0.083 -0.055 -0.036 
-0.988 -1.000 -0.982 -1.000 -0.988 -0.948 
-0.055 -0.036 -0.023 -0.014 0.000 0.000 
-0.988 -0.948 -0.882 -0.797 -0.699 -0.594 
# 5 0 30 10
0.440 0.650 0.848 0.976 0.991 0.889 0.703 0.490 0.302 0.164 
0.508 0.440 0.650 0.848 0.976 0.991 0.889 0.703 0.490 0.302 
0.720 0.508 0.440 0.650 0.848 0.976 0.991 0.889 0.703 0.490 
0.901 0.720 0.508 0.440 0.650 0.848 0.976 0.991 0.889 0.703 
0.995 0.901 0.720 0.508 0.440 0.650 0.848 0.976 0.991 0.889 
0.969 0.995 0.901 0.720 0.508 0.440 0.650 0.848 0.976 0.991 
0.833 0.969 0.995 0.901 0.720 0.508 0.440 0.650 0.848 0.976 
0.632 0.833 0.969 0.995 0.901 0.720 0.508 0.440 0.650 0.848 
0.423 0.632 0.833 0.969 0.995 0.901 0.720 0.508 0.440 0.650 
0.250 0.423 0.632 0.833 0.969 0.995 0.901 0.720 0.508 0.440 
0.000 0.000 0.000 0.000 0.000 0.000 0.000 0.000 0.000 0.000 
0.000 0.000 0.000 0.000 0.000 0.000 0.000 0.000 0.000 0.000 
0.000 0.000 0.000 0.000 0.000 0.000 0.000 0.000 0.000 0.000 
0.000 0.000 0.000 0.000 0.000 0.000 0.000 0.000 0.000 0.000 
0.000 0.000 0.000 0.000 0.000 0.000 0.000 0.000 0.000 0.000 
0.000 0.000 0.000 0.000 0.000 0.000 0.000 0.000 0.000 0.000 
0.000 0.000 0.000 0.000 0.000 0.000 0.000 0.000 0.000 0.000 
0.000 0.000 0.000 0.000 0.000 0.000 0.000 0.000 0.000 0.000 
0.000 0.000 0.000 0.000 0.000 0.000 0.000 0.000 0.000 0.000 
0.000 0.000 0.000 0.000 0.000 0.000 0.000 0.000 0.000 0.000 
0.000 0.000 0.000 0.000 0.000 0.000 0.000 0.000 0.000 0.000 
0.000 0.000 0.000 0.000 0.000 0.000 0.000 0.000 0.000 0.000 
0.000 0.000 0.000 0.000 0.000 0.000 0.000 0.000 0.000 0.000 
0.000 0.000 0.000 0.000 0.000 0.000 0.000 0.000 0.000 0.000 
0.000 0.000 0.000 0.000 0.000 0.000 0.000 0.000 0.000 0.000 
0.000 0.000 0.000 0.000 0.000 0.000 0.000 0.000 0.000 0.000 
0.000 0.000 0.000 0.000 0.000 0.000 0.000 0.000 0.000 0.000 
0.000 0.000 0.000 0.000 0.000 0.000 0.000 0.000 0.000 0.000 
0.000 0.000 0.000 0.000 0.000 0.000 0.000 0.000 0.000 0.000 
0.000 0.000 0.000 0.000 0.000 0.000 0.000 0.000 0.000 0.000 
# 5 1 17 10
0.000 0.000 0.000 0.000 0.000 0.000 0.000 0.000 0.000 0.000 
0.000 0.000 0.000 0.000 0.000 0.000 0.000 0.000 0.000 0.000 
0.000 0.000 0.000 0.000 0.000 0.000 0.000 0.000 0.000 0.000 
0.000 0.000 0.000 0.000 0.000 0.000 0.000 0.000 0.000 0.000 
0.000 0.000 0.000 0.000 0.000 0.000 0.000 0.000 0.000 0.000 
0.000 0.000 0.000 0.000 0.000 0.000 0.000 0.000 0.000 0.000 
0.000 0.000 0.000 0.000 0.000 0.000 0.000 0.000 0.000 0.000 
0.000 0.000 0.000 0.000 0.000 0.000 0.000 0.000 0.000 0.000 
0.000 0.000 0.000 0.000 0.000 0.000 0.000 0.000 0.000 0.000 
0.000 0.000 0.000 0.000 0.000 0.000 0.000 0.000 0.000 0.000 
0.000 0.000 0.000 0.000 0.000 0.000 0.000 0.000 0.000 0.000 
0.000 0.000 0.000 0.000 0.000 0.000 0.000 0.000 0.000 0.000 
0.000 0.000 0.000 0.000 0.000 0.000 0.000 0.000 0.000 0.000 
0.000 0.000 0.000 0.000 0.000 0.000 0.000 0.000 0.000 0.000 
0.000 0.000 0.000 0.000 0.000 0.000 0.000 0.000 0.000 0.000 
0.000 0.000 0.000 0.000 0.000 0.000 0.000 0.000 0.000 0.000 
0.000 0.000 0.000 0.000 0.000 0.000 0.000 0.000 0.000 0.000 
# 5 2 18 10
0.000 0.000 0.000 0.000 0.000 0.000 0.000 0.000 0.000 0.000 
0.000 0.000 0.000 0.000 0.000 0.000 0.000 0.000 0.000 0.000 
0.000 0.000 0.000 0.000 0.000 0.000 0.000 0.000 0.000 0.000 
0.000 0.000 0.000 0.000 0.000 0.000 0.000 0.000 0.000 0.000 
0.000 0.000 0.000 0.000 0.000 0.000 0.000 0.000 0.000 0.000 
0.000 0.000 0.000 0.000 0.000 0.000 0.000 0.000 0.000 0.000 
0.000 0.000 0.000 0.000 0.000 0.000 0.000 0.000 0.000 0.000 
0.000 0.000 0.000 0.000 0.000 0.000 0.000 0.000 0.000 0.000 
0.000 0.000 0.000 0.000 0.000 0.000 0.000 0.000 0.000 0.000 
0.000 0.000 0.000 0.000 0.000 0.000 0.000 0.000 0.000 0.000 
0.000 0.000 0.000 0.000 0.000 0.000 0.000 0.000 0.000 0.000 
0.000 0.000 0.000 0.000 0.000 0.000 0.000 0.000 0.000 0.000 
0.000 0.000 0.000 0.000 0.000 0.000 0.000 0.000 0.000 0.000 
0.000 0.000 0.000 0.000 0.000 0.000 0.000 0.000 0.000 0.000 
0.000 0.000 0.000 0.000 0.000 0.000 0.000 0.000 0.000 0.000 
0.000 0.000 0.000 0.000 0.000 0.000 0.000 0.000 0.000 0.000 
0.000 0.000 0.000 0.000 0.000 0.000 0.000 0.000 0.000 0.000 
0.000 0.000 0.000 0.000 0.000 0.000 0.000 0.000 0.000 0.000 
# 5 3 17 10
0.000 0.000 0.000 0.000 0.000 0.000 0.000 0.000 0.000 0.000 
0.000 0.000 0.000 0.000 0.000 0.000 0.000 0.000 0.000 0.000 
0.000 0.000 0.000 0.000 0.000 0.000 0.000 0.000 0.000 0.000 
0.000 0.000 0.000 0.000 0.000 0.000 0.000 0.000 0.000 0.000 
0.000 0.000 0.000 0.000 0.000 0.000 0.000 0.000 0.000 0.000 
0.000 0.000 0.000 0.000 0.000 0.000 0.000 0.000 0.000 0.000 
0.000 0.000 0.000 0.000 0.000 0.000 0.000 0.000 0.000 0.000 
0.000 0.000 0.000 0.000 0.000 0.000 0.000 0.000 0.000 0.000 
0.000 0.000 0.000 0.000 0.000 0.000 0.000 0.000 0.000 0.000 
0.000 0.000 0.000 0.000 0.000 0.000 0.000 0.000 0.000 0.000 
0.000 0.000 0.000 0.000 0.000 0.000 0.000 0.000 0.000 0.000 
0.000 0.000 0.000 0.000 0.000 0.000 0.000 0.000 0.000 0.000 
0.000 0.000 0.000 0.000 0.000 0.000 0.000 0.000 0.000 0.000 
0.000 0.000 0.000 0.000 0.000 0.000 0.000 0.000 0.000 0.000 
0.000 0.000 0.000 0.000 0.000 0.000 0.000 0.000 0.000 0.000 
0.000 0.000 0.000 0.000 0.000 0.000 0.000 0.000 0.000 0.000 
0.000 0.000 0.000 0.000 0.000 0.000 0.000 0.000 0.000 0.000 
# 5 4 6 10
0.000 0.000 0.000 0.000 0.000 0.000 0.000 0.000 0.000 0.000 
0.000 0.000 0.000 0.000 0.000 0.000 0.000 0.000 0.000 0.000 
0.000 0.000 0.000 0.000 0.000 0.000 0.000 0.000 0.000 0.000 
0.000 0.000 0.000 0.000 0.000 0.000 0.000 0.000 0.000 0.000 
0.000 0.000 0.000 0.000 0.000 0.000 0.000 0.000 0.000 0.000 
0.000 0.000 0.000 0.000 0.000 0.000 0.000 0.000 0.000 0.000 
