2.254537
2
# 0 1 10 30
0.392 0.180 0.392 0.677 0.924 1.000 0.857 0.582 0.313 0.133 0.045 0.012 0.000 0.000 0.000 0.000 0.000 0.000 0.000 0.000 0.000 0.000 0.000 0.000 0.000 0.000 0.000 0.000 0.000 0.000 
0.045 0.012 0.000 0.000 0.000 0.000 0.000 0.000 0.000 0.000 0.000 0.000 0.000 0.000 0.000 0.000 0.000 0.000 0.000 0.000 1.000 0.924 0.677 0.392 0.180 0.392 0.677 0.924 1.000 0.857 
0.000 0.000 0.000 0.000 0.000 0.000 0.000 0.000 0.000 0.000 1.000 0.924 0.677 0.392 0.180 0.392 0.677 0.924 1.000 0.857 0.582 0.313 0.133 0.045 0.012 0.000 0.000 0.000 0.000 0.000 
1.000 0.924 0.677 0.392 0.180 0.392 0.677 0.924 1.000 0.857 0.582 0.313 0.133 0.045 0.012 0.000 0.000 0.000 0.000 0.000 0.000 0.000 0.000 0.000 0.000 0.000 0.000 0.000 0.000 0.000 
0.582 0.313 0.133 0.045 0.012 0.000 0.000 0.000 0.000 0.000 0.000 0.000 0.000 0.000 0.000 0.000 0.000 0.000 0.000 0.000 0.313 0.582 0.857 1.000 0.924 0.677 0.392 0.180 0.392 0.677 
0.000 0.000 0.000 0.000 0.000 0.000 0.000 0.000 0.000 0.000 0.313 0.582 0.857 1.000 0.924 0.677 0.392 0.180 0.392 0.677 0.924 1.000 0.857 0.582 0.313 0.133 0.045 0.012 0.000 0.000 
0.313 0.582 0.857 1.000 0.924 0.677 0.392 0.180 0.392 0.677 0.924 1.000 0.857 0.582 0.313 0.133 0.045 0.012 0.000 0.000 0.000 0.000 0.000 0.000 0.000 0.000 0.000 0.000 0.000 0.000 
0.924 1.000 0.857 0.582 0.313 0.133 0.045 0.012 0.000 0.000 0.000 0.000 0.000 0.000 0.000 0.000 0.000 0.000 0.000 0.000 0.012 0.045 0.133 0.313 0.582 0.857 1.000 0.924 0.677 0.392 
0.000 0.000 0.000 0.000 0.000 0.000 0.000 0.000 0.000 0.000 0.012 0.045 0.133 0.313 0.582 0.857 1.000 0.924 0.677 0.392 0.180 0.392 0.677 0.924 1.000 0.857 0.582 0.313 0.133 0.045 
0.012 0.045 0.133 0.313 0.582 0.857 1.000 0.924 0.677 0.392 0.180 0.392 0.677 0.924 1.000 0.857 0.582 0.313 0.133 0.045 0.012 0.000 0.000 0.000 0.000 0.000 0.000 0.000 0.000 0.000 
# 1 0 30 10
0.000 0.000 0.000 -0.152 -1.000 -0.227 0.000 0.000 0.000 0.000 
0.000 0.000 0.000 0.000 -0.152 -1.000 -0.227 0.000 0.000 0.000 
0.000 0.000 0.000 0.000 0.000 -0.152 -1.000 -0.227 0.000 0.000 
0.000 0.000 0.000 0.000 0.000 0.000 -0.152 -1.000 -0.227 0.000 
-0.415 0.000 0.000 0.000 0.000 0.000 0.000 -0.152 -1.000 -0.227 
-0.886 -0.415 0.000 0.000 0.000 0.000 0.000 0.000 -0.152 -1.000 
-0.065 -0.886 -0.415 0.000 0.000 0.000 0.000 0.000 0.000 -0.152 
0.000 -0.065 -0.886 -0.415 0.000 0.000 0.000 0.000 0.000 0.000 
0.000 0.000 -0.065 -0.886 -0.415 0.000 0.000 0.000 0.000 0.000 
0.000 0.000 0.000 -0.065 -0.886 -0.415 0.000 0.000 0.000 0.000 
0.000 0.000 0.000 0.000 0.000 0.000 0.000 0.000 0.000 0.000 
0.000 0.000 0.000 0.000 0.000 0.000 0.000 0.000 0.000 0.000 
0.000 0.000 0.000 0.000 0.000 0.000 0.000 0.000 0.000 0.000 
0.000 0.000 0.000 0.000 0.000 0.000 0.000 0.000 0.000 0.000 
0.000 0.000 0.000 0.000 0.000 0.000 0.000 0.000 0.000 0.000 
0.000 0.000 0.000 0.000 0.000 0.000 0.000 0.000 0.000 0.000 
0.000 0.000 0.000 0.000 0.000 0.000 0.000 0.000 0.000 0.000 
0.000 0.000 0.000 0.000 0.000 0.000 0.000 0.000 0.000 0.000 
0.000 0.000 0.000 0.000 0.000 0.000 0.000 0.000 0.000 0.000 
0.000 0.000 0.000 0.000 0.000 0.000 0.000 0.000 0.000 0.000 
0.000 0.000 0.000 0.000 0.000 0.000 0.000 0.000 0.000 0.000 
0.000 0.000 0.000 0.000 0.000 0.000 0.000 0.000 0.000 0.000 
0.000 0.000 0.000 0.000 0.000 0.000 0.000 0.000 0.000 0.000 
0.000 0.000 0.000 0.000 0.000 0.000 0.000 0.000 0.000 0.000 
0.000 0.000 0.000 0.000 0.000 0.000 0.000 0.000 0.000 0.000 
0.000 0.000 0.000 0.000 0.000 0.000 0.000 0.000 0.000 0.000 
0.000 0.000 0.000 0.000 0.000 0.000 0.000 0.000 0.000 0.000 
0.000 0.000 0.000 0.000 0.000 0.000 0.000 0.000 0.000 0.000 
0.000 0.000 0.000 0.000 0.000 0.000 0.000 0.000 0.000 0.000 
0.000 0.000 0.000 0.000 0.000 0.000 0.000 0.000 0.000 0.000 
