2.258125
4
# 0 1 10 30
0.996 1.000 0.996 0.938 0.835 0.702 0.558 0.419 0.297 0.199 0.126 0.076 0.043 0.023 0.012 0.000 0.000 0.000 0.000 0.000 0.000 0.000 0.000 0.000 0.000 0.000 0.000 0.000 0.000 0.000 
0.126 0.076 0.043 0.023 0.012 0.000 0.000 0.000 0.000 0.000 0.000 0.000 0.000 0.000 0.000 0.000 0.000 0.000 0.000 0.000 0.702 0.835 0.938 0.996 1.000 0.996 0.938 0.835 0.702 0.558 
0.000 0.000 0.000 0.000 0.000 0.000 0.000 0.000 0.000 0.000 0.702 0.835 0.938 0.996 1.000 0.996 0.938 0.835 0.702 0.558 0.419 0.297 0.199 0.126 0.076 0.043 0.023 0.012 0.000 0.000 
0.702 0.835 0.938 0.996 1.000 0.996 0.938 0.835 0.702 0.558 0.419 0.297 0.199 0.126 0.076 0.043 0.023 0.012 0.000 0.000 0.000 0.000 0.000 0.000 0.000 0.000 0.000 0.000 0.000 0.000 
0.419 0.297 0.199 0.126 0.076 0.043 0.023 0.012 0.000 0.000 0.000 0.000 0.000 0.000 0.000 0.000 0.000 0.000 0.000 0.000 0.297 0.419 0.558 0.702 0.835 0.938 0.996 1.000 0.996 0.938 
0.000 0.000 0.000 0.000 0.000 0.000 0.000 0.000 0.000 0.000 0.297 0.419 0.558 0.702 0.835 0.938 0.996 1.000 0.996 0.938 0.835 0.702 0.558 0.419 0.297 0.199 0.126 0.076 0.043 0.023 
0.297 0.419 0.558 0.702 0.835 0.938 0.996 1.000 0.996 0.938 0.835 0.702 0.558 0.419 0.297 0.199 0.126 0.076 0.043 0.023 0.012 0.000 0.000 0.000 0.000 0.000 0.000 0.000 0.000 0.000 
0.835 0.702 0.558 0.419 0.297 0.199 0.126 0.076 0.043 0.023 0.012 0.000 0.000 0.000 0.000 0.000 0.000 0.000 0.000 0.000 0.076 0.126 0.199 0.297 0.419 0.558 0.702 0.835 0.938 0.996 
0.012 0.000 0.000 0.000 0.000 0.000 0.000 0.000 0.000 0.000 0.076 0.126 0.199 0.297 0.419 0.558 0.702 0.835 0.938 0.996 1.000 0.996 0.938 0.835 0.702 0.558 0.419 0.297 0.199 0.126 
0.076 0.126 0.199 0.297 0.419 0.558 0.702 0.835 0.938 0.996 1.000 0.996 0.938 0.835 0.702 0.558 0.419 0.297 0.199 0.126 0.076 0.043 0.023 0.012 0.000 0.000 0.000 0.000 0.000 0.000 
# 0 2 19 30
0.999 0.998 0.955 0.864 0.738 0.596 0.455 0.329 0.224 0.144 0.088 0.051 0.028 0.014 0.000 0.000 0.000 0.000 0.000 0.000 0.000 0.000 0.000 0.000 0.000 0.000 0.000 0.000 0.000 0.000 
0.000 0.000 0.000 0.000 0.000 0.000 0.000 0.000 0.000 0.000 0.000 0.944 0.995 0.997 0.986 0.922 0.814 0.680 0.536 0.400 0.282 0.187 0.118 0.070 0.039 0.021 0.011 0.000 0.000 0.000 
0.400 0.282 0.187 0.118 0.070 0.039 0.021 0.011 0.000 0.000 0.000 0.000 0.000 0.000 0.000 0.000 0.000 0.000 0.000 0.000 0.000 0.000 0.774 0.892 0.971 1.000 1.000 0.965 0.881 0.760 
0.000 0.000 0.000 0.774 0.892 0.971 1.000 1.000 0.965 0.881 0.760 0.619 0.477 0.347 0.239 0.155 0.095 0.055 0.030 0.016 0.000 0.000 0.000 0.000 0.000 0.000 0.000 0.000 0.000 0.000 
0.016 0.000 0.000 0.000 0.000 0.000 0.000 0.000 0.000 0.000 0.000 0.000 0.000 0.000 0.551 0.694 0.827 0.931 0.990 0.995 0.992 0.935 0.833 0.702 0.559 0.420 0.299 0.201 0.127 0.076 
0.995 0.992 0.935 0.833 0.702 0.559 0.420 0.299 0.201 0.127 0.076 0.043 0.023 0.012 0.000 0.000 0.000 0.000 0.000 0.000 0.000 0.000 0.000 0.000 0.000 0.341 0.470 0.612 0.753 0.875 
0.000 0.000 0.000 0.000 0.000 0.000 0.341 0.470 0.612 0.753 0.875 0.962 0.999 1.000 0.974 0.897 0.781 0.642 0.499 0.366 0.254 0.167 0.103 0.061 0.034 0.018 0.000 0.000 0.000 0.000 
0.366 0.254 0.167 0.103 0.061 0.034 0.018 0.000 0.000 0.000 0.000 0.000 0.000 0.000 0.000 0.000 0.000 0.183 0.276 0.393 0.529 0.672 0.808 0.917 0.984 0.998 0.996 0.947 0.852 0.724 
0.393 0.529 0.672 0.808 0.917 0.984 0.998 0.996 0.947 0.852 0.724 0.581 0.441 0.316 0.214 0.137 0.083 0.048 0.026 0.013 0.000 0.000 0.000 0.000 0.000 0.000 0.000 0.000 0.085 0.141 
0.013 0.000 0.000 0.000 0.000 0.000 0.000 0.000 0.000 0.085 0.141 0.219 0.322 0.448 0.589 0.731 0.858 0.951 0.997 0.999 0.982 0.912 0.801 0.665 0.521 0.386 0.270 0.179 0.112 0.066 
0.999 0.982 0.912 0.801 0.665 0.521 0.386 0.270 0.179 0.112 0.066 0.037 0.020 0.000 0.000 0.000 0.000 0.000 0.000 0.000 0.035 0.062 0.106 0.171 0.260 0.373 0.506 0.649 0.787 0.902 
0.000 0.035 0.062 0.106 0.171 0.260 0.373 0.506 0.649 0.787 0.902 0.977 1.000 0.999 0.959 0.870 0.746 0.604 0.463 0.335 0.229 0.148 0.090 0.052 0.028 0.015 0.000 0.000 0.000 0.000 
0.335 0.229 0.148 0.090 0.052 0.028 0.015 0.000 0.000 0.000 0.000 0.000 0.012 0.024 0.045 0.079 0.131 0.205 0.304 0.427 0.566 0.709 0.840 0.939 0.993 0.996 0.988 0.926 0.821 0.687 
0.427 0.566 0.709 0.840 0.939 0.993 0.996 0.988 0.926 0.821 0.687 0.544 0.406 0.287 0.192 0.121 0.072 0.041 0.022 0.011 0.000 0.000 0.000 0.000 0.000 0.016 0.031 0.057 0.098 0.159 
0.011 0.000 0.000 0.000 0.000 0.000 0.016 0.031 0.057 0.098 0.159 0.244 0.354 0.484 0.627 0.767 0.886 0.968 1.000 1.000 0.968 0.886 0.767 0.627 0.484 0.354 0.244 0.159 0.098 0.057 
1.000 0.968 0.886 0.767 0.627 0.484 0.354 0.244 0.159 0.098 0.057 0.031 0.016 0.000 0.000 0.000 0.000 0.000 0.011 0.022 0.041 0.072 0.121 0.192 0.287 0.406 0.544 0.687 0.821 0.926 
0.022 0.041 0.072 0.121 0.192 0.287 0.406 0.544 0.687 0.821 0.926 0.988 0.996 0.993 0.939 0.840 0.709 0.566 0.427 0.304 0.205 0.131 0.079 0.045 0.024 0.012 0.000 0.000 0.000 0.000 
0.304 0.205 0.131 0.079 0.045 0.024 0.012 0.000 0.000 0.000 0.000 0.000 0.015 0.028 0.052 0.090 0.148 0.229 0.335 0.463 0.604 0.746 0.870 0.959 0.999 1.000 0.977 0.902 0.787 0.649 
0.463 0.604 0.746 0.870 0.959 0.999 1.000 0.977 0.902 0.787 0.649 0.506 0.373 0.260 0.171 0.106 0.062 0.035 0.000 0.000 0.000 0.000 0.000 0.000 0.000 0.020 0.037 0.066 0.112 0.179 
# 0 3 10 30
0.996 1.000 0.996 0.938 0.835 0.702 0.558 0.419 0.297 0.199 0.126 0.076 0.043 0.023 0.012 0.000 0.000 0.000 0.000 0.000 0.000 0.000 0.000 0.000 0.000 0.000 0.000 0.000 0.000 0.000 
0.126 0.076 0.043 0.023 0.012 0.000 0.000 0.000 0.000 0.000 0.000 0.000 0.000 0.000 0.000 0.000 0.000 0.000 0.000 0.000 0.702 0.835 0.938 0.996 1.000 0.996 0.938 0.835 0.702 0.558 
0.000 0.000 0.000 0.000 0.000 0.000 0.000 0.000 0.000 0.000 0.702 0.835 0.938 0.996 1.000 0.996 0.938 0.835 0.702 0.558 0.419 0.297 0.199 0.126 0.076 0.043 0.023 0.012 0.000 0.000 
0.702 0.835 0.938 0.996 1.000 0.996 0.938 0.835 0.702 0.558 0.419 0.297 0.199 0.126 0.076 0.043 0.023 0.012 0.000 0.000 0.000 0.000 0.000 0.000 0.000 0.000 0.000 0.000 0.000 0.000 
0.419 0.297 0.199 0.126 0.076 0.043 0.023 0.012 0.000 0.000 0.000 0.000 0.000 0.000 0.000 0.000 0.000 0.000 0.000 0.000 0.297 0.419 0.558 0.702 0.835 0.938 0.996 1.000 0.996 0.938 
0.000 0.000 0.000 0.000 0.000 0.000 0.000 0.000 0.000 0.000 0.297 0.419 0.558 0.702 0.835 0.938 0.996 1.000 0.996 0.938 0.835 0.702 0.558 0.419 0.297 0.199 0.126 0.076 0.043 0.023 
0.297 0.419 0.558 0.702 0.835 0.938 0.996 1.000 0.996 0.938 0.835 0.702 0.558 0.419 0.297 0.199 0.126 0.076 0.043 0.023 0.012 0.000 0.000 0.000 0.000 0.000 0.000 0.000 0.000 0.000 
0.835 0.702 0.558 0.419 0.297 0.199 0.126 0.076 0.043 0.023 0.012 0.000 0.000 0.000 0.000 0.000 0.000 0.000 0.000 0.000 0.076 0.126 0.199 0.297 0.419 0.558 0.702 0.835 0.938 0.996 
0.012 0.000 0.000 0.000 0.000 0.000 0.000 0.000 0.000 0.000 0.076 0.126 0.199 0.297 0.419 0.558 0.702 0.835 0.938 0.996 1.000 0.996 0.938 0.835 0.702 0.558 0.419 0.297 0.199 0.126 
0.076 0.126 0.199 0.297 0.419 0.558 0.702 0.835 0.938 0.996 1.000 0.996 0.938 0.835 0.702 0.558 0.419 0.297 0.199 0.126 0.076 0.043 0.023 0.012 0.000 0.000 0.000 0.000 0.000 0.000 
# 1 0 30 10
0.273 0.462 0.683 0.881 0.991 0.972 0.832 0.621 0.404 0.229 
0.330 0.273 0.462 0.683 0.881 0.991 0.972 0.832 0.621 0.404 
0.535 0.330 0.273 0.462 0.683 0.881 0.991 0.972 0.832 0.621 
0.755 0.535 0.330 0.273 0.462 0.683 0.881 0.991 0.972 0.832 
0.931 0.755 0.535 0.330 0.273 0.462 0.683 0.881 0.991 0.972 
1.000 0.931 0.755 0.535 0.330 0.273 0.462 0.683 0.881 0.991 
0.937 1.000 0.931 0.755 0.535 0.330 0.273 0.462 0.683 0.881 
0.766 0.937 1.000 0.931 0.755 0.535 0.330 0.273 0.462 0.683 
0.546 0.766 0.937 1.000 0.931 0.755 0.535 0.330 0.273 0.462 
0.340 0.546 0.766 0.937 1.000 0.931 0.755 0.535 0.330 0.273 
0.977 0.890 0.754 0.594 0.436 0.297 0.088 0.154 0.250 0.377 
0.754 0.890 0.977 0.998 0.949 0.931 0.994 0.987 0.912 0.784 
0.027 0.054 0.099 0.171 0.273 0.406 0.562 0.723 0.866 0.965 
0.931 0.949 0.998 0.977 0.890 0.754 0.011 0.023 0.047 0.088 
0.297 0.436 0.594 0.754 0.890 0.977 0.998 0.949 0.931 0.994 
0.000 0.000 0.013 0.027 0.054 0.099 0.171 0.273 0.406 0.562 
0.912 0.987 0.994 0.931 0.949 0.998 0.000 0.000 0.000 0.011 
0.061 0.111 0.189 0.297 0.436 0.594 0.754 0.890 0.977 0.998 
0.000 0.000 0.000 0.000 0.000 0.000 0.000 0.000 0.000 0.000 
0.000 0.000 0.000 0.000 0.000 0.000 0.000 0.000 0.000 0.000 
0.000 0.000 0.000 0.000 0.000 0.000 0.000 0.000 0.000 0.000 
0.000 0.000 0.000 0.000 0.000 0.000 0.000 0.000 0.000 0.000 
0.000 0.000 0.000 0.000 0.000 0.000 0.000 0.000 0.000 0.000 
0.000 0.000 0.000 0.000 0.000 0.000 0.000 0.000 0.000 0.000 
0.000 0.000 0.000 0.000 0.000 0.000 0.000 0.000 0.000 0.000 
0.000 0.000 0.000 0.000 0.000 0.000 0.000 0.000 0.000 0.000 
0.000 0.000 0.000 0.000 0.000 0.000 0.000 0.000 0.000 0.000 
0.000 0.000 0.000 0.000 0.000 0.000 0.000 0.000 0.000 0.000 
0.000 0.000 0.000 0.000 0.000 0.000 0.000 0.000 0.000 0.000 
0.000 0.000 0.000 0.000 0.000 0.000 0.000 0.000 0.000 0.000 
# 1 2 19 10
0.257 0.442 0.662 0.865 0.986 0.980 0.850 0.643 0.424 0.244 
0.332 0.358 0.249 0.431 0.650 0.856 0.982 0.984 0.859 0.654 
0.768 0.548 0.580 0.368 0.241 0.420 0.639 0.846 0.979 0.987 
0.999 0.945 0.779 0.807 0.591 0.378 0.233 0.409 0.627 0.837 
0.731 0.915 0.999 0.951 0.965 0.817 0.603 0.388 0.226 0.399 
0.301 0.498 0.720 0.907 0.997 0.992 0.970 0.827 0.615 0.399 
0.510 0.310 0.292 0.487 0.708 0.899 0.877 0.990 0.975 0.837 
0.922 0.742 0.521 0.319 0.283 0.475 0.697 0.666 0.868 0.987 
0.938 1.000 0.929 0.753 0.533 0.328 0.274 0.464 0.435 0.654 
0.537 0.757 0.932 1.000 0.936 0.764 0.544 0.338 0.266 0.244 
0.000 0.000 0.000 0.000 0.000 0.000 0.000 0.000 0.000 0.000 
0.000 0.000 0.000 0.000 0.000 0.000 0.000 0.000 0.000 0.000 
0.000 0.000 0.000 0.000 0.000 0.000 0.000 0.000 0.000 0.000 
0.000 0.000 0.000 0.000 0.000 0.000 0.000 0.000 0.000 0.000 
0.000 0.000 0.000 0.000 0.000 0.000 0.000 0.000 0.000 0.000 
0.000 0.000 0.000 0.000 0.000 0.000 0.000 0.000 0.000 0.000 
0.000 0.000 0.000 0.000 0.000 0.000 0.000 0.000 0.000 0.000 
0.000 0.000 0.000 0.000 0.000 0.000 0.000 0.000 0.000 0.000 
0.000 0.000 0.000 0.000 0.000 0.000 0.000 0.000 0.000 0.000 
# 2 0 30 19
0.418 0.538 0.664 0.785 0.888 0.962 0.998 0.990 0.941 0.857 0.746 0.623 0.497 0.380 0.278 0.195 0.131 0.084 0.052 
0.702 0.576 0.453 0.341 0.245 0.169 0.112 0.071 0.526 0.406 0.505 0.631 0.754 0.863 0.946 0.992 0.997 0.958 0.882 
0.551 0.677 0.796 0.897 0.967 0.999 0.987 0.934 0.847 0.734 0.610 0.485 0.369 0.269 0.188 0.125 0.685 0.559 0.437 
0.564 0.441 0.330 0.237 0.163 0.762 0.639 0.513 0.399 0.518 0.643 0.766 0.873 0.952 0.995 0.995 0.952 0.873 0.766 
0.689 0.807 0.906 0.972 1.000 0.984 0.927 0.836 0.722 0.597 0.473 0.358 0.260 0.894 0.793 0.673 0.547 0.425 0.485 
0.429 0.320 0.944 0.860 0.750 0.627 0.501 0.410 0.530 0.656 0.777 0.882 0.958 0.997 0.992 0.946 0.863 0.754 0.631 
0.818 0.914 0.977 1.000 0.980 0.919 0.826 0.710 0.585 0.461 0.997 0.960 0.885 0.781 0.660 0.534 0.414 0.497 0.622 
0.988 0.937 0.850 0.738 0.614 0.489 0.421 0.542 0.669 0.789 0.891 0.964 0.998 0.989 0.939 0.853 0.742 0.618 0.983 
0.922 0.981 1.000 0.976 0.911 0.815 0.698 0.950 0.994 0.995 0.954 0.876 0.770 0.648 0.522 0.402 0.509 0.635 0.758 
0.929 0.840 0.726 0.601 0.477 0.433 0.555 0.681 0.800 0.900 0.969 0.999 0.986 0.932 0.843 0.843 0.932 0.986 0.999 
0.985 0.999 0.971 0.903 0.774 0.879 0.956 0.996 0.993 0.948 0.866 0.758 0.635 0.509 0.402 0.522 0.648 0.770 0.876 
0.829 0.714 0.589 0.465 0.445 0.568 0.693 0.811 0.908 0.974 1.000 0.983 0.618 0.742 0.853 0.939 0.989 0.998 0.964 
0.998 0.538 0.665 0.785 0.888 0.962 0.998 0.990 0.941 0.857 0.746 0.622 0.497 0.414 0.534 0.660 0.781 0.885 0.960 
0.702 0.576 0.453 0.457 0.580 0.706 0.822 0.917 0.978 0.387 0.505 0.631 0.754 0.863 0.946 0.992 0.997 0.958 0.882 
0.551 0.677 0.797 0.897 0.967 0.999 0.987 0.934 0.846 0.734 0.610 0.485 0.425 0.547 0.673 0.793 0.894 0.260 0.358 
0.563 0.441 0.469 0.593 0.718 0.833 0.207 0.294 0.399 0.518 0.644 0.766 0.873 0.952 0.995 0.995 0.952 0.873 0.766 
0.689 0.808 0.906 0.972 1.000 0.984 0.927 0.836 0.722 0.597 0.473 0.437 0.559 0.685 0.125 0.188 0.269 0.369 0.485 
0.429 0.481 0.605 0.095 0.146 0.215 0.304 0.410 0.530 0.656 0.778 0.882 0.958 0.997 0.992 0.946 0.863 0.754 0.631 
0.819 0.914 0.977 1.000 0.980 0.919 0.826 0.710 0.584 0.461 0.449 0.052 0.084 0.131 0.195 0.278 0.380 0.497 0.623 
0.000 0.000 0.000 0.000 0.000 0.000 0.000 0.000 0.000 0.000 0.000 0.000 0.000 0.000 0.000 0.000 0.000 0.000 0.000 
0.000 0.000 0.000 0.000 0.000 0.000 0.000 0.000 0.000 0.000 0.000 0.000 0.000 0.000 0.000 0.000 0.000 0.000 0.000 
0.000 0.000 0.000 0.000 0.000 0.000 0.000 0.000 0.000 0.000 0.000 0.000 0.000 0.000 0.000 0.000 0.000 0.000 0.000 
0.000 0.000 0.000 0.000 0.000 0.000 0.000 0.000 0.000 0.000 0.000 0.000 0.000 0.000 0.000 0.000 0.000 0.000 0.000 
0.000 0.000 0.000 0.000 0.000 0.000 0.000 0.000 0.000 0.000 0.000 0.000 0.000 0.000 0.000 0.000 0.000 0.000 0.000 
0.000 0.000 0.000 0.000 0.000 0.000 0.000 0.000 0.000 0.000 0.000 0.000 0.000 0.000 0.000 0.000 0.000 0.000 0.000 
0.000 0.000 0.000 0.000 0.000 0.000 0.000 0.000 0.000 0.000 0.000 0.000 0.000 0.000 0.000 0.000 0.000 0.000 0.000 
0.000 0.000 0.000 0.000 0.000 0.000 0.000 0.000 0.000 0.000 0.000 0.000 0.000 0.000 0.000 0.000 0.000 0.000 0.000 
0.000 0.000 0.000 0.000 0.000 0.000 0.000 0.000 0.000 0.000 0.000 0.000 0.000 0.000 0.000 0.000 0.000 0.000 0.000 
0.000 0.000 0.000 0.000 0.000 0.000 0.000 0.000 0.000 0.000 0.000 0.000 0.000 0.000 0.000 0.000 0.000 0.000 0.000 
0.000 0.000 0.000 0.000 0.000 0.000 0.000 0.000 0.000 0.000 0.000 0.000 0.000 0.000 0.000 0.000 0.000 0.000 0.000 
# 2 1 10 19
0.449 0.461 0.584 0.710 0.826 0.919 0.980 1.000 0.977 0.914 0.819 0.702 0.576 0.453 0.341 0.245 0.169 0.112 0.071 
0.819 0.702 0.576 0.453 0.341 0.245 0.169 0.112 0.071 0.685 0.559 0.437 0.473 0.597 0.722 0.836 0.927 0.984 1.000 
0.559 0.437 0.473 0.597 0.722 0.836 0.927 0.984 1.000 0.972 0.906 0.808 0.689 0.564 0.441 0.330 0.237 0.163 0.894 
0.906 0.808 0.689 0.564 0.441 0.330 0.237 0.163 0.894 0.793 0.673 0.547 0.425 0.485 0.610 0.734 0.846 0.934 0.987 
0.673 0.547 0.425 0.485 0.610 0.734 0.846 0.934 0.987 0.999 0.967 0.897 0.797 0.677 0.551 0.429 0.320 0.997 0.960 
0.967 0.897 0.797 0.677 0.551 0.429 0.320 0.997 0.960 0.885 0.781 0.660 0.534 0.414 0.497 0.622 0.746 0.857 0.941 
0.781 0.660 0.534 0.414 0.497 0.622 0.746 0.857 0.941 0.990 0.998 0.962 0.888 0.785 0.665 0.538 0.950 0.994 0.995 
0.998 0.962 0.888 0.785 0.665 0.538 0.950 0.994 0.995 0.954 0.876 0.770 0.648 0.522 0.402 0.509 0.635 0.758 0.866 
0.876 0.770 0.648 0.522 0.402 0.509 0.635 0.758 0.866 0.948 0.993 0.996 0.956 0.879 0.774 0.774 0.879 0.956 0.996 
0.993 0.996 0.956 0.879 0.774 0.774 0.879 0.956 0.996 0.993 0.948 0.866 0.758 0.635 0.509 0.402 0.522 0.648 0.770 
# 3 0 30 10
0.657 1.000 0.811 0.351 0.081 0.000 0.000 0.000 0.000 0.000 
0.811 0.657 1.000 0.811 0.351 0.081 0.000 0.000 0.000 0.000 
1.000 0.811 0.657 1.000 0.811 0.351 0.081 0.000 0.000 0.000 
0.658 1.000 0.811 0.657 1.000 0.811 0.351 0.081 0.000 0.000 
0.231 0.658 1.000 0.811 0.657 1.000 0.811 0.351 0.081 0.000 
0.043 0.231 0.658 1.000 0.811 0.657 1.000 0.811 0.351 0.081 
0.000 0.043 0.231 0.658 1.000 0.811 0.657 1.000 0.811 0.351 
0.000 0.000 0.043 0.231 0.658 1.000 0.811 0.657 1.000 0.811 
0.000 0.000 0.000 0.043 0.231 0.658 1.000 0.811 0.657 1.000 
0.000 0.000 0.000 0.000 0.043 0.231 0.658 1.000 0.811 0.657 
-0.425 -0.624 -0.817 -0.956 -1.000 -0.935 -0.781 -0.583 -0.389 -0.232 
-0.910 -0.743 -0.542 -0.354 -0.206 -0.107 -0.289 -0.463 -0.664 -0.850 
-0.183 -0.320 -0.502 -0.704 -0.882 -0.987 -0.987 -0.882 -0.704 -0.503 
-0.995 -0.973 -0.851 -0.664 -0.463 -0.289 -0.161 -0.124 -0.232 -0.389 
-0.259 -0.141 -0.141 -0.259 -0.425 -0.624 -0.817 -0.956 -1.000 -0.935 
-0.664 -0.851 -0.973 -0.995 -0.910 -0.743 -0.014 -0.036 -0.080 -0.161 
0.000 -0.017 -0.042 -0.093 -0.183 -0.320 -0.502 -0.704 -0.882 -0.987 
-0.354 -0.542 -0.743 -0.910 -0.995 -0.973 -0.851 -0.664 -0.463 -0.289 
-0.956 -0.817 -0.624 -0.425 -0.259 -0.141 -0.141 -0.259 -0.425 -0.624 
-0.124 -0.161 -0.289 -0.463 -0.664 -0.851 0.000 0.000 0.000 0.000 
0.000 0.000 0.000 0.000 0.000 -0.017 -0.042 -0.093 -0.183 -0.320 
-0.021 -0.050 -0.107 -0.206 -0.354 -0.542 -0.743 -0.910 -0.995 -0.973 
-0.583 -0.781 -0.935 -1.000 -0.956 -0.817 -0.624 -0.425 -0.259 -0.141 
-0.781 -0.583 -0.389 -0.232 -0.124 -0.161 0.000 0.000 0.000 0.000 
0.000 0.000 0.000 0.000 0.000 0.000 0.000 0.000 0.000 0.000 
0.000 0.000 0.000 0.000 0.000 0.000 0.000 0.000 0.000 0.000 
0.000 0.000 0.000 0.000 0.000 0.000 0.000 0.000 0.000 0.000 
0.000 0.000 0.000 0.000 0.000 0.000 0.000 0.000 0.000 0.000 
0.000 0.000 0.000 0.000 0.000 0.000 0.000 0.000 0.000 0.000 
0.000 0.000 0.000 0.000 0.000 0.000 0.000 0.000 0.000 0.000 
# 3 1 10 10
-0.113 -0.175 -0.310 -0.489 -0.691 -0.872 -0.983 -0.990 -0.891 -0.717 
-0.516 -0.331 -0.190 -0.098 -0.045 -0.018 0.000 0.000 0.000 0.000 
0.000 0.000 0.000 0.000 -0.259 -0.141 -0.141 -0.259 -0.425 -0.624 
-0.817 -0.956 -1.000 -0.935 -0.781 -0.583 -0.389 -0.232 -0.123 -0.059 
-0.025 0.000 0.000 0.000 0.000 0.000 0.000 0.000 -0.489 -0.310 
-0.175 -0.113 -0.215 -0.365 -0.556 -0.756 -0.919 -0.998 -0.968 -0.839 
-0.651 -0.451 -0.279 -0.154 -0.076 -0.034 -0.013 0.000 0.000 0.000 
0.000 0.000 -0.756 -0.556 -0.365 -0.215 -0.113 -0.175 -0.310 -0.489 
-0.691 -0.872 -0.983 -0.990 -0.891 -0.717 -0.516 -0.331 -0.190 -0.098 
-0.045 -0.018 0.000 0.000 0.000 0.000 -0.956 -0.817 -0.624 -0.425 
# 3 2 19 10
-0.425 -0.259 -0.141 -0.141 -0.259 -0.425 -0.624 -0.817 -0.956 -1.000 
0.000 0.000 0.000 0.000 0.000 -0.781 -0.935 -1.000 -0.956 -0.817 
-0.956 -1.000 -0.935 -0.781 -0.583 -0.389 -0.232 -0.123 -0.059 -0.025 
-0.956 -0.817 -0.624 -0.425 -0.259 -0.141 -0.141 -0.259 -0.425 -0.624 
0.000 0.000 -0.025 -0.059 -0.123 -0.232 -0.389 -0.583 -0.781 -0.935 
-0.425 0.000 0.000 0.000 0.000 0.000 0.000 0.000 0.000 0.000 
0.000 0.000 0.000 0.000 0.000 0.000 0.000 0.000 0.000 0.000 
0.000 0.000 0.000 0.000 0.000 0.000 0.000 0.000 0.000 0.000 
0.000 0.000 0.000 0.000 0.000 0.000 0.000 0.000 0.000 0.000 
0.000 0.000 0.000 0.000 0.000 0.000 0.000 0.000 0.000 0.000 
0.000 0.000 0.000 0.000 0.000 0.000 0.000 0.000 0.000 0.000 
0.000 0.000 0.000 0.000 0.000 0.000 0.000 0.000 0.000 0.000 
0.000 0.000 0.000 0.000 0.000 0.000 0.000 0.000 0.000 0.000 
0.000 0.000 0.000 0.000 0.000 0.000 0.000 0.000 0.000 0.000 
0.000 0.000 0.000 0.000 0.000 0.000 0.000 0.000 0.000 0.000 
0.000 0.000 0.000 0.000 0.000 0.000 0.000 0.000 0.000 0.000 
0.000 0.000 0.000 0.000 0.000 0.000 0.000 0.000 0.000 0.000 
0.000 0.000 0.000 0.000 0.000 0.000 0.000 0.000 0.000 0.000 
0.000 0.000 0.000 0.000 0.000 0.000 0.000 0.000 0.000 0.000 
