2.286218
3
# 0 1 17 30
0.450 0.506 0.750 0.941 0.998 0.896 0.680 0.437 0.237 0.109 0.042 0.014 0.000 0.000 0.000 0.000 0.000 0.000 0.000 0.000 0.000 0.000 0.000 0.000 0.000 0.000 0.000 0.000 0.000 0.000 
0.000 0.000 0.000 0.000 0.000 0.000 0.000 0.000 0.000 0.000 0.000 0.000 0.000 0.864 0.637 0.397 0.564 0.803 0.969 0.988 0.852 0.622 0.384 0.201 0.089 0.033 0.010 0.000 0.000 0.000 
0.803 0.969 0.988 0.852 0.622 0.384 0.201 0.089 0.033 0.010 0.000 0.000 0.000 0.000 0.000 0.000 0.000 0.000 0.000 0.000 0.000 0.000 0.000 0.000 0.000 0.000 0.984 0.974 0.816 0.578 
0.000 0.000 0.000 0.000 0.000 0.000 0.000 0.000 0.000 0.984 0.974 0.816 0.578 0.384 0.622 0.852 0.988 0.969 0.804 0.564 0.335 0.168 0.071 0.026 0.000 0.000 0.000 0.000 0.000 0.000 
0.969 0.804 0.564 0.335 0.168 0.071 0.026 0.000 0.000 0.000 0.000 0.000 0.000 0.000 0.000 0.000 0.000 0.000 0.000 0.000 0.000 0.000 0.666 0.886 0.997 0.949 0.764 0.520 0.437 0.680 
0.000 0.000 0.000 0.000 0.000 0.666 0.886 0.997 0.949 0.764 0.520 0.437 0.680 0.896 0.998 0.941 0.751 0.506 0.289 0.140 0.057 0.020 0.000 0.000 0.000 0.000 0.000 0.000 0.000 0.000 
0.506 0.289 0.140 0.057 0.020 0.000 0.000 0.000 0.000 0.000 0.000 0.000 0.000 0.000 0.000 0.000 0.000 0.000 0.268 0.478 0.723 0.924 1.000 0.915 0.709 0.464 0.492 0.737 0.933 0.999 
0.000 0.268 0.478 0.723 0.924 1.000 0.915 0.709 0.464 0.492 0.737 0.933 0.999 0.906 0.695 0.451 0.247 0.115 0.045 0.015 0.000 0.000 0.000 0.000 0.000 0.000 0.000 0.000 0.000 0.000 
0.115 0.045 0.015 0.000 0.000 0.000 0.000 0.000 0.000 0.000 0.000 0.000 0.000 0.000 0.064 0.153 0.311 0.535 0.778 0.956 0.994 0.875 0.651 0.410 0.549 0.790 0.962 0.991 0.864 0.637 
0.535 0.778 0.956 0.994 0.875 0.651 0.410 0.549 0.790 0.962 0.991 0.864 0.637 0.397 0.210 0.094 0.035 0.011 0.000 0.000 0.000 0.000 0.000 0.000 0.000 0.000 0.000 0.000 0.029 0.080 
0.011 0.000 0.000 0.000 0.000 0.000 0.000 0.000 0.000 0.000 0.000 0.029 0.080 0.184 0.359 0.593 0.829 0.979 0.979 0.828 0.593 0.371 0.607 0.840 0.984 0.974 0.816 0.579 0.347 0.176 
0.979 0.979 0.828 0.593 0.371 0.607 0.840 0.984 0.974 0.816 0.579 0.347 0.176 0.076 0.027 0.000 0.000 0.000 0.000 0.000 0.000 0.000 0.000 0.000 0.000 0.012 0.038 0.099 0.219 0.410 
0.000 0.000 0.000 0.000 0.000 0.000 0.000 0.000 0.012 0.038 0.099 0.219 0.410 0.651 0.875 0.994 0.956 0.777 0.535 0.423 0.666 0.885 0.997 0.949 0.764 0.521 0.300 0.146 0.060 0.021 
0.777 0.535 0.423 0.666 0.885 0.997 0.949 0.764 0.521 0.300 0.146 0.060 0.021 0.000 0.000 0.000 0.000 0.000 0.000 0.000 0.000 0.000 0.000 0.016 0.048 0.121 0.257 0.464 0.709 0.915 
0.000 0.000 0.000 0.000 0.000 0.000 0.016 0.048 0.121 0.257 0.464 0.709 0.915 1.000 0.924 0.723 0.478 0.478 0.723 0.924 1.000 0.915 0.709 0.464 0.257 0.121 0.048 0.016 0.000 0.000 
0.478 0.723 0.924 1.000 0.915 0.709 0.464 0.257 0.121 0.048 0.016 0.000 0.000 0.000 0.000 0.000 0.000 0.000 0.000 0.000 0.000 0.021 0.060 0.146 0.300 0.521 0.764 0.949 0.997 0.885 
0.000 0.000 0.000 0.000 0.021 0.060 0.146 0.300 0.521 0.764 0.949 0.997 0.885 0.666 0.423 0.535 0.777 0.956 0.994 0.875 0.651 0.410 0.219 0.099 0.038 0.012 0.000 0.000 0.000 0.000 
# 0 2 10 30
0.611 0.372 0.611 0.850 1.000 0.995 0.838 0.597 0.360 0.183 0.079 0.029 0.000 0.000 0.000 0.000 0.000 0.000 0.000 0.000 0.000 0.000 0.000 0.000 0.000 0.000 0.000 0.000 0.000 0.000 
0.079 0.029 0.000 0.000 0.000 0.000 0.000 0.000 0.000 0.000 0.000 0.000 0.000 0.000 0.000 0.000 0.000 0.000 0.000 0.000 0.995 1.000 0.850 0.611 0.372 0.611 0.850 1.000 0.995 0.838 
0.000 0.000 0.000 0.000 0.000 0.000 0.000 0.000 0.000 0.000 0.995 1.000 0.850 0.611 0.372 0.611 0.850 1.000 0.995 0.838 0.597 0.360 0.183 0.079 0.029 0.000 0.000 0.000 0.000 0.000 
0.995 1.000 0.850 0.611 0.372 0.611 0.850 1.000 0.995 0.838 0.597 0.360 0.183 0.079 0.029 0.000 0.000 0.000 0.000 0.000 0.000 0.000 0.000 0.000 0.000 0.000 0.000 0.000 0.000 0.000 
0.597 0.360 0.183 0.079 0.029 0.000 0.000 0.000 0.000 0.000 0.000 0.000 0.000 0.000 0.000 0.000 0.000 0.000 0.000 0.000 0.360 0.597 0.838 0.995 1.000 0.850 0.611 0.372 0.611 0.850 
0.000 0.000 0.000 0.000 0.000 0.000 0.000 0.000 0.000 0.000 0.360 0.597 0.838 0.995 1.000 0.850 0.611 0.372 0.611 0.850 1.000 0.995 0.838 0.597 0.360 0.183 0.079 0.029 0.000 0.000 
0.360 0.597 0.838 0.995 1.000 0.850 0.611 0.372 0.611 0.850 1.000 0.995 0.838 0.597 0.360 0.183 0.079 0.029 0.000 0.000 0.000 0.000 0.000 0.000 0.000 0.000 0.000 0.000 0.000 0.000 
1.000 0.995 0.838 0.597 0.360 0.183 0.079 0.029 0.000 0.000 0.000 0.000 0.000 0.000 0.000 0.000 0.000 0.000 0.000 0.000 0.029 0.079 0.183 0.360 0.597 0.838 0.995 1.000 0.850 0.611 
0.000 0.000 0.000 0.000 0.000 0.000 0.000 0.000 0.000 0.000 0.029 0.079 0.183 0.360 0.597 0.838 0.995 1.000 0.850 0.611 0.372 0.611 0.850 1.000 0.995 0.838 0.597 0.360 0.183 0.079 
0.029 0.079 0.183 0.360 0.597 0.838 0.995 1.000 0.850 0.611 0.372 0.611 0.850 1.000 0.995 0.838 0.597 0.360 0.183 0.079 0.029 0.000 0.000 0.000 0.000 0.000 0.000 0.000 0.000 0.000 
# 1 0 30 17
0.604 0.757 0.888 0.974 1.000 0.960 0.862 0.724 0.569 0.418 0.288 0.185 0.111 0.063 0.033 0.016 0.000 
0.088 0.048 0.025 0.012 0.713 0.583 0.738 0.873 0.966 1.000 0.969 0.878 0.744 0.590 0.437 0.304 0.197 
0.678 0.522 0.376 0.254 0.160 0.094 0.052 0.027 0.869 0.733 0.578 0.718 0.857 0.957 0.999 0.976 0.893 
0.906 0.983 0.997 0.947 0.841 0.699 0.543 0.395 0.268 0.171 0.102 0.057 0.972 0.884 0.752 0.599 0.697 
0.941 0.831 0.687 0.609 0.762 0.892 0.976 0.999 0.957 0.858 0.719 0.564 0.413 0.284 0.182 0.109 0.998 
0.354 0.236 0.147 0.980 0.998 0.952 0.848 0.708 0.589 0.743 0.877 0.968 1.000 0.966 0.874 0.739 0.584 
0.993 0.933 0.819 0.673 0.517 0.372 0.250 0.885 0.973 1.000 0.961 0.865 0.728 0.573 0.723 0.861 0.959 
0.661 0.636 0.786 0.909 0.984 0.997 0.944 0.837 0.694 0.538 0.390 0.734 0.870 0.964 1.000 0.970 0.880 
0.917 0.988 0.995 0.938 0.827 0.682 0.615 0.767 0.895 0.978 0.999 0.955 0.853 0.714 0.558 0.558 0.714 
0.796 0.647 0.472 0.626 0.778 0.903 0.982 0.998 0.949 0.844 0.703 0.594 0.748 0.880 0.970 1.000 0.964 
0.809 0.926 0.991 0.992 0.930 0.815 0.316 0.452 0.605 0.758 0.889 0.975 1.000 0.959 0.861 0.723 0.573 
0.990 0.923 0.805 0.656 0.641 0.791 0.913 0.986 0.996 0.941 0.194 0.299 0.433 0.584 0.739 0.874 0.966 
0.497 0.652 0.801 0.920 0.989 0.994 0.935 0.823 0.677 0.620 0.772 0.899 0.980 0.998 0.109 0.182 0.284 
0.996 0.080 0.138 0.223 0.337 0.477 0.631 0.782 0.907 0.983 0.997 0.946 0.840 0.697 0.599 0.752 0.884 
0.781 0.630 0.667 0.814 0.929 0.039 0.074 0.128 0.210 0.320 0.457 0.611 0.763 0.893 0.976 0.999 0.957 
0.824 0.936 0.994 0.989 0.919 0.800 0.651 0.646 0.795 0.018 0.036 0.068 0.120 0.197 0.304 0.437 0.590 
0.150 0.240 0.359 0.502 0.657 0.806 0.923 0.990 0.993 0.932 0.818 0.672 0.625 0.000 0.016 0.033 0.063 
0.000 0.000 0.000 0.000 0.000 0.000 0.000 0.000 0.000 0.000 0.000 0.000 0.000 0.000 0.000 0.000 0.000 
0.000 0.000 0.000 0.000 0.000 0.000 0.000 0.000 0.000 0.000 0.000 0.000 0.000 0.000 0.000 0.000 0.000 
0.000 0.000 0.000 0.000 0.000 0.000 0.000 0.000 0.000 0.000 0.000 0.000 0.000 0.000 0.000 0.000 0.000 
0.000 0.000 0.000 0.000 0.000 0.000 0.000 0.000 0.000 0.000 0.000 0.000 0.000 0.000 0.000 0.000 0.000 
0.000 0.000 0.000 0.000 0.000 0.000 0.000 0.000 0.000 0.000 0.000 0.000 0.000 0.000 0.000 0.000 0.000 
0.000 0.000 0.000 0.000 0.000 0.000 0.000 0.000 0.000 0.000 0.000 0.000 0.000 0.000 0.000 0.000 0.000 
0.000 0.000 0.000 0.000 0.000 0.000 0.000 0.000 0.000 0.000 0.000 0.000 0.000 0.000 0.000 0.000 0.000 
0.000 0.000 0.000 0.000 0.000 0.000 0.000 0.000 0.000 0.000 0.000 0.000 0.000 0.000 0.000 0.000 0.000 
0.000 0.000 0.000 0.000 0.000 0.000 0.000 0.000 0.000 0.000 0.000 0.000 0.000 0.000 0.000 0.000 0.000 
0.000 0.000 0.000 0.000 0.000 0.000 0.000 0.000 0.000 0.000 0.000 0.000 0.000 0.000 0.000 0.000 0.000 
0.000 0.000 0.000 0.000 0.000 0.000 0.000 0.000 0.000 0.000 0.000 0.000 0.000 0.000 0.000 0.000 0.000 
0.000 0.000 0.000 0.000 0.000 0.000 0.000 0.000 0.000 0.000 0.000 0.000 0.000 0.000 0.000 0.000 0.000 
0.000 0.000 0.000 0.000 0.000 0.000 0.000 0.000 0.000 0.000 0.000 0.000 0.000 0.000 0.000 0.000 0.000 
# 2 0 30 10
-0.875 -0.074 0.000 0.000 0.000 0.000 0.000 0.000 0.000 0.000 
-0.542 -0.875 -0.074 0.000 0.000 0.000 0.000 0.000 0.000 0.000 
-0.016 -0.542 -0.875 -0.074 0.000 0.000 0.000 0.000 0.000 0.000 
0.000 -0.016 -0.542 -0.875 -0.074 0.000 0.000 0.000 0.000 0.000 
0.000 0.000 -0.016 -0.542 -0.875 -0.074 0.000 0.000 0.000 0.000 
0.000 0.000 0.000 -0.016 -0.542 -0.875 -0.074 0.000 0.000 0.000 
0.000 0.000 0.000 0.000 -0.016 -0.542 -0.875 -0.074 0.000 0.000 
0.000 0.000 0.000 0.000 0.000 -0.016 -0.542 -0.875 -0.074 0.000 
0.000 0.000 0.000 0.000 0.000 0.000 -0.016 -0.542 -0.875 -0.074 
0.000 0.000 0.000 0.000 0.000 0.000 0.000 -0.016 -0.542 -0.875 
0.000 0.000 0.000 0.000 0.000 0.000 0.000 0.000 0.000 0.000 
0.000 0.000 0.000 0.000 0.000 0.000 0.000 0.000 0.000 0.000 
0.000 0.000 0.000 0.000 0.000 0.000 0.000 0.000 0.000 0.000 
0.000 0.000 0.000 0.000 0.000 0.000 0.000 0.000 0.000 0.000 
0.000 0.000 0.000 0.000 0.000 0.000 0.000 0.000 0.000 0.000 
0.000 0.000 0.000 0.000 0.000 0.000 0.000 0.000 0.000 0.000 
0.000 0.000 0.000 0.000 0.000 0.000 0.000 0.000 0.000 0.000 
0.000 0.000 0.000 0.000 0.000 0.000 0.000 0.000 0.000 0.000 
0.000 0.000 0.000 0.000 0.000 0.000 0.000 0.000 0.000 0.000 
0.000 0.000 0.000 0.000 0.000 0.000 0.000 0.000 0.000 0.000 
0.000 0.000 0.000 0.000 0.000 0.000 0.000 0.000 0.000 0.000 
0.000 0.000 0.000 0.000 0.000 0.000 0.000 0.000 0.000 0.000 
0.000 0.000 0.000 0.000 0.000 0.000 0.000 0.000 0.000 0.000 
0.000 0.000 0.000 0.000 0.000 0.000 0.000 0.000 0.000 0.000 
0.000 0.000 0.000 0.000 0.000 0.000 0.000 0.000 0.000 0.000 
0.000 0.000 0.000 0.000 0.000 0.000 0.000 0.000 0.000 0.000 
0.000 0.000 0.000 0.000 0.000 0.000 0.000 0.000 0.000 0.000 
0.000 0.000 0.000 0.000 0.000 0.000 0.000 0.000 0.000 0.000 
0.000 0.000 0.000 0.000 0.000 0.000 0.000 0.000 0.000 0.000 
0.000 0.000 0.000 0.000 0.000 0.000 0.000 0.000 0.000 0.000 
# 2 1 17 10
-0.679 -0.958 -0.962 -0.688 -0.350 -0.127 -0.608 -0.869 -1.000 -0.819 
-0.294 -0.869 -0.608 -0.919 -0.987 -0.756 -0.412 -0.958 -0.679 -0.811 
-0.962 -0.688 -0.987 -0.919 -0.608 -0.869 -1.000 -0.819 -0.924 -0.985 
-0.608 -0.919 -0.987 -0.688 -0.962 -0.958 -0.679 -0.811 -0.999 -0.547 
-0.987 -0.919 -0.608 -0.869 -0.294 -0.618 -0.924 -0.985 -0.747 -0.747 
-0.350 -0.688 -0.962 -0.958 -0.679 0.000 0.000 0.000 0.000 0.000 
0.000 0.000 0.000 0.000 0.000 0.000 0.000 0.000 0.000 0.000 
0.000 0.000 0.000 0.000 0.000 0.000 0.000 0.000 0.000 0.000 
0.000 0.000 0.000 0.000 0.000 0.000 0.000 0.000 0.000 0.000 
0.000 0.000 0.000 0.000 0.000 0.000 0.000 0.000 0.000 0.000 
0.000 0.000 0.000 0.000 0.000 0.000 0.000 0.000 0.000 0.000 
0.000 0.000 0.000 0.000 0.000 0.000 0.000 0.000 0.000 0.000 
0.000 0.000 0.000 0.000 0.000 0.000 0.000 0.000 0.000 0.000 
0.000 0.000 0.000 0.000 0.000 0.000 0.000 0.000 0.000 0.000 
0.000 0.000 0.000 0.000 0.000 0.000 0.000 0.000 0.000 0.000 
0.000 0.000 0.000 0.000 0.000 0.000 0.000 0.000 0.000 0.000 
0.000 0.000 0.000 0.000 0.000 0.000 0.000 0.000 0.000 0.000 
