2.316198
6
# 0 1 11 30
0.999 0.980 0.992 0.899 0.729 0.529 0.343 0.200 0.104 0.048 0.020 0.000 0.000 0.000 0.000 0.000 0.000 0.000 0.000 0.000 0.000 0.000 0.000 0.000 0.000 0.000 0.000 0.000 0.000 0.000 
0.000 0.000 0.000 0.000 0.000 0.000 0.000 0.000 0.000 0.000 0.000 0.000 0.000 0.000 0.000 0.000 0.000 0.000 0.000 0.638 0.828 0.961 0.999 0.994 0.976 0.858 0.675 0.475 0.299 0.169 
0.000 0.000 0.000 0.000 0.000 0.000 0.000 0.000 0.638 0.828 0.961 0.999 0.994 0.976 0.858 0.675 0.475 0.299 0.169 0.085 0.038 0.016 0.000 0.000 0.000 0.000 0.000 0.000 0.000 0.000 
0.999 0.994 0.976 0.858 0.675 0.475 0.299 0.169 0.085 0.038 0.016 0.000 0.000 0.000 0.000 0.000 0.000 0.000 0.000 0.000 0.000 0.000 0.000 0.000 0.000 0.000 0.000 0.179 0.314 0.493 
0.000 0.000 0.000 0.000 0.000 0.000 0.000 0.000 0.000 0.000 0.000 0.000 0.000 0.000 0.000 0.000 0.179 0.314 0.493 0.693 0.872 0.982 0.990 1.000 0.953 0.813 0.620 0.424 0.259 0.142 
0.000 0.000 0.000 0.000 0.000 0.179 0.314 0.493 0.693 0.872 0.982 0.990 1.000 0.953 0.813 0.620 0.424 0.259 0.142 0.069 0.030 0.012 0.000 0.000 0.000 0.000 0.000 0.000 0.000 0.000 
0.990 1.000 0.953 0.813 0.620 0.424 0.259 0.142 0.069 0.030 0.012 0.000 0.000 0.000 0.000 0.000 0.000 0.000 0.000 0.000 0.000 0.000 0.000 0.000 0.022 0.052 0.111 0.211 0.359 0.547 
0.000 0.000 0.000 0.000 0.000 0.000 0.000 0.000 0.000 0.000 0.000 0.000 0.000 0.022 0.052 0.111 0.211 0.359 0.547 0.746 0.911 0.995 0.973 0.998 0.922 0.763 0.565 0.374 0.222 0.118 
0.000 0.000 0.022 0.052 0.111 0.211 0.359 0.547 0.746 0.911 0.995 0.973 0.998 0.922 0.763 0.565 0.374 0.222 0.118 0.056 0.024 0.000 0.000 0.000 0.000 0.000 0.000 0.000 0.000 0.000 
0.973 0.998 0.922 0.763 0.565 0.374 0.222 0.118 0.056 0.024 0.000 0.000 0.000 0.000 0.000 0.000 0.000 0.000 0.000 0.000 0.000 0.000 0.000 0.011 0.028 0.065 0.133 0.246 0.407 0.602 
0.000 0.000 0.000 0.000 0.000 0.000 0.000 0.000 0.000 0.000 0.000 0.000 0.011 0.028 0.065 0.133 0.246 0.407 0.602 0.796 0.943 1.000 0.985 0.987 0.886 0.711 0.511 0.328 0.189 0.097 
# 0 2 1 30
0.000 0.000 0.000 0.000 0.000 0.014 0.036 0.080 0.160 0.286 0.459 0.659 0.846 0.972 1.000 1.000 0.972 0.846 0.659 0.459 0.286 0.160 0.080 0.036 0.014 0.000 0.000 0.000 0.000 0.000 
# 0 3 10 30
1.000 0.973 1.000 0.920 0.757 0.558 0.368 0.217 0.115 0.054 0.023 0.000 0.000 0.000 0.000 0.000 0.000 0.000 0.000 0.000 0.000 0.000 0.000 0.000 0.000 0.000 0.000 0.000 0.000 0.000 
0.023 0.000 0.000 0.000 0.000 0.000 0.000 0.000 0.000 0.000 0.000 0.000 0.000 0.000 0.000 0.000 0.000 0.000 0.000 0.000 0.558 0.757 0.920 1.000 0.973 1.000 0.920 0.757 0.558 0.368 
0.000 0.000 0.000 0.000 0.000 0.000 0.000 0.000 0.000 0.000 0.558 0.757 0.920 1.000 0.973 1.000 0.920 0.757 0.558 0.368 0.217 0.115 0.054 0.023 0.000 0.000 0.000 0.000 0.000 0.000 
0.558 0.757 0.920 1.000 0.973 1.000 0.920 0.757 0.558 0.368 0.217 0.115 0.054 0.023 0.000 0.000 0.000 0.000 0.000 0.000 0.000 0.000 0.000 0.000 0.000 0.000 0.000 0.000 0.000 0.000 
0.217 0.115 0.054 0.023 0.000 0.000 0.000 0.000 0.000 0.000 0.000 0.000 0.000 0.000 0.000 0.000 0.000 0.000 0.000 0.000 0.115 0.217 0.368 0.558 0.757 0.920 1.000 0.973 1.000 0.920 
0.000 0.000 0.000 0.000 0.000 0.000 0.000 0.000 0.000 0.000 0.115 0.217 0.368 0.558 0.757 0.920 1.000 0.973 1.000 0.920 0.757 0.558 0.368 0.217 0.115 0.054 0.023 0.000 0.000 0.000 
0.115 0.217 0.368 0.558 0.757 0.920 1.000 0.973 1.000 0.920 0.757 0.558 0.368 0.217 0.115 0.054 0.023 0.000 0.000 0.000 0.000 0.000 0.000 0.000 0.000 0.000 0.000 0.000 0.000 0.000 
0.757 0.558 0.368 0.217 0.115 0.054 0.023 0.000 0.000 0.000 0.000 0.000 0.000 0.000 0.000 0.000 0.000 0.000 0.000 0.000 0.000 0.023 0.054 0.115 0.217 0.368 0.558 0.757 0.920 1.000 
0.000 0.000 0.000 0.000 0.000 0.000 0.000 0.000 0.000 0.000 0.000 0.023 0.054 0.115 0.217 0.368 0.558 0.757 0.920 1.000 0.973 1.000 0.920 0.757 0.558 0.368 0.217 0.115 0.054 0.023 
0.000 0.023 0.054 0.115 0.217 0.368 0.558 0.757 0.920 1.000 0.973 1.000 0.920 0.757 0.558 0.368 0.217 0.115 0.054 0.023 0.000 0.000 0.000 0.000 0.000 0.000 0.000 0.000 0.000 0.000 
# 0 4 15 30
1.000 1.000 0.972 0.846 0.659 0.459 0.286 0.160 0.080 0.036 0.014 0.000 0.000 0.000 0.000 0.000 0.000 0.000 0.000 0.000 0.000 0.000 0.000 0.000 0.000 0.000 0.000 0.000 0.000 0.000 
0.000 0.000 0.000 0.000 0.000 0.000 0.000 0.000 0.000 0.000 0.000 0.000 0.000 0.000 0.000 0.846 0.972 1.000 1.000 0.972 0.846 0.659 0.459 0.286 0.160 0.080 0.036 0.014 0.000 0.000 
0.846 0.972 1.000 1.000 0.972 0.846 0.659 0.459 0.286 0.160 0.080 0.036 0.014 0.000 0.000 0.000 0.000 0.000 0.000 0.000 0.000 0.000 0.000 0.000 0.000 0.000 0.000 0.000 0.000 0.000 
0.000 0.000 0.000 0.000 0.000 0.000 0.000 0.000 0.000 0.000 0.000 0.000 0.000 0.000 0.000 0.459 0.659 0.846 0.972 1.000 1.000 0.972 0.846 0.659 0.459 0.286 0.160 0.080 0.036 0.014 
0.459 0.659 0.846 0.972 1.000 1.000 0.972 0.846 0.659 0.459 0.286 0.160 0.080 0.036 0.014 0.000 0.000 0.000 0.000 0.000 0.000 0.000 0.000 0.000 0.000 0.000 0.000 0.000 0.000 0.000 
0.000 0.000 0.000 0.000 0.000 0.000 0.000 0.000 0.000 0.000 0.000 0.000 0.000 0.000 0.000 0.160 0.286 0.459 0.659 0.846 0.972 1.000 1.000 0.972 0.846 0.659 0.459 0.286 0.160 0.080 
0.160 0.286 0.459 0.659 0.846 0.972 1.000 1.000 0.972 0.846 0.659 0.459 0.286 0.160 0.080 0.036 0.014 0.000 0.000 0.000 0.000 0.000 0.000 0.000 0.000 0.000 0.000 0.000 0.000 0.000 
0.036 0.014 0.000 0.000 0.000 0.000 0.000 0.000 0.000 0.000 0.000 0.000 0.000 0.000 0.000 0.036 0.080 0.160 0.286 0.459 0.659 0.846 0.972 1.000 1.000 0.972 0.846 0.659 0.459 0.286 
0.036 0.080 0.160 0.286 0.459 0.659 0.846 0.972 1.000 1.000 0.972 0.846 0.659 0.459 0.286 0.160 0.080 0.036 0.014 0.000 0.000 0.000 0.000 0.000 0.000 0.000 0.000 0.000 0.000 0.000 
0.160 0.080 0.036 0.014 0.000 0.000 0.000 0.000 0.000 0.000 0.000 0.000 0.000 0.000 0.000 0.000 0.014 0.036 0.080 0.160 0.286 0.459 0.659 0.846 0.972 1.000 1.000 0.972 0.846 0.659 
0.000 0.014 0.036 0.080 0.160 0.286 0.459 0.659 0.846 0.972 1.000 1.000 0.972 0.846 0.659 0.459 0.286 0.160 0.080 0.036 0.014 0.000 0.000 0.000 0.000 0.000 0.000 0.000 0.000 0.000 
0.459 0.286 0.160 0.080 0.036 0.014 0.000 0.000 0.000 0.000 0.000 0.000 0.000 0.000 0.000 0.000 0.000 0.000 0.014 0.036 0.080 0.160 0.286 0.459 0.659 0.846 0.972 1.000 1.000 0.972 
0.000 0.000 0.000 0.014 0.036 0.080 0.160 0.286 0.459 0.659 0.846 0.972 1.000 1.000 0.972 0.846 0.659 0.459 0.286 0.160 0.080 0.036 0.014 0.000 0.000 0.000 0.000 0.000 0.000 0.000 
0.846 0.659 0.459 0.286 0.160 0.080 0.036 0.014 0.000 0.000 0.000 0.000 0.000 0.000 0.000 0.000 0.000 0.000 0.000 0.000 0.014 0.036 0.080 0.160 0.286 0.459 0.659 0.846 0.972 1.000 
0.000 0.000 0.000 0.000 0.000 0.014 0.036 0.080 0.160 0.286 0.459 0.659 0.846 0.972 1.000 1.000 0.972 0.846 0.659 0.459 0.286 0.160 0.080 0.036 0.014 0.000 0.000 0.000 0.000 0.000 
# 0 5 10 30
1.000 0.973 1.000 0.920 0.757 0.558 0.368 0.217 0.115 0.054 0.023 0.000 0.000 0.000 0.000 0.000 0.000 0.000 0.000 0.000 0.000 0.000 0.000 0.000 0.000 0.000 0.000 0.000 0.000 0.000 
0.023 0.000 0.000 0.000 0.000 0.000 0.000 0.000 0.000 0.000 0.000 0.000 0.000 0.000 0.000 0.000 0.000 0.000 0.000 0.000 0.558 0.757 0.920 1.000 0.973 1.000 0.920 0.757 0.558 0.368 
0.000 0.000 0.000 0.000 0.000 0.000 0.000 0.000 0.000 0.000 0.558 0.757 0.920 1.000 0.973 1.000 0.920 0.757 0.558 0.368 0.217 0.115 0.054 0.023 0.000 0.000 0.000 0.000 0.000 0.000 
0.558 0.757 0.920 1.000 0.973 1.000 0.920 0.757 0.558 0.368 0.217 0.115 0.054 0.023 0.000 0.000 0.000 0.000 0.000 0.000 0.000 0.000 0.000 0.000 0.000 0.000 0.000 0.000 0.000 0.000 
0.217 0.115 0.054 0.023 0.000 0.000 0.000 0.000 0.000 0.000 0.000 0.000 0.000 0.000 0.000 0.000 0.000 0.000 0.000 0.000 0.115 0.217 0.368 0.558 0.757 0.920 1.000 0.973 1.000 0.920 
0.000 0.000 0.000 0.000 0.000 0.000 0.000 0.000 0.000 0.000 0.115 0.217 0.368 0.558 0.757 0.920 1.000 0.973 1.000 0.920 0.757 0.558 0.368 0.217 0.115 0.054 0.023 0.000 0.000 0.000 
0.115 0.217 0.368 0.558 0.757 0.920 1.000 0.973 1.000 0.920 0.757 0.558 0.368 0.217 0.115 0.054 0.023 0.000 0.000 0.000 0.000 0.000 0.000 0.000 0.000 0.000 0.000 0.000 0.000 0.000 
0.757 0.558 0.368 0.217 0.115 0.054 0.023 0.000 0.000 0.000 0.000 0.000 0.000 0.000 0.000 0.000 0.000 0.000 0.000 0.000 0.000 0.023 0.054 0.115 0.217 0.368 0.558 0.757 0.920 1.000 
0.000 0.000 0.000 0.000 0.000 0.000 0.000 0.000 0.000 0.000 0.000 0.023 0.054 0.115 0.217 0.368 0.558 0.757 0.920 1.000 0.973 1.000 0.920 0.757 0.558 0.368 0.217 0.115 0.054 0.023 
0.000 0.023 0.054 0.115 0.217 0.368 0.558 0.757 0.920 1.000 0.973 1.000 0.920 0.757 0.558 0.368 0.217 0.115 0.054 0.023 0.000 0.000 0.000 0.000 0.000 0.000 0.000 0.000 0.000 0.000 
# 1 0 30 11
0.041 0.151 0.398 0.743 0.983 0.923 0.614 0.290 0.097 0.023 0.000 
0.224 0.068 0.015 0.078 0.035 0.135 0.367 0.709 0.971 0.943 0.649 
0.797 0.996 0.883 0.555 0.247 0.078 0.273 0.089 0.030 0.119 0.337 
0.063 0.045 0.163 0.419 0.765 0.989 0.908 0.590 0.272 0.627 0.299 
0.497 0.866 0.532 0.232 0.072 0.039 0.145 0.387 0.731 0.979 0.930 
0.475 0.818 0.999 0.865 0.994 0.892 0.567 0.256 0.082 0.033 0.129 
0.195 0.057 0.049 0.175 0.441 0.787 0.994 0.753 0.986 0.916 0.603 
0.837 1.000 0.847 0.509 0.217 0.065 0.043 0.157 0.408 0.754 0.376 
0.209 0.497 0.188 0.462 0.807 0.998 0.875 0.544 0.240 0.075 0.037 
0.452 0.182 0.052 0.054 0.189 0.047 0.169 0.429 0.775 0.992 0.900 
0.520 0.856 1.000 0.828 0.486 0.202 0.060 0.047 0.000 0.041 0.151 
0.000 0.000 0.000 0.000 0.000 0.000 0.000 0.000 0.000 0.000 0.000 
0.000 0.000 0.000 0.000 0.000 0.000 0.000 0.000 0.000 0.000 0.000 
0.000 0.000 0.000 0.000 0.000 0.000 0.000 0.000 0.000 0.000 0.000 
0.000 0.000 0.000 0.000 0.000 0.000 0.000 0.000 0.000 0.000 0.000 
0.000 0.000 0.000 0.000 0.000 0.000 0.000 0.000 0.000 0.000 0.000 
0.000 0.000 0.000 0.000 0.000 0.000 0.000 0.000 0.000 0.000 0.000 
0.000 0.000 0.000 0.000 0.000 0.000 0.000 0.000 0.000 0.000 0.000 
0.000 0.000 0.000 0.000 0.000 0.000 0.000 0.000 0.000 0.000 0.000 
0.000 0.000 0.000 0.000 0.000 0.000 0.000 0.000 0.000 0.000 0.000 
0.000 0.000 0.000 0.000 0.000 0.000 0.000 0.000 0.000 0.000 0.000 
0.000 0.000 0.000 0.000 0.000 0.000 0.000 0.000 0.000 0.000 0.000 
0.000 0.000 0.000 0.000 0.000 0.000 0.000 0.000 0.000 0.000 0.000 
0.000 0.000 0.000 0.000 0.000 0.000 0.000 0.000 0.000 0.000 0.000 
0.000 0.000 0.000 0.000 0.000 0.000 0.000 0.000 0.000 0.000 0.000 
0.000 0.000 0.000 0.000 0.000 0.000 0.000 0.000 0.000 0.000 0.000 
0.000 0.000 0.000 0.000 0.000 0.000 0.000 0.000 0.000 0.000 0.000 
0.000 0.000 0.000 0.000 0.000 0.000 0.000 0.000 0.000 0.000 0.000 
0.000 0.000 0.000 0.000 0.000 0.000 0.000 0.000 0.000 0.000 0.000 
0.000 0.000 0.000 0.000 0.000 0.000 0.000 0.000 0.000 0.000 0.000 
# 1 2 1 11
1.000 0.956 0.647 0.311 0.106 0.026 0.106 0.311 0.647 0.956 1.000 
# 1 3 10 11
0.027 0.097 0.290 0.615 0.923 0.983 0.742 0.397 0.151 0.041 0.000 
0.000 0.124 0.032 0.086 0.264 0.579 0.900 0.992 0.775 0.429 0.169 
0.169 0.047 0.377 0.140 0.037 0.075 0.240 0.544 0.875 0.998 0.807 
0.807 0.462 0.188 0.754 0.408 0.157 0.043 0.065 0.217 0.509 0.847 
0.847 1.000 0.837 0.497 0.994 0.787 0.441 0.175 0.049 0.057 0.195 
0.195 0.475 0.818 0.999 0.865 0.865 0.999 0.818 0.475 0.195 0.057 
0.057 0.049 0.175 0.441 0.787 0.994 0.497 0.837 1.000 0.847 0.509 
0.509 0.217 0.065 0.043 0.157 0.408 0.754 0.188 0.462 0.807 0.998 
0.998 0.875 0.544 0.240 0.075 0.037 0.140 0.377 0.047 0.169 0.429 
0.429 0.775 0.992 0.900 0.579 0.264 0.086 0.032 0.124 0.000 0.041 
# 1 4 15 11
0.031 0.122 0.342 0.680 0.958 0.958 0.679 0.341 0.122 0.031 0.000 
0.770 0.991 0.904 0.584 0.268 0.087 0.020 0.154 0.042 0.067 0.221 
0.491 0.205 0.061 0.323 0.112 0.028 0.095 0.286 0.609 0.920 0.985 
0.252 0.080 0.034 0.132 0.362 0.703 0.969 0.946 0.655 0.322 0.813 
0.179 0.447 0.792 0.996 0.887 0.561 0.978 0.726 0.382 0.143 0.038 
0.998 0.812 0.977 0.934 0.633 0.304 0.104 0.025 0.104 0.304 0.633 
0.871 0.538 0.236 0.073 0.038 0.143 0.382 0.726 0.978 0.561 0.887 
0.051 0.056 0.192 0.469 0.813 0.322 0.655 0.946 0.969 0.703 0.362 
0.562 0.154 0.402 0.748 0.985 0.920 0.609 0.286 0.095 0.028 0.112 
0.832 1.000 0.852 0.515 0.221 0.067 0.042 0.154 0.020 0.087 0.268 
0.425 0.166 0.046 0.061 0.000 0.031 0.122 0.341 0.679 0.958 0.958 
0.000 0.000 0.000 0.000 0.000 0.000 0.000 0.000 0.000 0.000 0.000 
0.000 0.000 0.000 0.000 0.000 0.000 0.000 0.000 0.000 0.000 0.000 
0.000 0.000 0.000 0.000 0.000 0.000 0.000 0.000 0.000 0.000 0.000 
0.000 0.000 0.000 0.000 0.000 0.000 0.000 0.000 0.000 0.000 0.000 
# 2 0 30 1
-0.054 
0.000 
0.000 
0.000 
0.000 
0.000 
0.000 
0.000 
0.000 
0.000 
0.000 
0.000 
0.000 
0.000 
0.000 
0.000 
0.000 
0.000 
0.000 
0.000 
0.000 
0.000 
0.000 
0.000 
0.000 
0.000 
0.000 
0.000 
0.000 
0.000 
# 2 1 11 1
-0.079 
0.000 
0.000 
0.000 
0.000 
0.000 
0.000 
0.000 
0.000 
0.000 
0.000 
# 2 3 10 1
-0.082 
0.000 
0.000 
0.000 
0.000 
0.000 
0.000 
0.000 
0.000 
0.000 
# 2 4 15 1
-0.068 
0.000 
0.000 
0.000 
0.000 
0.000 
0.000 
0.000 
0.000 
0.000 
0.000 
0.000 
0.000 
0.000 
0.000 
# 3 0 30 10
-0.882 -0.979 -0.996 -0.930 -0.797 -0.626 -0.451 -0.298 -0.181 -0.101 
-0.922 -0.882 -0.979 -0.996 -0.930 -0.797 -0.626 -0.451 -0.298 -0.181 
-0.994 -0.922 -0.882 -0.979 -0.996 -0.930 -0.797 -0.626 -0.451 -0.298 
-0.983 -0.994 -0.922 -0.882 -0.979 -0.996 -0.930 -0.797 -0.626 -0.451 
-0.892 -0.983 -0.994 -0.922 -0.882 -0.979 -0.996 -0.930 -0.797 -0.626 
-0.742 -0.892 -0.983 -0.994 -0.922 -0.882 -0.979 -0.996 -0.930 -0.797 
-0.567 -0.742 -0.892 -0.983 -0.994 -0.922 -0.882 -0.979 -0.996 -0.930 
-0.397 -0.567 -0.742 -0.892 -0.983 -0.994 -0.922 -0.882 -0.979 -0.996 
-0.255 -0.397 -0.567 -0.742 -0.892 -0.983 -0.994 -0.922 -0.882 -0.979 
-0.150 -0.255 -0.397 -0.567 -0.742 -0.892 -0.983 -0.994 -0.922 -0.882 
0.000 0.000 0.000 0.000 0.000 0.000 0.000 0.000 0.000 0.000 
0.000 0.000 0.000 0.000 0.000 0.000 0.000 0.000 0.000 0.000 
0.000 0.000 0.000 0.000 0.000 0.000 0.000 0.000 0.000 0.000 
0.000 0.000 0.000 0.000 0.000 0.000 0.000 0.000 0.000 0.000 
0.000 0.000 0.000 0.000 0.000 0.000 0.000 0.000 0.000 0.000 
0.000 0.000 0.000 0.000 0.000 0.000 0.000 0.000 0.000 0.000 
0.000 0.000 0.000 0.000 0.000 0.000 0.000 0.000 0.000 0.000 
0.000 0.000 0.000 0.000 0.000 0.000 0.000 0.000 0.000 0.000 
0.000 0.000 0.000 0.000 0.000 0.000 0.000 0.000 0.000 0.000 
0.000 0.000 0.000 0.000 0.000 0.000 0.000 0.000 0.000 0.000 
0.000 0.000 0.000 0.000 0.000 0.000 0.000 0.000 0.000 0.000 
0.000 0.000 0.000 0.000 0.000 0.000 0.000 0.000 0.000 0.000 
0.000 0.000 0.000 0.000 0.000 0.000 0.000 0.000 0.000 0.000 
0.000 0.000 0.000 0.000 0.000 0.000 0.000 0.000 0.000 0.000 
0.000 0.000 0.000 0.000 0.000 0.000 0.000 0.000 0.000 0.000 
0.000 0.000 0.000 0.000 0.000 0.000 0.000 0.000 0.000 0.000 
0.000 0.000 0.000 0.000 0.000 0.000 0.000 0.000 0.000 0.000 
0.000 0.000 0.000 0.000 0.000 0.000 0.000 0.000 0.000 0.000 
0.000 0.000 0.000 0.000 0.000 0.000 0.000 0.000 0.000 0.000 
0.000 0.000 0.000 0.000 0.000 0.000 0.000 0.000 0.000 0.000 
# 3 1 11 10
-0.842 -0.958 -1.000 -0.957 -0.840 -0.677 -0.500 -0.339 -0.211 -0.120 
-0.855 -0.965 -1.000 -0.949 -0.827 -0.661 -0.484 -0.326 -0.201 -0.997 
-0.868 -0.972 -0.998 -0.941 -0.813 -0.645 -0.469 -0.313 -0.982 -0.995 
-0.880 -0.978 -0.997 -0.932 -0.799 -0.629 -0.454 -0.901 -0.987 -0.991 
-0.892 -0.983 -0.994 -0.922 -0.785 -0.612 -0.770 -0.912 -0.991 -0.988 
-0.903 -0.988 -0.991 -0.912 -0.770 -0.612 -0.785 -0.922 -0.994 -0.983 
-0.914 -0.991 -0.987 -0.901 -0.454 -0.629 -0.799 -0.932 -0.997 -0.978 
-0.924 -0.995 -0.982 -0.313 -0.469 -0.645 -0.813 -0.941 -0.998 -0.972 
-0.933 -0.997 -0.201 -0.326 -0.484 -0.661 -0.827 -0.949 -1.000 -0.965 
-0.942 -0.120 -0.211 -0.339 -0.500 -0.677 -0.840 -0.957 -1.000 -0.958 
0.000 0.000 0.000 0.000 0.000 0.000 0.000 0.000 0.000 0.000 
# 3 2 1 10
-0.777 -0.920 -1.000 -0.997 -0.911 -0.911 -0.997 -1.000 -0.920 -0.777 
# 3 4 15 10
-0.860 -0.968 -1.000 -0.947 -0.823 -0.656 -0.480 -0.322 -0.198 -0.112 
-0.770 -0.597 -0.424 -0.276 -0.165 -0.968 -0.860 -0.940 -0.999 -0.974 
-0.999 -0.940 -0.860 -0.968 -1.000 -0.947 -0.823 -0.656 -0.480 -0.322 
-0.992 -0.913 -0.770 -0.597 -0.424 -0.947 -1.000 -0.968 -0.860 -0.940 
-0.871 -0.974 -0.999 -0.940 -0.860 -0.968 -1.000 -0.947 -0.823 -0.656 
-0.904 -0.988 -0.992 -0.913 -0.770 -0.656 -0.823 -0.947 -1.000 -0.968 
-0.537 -0.714 -0.871 -0.974 -0.999 -0.940 -0.860 -0.968 -1.000 -0.947 
-0.988 -0.904 -0.904 -0.988 -0.992 -0.322 -0.480 -0.656 -0.823 -0.947 
-0.235 -0.371 -0.537 -0.714 -0.871 -0.974 -0.999 -0.940 -0.860 -0.968 
-0.913 -0.992 -0.988 -0.904 -0.904 -0.112 -0.198 -0.322 -0.480 -0.656 
0.000 0.000 0.000 0.000 0.000 0.000 0.000 0.000 0.000 0.000 
0.000 0.000 0.000 0.000 0.000 0.000 0.000 0.000 0.000 0.000 
0.000 0.000 0.000 0.000 0.000 0.000 0.000 0.000 0.000 0.000 
0.000 0.000 0.000 0.000 0.000 0.000 0.000 0.000 0.000 0.000 
0.000 0.000 0.000 0.000 0.000 0.000 0.000 0.000 0.000 0.000 
# 4 0 30 15
0.190 0.377 0.624 0.863 0.996 0.960 0.772 0.519 0.291 0.136 0.053 0.017 0.000 0.000 0.000 
0.274 0.190 0.377 0.624 0.863 0.996 0.960 0.772 0.519 0.291 0.136 0.053 0.017 0.000 0.000 
0.496 0.274 0.190 0.377 0.624 0.863 0.996 0.960 0.772 0.519 0.291 0.136 0.053 0.017 0.000 
0.750 0.496 0.274 0.190 0.377 0.624 0.863 0.996 0.960 0.772 0.519 0.291 0.136 0.053 0.017 
0.948 0.750 0.496 0.274 0.190 0.377 0.624 0.863 0.996 0.960 0.772 0.519 0.291 0.136 0.053 
1.000 0.948 0.750 0.496 0.274 0.190 0.377 0.624 0.863 0.996 0.960 0.772 0.519 0.291 0.136 
0.881 1.000 0.948 0.750 0.496 0.274 0.190 0.377 0.624 0.863 0.996 0.960 0.772 0.519 0.291 
0.647 0.881 1.000 0.948 0.750 0.496 0.274 0.190 0.377 0.624 0.863 0.996 0.960 0.772 0.519 
0.397 0.647 0.881 1.000 0.948 0.750 0.496 0.274 0.190 0.377 0.624 0.863 0.996 0.960 0.772 
0.204 0.397 0.647 0.881 1.000 0.948 0.750 0.496 0.274 0.190 0.377 0.624 0.863 0.996 0.960 
0.087 0.204 0.397 0.647 0.881 1.000 0.948 0.750 0.496 0.274 0.190 0.377 0.624 0.863 0.996 
0.031 0.087 0.204 0.397 0.647 0.881 1.000 0.948 0.750 0.496 0.274 0.190 0.377 0.624 0.863 
0.000 0.031 0.087 0.204 0.397 0.647 0.881 1.000 0.948 0.750 0.496 0.274 0.190 0.377 0.624 
0.000 0.000 0.031 0.087 0.204 0.397 0.647 0.881 1.000 0.948 0.750 0.496 0.274 0.190 0.377 
0.000 0.000 0.000 0.031 0.087 0.204 0.397 0.647 0.881 1.000 0.948 0.750 0.496 0.274 0.190 
0.000 0.000 0.000 0.000 0.000 0.000 0.000 0.000 0.000 0.000 0.000 0.000 0.000 0.000 0.000 
0.000 0.000 0.000 0.000 0.000 0.000 0.000 0.000 0.000 0.000 0.000 0.000 0.000 0.000 0.000 
0.000 0.000 0.000 0.000 0.000 0.000 0.000 0.000 0.000 0.000 0.000 0.000 0.000 0.000 0.000 
0.000 0.000 0.000 0.000 0.000 0.000 0.000 0.000 0.000 0.000 0.000 0.000 0.000 0.000 0.000 
0.000 0.000 0.000 0.000 0.000 0.000 0.000 0.000 0.000 0.000 0.000 0.000 0.000 0.000 0.000 
0.000 0.000 0.000 0.000 0.000 0.000 0.000 0.000 0.000 0.000 0.000 0.000 0.000 0.000 0.000 
0.000 0.000 0.000 0.000 0.000 0.000 0.000 0.000 0.000 0.000 0.000 0.000 0.000 0.000 0.000 
0.000 0.000 0.000 0.000 0.000 0.000 0.000 0.000 0.000 0.000 0.000 0.000 0.000 0.000 0.000 
0.000 0.000 0.000 0.000 0.000 0.000 0.000 0.000 0.000 0.000 0.000 0.000 0.000 0.000 0.000 
0.000 0.000 0.000 0.000 0.000 0.000 0.000 0.000 0.000 0.000 0.000 0.000 0.000 0.000 0.000 
0.000 0.000 0.000 0.000 0.000 0.000 0.000 0.000 0.000 0.000 0.000 0.000 0.000 0.000 0.000 
0.000 0.000 0.000 0.000 0.000 0.000 0.000 0.000 0.000 0.000 0.000 0.000 0.000 0.000 0.000 
0.000 0.000 0.000 0.000 0.000 0.000 0.000 0.000 0.000 0.000 0.000 0.000 0.000 0.000 0.000 
0.000 0.000 0.000 0.000 0.000 0.000 0.000 0.000 0.000 0.000 0.000 0.000 0.000 0.000 0.000 
0.000 0.000 0.000 0.000 0.000 0.000 0.000 0.000 0.000 0.000 0.000 0.000 0.000 0.000 0.000 
# 4 1 11 15
0.180 0.286 0.512 0.765 0.954 0.994 0.865 0.628 0.381 0.193 0.081 0.029 0.000 0.000 0.000 
0.029 0.000 0.000 0.000 0.444 0.236 0.221 0.423 0.675 0.899 1.000 0.929 0.720 0.466 0.252 
0.929 0.720 0.466 0.252 0.114 0.043 0.013 0.000 0.786 0.535 0.304 0.167 0.341 0.581 0.827 
0.167 0.341 0.581 0.827 0.982 0.974 0.807 0.558 0.322 0.155 0.062 0.021 0.994 0.865 0.628 
0.021 0.994 0.865 0.628 0.381 0.193 0.269 0.489 0.743 0.942 0.998 0.882 0.651 0.402 0.207 
0.882 0.651 0.402 0.207 0.089 0.899 1.000 0.929 0.720 0.466 0.252 0.207 0.402 0.651 0.882 
0.207 0.402 0.651 0.882 0.998 0.942 0.743 0.489 0.269 0.581 0.827 0.982 0.974 0.807 0.558 
0.982 0.974 0.807 0.558 0.322 0.155 0.322 0.558 0.807 0.974 0.982 0.827 0.581 0.269 0.489 
0.827 0.581 0.269 0.489 0.743 0.942 0.998 0.882 0.651 0.402 0.207 0.252 0.466 0.720 0.929 
0.252 0.466 0.720 0.929 1.000 0.899 0.089 0.207 0.402 0.651 0.882 0.998 0.942 0.743 0.489 
0.998 0.942 0.743 0.489 0.269 0.193 0.381 0.628 0.865 0.994 0.021 0.062 0.155 0.322 0.558 
# 4 2 1 15
0.592 0.842 1.000 0.992 0.821 0.568 0.328 0.158 0.328 0.568 0.821 0.992 1.000 0.842 0.592 
# 4 3 10 15
0.190 0.274 0.496 0.750 0.948 1.000 0.881 0.647 0.397 0.204 0.087 0.031 0.000 0.000 0.000 
0.087 0.031 0.000 0.000 0.000 0.496 0.274 0.190 0.377 0.624 0.863 0.996 0.960 0.772 0.519 
0.863 0.996 0.960 0.772 0.519 0.291 0.136 0.053 0.017 0.000 0.863 0.624 0.377 0.190 0.274 
0.863 0.624 0.377 0.190 0.274 0.496 0.750 0.948 1.000 0.881 0.647 0.397 0.204 0.087 0.031 
0.647 0.397 0.204 0.087 0.031 1.000 0.948 0.750 0.496 0.274 0.190 0.377 0.624 0.863 0.996 
0.190 0.377 0.624 0.863 0.996 0.960 0.772 0.519 0.291 0.136 0.772 0.960 0.996 0.863 0.624 
0.772 0.960 0.996 0.863 0.624 0.377 0.190 0.274 0.496 0.750 0.948 1.000 0.881 0.647 0.397 
0.948 1.000 0.881 0.647 0.397 0.397 0.647 0.881 1.000 0.948 0.750 0.496 0.274 0.190 0.377 
0.750 0.496 0.274 0.190 0.377 0.624 0.863 0.996 0.960 0.772 0.136 0.291 0.519 0.772 0.960 
0.136 0.291 0.519 0.772 0.960 0.996 0.863 0.624 0.377 0.190 0.274 0.496 0.750 0.948 1.000 
# 5 0 30 10
0.464 0.861 0.996 0.718 0.323 0.090 0.016 0.000 0.000 0.000 
0.601 0.464 0.861 0.996 0.718 0.323 0.090 0.016 0.000 0.000 
0.953 0.601 0.464 0.861 0.996 0.718 0.323 0.090 0.016 0.000 
0.941 0.953 0.601 0.464 0.861 0.996 0.718 0.323 0.090 0.016 
0.580 0.941 0.953 0.601 0.464 0.861 0.996 0.718 0.323 0.090 
0.222 0.580 0.941 0.953 0.601 0.464 0.861 0.996 0.718 0.323 
0.053 0.222 0.580 0.941 0.953 0.601 0.464 0.861 0.996 0.718 
0.000 0.053 0.222 0.580 0.941 0.953 0.601 0.464 0.861 0.996 
0.000 0.000 0.053 0.222 0.580 0.941 0.953 0.601 0.464 0.861 
0.000 0.000 0.000 0.053 0.222 0.580 0.941 0.953 0.601 0.464 
0.000 0.000 0.000 0.000 0.000 0.000 0.000 0.000 0.000 0.000 
0.000 0.000 0.000 0.000 0.000 0.000 0.000 0.000 0.000 0.000 
0.000 0.000 0.000 0.000 0.000 0.000 0.000 0.000 0.000 0.000 
0.000 0.000 0.000 0.000 0.000 0.000 0.000 0.000 0.000 0.000 
0.000 0.000 0.000 0.000 0.000 0.000 0.000 0.000 0.000 0.000 
0.000 0.000 0.000 0.000 0.000 0.000 0.000 0.000 0.000 0.000 
0.000 0.000 0.000 0.000 0.000 0.000 0.000 0.000 0.000 0.000 
0.000 0.000 0.000 0.000 0.000 0.000 0.000 0.000 0.000 0.000 
0.000 0.000 0.000 0.000 0.000 0.000 0.000 0.000 0.000 0.000 
0.000 0.000 0.000 0.000 0.000 0.000 0.000 0.000 0.000 0.000 
0.000 0.000 0.000 0.000 0.000 0.000 0.000 0.000 0.000 0.000 
0.000 0.000 0.000 0.000 0.000 0.000 0.000 0.000 0.000 0.000 
0.000 0.000 0.000 0.000 0.000 0.000 0.000 0.000 0.000 0.000 
0.000 0.000 0.000 0.000 0.000 0.000 0.000 0.000 0.000 0.000 
0.000 0.000 0.000 0.000 0.000 0.000 0.000 0.000 0.000 0.000 
0.000 0.000 0.000 0.000 0.000 0.000 0.000 0.000 0.000 0.000 
0.000 0.000 0.000 0.000 0.000 0.000 0.000 0.000 0.000 0.000 
0.000 0.000 0.000 0.000 0.000 0.000 0.000 0.000 0.000 0.000 
0.000 0.000 0.000 0.000 0.000 0.000 0.000 0.000 0.000 0.000 
0.000 0.000 0.000 0.000 0.000 0.000 0.000 0.000 0.000 0.000 
# 5 1 11 10
0.000 0.000 0.000 0.000 0.000 0.000 0.000 0.000 0.000 0.000 
0.000 0.000 0.000 0.000 0.000 0.000 0.000 0.000 0.000 0.000 
0.000 0.000 0.000 0.000 0.000 0.000 0.000 0.000 0.000 0.000 
0.000 0.000 0.000 0.000 0.000 0.000 0.000 0.000 0.000 0.000 
0.000 0.000 0.000 0.000 0.000 0.000 0.000 0.000 0.000 0.000 
0.000 0.000 0.000 0.000 0.000 0.000 0.000 0.000 0.000 0.000 
0.000 0.000 0.000 0.000 0.000 0.000 0.000 0.000 0.000 0.000 
0.000 0.000 0.000 0.000 0.000 0.000 0.000 0.000 0.000 0.000 
0.000 0.000 0.000 0.000 0.000 0.000 0.000 0.000 0.000 0.000 
0.000 0.000 0.000 0.000 0.000 0.000 0.000 0.000 0.000 0.000 
0.000 0.000 0.000 0.000 0.000 0.000 0.000 0.000 0.000 0.000 
# 5 2 1 10
0.000 0.000 0.000 0.000 0.000 0.000 0.000 0.000 0.000 0.000 
# 5 3 10 10
0.000 0.000 0.000 0.000 0.000 0.000 0.000 0.000 0.000 0.000 
0.000 0.000 0.000 0.000 0.000 0.000 0.000 0.000 0.000 0.000 
0.000 0.000 0.000 0.000 0.000 0.000 0.000 0.000 0.000 0.000 
0.000 0.000 0.000 0.000 0.000 0.000 0.000 0.000 0.000 0.000 
0.000 0.000 0.000 0.000 0.000 0.000 0.000 0.000 0.000 0.000 
0.000 0.000 0.000 0.000 0.000 0.000 0.000 0.000 0.000 0.000 
0.000 0.000 0.000 0.000 0.000 0.000 0.000 0.000 0.000 0.000 
0.000 0.000 0.000 0.000 0.000 0.000 0.000 0.000 0.000 0.000 
0.000 0.000 0.000 0.000 0.000 0.000 0.000 0.000 0.000 0.000 
0.000 0.000 0.000 0.000 0.000 0.000 0.000 0.000 0.000 0.000 
# 5 4 15 10
0.000 0.000 0.000 0.000 0.000 0.000 0.000 0.000 0.000 0.000 
0.000 0.000 0.000 0.000 0.000 0.000 0.000 0.000 0.000 0.000 
0.000 0.000 0.000 0.000 0.000 0.000 0.000 0.000 0.000 0.000 
0.000 0.000 0.000 0.000 0.000 0.000 0.000 0.000 0.000 0.000 
0.000 0.000 0.000 0.000 0.000 0.000 0.000 0.000 0.000 0.000 
0.000 0.000 0.000 0.000 0.000 0.000 0.000 0.000 0.000 0.000 
0.000 0.000 0.000 0.000 0.000 0.000 0.000 0.000 0.000 0.000 
0.000 0.000 0.000 0.000 0.000 0.000 0.000 0.000 0.000 0.000 
0.000 0.000 0.000 0.000 0.000 0.000 0.000 0.000 0.000 0.000 
0.000 0.000 0.000 0.000 0.000 0.000 0.000 0.000 0.000 0.000 
0.000 0.000 0.000 0.000 0.000 0.000 0.000 0.000 0.000 0.000 
0.000 0.000 0.000 0.000 0.000 0.000 0.000 0.000 0.000 0.000 
0.000 0.000 0.000 0.000 0.000 0.000 0.000 0.000 0.000 0.000 
0.000 0.000 0.000 0.000 0.000 0.000 0.000 0.000 0.000 0.000 
0.000 0.000 0.000 0.000 0.000 0.000 0.000 0.000 0.000 0.000 
