2.317870
5
# 0 1 5 30
0.961 1.000 0.939 0.939 1.000 0.961 0.833 0.651 0.460 0.293 0.168 0.087 0.041 0.017 0.000 0.000 0.000 0.000 0.000 0.000 0.000 0.000 0.000 0.000 0.000 0.000 0.000 0.000 0.000 0.000 
0.961 0.833 0.651 0.460 0.293 0.168 0.087 0.041 0.017 0.000 0.000 0.000 0.000 0.000 0.000 0.000 0.000 0.000 0.000 0.000 0.000 0.000 0.000 0.000 0.000 0.087 0.168 0.293 0.460 0.651 
0.168 0.087 0.041 0.017 0.000 0.000 0.000 0.000 0.000 0.000 0.000 0.000 0.000 0.000 0.000 0.000 0.000 0.000 0.000 0.000 0.087 0.168 0.293 0.460 0.651 0.833 0.961 1.000 0.939 0.939 
0.000 0.000 0.000 0.000 0.000 0.000 0.000 0.000 0.000 0.000 0.000 0.000 0.000 0.000 0.000 0.087 0.168 0.293 0.460 0.651 0.833 0.961 1.000 0.939 0.939 1.000 0.961 0.833 0.651 0.460 
0.000 0.000 0.000 0.000 0.000 0.000 0.000 0.000 0.000 0.000 0.087 0.168 0.293 0.460 0.651 0.833 0.961 1.000 0.939 0.939 1.000 0.961 0.833 0.651 0.460 0.293 0.168 0.087 0.041 0.017 
# 0 2 23 30
0.896 0.970 0.997 0.924 0.773 0.584 0.397 0.244 0.135 0.068 0.031 0.012 0.000 0.000 0.000 0.000 0.000 0.000 0.000 0.000 0.000 0.000 0.000 0.000 0.000 0.000 0.000 0.000 0.000 0.000 
0.000 0.000 0.000 0.000 0.000 0.000 0.000 0.999 0.934 0.943 1.000 0.956 0.825 0.643 0.452 0.286 0.164 0.084 0.039 0.017 0.000 0.000 0.000 0.000 0.000 0.000 0.000 0.000 0.000 0.000 
0.000 0.000 0.000 0.000 0.000 0.000 0.000 0.000 0.000 0.000 0.000 0.000 0.000 0.000 0.934 0.999 0.964 0.908 0.993 0.980 0.873 0.701 0.508 0.332 0.196 0.104 0.050 0.022 0.000 0.000 
0.332 0.196 0.104 0.050 0.022 0.000 0.000 0.000 0.000 0.000 0.000 0.000 0.000 0.000 0.000 0.000 0.000 0.000 0.000 0.000 0.000 0.734 0.897 0.989 0.985 0.884 0.977 0.995 0.914 0.758 
0.989 0.985 0.884 0.977 0.995 0.914 0.758 0.567 0.382 0.233 0.128 0.063 0.028 0.011 0.000 0.000 0.000 0.000 0.000 0.000 0.000 0.000 0.000 0.000 0.000 0.000 0.000 0.000 0.484 0.676 
0.000 0.000 0.000 0.000 0.000 0.484 0.676 0.853 0.971 0.997 0.924 0.952 1.000 0.948 0.811 0.626 0.436 0.274 0.155 0.079 0.037 0.015 0.000 0.000 0.000 0.000 0.000 0.000 0.000 0.000 
0.000 0.000 0.000 0.000 0.000 0.000 0.000 0.000 0.000 0.000 0.000 0.000 0.268 0.428 0.617 0.804 0.944 1.000 0.956 0.919 0.996 0.974 0.860 0.685 0.492 0.319 0.186 0.098 0.047 0.020 
0.685 0.492 0.319 0.186 0.098 0.047 0.020 0.000 0.000 0.000 0.000 0.000 0.000 0.000 0.000 0.000 0.000 0.000 0.000 0.124 0.227 0.375 0.558 0.750 0.908 0.993 0.980 0.878 0.982 0.991 
0.750 0.908 0.993 0.980 0.878 0.982 0.991 0.903 0.742 0.550 0.368 0.222 0.121 0.059 0.026 0.011 0.000 0.000 0.000 0.000 0.000 0.000 0.000 0.000 0.000 0.000 0.048 0.101 0.191 0.326 
0.000 0.000 0.000 0.048 0.101 0.191 0.326 0.500 0.693 0.866 0.977 0.994 0.913 0.960 0.999 0.939 0.796 0.609 0.420 0.262 0.147 0.074 0.034 0.014 0.000 0.000 0.000 0.000 0.000 0.000 
0.014 0.000 0.000 0.000 0.000 0.000 0.000 0.000 0.000 0.000 0.016 0.038 0.082 0.159 0.280 0.444 0.634 0.818 0.952 1.000 0.947 0.929 0.998 0.968 0.846 0.668 0.476 0.306 0.177 0.093 
0.968 0.846 0.668 0.476 0.306 0.177 0.093 0.044 0.019 0.000 0.000 0.000 0.000 0.000 0.000 0.000 0.000 0.000 0.012 0.029 0.066 0.132 0.238 0.390 0.575 0.765 0.919 0.996 0.974 0.890 
0.390 0.575 0.765 0.919 0.996 0.974 0.890 0.987 0.987 0.891 0.726 0.533 0.353 0.211 0.114 0.056 0.024 0.000 0.000 0.000 0.000 0.000 0.000 0.000 0.000 0.000 0.000 0.023 0.052 0.108 
0.000 0.000 0.000 0.000 0.023 0.052 0.108 0.201 0.339 0.516 0.709 0.879 0.983 0.991 0.902 0.967 0.998 0.929 0.781 0.592 0.405 0.250 0.139 0.070 0.032 0.013 0.000 0.000 0.000 0.000 
0.070 0.032 0.013 0.000 0.000 0.000 0.000 0.000 0.000 0.000 0.000 0.000 0.017 0.041 0.087 0.168 0.293 0.459 0.651 0.832 0.960 0.999 0.938 0.938 0.999 0.960 0.832 0.651 0.459 0.293 
0.938 0.999 0.960 0.832 0.651 0.459 0.293 0.168 0.087 0.041 0.017 0.000 0.000 0.000 0.000 0.000 0.000 0.000 0.000 0.000 0.013 0.032 0.070 0.139 0.250 0.405 0.592 0.781 0.929 0.998 
0.139 0.250 0.405 0.592 0.781 0.929 0.998 0.967 0.902 0.991 0.983 0.879 0.709 0.516 0.339 0.201 0.108 0.052 0.023 0.000 0.000 0.000 0.000 0.000 0.000 0.000 0.000 0.000 0.000 0.024 
0.000 0.000 0.000 0.000 0.000 0.000 0.024 0.056 0.114 0.211 0.353 0.533 0.726 0.891 0.987 0.987 0.890 0.974 0.996 0.919 0.765 0.575 0.390 0.238 0.132 0.066 0.029 0.012 0.000 0.000 
0.238 0.132 0.066 0.029 0.012 0.000 0.000 0.000 0.000 0.000 0.000 0.000 0.000 0.000 0.019 0.044 0.093 0.177 0.306 0.476 0.668 0.846 0.968 0.998 0.929 0.947 1.000 0.952 0.818 0.634 
0.998 0.929 0.947 1.000 0.952 0.818 0.634 0.444 0.280 0.159 0.082 0.038 0.016 0.000 0.000 0.000 0.000 0.000 0.000 0.000 0.000 0.000 0.014 0.034 0.074 0.147 0.262 0.420 0.609 0.796 
0.034 0.074 0.147 0.262 0.420 0.609 0.796 0.939 0.999 0.960 0.913 0.994 0.977 0.866 0.693 0.500 0.326 0.191 0.101 0.048 0.000 0.000 0.000 0.000 0.000 0.000 0.000 0.000 0.000 0.000 
0.000 0.000 0.000 0.000 0.000 0.000 0.000 0.011 0.026 0.059 0.121 0.222 0.368 0.550 0.742 0.903 0.991 0.982 0.878 0.980 0.993 0.908 0.750 0.558 0.375 0.227 0.124 0.000 0.000 0.000 
0.558 0.375 0.227 0.124 0.000 0.000 0.000 0.000 0.000 0.000 0.000 0.000 0.000 0.000 0.000 0.000 0.020 0.047 0.098 0.186 0.319 0.492 0.685 0.860 0.974 0.996 0.919 0.956 1.000 0.944 
# 0 3 20 30
0.910 0.964 1.000 0.936 0.791 0.603 0.415 0.257 0.144 0.073 0.033 0.014 0.000 0.000 0.000 0.000 0.000 0.000 0.000 0.000 0.000 0.000 0.000 0.000 0.000 0.000 0.000 0.000 0.000 0.000 
0.000 0.000 0.000 0.000 0.000 0.000 0.000 0.000 0.000 0.000 1.000 0.964 0.910 0.994 0.980 0.872 0.700 0.507 0.331 0.195 0.104 0.050 0.022 0.000 0.000 0.000 0.000 0.000 0.000 0.000 
0.104 0.050 0.022 0.000 0.000 0.000 0.000 0.000 0.000 0.000 0.000 0.000 0.000 0.000 0.000 0.000 0.000 0.000 0.000 0.000 0.872 0.980 0.994 0.910 0.964 1.000 0.936 0.791 0.603 0.415 
0.872 0.980 0.994 0.910 0.964 1.000 0.936 0.791 0.603 0.415 0.257 0.144 0.073 0.033 0.014 0.000 0.000 0.000 0.000 0.000 0.000 0.000 0.000 0.000 0.000 0.000 0.000 0.000 0.000 0.000 
0.000 0.000 0.000 0.000 0.000 0.000 0.000 0.000 0.000 0.000 0.603 0.791 0.936 1.000 0.964 0.910 0.994 0.980 0.872 0.700 0.507 0.331 0.195 0.104 0.050 0.022 0.000 0.000 0.000 0.000 
0.507 0.331 0.195 0.104 0.050 0.022 0.000 0.000 0.000 0.000 0.000 0.000 0.000 0.000 0.000 0.000 0.000 0.000 0.000 0.000 0.331 0.507 0.700 0.872 0.980 0.994 0.910 0.964 1.000 0.936 
0.331 0.507 0.700 0.872 0.980 0.994 0.910 0.964 1.000 0.936 0.791 0.603 0.415 0.257 0.144 0.073 0.033 0.014 0.000 0.000 0.000 0.000 0.000 0.000 0.000 0.000 0.000 0.000 0.000 0.000 
0.000 0.000 0.000 0.000 0.000 0.000 0.000 0.000 0.000 0.000 0.144 0.257 0.415 0.603 0.791 0.936 1.000 0.964 0.910 0.994 0.980 0.872 0.700 0.507 0.331 0.195 0.104 0.050 0.022 0.000 
0.980 0.872 0.700 0.507 0.331 0.195 0.104 0.050 0.022 0.000 0.000 0.000 0.000 0.000 0.000 0.000 0.000 0.000 0.000 0.000 0.050 0.104 0.195 0.331 0.507 0.700 0.872 0.980 0.994 0.910 
0.050 0.104 0.195 0.331 0.507 0.700 0.872 0.980 0.994 0.910 0.964 1.000 0.936 0.791 0.603 0.415 0.257 0.144 0.073 0.033 0.014 0.000 0.000 0.000 0.000 0.000 0.000 0.000 0.000 0.000 
0.014 0.000 0.000 0.000 0.000 0.000 0.000 0.000 0.000 0.000 0.014 0.033 0.073 0.144 0.257 0.415 0.603 0.791 0.936 1.000 0.964 0.910 0.994 0.980 0.872 0.700 0.507 0.331 0.195 0.104 
0.964 0.910 0.994 0.980 0.872 0.700 0.507 0.331 0.195 0.104 0.050 0.022 0.000 0.000 0.000 0.000 0.000 0.000 0.000 0.000 0.000 0.000 0.022 0.050 0.104 0.195 0.331 0.507 0.700 0.872 
0.000 0.000 0.022 0.050 0.104 0.195 0.331 0.507 0.700 0.872 0.980 0.994 0.910 0.964 1.000 0.936 0.791 0.603 0.415 0.257 0.144 0.073 0.033 0.014 0.000 0.000 0.000 0.000 0.000 0.000 
0.144 0.073 0.033 0.014 0.000 0.000 0.000 0.000 0.000 0.000 0.000 0.000 0.000 0.014 0.033 0.073 0.144 0.257 0.415 0.603 0.791 0.936 1.000 0.964 0.910 0.994 0.980 0.872 0.700 0.507 
0.791 0.936 1.000 0.964 0.910 0.994 0.980 0.872 0.700 0.507 0.331 0.195 0.104 0.050 0.022 0.000 0.000 0.000 0.000 0.000 0.000 0.000 0.000 0.000 0.000 0.022 0.050 0.104 0.195 0.331 
0.000 0.000 0.000 0.000 0.000 0.022 0.050 0.104 0.195 0.331 0.507 0.700 0.872 0.980 0.994 0.910 0.964 1.000 0.936 0.791 0.603 0.415 0.257 0.144 0.073 0.033 0.014 0.000 0.000 0.000 
0.603 0.415 0.257 0.144 0.073 0.033 0.014 0.000 0.000 0.000 0.000 0.000 0.000 0.000 0.000 0.000 0.014 0.033 0.073 0.144 0.257 0.415 0.603 0.791 0.936 1.000 0.964 0.910 0.994 0.980 
0.257 0.415 0.603 0.791 0.936 1.000 0.964 0.910 0.994 0.980 0.872 0.700 0.507 0.331 0.195 0.104 0.050 0.022 0.000 0.000 0.000 0.000 0.000 0.000 0.000 0.000 0.000 0.000 0.022 0.050 
0.000 0.000 0.000 0.000 0.000 0.000 0.000 0.000 0.022 0.050 0.104 0.195 0.331 0.507 0.700 0.872 0.980 0.994 0.910 0.964 1.000 0.936 0.791 0.603 0.415 0.257 0.144 0.073 0.033 0.014 
1.000 0.936 0.791 0.603 0.415 0.257 0.144 0.073 0.033 0.014 0.000 0.000 0.000 0.000 0.000 0.000 0.000 0.000 0.000 0.014 0.033 0.073 0.144 0.257 0.415 0.603 0.791 0.936 1.000 0.964 
# 0 4 10 30
0.989 0.882 0.989 1.000 0.913 0.752 0.558 0.374 0.226 0.124 0.061 0.027 0.011 0.000 0.000 0.000 0.000 0.000 0.000 0.000 0.000 0.000 0.000 0.000 0.000 0.000 0.000 0.000 0.000 0.000 
0.061 0.027 0.011 0.000 0.000 0.000 0.000 0.000 0.000 0.000 0.000 0.000 0.000 0.000 0.000 0.000 0.000 0.000 0.000 0.000 0.752 0.913 1.000 0.989 0.882 0.989 1.000 0.913 0.752 0.558 
0.000 0.000 0.000 0.000 0.000 0.000 0.000 0.000 0.000 0.000 0.752 0.913 1.000 0.989 0.882 0.989 1.000 0.913 0.752 0.558 0.374 0.226 0.124 0.061 0.027 0.011 0.000 0.000 0.000 0.000 
0.752 0.913 1.000 0.989 0.882 0.989 1.000 0.913 0.752 0.558 0.374 0.226 0.124 0.061 0.027 0.011 0.000 0.000 0.000 0.000 0.000 0.000 0.000 0.000 0.000 0.000 0.000 0.000 0.000 0.000 
0.374 0.226 0.124 0.061 0.027 0.011 0.000 0.000 0.000 0.000 0.000 0.000 0.000 0.000 0.000 0.000 0.000 0.000 0.000 0.000 0.226 0.374 0.558 0.752 0.913 1.000 0.989 0.882 0.989 1.000 
0.000 0.000 0.000 0.000 0.000 0.000 0.000 0.000 0.000 0.000 0.226 0.374 0.558 0.752 0.913 1.000 0.989 0.882 0.989 1.000 0.913 0.752 0.558 0.374 0.226 0.124 0.061 0.027 0.011 0.000 
0.226 0.374 0.558 0.752 0.913 1.000 0.989 0.882 0.989 1.000 0.913 0.752 0.558 0.374 0.226 0.124 0.061 0.027 0.011 0.000 0.000 0.000 0.000 0.000 0.000 0.000 0.000 0.000 0.000 0.000 
0.913 0.752 0.558 0.374 0.226 0.124 0.061 0.027 0.011 0.000 0.000 0.000 0.000 0.000 0.000 0.000 0.000 0.000 0.000 0.000 0.027 0.061 0.124 0.226 0.374 0.558 0.752 0.913 1.000 0.989 
0.000 0.000 0.000 0.000 0.000 0.000 0.000 0.000 0.000 0.000 0.027 0.061 0.124 0.226 0.374 0.558 0.752 0.913 1.000 0.989 0.882 0.989 1.000 0.913 0.752 0.558 0.374 0.226 0.124 0.061 
0.027 0.061 0.124 0.226 0.374 0.558 0.752 0.913 1.000 0.989 0.882 0.989 1.000 0.913 0.752 0.558 0.374 0.226 0.124 0.061 0.027 0.011 0.000 0.000 0.000 0.000 0.000 0.000 0.000 0.000 
# 1 0 30 5
0.935 0.438 0.089 0.000 0.000 
0.873 0.935 0.438 0.089 0.000 
0.356 0.873 0.935 0.438 0.089 
0.063 0.356 0.873 0.935 0.438 
0.000 0.063 0.356 0.873 0.935 
0.000 0.000 0.000 0.000 0.000 
0.000 0.000 0.000 0.000 0.000 
0.000 0.000 0.000 0.000 0.000 
0.000 0.000 0.000 0.000 0.000 
0.000 0.000 0.000 0.000 0.000 
0.000 0.000 0.000 0.000 0.000 
0.000 0.000 0.000 0.000 0.000 
0.000 0.000 0.000 0.000 0.000 
0.000 0.000 0.000 0.000 0.000 
0.000 0.000 0.000 0.000 0.000 
0.000 0.000 0.000 0.000 0.000 
0.000 0.000 0.000 0.000 0.000 
0.000 0.000 0.000 0.000 0.000 
0.000 0.000 0.000 0.000 0.000 
0.000 0.000 0.000 0.000 0.000 
0.000 0.000 0.000 0.000 0.000 
0.000 0.000 0.000 0.000 0.000 
0.000 0.000 0.000 0.000 0.000 
0.000 0.000 0.000 0.000 0.000 
0.000 0.000 0.000 0.000 0.000 
0.000 0.000 0.000 0.000 0.000 
0.000 0.000 0.000 0.000 0.000 
0.000 0.000 0.000 0.000 0.000 
0.000 0.000 0.000 0.000 0.000 
0.000 0.000 0.000 0.000 0.000 
# 1 2 23 5
0.941 0.450 0.094 0.000 0.000 
0.072 0.000 0.821 0.964 0.496 
0.879 0.927 0.428 0.086 0.269 
0.364 0.054 0.324 0.841 0.953 
0.385 0.896 0.912 0.000 0.045 
0.000 0.000 0.000 0.000 0.000 
0.000 0.000 0.000 0.000 0.000 
0.000 0.000 0.000 0.000 0.000 
0.000 0.000 0.000 0.000 0.000 
0.000 0.000 0.000 0.000 0.000 
0.000 0.000 0.000 0.000 0.000 
0.000 0.000 0.000 0.000 0.000 
0.000 0.000 0.000 0.000 0.000 
0.000 0.000 0.000 0.000 0.000 
0.000 0.000 0.000 0.000 0.000 
0.000 0.000 0.000 0.000 0.000 
0.000 0.000 0.000 0.000 0.000 
0.000 0.000 0.000 0.000 0.000 
0.000 0.000 0.000 0.000 0.000 
0.000 0.000 0.000 0.000 0.000 
0.000 0.000 0.000 0.000 0.000 
0.000 0.000 0.000 0.000 0.000 
0.000 0.000 0.000 0.000 0.000 
# 1 3 20 5
0.951 0.461 0.097 0.000 0.000 
0.858 0.951 0.461 0.097 0.000 
0.338 0.858 0.951 0.461 0.097 
0.058 0.338 0.858 0.951 0.461 
0.000 0.058 0.338 0.858 0.951 
0.000 0.000 0.000 0.000 0.000 
0.000 0.000 0.000 0.000 0.000 
0.000 0.000 0.000 0.000 0.000 
0.000 0.000 0.000 0.000 0.000 
0.000 0.000 0.000 0.000 0.000 
0.000 0.000 0.000 0.000 0.000 
0.000 0.000 0.000 0.000 0.000 
0.000 0.000 0.000 0.000 0.000 
0.000 0.000 0.000 0.000 0.000 
0.000 0.000 0.000 0.000 0.000 
0.000 0.000 0.000 0.000 0.000 
0.000 0.000 0.000 0.000 0.000 
0.000 0.000 0.000 0.000 0.000 
0.000 0.000 0.000 0.000 0.000 
0.000 0.000 0.000 0.000 0.000 
# 2 0 30 23
-0.125 -0.181 -0.253 -0.341 -0.444 -0.556 -0.672 -0.782 -0.878 -0.951 -0.992 -0.998 -0.968 -0.905 -0.815 -0.708 -0.593 -0.479 -0.373 -0.280 -0.202 -0.141 -0.095 
-0.698 -0.806 -0.898 -0.963 -0.997 -0.994 -0.956 -0.886 -0.792 -0.682 -0.566 -0.453 -0.350 -0.260 -0.187 -0.129 -0.201 -0.140 -0.149 -0.213 -0.292 -0.387 -0.495 
-0.942 -0.866 -0.767 -0.655 -0.539 -0.428 -0.328 -0.242 -0.172 -0.258 -0.185 -0.128 -0.162 -0.230 -0.313 -0.412 -0.522 -0.637 -0.750 -0.852 -0.932 -0.983 -1.000 
-0.306 -0.224 -0.325 -0.240 -0.170 -0.121 -0.177 -0.248 -0.335 -0.436 -0.548 -0.664 -0.775 -0.873 -0.947 -0.990 -0.999 -0.971 -0.910 -0.822 -0.716 -0.601 -0.486 
-0.192 -0.267 -0.357 -0.462 -0.575 -0.691 -0.800 -0.892 -0.960 -0.996 -0.995 -0.959 -0.891 -0.798 -0.689 -0.574 -0.461 -0.356 -0.484 -0.377 -0.284 -0.205 -0.144 
-0.823 -0.911 -0.971 -0.999 -0.990 -0.946 -0.872 -0.774 -0.663 -0.547 -0.435 -0.571 -0.458 -0.354 -0.264 -0.190 -0.131 -0.158 -0.225 -0.307 -0.405 -0.514 -0.629 
-0.851 -0.749 -0.636 -0.520 -0.660 -0.544 -0.433 -0.332 -0.245 -0.175 -0.120 -0.173 -0.242 -0.329 -0.429 -0.541 -0.656 -0.768 -0.867 -0.943 -0.989 -0.999 -0.974 
-0.408 -0.310 -0.227 -0.160 -0.130 -0.187 -0.261 -0.351 -0.454 -0.568 -0.683 -0.793 -0.887 -0.956 -0.994 -0.996 -0.963 -0.897 -0.805 -0.697 -0.826 -0.721 -0.606 
-0.281 -0.374 -0.480 -0.595 -0.710 -0.816 -0.906 -0.968 -0.998 -0.992 -0.950 -0.877 -0.781 -0.895 -0.803 -0.695 -0.579 -0.465 -0.361 -0.269 -0.194 -0.135 -0.155 
-0.923 -0.978 -1.000 -0.985 -0.936 -0.857 -0.949 -0.875 -0.779 -0.668 -0.552 -0.440 -0.338 -0.250 -0.179 -0.123 -0.168 -0.237 -0.322 -0.422 -0.533 -0.649 -0.761 
-0.934 -0.855 -0.754 -0.641 -0.525 -0.415 -0.316 -0.232 -0.164 -0.126 -0.183 -0.256 -0.344 -0.447 -0.560 -0.676 -0.786 -0.881 -0.953 -0.993 -0.997 -0.966 -1.000 
-0.295 -0.215 -0.151 -0.138 -0.199 -0.275 -0.367 -0.473 -0.587 -0.702 -0.810 -0.900 -0.965 -0.997 -0.993 -0.993 -0.997 -0.965 -0.900 -0.810 -0.702 -0.587 -0.473 
-0.391 -0.499 -0.614 -0.728 -0.833 -0.918 -0.976 -1.000 -0.966 -0.997 -0.993 -0.953 -0.881 -0.786 -0.676 -0.560 -0.447 -0.344 -0.256 -0.183 -0.126 -0.164 -0.232 
-0.984 -0.920 -0.977 -1.000 -0.987 -0.939 -0.861 -0.761 -0.649 -0.533 -0.422 -0.322 -0.237 -0.168 -0.123 -0.179 -0.250 -0.338 -0.440 -0.552 -0.668 -0.779 -0.875 
-0.839 -0.736 -0.622 -0.506 -0.398 -0.301 -0.220 -0.155 -0.135 -0.194 -0.269 -0.361 -0.465 -0.579 -0.695 -0.803 -0.895 -0.781 -0.877 -0.950 -0.992 -0.998 -0.968 
-0.203 -0.142 -0.147 -0.210 -0.289 -0.384 -0.491 -0.606 -0.721 -0.826 -0.697 -0.805 -0.897 -0.963 -0.996 -0.994 -0.956 -0.887 -0.793 -0.683 -0.568 -0.454 -0.351 
-0.518 -0.633 -0.747 -0.609 -0.723 -0.828 -0.915 -0.974 -0.999 -0.989 -0.943 -0.867 -0.768 -0.656 -0.541 -0.429 -0.329 -0.242 -0.173 -0.120 -0.175 -0.245 -0.332 
-0.931 -0.983 -1.000 -0.981 -0.927 -0.845 -0.743 -0.629 -0.514 -0.405 -0.307 -0.225 -0.158 -0.131 -0.190 -0.264 -0.354 -0.458 -0.571 -0.435 -0.547 -0.663 -0.774 
-0.717 -0.602 -0.488 -0.381 -0.286 -0.208 -0.145 -0.144 -0.205 -0.284 -0.377 -0.484 -0.356 -0.461 -0.574 -0.689 -0.798 -0.891 -0.959 -0.995 -0.996 -0.960 -0.892 
-0.133 -0.157 -0.222 -0.304 -0.401 -0.285 -0.380 -0.486 -0.601 -0.716 -0.822 -0.910 -0.971 -0.999 -0.990 -0.947 -0.873 -0.775 -0.664 -0.548 -0.436 -0.335 -0.248 
-0.403 -0.513 -0.628 -0.742 -0.844 -0.927 -0.980 -1.000 -0.983 -0.932 -0.852 -0.750 -0.637 -0.522 -0.412 -0.313 -0.230 -0.162 -0.128 -0.185 -0.258 -0.172 -0.242 
-0.988 -0.999 -0.974 -0.916 -0.830 -0.725 -0.610 -0.495 -0.387 -0.292 -0.213 -0.149 -0.140 -0.201 -0.129 -0.187 -0.260 -0.350 -0.453 -0.566 -0.682 -0.792 -0.886 
-0.583 -0.469 -0.364 -0.272 -0.196 -0.136 -0.153 -0.095 -0.141 -0.202 -0.280 -0.373 -0.479 -0.593 -0.708 -0.815 -0.905 -0.968 -0.998 -0.992 -0.951 -0.878 -0.782 
0.000 0.000 0.000 0.000 0.000 0.000 0.000 0.000 0.000 0.000 0.000 0.000 0.000 0.000 0.000 0.000 0.000 0.000 0.000 0.000 0.000 0.000 0.000 
0.000 0.000 0.000 0.000 0.000 0.000 0.000 0.000 0.000 0.000 0.000 0.000 0.000 0.000 0.000 0.000 0.000 0.000 0.000 0.000 0.000 0.000 0.000 
0.000 0.000 0.000 0.000 0.000 0.000 0.000 0.000 0.000 0.000 0.000 0.000 0.000 0.000 0.000 0.000 0.000 0.000 0.000 0.000 0.000 0.000 0.000 
0.000 0.000 0.000 0.000 0.000 0.000 0.000 0.000 0.000 0.000 0.000 0.000 0.000 0.000 0.000 0.000 0.000 0.000 0.000 0.000 0.000 0.000 0.000 
0.000 0.000 0.000 0.000 0.000 0.000 0.000 0.000 0.000 0.000 0.000 0.000 0.000 0.000 0.000 0.000 0.000 0.000 0.000 0.000 0.000 0.000 0.000 
0.000 0.000 0.000 0.000 0.000 0.000 0.000 0.000 0.000 0.000 0.000 0.000 0.000 0.000 0.000 0.000 0.000 0.000 0.000 0.000 0.000 0.000 0.000 
0.000 0.000 0.000 0.000 0.000 0.000 0.000 0.000 0.000 0.000 0.000 0.000 0.000 0.000 0.000 0.000 0.000 0.000 0.000 0.000 0.000 0.000 0.000 
# 2 1 5 23
-0.229 -0.162 -0.129 -0.186 -0.260 -0.349 -0.453 -0.566 -0.682 -0.791 -0.886 -0.956 -0.994 -0.997 -0.964 -0.899 -0.807 -0.699 -0.584 -0.470 -0.365 -0.273 -0.197 
-0.349 -0.453 -0.566 -0.682 -0.791 -0.886 -0.956 -0.994 -0.997 -0.964 -0.899 -0.807 -0.699 -0.584 -0.470 -0.365 -0.273 -0.197 -0.704 -0.589 -0.475 -0.369 -0.277 
-0.886 -0.956 -0.994 -0.997 -0.964 -0.899 -0.807 -0.699 -0.584 -0.470 -0.365 -0.273 -0.197 -0.704 -0.589 -0.475 -0.369 -0.277 -0.200 -0.139 -0.150 -0.214 -0.294 
-0.899 -0.807 -0.699 -0.584 -0.470 -0.365 -0.273 -0.197 -0.704 -0.589 -0.475 -0.369 -0.277 -0.200 -0.139 -0.150 -0.214 -0.294 -0.389 -0.497 -0.612 -0.727 -0.832 
-0.365 -0.273 -0.197 -0.704 -0.589 -0.475 -0.369 -0.277 -0.200 -0.139 -0.150 -0.214 -0.294 -0.389 -0.497 -0.612 -0.727 -0.832 -0.917 -0.975 -1.000 -0.988 -0.942 
# 2 3 20 23
-0.123 -0.169 -0.238 -0.323 -0.423 -0.534 -0.650 -0.762 -0.862 -0.939 -0.987 -1.000 -0.976 -0.919 -0.834 -0.730 -0.615 -0.500 -0.392 -0.296 -0.216 -0.152 -0.103 
-0.216 -0.152 -0.103 -0.188 -0.130 -0.160 -0.227 -0.309 -0.407 -0.517 -0.632 -0.746 -0.848 -0.929 -0.982 -1.000 -0.982 -0.930 -0.848 -0.746 -0.633 -0.517 -0.408 
-0.633 -0.517 -0.408 -0.310 -0.227 -0.160 -0.274 -0.198 -0.138 -0.151 -0.216 -0.296 -0.392 -0.500 -0.615 -0.729 -0.834 -0.919 -0.976 -1.000 -0.987 -0.939 -0.862 
-0.987 -0.939 -0.862 -0.762 -0.650 -0.535 -0.424 -0.324 -0.238 -0.382 -0.287 -0.208 -0.146 -0.143 -0.205 -0.283 -0.376 -0.483 -0.597 -0.712 -0.819 -0.907 -0.969 
-0.819 -0.907 -0.969 -0.998 -0.991 -0.949 -0.875 -0.778 -0.668 -0.552 -0.440 -0.338 -0.505 -0.397 -0.300 -0.219 -0.154 -0.135 -0.195 -0.270 -0.362 -0.466 -0.580 
-0.362 -0.466 -0.580 -0.695 -0.804 -0.896 -0.962 -0.996 -0.995 -0.957 -0.888 -0.794 -0.685 -0.569 -0.456 -0.638 -0.523 -0.412 -0.314 -0.230 -0.163 -0.128 -0.185 
-0.163 -0.128 -0.185 -0.258 -0.347 -0.450 -0.563 -0.678 -0.788 -0.883 -0.954 -0.993 -0.997 -0.965 -0.900 -0.809 -0.702 -0.586 -0.767 -0.655 -0.540 -0.428 -0.328 
-0.540 -0.428 -0.328 -0.242 -0.172 -0.120 -0.175 -0.246 -0.333 -0.434 -0.545 -0.661 -0.773 -0.870 -0.945 -0.990 -0.999 -0.972 -0.912 -0.824 -0.719 -0.879 -0.783 
-0.719 -0.879 -0.783 -0.673 -0.557 -0.445 -0.342 -0.254 -0.181 -0.125 -0.166 -0.234 -0.319 -0.418 -0.528 -0.644 -0.757 -0.857 -0.936 -0.985 -1.000 -0.978 -0.923 
-1.000 -0.978 -0.923 -0.839 -0.959 -0.892 -0.799 -0.690 -0.574 -0.461 -0.357 -0.266 -0.191 -0.133 -0.157 -0.223 -0.305 -0.402 -0.511 -0.626 -0.740 -0.843 -0.926 
-0.740 -0.843 -0.926 -0.980 -1.000 -0.984 -0.933 -0.998 -0.967 -0.904 -0.814 -0.707 -0.592 -0.477 -0.371 -0.279 -0.201 -0.140 -0.149 -0.212 -0.292 -0.387 -0.494 
-0.292 -0.387 -0.494 -0.609 -0.724 -0.829 -0.915 -0.974 -0.999 -0.988 -0.988 -0.999 -0.974 -0.915 -0.829 -0.724 -0.609 -0.494 -0.387 -0.292 -0.212 -0.149 -0.140 
-0.212 -0.149 -0.140 -0.201 -0.279 -0.371 -0.477 -0.592 -0.707 -0.814 -0.904 -0.967 -0.998 -0.933 -0.984 -1.000 -0.980 -0.926 -0.843 -0.740 -0.626 -0.511 -0.402 
-0.626 -0.511 -0.402 -0.305 -0.223 -0.157 -0.133 -0.191 -0.266 -0.357 -0.461 -0.574 -0.690 -0.799 -0.892 -0.959 -0.839 -0.923 -0.978 -1.000 -0.985 -0.936 -0.857 
-0.985 -0.936 -0.857 -0.757 -0.644 -0.528 -0.418 -0.319 -0.234 -0.166 -0.125 -0.181 -0.254 -0.342 -0.445 -0.557 -0.673 -0.783 -0.879 -0.719 -0.824 -0.912 -0.972 
-0.824 -0.912 -0.972 -0.999 -0.990 -0.945 -0.870 -0.773 -0.661 -0.545 -0.434 -0.333 -0.246 -0.175 -0.120 -0.172 -0.242 -0.328 -0.428 -0.540 -0.655 -0.767 -0.586 
-0.655 -0.767 -0.586 -0.702 -0.809 -0.900 -0.965 -0.997 -0.993 -0.954 -0.883 -0.788 -0.678 -0.563 -0.450 -0.347 -0.258 -0.185 -0.128 -0.163 -0.230 -0.314 -0.412 
-0.230 -0.314 -0.412 -0.523 -0.638 -0.456 -0.569 -0.685 -0.794 -0.888 -0.957 -0.995 -0.996 -0.962 -0.896 -0.804 -0.695 -0.580 -0.466 -0.362 -0.270 -0.195 -0.135 
-0.270 -0.195 -0.135 -0.154 -0.219 -0.300 -0.397 -0.505 -0.338 -0.440 -0.552 -0.668 -0.778 -0.875 -0.949 -0.991 -0.998 -0.969 -0.907 -0.819 -0.712 -0.597 -0.483 
-0.712 -0.597 -0.483 -0.376 -0.283 -0.205 -0.143 -0.146 -0.208 -0.287 -0.382 -0.238 -0.324 -0.424 -0.535 -0.650 -0.762 -0.862 -0.939 -0.987 -1.000 -0.976 -0.919 
# 3 0 30 20
0.075 0.137 0.233 0.364 0.524 0.695 0.851 0.961 1.000 0.959 0.849 0.692 0.520 0.361 0.231 0.136 0.074 0.037 0.017 0.000 
0.929 0.800 0.635 0.465 0.314 0.195 0.112 0.059 0.029 0.013 0.137 0.075 0.113 0.197 0.316 0.468 0.638 0.803 0.931 0.996 
0.197 0.113 0.075 0.137 0.233 0.364 0.524 0.695 0.851 0.961 1.000 0.959 0.849 0.692 0.520 0.361 0.231 0.136 0.074 0.037 
0.983 0.995 0.929 0.800 0.635 0.465 0.314 0.195 0.112 0.059 0.364 0.233 0.137 0.075 0.113 0.197 0.316 0.468 0.638 0.803 
0.468 0.316 0.197 0.113 0.075 0.137 0.233 0.364 0.524 0.695 0.851 0.961 1.000 0.959 0.849 0.692 0.520 0.361 0.231 0.136 
0.751 0.894 0.983 0.995 0.929 0.800 0.635 0.465 0.314 0.195 0.695 0.524 0.364 0.233 0.137 0.075 0.113 0.197 0.316 0.468 
0.803 0.638 0.468 0.316 0.197 0.113 0.075 0.137 0.233 0.364 0.524 0.695 0.851 0.961 1.000 0.959 0.849 0.692 0.520 0.361 
0.414 0.581 0.751 0.894 0.983 0.995 0.929 0.800 0.635 0.465 0.961 0.851 0.695 0.524 0.364 0.233 0.137 0.075 0.113 0.197 
0.996 0.931 0.803 0.638 0.468 0.316 0.197 0.113 0.075 0.137 0.233 0.364 0.524 0.695 0.851 0.961 1.000 0.959 0.849 0.692 
0.165 0.272 0.414 0.581 0.751 0.894 0.983 0.995 0.929 0.800 0.959 1.000 0.961 0.851 0.695 0.524 0.364 0.233 0.137 0.075 
0.892 0.982 0.996 0.931 0.803 0.638 0.468 0.316 0.197 0.113 0.075 0.137 0.233 0.364 0.524 0.695 0.851 0.961 1.000 0.959 
0.092 0.092 0.165 0.272 0.414 0.581 0.751 0.894 0.983 0.995 0.692 0.849 0.959 1.000 0.961 0.851 0.695 0.524 0.364 0.233 
0.577 0.748 0.892 0.982 0.996 0.931 0.803 0.638 0.468 0.316 0.197 0.113 0.075 0.137 0.233 0.364 0.524 0.695 0.851 0.961 
0.272 0.165 0.092 0.092 0.165 0.272 0.414 0.581 0.751 0.894 0.361 0.520 0.692 0.849 0.959 1.000 0.961 0.851 0.695 0.524 
0.270 0.411 0.577 0.748 0.892 0.982 0.996 0.931 0.803 0.638 0.468 0.316 0.197 0.113 0.075 0.137 0.233 0.364 0.524 0.695 
0.581 0.414 0.272 0.165 0.092 0.092 0.165 0.272 0.414 0.581 0.136 0.231 0.361 0.520 0.692 0.849 0.959 1.000 0.961 0.851 
0.091 0.163 0.270 0.411 0.577 0.748 0.892 0.982 0.996 0.931 0.803 0.638 0.468 0.316 0.197 0.113 0.075 0.137 0.233 0.364 
0.894 0.751 0.581 0.414 0.272 0.165 0.092 0.092 0.165 0.272 0.037 0.074 0.136 0.231 0.361 0.520 0.692 0.849 0.959 1.000 
0.022 0.047 0.091 0.163 0.270 0.411 0.577 0.748 0.892 0.982 0.996 0.931 0.803 0.638 0.468 0.316 0.197 0.113 0.075 0.137 
0.995 0.983 0.894 0.751 0.581 0.414 0.272 0.165 0.092 0.092 0.000 0.017 0.037 0.074 0.136 0.231 0.361 0.520 0.692 0.849 
0.000 0.000 0.000 0.000 0.000 0.000 0.000 0.000 0.000 0.000 0.000 0.000 0.000 0.000 0.000 0.000 0.000 0.000 0.000 0.000 
0.000 0.000 0.000 0.000 0.000 0.000 0.000 0.000 0.000 0.000 0.000 0.000 0.000 0.000 0.000 0.000 0.000 0.000 0.000 0.000 
0.000 0.000 0.000 0.000 0.000 0.000 0.000 0.000 0.000 0.000 0.000 0.000 0.000 0.000 0.000 0.000 0.000 0.000 0.000 0.000 
0.000 0.000 0.000 0.000 0.000 0.000 0.000 0.000 0.000 0.000 0.000 0.000 0.000 0.000 0.000 0.000 0.000 0.000 0.000 0.000 
0.000 0.000 0.000 0.000 0.000 0.000 0.000 0.000 0.000 0.000 0.000 0.000 0.000 0.000 0.000 0.000 0.000 0.000 0.000 0.000 
0.000 0.000 0.000 0.000 0.000 0.000 0.000 0.000 0.000 0.000 0.000 0.000 0.000 0.000 0.000 0.000 0.000 0.000 0.000 0.000 
0.000 0.000 0.000 0.000 0.000 0.000 0.000 0.000 0.000 0.000 0.000 0.000 0.000 0.000 0.000 0.000 0.000 0.000 0.000 0.000 
0.000 0.000 0.000 0.000 0.000 0.000 0.000 0.000 0.000 0.000 0.000 0.000 0.000 0.000 0.000 0.000 0.000 0.000 0.000 0.000 
0.000 0.000 0.000 0.000 0.000 0.000 0.000 0.000 0.000 0.000 0.000 0.000 0.000 0.000 0.000 0.000 0.000 0.000 0.000 0.000 
0.000 0.000 0.000 0.000 0.000 0.000 0.000 0.000 0.000 0.000 0.000 0.000 0.000 0.000 0.000 0.000 0.000 0.000 0.000 0.000 
# 3 1 5 20
0.166 0.093 0.093 0.166 0.274 0.416 0.584 0.754 0.899 0.987 1.000 0.934 0.804 0.638 0.467 0.315 0.196 0.112 0.059 0.029 
0.416 0.584 0.754 0.899 0.987 1.000 0.934 0.804 0.638 0.467 0.315 0.196 0.112 0.059 0.029 0.754 0.584 0.416 0.274 0.166 
1.000 0.934 0.804 0.638 0.467 0.315 0.196 0.112 0.059 0.029 0.754 0.584 0.416 0.274 0.166 0.093 0.093 0.166 0.274 0.416 
0.315 0.196 0.112 0.059 0.029 0.754 0.584 0.416 0.274 0.166 0.093 0.093 0.166 0.274 0.416 0.584 0.754 0.899 0.987 1.000 
0.754 0.584 0.416 0.274 0.166 0.093 0.093 0.166 0.274 0.416 0.584 0.754 0.899 0.987 1.000 0.934 0.804 0.638 0.467 0.315 
# 3 2 23 20
0.070 0.130 0.221 0.349 0.507 0.678 0.837 0.953 1.000 0.967 0.863 0.709 0.538 0.376 0.242 0.144 0.079 0.040 0.019 0.000 
0.236 0.368 0.529 0.700 0.855 0.963 1.000 0.957 0.845 0.687 0.515 0.356 0.227 0.134 0.072 0.036 0.017 0.181 0.103 0.083 
0.551 0.722 0.873 0.972 0.999 0.946 0.826 0.665 0.494 0.338 0.213 0.124 0.066 0.033 0.278 0.169 0.095 0.090 0.161 0.267 
0.889 0.980 0.996 0.934 0.807 0.643 0.472 0.319 0.199 0.115 0.061 0.401 0.262 0.158 0.087 0.097 0.173 0.284 0.428 0.596 
0.993 0.920 0.787 0.620 0.451 0.302 0.186 0.106 0.543 0.381 0.246 0.147 0.081 0.106 0.185 0.301 0.449 0.618 0.785 0.919 
0.766 0.598 0.430 0.285 0.174 0.693 0.521 0.361 0.231 0.136 0.074 0.114 0.198 0.318 0.470 0.641 0.805 0.933 0.996 0.981 
0.409 0.268 0.831 0.671 0.499 0.343 0.217 0.126 0.068 0.123 0.212 0.336 0.492 0.663 0.825 0.945 0.999 0.973 0.874 0.724 
0.812 0.648 0.477 0.324 0.203 0.117 0.072 0.133 0.226 0.355 0.514 0.686 0.843 0.956 1.000 0.964 0.857 0.702 0.530 0.994 
0.456 0.306 0.190 0.108 0.078 0.143 0.241 0.374 0.536 0.708 0.861 0.966 1.000 0.954 0.839 0.680 0.991 0.989 0.910 0.772 
0.177 0.100 0.085 0.154 0.256 0.394 0.558 0.729 0.878 0.975 0.998 0.942 0.820 0.929 0.995 0.983 0.894 0.751 0.581 0.414 
0.092 0.165 0.272 0.414 0.581 0.751 0.894 0.983 0.995 0.929 0.820 0.942 0.998 0.975 0.878 0.729 0.558 0.394 0.256 0.154 
0.289 0.435 0.603 0.772 0.910 0.989 0.991 0.680 0.839 0.954 1.000 0.966 0.861 0.708 0.536 0.374 0.241 0.143 0.078 0.108 
0.626 0.792 0.924 0.994 0.530 0.702 0.857 0.964 1.000 0.956 0.843 0.686 0.514 0.355 0.226 0.133 0.072 0.117 0.203 0.324 
0.937 0.389 0.553 0.724 0.874 0.973 0.999 0.945 0.825 0.663 0.492 0.336 0.212 0.123 0.068 0.126 0.217 0.343 0.499 0.671 
0.575 0.745 0.890 0.981 0.996 0.933 0.805 0.641 0.470 0.318 0.198 0.114 0.074 0.136 0.231 0.361 0.521 0.693 0.174 0.285 
0.906 0.987 0.992 0.919 0.785 0.618 0.449 0.301 0.185 0.106 0.081 0.147 0.246 0.381 0.543 0.106 0.186 0.302 0.451 0.620 
0.987 0.905 0.765 0.596 0.428 0.284 0.173 0.097 0.087 0.158 0.262 0.401 0.061 0.115 0.199 0.319 0.472 0.643 0.807 0.934 
0.744 0.573 0.408 0.267 0.161 0.090 0.095 0.169 0.278 0.033 0.066 0.124 0.213 0.338 0.494 0.665 0.826 0.946 0.999 0.972 
0.387 0.251 0.150 0.083 0.103 0.181 0.017 0.036 0.072 0.134 0.227 0.356 0.515 0.687 0.845 0.957 1.000 0.963 0.855 0.700 
0.140 0.076 0.111 0.000 0.019 0.040 0.079 0.144 0.242 0.376 0.538 0.709 0.863 0.967 1.000 0.953 0.837 0.678 0.507 0.349 
0.000 0.000 0.000 0.000 0.000 0.000 0.000 0.000 0.000 0.000 0.000 0.000 0.000 0.000 0.000 0.000 0.000 0.000 0.000 0.000 
0.000 0.000 0.000 0.000 0.000 0.000 0.000 0.000 0.000 0.000 0.000 0.000 0.000 0.000 0.000 0.000 0.000 0.000 0.000 0.000 
0.000 0.000 0.000 0.000 0.000 0.000 0.000 0.000 0.000 0.000 0.000 0.000 0.000 0.000 0.000 0.000 0.000 0.000 0.000 0.000 
# 4 0 30 10
0.981 0.994 0.918 0.773 0.593 0.414 0.264 0.153 0.081 0.039 
0.996 0.981 0.994 0.918 0.773 0.593 0.414 0.264 0.153 0.081 
0.978 0.996 0.981 0.994 0.918 0.773 0.593 0.414 0.264 0.153 
0.876 0.978 0.996 0.981 0.994 0.918 0.773 0.593 0.414 0.264 
0.715 0.876 0.978 0.996 0.981 0.994 0.918 0.773 0.593 0.414 
0.531 0.715 0.876 0.978 0.996 0.981 0.994 0.918 0.773 0.593 
0.360 0.531 0.715 0.876 0.978 0.996 0.981 0.994 0.918 0.773 
0.222 0.360 0.531 0.715 0.876 0.978 0.996 0.981 0.994 0.918 
0.125 0.222 0.360 0.531 0.715 0.876 0.978 0.996 0.981 0.994 
0.064 0.125 0.222 0.360 0.531 0.715 0.876 0.978 0.996 0.981 
0.000 0.000 0.000 0.000 0.000 0.000 0.000 0.000 0.000 0.000 
0.000 0.000 0.000 0.000 0.000 0.000 0.000 0.000 0.000 0.000 
0.000 0.000 0.000 0.000 0.000 0.000 0.000 0.000 0.000 0.000 
0.000 0.000 0.000 0.000 0.000 0.000 0.000 0.000 0.000 0.000 
0.000 0.000 0.000 0.000 0.000 0.000 0.000 0.000 0.000 0.000 
0.000 0.000 0.000 0.000 0.000 0.000 0.000 0.000 0.000 0.000 
0.000 0.000 0.000 0.000 0.000 0.000 0.000 0.000 0.000 0.000 
0.000 0.000 0.000 0.000 0.000 0.000 0.000 0.000 0.000 0.000 
0.000 0.000 0.000 0.000 0.000 0.000 0.000 0.000 0.000 0.000 
0.000 0.000 0.000 0.000 0.000 0.000 0.000 0.000 0.000 0.000 
0.000 0.000 0.000 0.000 0.000 0.000 0.000 0.000 0.000 0.000 
0.000 0.000 0.000 0.000 0.000 0.000 0.000 0.000 0.000 0.000 
0.000 0.000 0.000 0.000 0.000 0.000 0.000 0.000 0.000 0.000 
0.000 0.000 0.000 0.000 0.000 0.000 0.000 0.000 0.000 0.000 
0.000 0.000 0.000 0.000 0.000 0.000 0.000 0.000 0.000 0.000 
0.000 0.000 0.000 0.000 0.000 0.000 0.000 0.000 0.000 0.000 
0.000 0.000 0.000 0.000 0.000 0.000 0.000 0.000 0.000 0.000 
0.000 0.000 0.000 0.000 0.000 0.000 0.000 0.000 0.000 0.000 
0.000 0.000 0.000 0.000 0.000 0.000 0.000 0.000 0.000 0.000 
0.000 0.000 0.000 0.000 0.000 0.000 0.000 0.000 0.000 0.000 
# 4 1 5 10
0.000 0.000 0.000 0.000 0.000 0.000 0.000 0.000 0.000 0.000 
0.000 0.000 0.000 0.000 0.000 0.000 0.000 0.000 0.000 0.000 
0.000 0.000 0.000 0.000 0.000 0.000 0.000 0.000 0.000 0.000 
0.000 0.000 0.000 0.000 0.000 0.000 0.000 0.000 0.000 0.000 
0.000 0.000 0.000 0.000 0.000 0.000 0.000 0.000 0.000 0.000 
# 4 2 23 10
0.000 0.000 0.000 0.000 0.000 0.000 0.000 0.000 0.000 0.000 
0.000 0.000 0.000 0.000 0.000 0.000 0.000 0.000 0.000 0.000 
0.000 0.000 0.000 0.000 0.000 0.000 0.000 0.000 0.000 0.000 
0.000 0.000 0.000 0.000 0.000 0.000 0.000 0.000 0.000 0.000 
0.000 0.000 0.000 0.000 0.000 0.000 0.000 0.000 0.000 0.000 
0.000 0.000 0.000 0.000 0.000 0.000 0.000 0.000 0.000 0.000 
0.000 0.000 0.000 0.000 0.000 0.000 0.000 0.000 0.000 0.000 
0.000 0.000 0.000 0.000 0.000 0.000 0.000 0.000 0.000 0.000 
0.000 0.000 0.000 0.000 0.000 0.000 0.000 0.000 0.000 0.000 
0.000 0.000 0.000 0.000 0.000 0.000 0.000 0.000 0.000 0.000 
0.000 0.000 0.000 0.000 0.000 0.000 0.000 0.000 0.000 0.000 
0.000 0.000 0.000 0.000 0.000 0.000 0.000 0.000 0.000 0.000 
0.000 0.000 0.000 0.000 0.000 0.000 0.000 0.000 0.000 0.000 
0.000 0.000 0.000 0.000 0.000 0.000 0.000 0.000 0.000 0.000 
0.000 0.000 0.000 0.000 0.000 0.000 0.000 0.000 0.000 0.000 
0.000 0.000 0.000 0.000 0.000 0.000 0.000 0.000 0.000 0.000 
0.000 0.000 0.000 0.000 0.000 0.000 0.000 0.000 0.000 0.000 
0.000 0.000 0.000 0.000 0.000 0.000 0.000 0.000 0.000 0.000 
0.000 0.000 0.000 0.000 0.000 0.000 0.000 0.000 0.000 0.000 
0.000 0.000 0.000 0.000 0.000 0.000 0.000 0.000 0.000 0.000 
0.000 0.000 0.000 0.000 0.000 0.000 0.000 0.000 0.000 0.000 
0.000 0.000 0.000 0.000 0.000 0.000 0.000 0.000 0.000 0.000 
0.000 0.000 0.000 0.000 0.000 0.000 0.000 0.000 0.000 0.000 
# 4 3 20 10
0.000 0.000 0.000 0.000 0.000 0.000 0.000 0.000 0.000 0.000 
0.000 0.000 0.000 0.000 0.000 0.000 0.000 0.000 0.000 0.000 
0.000 0.000 0.000 0.000 0.000 0.000 0.000 0.000 0.000 0.000 
0.000 0.000 0.000 0.000 0.000 0.000 0.000 0.000 0.000 0.000 
0.000 0.000 0.000 0.000 0.000 0.000 0.000 0.000 0.000 0.000 
0.000 0.000 0.000 0.000 0.000 0.000 0.000 0.000 0.000 0.000 
0.000 0.000 0.000 0.000 0.000 0.000 0.000 0.000 0.000 0.000 
0.000 0.000 0.000 0.000 0.000 0.000 0.000 0.000 0.000 0.000 
0.000 0.000 0.000 0.000 0.000 0.000 0.000 0.000 0.000 0.000 
0.000 0.000 0.000 0.000 0.000 0.000 0.000 0.000 0.000 0.000 
0.000 0.000 0.000 0.000 0.000 0.000 0.000 0.000 0.000 0.000 
0.000 0.000 0.000 0.000 0.000 0.000 0.000 0.000 0.000 0.000 
0.000 0.000 0.000 0.000 0.000 0.000 0.000 0.000 0.000 0.000 
0.000 0.000 0.000 0.000 0.000 0.000 0.000 0.000 0.000 0.000 
0.000 0.000 0.000 0.000 0.000 0.000 0.000 0.000 0.000 0.000 
0.000 0.000 0.000 0.000 0.000 0.000 0.000 0.000 0.000 0.000 
0.000 0.000 0.000 0.000 0.000 0.000 0.000 0.000 0.000 0.000 
0.000 0.000 0.000 0.000 0.000 0.000 0.000 0.000 0.000 0.000 
0.000 0.000 0.000 0.000 0.000 0.000 0.000 0.000 0.000 0.000 
0.000 0.000 0.000 0.000 0.000 0.000 0.000 0.000 0.000 0.000 
