1.909354
4
# 0 1 18 30
0.601 0.748 1.000 0.772 0.344 0.089 0.013 0.000 0.000 0.000 0.000 0.000 0.000 0.000 0.000 0.000 0.000 0.000 0.000 0.000 0.000 0.000 0.000 0.000 0.000 0.000 0.000 0.000 0.000 0.000 
0.000 0.000 0.000 0.000 0.000 0.000 0.000 0.000 0.000 0.000 0.000 0.000 0.975 0.876 0.454 0.876 0.975 0.627 0.233 0.050 0.000 0.000 0.000 0.000 0.000 0.000 0.000 0.000 0.000 0.000 
0.233 0.050 0.000 0.000 0.000 0.000 0.000 0.000 0.000 0.000 0.000 0.000 0.000 0.000 0.000 0.000 0.000 0.000 0.000 0.000 0.000 0.000 0.000 0.000 0.344 0.772 1.000 0.748 0.601 0.965 
0.000 0.000 0.000 0.000 0.000 0.000 0.344 0.772 1.000 0.748 0.601 0.965 0.895 0.479 0.148 0.026 0.000 0.000 0.000 0.000 0.000 0.000 0.000 0.000 0.000 0.000 0.000 0.000 0.000 0.000 
0.000 0.000 0.000 0.000 0.000 0.000 0.000 0.000 0.000 0.000 0.000 0.000 0.000 0.000 0.000 0.000 0.000 0.000 0.026 0.148 0.479 0.895 0.965 0.601 0.748 1.000 0.772 0.344 0.089 0.013 
0.026 0.148 0.479 0.895 0.965 0.601 0.748 1.000 0.772 0.344 0.089 0.013 0.000 0.000 0.000 0.000 0.000 0.000 0.000 0.000 0.000 0.000 0.000 0.000 0.000 0.000 0.000 0.000 0.000 0.000 
0.000 0.000 0.000 0.000 0.000 0.000 0.000 0.000 0.000 0.000 0.000 0.000 0.000 0.000 0.050 0.233 0.627 0.975 0.876 0.454 0.876 0.975 0.627 0.233 0.050 0.000 0.000 0.000 0.000 0.000 
0.876 0.454 0.876 0.975 0.627 0.233 0.050 0.000 0.000 0.000 0.000 0.000 0.000 0.000 0.000 0.000 0.000 0.000 0.000 0.000 0.000 0.000 0.000 0.000 0.000 0.000 0.000 0.013 0.089 0.344 
0.000 0.000 0.000 0.000 0.000 0.000 0.000 0.000 0.000 0.013 0.089 0.344 0.772 1.000 0.748 0.601 0.965 0.895 0.479 0.148 0.026 0.000 0.000 0.000 0.000 0.000 0.000 0.000 0.000 0.000 
0.479 0.148 0.026 0.000 0.000 0.000 0.000 0.000 0.000 0.000 0.000 0.000 0.000 0.000 0.000 0.000 0.000 0.000 0.000 0.000 0.000 0.000 0.000 0.026 0.148 0.479 0.895 0.965 0.601 0.748 
0.000 0.000 0.000 0.000 0.000 0.026 0.148 0.479 0.895 0.965 0.601 0.748 1.000 0.772 0.344 0.089 0.013 0.000 0.000 0.000 0.000 0.000 0.000 0.000 0.000 0.000 0.000 0.000 0.000 0.000 
0.000 0.000 0.000 0.000 0.000 0.000 0.000 0.000 0.000 0.000 0.000 0.000 0.000 0.000 0.000 0.000 0.000 0.000 0.000 0.050 0.233 0.627 0.975 0.876 0.454 0.876 0.975 0.627 0.233 0.050 
0.000 0.050 0.233 0.627 0.975 0.876 0.454 0.876 0.975 0.627 0.233 0.050 0.000 0.000 0.000 0.000 0.000 0.000 0.000 0.000 0.000 0.000 0.000 0.000 0.000 0.000 0.000 0.000 0.000 0.000 
0.000 0.000 0.000 0.000 0.000 0.000 0.000 0.000 0.000 0.000 0.000 0.000 0.000 0.000 0.013 0.089 0.344 0.772 1.000 0.748 0.601 0.965 0.895 0.479 0.148 0.026 0.000 0.000 0.000 0.000 
1.000 0.748 0.601 0.965 0.895 0.479 0.148 0.026 0.000 0.000 0.000 0.000 0.000 0.000 0.000 0.000 0.000 0.000 0.000 0.000 0.000 0.000 0.000 0.000 0.000 0.000 0.000 0.000 0.026 0.148 
0.000 0.000 0.000 0.000 0.000 0.000 0.000 0.000 0.000 0.000 0.026 0.148 0.479 0.895 0.965 0.601 0.748 1.000 0.772 0.344 0.089 0.013 0.000 0.000 0.000 0.000 0.000 0.000 0.000 0.000 
0.772 0.344 0.089 0.013 0.000 0.000 0.000 0.000 0.000 0.000 0.000 0.000 0.000 0.000 0.000 0.000 0.000 0.000 0.000 0.000 0.000 0.000 0.000 0.000 0.050 0.233 0.627 0.975 0.876 0.454 
0.000 0.000 0.000 0.000 0.000 0.000 0.050 0.233 0.627 0.975 0.876 0.454 0.876 0.975 0.627 0.233 0.050 0.000 0.000 0.000 0.000 0.000 0.000 0.000 0.000 0.000 0.000 0.000 0.000 0.000 
# 0 2 18 30
0.601 0.748 1.000 0.772 0.344 0.089 0.013 0.000 0.000 0.000 0.000 0.000 0.000 0.000 0.000 0.000 0.000 0.000 0.000 0.000 0.000 0.000 0.000 0.000 0.000 0.000 0.000 0.000 0.000 0.000 
0.000 0.000 0.000 0.000 0.000 0.000 0.000 0.000 0.000 0.000 0.000 0.000 0.975 0.876 0.454 0.876 0.975 0.627 0.233 0.050 0.000 0.000 0.000 0.000 0.000 0.000 0.000 0.000 0.000 0.000 
0.233 0.050 0.000 0.000 0.000 0.000 0.000 0.000 0.000 0.000 0.000 0.000 0.000 0.000 0.000 0.000 0.000 0.000 0.000 0.000 0.000 0.000 0.000 0.000 0.344 0.772 1.000 0.748 0.601 0.965 
0.000 0.000 0.000 0.000 0.000 0.000 0.344 0.772 1.000 0.748 0.601 0.965 0.895 0.479 0.148 0.026 0.000 0.000 0.000 0.000 0.000 0.000 0.000 0.000 0.000 0.000 0.000 0.000 0.000 0.000 
0.000 0.000 0.000 0.000 0.000 0.000 0.000 0.000 0.000 0.000 0.000 0.000 0.000 0.000 0.000 0.000 0.000 0.000 0.026 0.148 0.479 0.895 0.965 0.601 0.748 1.000 0.772 0.344 0.089 0.013 
0.026 0.148 0.479 0.895 0.965 0.601 0.748 1.000 0.772 0.344 0.089 0.013 0.000 0.000 0.000 0.000 0.000 0.000 0.000 0.000 0.000 0.000 0.000 0.000 0.000 0.000 0.000 0.000 0.000 0.000 
0.000 0.000 0.000 0.000 0.000 0.000 0.000 0.000 0.000 0.000 0.000 0.000 0.000 0.000 0.050 0.233 0.627 0.975 0.876 0.454 0.876 0.975 0.627 0.233 0.050 0.000 0.000 0.000 0.000 0.000 
0.876 0.454 0.876 0.975 0.627 0.233 0.050 0.000 0.000 0.000 0.000 0.000 0.000 0.000 0.000 0.000 0.000 0.000 0.000 0.000 0.000 0.000 0.000 0.000 0.000 0.000 0.000 0.013 0.089 0.344 
0.000 0.000 0.000 0.000 0.000 0.000 0.000 0.000 0.000 0.013 0.089 0.344 0.772 1.000 0.748 0.601 0.965 0.895 0.479 0.148 0.026 0.000 0.000 0.000 0.000 0.000 0.000 0.000 0.000 0.000 
0.479 0.148 0.026 0.000 0.000 0.000 0.000 0.000 0.000 0.000 0.000 0.000 0.000 0.000 0.000 0.000 0.000 0.000 0.000 0.000 0.000 0.000 0.000 0.026 0.148 0.479 0.895 0.965 0.601 0.748 
0.000 0.000 0.000 0.000 0.000 0.026 0.148 0.479 0.895 0.965 0.601 0.748 1.000 0.772 0.344 0.089 0.013 0.000 0.000 0.000 0.000 0.000 0.000 0.000 0.000 0.000 0.000 0.000 0.000 0.000 
0.000 0.000 0.000 0.000 0.000 0.000 0.000 0.000 0.000 0.000 0.000 0.000 0.000 0.000 0.000 0.000 0.000 0.000 0.000 0.050 0.233 0.627 0.975 0.876 0.454 0.876 0.975 0.627 0.233 0.050 
0.000 0.050 0.233 0.627 0.975 0.876 0.454 0.876 0.975 0.627 0.233 0.050 0.000 0.000 0.000 0.000 0.000 0.000 0.000 0.000 0.000 0.000 0.000 0.000 0.000 0.000 0.000 0.000 0.000 0.000 
0.000 0.000 0.000 0.000 0.000 0.000 0.000 0.000 0.000 0.000 0.000 0.000 0.000 0.000 0.013 0.089 0.344 0.772 1.000 0.748 0.601 0.965 0.895 0.479 0.148 0.026 0.000 0.000 0.000 0.000 
1.000 0.748 0.601 0.965 0.895 0.479 0.148 0.026 0.000 0.000 0.000 0.000 0.000 0.000 0.000 0.000 0.000 0.000 0.000 0.000 0.000 0.000 0.000 0.000 0.000 0.000 0.000 0.000 0.026 0.148 
0.000 0.000 0.000 0.000 0.000 0.000 0.000 0.000 0.000 0.000 0.026 0.148 0.479 0.895 0.965 0.601 0.748 1.000 0.772 0.344 0.089 0.013 0.000 0.000 0.000 0.000 0.000 0.000 0.000 0.000 
0.772 0.344 0.089 0.013 0.000 0.000 0.000 0.000 0.000 0.000 0.000 0.000 0.000 0.000 0.000 0.000 0.000 0.000 0.000 0.000 0.000 0.000 0.000 0.000 0.050 0.233 0.627 0.975 0.876 0.454 
0.000 0.000 0.000 0.000 0.000 0.000 0.050 0.233 0.627 0.975 0.876 0.454 0.876 0.975 0.627 0.233 0.050 0.000 0.000 0.000 0.000 0.000 0.000 0.000 0.000 0.000 0.000 0.000 0.000 0.000 
# 0 3 10 30
0.898 0.466 0.898 1.000 0.643 0.239 0.051 0.000 0.000 0.000 0.000 0.000 0.000 0.000 0.000 0.000 0.000 0.000 0.000 0.000 0.000 0.000 0.000 0.000 0.000 0.000 0.000 0.000 0.000 0.000 
0.000 0.000 0.000 0.000 0.000 0.000 0.000 0.000 0.000 0.000 0.000 0.000 0.000 0.000 0.000 0.000 0.000 0.000 0.000 0.000 0.239 0.643 1.000 0.898 0.466 0.898 1.000 0.643 0.239 0.051 
0.000 0.000 0.000 0.000 0.000 0.000 0.000 0.000 0.000 0.000 0.239 0.643 1.000 0.898 0.466 0.898 1.000 0.643 0.239 0.051 0.000 0.000 0.000 0.000 0.000 0.000 0.000 0.000 0.000 0.000 
0.239 0.643 1.000 0.898 0.466 0.898 1.000 0.643 0.239 0.051 0.000 0.000 0.000 0.000 0.000 0.000 0.000 0.000 0.000 0.000 0.000 0.000 0.000 0.000 0.000 0.000 0.000 0.000 0.000 0.000 
0.000 0.000 0.000 0.000 0.000 0.000 0.000 0.000 0.000 0.000 0.000 0.000 0.000 0.000 0.000 0.000 0.000 0.000 0.000 0.000 0.000 0.000 0.051 0.239 0.643 1.000 0.898 0.466 0.898 1.000 
0.000 0.000 0.000 0.000 0.000 0.000 0.000 0.000 0.000 0.000 0.000 0.000 0.051 0.239 0.643 1.000 0.898 0.466 0.898 1.000 0.643 0.239 0.051 0.000 0.000 0.000 0.000 0.000 0.000 0.000 
0.000 0.000 0.051 0.239 0.643 1.000 0.898 0.466 0.898 1.000 0.643 0.239 0.051 0.000 0.000 0.000 0.000 0.000 0.000 0.000 0.000 0.000 0.000 0.000 0.000 0.000 0.000 0.000 0.000 0.000 
0.643 0.239 0.051 0.000 0.000 0.000 0.000 0.000 0.000 0.000 0.000 0.000 0.000 0.000 0.000 0.000 0.000 0.000 0.000 0.000 0.000 0.000 0.000 0.000 0.000 0.051 0.239 0.643 1.000 0.898 
0.000 0.000 0.000 0.000 0.000 0.000 0.000 0.000 0.000 0.000 0.000 0.000 0.000 0.000 0.000 0.051 0.239 0.643 1.000 0.898 0.466 0.898 1.000 0.643 0.239 0.051 0.000 0.000 0.000 0.000 
0.000 0.000 0.000 0.000 0.000 0.051 0.239 0.643 1.000 0.898 0.466 0.898 1.000 0.643 0.239 0.051 0.000 0.000 0.000 0.000 0.000 0.000 0.000 0.000 0.000 0.000 0.000 0.000 0.000 0.000 
# 1 0 30 18
-0.856 -0.931 -0.980 -1.000 -0.988 -0.946 -0.877 -0.787 -0.685 -0.577 -0.471 -0.373 -0.285 -0.212 -0.152 -0.106 -0.071 -0.047 
-0.336 -0.254 -0.186 -0.132 -0.091 -0.060 -0.918 -0.839 -0.918 -0.973 -0.998 -0.993 -0.956 -0.892 -0.806 -0.706 -0.599 -0.492 
-0.982 -0.934 -0.860 -0.768 -0.664 -0.556 -0.451 -0.354 -0.270 -0.199 -0.142 -0.098 -0.980 -0.931 -0.856 -0.904 -0.964 -0.996 
-0.996 -0.964 -0.904 -0.856 -0.931 -0.980 -1.000 -0.988 -0.946 -0.877 -0.787 -0.685 -0.577 -0.471 -0.373 -0.285 -0.212 -0.152 
-0.642 -0.534 -0.431 -0.336 -0.254 -0.186 -0.993 -0.998 -0.973 -0.918 -0.839 -0.918 -0.973 -0.998 -0.993 -0.956 -0.892 -0.806 
-0.943 -0.987 -1.000 -0.982 -0.934 -0.860 -0.768 -0.664 -0.556 -0.451 -0.354 -0.270 -0.946 -0.988 -1.000 -0.980 -0.931 -0.856 
-0.907 -0.966 -0.996 -0.996 -0.964 -0.904 -0.856 -0.931 -0.980 -1.000 -0.988 -0.946 -0.877 -0.787 -0.685 -0.577 -0.471 -0.373 
-0.921 -0.843 -0.747 -0.642 -0.534 -0.431 -0.806 -0.892 -0.956 -0.993 -0.998 -0.973 -0.918 -0.839 -0.918 -0.973 -0.998 -0.993 
-0.954 -0.889 -0.873 -0.943 -0.987 -1.000 -0.982 -0.934 -0.860 -0.768 -0.664 -0.556 -0.685 -0.787 -0.877 -0.946 -0.988 -1.000 
-0.620 -0.727 -0.825 -0.907 -0.966 -0.996 -0.996 -0.964 -0.904 -0.856 -0.931 -0.980 -1.000 -0.988 -0.946 -0.877 -0.787 -0.685 
-0.992 -0.999 -0.974 -0.921 -0.843 -0.747 -0.492 -0.599 -0.706 -0.806 -0.892 -0.956 -0.993 -0.998 -0.973 -0.918 -0.839 -0.918 
-0.974 -0.999 -0.992 -0.954 -0.889 -0.873 -0.943 -0.987 -1.000 -0.982 -0.934 -0.860 -0.373 -0.471 -0.577 -0.685 -0.787 -0.877 
-0.319 -0.411 -0.513 -0.620 -0.727 -0.825 -0.907 -0.966 -0.996 -0.996 -0.964 -0.904 -0.856 -0.931 -0.980 -1.000 -0.988 -0.946 
-0.873 -0.889 -0.954 -0.992 -0.999 -0.974 -0.225 -0.302 -0.391 -0.492 -0.599 -0.706 -0.806 -0.892 -0.956 -0.993 -0.998 -0.973 
-0.747 -0.843 -0.921 -0.974 -0.999 -0.992 -0.954 -0.889 -0.873 -0.943 -0.987 -1.000 -0.152 -0.212 -0.285 -0.373 -0.471 -0.577 
-0.123 -0.174 -0.239 -0.319 -0.411 -0.513 -0.620 -0.727 -0.825 -0.907 -0.966 -0.996 -0.996 -0.964 -0.904 -0.856 -0.931 -0.980 
-1.000 -0.987 -0.943 -0.873 -0.889 -0.954 -0.077 -0.114 -0.163 -0.225 -0.302 -0.391 -0.492 -0.599 -0.706 -0.806 -0.892 -0.956 
-0.431 -0.534 -0.642 -0.747 -0.843 -0.921 -0.974 -0.999 -0.992 -0.954 -0.889 -0.873 -0.047 -0.071 -0.106 -0.152 -0.212 -0.285 
0.000 0.000 0.000 0.000 0.000 0.000 0.000 0.000 0.000 0.000 0.000 0.000 0.000 0.000 0.000 0.000 0.000 0.000 
0.000 0.000 0.000 0.000 0.000 0.000 0.000 0.000 0.000 0.000 0.000 0.000 0.000 0.000 0.000 0.000 0.000 0.000 
0.000 0.000 0.000 0.000 0.000 0.000 0.000 0.000 0.000 0.000 0.000 0.000 0.000 0.000 0.000 0.000 0.000 0.000 
0.000 0.000 0.000 0.000 0.000 0.000 0.000 0.000 0.000 0.000 0.000 0.000 0.000 0.000 0.000 0.000 0.000 0.000 
0.000 0.000 0.000 0.000 0.000 0.000 0.000 0.000 0.000 0.000 0.000 0.000 0.000 0.000 0.000 0.000 0.000 0.000 
0.000 0.000 0.000 0.000 0.000 0.000 0.000 0.000 0.000 0.000 0.000 0.000 0.000 0.000 0.000 0.000 0.000 0.000 
0.000 0.000 0.000 0.000 0.000 0.000 0.000 0.000 0.000 0.000 0.000 0.000 0.000 0.000 0.000 0.000 0.000 0.000 
0.000 0.000 0.000 0.000 0.000 0.000 0.000 0.000 0.000 0.000 0.000 0.000 0.000 0.000 0.000 0.000 0.000 0.000 
0.000 0.000 0.000 0.000 0.000 0.000 0.000 0.000 0.000 0.000 0.000 0.000 0.000 0.000 0.000 0.000 0.000 0.000 
0.000 0.000 0.000 0.000 0.000 0.000 0.000 0.000 0.000 0.000 0.000 0.000 0.000 0.000 0.000 0.000 0.000 0.000 
0.000 0.000 0.000 0.000 0.000 0.000 0.000 0.000 0.000 0.000 0.000 0.000 0.000 0.000 0.000 0.000 0.000 0.000 
0.000 0.000 0.000 0.000 0.000 0.000 0.000 0.000 0.000 0.000 0.000 0.000 0.000 0.000 0.000 0.000 0.000 0.000 
# 1 2 18 18
-0.840 -0.919 -0.974 -1.000 -0.994 -0.958 -0.894 -0.808 -0.707 -0.600 -0.493 -0.392 -0.302 -0.226 -0.163 -0.114 -0.078 -0.051 
-0.919 -0.840 -0.919 -0.974 -1.000 -0.994 -0.958 -0.894 -0.808 -0.707 -0.600 -0.493 -0.392 -0.302 -0.226 -0.163 -0.114 -0.078 
-0.974 -0.919 -0.840 -0.919 -0.974 -1.000 -0.994 -0.958 -0.894 -0.808 -0.707 -0.600 -0.493 -0.392 -0.302 -0.226 -0.163 -0.114 
-1.000 -0.974 -0.919 -0.840 -0.919 -0.974 -1.000 -0.994 -0.958 -0.894 -0.808 -0.707 -0.600 -0.493 -0.392 -0.302 -0.226 -0.163 
-0.994 -1.000 -0.974 -0.919 -0.840 -0.919 -0.974 -1.000 -0.994 -0.958 -0.894 -0.808 -0.707 -0.600 -0.493 -0.392 -0.302 -0.226 
-0.958 -0.994 -1.000 -0.974 -0.919 -0.840 -0.919 -0.974 -1.000 -0.994 -0.958 -0.894 -0.808 -0.707 -0.600 -0.493 -0.392 -0.302 
-0.894 -0.958 -0.994 -1.000 -0.974 -0.919 -0.840 -0.919 -0.974 -1.000 -0.994 -0.958 -0.894 -0.808 -0.707 -0.600 -0.493 -0.392 
-0.808 -0.894 -0.958 -0.994 -1.000 -0.974 -0.919 -0.840 -0.919 -0.974 -1.000 -0.994 -0.958 -0.894 -0.808 -0.707 -0.600 -0.493 
-0.707 -0.808 -0.894 -0.958 -0.994 -1.000 -0.974 -0.919 -0.840 -0.919 -0.974 -1.000 -0.994 -0.958 -0.894 -0.808 -0.707 -0.600 
-0.600 -0.707 -0.808 -0.894 -0.958 -0.994 -1.000 -0.974 -0.919 -0.840 -0.919 -0.974 -1.000 -0.994 -0.958 -0.894 -0.808 -0.707 
-0.493 -0.600 -0.707 -0.808 -0.894 -0.958 -0.994 -1.000 -0.974 -0.919 -0.840 -0.919 -0.974 -1.000 -0.994 -0.958 -0.894 -0.808 
-0.392 -0.493 -0.600 -0.707 -0.808 -0.894 -0.958 -0.994 -1.000 -0.974 -0.919 -0.840 -0.919 -0.974 -1.000 -0.994 -0.958 -0.894 
-0.302 -0.392 -0.493 -0.600 -0.707 -0.808 -0.894 -0.958 -0.994 -1.000 -0.974 -0.919 -0.840 -0.919 -0.974 -1.000 -0.994 -0.958 
-0.226 -0.302 -0.392 -0.493 -0.600 -0.707 -0.808 -0.894 -0.958 -0.994 -1.000 -0.974 -0.919 -0.840 -0.919 -0.974 -1.000 -0.994 
-0.163 -0.226 -0.302 -0.392 -0.493 -0.600 -0.707 -0.808 -0.894 -0.958 -0.994 -1.000 -0.974 -0.919 -0.840 -0.919 -0.974 -1.000 
-0.114 -0.163 -0.226 -0.302 -0.392 -0.493 -0.600 -0.707 -0.808 -0.894 -0.958 -0.994 -1.000 -0.974 -0.919 -0.840 -0.919 -0.974 
-0.078 -0.114 -0.163 -0.226 -0.302 -0.392 -0.493 -0.600 -0.707 -0.808 -0.894 -0.958 -0.994 -1.000 -0.974 -0.919 -0.840 -0.919 
-0.051 -0.078 -0.114 -0.163 -0.226 -0.302 -0.392 -0.493 -0.600 -0.707 -0.808 -0.894 -0.958 -0.994 -1.000 -0.974 -0.919 -0.840 
# 2 0 30 18
-0.849 -0.925 -0.977 -0.999 -0.990 -0.951 -0.884 -0.796 -0.695 -0.587 -0.481 -0.381 -0.293 -0.218 -0.157 -0.110 -0.074 -0.049 
-0.344 -0.261 -0.192 -0.137 -0.094 -0.063 -0.911 -0.831 -0.911 -0.969 -0.997 -0.995 -0.961 -0.899 -0.815 -0.716 -0.609 -0.502 
-0.985 -0.939 -0.868 -0.777 -0.673 -0.565 -0.460 -0.363 -0.277 -0.205 -0.147 -0.102 -0.977 -0.925 -0.849 -0.897 -0.959 -0.994 
-0.994 -0.959 -0.897 -0.849 -0.925 -0.977 -0.999 -0.990 -0.951 -0.884 -0.796 -0.695 -0.587 -0.481 -0.381 -0.293 -0.218 -0.157 
-0.652 -0.544 -0.440 -0.344 -0.261 -0.192 -0.995 -0.997 -0.969 -0.911 -0.831 -0.911 -0.969 -0.997 -0.995 -0.961 -0.899 -0.815 
-0.938 -0.984 -1.000 -0.985 -0.939 -0.868 -0.777 -0.673 -0.565 -0.460 -0.363 -0.277 -0.951 -0.990 -0.999 -0.977 -0.925 -0.849 
-0.913 -0.970 -0.998 -0.994 -0.959 -0.897 -0.849 -0.925 -0.977 -0.999 -0.990 -0.951 -0.884 -0.796 -0.695 -0.587 -0.481 -0.381 
-0.927 -0.851 -0.757 -0.652 -0.544 -0.440 -0.815 -0.899 -0.961 -0.995 -0.997 -0.969 -0.911 -0.831 -0.911 -0.969 -0.997 -0.995 
-0.949 -0.882 -0.865 -0.938 -0.984 -1.000 -0.985 -0.939 -0.868 -0.777 -0.673 -0.565 -0.695 -0.796 -0.884 -0.951 -0.990 -0.999 
-0.630 -0.736 -0.833 -0.913 -0.970 -0.998 -0.994 -0.959 -0.897 -0.849 -0.925 -0.977 -0.999 -0.990 -0.951 -0.884 -0.796 -0.695 
-0.990 -0.999 -0.978 -0.927 -0.851 -0.757 -0.502 -0.609 -0.716 -0.815 -0.899 -0.961 -0.995 -0.997 -0.969 -0.911 -0.831 -0.911 
-0.978 -0.999 -0.990 -0.949 -0.882 -0.865 -0.938 -0.984 -1.000 -0.985 -0.939 -0.868 -0.381 -0.481 -0.587 -0.695 -0.796 -0.884 
-0.327 -0.420 -0.523 -0.630 -0.736 -0.833 -0.913 -0.970 -0.998 -0.994 -0.959 -0.897 -0.849 -0.925 -0.977 -0.999 -0.990 -0.951 
-0.865 -0.882 -0.949 -0.990 -0.999 -0.978 -0.232 -0.309 -0.400 -0.502 -0.609 -0.716 -0.815 -0.899 -0.961 -0.995 -0.997 -0.969 
-0.757 -0.851 -0.927 -0.978 -0.999 -0.990 -0.949 -0.882 -0.865 -0.938 -0.984 -1.000 -0.157 -0.218 -0.293 -0.381 -0.481 -0.587 
-0.127 -0.180 -0.246 -0.327 -0.420 -0.523 -0.630 -0.736 -0.833 -0.913 -0.970 -0.998 -0.994 -0.959 -0.897 -0.849 -0.925 -0.977 
-1.000 -0.984 -0.938 -0.865 -0.882 -0.949 -0.080 -0.118 -0.168 -0.232 -0.309 -0.400 -0.502 -0.609 -0.716 -0.815 -0.899 -0.961 
-0.440 -0.544 -0.652 -0.757 -0.851 -0.927 -0.978 -0.999 -0.990 -0.949 -0.882 -0.865 -0.049 -0.074 -0.110 -0.157 -0.218 -0.293 
0.000 0.000 0.000 0.000 0.000 0.000 0.000 0.000 0.000 0.000 0.000 0.000 0.000 0.000 0.000 0.000 0.000 0.000 
0.000 0.000 0.000 0.000 0.000 0.000 0.000 0.000 0.000 0.000 0.000 0.000 0.000 0.000 0.000 0.000 0.000 0.000 
0.000 0.000 0.000 0.000 0.000 0.000 0.000 0.000 0.000 0.000 0.000 0.000 0.000 0.000 0.000 0.000 0.000 0.000 
0.000 0.000 0.000 0.000 0.000 0.000 0.000 0.000 0.000 0.000 0.000 0.000 0.000 0.000 0.000 0.000 0.000 0.000 
0.000 0.000 0.000 0.000 0.000 0.000 0.000 0.000 0.000 0.000 0.000 0.000 0.000 0.000 0.000 0.000 0.000 0.000 
0.000 0.000 0.000 0.000 0.000 0.000 0.000 0.000 0.000 0.000 0.000 0.000 0.000 0.000 0.000 0.000 0.000 0.000 
0.000 0.000 0.000 0.000 0.000 0.000 0.000 0.000 0.000 0.000 0.000 0.000 0.000 0.000 0.000 0.000 0.000 0.000 
0.000 0.000 0.000 0.000 0.000 0.000 0.000 0.000 0.000 0.000 0.000 0.000 0.000 0.000 0.000 0.000 0.000 0.000 
0.000 0.000 0.000 0.000 0.000 0.000 0.000 0.000 0.000 0.000 0.000 0.000 0.000 0.000 0.000 0.000 0.000 0.000 
0.000 0.000 0.000 0.000 0.000 0.000 0.000 0.000 0.000 0.000 0.000 0.000 0.000 0.000 0.000 0.000 0.000 0.000 
0.000 0.000 0.000 0.000 0.000 0.000 0.000 0.000 0.000 0.000 0.000 0.000 0.000 0.000 0.000 0.000 0.000 0.000 
0.000 0.000 0.000 0.000 0.000 0.000 0.000 0.000 0.000 0.000 0.000 0.000 0.000 0.000 0.000 0.000 0.000 0.000 
# 2 1 18 18
-0.833 -0.914 -0.971 -1.000 -0.997 -0.963 -0.902 -0.817 -0.718 -0.610 -0.503 -0.401 -0.310 -0.232 -0.169 -0.119 -0.081 -0.053 
-0.914 -0.833 -0.914 -0.971 -1.000 -0.997 -0.963 -0.902 -0.817 -0.718 -0.610 -0.503 -0.401 -0.310 -0.232 -0.169 -0.119 -0.081 
-0.971 -0.914 -0.833 -0.914 -0.971 -1.000 -0.997 -0.963 -0.902 -0.817 -0.718 -0.610 -0.503 -0.401 -0.310 -0.232 -0.169 -0.119 
-1.000 -0.971 -0.914 -0.833 -0.914 -0.971 -1.000 -0.997 -0.963 -0.902 -0.817 -0.718 -0.610 -0.503 -0.401 -0.310 -0.232 -0.169 
-0.997 -1.000 -0.971 -0.914 -0.833 -0.914 -0.971 -1.000 -0.997 -0.963 -0.902 -0.817 -0.718 -0.610 -0.503 -0.401 -0.310 -0.232 
-0.963 -0.997 -1.000 -0.971 -0.914 -0.833 -0.914 -0.971 -1.000 -0.997 -0.963 -0.902 -0.817 -0.718 -0.610 -0.503 -0.401 -0.310 
-0.902 -0.963 -0.997 -1.000 -0.971 -0.914 -0.833 -0.914 -0.971 -1.000 -0.997 -0.963 -0.902 -0.817 -0.718 -0.610 -0.503 -0.401 
-0.817 -0.902 -0.963 -0.997 -1.000 -0.971 -0.914 -0.833 -0.914 -0.971 -1.000 -0.997 -0.963 -0.902 -0.817 -0.718 -0.610 -0.503 
-0.718 -0.817 -0.902 -0.963 -0.997 -1.000 -0.971 -0.914 -0.833 -0.914 -0.971 -1.000 -0.997 -0.963 -0.902 -0.817 -0.718 -0.610 
-0.610 -0.718 -0.817 -0.902 -0.963 -0.997 -1.000 -0.971 -0.914 -0.833 -0.914 -0.971 -1.000 -0.997 -0.963 -0.902 -0.817 -0.718 
-0.503 -0.610 -0.718 -0.817 -0.902 -0.963 -0.997 -1.000 -0.971 -0.914 -0.833 -0.914 -0.971 -1.000 -0.997 -0.963 -0.902 -0.817 
-0.401 -0.503 -0.610 -0.718 -0.817 -0.902 -0.963 -0.997 -1.000 -0.971 -0.914 -0.833 -0.914 -0.971 -1.000 -0.997 -0.963 -0.902 
-0.310 -0.401 -0.503 -0.610 -0.718 -0.817 -0.902 -0.963 -0.997 -1.000 -0.971 -0.914 -0.833 -0.914 -0.971 -1.000 -0.997 -0.963 
-0.232 -0.310 -0.401 -0.503 -0.610 -0.718 -0.817 -0.902 -0.963 -0.997 -1.000 -0.971 -0.914 -0.833 -0.914 -0.971 -1.000 -0.997 
-0.169 -0.232 -0.310 -0.401 -0.503 -0.610 -0.718 -0.817 -0.902 -0.963 -0.997 -1.000 -0.971 -0.914 -0.833 -0.914 -0.971 -1.000 
-0.119 -0.169 -0.232 -0.310 -0.401 -0.503 -0.610 -0.718 -0.817 -0.902 -0.963 -0.997 -1.000 -0.971 -0.914 -0.833 -0.914 -0.971 
-0.081 -0.119 -0.169 -0.232 -0.310 -0.401 -0.503 -0.610 -0.718 -0.817 -0.902 -0.963 -0.997 -1.000 -0.971 -0.914 -0.833 -0.914 
-0.053 -0.081 -0.119 -0.169 -0.232 -0.310 -0.401 -0.503 -0.610 -0.718 -0.817 -0.902 -0.963 -0.997 -1.000 -0.971 -0.914 -0.833 
# 3 0 30 10
0.054 0.164 0.385 0.690 0.943 0.985 0.785 0.479 0.223 0.079 
0.080 0.054 0.164 0.385 0.690 0.943 0.985 0.785 0.479 0.223 
0.225 0.080 0.054 0.164 0.385 0.690 0.943 0.985 0.785 0.479 
0.482 0.225 0.080 0.054 0.164 0.385 0.690 0.943 0.985 0.785 
0.789 0.482 0.225 0.080 0.054 0.164 0.385 0.690 0.943 0.985 
0.986 0.789 0.482 0.225 0.080 0.054 0.164 0.385 0.690 0.943 
0.941 0.986 0.789 0.482 0.225 0.080 0.054 0.164 0.385 0.690 
0.686 0.941 0.986 0.789 0.482 0.225 0.080 0.054 0.164 0.385 
0.382 0.686 0.941 0.986 0.789 0.482 0.225 0.080 0.054 0.164 
0.163 0.382 0.686 0.941 0.986 0.789 0.482 0.225 0.080 0.054 
0.981 1.000 0.977 0.915 0.793 0.893 0.964 0.998 0.990 0.942 
0.822 0.707 0.583 0.461 0.442 0.563 0.687 0.804 0.901 0.969 
1.000 0.563 0.687 0.804 0.901 0.969 0.999 0.987 0.935 0.849 
0.695 0.571 0.450 0.454 0.575 0.699 0.814 0.910 0.974 0.411 
0.575 0.699 0.814 0.910 0.974 1.000 0.984 0.928 0.839 0.727 
0.558 0.438 0.465 0.587 0.711 0.825 0.226 0.316 0.423 0.542 
0.711 0.825 0.918 0.978 1.000 0.980 0.920 0.829 0.715 0.592 
0.426 0.477 0.600 0.107 0.162 0.235 0.326 0.434 0.554 0.679 
0.835 0.925 0.982 1.000 0.975 0.912 0.818 0.703 0.579 0.457 
0.000 0.000 0.000 0.000 0.000 0.000 0.000 0.000 0.000 0.000 
0.000 0.000 0.000 0.000 0.000 0.000 0.000 0.000 0.000 0.000 
0.000 0.000 0.000 0.000 0.000 0.000 0.000 0.000 0.000 0.000 
0.000 0.000 0.000 0.000 0.000 0.000 0.000 0.000 0.000 0.000 
0.000 0.000 0.000 0.000 0.000 0.000 0.000 0.000 0.000 0.000 
0.000 0.000 0.000 0.000 0.000 0.000 0.000 0.000 0.000 0.000 
0.000 0.000 0.000 0.000 0.000 0.000 0.000 0.000 0.000 0.000 
0.000 0.000 0.000 0.000 0.000 0.000 0.000 0.000 0.000 0.000 
0.000 0.000 0.000 0.000 0.000 0.000 0.000 0.000 0.000 0.000 
0.000 0.000 0.000 0.000 0.000 0.000 0.000 0.000 0.000 0.000 
0.000 0.000 0.000 0.000 0.000 0.000 0.000 0.000 0.000 0.000 
# 3 1 18 10
0.415 0.490 0.613 0.736 0.846 0.933 0.986 0.999 0.971 0.904 
0.071 0.577 0.456 0.447 0.569 0.693 0.809 0.905 0.972 0.999 
0.192 0.130 0.744 0.622 0.498 0.407 0.524 0.649 0.769 0.874 
0.412 0.307 0.219 0.887 0.785 0.666 0.542 0.423 0.481 0.604 
0.699 0.575 0.454 0.343 0.978 0.917 0.824 0.710 0.586 0.464 
0.937 0.851 0.742 0.620 0.496 0.998 0.991 0.943 0.860 0.752 
0.993 0.997 0.959 0.885 0.783 0.664 0.942 0.990 0.998 0.964 
0.832 0.922 0.981 1.000 0.977 0.915 0.822 0.822 0.915 0.977 
0.551 0.675 0.793 0.893 0.964 0.998 0.990 0.942 0.664 0.783 
0.516 0.399 0.507 0.631 0.752 0.860 0.943 0.991 0.998 0.496 
0.801 0.684 0.560 0.439 0.464 0.586 0.710 0.824 0.917 0.978 
0.984 0.928 0.839 0.727 0.604 0.481 0.423 0.542 0.666 0.785 
0.955 0.995 0.994 0.952 0.874 0.769 0.649 0.524 0.407 0.498 
0.733 0.844 0.932 0.986 0.999 0.972 0.905 0.809 0.693 0.569 
0.445 0.566 0.690 0.807 0.904 0.971 0.999 0.986 0.933 0.846 
0.000 0.000 0.000 0.000 0.000 0.000 0.000 0.000 0.000 0.000 
0.000 0.000 0.000 0.000 0.000 0.000 0.000 0.000 0.000 0.000 
0.000 0.000 0.000 0.000 0.000 0.000 0.000 0.000 0.000 0.000 
# 3 2 18 10
0.474 0.430 0.550 0.674 0.792 0.892 0.964 0.998 0.990 0.942 
0.090 0.764 0.643 0.519 0.402 0.504 0.628 0.749 0.858 0.941 
0.324 0.233 0.970 0.903 0.806 0.689 0.565 0.444 0.459 0.581 
0.722 0.599 0.476 0.971 0.999 0.986 0.932 0.845 0.735 0.612 
0.994 0.950 0.871 0.766 0.766 0.871 0.950 0.994 0.996 0.957 
0.845 0.932 0.986 0.999 0.971 0.476 0.599 0.722 0.834 0.924 
0.444 0.565 0.689 0.806 0.903 0.970 0.233 0.324 0.432 0.552 
0.749 0.628 0.504 0.402 0.519 0.643 0.764 0.090 0.138 0.204 
0.998 0.964 0.892 0.792 0.674 0.550 0.430 0.474 0.000 0.000 
0.000 0.000 0.000 0.000 0.000 0.000 0.000 0.000 0.000 0.000 
0.000 0.000 0.000 0.000 0.000 0.000 0.000 0.000 0.000 0.000 
0.000 0.000 0.000 0.000 0.000 0.000 0.000 0.000 0.000 0.000 
0.000 0.000 0.000 0.000 0.000 0.000 0.000 0.000 0.000 0.000 
0.000 0.000 0.000 0.000 0.000 0.000 0.000 0.000 0.000 0.000 
0.000 0.000 0.000 0.000 0.000 0.000 0.000 0.000 0.000 0.000 
0.000 0.000 0.000 0.000 0.000 0.000 0.000 0.000 0.000 0.000 
0.000 0.000 0.000 0.000 0.000 0.000 0.000 0.000 0.000 0.000 
0.000 0.000 0.000 0.000 0.000 0.000 0.000 0.000 0.000 0.000 
