2.351234
4
# 0 1 24 30
0.846 0.949 1.000 0.937 0.782 0.581 0.384 0.226 0.118 0.055 0.023 0.000 0.000 0.000 0.000 0.000 0.000 0.000 0.000 0.000 0.000 0.000 0.000 0.000 0.000 0.000 0.000 0.000 0.000 0.000 
0.000 0.000 0.000 0.000 0.000 0.000 0.989 0.886 0.920 0.998 0.963 0.827 0.632 0.430 0.261 0.140 0.067 0.029 0.011 0.000 0.000 0.000 0.000 0.000 0.000 0.000 0.000 0.000 0.000 0.000 
0.000 0.000 0.000 0.000 0.000 0.000 0.000 0.000 0.000 0.000 0.000 0.000 0.963 0.998 0.920 0.886 0.989 0.982 0.869 0.684 0.479 0.299 0.166 0.082 0.036 0.014 0.000 0.000 0.000 0.000 
0.036 0.014 0.000 0.000 0.000 0.000 0.000 0.000 0.000 0.000 0.000 0.000 0.000 0.000 0.000 0.000 0.000 0.000 0.782 0.937 1.000 0.949 0.846 0.972 0.995 0.906 0.734 0.529 0.340 0.194 
0.995 0.906 0.734 0.529 0.340 0.194 0.099 0.045 0.018 0.000 0.000 0.000 0.000 0.000 0.000 0.000 0.000 0.000 0.000 0.000 0.000 0.000 0.000 0.000 0.529 0.734 0.906 0.995 0.972 0.846 
0.529 0.734 0.906 0.995 0.972 0.846 0.949 1.000 0.937 0.782 0.581 0.384 0.226 0.118 0.055 0.023 0.000 0.000 0.000 0.000 0.000 0.000 0.000 0.000 0.000 0.000 0.000 0.000 0.000 0.000 
0.000 0.000 0.000 0.000 0.000 0.000 0.299 0.479 0.684 0.869 0.982 0.989 0.886 0.920 0.998 0.963 0.827 0.632 0.430 0.261 0.140 0.067 0.029 0.011 0.000 0.000 0.000 0.000 0.000 0.000 
0.000 0.000 0.000 0.000 0.000 0.000 0.000 0.000 0.000 0.000 0.000 0.000 0.140 0.261 0.430 0.632 0.827 0.963 0.998 0.920 0.886 0.989 0.982 0.869 0.684 0.479 0.299 0.166 0.082 0.036 
0.684 0.479 0.299 0.166 0.082 0.036 0.014 0.000 0.000 0.000 0.000 0.000 0.000 0.000 0.000 0.000 0.000 0.000 0.055 0.118 0.226 0.384 0.581 0.782 0.937 1.000 0.949 0.846 0.972 0.995 
0.937 1.000 0.949 0.846 0.972 0.995 0.906 0.734 0.529 0.340 0.194 0.099 0.045 0.018 0.000 0.000 0.000 0.000 0.000 0.000 0.000 0.000 0.000 0.000 0.018 0.045 0.099 0.194 0.340 0.529 
0.018 0.045 0.099 0.194 0.340 0.529 0.734 0.906 0.995 0.972 0.846 0.949 1.000 0.937 0.782 0.581 0.384 0.226 0.118 0.055 0.023 0.000 0.000 0.000 0.000 0.000 0.000 0.000 0.000 0.000 
0.000 0.000 0.000 0.000 0.000 0.000 0.000 0.014 0.036 0.082 0.166 0.299 0.479 0.684 0.869 0.982 0.989 0.886 0.920 0.998 0.963 0.827 0.632 0.430 0.261 0.140 0.067 0.029 0.011 0.000 
0.261 0.140 0.067 0.029 0.011 0.000 0.000 0.000 0.000 0.000 0.000 0.000 0.000 0.000 0.011 0.029 0.067 0.140 0.261 0.430 0.632 0.827 0.963 0.998 0.920 0.886 0.989 0.982 0.869 0.684 
0.920 0.886 0.989 0.982 0.869 0.684 0.479 0.299 0.166 0.082 0.036 0.014 0.000 0.000 0.000 0.000 0.000 0.000 0.000 0.000 0.000 0.000 0.023 0.055 0.118 0.226 0.384 0.581 0.782 0.937 
0.118 0.226 0.384 0.581 0.782 0.937 1.000 0.949 0.846 0.972 0.995 0.906 0.734 0.529 0.340 0.194 0.099 0.045 0.018 0.000 0.000 0.000 0.000 0.000 0.000 0.000 0.000 0.000 0.000 0.018 
0.000 0.000 0.000 0.000 0.000 0.018 0.045 0.099 0.194 0.340 0.529 0.734 0.906 0.995 0.972 0.846 0.949 1.000 0.937 0.782 0.581 0.384 0.226 0.118 0.055 0.023 0.000 0.000 0.000 0.000 
0.055 0.023 0.000 0.000 0.000 0.000 0.000 0.000 0.000 0.000 0.000 0.000 0.014 0.036 0.082 0.166 0.299 0.479 0.684 0.869 0.982 0.989 0.886 0.920 0.998 0.963 0.827 0.632 0.430 0.261 
0.998 0.963 0.827 0.632 0.430 0.261 0.140 0.067 0.029 0.011 0.000 0.000 0.000 0.000 0.000 0.000 0.000 0.000 0.000 0.011 0.029 0.067 0.140 0.261 0.430 0.632 0.827 0.963 0.998 0.920 
0.430 0.632 0.827 0.963 0.998 0.920 0.886 0.989 0.982 0.869 0.684 0.479 0.299 0.166 0.082 0.036 0.014 0.000 0.000 0.000 0.000 0.000 0.000 0.000 0.000 0.000 0.000 0.023 0.055 0.118 
0.000 0.000 0.000 0.023 0.055 0.118 0.226 0.384 0.581 0.782 0.937 1.000 0.949 0.846 0.972 0.995 0.906 0.734 0.529 0.340 0.194 0.099 0.045 0.018 0.000 0.000 0.000 0.000 0.000 0.000 
0.000 0.000 0.000 0.000 0.000 0.000 0.000 0.000 0.000 0.000 0.018 0.045 0.099 0.194 0.340 0.529 0.734 0.906 0.995 0.972 0.846 0.949 1.000 0.937 0.782 0.581 0.384 0.226 0.118 0.055 
0.782 0.581 0.384 0.226 0.118 0.055 0.000 0.000 0.000 0.000 0.000 0.000 0.000 0.000 0.000 0.000 0.000 0.014 0.036 0.082 0.166 0.299 0.479 0.684 0.869 0.982 0.989 0.886 0.920 0.998 
0.869 0.982 0.989 0.886 0.920 0.998 0.963 0.827 0.632 0.430 0.261 0.140 0.000 0.000 0.000 0.000 0.000 0.000 0.000 0.000 0.000 0.000 0.000 0.000 0.011 0.029 0.067 0.140 0.261 0.430 
0.011 0.029 0.067 0.140 0.261 0.430 0.632 0.827 0.963 0.998 0.920 0.886 0.989 0.982 0.869 0.684 0.479 0.299 0.000 0.000 0.000 0.000 0.000 0.000 0.000 0.000 0.000 0.000 0.000 0.000 
# 0 2 3 30
0.662 0.853 0.979 1.000 0.909 0.909 1.000 0.979 0.853 0.662 0.457 0.281 0.154 0.075 0.032 0.012 0.000 0.000 0.000 0.000 0.000 0.000 0.000 0.000 0.000 0.000 0.000 0.000 0.000 0.000 
1.000 0.909 0.909 1.000 0.979 0.853 0.662 0.457 0.281 0.154 0.075 0.032 0.012 0.000 0.000 0.000 0.000 0.000 0.000 0.000 0.000 0.000 0.000 0.000 0.000 0.000 0.000 0.000 0.000 0.000 
1.000 0.979 0.853 0.662 0.457 0.281 0.154 0.075 0.032 0.012 0.000 0.000 0.000 0.000 0.000 0.000 0.000 0.000 0.000 0.000 0.000 0.000 0.000 0.000 0.000 0.000 0.000 0.000 0.012 0.032 
# 0 3 10 30
0.963 0.826 0.963 1.000 0.924 0.760 0.556 0.362 0.210 0.108 0.050 0.020 0.000 0.000 0.000 0.000 0.000 0.000 0.000 0.000 0.000 0.000 0.000 0.000 0.000 0.000 0.000 0.000 0.000 0.000 
0.050 0.020 0.000 0.000 0.000 0.000 0.000 0.000 0.000 0.000 0.000 0.000 0.000 0.000 0.000 0.000 0.000 0.000 0.000 0.000 0.760 0.924 1.000 0.963 0.826 0.963 1.000 0.924 0.760 0.556 
0.000 0.000 0.000 0.000 0.000 0.000 0.000 0.000 0.000 0.000 0.760 0.924 1.000 0.963 0.826 0.963 1.000 0.924 0.760 0.556 0.362 0.210 0.108 0.050 0.020 0.000 0.000 0.000 0.000 0.000 
0.760 0.924 1.000 0.963 0.826 0.963 1.000 0.924 0.760 0.556 0.362 0.210 0.108 0.050 0.020 0.000 0.000 0.000 0.000 0.000 0.000 0.000 0.000 0.000 0.000 0.000 0.000 0.000 0.000 0.000 
0.362 0.210 0.108 0.050 0.020 0.000 0.000 0.000 0.000 0.000 0.000 0.000 0.000 0.000 0.000 0.000 0.000 0.000 0.000 0.000 0.210 0.362 0.556 0.760 0.924 1.000 0.963 0.826 0.963 1.000 
0.000 0.000 0.000 0.000 0.000 0.000 0.000 0.000 0.000 0.000 0.210 0.362 0.556 0.760 0.924 1.000 0.963 0.826 0.963 1.000 0.924 0.760 0.556 0.362 0.210 0.108 0.050 0.020 0.000 0.000 
0.210 0.362 0.556 0.760 0.924 1.000 0.963 0.826 0.963 1.000 0.924 0.760 0.556 0.362 0.210 0.108 0.050 0.020 0.000 0.000 0.000 0.000 0.000 0.000 0.000 0.000 0.000 0.000 0.000 0.000 
0.924 0.760 0.556 0.362 0.210 0.108 0.050 0.020 0.000 0.000 0.000 0.000 0.000 0.000 0.000 0.000 0.000 0.000 0.000 0.000 0.020 0.050 0.108 0.210 0.362 0.556 0.760 0.924 1.000 0.963 
0.000 0.000 0.000 0.000 0.000 0.000 0.000 0.000 0.000 0.000 0.020 0.050 0.108 0.210 0.362 0.556 0.760 0.924 1.000 0.963 0.826 0.963 1.000 0.924 0.760 0.556 0.362 0.210 0.108 0.050 
0.020 0.050 0.108 0.210 0.362 0.556 0.760 0.924 1.000 0.963 0.826 0.963 1.000 0.924 0.760 0.556 0.362 0.210 0.108 0.050 0.020 0.000 0.000 0.000 0.000 0.000 0.000 0.000 0.000 0.000 
# 1 0 30 24
0.610 0.708 0.801 0.881 0.944 0.985 1.000 0.989 0.952 0.892 0.814 0.723 0.625 0.526 0.432 0.344 0.268 0.202 0.149 0.107 0.075 0.051 0.034 0.022 
0.990 1.000 0.983 0.941 0.878 0.796 0.704 0.605 0.507 0.413 0.328 0.254 0.191 0.140 0.100 0.069 0.047 0.031 0.746 0.650 0.650 0.746 0.835 0.909 
0.779 0.684 0.586 0.488 0.396 0.312 0.240 0.180 0.131 0.093 0.064 0.043 0.818 0.727 0.630 0.669 0.765 0.851 0.921 0.971 0.997 0.996 0.969 0.918 
0.297 0.227 0.169 0.123 0.086 0.059 0.881 0.801 0.708 0.610 0.689 0.783 0.866 0.933 0.979 0.999 0.993 0.961 0.906 0.831 0.742 0.645 0.546 0.450 
0.933 0.866 0.783 0.689 0.610 0.708 0.801 0.881 0.944 0.985 1.000 0.989 0.952 0.892 0.814 0.723 0.625 0.526 0.432 0.344 0.268 0.202 0.149 0.107 
0.727 0.818 0.895 0.954 0.990 1.000 0.983 0.941 0.878 0.796 0.704 0.605 0.507 0.413 0.328 0.254 0.191 0.140 0.994 0.963 0.909 0.835 0.746 0.650 
0.999 0.977 0.930 0.863 0.779 0.684 0.586 0.488 0.396 0.312 0.240 0.180 1.000 0.990 0.954 0.895 0.818 0.727 0.630 0.669 0.765 0.851 0.921 0.971 
0.665 0.566 0.469 0.378 0.297 0.227 0.989 1.000 0.985 0.944 0.881 0.801 0.708 0.610 0.689 0.783 0.866 0.933 0.979 0.999 0.993 0.961 0.906 0.831 
0.961 0.993 0.999 0.979 0.933 0.866 0.783 0.689 0.610 0.708 0.801 0.881 0.944 0.985 1.000 0.989 0.952 0.892 0.814 0.723 0.625 0.526 0.432 0.344 
0.851 0.765 0.669 0.630 0.727 0.818 0.895 0.954 0.990 1.000 0.983 0.941 0.878 0.796 0.704 0.605 0.507 0.413 0.863 0.930 0.977 0.999 0.994 0.963 
0.835 0.909 0.963 0.994 0.999 0.977 0.930 0.863 0.779 0.684 0.586 0.488 0.796 0.878 0.941 0.983 1.000 0.990 0.954 0.895 0.818 0.727 0.630 0.669 
0.969 0.918 0.847 0.760 0.665 0.566 0.723 0.814 0.892 0.952 0.989 1.000 0.985 0.944 0.881 0.801 0.708 0.610 0.689 0.783 0.866 0.933 0.979 0.999 
0.645 0.742 0.831 0.906 0.961 0.993 0.999 0.979 0.933 0.866 0.783 0.689 0.610 0.708 0.801 0.881 0.944 0.985 1.000 0.989 0.952 0.892 0.814 0.723 
0.996 0.997 0.971 0.921 0.851 0.765 0.669 0.630 0.727 0.818 0.895 0.954 0.990 1.000 0.983 0.941 0.878 0.796 0.488 0.586 0.684 0.779 0.863 0.930 
0.746 0.650 0.650 0.746 0.835 0.909 0.963 0.994 0.999 0.977 0.930 0.863 0.413 0.507 0.605 0.704 0.796 0.878 0.941 0.983 1.000 0.990 0.954 0.895 
0.921 0.971 0.997 0.996 0.969 0.918 0.344 0.432 0.526 0.625 0.723 0.814 0.892 0.952 0.989 1.000 0.985 0.944 0.881 0.801 0.708 0.610 0.689 0.783 
0.282 0.361 0.450 0.546 0.645 0.742 0.831 0.906 0.961 0.993 0.999 0.979 0.933 0.866 0.783 0.689 0.610 0.708 0.801 0.881 0.944 0.985 1.000 0.989 
0.760 0.847 0.918 0.969 0.996 0.997 0.971 0.921 0.851 0.765 0.669 0.630 0.727 0.818 0.895 0.954 0.990 1.000 0.180 0.240 0.312 0.396 0.488 0.586 
0.994 0.963 0.909 0.835 0.746 0.650 0.650 0.746 0.835 0.909 0.963 0.994 0.140 0.191 0.254 0.328 0.413 0.507 0.605 0.704 0.796 0.878 0.941 0.983 
0.630 0.669 0.765 0.851 0.921 0.971 0.107 0.149 0.202 0.268 0.344 0.432 0.526 0.625 0.723 0.814 0.892 0.952 0.989 1.000 0.985 0.944 0.881 0.801 
0.080 0.114 0.159 0.215 0.282 0.361 0.450 0.546 0.645 0.742 0.831 0.906 0.961 0.993 0.999 0.979 0.933 0.866 0.783 0.689 0.610 0.708 0.801 0.881 
0.378 0.469 0.566 0.665 0.760 0.847 0.918 0.969 0.996 0.997 0.971 0.921 0.851 0.765 0.669 0.630 0.727 0.818 0.043 0.064 0.093 0.131 0.180 0.240 
0.863 0.930 0.977 0.999 0.994 0.963 0.909 0.835 0.746 0.650 0.650 0.746 0.031 0.047 0.069 0.100 0.140 0.191 0.254 0.328 0.413 0.507 0.605 0.704 
0.954 0.895 0.818 0.727 0.630 0.669 0.022 0.034 0.051 0.075 0.107 0.149 0.202 0.268 0.344 0.432 0.526 0.625 0.723 0.814 0.892 0.952 0.989 1.000 
0.000 0.000 0.000 0.000 0.000 0.000 0.000 0.000 0.000 0.000 0.000 0.000 0.000 0.000 0.000 0.000 0.000 0.000 0.000 0.000 0.000 0.000 0.000 0.000 
0.000 0.000 0.000 0.000 0.000 0.000 0.000 0.000 0.000 0.000 0.000 0.000 0.000 0.000 0.000 0.000 0.000 0.000 0.000 0.000 0.000 0.000 0.000 0.000 
0.000 0.000 0.000 0.000 0.000 0.000 0.000 0.000 0.000 0.000 0.000 0.000 0.000 0.000 0.000 0.000 0.000 0.000 0.000 0.000 0.000 0.000 0.000 0.000 
0.000 0.000 0.000 0.000 0.000 0.000 0.000 0.000 0.000 0.000 0.000 0.000 0.000 0.000 0.000 0.000 0.000 0.000 0.000 0.000 0.000 0.000 0.000 0.000 
0.000 0.000 0.000 0.000 0.000 0.000 0.000 0.000 0.000 0.000 0.000 0.000 0.000 0.000 0.000 0.000 0.000 0.000 0.000 0.000 0.000 0.000 0.000 0.000 
0.000 0.000 0.000 0.000 0.000 0.000 0.000 0.000 0.000 0.000 0.000 0.000 0.000 0.000 0.000 0.000 0.000 0.000 0.000 0.000 0.000 0.000 0.000 0.000 
# 1 2 3 24
0.910 0.836 0.747 0.651 0.651 0.747 0.836 0.910 0.964 0.995 1.000 0.978 0.932 0.864 0.780 0.685 0.586 0.488 0.396 0.313 0.240 0.180 0.131 0.093 
0.651 0.651 0.747 0.836 0.910 0.964 0.995 1.000 0.978 0.932 0.864 0.780 0.685 0.586 0.488 0.396 0.313 0.240 0.180 0.131 0.093 0.685 0.780 0.864 
0.836 0.910 0.964 0.995 1.000 0.978 0.932 0.864 0.780 0.685 0.586 0.488 0.396 0.313 0.240 0.180 0.131 0.093 0.685 0.780 0.864 0.932 0.978 1.000 
# 2 0 30 3
0.000 1.000 0.000 
0.000 0.000 1.000 
0.942 0.000 0.000 
0.000 0.000 0.000 
0.000 0.000 0.000 
0.000 0.000 0.000 
0.000 0.000 0.000 
0.000 0.000 0.000 
0.000 0.000 0.000 
0.000 0.000 0.000 
0.000 0.000 0.000 
0.000 0.000 0.000 
0.000 0.000 0.000 
0.000 0.000 0.000 
0.000 0.000 0.000 
0.000 0.000 0.000 
0.000 0.000 0.000 
0.000 0.000 0.000 
0.000 0.000 0.000 
0.000 0.000 0.000 
0.000 0.000 0.000 
0.000 0.000 0.000 
0.000 0.000 0.000 
0.000 0.000 0.000 
0.000 0.000 0.000 
0.000 0.000 0.000 
0.000 0.000 0.000 
0.000 0.000 0.000 
0.000 0.000 0.000 
0.000 0.000 0.000 
# 2 1 24 3
0.000 1.000 0.000 
0.000 0.000 1.000 
0.928 0.000 0.000 
0.000 0.000 0.000 
0.000 0.000 0.000 
0.000 0.000 0.000 
0.000 0.000 0.000 
0.000 0.000 0.000 
0.000 0.000 0.000 
0.000 0.000 0.000 
0.000 0.000 0.000 
0.000 0.000 0.000 
0.000 0.000 0.000 
0.000 0.000 0.000 
0.000 0.000 0.000 
0.000 0.000 0.000 
0.000 0.000 0.000 
0.000 0.000 0.000 
0.000 0.000 0.000 
0.000 0.000 0.000 
0.000 0.000 0.000 
0.000 0.000 0.000 
0.000 0.000 0.000 
0.000 0.000 0.000 
# 3 0 30 10
0.727 0.971 0.960 0.703 0.381 0.153 0.046 0.010 0.000 0.000 
0.828 0.727 0.971 0.960 0.703 0.381 0.153 0.046 0.010 0.000 
1.000 0.828 0.727 0.971 0.960 0.703 0.381 0.153 0.046 0.010 
0.895 1.000 0.828 0.727 0.971 0.960 0.703 0.381 0.153 0.046 
0.593 0.895 1.000 0.828 0.727 0.971 0.960 0.703 0.381 0.153 
0.291 0.593 0.895 1.000 0.828 0.727 0.971 0.960 0.703 0.381 
0.106 0.291 0.593 0.895 1.000 0.828 0.727 0.971 0.960 0.703 
0.028 0.106 0.291 0.593 0.895 1.000 0.828 0.727 0.971 0.960 
0.000 0.028 0.106 0.291 0.593 0.895 1.000 0.828 0.727 0.971 
0.000 0.000 0.028 0.106 0.291 0.593 0.895 1.000 0.828 0.727 
0.000 0.000 0.000 0.000 0.000 0.000 0.000 0.000 0.000 0.000 
0.000 0.000 0.000 0.000 0.000 0.000 0.000 0.000 0.000 0.000 
0.000 0.000 0.000 0.000 0.000 0.000 0.000 0.000 0.000 0.000 
0.000 0.000 0.000 0.000 0.000 0.000 0.000 0.000 0.000 0.000 
0.000 0.000 0.000 0.000 0.000 0.000 0.000 0.000 0.000 0.000 
0.000 0.000 0.000 0.000 0.000 0.000 0.000 0.000 0.000 0.000 
0.000 0.000 0.000 0.000 0.000 0.000 0.000 0.000 0.000 0.000 
0.000 0.000 0.000 0.000 0.000 0.000 0.000 0.000 0.000 0.000 
0.000 0.000 0.000 0.000 0.000 0.000 0.000 0.000 0.000 0.000 
0.000 0.000 0.000 0.000 0.000 0.000 0.000 0.000 0.000 0.000 
0.000 0.000 0.000 0.000 0.000 0.000 0.000 0.000 0.000 0.000 
0.000 0.000 0.000 0.000 0.000 0.000 0.000 0.000 0.000 0.000 
0.000 0.000 0.000 0.000 0.000 0.000 0.000 0.000 0.000 0.000 
0.000 0.000 0.000 0.000 0.000 0.000 0.000 0.000 0.000 0.000 
0.000 0.000 0.000 0.000 0.000 0.000 0.000 0.000 0.000 0.000 
0.000 0.000 0.000 0.000 0.000 0.000 0.000 0.000 0.000 0.000 
0.000 0.000 0.000 0.000 0.000 0.000 0.000 0.000 0.000 0.000 
0.000 0.000 0.000 0.000 0.000 0.000 0.000 0.000 0.000 0.000 
0.000 0.000 0.000 0.000 0.000 0.000 0.000 0.000 0.000 0.000 
0.000 0.000 0.000 0.000 0.000 0.000 0.000 0.000 0.000 0.000 
# 3 1 24 10
0.000 0.000 0.000 0.000 0.000 0.000 0.000 0.000 0.000 0.000 
0.000 0.000 0.000 0.000 0.000 0.000 0.000 0.000 0.000 0.000 
0.000 0.000 0.000 0.000 0.000 0.000 0.000 0.000 0.000 0.000 
0.000 0.000 0.000 0.000 0.000 0.000 0.000 0.000 0.000 0.000 
0.000 0.000 0.000 0.000 0.000 0.000 0.000 0.000 0.000 0.000 
0.000 0.000 0.000 0.000 0.000 0.000 0.000 0.000 0.000 0.000 
0.000 0.000 0.000 0.000 0.000 0.000 0.000 0.000 0.000 0.000 
0.000 0.000 0.000 0.000 0.000 0.000 0.000 0.000 0.000 0.000 
0.000 0.000 0.000 0.000 0.000 0.000 0.000 0.000 0.000 0.000 
0.000 0.000 0.000 0.000 0.000 0.000 0.000 0.000 0.000 0.000 
0.000 0.000 0.000 0.000 0.000 0.000 0.000 0.000 0.000 0.000 
0.000 0.000 0.000 0.000 0.000 0.000 0.000 0.000 0.000 0.000 
0.000 0.000 0.000 0.000 0.000 0.000 0.000 0.000 0.000 0.000 
0.000 0.000 0.000 0.000 0.000 0.000 0.000 0.000 0.000 0.000 
0.000 0.000 0.000 0.000 0.000 0.000 0.000 0.000 0.000 0.000 
0.000 0.000 0.000 0.000 0.000 0.000 0.000 0.000 0.000 0.000 
0.000 0.000 0.000 0.000 0.000 0.000 0.000 0.000 0.000 0.000 
0.000 0.000 0.000 0.000 0.000 0.000 0.000 0.000 0.000 0.000 
0.000 0.000 0.000 0.000 0.000 0.000 0.000 0.000 0.000 0.000 
0.000 0.000 0.000 0.000 0.000 0.000 0.000 0.000 0.000 0.000 
0.000 0.000 0.000 0.000 0.000 0.000 0.000 0.000 0.000 0.000 
0.000 0.000 0.000 0.000 0.000 0.000 0.000 0.000 0.000 0.000 
0.000 0.000 0.000 0.000 0.000 0.000 0.000 0.000 0.000 0.000 
0.000 0.000 0.000 0.000 0.000 0.000 0.000 0.000 0.000 0.000 
# 3 2 3 10
0.000 0.000 0.000 0.000 0.000 0.000 0.000 0.000 0.000 0.000 
0.000 0.000 0.000 0.000 0.000 0.000 0.000 0.000 0.000 0.000 
0.000 0.000 0.000 0.000 0.000 0.000 0.000 0.000 0.000 0.000 
