2.357230
5
# 0 1 11 30
0.993 0.999 0.984 0.921 0.819 0.692 0.556 0.424 0.308 0.212 0.139 0.086 0.051 0.029 0.015 0.000 0.000 0.000 0.000 0.000 0.000 0.000 0.000 0.000 0.000 0.000 0.000 0.000 0.000 0.000 
0.086 0.051 0.029 0.015 0.000 0.000 0.000 0.000 0.000 0.000 0.000 0.000 0.000 0.000 0.000 0.000 0.000 0.000 0.000 0.764 0.879 0.961 0.998 1.000 0.971 0.897 0.786 0.656 0.519 0.391 
0.000 0.000 0.000 0.000 0.000 0.000 0.000 0.000 0.764 0.879 0.961 0.998 1.000 0.971 0.897 0.786 0.656 0.519 0.391 0.279 0.190 0.123 0.075 0.044 0.024 0.013 0.000 0.000 0.000 0.000 
0.998 1.000 0.971 0.897 0.786 0.656 0.519 0.391 0.279 0.190 0.123 0.075 0.044 0.024 0.013 0.000 0.000 0.000 0.000 0.000 0.000 0.000 0.000 0.000 0.000 0.000 0.000 0.402 0.531 0.668 
0.075 0.044 0.024 0.013 0.000 0.000 0.000 0.000 0.000 0.000 0.000 0.000 0.000 0.000 0.000 0.000 0.402 0.531 0.668 0.798 0.905 0.976 1.000 0.997 0.955 0.870 0.752 0.618 0.483 0.358 
0.000 0.000 0.000 0.000 0.000 0.402 0.531 0.668 0.798 0.905 0.976 1.000 0.997 0.955 0.870 0.752 0.618 0.483 0.358 0.253 0.169 0.108 0.065 0.038 0.021 0.011 0.000 0.000 0.000 0.000 
1.000 0.997 0.955 0.870 0.752 0.618 0.483 0.358 0.253 0.169 0.108 0.065 0.038 0.021 0.011 0.000 0.000 0.000 0.000 0.000 0.000 0.000 0.000 0.000 0.145 0.220 0.318 0.436 0.568 0.705 
0.065 0.038 0.021 0.011 0.000 0.000 0.000 0.000 0.000 0.000 0.000 0.000 0.000 0.145 0.220 0.318 0.436 0.568 0.705 0.830 0.929 0.987 0.998 0.990 0.936 0.840 0.717 0.581 0.447 0.328 
0.000 0.000 0.145 0.220 0.318 0.436 0.568 0.705 0.830 0.929 0.987 0.998 0.990 0.936 0.840 0.717 0.581 0.447 0.328 0.228 0.151 0.095 0.056 0.032 0.017 0.000 0.000 0.000 0.000 0.000 
0.998 0.990 0.936 0.840 0.717 0.581 0.447 0.328 0.228 0.151 0.095 0.056 0.032 0.017 0.000 0.000 0.000 0.000 0.000 0.000 0.000 0.036 0.062 0.103 0.163 0.244 0.348 0.471 0.606 0.740 
0.056 0.032 0.017 0.000 0.000 0.000 0.000 0.000 0.000 0.000 0.036 0.062 0.103 0.163 0.244 0.348 0.471 0.606 0.740 0.860 0.949 0.995 1.000 0.980 0.913 0.808 0.680 0.544 0.413 0.298 
# 0 2 11 30
0.993 0.999 0.984 0.921 0.819 0.692 0.556 0.424 0.308 0.212 0.139 0.086 0.051 0.029 0.015 0.000 0.000 0.000 0.000 0.000 0.000 0.000 0.000 0.000 0.000 0.000 0.000 0.000 0.000 0.000 
0.086 0.051 0.029 0.015 0.000 0.000 0.000 0.000 0.000 0.000 0.000 0.000 0.000 0.000 0.000 0.000 0.000 0.000 0.000 0.764 0.879 0.961 0.998 1.000 0.971 0.897 0.786 0.656 0.519 0.391 
0.000 0.000 0.000 0.000 0.000 0.000 0.000 0.000 0.764 0.879 0.961 0.998 1.000 0.971 0.897 0.786 0.656 0.519 0.391 0.279 0.190 0.123 0.075 0.044 0.024 0.013 0.000 0.000 0.000 0.000 
0.998 1.000 0.971 0.897 0.786 0.656 0.519 0.391 0.279 0.190 0.123 0.075 0.044 0.024 0.013 0.000 0.000 0.000 0.000 0.000 0.000 0.000 0.000 0.000 0.000 0.000 0.000 0.402 0.531 0.668 
0.075 0.044 0.024 0.013 0.000 0.000 0.000 0.000 0.000 0.000 0.000 0.000 0.000 0.000 0.000 0.000 0.402 0.531 0.668 0.798 0.905 0.976 1.000 0.997 0.955 0.870 0.752 0.618 0.483 0.358 
0.000 0.000 0.000 0.000 0.000 0.402 0.531 0.668 0.798 0.905 0.976 1.000 0.997 0.955 0.870 0.752 0.618 0.483 0.358 0.253 0.169 0.108 0.065 0.038 0.021 0.011 0.000 0.000 0.000 0.000 
1.000 0.997 0.955 0.870 0.752 0.618 0.483 0.358 0.253 0.169 0.108 0.065 0.038 0.021 0.011 0.000 0.000 0.000 0.000 0.000 0.000 0.000 0.000 0.000 0.145 0.220 0.318 0.436 0.568 0.705 
0.065 0.038 0.021 0.011 0.000 0.000 0.000 0.000 0.000 0.000 0.000 0.000 0.000 0.145 0.220 0.318 0.436 0.568 0.705 0.830 0.929 0.987 0.998 0.990 0.936 0.840 0.717 0.581 0.447 0.328 
0.000 0.000 0.145 0.220 0.318 0.436 0.568 0.705 0.830 0.929 0.987 0.998 0.990 0.936 0.840 0.717 0.581 0.447 0.328 0.228 0.151 0.095 0.056 0.032 0.017 0.000 0.000 0.000 0.000 0.000 
0.998 0.990 0.936 0.840 0.717 0.581 0.447 0.328 0.228 0.151 0.095 0.056 0.032 0.017 0.000 0.000 0.000 0.000 0.000 0.000 0.000 0.036 0.062 0.103 0.163 0.244 0.348 0.471 0.606 0.740 
0.056 0.032 0.017 0.000 0.000 0.000 0.000 0.000 0.000 0.000 0.036 0.062 0.103 0.163 0.244 0.348 0.471 0.606 0.740 0.860 0.949 0.995 1.000 0.980 0.913 0.808 0.680 0.544 0.413 0.298 
# 0 3 9 30
0.983 1.000 0.994 0.945 0.854 0.733 0.598 0.463 0.341 0.239 0.159 0.100 0.060 0.034 0.019 0.000 0.000 0.000 0.000 0.000 0.000 0.000 0.000 0.000 0.000 0.000 0.000 0.000 0.000 0.000 
0.239 0.159 0.100 0.060 0.034 0.019 0.000 0.000 0.000 0.000 0.000 0.000 0.000 0.000 0.000 0.000 0.000 0.000 0.000 0.000 0.000 0.644 0.776 0.888 0.967 1.000 1.000 0.967 0.888 0.776 
0.000 0.000 0.000 0.000 0.000 0.000 0.000 0.000 0.000 0.000 0.000 0.000 0.644 0.776 0.888 0.967 1.000 1.000 0.967 0.888 0.776 0.644 0.507 0.380 0.271 0.183 0.118 0.072 0.042 0.023 
0.000 0.000 0.000 0.644 0.776 0.888 0.967 1.000 1.000 0.967 0.888 0.776 0.644 0.507 0.380 0.271 0.183 0.118 0.072 0.042 0.023 0.012 0.000 0.000 0.000 0.000 0.000 0.000 0.000 0.000 
0.967 0.888 0.776 0.644 0.507 0.380 0.271 0.183 0.118 0.072 0.042 0.023 0.012 0.000 0.000 0.000 0.000 0.000 0.000 0.000 0.000 0.000 0.000 0.000 0.239 0.341 0.463 0.598 0.733 0.854 
0.072 0.042 0.023 0.012 0.000 0.000 0.000 0.000 0.000 0.000 0.000 0.000 0.000 0.000 0.000 0.239 0.341 0.463 0.598 0.733 0.854 0.945 0.994 1.000 0.983 0.919 0.816 0.689 0.552 0.421 
0.000 0.000 0.000 0.000 0.000 0.000 0.239 0.341 0.463 0.598 0.733 0.854 0.945 0.994 1.000 0.983 0.919 0.816 0.689 0.552 0.421 0.305 0.210 0.137 0.085 0.050 0.028 0.015 0.000 0.000 
0.598 0.733 0.854 0.945 0.994 1.000 0.983 0.919 0.816 0.689 0.552 0.421 0.305 0.210 0.137 0.085 0.050 0.028 0.015 0.000 0.000 0.000 0.000 0.000 0.000 0.000 0.000 0.050 0.085 0.137 
0.689 0.552 0.421 0.305 0.210 0.137 0.085 0.050 0.028 0.015 0.000 0.000 0.000 0.000 0.000 0.000 0.000 0.000 0.050 0.085 0.137 0.210 0.305 0.421 0.552 0.689 0.816 0.919 0.983 1.000 
# 0 4 10 30
0.992 1.000 0.992 0.935 0.837 0.713 0.576 0.443 0.323 0.224 0.148 0.093 0.055 0.031 0.017 0.000 0.000 0.000 0.000 0.000 0.000 0.000 0.000 0.000 0.000 0.000 0.000 0.000 0.000 0.000 
0.148 0.093 0.055 0.031 0.017 0.000 0.000 0.000 0.000 0.000 0.000 0.000 0.000 0.000 0.000 0.000 0.000 0.000 0.000 0.000 0.713 0.837 0.935 0.992 1.000 0.992 0.935 0.837 0.713 0.576 
0.000 0.000 0.000 0.000 0.000 0.000 0.000 0.000 0.000 0.000 0.713 0.837 0.935 0.992 1.000 0.992 0.935 0.837 0.713 0.576 0.443 0.323 0.224 0.148 0.093 0.055 0.031 0.017 0.000 0.000 
0.713 0.837 0.935 0.992 1.000 0.992 0.935 0.837 0.713 0.576 0.443 0.323 0.224 0.148 0.093 0.055 0.031 0.017 0.000 0.000 0.000 0.000 0.000 0.000 0.000 0.000 0.000 0.000 0.000 0.000 
0.443 0.323 0.224 0.148 0.093 0.055 0.031 0.017 0.000 0.000 0.000 0.000 0.000 0.000 0.000 0.000 0.000 0.000 0.000 0.000 0.323 0.443 0.576 0.713 0.837 0.935 0.992 1.000 0.992 0.935 
0.000 0.000 0.000 0.000 0.000 0.000 0.000 0.000 0.000 0.000 0.323 0.443 0.576 0.713 0.837 0.935 0.992 1.000 0.992 0.935 0.837 0.713 0.576 0.443 0.323 0.224 0.148 0.093 0.055 0.031 
0.323 0.443 0.576 0.713 0.837 0.935 0.992 1.000 0.992 0.935 0.837 0.713 0.576 0.443 0.323 0.224 0.148 0.093 0.055 0.031 0.017 0.000 0.000 0.000 0.000 0.000 0.000 0.000 0.000 0.000 
0.837 0.713 0.576 0.443 0.323 0.224 0.148 0.093 0.055 0.031 0.017 0.000 0.000 0.000 0.000 0.000 0.000 0.000 0.000 0.000 0.093 0.148 0.224 0.323 0.443 0.576 0.713 0.837 0.935 0.992 
0.017 0.000 0.000 0.000 0.000 0.000 0.000 0.000 0.000 0.000 0.093 0.148 0.224 0.323 0.443 0.576 0.713 0.837 0.935 0.992 1.000 0.992 0.935 0.837 0.713 0.576 0.443 0.323 0.224 0.148 
0.093 0.148 0.224 0.323 0.443 0.576 0.713 0.837 0.935 0.992 1.000 0.992 0.935 0.837 0.713 0.576 0.443 0.323 0.224 0.148 0.093 0.055 0.031 0.017 0.000 0.000 0.000 0.000 0.000 0.000 
# 1 0 30 11
-0.037 -0.117 -0.291 -0.563 -0.849 -0.997 -0.913 -0.652 -0.363 -0.157 -0.053 
-0.571 -0.297 -0.121 -0.065 -0.032 -0.106 -0.269 -0.533 -0.824 -0.992 -0.932 
-0.613 -0.887 -1.000 -0.879 -0.602 -0.321 -0.202 -0.073 -0.028 -0.095 -0.247 
-0.053 -0.040 -0.125 -0.306 -0.583 -0.864 -0.999 -0.900 -0.632 -0.464 -0.221 
-0.839 -0.683 -0.390 -0.174 -0.060 -0.035 -0.113 -0.283 -0.553 -0.840 -0.996 
-0.347 -0.633 -0.901 -0.999 -0.949 -0.713 -0.417 -0.190 -0.068 -0.031 -0.102 
-0.148 -0.049 -0.044 -0.134 -0.322 -0.603 -0.880 -0.975 -0.963 -0.742 -0.445 
-0.996 -0.921 -0.663 -0.373 -0.163 -0.056 -0.038 -0.121 -0.299 -0.573 -0.741 
-0.158 -0.364 -0.521 -0.814 -0.990 -0.938 -0.693 -0.399 -0.179 -0.063 -0.034 
-0.330 -0.139 -0.045 -0.047 -0.143 -0.240 -0.492 -0.787 -0.982 -0.954 -0.723 
-0.856 -0.998 -0.908 -0.643 -0.355 -0.153 -0.051 -0.042 -0.081 -0.220 -0.463 
0.000 0.000 0.029 0.206 0.670 1.000 0.684 0.215 0.426 0.091 0.000 
0.252 0.739 0.995 0.613 0.864 0.362 0.070 0.000 0.000 0.000 0.000 
0.975 0.805 0.304 0.053 0.000 0.000 0.000 0.000 0.000 0.000 0.000 
0.039 0.000 0.000 0.000 0.000 0.000 0.000 0.000 0.000 0.000 0.000 
0.000 0.000 0.000 0.000 0.000 0.000 0.000 0.000 0.000 0.000 0.000 
0.000 0.000 0.000 0.000 0.000 0.000 0.000 0.000 0.000 0.000 0.000 
0.000 0.000 0.000 0.000 0.000 0.000 0.000 0.000 0.000 0.000 0.000 
0.000 0.000 0.000 0.000 0.000 0.000 0.000 0.000 0.000 0.096 0.439 
0.000 0.000 0.000 0.000 0.000 0.014 0.123 0.507 0.961 0.835 0.333 
0.000 0.000 0.019 0.155 0.578 0.987 0.773 0.277 0.046 0.000 0.000 
0.193 0.649 0.999 0.705 0.228 0.034 0.000 0.000 0.000 0.000 0.000 
0.634 0.185 0.025 0.000 0.000 0.000 0.000 0.000 0.000 0.000 0.000 
0.000 0.000 0.000 0.000 0.000 0.000 0.000 0.000 0.000 0.000 0.000 
0.000 0.000 0.000 0.000 0.000 0.000 0.000 0.000 0.000 0.000 0.000 
0.000 0.000 0.000 0.000 0.000 0.000 0.000 0.000 0.000 0.000 0.000 
0.000 0.000 0.000 0.000 0.000 0.000 0.000 0.000 0.000 0.000 0.000 
0.000 0.000 0.000 0.000 0.000 0.000 0.000 0.000 0.000 0.000 0.000 
0.000 0.000 0.000 0.000 0.000 0.000 0.000 0.000 0.000 0.000 0.000 
0.000 0.000 0.000 0.000 0.000 0.000 0.000 0.000 0.000 0.000 0.000 
# 1 2 11 11
-0.025 -0.086 -0.230 -0.482 -0.786 -1.000 -0.991 -0.766 -0.461 -0.216 -0.079 
-0.086 -0.025 -0.086 -0.230 -0.482 -0.786 -1.000 -0.991 -0.766 -0.461 -0.216 
-0.230 -0.086 -0.025 -0.086 -0.230 -0.482 -0.786 -1.000 -0.991 -0.766 -0.461 
-0.482 -0.230 -0.086 -0.025 -0.086 -0.230 -0.482 -0.786 -1.000 -0.991 -0.766 
-0.786 -0.482 -0.230 -0.086 -0.025 -0.086 -0.230 -0.482 -0.786 -1.000 -0.991 
-1.000 -0.786 -0.482 -0.230 -0.086 -0.025 -0.086 -0.230 -0.482 -0.786 -1.000 
-0.991 -1.000 -0.786 -0.482 -0.230 -0.086 -0.025 -0.086 -0.230 -0.482 -0.786 
-0.766 -0.991 -1.000 -0.786 -0.482 -0.230 -0.086 -0.025 -0.086 -0.230 -0.482 
-0.461 -0.766 -0.991 -1.000 -0.786 -0.482 -0.230 -0.086 -0.025 -0.086 -0.230 
-0.216 -0.461 -0.766 -0.991 -1.000 -0.786 -0.482 -0.230 -0.086 -0.025 -0.086 
-0.079 -0.216 -0.461 -0.766 -0.991 -1.000 -0.786 -0.482 -0.230 -0.086 -0.025 
# 1 3 9 11
-0.028 -0.074 -0.203 -0.438 -0.734 -0.960 -0.978 -0.777 -0.481 -0.232 -0.087 
-0.232 -0.087 -0.119 -0.038 -0.057 -0.166 -0.377 -0.668 -0.924 -0.995 -0.835 
-0.995 -0.835 -0.546 -0.279 -0.348 -0.149 -0.050 -0.043 -0.133 -0.321 -0.601 
-0.321 -0.601 -0.878 -1.000 -0.887 -0.613 -0.702 -0.407 -0.184 -0.065 -0.033 
-0.065 -0.033 -0.106 -0.270 -0.534 -0.825 -0.993 -0.931 -0.974 -0.766 -0.469 
-0.766 -0.469 -0.224 -0.083 -0.024 -0.083 -0.224 -0.469 -0.766 -0.974 -0.931 
-0.974 -0.931 -0.993 -0.825 -0.534 -0.270 -0.106 -0.033 -0.065 -0.184 -0.407 
-0.184 -0.407 -0.702 -0.613 -0.887 -1.000 -0.878 -0.601 -0.321 -0.133 -0.043 
-0.133 -0.043 -0.050 -0.149 -0.348 -0.279 -0.546 -0.835 -0.995 -0.924 -0.668 
# 2 0 30 11
-0.044 -0.133 -0.316 -0.591 -0.868 -0.999 -0.903 -0.641 -0.357 -0.156 -0.053 
-0.561 -0.293 -0.120 -0.076 -0.039 -0.120 -0.293 -0.562 -0.844 -0.996 -0.922 
-0.641 -0.903 -0.999 -0.867 -0.591 -0.316 -0.224 -0.085 -0.034 -0.108 -0.271 
-0.063 -0.047 -0.142 -0.332 -0.611 -0.883 -1.000 -0.889 -0.621 -0.493 -0.243 
-0.827 -0.710 -0.418 -0.193 -0.070 -0.042 -0.129 -0.309 -0.581 -0.860 -0.998 
-0.374 -0.661 -0.916 -0.997 -0.960 -0.738 -0.446 -0.211 -0.079 -0.037 -0.116 
-0.166 -0.058 -0.051 -0.151 -0.349 -0.631 -0.897 -0.968 -0.972 -0.766 -0.474 
-0.992 -0.934 -0.690 -0.400 -0.182 -0.065 -0.046 -0.137 -0.324 -0.601 -0.729 
-0.177 -0.391 -0.512 -0.802 -0.985 -0.950 -0.719 -0.427 -0.199 -0.073 -0.040 
-0.357 -0.156 -0.054 -0.056 -0.161 -0.236 -0.483 -0.775 -0.976 -0.964 -0.748 
-0.844 -0.996 -0.923 -0.671 -0.383 -0.171 -0.060 -0.049 -0.081 -0.217 -0.455 
0.475 0.390 0.314 0.297 0.372 0.455 0.544 0.635 0.726 0.810 0.883 
0.565 0.657 0.746 0.828 0.898 0.953 0.987 1.000 0.975 0.997 0.997 
0.992 0.944 0.982 0.999 0.993 0.965 0.917 0.851 0.772 0.684 0.593 
0.903 0.833 0.752 0.663 0.571 0.481 0.396 0.318 0.292 0.367 0.449 
0.377 0.302 0.309 0.385 0.469 0.559 0.651 0.740 0.823 0.894 0.789 
0.672 0.760 0.841 0.724 0.808 0.882 0.941 0.980 0.999 0.995 0.968 
0.952 0.987 1.000 0.990 0.959 0.907 0.838 0.757 0.669 0.577 0.487 
0.820 0.737 0.648 0.556 0.466 0.382 0.306 0.304 0.380 0.463 0.553 
0.290 0.321 0.399 0.484 0.574 0.447 0.536 0.627 0.718 0.803 0.877 
0.557 0.649 0.738 0.821 0.893 0.949 0.985 1.000 0.992 0.961 0.911 
0.991 1.000 0.987 0.951 0.896 0.826 0.743 0.654 0.562 0.472 0.388 
0.723 0.632 0.541 0.452 0.369 0.295 0.316 0.223 0.286 0.360 0.441 
0.000 0.000 0.000 0.000 0.000 0.000 0.000 0.000 0.000 0.000 0.000 
0.000 0.000 0.000 0.000 0.000 0.000 0.000 0.000 0.000 0.000 0.000 
0.000 0.000 0.000 0.000 0.000 0.000 0.000 0.000 0.000 0.000 0.000 
0.000 0.000 0.000 0.000 0.000 0.000 0.000 0.000 0.000 0.000 0.000 
0.000 0.000 0.000 0.000 0.000 0.000 0.000 0.000 0.000 0.000 0.000 
0.000 0.000 0.000 0.000 0.000 0.000 0.000 0.000 0.000 0.000 0.000 
0.000 0.000 0.000 0.000 0.000 0.000 0.000 0.000 0.000 0.000 0.000 
# 2 1 11 11
-0.030 -0.098 -0.252 -0.508 -0.804 -1.000 -0.976 -0.748 -0.449 -0.212 -0.079 
-0.098 -0.030 -0.098 -0.252 -0.508 -0.804 -1.000 -0.976 -0.748 -0.449 -0.212 
-0.252 -0.098 -0.030 -0.098 -0.252 -0.508 -0.804 -1.000 -0.976 -0.748 -0.449 
-0.508 -0.252 -0.098 -0.030 -0.098 -0.252 -0.508 -0.804 -1.000 -0.976 -0.748 
-0.804 -0.508 -0.252 -0.098 -0.030 -0.098 -0.252 -0.508 -0.804 -1.000 -0.976 
-1.000 -0.804 -0.508 -0.252 -0.098 -0.030 -0.098 -0.252 -0.508 -0.804 -1.000 
-0.976 -1.000 -0.804 -0.508 -0.252 -0.098 -0.030 -0.098 -0.252 -0.508 -0.804 
-0.748 -0.976 -1.000 -0.804 -0.508 -0.252 -0.098 -0.030 -0.098 -0.252 -0.508 
-0.449 -0.748 -0.976 -1.000 -0.804 -0.508 -0.252 -0.098 -0.030 -0.098 -0.252 
-0.212 -0.449 -0.748 -0.976 -1.000 -0.804 -0.508 -0.252 -0.098 -0.030 -0.098 
-0.079 -0.212 -0.449 -0.748 -0.976 -1.000 -0.804 -0.508 -0.252 -0.098 -0.030 
# 2 3 9 11
-0.034 -0.085 -0.225 -0.466 -0.759 -0.969 -0.972 -0.765 -0.472 -0.229 -0.087 
-0.229 -0.087 -0.135 -0.045 -0.066 -0.185 -0.405 -0.695 -0.937 -0.992 -0.823 
-0.992 -0.823 -0.537 -0.275 -0.376 -0.167 -0.058 -0.051 -0.150 -0.347 -0.630 
-0.347 -0.630 -0.896 -1.000 -0.876 -0.603 -0.727 -0.435 -0.204 -0.075 -0.039 
-0.075 -0.039 -0.121 -0.295 -0.563 -0.846 -0.996 -0.922 -0.981 -0.789 -0.498 
-0.789 -0.498 -0.247 -0.096 -0.029 -0.096 -0.247 -0.498 -0.789 -0.981 -0.922 
-0.981 -0.922 -0.996 -0.846 -0.563 -0.295 -0.121 -0.039 -0.075 -0.204 -0.435 
-0.204 -0.435 -0.727 -0.603 -0.876 -1.000 -0.896 -0.630 -0.347 -0.150 -0.051 
-0.150 -0.051 -0.058 -0.167 -0.376 -0.275 -0.537 -0.823 -0.992 -0.937 -0.695 
# 3 0 30 9
-0.560 -0.803 -0.970 -0.986 -0.845 -0.610 -0.370 -0.190 -0.082 
-0.979 -0.979 -0.824 -0.585 -0.349 -0.176 -0.685 -0.510 -0.757 
-0.803 -0.560 -0.328 -0.884 -0.660 -0.535 -0.780 -0.959 -0.992 
-0.992 -0.865 -0.635 -0.560 -0.803 -0.970 -0.986 -0.845 -0.610 
-0.610 -0.585 -0.824 -0.979 -0.979 -0.824 -0.933 -0.999 -0.901 
-0.845 -0.986 -0.970 -0.757 -0.946 -0.997 -0.884 -0.660 -0.535 
-0.535 -0.780 -0.959 -0.992 -0.865 -0.635 -0.560 -0.803 -0.970 
-0.970 -0.986 -0.845 -0.610 -0.585 -0.824 -0.271 -0.486 -0.733 
-0.824 -0.585 -0.610 -0.138 -0.289 -0.510 -0.757 -0.946 -0.997 
-0.055 -0.134 -0.280 -0.493 -0.737 -0.933 -1.000 -0.907 -0.697 
0.000 0.000 0.000 0.000 0.000 0.000 0.000 0.000 0.000 
0.000 0.000 0.000 0.000 0.000 0.000 0.000 0.000 0.000 
0.000 0.000 0.000 0.000 0.000 0.000 0.000 0.000 0.000 
0.000 0.000 0.000 0.000 0.000 0.000 0.000 0.000 0.000 
0.000 0.000 0.000 0.000 0.000 0.000 0.000 0.000 0.000 
0.000 0.000 0.000 0.000 0.000 0.000 0.000 0.000 0.000 
0.000 0.000 0.000 0.000 0.000 0.000 0.000 0.000 0.000 
0.000 0.000 0.000 0.000 0.000 0.000 0.000 0.000 0.000 
0.000 0.000 0.000 0.000 0.000 0.000 0.000 0.000 0.000 
0.000 0.000 0.000 0.000 0.000 0.000 0.000 0.000 0.000 
0.000 0.000 0.000 0.000 0.000 0.000 0.000 0.000 0.000 
0.000 0.000 0.000 0.000 0.000 0.000 0.000 0.000 0.000 
0.000 0.000 0.000 0.000 0.000 0.000 0.000 0.000 0.000 
0.000 0.000 0.000 0.000 0.000 0.000 0.000 0.000 0.000 
0.000 0.000 0.000 0.000 0.000 0.000 0.000 0.000 0.000 
0.000 0.000 0.000 0.000 0.000 0.000 0.000 0.000 0.000 
0.000 0.000 0.000 0.000 0.000 0.000 0.000 0.000 0.000 
0.000 0.000 0.000 0.000 0.000 0.000 0.000 0.000 0.000 
0.000 0.000 0.000 0.000 0.000 0.000 0.000 0.000 0.000 
0.000 0.000 0.000 0.000 0.000 0.000 0.000 0.000 0.000 
# 3 1 11 9
-0.496 -0.743 -0.939 -0.999 -0.894 -0.675 -0.429 -0.229 -0.103 
-0.786 -0.962 -0.991 -0.861 -0.629 -0.387 -0.201 -0.844 -0.609 
-0.979 -0.979 -0.823 -0.584 -0.348 -0.971 -0.806 -0.563 -0.632 
-0.961 -0.783 -0.538 -0.996 -0.951 -0.765 -0.518 -0.677 -0.896 
-0.741 -0.910 -1.000 -0.926 -0.722 -0.474 -0.722 -0.926 -1.000 
-0.937 -0.999 -0.896 -0.677 -0.518 -0.765 -0.951 -0.996 -0.538 
-0.992 -0.862 -0.632 -0.563 -0.806 -0.971 -0.348 -0.584 -0.823 
-0.825 -0.586 -0.609 -0.844 -0.201 -0.387 -0.629 -0.861 -0.991 
-0.540 -0.654 -0.103 -0.229 -0.429 -0.675 -0.894 -0.999 -0.939 
0.000 0.000 0.000 0.000 0.000 0.000 0.000 0.000 0.000 
0.000 0.000 0.000 0.000 0.000 0.000 0.000 0.000 0.000 
# 3 2 11 9
-0.496 -0.743 -0.939 -0.999 -0.894 -0.675 -0.429 -0.229 -0.103 
-0.786 -0.962 -0.991 -0.861 -0.629 -0.387 -0.201 -0.844 -0.609 
-0.979 -0.979 -0.823 -0.584 -0.348 -0.971 -0.806 -0.563 -0.632 
-0.961 -0.783 -0.538 -0.996 -0.951 -0.765 -0.518 -0.677 -0.896 
-0.741 -0.910 -1.000 -0.926 -0.722 -0.474 -0.722 -0.926 -1.000 
-0.937 -0.999 -0.896 -0.677 -0.518 -0.765 -0.951 -0.996 -0.538 
-0.992 -0.862 -0.632 -0.563 -0.806 -0.971 -0.348 -0.584 -0.823 
-0.825 -0.586 -0.609 -0.844 -0.201 -0.387 -0.629 -0.861 -0.991 
-0.540 -0.654 -0.103 -0.229 -0.429 -0.675 -0.894 -0.999 -0.939 
0.000 0.000 0.000 0.000 0.000 0.000 0.000 0.000 0.000 
0.000 0.000 0.000 0.000 0.000 0.000 0.000 0.000 0.000 
# 4 0 30 10
0.000 0.000 0.091 0.805 0.000 0.000 0.000 0.000 0.000 0.000 
0.000 0.000 0.000 0.091 0.805 0.000 0.000 0.000 0.000 0.000 
0.000 0.000 0.000 0.000 0.091 0.805 0.000 0.000 0.000 0.000 
0.483 0.000 0.000 0.000 0.000 0.091 0.805 0.000 0.000 0.000 
0.252 0.483 0.000 0.000 0.000 0.000 0.091 0.805 0.000 0.000 
0.000 0.252 0.483 0.000 0.000 0.000 0.000 0.091 0.805 0.000 
0.000 0.000 0.252 0.483 0.000 0.000 0.000 0.000 0.091 0.805 
0.000 0.000 0.000 0.252 0.483 0.000 0.000 0.000 0.000 0.091 
0.000 0.000 0.000 0.000 0.252 0.483 0.000 0.000 0.000 0.000 
0.000 0.000 0.000 0.000 0.000 0.252 0.483 0.000 0.000 0.000 
0.000 0.000 0.000 0.000 0.000 0.000 0.000 0.000 0.000 0.000 
0.000 0.000 0.000 0.000 0.000 0.000 0.000 0.000 0.000 0.000 
0.000 0.000 0.000 0.000 0.000 0.000 0.000 0.000 0.000 0.000 
0.000 0.000 0.000 0.000 0.000 0.000 0.000 0.000 0.000 0.000 
0.000 0.000 0.000 0.000 0.000 0.000 0.000 0.000 0.000 0.000 
0.000 0.000 0.000 0.000 0.000 0.000 0.000 0.000 0.000 0.000 
0.000 0.000 0.000 0.000 0.000 0.000 0.000 0.000 0.000 0.000 
0.000 0.000 0.000 0.000 0.000 0.000 0.000 0.000 0.000 0.000 
0.000 0.000 0.000 0.000 0.000 0.000 0.000 0.000 0.000 0.000 
0.000 0.000 0.000 0.000 0.000 0.000 0.000 0.000 0.000 0.000 
0.000 0.000 0.000 0.000 0.000 0.000 0.000 0.000 0.000 0.000 
0.000 0.000 0.000 0.000 0.000 0.000 0.000 0.000 0.000 0.000 
0.000 0.000 0.000 0.000 0.000 0.000 0.000 0.000 0.000 0.000 
0.000 0.000 0.000 0.000 0.000 0.000 0.000 0.000 0.000 0.000 
0.000 0.000 0.000 0.000 0.000 0.000 0.000 0.000 0.000 0.000 
0.000 0.000 0.000 0.000 0.000 0.000 0.000 0.000 0.000 0.000 
0.000 0.000 0.000 0.000 0.000 0.000 0.000 0.000 0.000 0.000 
0.000 0.000 0.000 0.000 0.000 0.000 0.000 0.000 0.000 0.000 
0.000 0.000 0.000 0.000 0.000 0.000 0.000 0.000 0.000 0.000 
0.000 0.000 0.000 0.000 0.000 0.000 0.000 0.000 0.000 0.000 
# 4 1 11 10
0.000 0.000 0.000 0.000 0.000 0.000 0.000 0.000 0.000 0.000 
0.000 0.000 0.000 0.000 0.000 0.000 0.000 0.000 0.000 0.000 
0.000 0.000 0.000 0.000 0.000 0.000 0.000 0.000 0.000 0.000 
0.000 0.000 0.000 0.000 0.000 0.000 0.000 0.000 0.000 0.000 
0.000 0.000 0.000 0.000 0.000 0.000 0.000 0.000 0.000 0.000 
0.000 0.000 0.000 0.000 0.000 0.000 0.000 0.000 0.000 0.000 
0.000 0.000 0.000 0.000 0.000 0.000 0.000 0.000 0.000 0.000 
0.000 0.000 0.000 0.000 0.000 0.000 0.000 0.000 0.000 0.000 
0.000 0.000 0.000 0.000 0.000 0.000 0.000 0.000 0.000 0.000 
0.000 0.000 0.000 0.000 0.000 0.000 0.000 0.000 0.000 0.000 
0.000 0.000 0.000 0.000 0.000 0.000 0.000 0.000 0.000 0.000 
# 4 2 11 10
0.000 0.000 0.000 0.000 0.000 0.000 0.000 0.000 0.000 0.000 
0.000 0.000 0.000 0.000 0.000 0.000 0.000 0.000 0.000 0.000 
0.000 0.000 0.000 0.000 0.000 0.000 0.000 0.000 0.000 0.000 
0.000 0.000 0.000 0.000 0.000 0.000 0.000 0.000 0.000 0.000 
0.000 0.000 0.000 0.000 0.000 0.000 0.000 0.000 0.000 0.000 
0.000 0.000 0.000 0.000 0.000 0.000 0.000 0.000 0.000 0.000 
0.000 0.000 0.000 0.000 0.000 0.000 0.000 0.000 0.000 0.000 
0.000 0.000 0.000 0.000 0.000 0.000 0.000 0.000 0.000 0.000 
0.000 0.000 0.000 0.000 0.000 0.000 0.000 0.000 0.000 0.000 
0.000 0.000 0.000 0.000 0.000 0.000 0.000 0.000 0.000 0.000 
0.000 0.000 0.000 0.000 0.000 0.000 0.000 0.000 0.000 0.000 
# 4 3 9 10
0.000 0.000 0.000 0.000 0.000 0.000 0.000 0.000 0.000 0.000 
0.000 0.000 0.000 0.000 0.000 0.000 0.000 0.000 0.000 0.000 
0.000 0.000 0.000 0.000 0.000 0.000 0.000 0.000 0.000 0.000 
0.000 0.000 0.000 0.000 0.000 0.000 0.000 0.000 0.000 0.000 
0.000 0.000 0.000 0.000 0.000 0.000 0.000 0.000 0.000 0.000 
0.000 0.000 0.000 0.000 0.000 0.000 0.000 0.000 0.000 0.000 
0.000 0.000 0.000 0.000 0.000 0.000 0.000 0.000 0.000 0.000 
0.000 0.000 0.000 0.000 0.000 0.000 0.000 0.000 0.000 0.000 
0.000 0.000 0.000 0.000 0.000 0.000 0.000 0.000 0.000 0.000 
