2.360657
6
# 0 1 20 30
0.000 0.000 0.000 0.000 0.068 0.334 0.817 1.000 0.612 0.187 0.029 0.000 0.000 0.000 0.000 0.000 0.000 0.000 0.000 0.000 0.000 0.000 0.000 0.000 0.000 0.000 0.000 0.000 0.000 0.000 
0.000 0.000 0.000 0.000 0.000 0.000 0.000 0.000 0.000 0.000 0.000 0.000 0.000 0.000 0.000 0.024 0.165 0.570 0.986 0.853 0.369 0.080 0.000 0.000 0.000 0.000 0.000 0.000 0.000 0.000 
0.369 0.080 0.000 0.000 0.000 0.000 0.000 0.000 0.000 0.000 0.000 0.000 0.000 0.000 0.000 0.000 0.000 0.000 0.000 0.000 0.024 0.000 0.000 0.000 0.000 0.000 0.000 0.068 0.334 0.817 
0.024 0.000 0.000 0.000 0.000 0.000 0.000 0.068 0.334 0.817 1.000 0.612 0.187 0.029 0.000 0.000 0.000 0.000 0.000 0.000 0.000 0.000 0.000 0.000 0.000 0.000 0.000 0.000 0.000 0.000 
0.000 0.000 0.000 0.000 0.000 0.000 0.000 0.000 0.000 0.000 0.334 0.068 0.000 0.000 0.000 0.000 0.000 0.000 0.024 0.165 0.570 0.986 0.853 0.369 0.080 0.000 0.000 0.000 0.000 0.000 
0.570 0.986 0.853 0.369 0.080 0.000 0.000 0.000 0.000 0.000 0.000 0.000 0.000 0.000 0.000 0.000 0.000 0.000 0.000 0.000 0.986 0.570 0.165 0.024 0.000 0.000 0.000 0.000 0.000 0.000 
0.986 0.570 0.165 0.024 0.000 0.000 0.000 0.000 0.000 0.000 0.068 0.334 0.817 1.000 0.612 0.187 0.029 0.000 0.000 0.000 0.000 0.000 0.000 0.000 0.000 0.000 0.000 0.000 0.000 0.000 
0.000 0.000 0.000 0.000 0.000 0.000 0.000 0.000 0.000 0.000 0.612 1.000 0.817 0.334 0.068 0.000 0.000 0.000 0.000 0.000 0.000 0.024 0.165 0.570 0.986 0.853 0.369 0.080 0.000 0.000 
0.000 0.024 0.165 0.570 0.986 0.853 0.369 0.080 0.000 0.000 0.000 0.000 0.000 0.000 0.000 0.000 0.000 0.000 0.000 0.000 0.080 0.369 0.853 0.986 0.570 0.165 0.024 0.000 0.000 0.000 
0.080 0.369 0.853 0.986 0.570 0.165 0.024 0.000 0.000 0.000 0.000 0.000 0.000 0.068 0.334 0.817 1.000 0.612 0.187 0.029 0.000 0.000 0.000 0.000 0.000 0.000 0.000 0.000 0.000 0.000 
0.000 0.000 0.000 0.000 0.000 0.000 0.000 0.000 0.000 0.000 0.000 0.029 0.187 0.612 1.000 0.817 0.334 0.068 0.000 0.000 0.000 0.000 0.000 0.000 0.024 0.165 0.570 0.986 0.853 0.369 
0.000 0.000 0.000 0.000 0.024 0.165 0.570 0.986 0.853 0.369 0.080 0.000 0.000 0.000 0.000 0.000 0.000 0.000 0.000 0.000 0.000 0.000 0.000 0.080 0.369 0.853 0.986 0.570 0.165 0.024 
0.000 0.000 0.000 0.080 0.369 0.853 0.986 0.570 0.165 0.024 0.000 0.000 0.000 0.000 0.000 0.000 0.068 0.334 0.817 1.000 0.612 0.187 0.029 0.000 0.000 0.000 0.000 0.000 0.000 0.000 
0.612 0.187 0.029 0.000 0.000 0.000 0.000 0.000 0.000 0.000 0.000 0.000 0.000 0.000 0.029 0.187 0.612 1.000 0.817 0.334 0.068 0.000 0.000 0.000 0.000 0.000 0.000 0.024 0.165 0.570 
0.068 0.000 0.000 0.000 0.000 0.000 0.000 0.024 0.165 0.570 0.986 0.853 0.369 0.080 0.000 0.000 0.000 0.000 0.000 0.000 0.000 0.000 0.000 0.000 0.000 0.000 0.080 0.369 0.853 0.986 
0.000 0.000 0.000 0.000 0.000 0.000 0.080 0.369 0.853 0.986 0.570 0.165 0.024 0.000 0.000 0.000 0.000 0.000 0.000 0.068 0.334 0.817 1.000 0.612 0.187 0.029 0.000 0.000 0.000 0.000 
0.334 0.817 1.000 0.612 0.187 0.029 0.000 0.000 0.000 0.000 0.000 0.000 0.000 0.000 0.000 0.000 0.000 0.029 0.187 0.612 1.000 0.817 0.334 0.068 0.000 0.000 0.000 0.000 0.000 0.000 
1.000 0.817 0.334 0.068 0.000 0.000 0.000 0.000 0.000 0.000 0.024 0.165 0.570 0.986 0.853 0.369 0.080 0.000 0.000 0.000 0.000 0.000 0.000 0.000 0.000 0.000 0.000 0.000 0.000 0.080 
0.000 0.000 0.000 0.000 0.000 0.000 0.000 0.000 0.000 0.080 0.369 0.853 0.986 0.570 0.165 0.024 0.000 0.000 0.000 0.000 0.000 0.000 0.068 0.334 0.817 1.000 0.612 0.187 0.029 0.000 
0.000 0.000 0.068 0.334 0.817 1.000 0.612 0.187 0.029 0.000 0.000 0.000 0.000 0.000 0.000 0.000 0.000 0.000 0.000 0.000 0.029 0.187 0.612 1.000 0.817 0.334 0.068 0.000 0.000 0.000 
# 0 2 14 30
0.000 0.000 0.000 0.000 0.035 0.213 0.652 0.996 0.762 0.291 0.056 0.000 0.000 0.000 0.000 0.000 0.000 0.000 0.000 0.000 0.000 0.000 0.000 0.000 0.000 0.000 0.000 0.000 0.000 0.000 
0.000 0.000 0.000 0.000 0.000 0.000 0.000 0.000 0.000 0.000 0.000 0.000 0.000 0.000 0.000 0.000 0.000 0.000 0.000 0.000 0.000 0.000 0.026 0.172 0.580 0.978 0.826 0.349 0.074 0.000 
0.000 0.000 0.000 0.000 0.000 0.000 0.000 0.000 0.026 0.172 0.580 0.978 0.826 0.349 0.074 0.000 0.000 0.000 0.000 0.000 0.000 0.000 0.000 0.000 0.000 0.000 0.000 0.000 0.000 0.000 
0.074 0.000 0.000 0.000 0.000 0.000 0.000 0.000 0.000 0.000 0.000 0.000 0.000 0.000 0.000 0.000 0.000 0.000 0.375 0.083 0.000 0.000 0.000 0.000 0.000 0.000 0.018 0.137 0.508 0.947 
0.000 0.000 0.000 0.000 0.375 0.083 0.000 0.000 0.000 0.000 0.000 0.000 0.018 0.137 0.508 0.947 0.882 0.412 0.096 0.011 0.000 0.000 0.000 0.000 0.000 0.000 0.000 0.000 0.000 0.000 
0.508 0.947 0.882 0.412 0.096 0.011 0.000 0.000 0.000 0.000 0.000 0.000 0.000 0.000 0.000 0.000 0.000 0.000 0.000 0.000 0.930 0.904 0.440 0.107 0.013 0.000 0.000 0.000 0.000 0.000 
0.000 0.000 0.000 0.000 0.000 0.000 0.930 0.904 0.440 0.107 0.013 0.000 0.000 0.000 0.000 0.000 0.013 0.107 0.440 0.904 0.930 0.479 0.123 0.016 0.000 0.000 0.000 0.000 0.000 0.000 
0.000 0.000 0.013 0.107 0.440 0.904 0.930 0.479 0.123 0.016 0.000 0.000 0.000 0.000 0.000 0.000 0.000 0.000 0.000 0.000 0.000 0.000 0.096 0.412 0.882 0.947 0.508 0.137 0.018 0.000 
0.000 0.000 0.000 0.000 0.000 0.000 0.000 0.000 0.096 0.412 0.882 0.947 0.508 0.137 0.018 0.000 0.000 0.000 0.000 0.000 0.000 0.083 0.375 0.851 0.966 0.549 0.156 0.022 0.000 0.000 
0.018 0.000 0.000 0.000 0.000 0.000 0.000 0.083 0.375 0.851 0.966 0.549 0.156 0.022 0.000 0.000 0.000 0.000 0.000 0.000 0.000 0.000 0.000 0.000 0.000 0.000 0.074 0.349 0.826 0.978 
0.000 0.000 0.000 0.000 0.000 0.000 0.000 0.000 0.000 0.000 0.000 0.000 0.074 0.349 0.826 0.978 0.580 0.172 0.026 0.000 0.000 0.000 0.000 0.000 0.000 0.063 0.315 0.789 0.990 0.621 
0.826 0.978 0.580 0.172 0.026 0.000 0.000 0.000 0.000 0.000 0.000 0.063 0.315 0.789 0.990 0.621 0.195 0.031 0.000 0.000 0.000 0.000 0.000 0.000 0.000 0.000 0.000 0.000 0.000 0.000 
0.990 0.621 0.195 0.031 0.000 0.000 0.000 0.000 0.000 0.000 0.000 0.000 0.000 0.000 0.000 0.000 0.056 0.291 0.762 0.996 0.652 0.213 0.035 0.000 0.000 0.000 0.000 0.000 0.000 0.047 
0.000 0.000 0.056 0.291 0.762 0.996 0.652 0.213 0.035 0.000 0.000 0.000 0.000 0.000 0.000 0.047 0.261 0.722 1.000 0.693 0.240 0.042 0.000 0.000 0.000 0.000 0.000 0.000 0.000 0.000 
# 0 3 2 30
1.000 0.972 0.473 0.115 0.014 0.000 0.000 0.000 0.000 0.000 0.014 0.115 0.473 0.972 1.000 0.515 0.133 0.017 0.000 0.000 0.000 0.000 0.000 0.000 0.000 0.000 0.000 0.000 0.000 0.000 
0.473 0.115 0.014 0.000 0.000 0.000 0.000 0.000 0.014 0.115 0.473 0.972 1.000 0.515 0.133 0.017 0.000 0.000 0.000 0.000 0.000 0.000 0.000 0.000 0.000 0.000 0.000 0.000 0.000 0.000 
# 0 4 24 30
0.000 0.000 0.000 0.000 0.086 0.383 0.860 0.964 0.541 0.152 0.021 0.000 0.000 0.000 0.000 0.000 0.000 0.000 0.000 0.000 0.000 0.000 0.000 0.000 0.000 0.000 0.000 0.000 0.000 0.000 
0.000 0.000 0.000 0.000 0.000 0.000 0.000 0.000 0.000 0.000 0.000 0.053 0.281 0.750 1.000 0.667 0.223 0.037 0.000 0.000 0.000 0.000 0.000 0.000 0.000 0.000 0.000 0.000 0.000 0.000 
0.000 0.000 0.000 0.000 0.000 0.000 0.000 0.000 0.000 0.000 0.000 0.000 0.000 0.000 0.000 0.000 0.000 0.000 0.031 0.198 0.626 0.993 0.788 0.313 0.062 0.000 0.000 0.000 0.000 0.000 
0.062 0.000 0.000 0.000 0.000 0.000 0.000 0.000 0.000 0.000 0.000 0.000 0.000 0.000 0.000 0.000 0.000 0.000 0.086 0.000 0.000 0.000 0.000 0.000 0.000 0.018 0.133 0.501 0.944 0.891 
0.000 0.018 0.133 0.501 0.944 0.891 0.421 0.099 0.012 0.000 0.000 0.000 0.000 0.000 0.000 0.000 0.000 0.000 0.000 0.000 0.000 0.000 0.000 0.000 0.501 0.133 0.018 0.000 0.000 0.000 
0.501 0.133 0.018 0.000 0.000 0.000 0.000 0.000 0.000 0.086 0.383 0.860 0.964 0.541 0.152 0.021 0.000 0.000 0.000 0.000 0.000 0.000 0.000 0.000 0.000 0.000 0.000 0.000 0.000 0.000 
0.000 0.000 0.000 0.000 0.000 0.000 0.993 0.626 0.198 0.031 0.000 0.000 0.000 0.000 0.000 0.000 0.053 0.281 0.750 1.000 0.667 0.223 0.037 0.000 0.000 0.000 0.000 0.000 0.000 0.000 
0.000 0.000 0.000 0.000 0.000 0.000 0.000 0.000 0.000 0.000 0.000 0.000 0.667 1.000 0.750 0.281 0.053 0.000 0.000 0.000 0.000 0.000 0.000 0.031 0.198 0.626 0.993 0.788 0.313 0.062 
0.198 0.626 0.993 0.788 0.313 0.062 0.000 0.000 0.000 0.000 0.000 0.000 0.000 0.000 0.000 0.000 0.000 0.000 0.152 0.541 0.964 0.860 0.383 0.086 0.000 0.000 0.000 0.000 0.000 0.000 
0.000 0.000 0.000 0.000 0.000 0.000 0.018 0.133 0.501 0.944 0.891 0.421 0.099 0.012 0.000 0.000 0.000 0.000 0.000 0.000 0.000 0.000 0.000 0.000 0.012 0.099 0.421 0.891 0.944 0.501 
0.012 0.099 0.421 0.891 0.944 0.501 0.133 0.018 0.000 0.000 0.000 0.000 0.000 0.000 0.086 0.383 0.860 0.964 0.541 0.152 0.021 0.000 0.000 0.000 0.000 0.000 0.000 0.000 0.000 0.000 
0.000 0.000 0.000 0.000 0.000 0.000 0.000 0.000 0.062 0.313 0.788 0.993 0.626 0.198 0.031 0.000 0.000 0.000 0.000 0.000 0.000 0.053 0.281 0.750 1.000 0.667 0.223 0.037 0.000 0.000 
1.000 0.667 0.223 0.037 0.000 0.000 0.000 0.000 0.000 0.000 0.000 0.000 0.000 0.000 0.000 0.037 0.223 0.667 1.000 0.750 0.281 0.053 0.000 0.000 0.000 0.000 0.000 0.000 0.031 0.198 
0.000 0.000 0.000 0.000 0.031 0.198 0.626 0.993 0.788 0.313 0.062 0.000 0.000 0.000 0.000 0.000 0.000 0.000 0.000 0.000 0.000 0.000 0.021 0.152 0.541 0.964 0.860 0.383 0.086 0.000 
0.541 0.964 0.860 0.383 0.086 0.000 0.000 0.000 0.000 0.000 0.000 0.018 0.133 0.501 0.944 0.891 0.421 0.099 0.012 0.000 0.000 0.000 0.000 0.000 0.000 0.000 0.000 0.000 0.000 0.012 
0.000 0.000 0.000 0.000 0.000 0.012 0.099 0.421 0.891 0.944 0.501 0.133 0.018 0.000 0.000 0.000 0.000 0.000 0.000 0.086 0.383 0.860 0.964 0.541 0.152 0.021 0.000 0.000 0.000 0.000 
0.152 0.021 0.000 0.000 0.000 0.000 0.000 0.000 0.000 0.000 0.000 0.000 0.000 0.062 0.313 0.788 0.993 0.626 0.198 0.031 0.000 0.000 0.000 0.000 0.000 0.000 0.053 0.281 0.750 1.000 
0.000 0.000 0.053 0.281 0.750 1.000 0.667 0.223 0.037 0.000 0.000 0.000 0.000 0.000 0.000 0.000 0.000 0.000 0.000 0.000 0.037 0.223 0.667 1.000 0.750 0.281 0.053 0.000 0.000 0.000 
0.750 0.281 0.053 0.000 0.000 0.000 0.000 0.000 0.000 0.031 0.198 0.626 0.993 0.788 0.313 0.062 0.000 0.000 0.000 0.000 0.000 0.000 0.000 0.000 0.000 0.000 0.000 0.021 0.152 0.541 
0.000 0.000 0.000 0.021 0.152 0.541 0.964 0.860 0.383 0.086 0.000 0.000 0.000 0.000 0.000 0.000 0.018 0.133 0.501 0.944 0.891 0.421 0.099 0.012 0.000 0.000 0.000 0.000 0.000 0.000 
0.000 0.000 0.000 0.000 0.000 0.000 0.000 0.000 0.000 0.000 0.012 0.099 0.421 0.891 0.944 0.501 0.133 0.018 0.000 0.000 0.000 0.000 0.000 0.000 0.086 0.383 0.860 0.964 0.541 0.152 
0.086 0.383 0.860 0.964 0.541 0.152 0.000 0.000 0.000 0.000 0.000 0.000 0.000 0.000 0.000 0.000 0.000 0.000 0.062 0.313 0.788 0.993 0.626 0.198 0.031 0.000 0.000 0.000 0.000 0.000 
0.031 0.000 0.000 0.000 0.000 0.000 0.000 0.053 0.281 0.750 1.000 0.667 0.000 0.000 0.000 0.000 0.000 0.000 0.000 0.000 0.000 0.000 0.000 0.000 0.000 0.037 0.223 0.667 1.000 0.750 
0.000 0.037 0.223 0.667 1.000 0.750 0.281 0.053 0.000 0.000 0.000 0.000 0.000 0.000 0.031 0.198 0.626 0.993 0.000 0.000 0.000 0.000 0.000 0.000 0.000 0.000 0.000 0.000 0.000 0.000 
# 0 5 10 30
0.000 0.000 0.000 0.000 0.014 0.115 0.473 0.972 1.000 0.515 0.133 0.017 0.000 0.000 0.000 0.000 0.000 0.000 0.000 0.000 0.000 0.000 0.000 0.000 0.000 0.000 0.000 0.000 0.000 0.000 
0.133 0.017 0.000 0.000 0.000 0.000 0.000 0.000 0.000 0.000 0.000 0.000 0.000 0.000 0.000 0.000 0.000 0.000 0.000 0.000 0.115 0.014 0.000 0.000 0.000 0.000 0.000 0.014 0.115 0.473 
0.000 0.000 0.000 0.000 0.000 0.000 0.000 0.000 0.000 0.000 0.115 0.014 0.000 0.000 0.000 0.000 0.000 0.014 0.115 0.473 0.972 1.000 0.515 0.133 0.017 0.000 0.000 0.000 0.000 0.000 
0.115 0.014 0.000 0.000 0.000 0.000 0.000 0.014 0.115 0.473 0.972 1.000 0.515 0.133 0.017 0.000 0.000 0.000 0.000 0.000 0.000 0.000 0.000 0.000 0.000 0.000 0.000 0.000 0.000 0.000 
0.972 1.000 0.515 0.133 0.017 0.000 0.000 0.000 0.000 0.000 0.000 0.000 0.000 0.000 0.000 0.000 0.000 0.000 0.000 0.000 1.000 0.972 0.473 0.115 0.014 0.000 0.000 0.000 0.000 0.000 
0.000 0.000 0.000 0.000 0.000 0.000 0.000 0.000 0.000 0.000 1.000 0.972 0.473 0.115 0.014 0.000 0.000 0.000 0.000 0.000 0.014 0.115 0.473 0.972 1.000 0.515 0.133 0.017 0.000 0.000 
1.000 0.972 0.473 0.115 0.014 0.000 0.000 0.000 0.000 0.000 0.014 0.115 0.473 0.972 1.000 0.515 0.133 0.017 0.000 0.000 0.000 0.000 0.000 0.000 0.000 0.000 0.000 0.000 0.000 0.000 
0.014 0.115 0.473 0.972 1.000 0.515 0.133 0.017 0.000 0.000 0.000 0.000 0.000 0.000 0.000 0.000 0.000 0.000 0.000 0.000 0.017 0.133 0.515 1.000 0.972 0.473 0.115 0.014 0.000 0.000 
0.000 0.000 0.000 0.000 0.000 0.000 0.000 0.000 0.000 0.000 0.017 0.133 0.515 1.000 0.972 0.473 0.115 0.014 0.000 0.000 0.000 0.000 0.000 0.014 0.115 0.473 0.972 1.000 0.515 0.133 
0.017 0.133 0.515 1.000 0.972 0.473 0.115 0.014 0.000 0.000 0.000 0.000 0.000 0.014 0.115 0.473 0.972 1.000 0.515 0.133 0.017 0.000 0.000 0.000 0.000 0.000 0.000 0.000 0.000 0.000 
# 1 0 30 20
0.000 -0.039 -0.182 -0.521 -0.908 -0.966 -0.628 -0.249 -0.060 0.000 0.000 0.000 0.000 0.000 0.000 0.000 0.000 0.000 0.000 0.000 
0.000 0.000 0.000 0.000 0.000 0.000 0.000 0.000 0.000 0.000 -0.039 0.000 -0.021 -0.115 -0.388 -0.797 -1.000 -0.766 -0.358 -0.102 
-0.115 -0.021 0.000 -0.039 -0.182 -0.521 -0.908 -0.966 -0.628 -0.249 -0.060 0.000 0.000 0.000 0.000 0.000 0.000 0.000 0.000 0.000 
-0.164 -0.034 0.000 0.000 0.000 0.000 0.000 0.000 0.000 0.000 -0.521 -0.182 -0.039 0.000 -0.021 -0.115 -0.388 -0.797 -1.000 -0.766 
-0.797 -0.388 -0.115 -0.021 0.000 -0.039 -0.182 -0.521 -0.908 -0.966 -0.628 -0.249 -0.060 0.000 0.000 0.000 0.000 0.000 0.000 0.000 
-0.884 -0.487 -0.164 -0.034 0.000 0.000 0.000 0.000 0.000 0.000 -0.966 -0.908 -0.521 -0.182 -0.039 0.000 -0.021 -0.115 -0.388 -0.797 
-0.766 -1.000 -0.797 -0.388 -0.115 -0.021 0.000 -0.039 -0.182 -0.521 -0.908 -0.966 -0.628 -0.249 -0.060 0.000 0.000 0.000 0.000 0.000 
-0.662 -0.979 -0.884 -0.487 -0.164 -0.034 0.000 0.000 0.000 0.000 -0.249 -0.628 -0.966 -0.908 -0.521 -0.182 -0.039 0.000 -0.021 -0.115 
-0.102 -0.358 -0.766 -1.000 -0.797 -0.388 -0.115 -0.021 0.000 -0.039 -0.182 -0.521 -0.908 -0.966 -0.628 -0.249 -0.060 0.000 0.000 0.000 
-0.069 -0.273 -0.662 -0.979 -0.884 -0.487 -0.164 -0.034 0.000 0.000 0.000 -0.060 -0.249 -0.628 -0.966 -0.908 -0.521 -0.182 -0.039 0.000 
0.000 -0.018 -0.102 -0.358 -0.766 -1.000 -0.797 -0.388 -0.115 -0.021 0.000 -0.039 -0.182 -0.521 -0.908 -0.966 -0.628 -0.249 -0.060 0.000 
-0.011 -0.011 -0.069 -0.273 -0.662 -0.979 -0.884 -0.487 -0.164 -0.034 0.000 0.000 0.000 -0.060 -0.249 -0.628 -0.966 -0.908 -0.521 -0.182 
0.000 0.000 0.000 -0.018 -0.102 -0.358 -0.766 -1.000 -0.797 -0.388 -0.115 -0.021 0.000 -0.039 -0.182 -0.521 -0.908 -0.966 -0.628 -0.249 
-0.273 -0.069 -0.011 -0.011 -0.069 -0.273 -0.662 -0.979 -0.884 -0.487 0.000 0.000 0.000 0.000 0.000 -0.060 -0.249 -0.628 -0.966 -0.908 
0.000 0.000 0.000 0.000 0.000 -0.018 -0.102 -0.358 -0.766 -1.000 -0.797 -0.388 -0.115 -0.021 0.000 -0.039 -0.182 -0.521 -0.908 -0.966 
-0.979 -0.662 -0.273 -0.069 -0.011 -0.011 -0.069 -0.273 -0.662 -0.979 0.000 0.000 0.000 0.000 0.000 0.000 0.000 -0.060 -0.249 -0.628 
0.000 0.000 0.000 0.000 0.000 0.000 0.000 -0.018 -0.102 -0.358 -0.766 -1.000 -0.797 -0.388 -0.115 -0.021 0.000 -0.039 -0.182 -0.521 
-0.487 -0.884 -0.979 -0.662 -0.273 -0.069 -0.011 -0.011 -0.069 -0.273 0.000 0.000 0.000 0.000 0.000 0.000 0.000 0.000 0.000 -0.060 
0.000 0.000 0.000 0.000 0.000 0.000 0.000 0.000 0.000 -0.018 -0.102 -0.358 -0.766 -1.000 -0.797 -0.388 -0.115 -0.021 0.000 -0.039 
-0.034 -0.164 -0.487 -0.884 -0.979 -0.662 -0.273 -0.069 -0.011 -0.011 0.000 0.000 0.000 0.000 0.000 0.000 0.000 0.000 0.000 0.000 
0.000 0.000 0.000 0.000 0.000 0.000 0.000 0.000 0.000 0.000 0.000 0.000 0.000 0.000 0.000 0.000 0.000 0.000 0.000 0.000 
0.000 0.000 0.000 0.000 0.000 0.000 0.000 0.000 0.000 0.000 0.000 0.000 0.000 0.000 0.000 0.000 0.000 0.000 0.000 0.000 
0.000 0.000 0.000 0.000 0.000 0.000 0.000 0.000 0.000 0.000 0.000 0.000 0.000 0.000 0.000 0.000 0.000 0.000 0.000 0.000 
0.000 0.000 0.000 0.000 0.000 0.000 0.000 0.000 0.000 0.000 0.000 0.000 0.000 0.000 0.000 0.000 0.000 0.000 0.000 0.000 
0.000 0.000 0.000 0.000 0.000 0.000 0.000 0.000 0.000 0.000 0.000 0.000 0.000 0.000 0.000 0.000 0.000 0.000 0.000 0.000 
0.000 0.000 0.000 0.000 0.000 0.000 0.000 0.000 0.000 0.000 0.000 0.000 0.000 0.000 0.000 0.000 0.000 0.000 0.000 0.000 
0.000 0.000 0.000 0.000 0.000 0.000 0.000 0.000 0.000 0.000 0.000 0.000 0.000 0.000 0.000 0.000 0.000 0.000 0.000 0.000 
0.000 0.000 0.000 0.000 0.000 0.000 0.000 0.000 0.000 0.000 0.000 0.000 0.000 0.000 0.000 0.000 0.000 0.000 0.000 0.000 
0.000 0.000 0.000 0.000 0.000 0.000 0.000 0.000 0.000 0.000 0.000 0.000 0.000 0.000 0.000 0.000 0.000 0.000 0.000 0.000 
0.000 0.000 0.000 0.000 0.000 0.000 0.000 0.000 0.000 0.000 0.000 0.000 0.000 0.000 0.000 0.000 0.000 0.000 0.000 0.000 
# 1 2 14 20
0.000 -0.019 -0.107 -0.370 -0.779 -1.000 -0.784 -0.375 -0.110 -0.020 0.000 0.000 0.000 0.000 0.000 0.000 0.000 0.000 0.000 0.000 
0.000 0.000 0.000 0.000 0.000 0.000 -0.086 -0.014 0.000 -0.054 -0.231 -0.601 -0.954 -0.924 -0.547 -0.197 -0.043 0.000 0.000 0.000 
-0.547 -0.197 -0.043 0.000 0.000 0.000 0.000 0.000 0.000 0.000 0.000 0.000 -0.481 -0.161 -0.033 0.000 -0.025 -0.132 -0.424 -0.832 
-0.033 0.000 -0.025 -0.132 -0.424 -0.832 -0.995 -0.727 -0.324 -0.088 -0.015 0.000 0.000 0.000 0.000 0.000 0.000 0.000 -0.979 -0.662 
0.000 0.000 0.000 0.000 -0.979 -0.662 -0.273 -0.069 -0.011 -0.011 -0.069 -0.273 -0.662 -0.979 -0.884 -0.487 -0.164 -0.034 0.000 0.000 
-0.884 -0.487 -0.164 -0.034 0.000 0.000 0.000 0.000 0.000 0.000 -0.727 -0.995 -0.832 -0.424 -0.132 -0.025 0.000 -0.033 -0.161 -0.481 
-0.132 -0.025 0.000 -0.033 -0.161 -0.481 -0.880 -0.981 -0.668 -0.278 -0.070 -0.011 0.000 0.000 0.000 0.000 -0.197 -0.547 -0.924 -0.954 
0.000 0.000 -0.197 -0.547 -0.924 -0.954 -0.601 -0.231 -0.054 0.000 -0.014 -0.086 -0.320 -0.722 -0.994 -0.837 -0.430 -0.135 -0.026 0.000 
-0.994 -0.837 -0.430 -0.135 -0.026 0.000 0.000 0.000 -0.020 -0.110 -0.375 -0.784 -1.000 -0.779 -0.370 -0.107 -0.019 0.000 -0.042 -0.194 
-0.370 -0.107 -0.019 0.000 -0.042 -0.194 -0.541 -0.921 -0.957 -0.607 -0.235 -0.056 0.000 0.000 0.000 0.000 -0.056 -0.235 -0.607 -0.957 
0.000 0.000 -0.056 -0.235 -0.607 -0.957 -0.921 -0.541 -0.194 -0.042 0.000 -0.019 -0.107 -0.370 -0.779 -1.000 -0.784 -0.375 -0.110 -0.020 
-0.779 -1.000 -0.784 -0.375 -0.110 -0.020 0.000 0.000 0.000 -0.026 -0.135 -0.430 -0.837 -0.994 -0.722 -0.320 -0.086 -0.014 0.000 -0.054 
-0.722 -0.320 -0.086 -0.014 0.000 -0.054 -0.231 -0.601 -0.954 -0.924 -0.547 -0.197 0.000 0.000 0.000 0.000 -0.011 -0.070 -0.278 -0.668 
0.000 0.000 -0.011 -0.070 -0.278 -0.668 -0.981 -0.880 -0.481 -0.161 -0.033 0.000 -0.025 -0.132 -0.424 -0.832 -0.995 -0.727 0.000 0.000 
# 1 3 2 20
-1.000 -0.676 -0.279 -0.070 -0.011 -0.011 -0.070 -0.279 -0.676 -1.000 -0.903 -0.497 -0.167 -0.034 0.000 0.000 0.000 0.000 0.000 0.000 
-0.279 -0.070 -0.011 -0.011 -0.070 -0.279 -0.676 -1.000 -0.903 -0.497 -0.167 -0.034 0.000 0.000 0.000 0.000 0.000 0.000 0.000 0.000 
# 1 4 24 20
0.000 -0.034 -0.163 -0.486 -0.884 -0.980 -0.663 -0.274 -0.069 -0.011 0.000 0.000 0.000 0.000 0.000 0.000 0.000 0.000 0.000 0.000 
-0.556 -0.930 -0.950 -0.592 -0.225 -0.052 0.000 0.000 0.000 0.000 0.000 0.000 0.000 0.000 0.000 0.000 -0.079 -0.013 0.000 -0.060 
-0.522 -0.183 -0.039 0.000 0.000 0.000 0.000 0.000 0.000 0.000 0.000 0.000 -0.248 -0.060 0.000 -0.013 -0.079 -0.300 -0.697 -0.990 
0.000 0.000 0.000 0.000 0.000 0.000 0.000 0.000 -0.556 -0.203 -0.045 0.000 -0.018 -0.102 -0.357 -0.765 -1.000 -0.798 -0.389 -0.116 
0.000 0.000 0.000 0.000 -0.884 -0.486 -0.163 -0.034 0.000 -0.025 -0.130 -0.420 -0.828 -0.997 -0.732 -0.329 -0.090 -0.015 0.000 0.000 
-0.997 -0.828 -0.420 -0.130 -0.025 0.000 -0.034 -0.163 -0.486 -0.884 -0.980 -0.663 -0.274 -0.069 -0.011 0.000 0.000 0.000 0.000 0.000 
-0.102 -0.018 0.000 -0.045 -0.203 -0.556 -0.930 -0.950 -0.592 -0.225 -0.052 0.000 0.000 0.000 0.000 0.000 -0.453 -0.857 -0.990 -0.697 
-0.060 -0.248 -0.627 -0.966 -0.909 -0.522 -0.183 -0.039 0.000 0.000 0.000 0.000 -0.183 -0.522 -0.909 -0.966 -0.627 -0.248 -0.060 0.000 
-0.990 -0.857 -0.453 -0.146 -0.029 0.000 0.000 0.000 -0.052 -0.225 -0.592 -0.950 -0.930 -0.556 -0.203 -0.045 0.000 -0.018 -0.102 -0.357 
-0.116 -0.021 0.000 0.000 -0.011 -0.069 -0.274 -0.663 -0.980 -0.884 -0.486 -0.163 -0.034 0.000 -0.025 -0.130 -0.420 -0.828 -0.997 -0.732 
0.000 -0.015 -0.090 -0.329 -0.732 -0.997 -0.828 -0.420 -0.130 -0.025 0.000 -0.034 -0.163 -0.486 -0.884 -0.980 -0.663 -0.274 -0.069 -0.011 
-0.389 -0.798 -1.000 -0.765 -0.357 -0.102 -0.018 0.000 -0.045 -0.203 -0.556 -0.930 -0.950 -0.592 -0.225 -0.052 0.000 0.000 0.000 -0.029 
-0.697 -0.300 -0.079 -0.013 0.000 -0.060 -0.248 -0.627 -0.966 -0.909 -0.522 -0.183 0.000 0.000 0.000 0.000 -0.039 -0.183 -0.522 -0.909 
0.000 -0.013 -0.079 -0.300 -0.697 -0.990 -0.857 -0.453 0.000 0.000 0.000 0.000 0.000 -0.052 -0.225 -0.592 -0.950 -0.930 -0.556 -0.203 
-0.357 -0.765 -1.000 -0.798 0.000 0.000 0.000 0.000 0.000 -0.011 -0.069 -0.274 -0.663 -0.980 -0.884 -0.486 -0.163 -0.034 0.000 -0.025 
0.000 0.000 0.000 0.000 0.000 0.000 -0.015 -0.090 -0.329 -0.732 -0.997 -0.828 -0.420 -0.130 -0.025 0.000 -0.034 -0.163 -0.486 -0.884 
0.000 0.000 0.000 -0.021 -0.116 -0.389 -0.798 -1.000 -0.765 -0.357 -0.102 -0.018 0.000 -0.045 -0.203 -0.556 0.000 0.000 0.000 0.000 
-0.029 -0.146 -0.453 -0.857 -0.990 -0.697 -0.300 -0.079 -0.013 0.000 -0.060 -0.248 0.000 0.000 0.000 0.000 0.000 0.000 0.000 0.000 
-0.909 -0.966 -0.627 -0.248 -0.060 0.000 -0.013 -0.079 0.000 0.000 0.000 0.000 0.000 0.000 0.000 0.000 0.000 0.000 -0.052 -0.225 
-0.203 -0.045 0.000 -0.018 0.000 0.000 0.000 0.000 0.000 0.000 0.000 0.000 0.000 0.000 -0.011 -0.069 -0.274 -0.663 -0.980 -0.884 
0.000 0.000 0.000 0.000 0.000 0.000 0.000 0.000 0.000 0.000 0.000 0.000 0.000 0.000 0.000 0.000 0.000 0.000 0.000 0.000 
0.000 0.000 0.000 0.000 0.000 0.000 0.000 0.000 0.000 0.000 0.000 0.000 0.000 0.000 0.000 0.000 0.000 0.000 0.000 0.000 
0.000 0.000 0.000 0.000 0.000 0.000 0.000 0.000 0.000 0.000 0.000 0.000 0.000 0.000 0.000 0.000 0.000 0.000 0.000 0.000 
0.000 0.000 0.000 0.000 0.000 0.000 0.000 0.000 0.000 0.000 0.000 0.000 0.000 0.000 0.000 0.000 0.000 0.000 0.000 0.000 
# 2 0 30 14
0.790 0.955 0.997 0.899 0.700 0.471 0.274 0.137 0.060 0.022 0.000 0.000 0.000 0.000 
0.962 0.995 0.888 0.685 0.456 0.263 0.131 0.056 0.021 0.000 0.000 0.000 0.939 0.762 
0.992 0.877 0.670 0.442 0.252 0.124 0.053 0.019 0.000 0.000 1.000 0.930 0.747 0.911 
0.865 0.655 0.428 0.241 0.118 0.050 0.018 0.000 0.937 1.000 0.921 0.733 0.921 1.000 
0.639 0.414 0.231 0.112 0.047 0.017 0.774 0.946 0.999 0.911 0.747 0.930 1.000 0.929 
0.400 0.221 0.106 0.044 0.562 0.788 0.954 0.997 0.901 0.762 0.939 1.000 0.919 0.730 
0.212 0.100 0.359 0.577 0.801 0.961 0.995 0.890 0.776 0.947 0.999 0.909 0.715 0.486 
0.202 0.372 0.593 0.815 0.967 0.992 0.879 0.790 0.955 0.997 0.899 0.700 0.471 0.274 
0.386 0.608 0.828 0.973 0.989 0.867 0.804 0.962 0.995 0.888 0.685 0.456 0.067 0.152 
0.624 0.841 0.979 0.985 0.855 0.817 0.969 0.992 0.877 0.670 0.027 0.071 0.160 0.309 
0.853 0.984 0.980 0.843 0.830 0.974 0.988 0.865 0.000 0.029 0.076 0.168 0.321 0.531 
0.988 0.974 0.830 0.843 0.980 0.984 0.000 0.011 0.031 0.080 0.176 0.333 0.547 0.774 
0.969 0.817 0.855 0.985 0.000 0.000 0.012 0.034 0.085 0.184 0.346 0.562 0.788 0.954 
0.804 0.867 0.000 0.000 0.000 0.012 0.036 0.090 0.193 0.359 0.577 0.801 0.961 0.995 
0.000 0.000 0.000 0.000 0.000 0.000 0.000 0.000 0.000 0.000 0.000 0.000 0.000 0.000 
0.000 0.000 0.000 0.000 0.000 0.000 0.000 0.000 0.000 0.000 0.000 0.000 0.000 0.000 
0.000 0.000 0.000 0.000 0.000 0.000 0.000 0.000 0.000 0.000 0.000 0.000 0.000 0.000 
0.000 0.000 0.000 0.000 0.000 0.000 0.000 0.000 0.000 0.000 0.000 0.000 0.000 0.000 
0.000 0.000 0.000 0.000 0.000 0.000 0.000 0.000 0.000 0.000 0.000 0.000 0.000 0.000 
0.000 0.000 0.000 0.000 0.000 0.000 0.000 0.000 0.000 0.000 0.000 0.000 0.000 0.000 
0.000 0.000 0.000 0.000 0.000 0.000 0.000 0.000 0.000 0.000 0.000 0.000 0.000 0.000 
0.000 0.000 0.000 0.000 0.000 0.000 0.000 0.000 0.000 0.000 0.000 0.000 0.000 0.000 
0.000 0.000 0.000 0.000 0.000 0.000 0.000 0.000 0.000 0.000 0.000 0.000 0.000 0.000 
0.000 0.000 0.000 0.000 0.000 0.000 0.000 0.000 0.000 0.000 0.000 0.000 0.000 0.000 
0.000 0.000 0.000 0.000 0.000 0.000 0.000 0.000 0.000 0.000 0.000 0.000 0.000 0.000 
0.000 0.000 0.000 0.000 0.000 0.000 0.000 0.000 0.000 0.000 0.000 0.000 0.000 0.000 
0.000 0.000 0.000 0.000 0.000 0.000 0.000 0.000 0.000 0.000 0.000 0.000 0.000 0.000 
0.000 0.000 0.000 0.000 0.000 0.000 0.000 0.000 0.000 0.000 0.000 0.000 0.000 0.000 
0.000 0.000 0.000 0.000 0.000 0.000 0.000 0.000 0.000 0.000 0.000 0.000 0.000 0.000 
0.000 0.000 0.000 0.000 0.000 0.000 0.000 0.000 0.000 0.000 0.000 0.000 0.000 0.000 
# 2 1 20 14
0.765 0.941 0.999 0.917 0.726 0.497 0.294 0.150 0.066 0.025 0.000 0.000 0.000 0.000 
0.431 0.244 0.119 0.050 0.018 0.000 0.000 0.000 0.953 0.787 0.882 0.993 0.966 0.811 
0.000 0.000 0.999 0.914 0.744 0.928 1.000 0.931 0.748 0.520 0.312 0.162 0.072 0.028 
0.964 0.994 0.885 0.681 0.453 0.260 0.129 0.055 0.020 0.000 0.885 0.994 0.964 0.807 
0.214 0.102 0.042 0.015 0.748 0.931 1.000 0.928 0.744 0.914 0.999 0.944 0.770 0.543 
0.966 0.993 0.882 0.787 0.953 0.997 0.902 0.704 0.475 0.277 0.139 0.061 0.431 0.658 
0.983 0.850 0.635 0.410 0.229 0.110 0.294 0.497 0.726 0.917 0.999 0.941 0.765 0.898 
0.186 0.349 0.566 0.791 0.955 0.997 0.898 0.765 0.941 0.999 0.917 0.726 0.497 0.294 
0.981 0.846 0.827 0.973 0.989 0.868 0.658 0.431 0.061 0.139 0.277 0.475 0.704 0.902 
0.811 0.589 0.031 0.079 0.174 0.330 0.543 0.770 0.944 0.999 0.914 0.744 0.928 1.000 
0.389 0.612 0.831 0.975 0.988 0.864 0.807 0.964 0.994 0.885 0.000 0.020 0.055 0.129 
0.807 0.864 0.988 0.975 0.000 0.000 0.028 0.072 0.162 0.312 0.520 0.748 0.931 1.000 
0.013 0.038 0.093 0.200 0.369 0.589 0.811 0.966 0.993 0.882 0.787 0.953 0.000 0.000 
0.658 0.868 0.989 0.973 0.827 0.846 0.000 0.000 0.000 0.000 0.025 0.066 0.150 0.294 
0.000 0.000 0.000 0.000 0.000 0.000 0.000 0.000 0.000 0.000 0.000 0.000 0.000 0.000 
0.000 0.000 0.000 0.000 0.000 0.000 0.000 0.000 0.000 0.000 0.000 0.000 0.000 0.000 
0.000 0.000 0.000 0.000 0.000 0.000 0.000 0.000 0.000 0.000 0.000 0.000 0.000 0.000 
0.000 0.000 0.000 0.000 0.000 0.000 0.000 0.000 0.000 0.000 0.000 0.000 0.000 0.000 
0.000 0.000 0.000 0.000 0.000 0.000 0.000 0.000 0.000 0.000 0.000 0.000 0.000 0.000 
0.000 0.000 0.000 0.000 0.000 0.000 0.000 0.000 0.000 0.000 0.000 0.000 0.000 0.000 
# 2 3 2 14
0.938 1.000 0.921 0.733 0.921 1.000 0.938 0.760 0.531 0.321 0.168 0.076 0.029 0.000 
0.921 0.733 0.921 1.000 0.938 0.760 0.531 0.321 0.168 0.076 0.029 0.000 0.000 0.029 
# 2 4 24 14
0.778 0.948 0.998 0.908 0.713 0.484 0.284 0.144 0.063 0.024 0.000 0.000 0.000 0.000 
0.015 0.000 0.000 0.000 0.915 0.742 0.927 1.000 0.932 0.750 0.522 0.313 0.163 0.073 
0.656 0.429 0.243 0.118 0.050 0.018 0.000 0.000 1.000 0.938 0.760 0.902 0.997 0.953 
0.875 0.795 0.958 0.996 0.895 0.695 0.466 0.270 0.135 0.058 0.022 0.000 0.895 0.996 
0.039 0.014 0.786 0.953 0.997 0.902 0.760 0.938 1.000 0.920 0.732 0.503 0.298 0.153 
0.852 0.637 0.412 0.230 0.111 0.046 0.522 0.750 0.932 1.000 0.927 0.742 0.915 0.999 
0.986 0.860 0.812 0.966 0.993 0.881 0.676 0.447 0.256 0.126 0.284 0.484 0.713 0.908 
0.194 0.361 0.579 0.803 0.962 0.995 0.889 0.778 0.948 0.998 0.908 0.713 0.484 0.284 
0.977 0.836 0.618 0.394 0.078 0.173 0.329 0.541 0.768 0.943 0.999 0.915 0.742 0.927 
0.983 0.980 0.845 0.829 0.974 0.989 0.867 0.656 0.026 0.068 0.153 0.298 0.503 0.732 
0.097 0.206 0.377 0.599 0.820 0.970 0.991 0.875 0.795 0.958 0.996 0.895 0.000 0.022 
0.991 0.970 0.000 0.011 0.033 0.084 0.183 0.345 0.560 0.786 0.953 0.997 0.902 0.760 
0.867 0.989 0.974 0.829 0.845 0.980 0.000 0.000 0.000 0.028 0.073 0.163 0.313 0.522 
0.043 0.104 0.218 0.394 0.618 0.836 0.977 0.986 0.860 0.812 0.000 0.000 0.000 0.000 
0.000 0.000 0.000 0.000 0.000 0.000 0.000 0.000 0.000 0.000 0.000 0.000 0.000 0.000 
0.000 0.000 0.000 0.000 0.000 0.000 0.000 0.000 0.000 0.000 0.000 0.000 0.000 0.000 
0.000 0.000 0.000 0.000 0.000 0.000 0.000 0.000 0.000 0.000 0.000 0.000 0.000 0.000 
0.000 0.000 0.000 0.000 0.000 0.000 0.000 0.000 0.000 0.000 0.000 0.000 0.000 0.000 
0.000 0.000 0.000 0.000 0.000 0.000 0.000 0.000 0.000 0.000 0.000 0.000 0.000 0.000 
0.000 0.000 0.000 0.000 0.000 0.000 0.000 0.000 0.000 0.000 0.000 0.000 0.000 0.000 
0.000 0.000 0.000 0.000 0.000 0.000 0.000 0.000 0.000 0.000 0.000 0.000 0.000 0.000 
0.000 0.000 0.000 0.000 0.000 0.000 0.000 0.000 0.000 0.000 0.000 0.000 0.000 0.000 
0.000 0.000 0.000 0.000 0.000 0.000 0.000 0.000 0.000 0.000 0.000 0.000 0.000 0.000 
0.000 0.000 0.000 0.000 0.000 0.000 0.000 0.000 0.000 0.000 0.000 0.000 0.000 0.000 
# 3 0 30 2
0.000 0.000 
0.000 0.000 
0.000 0.000 
0.000 0.000 
0.000 0.000 
0.000 0.000 
0.000 0.000 
0.000 0.000 
0.000 0.000 
0.000 0.000 
0.000 0.000 
0.000 0.000 
0.000 0.000 
0.000 0.000 
0.000 0.000 
0.000 0.000 
0.000 0.000 
0.000 0.000 
0.000 0.000 
0.000 0.000 
0.000 0.000 
0.000 0.000 
0.000 0.000 
0.000 0.000 
0.000 0.000 
0.000 0.000 
0.000 0.000 
0.000 0.000 
0.000 0.000 
0.000 0.000 
# 3 1 20 2
0.000 0.000 
0.000 0.000 
0.000 0.000 
0.000 0.000 
0.000 0.000 
0.000 0.000 
0.000 0.000 
0.000 0.000 
0.000 0.000 
0.000 0.000 
0.000 0.000 
0.000 0.000 
0.000 0.000 
0.000 0.000 
0.000 0.000 
0.000 0.000 
0.000 0.000 
0.000 0.000 
0.000 0.000 
0.000 0.000 
# 3 2 14 2
0.000 0.000 
0.000 0.000 
0.000 0.000 
0.000 0.000 
0.000 0.000 
0.000 0.000 
0.000 0.000 
0.000 0.000 
0.000 0.000 
0.000 0.000 
0.000 0.000 
0.000 0.000 
0.000 0.000 
0.000 0.000 
# 3 4 24 2
0.000 0.000 
0.000 0.000 
0.000 0.000 
0.000 0.000 
0.000 0.000 
0.000 0.000 
0.000 0.000 
0.000 0.000 
0.000 0.000 
0.000 0.000 
0.000 0.000 
0.000 0.000 
0.000 0.000 
0.000 0.000 
0.000 0.000 
0.000 0.000 
0.000 0.000 
0.000 0.000 
0.000 0.000 
0.000 0.000 
0.000 0.000 
0.000 0.000 
0.000 0.000 
0.000 0.000 
# 4 0 30 24
-0.491 -0.590 -0.690 -0.785 -0.869 -0.936 -0.981 -1.000 -0.991 -0.956 -0.897 -0.819 -0.727 -0.628 -0.528 -0.432 -0.343 -0.266 -0.200 -0.146 -0.104 -0.072 -0.049 -0.032 
-0.947 -0.987 -1.000 -0.986 -0.946 -0.883 -0.801 -0.708 -0.608 -0.508 -0.413 -0.327 -0.252 -0.188 -0.137 -0.097 -0.067 -0.045 -0.630 -0.530 -0.530 -0.630 -0.729 -0.821 
-0.868 -0.783 -0.688 -0.588 -0.489 -0.395 -0.311 -0.238 -0.177 -0.128 -0.090 -0.062 -0.710 -0.610 -0.511 -0.550 -0.651 -0.748 -0.838 -0.912 -0.966 -0.995 -0.998 -0.973 
-0.377 -0.295 -0.225 -0.166 -0.120 -0.084 -0.785 -0.690 -0.590 -0.491 -0.570 -0.671 -0.767 -0.854 -0.924 -0.974 -0.998 -0.995 -0.965 -0.910 -0.836 -0.746 -0.648 -0.548 
-0.854 -0.767 -0.671 -0.570 -0.491 -0.590 -0.690 -0.785 -0.869 -0.936 -0.981 -1.000 -0.991 -0.956 -0.897 -0.819 -0.727 -0.628 -0.528 -0.432 -0.343 -0.266 -0.200 -0.146 
-0.610 -0.710 -0.803 -0.884 -0.947 -0.987 -1.000 -0.986 -0.946 -0.883 -0.801 -0.708 -0.608 -0.508 -0.413 -0.327 -0.252 -0.188 -0.957 -0.899 -0.821 -0.729 -0.630 -0.530 
-0.991 -0.999 -0.980 -0.935 -0.868 -0.783 -0.688 -0.588 -0.489 -0.395 -0.311 -0.238 -0.987 -0.947 -0.884 -0.803 -0.710 -0.610 -0.511 -0.550 -0.651 -0.748 -0.838 -0.912 
-0.765 -0.668 -0.568 -0.469 -0.377 -0.295 -1.000 -0.981 -0.936 -0.869 -0.785 -0.690 -0.590 -0.491 -0.570 -0.671 -0.767 -0.854 -0.924 -0.974 -0.998 -0.995 -0.965 -0.910 
-0.995 -0.998 -0.974 -0.924 -0.854 -0.767 -0.671 -0.570 -0.491 -0.590 -0.690 -0.785 -0.869 -0.936 -0.981 -1.000 -0.991 -0.956 -0.897 -0.819 -0.727 -0.628 -0.528 -0.432 
-0.748 -0.651 -0.550 -0.511 -0.610 -0.710 -0.803 -0.884 -0.947 -0.987 -1.000 -0.986 -0.946 -0.883 -0.801 -0.708 -0.608 -0.508 -0.935 -0.980 -0.999 -0.991 -0.957 -0.899 
-0.729 -0.821 -0.899 -0.957 -0.991 -0.999 -0.980 -0.935 -0.868 -0.783 -0.688 -0.588 -0.883 -0.946 -0.986 -1.000 -0.987 -0.947 -0.884 -0.803 -0.710 -0.610 -0.511 -0.550 
-0.998 -0.973 -0.923 -0.852 -0.765 -0.668 -0.819 -0.897 -0.956 -0.991 -1.000 -0.981 -0.936 -0.869 -0.785 -0.690 -0.590 -0.491 -0.570 -0.671 -0.767 -0.854 -0.924 -0.974 
-0.746 -0.836 -0.910 -0.965 -0.995 -0.998 -0.974 -0.924 -0.854 -0.767 -0.671 -0.570 -0.491 -0.590 -0.690 -0.785 -0.869 -0.936 -0.981 -1.000 -0.991 -0.956 -0.897 -0.819 
-0.995 -0.966 -0.912 -0.838 -0.748 -0.651 -0.550 -0.511 -0.610 -0.710 -0.803 -0.884 -0.947 -0.987 -1.000 -0.986 -0.946 -0.883 -0.588 -0.688 -0.783 -0.868 -0.935 -0.980 
-0.630 -0.530 -0.530 -0.630 -0.729 -0.821 -0.899 -0.957 -0.991 -0.999 -0.980 -0.935 -0.508 -0.608 -0.708 -0.801 -0.883 -0.946 -0.986 -1.000 -0.987 -0.947 -0.884 -0.803 
-0.838 -0.912 -0.966 -0.995 -0.998 -0.973 -0.432 -0.528 -0.628 -0.727 -0.819 -0.897 -0.956 -0.991 -1.000 -0.981 -0.936 -0.869 -0.785 -0.690 -0.590 -0.491 -0.570 -0.671 
-0.360 -0.450 -0.548 -0.648 -0.746 -0.836 -0.910 -0.965 -0.995 -0.998 -0.974 -0.924 -0.854 -0.767 -0.671 -0.570 -0.491 -0.590 -0.690 -0.785 -0.869 -0.936 -0.981 -1.000 
-0.852 -0.923 -0.973 -0.998 -0.995 -0.966 -0.912 -0.838 -0.748 -0.651 -0.550 -0.511 -0.610 -0.710 -0.803 -0.884 -0.947 -0.987 -0.238 -0.311 -0.395 -0.489 -0.588 -0.688 
-0.957 -0.899 -0.821 -0.729 -0.630 -0.530 -0.530 -0.630 -0.729 -0.821 -0.899 -0.957 -0.188 -0.252 -0.327 -0.413 -0.508 -0.608 -0.708 -0.801 -0.883 -0.946 -0.986 -1.000 
-0.511 -0.550 -0.651 -0.748 -0.838 -0.912 -0.146 -0.200 -0.266 -0.343 -0.432 -0.528 -0.628 -0.727 -0.819 -0.897 -0.956 -0.991 -1.000 -0.981 -0.936 -0.869 -0.785 -0.690 
-0.112 -0.156 -0.212 -0.280 -0.360 -0.450 -0.548 -0.648 -0.746 -0.836 -0.910 -0.965 -0.995 -0.998 -0.974 -0.924 -0.854 -0.767 -0.671 -0.570 -0.491 -0.590 -0.690 -0.785 
-0.469 -0.568 -0.668 -0.765 -0.852 -0.923 -0.973 -0.998 -0.995 -0.966 -0.912 -0.838 -0.748 -0.651 -0.550 -0.511 -0.610 -0.710 -0.062 -0.090 -0.128 -0.177 -0.238 -0.311 
-0.935 -0.980 -0.999 -0.991 -0.957 -0.899 -0.821 -0.729 -0.630 -0.530 -0.530 -0.630 -0.045 -0.067 -0.097 -0.137 -0.188 -0.252 -0.327 -0.413 -0.508 -0.608 -0.708 -0.801 
-0.884 -0.803 -0.710 -0.610 -0.511 -0.550 -0.032 -0.049 -0.072 -0.104 -0.146 -0.200 -0.266 -0.343 -0.432 -0.528 -0.628 -0.727 -0.819 -0.897 -0.956 -0.991 -1.000 -0.981 
0.000 0.000 0.000 0.000 0.000 0.000 0.000 0.000 0.000 0.000 0.000 0.000 0.000 0.000 0.000 0.000 0.000 0.000 0.000 0.000 0.000 0.000 0.000 0.000 
0.000 0.000 0.000 0.000 0.000 0.000 0.000 0.000 0.000 0.000 0.000 0.000 0.000 0.000 0.000 0.000 0.000 0.000 0.000 0.000 0.000 0.000 0.000 0.000 
0.000 0.000 0.000 0.000 0.000 0.000 0.000 0.000 0.000 0.000 0.000 0.000 0.000 0.000 0.000 0.000 0.000 0.000 0.000 0.000 0.000 0.000 0.000 0.000 
0.000 0.000 0.000 0.000 0.000 0.000 0.000 0.000 0.000 0.000 0.000 0.000 0.000 0.000 0.000 0.000 0.000 0.000 0.000 0.000 0.000 0.000 0.000 0.000 
0.000 0.000 0.000 0.000 0.000 0.000 0.000 0.000 0.000 0.000 0.000 0.000 0.000 0.000 0.000 0.000 0.000 0.000 0.000 0.000 0.000 0.000 0.000 0.000 
0.000 0.000 0.000 0.000 0.000 0.000 0.000 0.000 0.000 0.000 0.000 0.000 0.000 0.000 0.000 0.000 0.000 0.000 0.000 0.000 0.000 0.000 0.000 0.000 
# 4 1 20 24
-0.491 -0.570 -0.671 -0.767 -0.854 -0.924 -0.974 -0.998 -0.995 -0.965 -0.910 -0.836 -0.746 -0.648 -0.548 -0.450 -0.360 -0.280 -0.212 -0.156 -0.112 -0.078 -0.053 -0.035 
-0.112 -0.078 -0.053 -0.035 -0.610 -0.511 -0.550 -0.651 -0.748 -0.838 -0.912 -0.966 -0.995 -0.998 -0.973 -0.923 -0.852 -0.765 -0.668 -0.568 -0.469 -0.377 -0.295 -0.225 
-0.469 -0.377 -0.295 -0.225 -0.166 -0.120 -0.084 -0.057 -0.729 -0.630 -0.530 -0.530 -0.630 -0.729 -0.821 -0.899 -0.957 -0.991 -0.999 -0.980 -0.935 -0.868 -0.783 -0.688 
-0.935 -0.868 -0.783 -0.688 -0.588 -0.489 -0.395 -0.311 -0.238 -0.177 -0.128 -0.090 -0.838 -0.748 -0.651 -0.550 -0.511 -0.610 -0.710 -0.803 -0.884 -0.947 -0.987 -1.000 
-0.884 -0.947 -0.987 -1.000 -0.986 -0.946 -0.883 -0.801 -0.708 -0.608 -0.508 -0.413 -0.327 -0.252 -0.188 -0.137 -0.924 -0.854 -0.767 -0.671 -0.570 -0.491 -0.590 -0.690 
-0.570 -0.491 -0.590 -0.690 -0.785 -0.869 -0.936 -0.981 -1.000 -0.991 -0.956 -0.897 -0.819 -0.727 -0.628 -0.528 -0.432 -0.343 -0.266 -0.200 -0.981 -0.936 -0.869 -0.785 
-0.981 -0.936 -0.869 -0.785 -0.690 -0.590 -0.491 -0.570 -0.671 -0.767 -0.854 -0.924 -0.974 -0.998 -0.995 -0.965 -0.910 -0.836 -0.746 -0.648 -0.548 -0.450 -0.360 -0.280 
-0.548 -0.450 -0.360 -0.280 -1.000 -0.987 -0.947 -0.884 -0.803 -0.710 -0.610 -0.511 -0.550 -0.651 -0.748 -0.838 -0.912 -0.966 -0.995 -0.998 -0.973 -0.923 -0.852 -0.765 
-0.973 -0.923 -0.852 -0.765 -0.668 -0.568 -0.469 -0.377 -0.980 -0.999 -0.991 -0.957 -0.899 -0.821 -0.729 -0.630 -0.530 -0.530 -0.630 -0.729 -0.821 -0.899 -0.957 -0.991 
-0.821 -0.899 -0.957 -0.991 -0.999 -0.980 -0.935 -0.868 -0.783 -0.688 -0.588 -0.489 -0.923 -0.973 -0.998 -0.995 -0.966 -0.912 -0.838 -0.748 -0.651 -0.550 -0.511 -0.610 
-0.651 -0.550 -0.511 -0.610 -0.710 -0.803 -0.884 -0.947 -0.987 -1.000 -0.986 -0.946 -0.883 -0.801 -0.708 -0.608 -0.836 -0.910 -0.965 -0.995 -0.998 -0.974 -0.924 -0.854 
-0.998 -0.974 -0.924 -0.854 -0.767 -0.671 -0.570 -0.491 -0.590 -0.690 -0.785 -0.869 -0.936 -0.981 -1.000 -0.991 -0.956 -0.897 -0.819 -0.727 -0.727 -0.819 -0.897 -0.956 
-0.727 -0.819 -0.897 -0.956 -0.991 -1.000 -0.981 -0.936 -0.869 -0.785 -0.690 -0.590 -0.491 -0.570 -0.671 -0.767 -0.854 -0.924 -0.974 -0.998 -0.995 -0.965 -0.910 -0.836 
-0.995 -0.965 -0.910 -0.836 -0.608 -0.708 -0.801 -0.883 -0.946 -0.986 -1.000 -0.987 -0.947 -0.884 -0.803 -0.710 -0.610 -0.511 -0.550 -0.651 -0.748 -0.838 -0.912 -0.966 
-0.748 -0.838 -0.912 -0.966 -0.995 -0.998 -0.973 -0.923 -0.489 -0.588 -0.688 -0.783 -0.868 -0.935 -0.980 -0.999 -0.991 -0.957 -0.899 -0.821 -0.729 -0.630 -0.530 -0.530 
-0.729 -0.630 -0.530 -0.530 -0.630 -0.729 -0.821 -0.899 -0.957 -0.991 -0.999 -0.980 -0.377 -0.469 -0.568 -0.668 -0.765 -0.852 -0.923 -0.973 -0.998 -0.995 -0.966 -0.912 
-0.998 -0.995 -0.966 -0.912 -0.838 -0.748 -0.651 -0.550 -0.511 -0.610 -0.710 -0.803 -0.884 -0.947 -0.987 -1.000 -0.280 -0.360 -0.450 -0.548 -0.648 -0.746 -0.836 -0.910 
-0.648 -0.746 -0.836 -0.910 -0.965 -0.995 -0.998 -0.974 -0.924 -0.854 -0.767 -0.671 -0.570 -0.491 -0.590 -0.690 -0.785 -0.869 -0.936 -0.981 -0.200 -0.266 -0.343 -0.432 
-0.200 -0.266 -0.343 -0.432 -0.528 -0.628 -0.727 -0.819 -0.897 -0.956 -0.991 -1.000 -0.981 -0.936 -0.869 -0.785 -0.690 -0.590 -0.491 -0.570 -0.671 -0.767 -0.854 -0.924 
-0.671 -0.767 -0.854 -0.924 -0.137 -0.188 -0.252 -0.327 -0.413 -0.508 -0.608 -0.708 -0.801 -0.883 -0.946 -0.986 -1.000 -0.987 -0.947 -0.884 -0.803 -0.710 -0.610 -0.511 
# 4 2 14 24
-0.516 -0.544 -0.645 -0.743 -0.833 -0.908 -0.963 -0.994 -0.998 -0.975 -0.927 -0.856 -0.770 -0.674 -0.573 -0.475 -0.382 -0.300 -0.228 -0.169 -0.122 -0.086 -0.059 -0.039 
-0.573 -0.475 -0.382 -0.300 -0.228 -0.169 -0.122 -0.086 -0.059 -0.039 -0.688 -0.587 -0.488 -0.573 -0.673 -0.770 -0.856 -0.926 -0.975 -0.998 -0.994 -0.964 -0.909 -0.833 
-0.673 -0.770 -0.856 -0.926 -0.975 -0.998 -0.994 -0.964 -0.909 -0.833 -0.743 -0.645 -0.545 -0.448 -0.358 -0.278 -0.210 -0.155 -0.111 -0.077 -0.845 -0.757 -0.659 -0.559 
-0.358 -0.278 -0.210 -0.155 -0.111 -0.077 -0.845 -0.757 -0.659 -0.559 -0.502 -0.602 -0.702 -0.796 -0.878 -0.943 -0.984 -1.000 -0.988 -0.950 -0.889 -0.809 -0.716 -0.617 
-0.878 -0.943 -0.984 -1.000 -0.988 -0.950 -0.889 -0.809 -0.716 -0.617 -0.517 -0.421 -0.334 -0.258 -0.193 -0.141 -0.957 -0.899 -0.821 -0.729 -0.631 -0.530 -0.530 -0.631 
-0.193 -0.141 -0.957 -0.899 -0.821 -0.729 -0.631 -0.530 -0.530 -0.631 -0.729 -0.821 -0.899 -0.957 -0.992 -0.999 -0.980 -0.935 -0.868 -0.783 -0.688 -0.588 -0.489 -0.395 
-0.992 -0.999 -0.980 -0.935 -0.868 -0.783 -0.688 -0.588 -0.489 -0.395 -0.311 -0.238 -1.000 -0.984 -0.943 -0.878 -0.796 -0.702 -0.602 -0.502 -0.559 -0.659 -0.757 -0.845 
-0.943 -0.878 -0.796 -0.702 -0.602 -0.502 -0.559 -0.659 -0.757 -0.845 -0.917 -0.969 -0.997 -0.997 -0.970 -0.918 -0.845 -0.757 -0.660 -0.559 -0.461 -0.370 -0.964 -0.994 
-0.970 -0.918 -0.845 -0.757 -0.660 -0.559 -0.461 -0.370 -0.964 -0.994 -0.998 -0.975 -0.926 -0.856 -0.770 -0.673 -0.573 -0.488 -0.587 -0.688 -0.783 -0.867 -0.935 -0.980 
-0.770 -0.673 -0.573 -0.488 -0.587 -0.688 -0.783 -0.867 -0.935 -0.980 -0.999 -0.992 -0.957 -0.899 -0.821 -0.730 -0.631 -0.531 -0.856 -0.927 -0.975 -0.998 -0.994 -0.963 
-0.821 -0.730 -0.631 -0.531 -0.856 -0.927 -0.975 -0.998 -0.994 -0.963 -0.908 -0.833 -0.743 -0.645 -0.544 -0.516 -0.616 -0.716 -0.808 -0.889 -0.950 -0.988 -1.000 -0.984 
-0.544 -0.516 -0.616 -0.716 -0.808 -0.889 -0.950 -0.988 -1.000 -0.984 -0.943 -0.878 -0.796 -0.702 -0.702 -0.796 -0.878 -0.943 -0.984 -1.000 -0.988 -0.950 -0.889 -0.808 
-0.702 -0.796 -0.878 -0.943 -0.984 -1.000 -0.988 -0.950 -0.889 -0.808 -0.716 -0.616 -0.516 -0.544 -0.645 -0.743 -0.833 -0.908 -0.963 -0.994 -0.998 -0.975 -0.927 -0.856 
-0.645 -0.743 -0.833 -0.908 -0.963 -0.994 -0.998 -0.975 -0.927 -0.856 -0.531 -0.631 -0.730 -0.821 -0.899 -0.957 -0.992 -0.999 -0.980 -0.935 -0.867 -0.783 -0.688 -0.587 
# 4 3 2 24
-0.958 -0.899 -0.821 -0.730 -0.631 -0.531 -0.531 -0.631 -0.730 -0.821 -0.899 -0.958 -0.992 -1.000 -0.981 -0.935 -0.868 -0.784 -0.688 -0.588 -0.489 -0.395 -0.311 -0.238 
-0.821 -0.730 -0.631 -0.531 -0.531 -0.631 -0.730 -0.821 -0.899 -0.958 -0.992 -1.000 -0.981 -0.935 -0.868 -0.784 -0.688 -0.588 -0.489 -0.395 -0.311 -0.238 -0.238 -0.311 
# 5 0 30 10
-0.887 -1.000 -0.846 -0.537 -0.256 -0.091 -0.025 0.000 0.000 0.000 
-0.953 -0.887 -1.000 -0.846 -0.537 -0.256 -0.091 -0.025 0.000 0.000 
-0.976 -0.953 -0.887 -1.000 -0.846 -0.537 -0.256 -0.091 -0.025 0.000 
-0.751 -0.976 -0.953 -0.887 -1.000 -0.846 -0.537 -0.256 -0.091 -0.025 
-0.433 -0.751 -0.976 -0.953 -0.887 -1.000 -0.846 -0.537 -0.256 -0.091 
-0.188 -0.433 -0.751 -0.976 -0.953 -0.887 -1.000 -0.846 -0.537 -0.256 
-0.061 -0.188 -0.433 -0.751 -0.976 -0.953 -0.887 -1.000 -0.846 -0.537 
-0.015 -0.061 -0.188 -0.433 -0.751 -0.976 -0.953 -0.887 -1.000 -0.846 
0.000 -0.015 -0.061 -0.188 -0.433 -0.751 -0.976 -0.953 -0.887 -1.000 
0.000 0.000 -0.015 -0.061 -0.188 -0.433 -0.751 -0.976 -0.953 -0.887 
0.000 0.000 0.000 0.000 0.000 0.000 0.000 0.000 0.000 0.000 
0.000 0.000 0.000 0.000 0.000 0.000 0.000 0.000 0.000 0.000 
0.000 0.000 0.000 0.000 0.000 0.000 0.000 0.000 0.000 0.000 
0.000 0.000 0.000 0.000 0.000 0.000 0.000 0.000 0.000 0.000 
0.000 0.000 0.000 0.000 0.000 0.000 0.000 0.000 0.000 0.000 
0.000 0.000 0.000 0.000 0.000 0.000 0.000 0.000 0.000 0.000 
0.000 0.000 0.000 0.000 0.000 0.000 0.000 0.000 0.000 0.000 
0.000 0.000 0.000 0.000 0.000 0.000 0.000 0.000 0.000 0.000 
0.000 0.000 0.000 0.000 0.000 0.000 0.000 0.000 0.000 0.000 
0.000 0.000 0.000 0.000 0.000 0.000 0.000 0.000 0.000 0.000 
0.000 0.000 0.000 0.000 0.000 0.000 0.000 0.000 0.000 0.000 
0.000 0.000 0.000 0.000 0.000 0.000 0.000 0.000 0.000 0.000 
0.000 0.000 0.000 0.000 0.000 0.000 0.000 0.000 0.000 0.000 
0.000 0.000 0.000 0.000 0.000 0.000 0.000 0.000 0.000 0.000 
0.000 0.000 0.000 0.000 0.000 0.000 0.000 0.000 0.000 0.000 
0.000 0.000 0.000 0.000 0.000 0.000 0.000 0.000 0.000 0.000 
0.000 0.000 0.000 0.000 0.000 0.000 0.000 0.000 0.000 0.000 
0.000 0.000 0.000 0.000 0.000 0.000 0.000 0.000 0.000 0.000 
0.000 0.000 0.000 0.000 0.000 0.000 0.000 0.000 0.000 0.000 
0.000 0.000 0.000 0.000 0.000 0.000 0.000 0.000 0.000 0.000 
# 5 1 20 10
0.000 0.000 0.000 0.000 0.000 0.000 0.000 0.000 0.000 0.000 
0.000 0.000 0.000 0.000 0.000 0.000 0.000 0.000 0.000 0.000 
0.000 0.000 0.000 0.000 0.000 0.000 0.000 0.000 0.000 0.000 
0.000 0.000 0.000 0.000 0.000 0.000 0.000 0.000 0.000 0.000 
0.000 0.000 0.000 0.000 0.000 0.000 0.000 0.000 0.000 0.000 
0.000 0.000 0.000 0.000 0.000 0.000 0.000 0.000 0.000 0.000 
0.000 0.000 0.000 0.000 0.000 0.000 0.000 0.000 0.000 0.000 
0.000 0.000 0.000 0.000 0.000 0.000 0.000 0.000 0.000 0.000 
0.000 0.000 0.000 0.000 0.000 0.000 0.000 0.000 0.000 0.000 
0.000 0.000 0.000 0.000 0.000 0.000 0.000 0.000 0.000 0.000 
0.000 0.000 0.000 0.000 0.000 0.000 0.000 0.000 0.000 0.000 
0.000 0.000 0.000 0.000 0.000 0.000 0.000 0.000 0.000 0.000 
0.000 0.000 0.000 0.000 0.000 0.000 0.000 0.000 0.000 0.000 
0.000 0.000 0.000 0.000 0.000 0.000 0.000 0.000 0.000 0.000 
0.000 0.000 0.000 0.000 0.000 0.000 0.000 0.000 0.000 0.000 
0.000 0.000 0.000 0.000 0.000 0.000 0.000 0.000 0.000 0.000 
0.000 0.000 0.000 0.000 0.000 0.000 0.000 0.000 0.000 0.000 
0.000 0.000 0.000 0.000 0.000 0.000 0.000 0.000 0.000 0.000 
0.000 0.000 0.000 0.000 0.000 0.000 0.000 0.000 0.000 0.000 
0.000 0.000 0.000 0.000 0.000 0.000 0.000 0.000 0.000 0.000 
# 5 2 14 10
0.000 0.000 0.000 0.000 0.000 0.000 0.000 0.000 0.000 0.000 
0.000 0.000 0.000 0.000 0.000 0.000 0.000 0.000 0.000 0.000 
0.000 0.000 0.000 0.000 0.000 0.000 0.000 0.000 0.000 0.000 
0.000 0.000 0.000 0.000 0.000 0.000 0.000 0.000 0.000 0.000 
0.000 0.000 0.000 0.000 0.000 0.000 0.000 0.000 0.000 0.000 
0.000 0.000 0.000 0.000 0.000 0.000 0.000 0.000 0.000 0.000 
0.000 0.000 0.000 0.000 0.000 0.000 0.000 0.000 0.000 0.000 
0.000 0.000 0.000 0.000 0.000 0.000 0.000 0.000 0.000 0.000 
0.000 0.000 0.000 0.000 0.000 0.000 0.000 0.000 0.000 0.000 
0.000 0.000 0.000 0.000 0.000 0.000 0.000 0.000 0.000 0.000 
0.000 0.000 0.000 0.000 0.000 0.000 0.000 0.000 0.000 0.000 
0.000 0.000 0.000 0.000 0.000 0.000 0.000 0.000 0.000 0.000 
0.000 0.000 0.000 0.000 0.000 0.000 0.000 0.000 0.000 0.000 
0.000 0.000 0.000 0.000 0.000 0.000 0.000 0.000 0.000 0.000 
# 5 3 2 10
0.000 0.000 0.000 0.000 0.000 0.000 0.000 0.000 0.000 0.000 
0.000 0.000 0.000 0.000 0.000 0.000 0.000 0.000 0.000 0.000 
# 5 4 24 10
0.000 0.000 0.000 0.000 0.000 0.000 0.000 0.000 0.000 0.000 
0.000 0.000 0.000 0.000 0.000 0.000 0.000 0.000 0.000 0.000 
0.000 0.000 0.000 0.000 0.000 0.000 0.000 0.000 0.000 0.000 
0.000 0.000 0.000 0.000 0.000 0.000 0.000 0.000 0.000 0.000 
0.000 0.000 0.000 0.000 0.000 0.000 0.000 0.000 0.000 0.000 
0.000 0.000 0.000 0.000 0.000 0.000 0.000 0.000 0.000 0.000 
0.000 0.000 0.000 0.000 0.000 0.000 0.000 0.000 0.000 0.000 
0.000 0.000 0.000 0.000 0.000 0.000 0.000 0.000 0.000 0.000 
0.000 0.000 0.000 0.000 0.000 0.000 0.000 0.000 0.000 0.000 
0.000 0.000 0.000 0.000 0.000 0.000 0.000 0.000 0.000 0.000 
0.000 0.000 0.000 0.000 0.000 0.000 0.000 0.000 0.000 0.000 
0.000 0.000 0.000 0.000 0.000 0.000 0.000 0.000 0.000 0.000 
0.000 0.000 0.000 0.000 0.000 0.000 0.000 0.000 0.000 0.000 
0.000 0.000 0.000 0.000 0.000 0.000 0.000 0.000 0.000 0.000 
0.000 0.000 0.000 0.000 0.000 0.000 0.000 0.000 0.000 0.000 
0.000 0.000 0.000 0.000 0.000 0.000 0.000 0.000 0.000 0.000 
0.000 0.000 0.000 0.000 0.000 0.000 0.000 0.000 0.000 0.000 
0.000 0.000 0.000 0.000 0.000 0.000 0.000 0.000 0.000 0.000 
0.000 0.000 0.000 0.000 0.000 0.000 0.000 0.000 0.000 0.000 
0.000 0.000 0.000 0.000 0.000 0.000 0.000 0.000 0.000 0.000 
0.000 0.000 0.000 0.000 0.000 0.000 0.000 0.000 0.000 0.000 
0.000 0.000 0.000 0.000 0.000 0.000 0.000 0.000 0.000 0.000 
0.000 0.000 0.000 0.000 0.000 0.000 0.000 0.000 0.000 0.000 
0.000 0.000 0.000 0.000 0.000 0.000 0.000 0.000 0.000 0.000 
