2.363513
2
# 0 1 10 30
0.059 0.012 0.059 0.208 0.508 0.856 1.000 0.808 0.452 0.175 0.047 0.000 0.000 0.000 0.000 0.000 0.000 0.000 0.000 0.000 0.000 0.000 0.000 0.000 0.000 0.000 0.000 0.000 0.000 0.000 
0.047 0.000 0.000 0.000 0.000 0.000 0.000 0.000 0.000 0.000 0.000 0.000 0.000 0.000 0.000 0.000 0.000 0.000 0.000 0.000 0.856 0.508 0.208 0.059 0.012 0.059 0.208 0.508 0.856 1.000 
0.000 0.000 0.000 0.000 0.000 0.000 0.000 0.000 0.000 0.000 0.856 0.508 0.208 0.059 0.012 0.059 0.208 0.508 0.856 1.000 0.808 0.452 0.175 0.047 0.000 0.000 0.000 0.000 0.000 0.000 
0.856 0.508 0.208 0.059 0.012 0.059 0.208 0.508 0.856 1.000 0.808 0.452 0.175 0.047 0.000 0.000 0.000 0.000 0.000 0.000 0.000 0.000 0.000 0.000 0.000 0.000 0.000 0.000 0.000 0.000 
0.808 0.452 0.175 0.047 0.000 0.000 0.000 0.000 0.000 0.000 0.000 0.000 0.000 0.000 0.000 0.000 0.000 0.000 0.000 0.000 0.452 0.808 1.000 0.856 0.508 0.208 0.059 0.012 0.059 0.208 
0.000 0.000 0.000 0.000 0.000 0.000 0.000 0.000 0.000 0.000 0.452 0.808 1.000 0.856 0.508 0.208 0.059 0.012 0.059 0.208 0.508 0.856 1.000 0.808 0.452 0.175 0.047 0.000 0.000 0.000 
0.452 0.808 1.000 0.856 0.508 0.208 0.059 0.012 0.059 0.208 0.508 0.856 1.000 0.808 0.452 0.175 0.047 0.000 0.000 0.000 0.000 0.000 0.000 0.000 0.000 0.000 0.000 0.000 0.000 0.000 
0.508 0.856 1.000 0.808 0.452 0.175 0.047 0.000 0.000 0.000 0.000 0.000 0.000 0.000 0.000 0.000 0.000 0.000 0.000 0.000 0.000 0.047 0.175 0.452 0.808 1.000 0.856 0.508 0.208 0.059 
0.000 0.000 0.000 0.000 0.000 0.000 0.000 0.000 0.000 0.000 0.000 0.047 0.175 0.452 0.808 1.000 0.856 0.508 0.208 0.059 0.012 0.059 0.208 0.508 0.856 1.000 0.808 0.452 0.175 0.047 
0.000 0.047 0.175 0.452 0.808 1.000 0.856 0.508 0.208 0.059 0.012 0.059 0.208 0.508 0.856 1.000 0.808 0.452 0.175 0.047 0.000 0.000 0.000 0.000 0.000 0.000 0.000 0.000 0.000 0.000 
# 1 0 30 10
-0.344 -0.560 -0.787 -0.955 -0.999 -0.901 -0.702 -0.471 -0.273 -0.137 
-0.411 -0.344 -0.560 -0.787 -0.955 -0.999 -0.901 -0.702 -0.471 -0.273 
-0.638 -0.411 -0.344 -0.560 -0.787 -0.955 -0.999 -0.901 -0.702 -0.471 
-0.853 -0.638 -0.411 -0.344 -0.560 -0.787 -0.955 -0.999 -0.901 -0.702 
-0.985 -0.853 -0.638 -0.411 -0.344 -0.560 -0.787 -0.955 -0.999 -0.901 
-0.981 -0.985 -0.853 -0.638 -0.411 -0.344 -0.560 -0.787 -0.955 -0.999 
-0.843 -0.981 -0.985 -0.853 -0.638 -0.411 -0.344 -0.560 -0.787 -0.955 
-0.625 -0.843 -0.981 -0.985 -0.853 -0.638 -0.411 -0.344 -0.560 -0.787 
-0.399 -0.625 -0.843 -0.981 -0.985 -0.853 -0.638 -0.411 -0.344 -0.560 
-0.220 -0.399 -0.625 -0.843 -0.981 -0.985 -0.853 -0.638 -0.411 -0.344 
-0.255 -0.440 -0.661 -0.865 -0.986 -0.979 -0.847 -0.816 -0.015 -0.040 
0.000 0.000 0.000 0.000 0.000 0.000 0.000 0.000 0.000 0.000 
0.000 0.000 0.000 0.000 0.000 0.000 0.000 0.000 0.000 0.000 
0.000 0.000 0.000 0.000 0.000 0.000 0.000 0.000 0.000 0.000 
0.000 0.000 0.000 0.000 0.000 0.000 0.000 0.000 0.000 0.000 
0.000 0.000 0.000 0.000 0.000 0.000 0.000 0.000 0.000 0.000 
0.000 0.000 0.000 0.000 0.000 0.000 0.000 0.000 0.000 0.000 
0.000 0.000 0.000 0.000 0.000 0.000 0.000 0.000 0.000 0.000 
0.000 0.000 0.000 0.000 0.000 0.000 0.000 0.000 0.000 0.000 
0.000 0.000 0.000 0.000 0.000 0.000 0.000 0.000 0.000 0.000 
0.000 0.000 0.000 0.000 0.000 0.000 0.000 0.000 0.000 0.000 
0.000 0.000 0.000 0.000 0.000 0.000 0.000 0.000 0.000 0.000 
0.000 0.000 0.000 0.000 0.000 0.000 0.000 0.000 0.000 0.000 
0.000 0.000 0.000 0.000 0.000 0.000 0.000 0.000 0.000 0.000 
0.000 0.000 0.000 0.000 0.000 0.000 0.000 0.000 0.000 0.000 
0.000 0.000 0.000 0.000 0.000 0.000 0.000 0.000 0.000 0.000 
0.000 0.000 0.000 0.000 0.000 0.000 0.000 0.000 0.000 0.000 
0.000 0.000 0.000 0.000 0.000 0.000 0.000 0.000 0.000 0.000 
0.000 0.000 0.000 0.000 0.000 0.000 0.000 0.000 0.000 0.000 
0.000 0.000 0.000 0.000 0.000 0.000 0.000 0.000 0.000 0.000 
