2.370587
5
# 0 1 9 30
0.984 1.000 0.995 0.945 0.852 0.729 0.592 0.456 0.333 0.231 0.152 0.095 0.056 0.032 0.017 0.000 0.000 0.000 0.000 0.000 0.000 0.000 0.000 0.000 0.000 0.000 0.000 0.000 0.000 0.000 
0.231 0.152 0.095 0.056 0.032 0.017 0.000 0.000 0.000 0.000 0.000 0.000 0.000 0.000 0.000 0.000 0.000 0.000 0.000 0.000 0.000 0.638 0.772 0.887 0.967 1.000 1.000 0.967 0.887 0.772 
0.000 0.000 0.000 0.000 0.000 0.000 0.000 0.000 0.000 0.000 0.000 0.000 0.638 0.772 0.887 0.967 1.000 1.000 0.967 0.887 0.772 0.638 0.500 0.372 0.262 0.176 0.111 0.067 0.038 0.021 
0.000 0.000 0.000 0.638 0.772 0.887 0.967 1.000 1.000 0.967 0.887 0.772 0.638 0.500 0.372 0.262 0.176 0.111 0.067 0.038 0.021 0.011 0.000 0.000 0.000 0.000 0.000 0.000 0.000 0.000 
0.967 0.887 0.772 0.638 0.500 0.372 0.262 0.176 0.111 0.067 0.038 0.021 0.011 0.000 0.000 0.000 0.000 0.000 0.000 0.000 0.000 0.000 0.000 0.000 0.231 0.333 0.456 0.592 0.729 0.852 
0.067 0.038 0.021 0.011 0.000 0.000 0.000 0.000 0.000 0.000 0.000 0.000 0.000 0.000 0.000 0.231 0.333 0.456 0.592 0.729 0.852 0.945 0.995 1.000 0.984 0.918 0.814 0.684 0.545 0.413 
0.000 0.000 0.000 0.000 0.000 0.000 0.231 0.333 0.456 0.592 0.729 0.852 0.945 0.995 1.000 0.984 0.918 0.814 0.684 0.545 0.413 0.296 0.202 0.130 0.080 0.047 0.026 0.013 0.000 0.000 
0.592 0.729 0.852 0.945 0.995 1.000 0.984 0.918 0.814 0.684 0.545 0.413 0.296 0.202 0.130 0.080 0.047 0.026 0.013 0.000 0.000 0.000 0.000 0.000 0.000 0.000 0.000 0.047 0.080 0.130 
0.684 0.545 0.413 0.296 0.202 0.130 0.080 0.047 0.026 0.013 0.000 0.000 0.000 0.000 0.000 0.000 0.000 0.000 0.047 0.080 0.130 0.202 0.296 0.413 0.545 0.684 0.814 0.918 0.984 1.000 
# 0 2 9 30
0.984 1.000 0.995 0.945 0.852 0.729 0.592 0.456 0.333 0.231 0.152 0.095 0.056 0.032 0.017 0.000 0.000 0.000 0.000 0.000 0.000 0.000 0.000 0.000 0.000 0.000 0.000 0.000 0.000 0.000 
0.231 0.152 0.095 0.056 0.032 0.017 0.000 0.000 0.000 0.000 0.000 0.000 0.000 0.000 0.000 0.000 0.000 0.000 0.000 0.000 0.000 0.638 0.772 0.887 0.967 1.000 1.000 0.967 0.887 0.772 
0.000 0.000 0.000 0.000 0.000 0.000 0.000 0.000 0.000 0.000 0.000 0.000 0.638 0.772 0.887 0.967 1.000 1.000 0.967 0.887 0.772 0.638 0.500 0.372 0.262 0.176 0.111 0.067 0.038 0.021 
0.000 0.000 0.000 0.638 0.772 0.887 0.967 1.000 1.000 0.967 0.887 0.772 0.638 0.500 0.372 0.262 0.176 0.111 0.067 0.038 0.021 0.011 0.000 0.000 0.000 0.000 0.000 0.000 0.000 0.000 
0.967 0.887 0.772 0.638 0.500 0.372 0.262 0.176 0.111 0.067 0.038 0.021 0.011 0.000 0.000 0.000 0.000 0.000 0.000 0.000 0.000 0.000 0.000 0.000 0.231 0.333 0.456 0.592 0.729 0.852 
0.067 0.038 0.021 0.011 0.000 0.000 0.000 0.000 0.000 0.000 0.000 0.000 0.000 0.000 0.000 0.231 0.333 0.456 0.592 0.729 0.852 0.945 0.995 1.000 0.984 0.918 0.814 0.684 0.545 0.413 
0.000 0.000 0.000 0.000 0.000 0.000 0.231 0.333 0.456 0.592 0.729 0.852 0.945 0.995 1.000 0.984 0.918 0.814 0.684 0.545 0.413 0.296 0.202 0.130 0.080 0.047 0.026 0.013 0.000 0.000 
0.592 0.729 0.852 0.945 0.995 1.000 0.984 0.918 0.814 0.684 0.545 0.413 0.296 0.202 0.130 0.080 0.047 0.026 0.013 0.000 0.000 0.000 0.000 0.000 0.000 0.000 0.000 0.047 0.080 0.130 
0.684 0.545 0.413 0.296 0.202 0.130 0.080 0.047 0.026 0.013 0.000 0.000 0.000 0.000 0.000 0.000 0.000 0.000 0.047 0.080 0.130 0.202 0.296 0.413 0.545 0.684 0.814 0.918 0.984 1.000 
# 0 3 12 30
0.996 1.000 0.980 0.911 0.803 0.672 0.534 0.402 0.287 0.195 0.125 0.077 0.044 0.024 0.013 0.000 0.000 0.000 0.000 0.000 0.000 0.000 0.000 0.000 0.000 0.000 0.000 0.000 0.000 0.000 
0.044 0.024 0.013 0.000 0.000 0.000 0.000 0.000 0.000 0.000 0.000 0.000 0.000 0.000 0.000 0.000 0.000 0.000 0.803 0.911 0.980 1.000 0.996 0.951 0.861 0.740 0.603 0.466 0.342 0.238 
0.000 0.000 0.000 0.000 0.000 0.000 0.803 0.911 0.980 1.000 0.996 0.951 0.861 0.740 0.603 0.466 0.342 0.238 0.157 0.099 0.059 0.033 0.018 0.000 0.000 0.000 0.000 0.000 0.000 0.000 
0.861 0.740 0.603 0.466 0.342 0.238 0.157 0.099 0.059 0.033 0.018 0.000 0.000 0.000 0.000 0.000 0.000 0.000 0.000 0.000 0.000 0.000 0.000 0.000 0.466 0.603 0.740 0.861 0.951 0.996 
0.000 0.000 0.000 0.000 0.000 0.000 0.000 0.000 0.000 0.000 0.000 0.000 0.466 0.603 0.740 0.861 0.951 0.996 1.000 0.980 0.911 0.803 0.672 0.534 0.402 0.287 0.195 0.125 0.077 0.044 
0.466 0.603 0.740 0.861 0.951 0.996 1.000 0.980 0.911 0.803 0.672 0.534 0.402 0.287 0.195 0.125 0.077 0.044 0.024 0.013 0.000 0.000 0.000 0.000 0.000 0.000 0.000 0.000 0.000 0.000 
0.402 0.287 0.195 0.125 0.077 0.044 0.024 0.013 0.000 0.000 0.000 0.000 0.000 0.000 0.000 0.000 0.000 0.000 0.195 0.287 0.402 0.534 0.672 0.803 0.911 0.980 1.000 0.996 0.951 0.861 
0.000 0.000 0.000 0.000 0.000 0.000 0.195 0.287 0.402 0.534 0.672 0.803 0.911 0.980 1.000 0.996 0.951 0.861 0.740 0.603 0.466 0.342 0.238 0.157 0.099 0.059 0.033 0.018 0.000 0.000 
0.911 0.980 1.000 0.996 0.951 0.861 0.740 0.603 0.466 0.342 0.238 0.157 0.099 0.059 0.033 0.018 0.000 0.000 0.000 0.000 0.000 0.000 0.000 0.000 0.059 0.099 0.157 0.238 0.342 0.466 
0.099 0.059 0.033 0.018 0.000 0.000 0.000 0.000 0.000 0.000 0.000 0.000 0.059 0.099 0.157 0.238 0.342 0.466 0.603 0.740 0.861 0.951 0.996 1.000 0.980 0.911 0.803 0.672 0.534 0.402 
0.059 0.099 0.157 0.238 0.342 0.466 0.603 0.740 0.861 0.951 0.996 1.000 0.980 0.911 0.803 0.672 0.534 0.402 0.287 0.195 0.125 0.077 0.044 0.024 0.013 0.000 0.000 0.000 0.000 0.000 
0.980 0.911 0.803 0.672 0.534 0.402 0.287 0.195 0.125 0.077 0.044 0.024 0.013 0.000 0.000 0.000 0.000 0.000 0.013 0.024 0.044 0.077 0.125 0.195 0.287 0.402 0.534 0.672 0.803 0.911 
# 0 4 10 30
0.993 1.000 0.993 0.935 0.836 0.709 0.570 0.435 0.315 0.217 0.141 0.087 0.051 0.029 0.015 0.000 0.000 0.000 0.000 0.000 0.000 0.000 0.000 0.000 0.000 0.000 0.000 0.000 0.000 0.000 
0.141 0.087 0.051 0.029 0.015 0.000 0.000 0.000 0.000 0.000 0.000 0.000 0.000 0.000 0.000 0.000 0.000 0.000 0.000 0.000 0.709 0.836 0.935 0.993 1.000 0.993 0.935 0.836 0.709 0.570 
0.000 0.000 0.000 0.000 0.000 0.000 0.000 0.000 0.000 0.000 0.709 0.836 0.935 0.993 1.000 0.993 0.935 0.836 0.709 0.570 0.435 0.315 0.217 0.141 0.087 0.051 0.029 0.015 0.000 0.000 
0.709 0.836 0.935 0.993 1.000 0.993 0.935 0.836 0.709 0.570 0.435 0.315 0.217 0.141 0.087 0.051 0.029 0.015 0.000 0.000 0.000 0.000 0.000 0.000 0.000 0.000 0.000 0.000 0.000 0.000 
0.435 0.315 0.217 0.141 0.087 0.051 0.029 0.015 0.000 0.000 0.000 0.000 0.000 0.000 0.000 0.000 0.000 0.000 0.000 0.000 0.315 0.435 0.570 0.709 0.836 0.935 0.993 1.000 0.993 0.935 
0.000 0.000 0.000 0.000 0.000 0.000 0.000 0.000 0.000 0.000 0.315 0.435 0.570 0.709 0.836 0.935 0.993 1.000 0.993 0.935 0.836 0.709 0.570 0.435 0.315 0.217 0.141 0.087 0.051 0.029 
0.315 0.435 0.570 0.709 0.836 0.935 0.993 1.000 0.993 0.935 0.836 0.709 0.570 0.435 0.315 0.217 0.141 0.087 0.051 0.029 0.015 0.000 0.000 0.000 0.000 0.000 0.000 0.000 0.000 0.000 
0.836 0.709 0.570 0.435 0.315 0.217 0.141 0.087 0.051 0.029 0.015 0.000 0.000 0.000 0.000 0.000 0.000 0.000 0.000 0.000 0.087 0.141 0.217 0.315 0.435 0.570 0.709 0.836 0.935 0.993 
0.015 0.000 0.000 0.000 0.000 0.000 0.000 0.000 0.000 0.000 0.087 0.141 0.217 0.315 0.435 0.570 0.709 0.836 0.935 0.993 1.000 0.993 0.935 0.836 0.709 0.570 0.435 0.315 0.217 0.141 
0.087 0.141 0.217 0.315 0.435 0.570 0.709 0.836 0.935 0.993 1.000 0.993 0.935 0.836 0.709 0.570 0.435 0.315 0.217 0.141 0.087 0.051 0.029 0.015 0.000 0.000 0.000 0.000 0.000 0.000 
# 1 0 30 9
-0.553 -0.798 -0.968 -0.987 -0.847 -0.612 -0.372 -0.190 -0.082 
-0.977 -0.980 -0.827 -0.587 -0.350 -0.176 -0.679 -0.504 -0.752 
-0.805 -0.561 -0.329 -0.880 -0.654 -0.528 -0.775 -0.957 -0.993 
-0.991 -0.861 -0.629 -0.553 -0.798 -0.968 -0.987 -0.847 -0.612 
-0.603 -0.578 -0.820 -0.977 -0.980 -0.827 -0.935 -0.999 -0.898 
-0.841 -0.985 -0.971 -0.759 -0.948 -0.996 -0.880 -0.654 -0.528 
-0.536 -0.783 -0.960 -0.991 -0.861 -0.629 -0.553 -0.798 -0.968 
-0.971 -0.985 -0.841 -0.603 -0.578 -0.820 -0.271 -0.487 -0.736 
-0.820 -0.578 -0.603 -0.138 -0.290 -0.512 -0.759 -0.948 -0.996 
-0.166 -0.045 0.000 0.000 0.000 0.000 0.000 0.000 0.000 
-0.041 0.000 0.000 0.000 0.000 0.000 0.000 0.000 -0.079 
0.000 0.000 0.000 0.000 0.000 0.000 -0.019 -0.087 -0.271 
0.000 0.000 0.000 0.000 0.000 -0.022 -0.095 -0.288 -0.618 
0.000 0.000 0.000 0.000 -0.024 -0.103 -0.307 -0.642 -0.942 
0.000 0.000 0.000 -0.027 -0.112 -0.326 -0.666 -0.954 -0.959 
0.000 0.000 -0.030 -0.122 -0.346 -0.689 -0.965 -0.948 -0.653 
0.000 -0.033 -0.132 -0.366 -0.713 -0.974 -0.935 -0.629 -0.297 
-0.037 -0.143 -0.387 -0.736 -0.983 -0.920 -0.605 -0.279 -0.090 
-0.154 -0.408 -0.759 -0.989 -0.905 -0.581 -0.262 -0.083 -0.018 
-0.430 -0.781 -0.994 -0.888 -0.557 -0.245 -0.076 -0.016 0.000 
-0.802 -0.998 -0.871 -0.533 -0.229 -0.069 -0.015 0.000 0.000 
-1.000 -0.852 -0.510 -0.214 -0.063 -0.013 0.000 0.000 -0.013 
-0.832 -0.486 -0.199 -0.057 -0.012 0.000 0.000 -0.015 -0.069 
-0.463 -0.185 -0.052 -0.010 0.000 0.000 -0.016 -0.076 -0.245 
-0.172 -0.047 0.000 0.000 0.000 -0.018 -0.083 -0.262 0.000 
-0.043 0.000 0.000 0.000 -0.021 -0.090 0.000 0.000 0.000 
0.000 0.000 0.000 -0.023 0.000 0.000 0.000 0.000 0.000 
0.000 0.000 0.000 0.000 0.000 0.000 0.000 0.000 0.000 
0.000 0.000 0.000 0.000 0.000 0.000 0.000 0.000 0.000 
0.000 0.000 0.000 0.000 0.000 0.000 0.000 0.000 0.000 
# 1 2 9 9
-0.467 -0.716 -0.922 -1.000 -0.912 -0.699 -0.451 -0.245 -0.112 
-0.716 -0.467 -0.716 -0.922 -1.000 -0.912 -0.699 -0.451 -0.245 
-0.922 -0.716 -0.467 -0.716 -0.922 -1.000 -0.912 -0.699 -0.451 
-1.000 -0.922 -0.716 -0.467 -0.716 -0.922 -1.000 -0.912 -0.699 
-0.912 -1.000 -0.922 -0.716 -0.467 -0.716 -0.922 -1.000 -0.912 
-0.699 -0.912 -1.000 -0.922 -0.716 -0.467 -0.716 -0.922 -1.000 
-0.451 -0.699 -0.912 -1.000 -0.922 -0.716 -0.467 -0.716 -0.922 
-0.245 -0.451 -0.699 -0.912 -1.000 -0.922 -0.716 -0.467 -0.716 
-0.112 -0.245 -0.451 -0.699 -0.912 -1.000 -0.922 -0.716 -0.467 
# 1 3 12 9
-0.498 -0.746 -0.941 -0.999 -0.891 -0.669 -0.422 -0.224 -0.100 
-0.971 -0.986 -0.843 -0.606 -0.366 -0.186 -0.804 -0.560 -0.623 
-0.789 -0.543 -0.314 -0.941 -0.746 -0.498 -0.685 -0.903 -1.000 
-1.000 -0.903 -0.685 -0.498 -0.746 -0.941 -0.999 -0.891 -0.669 
-0.623 -0.560 -0.804 -0.971 -0.986 -0.843 -0.843 -0.986 -0.971 
-0.856 -0.991 -0.964 -0.669 -0.891 -0.999 -0.941 -0.746 -0.498 
-0.481 -0.730 -0.932 -1.000 -0.903 -0.685 -0.498 -0.746 -0.941 
-0.964 -0.991 -0.856 -0.623 -0.560 -0.804 -0.186 -0.366 -0.606 
-0.804 -0.560 -0.623 -0.100 -0.224 -0.422 -0.669 -0.891 -0.999 
0.000 0.000 0.000 0.000 0.000 0.000 0.000 0.000 0.000 
0.000 0.000 0.000 0.000 0.000 0.000 0.000 0.000 0.000 
0.000 0.000 0.000 0.000 0.000 0.000 0.000 0.000 0.000 
# 2 0 30 9
-0.566 -0.806 -0.970 -0.987 -0.848 -0.615 -0.377 -0.195 -0.086 
-0.979 -0.979 -0.827 -0.590 -0.356 -0.181 -0.690 -0.517 -0.761 
-0.806 -0.565 -0.335 -0.886 -0.665 -0.541 -0.784 -0.960 -0.992 
-0.992 -0.867 -0.641 -0.566 -0.806 -0.970 -0.987 -0.848 -0.615 
-0.616 -0.591 -0.827 -0.979 -0.979 -0.827 -0.934 -0.999 -0.903 
-0.848 -0.987 -0.970 -0.761 -0.947 -0.997 -0.886 -0.665 -0.541 
-0.541 -0.784 -0.959 -0.992 -0.867 -0.641 -0.566 -0.806 -0.970 
-0.970 -0.987 -0.848 -0.616 -0.591 -0.827 -0.277 -0.492 -0.737 
-0.827 -0.591 -0.616 -0.143 -0.296 -0.516 -0.761 -0.947 -0.997 
0.000 0.000 0.000 -0.026 -0.121 -0.370 -0.747 -0.996 -0.877 
0.000 0.000 0.000 0.000 0.000 0.000 0.000 0.000 0.000 
0.000 0.000 0.000 0.000 0.000 0.000 0.000 0.000 0.000 
0.000 0.000 0.000 0.000 0.000 0.000 0.000 0.000 0.000 
0.000 0.000 0.000 0.000 0.000 0.000 0.000 0.000 0.000 
0.000 0.000 0.000 0.000 0.000 0.000 0.000 0.000 0.000 
0.000 0.000 0.000 0.000 0.000 0.000 0.000 0.000 0.000 
0.000 0.000 0.000 0.000 0.000 0.000 0.000 0.000 0.000 
0.000 0.000 0.000 0.000 0.000 0.000 0.000 0.000 0.000 
0.000 0.000 0.000 0.000 0.000 0.000 0.000 0.000 0.000 
0.000 0.000 0.000 0.000 0.000 0.000 0.000 0.000 0.000 
0.000 0.000 0.000 0.000 0.000 0.000 0.000 0.000 0.000 
0.000 0.000 0.000 0.000 0.000 0.000 0.000 0.000 0.000 
0.000 0.000 0.000 0.000 0.000 0.000 0.000 0.000 0.000 
0.000 0.000 0.000 0.000 0.000 0.000 0.000 0.000 0.000 
0.000 0.000 0.000 0.000 0.000 0.000 0.000 0.000 0.000 
0.000 0.000 0.000 0.000 0.000 0.000 0.000 0.000 0.000 
0.000 0.000 0.000 0.000 0.000 0.000 0.000 0.000 0.000 
0.000 0.000 0.000 0.000 0.000 0.000 0.000 0.000 0.000 
0.000 0.000 0.000 0.000 0.000 0.000 0.000 0.000 0.000 
0.000 0.000 0.000 0.000 0.000 0.000 0.000 0.000 0.000 
# 2 1 9 9
-0.481 -0.726 -0.927 -1.000 -0.911 -0.702 -0.456 -0.251 -0.116 
-0.726 -0.481 -0.726 -0.927 -1.000 -0.911 -0.702 -0.456 -0.251 
-0.927 -0.726 -0.481 -0.726 -0.927 -1.000 -0.911 -0.702 -0.456 
-1.000 -0.927 -0.726 -0.481 -0.726 -0.927 -1.000 -0.911 -0.702 
-0.911 -1.000 -0.927 -0.726 -0.481 -0.726 -0.927 -1.000 -0.911 
-0.702 -0.911 -1.000 -0.927 -0.726 -0.481 -0.726 -0.927 -1.000 
-0.456 -0.702 -0.911 -1.000 -0.927 -0.726 -0.481 -0.726 -0.927 
-0.251 -0.456 -0.702 -0.911 -1.000 -0.927 -0.726 -0.481 -0.726 
-0.116 -0.251 -0.456 -0.702 -0.911 -1.000 -0.927 -0.726 -0.481 
# 2 3 12 9
-0.511 -0.756 -0.945 -0.998 -0.890 -0.671 -0.428 -0.230 -0.105 
-0.973 -0.985 -0.843 -0.609 -0.372 -0.192 -0.812 -0.572 -0.635 
-0.790 -0.547 -0.320 -0.945 -0.756 -0.511 -0.696 -0.908 -1.000 
-1.000 -0.908 -0.696 -0.511 -0.756 -0.945 -0.998 -0.890 -0.671 
-0.635 -0.572 -0.812 -0.973 -0.985 -0.843 -0.843 -0.985 -0.973 
-0.863 -0.992 -0.963 -0.671 -0.890 -0.998 -0.945 -0.756 -0.511 
-0.486 -0.732 -0.931 -1.000 -0.908 -0.696 -0.511 -0.756 -0.945 
-0.963 -0.992 -0.863 -0.635 -0.572 -0.812 -0.192 -0.372 -0.609 
-0.812 -0.572 -0.635 -0.105 -0.230 -0.428 -0.671 -0.890 -0.998 
0.000 0.000 0.000 0.000 0.000 0.000 0.000 0.000 0.000 
0.000 0.000 0.000 0.000 0.000 0.000 0.000 0.000 0.000 
0.000 0.000 0.000 0.000 0.000 0.000 0.000 0.000 0.000 
# 3 0 30 12
-0.957 -0.926 -0.557 -0.208 -0.048 0.000 0.000 0.000 0.000 0.000 0.000 0.000 
0.000 0.000 0.000 0.000 0.000 0.000 -0.993 -0.910 -0.968 -0.640 -0.263 -0.067 
-0.800 -1.000 -0.957 -0.926 -0.557 -0.208 -0.048 0.000 0.000 0.000 0.000 0.000 
-0.161 -0.034 0.000 0.000 0.000 0.000 -0.327 -0.723 -0.993 -0.910 -0.968 -0.640 
-0.123 -0.398 -0.800 -1.000 -0.957 -0.926 -0.557 -0.208 -0.048 0.000 0.000 0.000 
-0.869 -0.475 -0.161 -0.034 0.000 0.000 -0.016 -0.092 -0.327 -0.723 -0.993 -0.910 
0.000 -0.024 -0.123 -0.398 -0.800 -1.000 -0.957 -0.926 -0.557 -0.208 -0.048 0.000 
-0.988 -0.988 -0.869 -0.475 -0.161 -0.034 0.000 0.000 -0.016 -0.092 -0.327 -0.723 
0.000 0.000 0.000 -0.024 -0.123 -0.398 -0.800 -1.000 -0.957 -0.926 -0.557 -0.208 
-0.475 -0.869 -0.988 -0.988 -0.869 -0.475 0.000 0.000 0.000 0.000 -0.016 -0.092 
0.000 0.000 0.000 0.000 0.000 -0.024 -0.123 -0.398 -0.800 -1.000 -0.957 -0.926 
-0.034 -0.161 -0.475 -0.869 -0.988 -0.988 0.000 0.000 0.000 0.000 0.000 0.000 
0.000 0.000 0.000 0.000 0.000 0.000 0.000 0.000 0.000 0.000 0.000 0.000 
0.000 0.000 0.000 0.000 0.000 0.000 0.000 0.000 0.000 0.000 0.000 0.000 
0.000 0.000 0.000 0.000 0.000 0.000 0.000 0.000 0.000 0.000 0.000 0.000 
0.000 0.000 0.000 0.000 0.000 0.000 0.000 0.000 0.000 0.000 0.000 0.000 
0.000 0.000 0.000 0.000 0.000 0.000 0.000 0.000 0.000 0.000 0.000 0.000 
0.000 0.000 0.000 0.000 0.000 0.000 0.000 0.000 0.000 0.000 0.000 0.000 
0.000 0.000 0.000 0.000 0.000 0.000 0.000 0.000 0.000 0.000 0.000 0.000 
0.000 0.000 0.000 0.000 0.000 0.000 0.000 0.000 0.000 0.000 0.000 0.000 
0.000 0.000 0.000 0.000 0.000 0.000 0.000 0.000 0.000 0.000 0.000 0.000 
0.000 0.000 0.000 0.000 0.000 0.000 0.000 0.000 0.000 0.000 0.000 0.000 
0.000 0.000 0.000 0.000 0.000 0.000 0.000 0.000 0.000 0.000 0.000 0.000 
0.000 0.000 0.000 0.000 0.000 0.000 0.000 0.000 0.000 0.000 0.000 0.000 
0.000 0.000 0.000 0.000 0.000 0.000 0.000 0.000 0.000 0.000 0.000 0.000 
0.000 0.000 0.000 0.000 0.000 0.000 0.000 0.000 0.000 0.000 0.000 0.000 
0.000 0.000 0.000 0.000 0.000 0.000 0.000 0.000 0.000 0.000 0.000 0.000 
0.000 0.000 0.000 0.000 0.000 0.000 0.000 0.000 0.000 0.000 0.000 0.000 
0.000 0.000 0.000 0.000 0.000 0.000 0.000 0.000 0.000 0.000 0.000 0.000 
0.000 0.000 0.000 0.000 0.000 0.000 0.000 0.000 0.000 0.000 0.000 0.000 
# 3 1 9 12
-0.929 -1.000 -0.751 -0.350 -0.102 -0.018 0.000 0.000 0.000 0.000 0.000 0.000 
0.000 0.000 0.000 -0.871 -0.990 -0.990 -0.871 -0.476 -0.162 -0.034 0.000 0.000 
-0.034 0.000 0.000 0.000 0.000 0.000 -0.350 -0.751 -1.000 -0.929 -0.958 -0.614 
-0.929 -0.958 -0.614 -0.244 -0.060 0.000 0.000 0.000 0.000 -0.060 -0.244 -0.614 
-0.060 -0.244 -0.614 -0.958 -0.929 -1.000 -0.751 -0.350 -0.102 -0.018 0.000 0.000 
-0.018 0.000 0.000 0.000 -0.034 -0.162 -0.476 -0.871 -0.990 -0.990 -0.871 -0.476 
-0.990 -0.871 -0.476 -0.162 -0.034 0.000 0.000 0.000 -0.018 -0.102 -0.350 -0.751 
-0.102 -0.350 -0.751 -1.000 -0.929 -0.958 -0.614 -0.244 -0.060 0.000 0.000 0.000 
0.000 0.000 0.000 0.000 -0.060 -0.244 -0.614 -0.958 -0.929 -1.000 -0.751 -0.350 
# 3 2 9 12
-0.929 -1.000 -0.751 -0.350 -0.102 -0.018 0.000 0.000 0.000 0.000 0.000 0.000 
0.000 0.000 0.000 -0.871 -0.990 -0.990 -0.871 -0.476 -0.162 -0.034 0.000 0.000 
-0.034 0.000 0.000 0.000 0.000 0.000 -0.350 -0.751 -1.000 -0.929 -0.958 -0.614 
-0.929 -0.958 -0.614 -0.244 -0.060 0.000 0.000 0.000 0.000 -0.060 -0.244 -0.614 
-0.060 -0.244 -0.614 -0.958 -0.929 -1.000 -0.751 -0.350 -0.102 -0.018 0.000 0.000 
-0.018 0.000 0.000 0.000 -0.034 -0.162 -0.476 -0.871 -0.990 -0.990 -0.871 -0.476 
-0.990 -0.871 -0.476 -0.162 -0.034 0.000 0.000 0.000 -0.018 -0.102 -0.350 -0.751 
-0.102 -0.350 -0.751 -1.000 -0.929 -0.958 -0.614 -0.244 -0.060 0.000 0.000 0.000 
0.000 0.000 0.000 0.000 -0.060 -0.244 -0.614 -0.958 -0.929 -1.000 -0.751 -0.350 
# 4 0 30 10
0.000 -0.081 -0.529 -1.000 -0.548 -0.087 0.000 0.000 0.000 0.000 
-0.012 0.000 -0.081 -0.529 -1.000 -0.548 -0.087 0.000 0.000 0.000 
-0.174 -0.012 0.000 -0.081 -0.529 -1.000 -0.548 -0.087 0.000 0.000 
-0.751 -0.174 -0.012 0.000 -0.081 -0.529 -1.000 -0.548 -0.087 0.000 
-0.939 -0.751 -0.174 -0.012 0.000 -0.081 -0.529 -1.000 -0.548 -0.087 
-0.340 -0.939 -0.751 -0.174 -0.012 0.000 -0.081 -0.529 -1.000 -0.548 
-0.036 -0.340 -0.939 -0.751 -0.174 -0.012 0.000 -0.081 -0.529 -1.000 
0.000 -0.036 -0.340 -0.939 -0.751 -0.174 -0.012 0.000 -0.081 -0.529 
0.000 0.000 -0.036 -0.340 -0.939 -0.751 -0.174 -0.012 0.000 -0.081 
0.000 0.000 0.000 -0.036 -0.340 -0.939 -0.751 -0.174 -0.012 0.000 
0.000 0.000 0.000 0.000 0.000 0.000 0.000 0.000 0.000 0.000 
0.000 0.000 0.000 0.000 0.000 0.000 0.000 0.000 0.000 0.000 
0.000 0.000 0.000 0.000 0.000 0.000 0.000 0.000 0.000 0.000 
0.000 0.000 0.000 0.000 0.000 0.000 0.000 0.000 0.000 0.000 
0.000 0.000 0.000 0.000 0.000 0.000 0.000 0.000 0.000 0.000 
0.000 0.000 0.000 0.000 0.000 0.000 0.000 0.000 0.000 0.000 
0.000 0.000 0.000 0.000 0.000 0.000 0.000 0.000 0.000 0.000 
0.000 0.000 0.000 0.000 0.000 0.000 0.000 0.000 0.000 0.000 
0.000 0.000 0.000 0.000 0.000 0.000 0.000 0.000 0.000 0.000 
0.000 0.000 0.000 0.000 0.000 0.000 0.000 0.000 0.000 0.000 
0.000 0.000 0.000 0.000 0.000 0.000 0.000 0.000 0.000 0.000 
0.000 0.000 0.000 0.000 0.000 0.000 0.000 0.000 0.000 0.000 
0.000 0.000 0.000 0.000 0.000 0.000 0.000 0.000 0.000 0.000 
0.000 0.000 0.000 0.000 0.000 0.000 0.000 0.000 0.000 0.000 
0.000 0.000 0.000 0.000 0.000 0.000 0.000 0.000 0.000 0.000 
0.000 0.000 0.000 0.000 0.000 0.000 0.000 0.000 0.000 0.000 
0.000 0.000 0.000 0.000 0.000 0.000 0.000 0.000 0.000 0.000 
0.000 0.000 0.000 0.000 0.000 0.000 0.000 0.000 0.000 0.000 
0.000 0.000 0.000 0.000 0.000 0.000 0.000 0.000 0.000 0.000 
0.000 0.000 0.000 0.000 0.000 0.000 0.000 0.000 0.000 0.000 
# 4 1 9 10
0.000 0.000 0.000 0.000 0.000 0.000 0.000 0.000 0.000 0.000 
0.000 0.000 0.000 0.000 0.000 0.000 0.000 0.000 0.000 0.000 
0.000 0.000 0.000 0.000 0.000 0.000 0.000 0.000 0.000 0.000 
0.000 0.000 0.000 0.000 0.000 0.000 0.000 0.000 0.000 0.000 
0.000 0.000 0.000 0.000 0.000 0.000 0.000 0.000 0.000 0.000 
0.000 0.000 0.000 0.000 0.000 0.000 0.000 0.000 0.000 0.000 
0.000 0.000 0.000 0.000 0.000 0.000 0.000 0.000 0.000 0.000 
0.000 0.000 0.000 0.000 0.000 0.000 0.000 0.000 0.000 0.000 
0.000 0.000 0.000 0.000 0.000 0.000 0.000 0.000 0.000 0.000 
# 4 2 9 10
0.000 0.000 0.000 0.000 0.000 0.000 0.000 0.000 0.000 0.000 
0.000 0.000 0.000 0.000 0.000 0.000 0.000 0.000 0.000 0.000 
0.000 0.000 0.000 0.000 0.000 0.000 0.000 0.000 0.000 0.000 
0.000 0.000 0.000 0.000 0.000 0.000 0.000 0.000 0.000 0.000 
0.000 0.000 0.000 0.000 0.000 0.000 0.000 0.000 0.000 0.000 
0.000 0.000 0.000 0.000 0.000 0.000 0.000 0.000 0.000 0.000 
0.000 0.000 0.000 0.000 0.000 0.000 0.000 0.000 0.000 0.000 
0.000 0.000 0.000 0.000 0.000 0.000 0.000 0.000 0.000 0.000 
0.000 0.000 0.000 0.000 0.000 0.000 0.000 0.000 0.000 0.000 
# 4 3 12 10
0.000 0.000 0.000 0.000 0.000 0.000 0.000 0.000 0.000 0.000 
0.000 0.000 0.000 0.000 0.000 0.000 0.000 0.000 0.000 0.000 
0.000 0.000 0.000 0.000 0.000 0.000 0.000 0.000 0.000 0.000 
0.000 0.000 0.000 0.000 0.000 0.000 0.000 0.000 0.000 0.000 
0.000 0.000 0.000 0.000 0.000 0.000 0.000 0.000 0.000 0.000 
0.000 0.000 0.000 0.000 0.000 0.000 0.000 0.000 0.000 0.000 
0.000 0.000 0.000 0.000 0.000 0.000 0.000 0.000 0.000 0.000 
0.000 0.000 0.000 0.000 0.000 0.000 0.000 0.000 0.000 0.000 
0.000 0.000 0.000 0.000 0.000 0.000 0.000 0.000 0.000 0.000 
0.000 0.000 0.000 0.000 0.000 0.000 0.000 0.000 0.000 0.000 
0.000 0.000 0.000 0.000 0.000 0.000 0.000 0.000 0.000 0.000 
0.000 0.000 0.000 0.000 0.000 0.000 0.000 0.000 0.000 0.000 
