2.372082
3
# 0 1 29 30
0.000 0.072 0.506 1.000 0.559 0.088 0.000 0.000 0.000 0.000 0.000 0.000 0.000 0.000 0.000 0.000 0.000 0.000 0.000 0.000 0.000 0.000 0.000 0.000 0.000 0.000 0.000 0.000 0.000 0.000 
0.000 0.086 0.000 0.066 0.483 0.998 0.582 0.096 0.000 0.000 0.000 0.000 0.000 0.000 0.000 0.000 0.000 0.000 0.000 0.000 0.000 0.000 0.000 0.000 0.000 0.000 0.000 0.000 0.000 0.000 
0.000 0.000 0.576 0.094 0.000 0.061 0.461 0.994 0.606 0.105 0.000 0.000 0.000 0.000 0.000 0.000 0.000 0.000 0.000 0.000 0.000 0.000 0.000 0.000 0.000 0.000 0.000 0.000 0.000 0.000 
0.000 0.000 0.000 0.995 0.599 0.102 0.000 0.055 0.439 0.988 0.630 0.113 0.000 0.000 0.000 0.000 0.000 0.000 0.000 0.000 0.000 0.000 0.000 0.000 0.000 0.000 0.000 0.000 0.000 0.000 
0.000 0.000 0.000 0.000 0.445 0.990 0.623 0.111 0.000 0.050 0.417 0.981 0.653 0.123 0.000 0.000 0.000 0.000 0.000 0.000 0.000 0.000 0.000 0.000 0.000 0.000 0.000 0.000 0.000 0.000 
0.000 0.000 0.000 0.000 0.000 0.052 0.423 0.983 0.646 0.120 0.000 0.046 0.396 0.973 0.676 0.133 0.000 0.000 0.000 0.000 0.000 0.000 0.000 0.000 0.000 0.000 0.000 0.000 0.000 0.000 
0.000 0.000 0.000 0.000 0.000 0.000 0.000 0.047 0.402 0.976 0.670 0.130 0.000 0.041 0.376 0.963 0.699 0.144 0.000 0.000 0.000 0.000 0.000 0.000 0.000 0.000 0.000 0.000 0.000 0.000 
0.000 0.000 0.000 0.000 0.000 0.000 0.000 0.000 0.000 0.043 0.381 0.966 0.693 0.141 0.000 0.038 0.355 0.952 0.722 0.155 0.000 0.000 0.000 0.000 0.000 0.000 0.000 0.000 0.000 0.000 
0.000 0.000 0.000 0.000 0.000 0.000 0.000 0.000 0.000 0.000 0.000 0.039 0.361 0.956 0.716 0.152 0.000 0.034 0.336 0.940 0.745 0.167 0.011 0.000 0.000 0.000 0.000 0.000 0.000 0.000 
0.000 0.000 0.000 0.000 0.000 0.000 0.000 0.000 0.000 0.000 0.000 0.000 0.000 0.035 0.341 0.944 0.738 0.163 0.010 0.031 0.317 0.927 0.766 0.179 0.012 0.000 0.000 0.000 0.000 0.000 
0.000 0.000 0.000 0.000 0.000 0.000 0.000 0.000 0.000 0.000 0.000 0.000 0.000 0.000 0.000 0.032 0.322 0.931 0.760 0.176 0.011 0.028 0.299 0.912 0.788 0.193 0.013 0.000 0.000 0.000 
0.000 0.000 0.000 0.000 0.000 0.000 0.000 0.000 0.000 0.000 0.000 0.000 0.000 0.000 0.000 0.000 0.000 0.029 0.304 0.916 0.782 0.189 0.013 0.025 0.281 0.896 0.809 0.206 0.015 0.000 
0.000 0.000 0.000 0.000 0.000 0.000 0.000 0.000 0.000 0.000 0.000 0.000 0.000 0.000 0.000 0.000 0.000 0.000 0.000 0.026 0.286 0.901 0.803 0.202 0.014 0.022 0.264 0.879 0.829 0.221 
0.221 0.017 0.000 0.000 0.000 0.000 0.000 0.000 0.000 0.000 0.000 0.000 0.000 0.000 0.000 0.000 0.000 0.000 0.000 0.000 0.000 0.023 0.269 0.884 0.823 0.217 0.016 0.020 0.248 0.861 
0.861 0.848 0.236 0.019 0.000 0.000 0.000 0.000 0.000 0.000 0.000 0.000 0.000 0.000 0.000 0.000 0.000 0.000 0.000 0.000 0.000 0.000 0.000 0.021 0.252 0.867 0.843 0.232 0.018 0.018 
0.018 0.232 0.843 0.867 0.252 0.021 0.000 0.000 0.000 0.000 0.000 0.000 0.000 0.000 0.000 0.000 0.000 0.000 0.000 0.000 0.000 0.000 0.000 0.000 0.000 0.019 0.236 0.848 0.861 0.248 
0.248 0.020 0.016 0.217 0.823 0.884 0.269 0.023 0.000 0.000 0.000 0.000 0.000 0.000 0.000 0.000 0.000 0.000 0.000 0.000 0.000 0.000 0.000 0.000 0.000 0.000 0.000 0.017 0.221 0.829 
0.829 0.879 0.264 0.022 0.014 0.202 0.803 0.901 0.286 0.026 0.000 0.000 0.000 0.000 0.000 0.000 0.000 0.000 0.000 0.000 0.000 0.000 0.000 0.000 0.000 0.000 0.000 0.000 0.000 0.015 
0.015 0.206 0.809 0.896 0.281 0.025 0.013 0.189 0.782 0.916 0.304 0.029 0.000 0.000 0.000 0.000 0.000 0.000 0.000 0.000 0.000 0.000 0.000 0.000 0.000 0.000 0.000 0.000 0.000 0.000 
0.000 0.000 0.013 0.193 0.788 0.912 0.299 0.028 0.011 0.176 0.760 0.931 0.322 0.032 0.000 0.000 0.000 0.000 0.000 0.000 0.000 0.000 0.000 0.000 0.000 0.000 0.000 0.000 0.000 0.000 
0.000 0.000 0.000 0.000 0.012 0.179 0.766 0.927 0.317 0.031 0.010 0.163 0.738 0.944 0.341 0.035 0.000 0.000 0.000 0.000 0.000 0.000 0.000 0.000 0.000 0.000 0.000 0.000 0.000 0.000 
0.000 0.000 0.000 0.000 0.000 0.000 0.011 0.167 0.745 0.940 0.336 0.034 0.000 0.152 0.716 0.956 0.361 0.039 0.000 0.000 0.000 0.000 0.000 0.000 0.000 0.000 0.000 0.000 0.000 0.000 
0.000 0.000 0.000 0.000 0.000 0.000 0.000 0.000 0.000 0.155 0.722 0.952 0.355 0.038 0.000 0.141 0.693 0.966 0.381 0.043 0.000 0.000 0.000 0.000 0.000 0.000 0.000 0.000 0.000 0.000 
0.000 0.000 0.000 0.000 0.000 0.000 0.000 0.000 0.000 0.000 0.000 0.144 0.699 0.963 0.376 0.041 0.000 0.130 0.670 0.976 0.402 0.047 0.000 0.000 0.000 0.000 0.000 0.000 0.000 0.000 
0.000 0.000 0.000 0.000 0.000 0.000 0.000 0.000 0.000 0.000 0.000 0.000 0.000 0.133 0.676 0.973 0.396 0.046 0.000 0.120 0.646 0.983 0.423 0.052 0.000 0.000 0.000 0.000 0.000 0.000 
0.000 0.000 0.000 0.000 0.000 0.000 0.000 0.000 0.000 0.000 0.000 0.000 0.000 0.000 0.000 0.123 0.653 0.981 0.417 0.050 0.000 0.111 0.623 0.990 0.445 0.000 0.000 0.000 0.000 0.000 
0.000 0.000 0.000 0.000 0.000 0.000 0.000 0.000 0.000 0.000 0.000 0.000 0.000 0.000 0.000 0.000 0.000 0.113 0.630 0.988 0.439 0.055 0.000 0.102 0.599 0.995 0.000 0.000 0.000 0.000 
0.000 0.000 0.000 0.000 0.000 0.000 0.000 0.000 0.000 0.000 0.000 0.000 0.000 0.000 0.000 0.000 0.000 0.000 0.000 0.105 0.606 0.994 0.461 0.061 0.000 0.094 0.576 0.000 0.000 0.000 
0.000 0.000 0.000 0.000 0.000 0.000 0.000 0.000 0.000 0.000 0.000 0.000 0.000 0.000 0.000 0.000 0.000 0.000 0.000 0.000 0.000 0.096 0.582 0.998 0.483 0.066 0.000 0.086 0.000 0.000 
# 0 2 10 30
0.076 0.000 0.076 0.517 1.000 0.547 0.085 0.000 0.000 0.000 0.000 0.000 0.000 0.000 0.000 0.000 0.000 0.000 0.000 0.000 0.000 0.000 0.000 0.000 0.000 0.000 0.000 0.000 0.000 0.000 
0.000 0.000 0.000 0.000 0.000 0.000 0.000 0.000 0.000 0.000 0.000 0.000 0.000 0.000 0.000 0.000 0.000 0.000 0.000 0.000 0.547 1.000 0.517 0.076 0.000 0.076 0.517 1.000 0.547 0.085 
0.000 0.000 0.000 0.000 0.000 0.000 0.000 0.000 0.000 0.000 0.547 1.000 0.517 0.076 0.000 0.076 0.517 1.000 0.547 0.085 0.000 0.000 0.000 0.000 0.000 0.000 0.000 0.000 0.000 0.000 
0.547 1.000 0.517 0.076 0.000 0.076 0.517 1.000 0.547 0.085 0.000 0.000 0.000 0.000 0.000 0.000 0.000 0.000 0.000 0.000 0.000 0.000 0.000 0.000 0.000 0.000 0.000 0.000 0.000 0.000 
0.000 0.000 0.000 0.000 0.000 0.000 0.000 0.000 0.000 0.000 0.000 0.000 0.000 0.000 0.000 0.000 0.000 0.000 0.000 0.000 0.000 0.000 0.085 0.547 1.000 0.517 0.076 0.000 0.076 0.517 
0.000 0.000 0.000 0.000 0.000 0.000 0.000 0.000 0.000 0.000 0.000 0.000 0.085 0.547 1.000 0.517 0.076 0.000 0.076 0.517 1.000 0.547 0.085 0.000 0.000 0.000 0.000 0.000 0.000 0.000 
0.000 0.000 0.085 0.547 1.000 0.517 0.076 0.000 0.076 0.517 1.000 0.547 0.085 0.000 0.000 0.000 0.000 0.000 0.000 0.000 0.000 0.000 0.000 0.000 0.000 0.000 0.000 0.000 0.000 0.000 
1.000 0.547 0.085 0.000 0.000 0.000 0.000 0.000 0.000 0.000 0.000 0.000 0.000 0.000 0.000 0.000 0.000 0.000 0.000 0.000 0.000 0.000 0.000 0.000 0.000 0.085 0.547 1.000 0.517 0.076 
0.000 0.000 0.000 0.000 0.000 0.000 0.000 0.000 0.000 0.000 0.000 0.000 0.000 0.000 0.000 0.085 0.547 1.000 0.517 0.076 0.000 0.076 0.517 1.000 0.547 0.085 0.000 0.000 0.000 0.000 
0.000 0.000 0.000 0.000 0.000 0.085 0.547 1.000 0.517 0.076 0.000 0.076 0.517 1.000 0.547 0.085 0.000 0.000 0.000 0.000 0.000 0.000 0.000 0.000 0.000 0.000 0.000 0.000 0.000 0.000 
# 1 0 30 29
0.473 0.651 0.821 0.947 0.999 0.965 0.853 0.690 0.510 0.346 0.214 0.121 0.063 0.030 0.013 0.000 0.000 0.000 0.000 0.000 0.000 0.000 0.000 0.000 0.000 0.000 0.000 0.000 0.000 
0.479 0.657 0.826 0.950 1.000 0.963 0.848 0.684 0.504 0.341 0.210 0.119 0.061 0.029 0.013 0.000 0.000 0.000 0.000 0.000 0.000 0.000 0.000 0.000 0.000 0.000 0.000 0.000 0.805 
0.484 0.663 0.831 0.953 1.000 0.960 0.843 0.678 0.499 0.336 0.207 0.116 0.060 0.028 0.012 0.000 0.000 0.000 0.000 0.000 0.000 0.000 0.000 0.000 0.000 0.000 0.000 0.934 0.800 
0.490 0.669 0.836 0.956 1.000 0.957 0.838 0.672 0.493 0.331 0.203 0.114 0.059 0.028 0.012 0.000 0.000 0.000 0.000 0.000 0.000 0.000 0.000 0.000 0.000 0.000 0.997 0.930 0.795 
0.496 0.675 0.841 0.959 1.000 0.954 0.833 0.666 0.487 0.326 0.199 0.112 0.057 0.027 0.012 0.000 0.000 0.000 0.000 0.000 0.000 0.000 0.000 0.000 0.000 0.979 0.996 0.927 0.789 
0.502 0.681 0.846 0.961 1.000 0.951 0.828 0.660 0.481 0.321 0.196 0.109 0.056 0.026 0.011 0.000 0.000 0.000 0.000 0.000 0.000 0.000 0.000 0.000 0.885 0.981 0.995 0.923 0.784 
0.508 0.687 0.851 0.964 1.000 0.948 0.823 0.654 0.475 0.316 0.192 0.107 0.055 0.025 0.011 0.000 0.000 0.000 0.000 0.000 0.000 0.000 0.000 0.736 0.889 0.983 0.994 0.920 0.779 
0.514 0.693 0.856 0.967 0.999 0.945 0.818 0.648 0.470 0.311 0.189 0.105 0.053 0.025 0.011 0.000 0.000 0.000 0.000 0.000 0.000 0.000 0.564 0.742 0.894 0.985 0.993 0.916 0.773 
0.519 0.699 0.860 0.969 0.999 0.942 0.813 0.642 0.464 0.307 0.186 0.103 0.052 0.024 0.010 0.000 0.000 0.000 0.000 0.000 0.000 0.397 0.570 0.748 0.898 0.986 0.991 0.912 0.768 
0.525 0.705 0.865 0.971 0.998 0.939 0.808 0.636 0.458 0.302 0.182 0.101 0.051 0.023 0.000 0.000 0.000 0.000 0.000 0.000 0.258 0.403 0.576 0.753 0.902 0.988 0.990 0.908 0.762 
0.531 0.711 0.870 0.974 0.998 0.935 0.803 0.630 0.453 0.297 0.179 0.098 0.050 0.023 0.000 0.000 0.000 0.000 0.000 0.154 0.262 0.408 0.582 0.759 0.906 0.989 0.989 0.904 0.756 
0.537 0.716 0.874 0.976 0.997 0.932 0.797 0.624 0.447 0.293 0.176 0.096 0.048 0.022 0.000 0.000 0.000 0.000 0.085 0.157 0.266 0.414 0.588 0.765 0.910 0.991 0.987 0.900 0.751 
0.543 0.722 0.879 0.978 0.996 0.929 0.792 0.618 0.441 0.288 0.172 0.094 0.047 0.022 0.000 0.000 0.000 0.043 0.086 0.160 0.271 0.419 0.594 0.770 0.914 0.992 0.985 0.896 0.745 
0.549 0.728 0.883 0.980 0.995 0.925 0.786 0.612 0.436 0.284 0.169 0.092 0.046 0.021 0.000 0.000 0.020 0.044 0.088 0.163 0.275 0.425 0.600 0.776 0.918 0.993 0.984 0.892 0.739 
0.555 0.734 0.887 0.982 0.994 0.921 0.781 0.606 0.430 0.279 0.166 0.090 0.045 0.020 0.000 0.000 0.020 0.045 0.090 0.166 0.279 0.430 0.606 0.781 0.921 0.994 0.982 0.887 0.734 
0.561 0.739 0.892 0.984 0.993 0.918 0.776 0.600 0.425 0.275 0.163 0.088 0.044 0.020 0.000 0.000 0.021 0.046 0.092 0.169 0.284 0.436 0.612 0.786 0.925 0.995 0.980 0.883 0.728 
0.567 0.745 0.896 0.985 0.992 0.914 0.770 0.594 0.419 0.271 0.160 0.086 0.043 0.000 0.000 0.000 0.022 0.047 0.094 0.172 0.288 0.441 0.618 0.792 0.929 0.996 0.978 0.879 0.722 
0.573 0.751 0.900 0.987 0.991 0.910 0.765 0.588 0.414 0.266 0.157 0.085 0.000 0.000 0.000 0.000 0.022 0.048 0.096 0.176 0.293 0.447 0.624 0.797 0.932 0.997 0.976 0.874 0.716 
0.579 0.756 0.904 0.989 0.989 0.906 0.759 0.582 0.408 0.262 0.154 0.000 0.000 0.000 0.000 0.000 0.023 0.050 0.098 0.179 0.297 0.453 0.630 0.803 0.935 0.998 0.974 0.870 0.711 
0.585 0.762 0.908 0.990 0.988 0.902 0.753 0.576 0.403 0.258 0.000 0.000 0.000 0.000 0.000 0.000 0.023 0.051 0.101 0.182 0.302 0.458 0.636 0.808 0.939 0.998 0.971 0.865 0.705 
0.591 0.768 0.912 0.991 0.986 0.898 0.748 0.570 0.397 0.000 0.000 0.000 0.000 0.000 0.000 0.010 0.024 0.052 0.103 0.186 0.307 0.464 0.642 0.813 0.942 0.999 0.969 0.860 0.699 
0.597 0.773 0.916 0.993 0.985 0.894 0.742 0.564 0.000 0.000 0.000 0.000 0.000 0.000 0.000 0.011 0.025 0.053 0.105 0.189 0.311 0.470 0.648 0.818 0.945 0.999 0.967 0.856 0.693 
0.603 0.779 0.920 0.994 0.983 0.889 0.736 0.000 0.000 0.000 0.000 0.000 0.000 0.000 0.000 0.011 0.025 0.055 0.107 0.192 0.316 0.475 0.654 0.823 0.948 1.000 0.964 0.851 0.687 
0.609 0.784 0.923 0.995 0.981 0.885 0.000 0.000 0.000 0.000 0.000 0.000 0.000 0.000 0.000 0.011 0.026 0.056 0.109 0.196 0.321 0.481 0.660 0.828 0.951 1.000 0.961 0.846 0.681 
0.615 0.789 0.927 0.996 0.979 0.000 0.000 0.000 0.000 0.000 0.000 0.000 0.000 0.000 0.000 0.012 0.027 0.057 0.112 0.199 0.326 0.487 0.666 0.833 0.954 1.000 0.959 0.841 0.675 
0.621 0.795 0.930 0.997 0.000 0.000 0.000 0.000 0.000 0.000 0.000 0.000 0.000 0.000 0.000 0.012 0.028 0.059 0.114 0.203 0.331 0.493 0.672 0.838 0.957 1.000 0.956 0.836 0.669 
0.627 0.800 0.934 0.000 0.000 0.000 0.000 0.000 0.000 0.000 0.000 0.000 0.000 0.000 0.000 0.012 0.028 0.060 0.116 0.207 0.336 0.499 0.678 0.843 0.960 1.000 0.953 0.831 0.663 
0.633 0.805 0.000 0.000 0.000 0.000 0.000 0.000 0.000 0.000 0.000 0.000 0.000 0.000 0.000 0.013 0.029 0.061 0.119 0.210 0.341 0.504 0.684 0.848 0.963 1.000 0.950 0.826 0.657 
0.639 0.000 0.000 0.000 0.000 0.000 0.000 0.000 0.000 0.000 0.000 0.000 0.000 0.000 0.000 0.013 0.030 0.063 0.121 0.214 0.346 0.510 0.690 0.853 0.965 0.999 0.947 0.821 0.651 
0.000 0.000 0.000 0.000 0.000 0.000 0.000 0.000 0.000 0.000 0.000 0.000 0.000 0.000 0.000 0.000 0.000 0.000 0.000 0.000 0.000 0.000 0.000 0.000 0.000 0.000 0.000 0.000 0.000 
# 2 0 30 10
-0.958 -0.140 0.000 0.000 0.000 0.000 0.000 0.000 0.000 0.000 
-0.680 -0.958 -0.140 0.000 0.000 0.000 0.000 0.000 0.000 0.000 
-0.040 -0.680 -0.958 -0.140 0.000 0.000 0.000 0.000 0.000 0.000 
0.000 -0.040 -0.680 -0.958 -0.140 0.000 0.000 0.000 0.000 0.000 
0.000 0.000 -0.040 -0.680 -0.958 -0.140 0.000 0.000 0.000 0.000 
0.000 0.000 0.000 -0.040 -0.680 -0.958 -0.140 0.000 0.000 0.000 
0.000 0.000 0.000 0.000 -0.040 -0.680 -0.958 -0.140 0.000 0.000 
0.000 0.000 0.000 0.000 0.000 -0.040 -0.680 -0.958 -0.140 0.000 
0.000 0.000 0.000 0.000 0.000 0.000 -0.040 -0.680 -0.958 -0.140 
0.000 0.000 0.000 0.000 0.000 0.000 0.000 -0.040 -0.680 -0.958 
0.000 0.000 0.000 0.000 0.000 0.000 0.000 0.000 0.000 0.000 
0.000 0.000 0.000 0.000 0.000 0.000 0.000 0.000 0.000 0.000 
0.000 0.000 0.000 0.000 0.000 0.000 0.000 0.000 0.000 0.000 
0.000 0.000 0.000 0.000 0.000 0.000 0.000 0.000 0.000 0.000 
0.000 0.000 0.000 0.000 0.000 0.000 0.000 0.000 0.000 0.000 
0.000 0.000 0.000 0.000 0.000 0.000 0.000 0.000 0.000 0.000 
0.000 0.000 0.000 0.000 0.000 0.000 0.000 0.000 0.000 0.000 
0.000 0.000 0.000 0.000 0.000 0.000 0.000 0.000 0.000 0.000 
0.000 0.000 0.000 0.000 0.000 0.000 0.000 0.000 0.000 0.000 
0.000 0.000 0.000 0.000 0.000 0.000 0.000 0.000 0.000 0.000 
0.000 0.000 0.000 0.000 0.000 0.000 0.000 0.000 0.000 0.000 
0.000 0.000 0.000 0.000 0.000 0.000 0.000 0.000 0.000 0.000 
0.000 0.000 0.000 0.000 0.000 0.000 0.000 0.000 0.000 0.000 
0.000 0.000 0.000 0.000 0.000 0.000 0.000 0.000 0.000 0.000 
0.000 0.000 0.000 0.000 0.000 0.000 0.000 0.000 0.000 0.000 
0.000 0.000 0.000 0.000 0.000 0.000 0.000 0.000 0.000 0.000 
0.000 0.000 0.000 0.000 0.000 0.000 0.000 0.000 0.000 0.000 
0.000 0.000 0.000 0.000 0.000 0.000 0.000 0.000 0.000 0.000 
0.000 0.000 0.000 0.000 0.000 0.000 0.000 0.000 0.000 0.000 
0.000 0.000 0.000 0.000 0.000 0.000 0.000 0.000 0.000 0.000 
# 2 1 29 10
0.000 0.000 0.000 0.000 0.000 0.000 0.000 0.000 0.000 0.000 
0.000 0.000 0.000 0.000 0.000 0.000 0.000 0.000 0.000 0.000 
0.000 0.000 0.000 0.000 0.000 0.000 0.000 0.000 0.000 0.000 
0.000 0.000 0.000 0.000 0.000 0.000 0.000 0.000 0.000 0.000 
0.000 0.000 0.000 0.000 0.000 0.000 0.000 0.000 0.000 0.000 
0.000 0.000 0.000 0.000 0.000 0.000 0.000 0.000 0.000 0.000 
0.000 0.000 0.000 0.000 0.000 0.000 0.000 0.000 0.000 0.000 
0.000 0.000 0.000 0.000 0.000 0.000 0.000 0.000 0.000 0.000 
0.000 0.000 0.000 0.000 0.000 0.000 0.000 0.000 0.000 0.000 
0.000 0.000 0.000 0.000 0.000 0.000 0.000 0.000 0.000 0.000 
0.000 0.000 0.000 0.000 0.000 0.000 0.000 0.000 0.000 0.000 
0.000 0.000 0.000 0.000 0.000 0.000 0.000 0.000 0.000 0.000 
0.000 0.000 0.000 0.000 0.000 0.000 0.000 0.000 0.000 0.000 
0.000 0.000 0.000 0.000 0.000 0.000 0.000 0.000 0.000 0.000 
0.000 0.000 0.000 0.000 0.000 0.000 0.000 0.000 0.000 0.000 
0.000 0.000 0.000 0.000 0.000 0.000 0.000 0.000 0.000 0.000 
0.000 0.000 0.000 0.000 0.000 0.000 0.000 0.000 0.000 0.000 
0.000 0.000 0.000 0.000 0.000 0.000 0.000 0.000 0.000 0.000 
0.000 0.000 0.000 0.000 0.000 0.000 0.000 0.000 0.000 0.000 
0.000 0.000 0.000 0.000 0.000 0.000 0.000 0.000 0.000 0.000 
0.000 0.000 0.000 0.000 0.000 0.000 0.000 0.000 0.000 0.000 
0.000 0.000 0.000 0.000 0.000 0.000 0.000 0.000 0.000 0.000 
0.000 0.000 0.000 0.000 0.000 0.000 0.000 0.000 0.000 0.000 
0.000 0.000 0.000 0.000 0.000 0.000 0.000 0.000 0.000 0.000 
0.000 0.000 0.000 0.000 0.000 0.000 0.000 0.000 0.000 0.000 
0.000 0.000 0.000 0.000 0.000 0.000 0.000 0.000 0.000 0.000 
0.000 0.000 0.000 0.000 0.000 0.000 0.000 0.000 0.000 0.000 
0.000 0.000 0.000 0.000 0.000 0.000 0.000 0.000 0.000 0.000 
0.000 0.000 0.000 0.000 0.000 0.000 0.000 0.000 0.000 0.000 
