2.387654
3
# 0 1 1 30
0.000 0.000 0.000 0.000 0.000 0.000 0.000 0.015 0.158 0.646 1.000 0.586 0.130 0.011 0.000 0.000 0.011 0.130 0.586 1.000 0.646 0.158 0.015 0.000 0.000 0.000 0.000 0.000 0.000 0.000 
# 0 2 10 30
0.000 0.000 0.000 0.047 0.343 0.953 1.000 0.397 0.060 0.000 0.000 0.000 0.000 0.000 0.000 0.000 0.000 0.000 0.000 0.000 0.000 0.000 0.000 0.000 0.000 0.000 0.000 0.000 0.000 0.000 
0.000 0.000 0.000 0.000 0.000 0.000 0.000 0.000 0.000 0.000 0.000 0.000 0.000 0.000 0.000 0.000 0.000 0.000 0.000 0.000 0.953 0.343 0.047 0.000 0.000 0.000 0.047 0.343 0.953 1.000 
0.000 0.000 0.000 0.000 0.000 0.000 0.000 0.000 0.000 0.000 0.953 0.343 0.047 0.000 0.000 0.000 0.047 0.343 0.953 1.000 0.397 0.060 0.000 0.000 0.000 0.000 0.000 0.000 0.000 0.000 
0.953 0.343 0.047 0.000 0.000 0.000 0.047 0.343 0.953 1.000 0.397 0.060 0.000 0.000 0.000 0.000 0.000 0.000 0.000 0.000 0.000 0.000 0.000 0.000 0.000 0.000 0.000 0.000 0.000 0.000 
0.397 0.060 0.000 0.000 0.000 0.000 0.000 0.000 0.000 0.000 0.000 0.000 0.000 0.000 0.000 0.000 0.000 0.000 0.000 0.000 0.060 0.397 1.000 0.953 0.343 0.047 0.000 0.000 0.000 0.047 
0.000 0.000 0.000 0.000 0.000 0.000 0.000 0.000 0.000 0.000 0.060 0.397 1.000 0.953 0.343 0.047 0.000 0.000 0.000 0.047 0.343 0.953 1.000 0.397 0.060 0.000 0.000 0.000 0.000 0.000 
0.060 0.397 1.000 0.953 0.343 0.047 0.000 0.000 0.000 0.047 0.343 0.953 1.000 0.397 0.060 0.000 0.000 0.000 0.000 0.000 0.000 0.000 0.000 0.000 0.000 0.000 0.000 0.000 0.000 0.000 
0.343 0.953 1.000 0.397 0.060 0.000 0.000 0.000 0.000 0.000 0.000 0.000 0.000 0.000 0.000 0.000 0.000 0.000 0.000 0.000 0.000 0.000 0.000 0.060 0.397 1.000 0.953 0.343 0.047 0.000 
0.000 0.000 0.000 0.000 0.000 0.000 0.000 0.000 0.000 0.000 0.000 0.000 0.000 0.060 0.397 1.000 0.953 0.343 0.047 0.000 0.000 0.000 0.047 0.343 0.953 1.000 0.397 0.060 0.000 0.000 
0.000 0.000 0.000 0.060 0.397 1.000 0.953 0.343 0.047 0.000 0.000 0.000 0.047 0.343 0.953 1.000 0.397 0.060 0.000 0.000 0.000 0.000 0.000 0.000 0.000 0.000 0.000 0.000 0.000 0.000 
# 1 0 30 1
-0.061 
0.468 
0.986 
0.575 
0.941 
0.838 
0.823 
0.740 
0.000 
0.000 
0.000 
0.000 
0.000 
0.000 
0.000 
0.000 
0.000 
0.000 
0.000 
0.000 
0.000 
0.000 
0.000 
0.000 
0.000 
0.000 
0.000 
0.000 
0.000 
0.000 
# 2 0 30 10
0.614 0.783 0.919 0.993 0.987 0.904 0.761 0.591 0.422 0.277 
0.672 0.614 0.783 0.919 0.993 0.987 0.904 0.761 0.591 0.422 
0.834 0.672 0.614 0.783 0.919 0.993 0.987 0.904 0.761 0.591 
0.952 0.834 0.672 0.614 0.783 0.919 0.993 0.987 0.904 0.761 
1.000 0.952 0.834 0.672 0.614 0.783 0.919 0.993 0.987 0.904 
0.967 1.000 0.952 0.834 0.672 0.614 0.783 0.919 0.993 0.987 
0.861 0.967 1.000 0.952 0.834 0.672 0.614 0.783 0.919 0.993 
0.706 0.861 0.967 1.000 0.952 0.834 0.672 0.614 0.783 0.919 
0.533 0.706 0.861 0.967 1.000 0.952 0.834 0.672 0.614 0.783 
0.370 0.533 0.706 0.861 0.967 1.000 0.952 0.834 0.672 0.614 
0.463 0.626 0.786 0.915 0.989 0.992 0.924 0.798 0.640 0.580 
0.929 0.994 0.987 0.910 0.779 0.618 0.602 0.764 0.175 0.280 
0.895 0.758 0.596 0.624 0.109 0.187 0.297 0.437 0.599 0.761 
0.000 0.000 0.000 0.000 0.000 0.000 0.000 0.000 0.000 0.000 
0.000 0.000 0.000 0.000 0.000 0.000 0.000 0.000 0.000 0.000 
0.000 0.000 0.000 0.000 0.000 0.000 0.000 0.000 0.000 0.000 
0.000 0.000 0.000 0.000 0.000 0.000 0.000 0.000 0.000 0.000 
0.000 0.000 0.000 0.000 0.000 0.000 0.000 0.000 0.000 0.000 
0.000 0.000 0.000 0.000 0.000 0.000 0.000 0.000 0.000 0.000 
0.000 0.000 0.000 0.000 0.000 0.000 0.000 0.000 0.000 0.000 
0.000 0.000 0.000 0.000 0.000 0.000 0.000 0.000 0.000 0.000 
0.000 0.000 0.000 0.000 0.000 0.000 0.000 0.000 0.000 0.000 
0.000 0.000 0.000 0.000 0.000 0.000 0.000 0.000 0.000 0.000 
0.000 0.000 0.000 0.000 0.000 0.000 0.000 0.000 0.000 0.000 
0.000 0.000 0.000 0.000 0.000 0.000 0.000 0.000 0.000 0.000 
0.000 0.000 0.000 0.000 0.000 0.000 0.000 0.000 0.000 0.000 
0.000 0.000 0.000 0.000 0.000 0.000 0.000 0.000 0.000 0.000 
0.000 0.000 0.000 0.000 0.000 0.000 0.000 0.000 0.000 0.000 
0.000 0.000 0.000 0.000 0.000 0.000 0.000 0.000 0.000 0.000 
0.000 0.000 0.000 0.000 0.000 0.000 0.000 0.000 0.000 0.000 
# 2 1 1 10
0.579 0.641 0.799 0.924 0.992 0.989 0.915 0.785 0.626 0.463 
