1.942113
6
# 0 1 11 30
0.996 0.892 0.998 0.835 0.522 0.244 0.085 0.022 0.000 0.000 0.000 0.000 0.000 0.000 0.000 0.000 0.000 0.000 0.000 0.000 0.000 0.000 0.000 0.000 0.000 0.000 0.000 0.000 0.000 0.000 
0.000 0.000 0.000 0.000 0.000 0.000 0.000 0.000 0.000 0.000 0.000 0.000 0.000 0.000 0.000 0.000 0.000 0.000 0.000 0.383 0.699 0.954 0.973 0.947 0.979 0.756 0.437 0.189 0.061 0.015 
0.000 0.000 0.000 0.000 0.000 0.000 0.000 0.000 0.383 0.699 0.954 0.973 0.947 0.979 0.756 0.437 0.189 0.061 0.015 0.000 0.000 0.000 0.000 0.000 0.000 0.000 0.000 0.000 0.000 0.000 
0.973 0.947 0.979 0.756 0.437 0.189 0.061 0.015 0.000 0.000 0.000 0.000 0.000 0.000 0.000 0.000 0.000 0.000 0.000 0.000 0.000 0.000 0.000 0.000 0.000 0.000 0.000 0.017 0.068 0.206 
0.000 0.000 0.000 0.000 0.000 0.000 0.000 0.000 0.000 0.000 0.000 0.000 0.000 0.000 0.000 0.000 0.017 0.068 0.206 0.465 0.784 0.988 0.930 0.983 0.939 0.670 0.358 0.143 0.043 0.000 
0.000 0.000 0.000 0.000 0.000 0.017 0.068 0.206 0.465 0.784 0.988 0.930 0.983 0.939 0.670 0.358 0.143 0.043 0.000 0.000 0.000 0.000 0.000 0.000 0.000 0.000 0.000 0.000 0.000 0.000 
0.930 0.983 0.939 0.670 0.358 0.143 0.043 0.000 0.000 0.000 0.000 0.000 0.000 0.000 0.000 0.000 0.000 0.000 0.000 0.000 0.000 0.000 0.000 0.000 0.000 0.000 0.000 0.025 0.095 0.265 
0.000 0.000 0.000 0.000 0.000 0.000 0.000 0.000 0.000 0.000 0.000 0.000 0.000 0.000 0.000 0.000 0.025 0.095 0.265 0.552 0.859 1.000 0.870 0.999 0.882 0.581 0.287 0.106 0.029 0.000 
0.000 0.000 0.000 0.000 0.000 0.025 0.095 0.265 0.552 0.859 1.000 0.870 0.999 0.882 0.581 0.287 0.106 0.029 0.000 0.000 0.000 0.000 0.000 0.000 0.000 0.000 0.000 0.000 0.000 0.000 
0.870 0.999 0.882 0.581 0.287 0.106 0.029 0.000 0.000 0.000 0.000 0.000 0.000 0.000 0.000 0.000 0.000 0.000 0.000 0.000 0.000 0.000 0.000 0.000 0.000 0.000 0.000 0.038 0.129 0.333 
0.000 0.000 0.000 0.000 0.000 0.000 0.000 0.000 0.000 0.000 0.000 0.000 0.000 0.000 0.000 0.000 0.038 0.129 0.333 0.641 0.922 0.991 0.912 0.994 0.810 0.493 0.225 0.076 0.019 0.000 
# 0 2 9 30
1.000 0.901 0.998 0.912 0.623 0.318 0.121 0.035 0.000 0.000 0.000 0.000 0.000 0.000 0.000 0.000 0.000 0.000 0.000 0.000 0.000 0.000 0.000 0.000 0.000 0.000 0.000 0.000 0.000 0.000 
0.000 0.000 0.000 0.000 0.000 0.000 0.000 0.000 0.000 0.000 0.000 0.000 0.000 0.000 0.000 0.000 0.000 0.000 0.000 0.000 0.000 0.173 0.411 0.730 0.970 0.964 0.964 0.970 0.730 0.411 
0.000 0.000 0.000 0.000 0.000 0.000 0.000 0.000 0.000 0.000 0.000 0.000 0.173 0.411 0.730 0.970 0.964 0.964 0.970 0.730 0.411 0.173 0.054 0.013 0.000 0.000 0.000 0.000 0.000 0.000 
0.000 0.000 0.000 0.173 0.411 0.730 0.970 0.964 0.964 0.970 0.730 0.411 0.173 0.054 0.013 0.000 0.000 0.000 0.000 0.000 0.000 0.000 0.000 0.000 0.000 0.000 0.000 0.000 0.000 0.000 
0.970 0.730 0.411 0.173 0.054 0.013 0.000 0.000 0.000 0.000 0.000 0.000 0.000 0.000 0.000 0.000 0.000 0.000 0.000 0.000 0.000 0.000 0.000 0.000 0.000 0.000 0.035 0.121 0.318 0.623 
0.000 0.000 0.000 0.000 0.000 0.000 0.000 0.000 0.000 0.000 0.000 0.000 0.000 0.000 0.000 0.000 0.000 0.035 0.121 0.318 0.623 0.912 0.998 0.901 1.000 0.829 0.514 0.238 0.083 0.021 
0.000 0.000 0.000 0.000 0.000 0.000 0.000 0.000 0.035 0.121 0.318 0.623 0.912 0.998 0.901 1.000 0.829 0.514 0.238 0.083 0.021 0.000 0.000 0.000 0.000 0.000 0.000 0.000 0.000 0.000 
0.121 0.318 0.623 0.912 0.998 0.901 1.000 0.829 0.514 0.238 0.083 0.021 0.000 0.000 0.000 0.000 0.000 0.000 0.000 0.000 0.000 0.000 0.000 0.000 0.000 0.000 0.000 0.000 0.000 0.000 
0.238 0.083 0.021 0.000 0.000 0.000 0.000 0.000 0.000 0.000 0.000 0.000 0.000 0.000 0.000 0.000 0.000 0.000 0.000 0.000 0.000 0.000 0.000 0.021 0.083 0.238 0.514 0.829 1.000 0.901 
# 0 3 22 30
0.902 0.994 0.912 0.626 0.321 0.123 0.035 0.000 0.000 0.000 0.000 0.000 0.000 0.000 0.000 0.000 0.000 0.000 0.000 0.000 0.000 0.000 0.000 0.000 0.000 0.000 0.000 0.000 0.000 0.000 
0.000 0.000 0.000 0.000 0.000 0.000 0.000 0.000 0.961 0.967 0.954 0.973 0.742 0.423 0.180 0.057 0.014 0.000 0.000 0.000 0.000 0.000 0.000 0.000 0.000 0.000 0.000 0.000 0.000 0.000 
0.000 0.000 0.000 0.000 0.000 0.000 0.000 0.000 0.000 0.000 0.000 0.000 0.000 0.000 0.000 0.000 0.596 0.892 0.998 0.881 0.999 0.847 0.537 0.254 0.090 0.024 0.000 0.000 0.000 0.000 
0.537 0.254 0.090 0.024 0.000 0.000 0.000 0.000 0.000 0.000 0.000 0.000 0.000 0.000 0.000 0.000 0.000 0.000 0.000 0.000 0.000 0.000 0.000 0.000 0.215 0.479 0.797 0.991 0.921 0.987 
0.000 0.000 0.215 0.479 0.797 0.991 0.921 0.987 0.931 0.656 0.345 0.136 0.040 0.000 0.000 0.000 0.000 0.000 0.000 0.000 0.000 0.000 0.000 0.000 0.000 0.000 0.000 0.000 0.000 0.000 
0.000 0.000 0.000 0.000 0.000 0.000 0.000 0.000 0.000 0.000 0.045 0.150 0.370 0.685 0.947 0.979 0.939 0.983 0.770 0.451 0.197 0.065 0.016 0.000 0.000 0.000 0.000 0.000 0.000 0.000 
0.016 0.000 0.000 0.000 0.000 0.000 0.000 0.000 0.000 0.000 0.000 0.000 0.000 0.000 0.000 0.000 0.000 0.000 0.000 0.027 0.100 0.276 0.566 0.871 1.000 0.859 1.000 0.871 0.566 0.276 
0.566 0.871 1.000 0.859 1.000 0.871 0.566 0.276 0.100 0.027 0.000 0.000 0.000 0.000 0.000 0.000 0.000 0.000 0.000 0.000 0.000 0.000 0.000 0.000 0.000 0.000 0.000 0.000 0.016 0.065 
0.000 0.000 0.000 0.000 0.000 0.000 0.016 0.065 0.197 0.451 0.770 0.983 0.939 0.979 0.947 0.685 0.370 0.150 0.045 0.010 0.000 0.000 0.000 0.000 0.000 0.000 0.000 0.000 0.000 0.000 
0.000 0.000 0.000 0.000 0.000 0.000 0.000 0.000 0.000 0.000 0.000 0.000 0.000 0.000 0.000 0.000 0.040 0.136 0.345 0.656 0.931 0.987 0.921 0.991 0.797 0.479 0.215 0.072 0.018 0.000 
0.921 0.991 0.797 0.479 0.215 0.072 0.018 0.000 0.000 0.000 0.000 0.000 0.000 0.000 0.000 0.000 0.000 0.000 0.000 0.000 0.000 0.000 0.000 0.000 0.000 0.024 0.090 0.254 0.537 0.847 
0.000 0.000 0.000 0.024 0.090 0.254 0.537 0.847 0.999 0.881 0.998 0.892 0.596 0.298 0.111 0.031 0.000 0.000 0.000 0.000 0.000 0.000 0.000 0.000 0.000 0.000 0.000 0.000 0.000 0.000 
0.000 0.000 0.000 0.000 0.000 0.000 0.000 0.000 0.000 0.000 0.000 0.000 0.014 0.057 0.180 0.423 0.742 0.973 0.954 0.967 0.961 0.714 0.396 0.165 0.051 0.012 0.000 0.000 0.000 0.000 
0.396 0.165 0.051 0.012 0.000 0.000 0.000 0.000 0.000 0.000 0.000 0.000 0.000 0.000 0.000 0.000 0.000 0.000 0.000 0.000 0.000 0.000 0.035 0.123 0.321 0.626 0.912 0.994 0.902 0.996 
0.035 0.123 0.321 0.626 0.912 0.994 0.902 0.996 0.823 0.508 0.234 0.081 0.021 0.000 0.000 0.000 0.000 0.000 0.000 0.000 0.000 0.000 0.000 0.000 0.000 0.000 0.000 0.000 0.000 0.000 
0.000 0.000 0.000 0.000 0.000 0.000 0.000 0.000 0.000 0.021 0.081 0.234 0.508 0.823 0.996 0.902 0.994 0.912 0.626 0.321 0.123 0.035 0.000 0.000 0.000 0.000 0.000 0.000 0.000 0.000 
0.000 0.000 0.000 0.000 0.000 0.000 0.000 0.000 0.000 0.000 0.000 0.000 0.000 0.000 0.000 0.000 0.000 0.000 0.012 0.051 0.165 0.396 0.714 0.961 0.967 0.954 0.973 0.742 0.423 0.180 
0.714 0.961 0.967 0.954 0.973 0.742 0.423 0.180 0.057 0.014 0.000 0.000 0.000 0.000 0.000 0.000 0.000 0.000 0.000 0.000 0.000 0.000 0.000 0.000 0.000 0.000 0.000 0.000 0.031 0.111 
0.000 0.000 0.000 0.000 0.000 0.000 0.031 0.111 0.298 0.596 0.892 0.998 0.881 0.999 0.847 0.537 0.254 0.090 0.024 0.000 0.000 0.000 0.000 0.000 0.000 0.000 0.000 0.000 0.000 0.000 
0.000 0.000 0.000 0.000 0.000 0.000 0.000 0.000 0.000 0.000 0.000 0.000 0.000 0.000 0.000 0.018 0.072 0.215 0.479 0.797 0.991 0.921 0.987 0.931 0.656 0.345 0.136 0.040 0.000 0.000 
0.987 0.931 0.656 0.345 0.136 0.040 0.000 0.000 0.000 0.000 0.000 0.000 0.000 0.000 0.000 0.000 0.000 0.000 0.000 0.000 0.000 0.000 0.000 0.000 0.010 0.045 0.150 0.370 0.685 0.947 
0.000 0.000 0.010 0.045 0.150 0.370 0.685 0.947 0.979 0.939 0.983 0.770 0.451 0.197 0.065 0.016 0.000 0.000 0.000 0.000 0.000 0.000 0.000 0.000 0.000 0.000 0.000 0.000 0.000 0.000 
# 0 4 12 30
0.997 0.924 1.000 0.809 0.490 0.222 0.075 0.019 0.000 0.000 0.000 0.000 0.000 0.000 0.000 0.000 0.000 0.000 0.000 0.000 0.000 0.000 0.000 0.000 0.000 0.000 0.000 0.000 0.000 0.000 
0.000 0.000 0.000 0.000 0.000 0.000 0.000 0.000 0.000 0.000 0.000 0.000 0.000 0.000 0.000 0.000 0.000 0.000 0.490 0.809 1.000 0.924 0.997 0.933 0.653 0.342 0.134 0.039 0.000 0.000 
0.000 0.000 0.000 0.000 0.000 0.000 0.490 0.809 1.000 0.924 0.997 0.933 0.653 0.342 0.134 0.039 0.000 0.000 0.000 0.000 0.000 0.000 0.000 0.000 0.000 0.000 0.000 0.000 0.000 0.000 
0.653 0.342 0.134 0.039 0.000 0.000 0.000 0.000 0.000 0.000 0.000 0.000 0.000 0.000 0.000 0.000 0.000 0.000 0.000 0.000 0.000 0.000 0.000 0.000 0.039 0.134 0.342 0.653 0.933 0.997 
0.000 0.000 0.000 0.000 0.000 0.000 0.000 0.000 0.000 0.000 0.000 0.000 0.039 0.134 0.342 0.653 0.933 0.997 0.924 1.000 0.809 0.490 0.222 0.075 0.019 0.000 0.000 0.000 0.000 0.000 
0.039 0.134 0.342 0.653 0.933 0.997 0.924 1.000 0.809 0.490 0.222 0.075 0.019 0.000 0.000 0.000 0.000 0.000 0.000 0.000 0.000 0.000 0.000 0.000 0.000 0.000 0.000 0.000 0.000 0.000 
0.019 0.000 0.000 0.000 0.000 0.000 0.000 0.000 0.000 0.000 0.000 0.000 0.000 0.000 0.000 0.000 0.000 0.000 0.000 0.000 0.019 0.075 0.222 0.490 0.809 1.000 0.924 0.997 0.933 0.653 
0.000 0.000 0.000 0.000 0.000 0.000 0.000 0.000 0.019 0.075 0.222 0.490 0.809 1.000 0.924 0.997 0.933 0.653 0.342 0.134 0.039 0.000 0.000 0.000 0.000 0.000 0.000 0.000 0.000 0.000 
0.809 1.000 0.924 0.997 0.933 0.653 0.342 0.134 0.039 0.000 0.000 0.000 0.000 0.000 0.000 0.000 0.000 0.000 0.000 0.000 0.000 0.000 0.000 0.000 0.000 0.000 0.000 0.000 0.000 0.039 
0.000 0.000 0.000 0.000 0.000 0.000 0.000 0.000 0.000 0.000 0.000 0.000 0.000 0.000 0.000 0.000 0.000 0.039 0.134 0.342 0.653 0.933 0.997 0.924 1.000 0.809 0.490 0.222 0.075 0.019 
0.000 0.000 0.000 0.000 0.000 0.039 0.134 0.342 0.653 0.933 0.997 0.924 1.000 0.809 0.490 0.222 0.075 0.019 0.000 0.000 0.000 0.000 0.000 0.000 0.000 0.000 0.000 0.000 0.000 0.000 
1.000 0.809 0.490 0.222 0.075 0.019 0.000 0.000 0.000 0.000 0.000 0.000 0.000 0.000 0.000 0.000 0.000 0.000 0.000 0.000 0.000 0.000 0.000 0.000 0.000 0.019 0.075 0.222 0.490 0.809 
# 0 5 10 30
1.000 0.859 1.000 0.871 0.566 0.276 0.100 0.027 0.000 0.000 0.000 0.000 0.000 0.000 0.000 0.000 0.000 0.000 0.000 0.000 0.000 0.000 0.000 0.000 0.000 0.000 0.000 0.000 0.000 0.000 
0.000 0.000 0.000 0.000 0.000 0.000 0.000 0.000 0.000 0.000 0.000 0.000 0.000 0.000 0.000 0.000 0.000 0.000 0.000 0.000 0.276 0.566 0.871 1.000 0.859 1.000 0.871 0.566 0.276 0.100 
0.000 0.000 0.000 0.000 0.000 0.000 0.000 0.000 0.000 0.000 0.276 0.566 0.871 1.000 0.859 1.000 0.871 0.566 0.276 0.100 0.027 0.000 0.000 0.000 0.000 0.000 0.000 0.000 0.000 0.000 
0.276 0.566 0.871 1.000 0.859 1.000 0.871 0.566 0.276 0.100 0.027 0.000 0.000 0.000 0.000 0.000 0.000 0.000 0.000 0.000 0.000 0.000 0.000 0.000 0.000 0.000 0.000 0.000 0.000 0.000 
0.027 0.000 0.000 0.000 0.000 0.000 0.000 0.000 0.000 0.000 0.000 0.000 0.000 0.000 0.000 0.000 0.000 0.000 0.000 0.000 0.000 0.027 0.100 0.276 0.566 0.871 1.000 0.859 1.000 0.871 
0.000 0.000 0.000 0.000 0.000 0.000 0.000 0.000 0.000 0.000 0.000 0.027 0.100 0.276 0.566 0.871 1.000 0.859 1.000 0.871 0.566 0.276 0.100 0.027 0.000 0.000 0.000 0.000 0.000 0.000 
0.000 0.027 0.100 0.276 0.566 0.871 1.000 0.859 1.000 0.871 0.566 0.276 0.100 0.027 0.000 0.000 0.000 0.000 0.000 0.000 0.000 0.000 0.000 0.000 0.000 0.000 0.000 0.000 0.000 0.000 
0.566 0.276 0.100 0.027 0.000 0.000 0.000 0.000 0.000 0.000 0.000 0.000 0.000 0.000 0.000 0.000 0.000 0.000 0.000 0.000 0.000 0.000 0.000 0.000 0.027 0.100 0.276 0.566 0.871 1.000 
0.000 0.000 0.000 0.000 0.000 0.000 0.000 0.000 0.000 0.000 0.000 0.000 0.000 0.000 0.027 0.100 0.276 0.566 0.871 1.000 0.859 1.000 0.871 0.566 0.276 0.100 0.027 0.000 0.000 0.000 
0.000 0.000 0.000 0.000 0.027 0.100 0.276 0.566 0.871 1.000 0.859 1.000 0.871 0.566 0.276 0.100 0.027 0.000 0.000 0.000 0.000 0.000 0.000 0.000 0.000 0.000 0.000 0.000 0.000 0.000 
# 1 0 30 11
-0.996 -0.968 -0.833 -0.635 -0.428 -0.256 -0.135 -0.063 -0.026 0.000 0.000 
-0.051 -0.020 0.000 -0.998 -0.992 -0.976 -0.850 -0.656 -0.448 -0.271 -0.145 
-0.600 -0.397 -0.232 -0.120 -0.055 -0.022 -0.902 -0.995 -0.987 -0.983 -0.867 
-1.000 -0.998 -0.962 -0.821 -0.621 -0.416 -0.246 -0.129 -0.060 -0.705 -0.888 
-0.107 -0.551 -0.758 -0.925 -0.999 -0.994 -0.971 -0.839 -0.642 -0.435 -0.261 
-0.791 -0.586 -0.384 -0.223 -0.336 -0.530 -0.739 -0.912 -0.997 -0.990 -0.978 
-0.945 -1.000 -0.999 -0.955 -0.809 -0.607 -0.403 -0.177 -0.319 -0.509 -0.718 
-0.210 -0.366 -0.565 -0.771 -0.933 -1.000 -0.997 -0.965 -0.827 -0.628 -0.081 
-0.937 -0.778 -0.044 -0.099 -0.197 -0.348 -0.544 -0.752 -0.921 -0.998 -0.993 
-0.803 -0.952 -0.999 -1.000 -0.949 -0.016 -0.040 -0.092 -0.185 -0.330 -0.523 
-0.112 -0.219 -0.378 -0.579 -0.784 -0.941 -1.000 -0.998 0.000 -0.014 -0.037 
0.000 0.000 0.000 0.000 0.000 0.000 0.000 0.000 0.000 0.000 0.000 
0.000 0.000 0.000 0.000 0.000 0.000 0.000 0.000 0.000 0.000 0.000 
0.000 0.000 0.000 0.000 0.000 0.000 0.000 0.000 0.000 0.000 0.000 
0.000 0.000 0.000 0.000 0.000 0.000 0.000 0.000 0.000 0.000 0.000 
0.000 0.000 0.000 0.000 0.000 0.000 0.000 0.000 0.000 0.000 0.000 
0.000 0.000 0.000 0.000 0.000 0.000 0.000 0.000 0.000 0.000 0.000 
0.000 0.000 0.000 0.000 0.000 0.000 0.000 0.000 0.000 0.000 0.000 
0.000 0.000 0.000 0.000 0.000 0.000 0.000 0.000 0.000 0.000 0.000 
0.000 0.000 0.000 0.000 0.000 0.000 0.000 0.000 0.000 0.000 0.000 
0.000 0.000 0.000 0.000 0.000 0.000 0.000 0.000 0.000 0.000 0.000 
0.000 0.000 0.000 0.000 0.000 0.000 0.000 0.000 0.000 0.000 0.000 
0.000 0.000 0.000 0.000 0.000 0.000 0.000 0.000 0.000 0.000 0.000 
0.000 0.000 0.000 0.000 0.000 0.000 0.000 0.000 0.000 0.000 0.000 
0.000 0.000 0.000 0.000 0.000 0.000 0.000 0.000 0.000 0.000 0.000 
0.000 0.000 0.000 0.000 0.000 0.000 0.000 0.000 0.000 0.000 0.000 
0.000 0.000 0.000 0.000 0.000 0.000 0.000 0.000 0.000 0.000 0.000 
0.000 0.000 0.000 0.000 0.000 0.000 0.000 0.000 0.000 0.000 0.000 
0.000 0.000 0.000 0.000 0.000 0.000 0.000 0.000 0.000 0.000 0.000 
0.000 0.000 0.000 0.000 0.000 0.000 0.000 0.000 0.000 0.000 0.000 
# 1 2 9 11
-0.986 -0.994 -0.902 -0.724 -0.515 -0.324 -0.180 -0.089 -0.039 -0.015 0.000 
-0.015 0.000 -0.967 -0.996 -1.000 -0.931 -0.768 -0.561 -0.363 -0.208 -0.105 
-0.208 -0.105 -0.047 -0.019 -0.790 -0.944 -1.000 -0.999 -0.956 -0.810 -0.608 
-0.810 -0.608 -0.404 -0.238 -0.124 -0.057 -0.538 -0.746 -0.917 -0.998 -0.992 
-0.998 -0.992 -0.976 -0.850 -0.655 -0.447 -0.270 -0.145 -0.305 -0.492 -0.701 
-0.492 -0.701 -0.885 -0.990 -0.979 -0.990 -0.885 -0.701 -0.492 -0.305 -0.145 
-0.305 -0.145 -0.270 -0.447 -0.655 -0.850 -0.976 -0.992 -0.998 -0.917 -0.746 
-0.917 -0.746 -0.538 -0.057 -0.124 -0.238 -0.404 -0.608 -0.810 -0.956 -0.999 
-0.956 -0.999 -1.000 -0.944 -0.790 -0.019 -0.047 -0.105 -0.208 -0.363 -0.561 
# 1 3 22 11
-0.995 -0.975 -0.846 -0.650 -0.442 -0.266 -0.142 -0.067 -0.028 -0.010 0.000 
-1.000 -0.995 -0.975 -0.846 -0.650 -0.442 -0.266 -0.142 -0.067 -0.028 -0.010 
-0.922 -1.000 -0.995 -0.975 -0.846 -0.650 -0.442 -0.266 -0.142 -0.067 -0.028 
-0.753 -0.922 -1.000 -0.995 -0.975 -0.846 -0.650 -0.442 -0.266 -0.142 -0.067 
-0.544 -0.753 -0.922 -1.000 -0.995 -0.975 -0.846 -0.650 -0.442 -0.266 -0.142 
-0.348 -0.544 -0.753 -0.922 -1.000 -0.995 -0.975 -0.846 -0.650 -0.442 -0.266 
-0.197 -0.348 -0.544 -0.753 -0.922 -1.000 -0.995 -0.975 -0.846 -0.650 -0.442 
-0.099 -0.197 -0.348 -0.544 -0.753 -0.922 -1.000 -0.995 -0.975 -0.846 -0.650 
-0.044 -0.099 -0.197 -0.348 -0.544 -0.753 -0.922 -1.000 -0.995 -0.975 -0.846 
-0.017 -0.044 -0.099 -0.197 -0.348 -0.544 -0.753 -0.922 -1.000 -0.995 -0.975 
0.000 -0.017 -0.044 -0.099 -0.197 -0.348 -0.544 -0.753 -0.922 -1.000 -0.995 
0.000 0.000 0.000 0.000 0.000 0.000 0.000 0.000 0.000 0.000 0.000 
0.000 0.000 0.000 0.000 0.000 0.000 0.000 0.000 0.000 0.000 0.000 
0.000 0.000 0.000 0.000 0.000 0.000 0.000 0.000 0.000 0.000 0.000 
0.000 0.000 0.000 0.000 0.000 0.000 0.000 0.000 0.000 0.000 0.000 
0.000 0.000 0.000 0.000 0.000 0.000 0.000 0.000 0.000 0.000 0.000 
0.000 0.000 0.000 0.000 0.000 0.000 0.000 0.000 0.000 0.000 0.000 
0.000 0.000 0.000 0.000 0.000 0.000 0.000 0.000 0.000 0.000 0.000 
0.000 0.000 0.000 0.000 0.000 0.000 0.000 0.000 0.000 0.000 0.000 
0.000 0.000 0.000 0.000 0.000 0.000 0.000 0.000 0.000 0.000 0.000 
0.000 0.000 0.000 0.000 0.000 0.000 0.000 0.000 0.000 0.000 0.000 
0.000 0.000 0.000 0.000 0.000 0.000 0.000 0.000 0.000 0.000 0.000 
# 1 4 12 11
-0.982 -0.987 -0.879 -0.693 -0.483 -0.299 -0.163 -0.079 -0.034 -0.013 0.000 
-0.987 -0.983 -0.866 -0.675 -0.466 -0.285 -0.154 -0.074 -0.031 -0.012 -0.915 
-0.991 -0.977 -0.852 -0.658 -0.450 -0.272 -0.146 -0.069 -0.029 -0.760 -0.926 
-0.995 -0.970 -0.838 -0.640 -0.433 -0.260 -0.138 -0.065 -0.570 -0.776 -0.936 
-0.997 -0.963 -0.823 -0.623 -0.417 -0.247 -0.130 -0.386 -0.587 -0.792 -0.946 
-0.999 -0.955 -0.808 -0.605 -0.401 -0.236 -0.236 -0.401 -0.605 -0.808 -0.955 
-1.000 -0.946 -0.792 -0.587 -0.386 -0.130 -0.247 -0.417 -0.623 -0.823 -0.963 
-1.000 -0.936 -0.776 -0.570 -0.065 -0.138 -0.260 -0.433 -0.640 -0.838 -0.970 
-0.999 -0.926 -0.760 -0.029 -0.069 -0.146 -0.272 -0.450 -0.658 -0.852 -0.977 
-0.998 -0.915 -0.012 -0.031 -0.074 -0.154 -0.285 -0.466 -0.675 -0.866 -0.983 
-0.995 0.000 -0.013 -0.034 -0.079 -0.163 -0.299 -0.483 -0.693 -0.879 -0.987 
0.000 0.000 0.000 0.000 0.000 0.000 0.000 0.000 0.000 0.000 0.000 
# 2 0 30 9
0.716 0.925 0.275 0.019 0.000 0.000 0.000 0.000 0.000 
0.224 0.013 0.000 0.000 0.000 0.000 0.978 0.570 0.989 
0.000 0.000 0.000 0.679 0.947 0.644 0.964 0.331 0.026 
0.143 0.750 0.903 0.716 0.925 0.275 0.019 0.000 0.000 
0.848 0.785 0.876 0.224 0.013 0.000 0.000 0.086 0.606 
0.816 0.181 0.000 0.000 0.000 0.112 0.679 0.947 0.644 
0.000 0.000 0.000 0.143 0.750 0.903 0.716 0.925 0.275 
0.000 0.181 0.816 0.848 0.785 0.876 0.000 0.000 0.000 
0.876 0.785 0.848 0.000 0.000 0.000 0.000 0.000 0.112 
0.000 0.000 0.000 0.000 0.000 0.000 0.000 0.000 0.000 
0.000 0.000 0.000 0.000 0.000 0.000 0.000 0.000 0.000 
0.000 0.000 0.000 0.000 0.000 0.000 0.000 0.000 0.000 
0.000 0.000 0.000 0.000 0.000 0.000 0.000 0.000 0.000 
0.000 0.000 0.000 0.000 0.000 0.000 0.000 0.000 0.000 
0.000 0.000 0.000 0.000 0.000 0.000 0.000 0.000 0.000 
0.000 0.000 0.000 0.000 0.000 0.000 0.000 0.000 0.000 
0.000 0.000 0.000 0.000 0.000 0.000 0.000 0.000 0.000 
0.000 0.000 0.000 0.000 0.000 0.000 0.000 0.000 0.000 
0.000 0.000 0.000 0.000 0.000 0.000 0.000 0.000 0.000 
0.000 0.000 0.000 0.000 0.000 0.000 0.000 0.000 0.000 
0.000 0.000 0.000 0.000 0.000 0.000 0.000 0.000 0.000 
0.000 0.000 0.000 0.000 0.000 0.000 0.000 0.000 0.000 
0.000 0.000 0.000 0.000 0.000 0.000 0.000 0.000 0.000 
0.000 0.000 0.000 0.000 0.000 0.000 0.000 0.000 0.000 
0.000 0.000 0.000 0.000 0.000 0.000 0.000 0.000 0.000 
0.000 0.000 0.000 0.000 0.000 0.000 0.000 0.000 0.000 
0.000 0.000 0.000 0.000 0.000 0.000 0.000 0.000 0.000 
0.000 0.000 0.000 0.000 0.000 0.000 0.000 0.000 0.000 
0.000 0.000 0.000 0.000 0.000 0.000 0.000 0.000 0.000 
0.000 0.000 0.000 0.000 0.000 0.000 0.000 0.000 0.000 
# 2 1 11 9
0.527 0.997 0.433 0.043 0.000 0.000 0.000 0.000 0.000 
0.956 0.318 0.024 0.000 0.000 0.000 0.000 0.819 0.845 
0.222 0.013 0.000 0.000 0.000 0.267 0.919 0.726 0.896 
0.000 0.000 0.000 0.033 0.373 0.982 0.594 0.970 0.629 
0.000 0.000 0.057 0.497 1.000 0.462 1.000 0.497 0.057 
0.000 0.094 0.629 0.970 0.594 0.982 0.373 0.033 0.000 
0.148 0.759 0.896 0.726 0.919 0.267 0.000 0.000 0.000 
0.873 0.788 0.845 0.819 0.000 0.000 0.000 0.000 0.024 
0.660 0.938 0.000 0.000 0.000 0.000 0.000 0.043 0.433 
0.000 0.000 0.000 0.000 0.000 0.000 0.000 0.000 0.000 
0.000 0.000 0.000 0.000 0.000 0.000 0.000 0.000 0.000 
# 2 3 22 9
0.677 0.947 0.305 0.023 0.000 0.000 0.000 0.000 0.000 
0.012 0.000 0.000 0.000 0.000 0.994 0.510 0.999 0.449 
0.000 0.679 0.946 0.643 0.963 0.331 0.026 0.000 0.000 
0.772 0.885 0.233 0.014 0.000 0.000 0.060 0.513 0.998 
0.000 0.000 0.000 0.100 0.646 0.962 0.610 0.976 0.359 
0.156 0.775 0.883 0.741 0.908 0.255 0.017 0.000 0.000 
0.858 0.804 0.173 0.000 0.000 0.000 0.088 0.612 0.976 
0.000 0.000 0.000 0.140 0.743 0.907 0.709 0.929 0.000 
0.212 0.860 0.802 0.831 0.000 0.000 0.000 0.000 0.000 
0.000 0.000 0.000 0.000 0.000 0.000 0.000 0.000 0.000 
0.000 0.000 0.000 0.000 0.000 0.000 0.000 0.000 0.000 
0.000 0.000 0.000 0.000 0.000 0.000 0.000 0.000 0.000 
0.000 0.000 0.000 0.000 0.000 0.000 0.000 0.000 0.000 
0.000 0.000 0.000 0.000 0.000 0.000 0.000 0.000 0.000 
0.000 0.000 0.000 0.000 0.000 0.000 0.000 0.000 0.000 
0.000 0.000 0.000 0.000 0.000 0.000 0.000 0.000 0.000 
0.000 0.000 0.000 0.000 0.000 0.000 0.000 0.000 0.000 
0.000 0.000 0.000 0.000 0.000 0.000 0.000 0.000 0.000 
0.000 0.000 0.000 0.000 0.000 0.000 0.000 0.000 0.000 
0.000 0.000 0.000 0.000 0.000 0.000 0.000 0.000 0.000 
0.000 0.000 0.000 0.000 0.000 0.000 0.000 0.000 0.000 
0.000 0.000 0.000 0.000 0.000 0.000 0.000 0.000 0.000 
# 2 4 12 9
0.556 1.000 0.413 0.039 0.000 0.000 0.000 0.000 0.000 
0.263 0.017 0.000 0.000 0.000 0.000 0.920 0.739 0.896 
0.000 0.000 0.000 0.413 1.000 0.556 0.991 0.592 0.081 
0.081 0.592 0.991 0.556 1.000 0.413 0.039 0.000 0.000 
0.896 0.739 0.920 0.263 0.017 0.000 0.000 0.017 0.263 
0.773 0.153 0.000 0.000 0.000 0.039 0.413 1.000 0.556 
0.000 0.000 0.000 0.081 0.592 0.991 0.556 1.000 0.413 
0.000 0.153 0.773 0.896 0.739 0.920 0.000 0.000 0.000 
0.920 0.739 0.896 0.000 0.000 0.000 0.000 0.000 0.039 
0.000 0.000 0.000 0.000 0.000 0.000 0.000 0.000 0.000 
0.000 0.000 0.000 0.000 0.000 0.000 0.000 0.000 0.000 
0.000 0.000 0.000 0.000 0.000 0.000 0.000 0.000 0.000 
# 3 0 30 22
-0.761 -0.853 -0.927 -0.977 -0.999 -0.991 -0.954 -0.890 -0.806 -0.708 -0.603 -0.499 -0.400 -0.311 -0.235 -0.172 -0.122 -0.084 -0.056 -0.036 -0.023 -0.014 
-0.869 -0.781 -0.680 -0.575 -0.471 -0.375 -0.289 -0.216 -0.157 -0.111 -0.076 -0.050 -0.032 -0.020 -0.869 -0.781 -0.812 -0.895 -0.957 -0.993 -0.999 -0.975 
-0.199 -0.144 -0.100 -0.068 -0.045 -0.028 -0.923 -0.847 -0.755 -0.836 -0.914 -0.969 -0.997 -0.995 -0.963 -0.905 -0.824 -0.728 -0.624 -0.519 -0.419 -0.328 
-0.824 -0.768 -0.859 -0.931 -0.980 -1.000 -0.990 -0.950 -0.885 -0.800 -0.701 -0.596 -0.492 -0.393 -0.305 -0.230 -0.168 -0.119 -0.082 -0.055 -0.990 -0.950 
-0.935 -0.864 -0.775 -0.673 -0.568 -0.465 -0.369 -0.284 -0.212 -0.154 -0.108 -0.074 -1.000 -0.982 -0.935 -0.864 -0.774 -0.818 -0.900 -0.960 -0.994 -0.998 
-0.263 -0.195 -0.140 -0.098 -0.994 -0.998 -0.972 -0.918 -0.842 -0.748 -0.842 -0.918 -0.972 -0.998 -0.994 -0.960 -0.900 -0.818 -0.722 -0.617 -0.512 -0.412 
-0.900 -0.818 -0.774 -0.864 -0.935 -0.982 -1.000 -0.988 -0.947 -0.880 -0.794 -0.694 -0.589 -0.485 -0.387 -0.300 -0.225 -0.164 -0.935 -0.982 -1.000 -0.988 
-0.980 -0.931 -0.859 -0.768 -0.666 -0.561 -0.458 -0.363 -0.279 -0.208 -0.885 -0.950 -0.990 -1.000 -0.980 -0.931 -0.859 -0.768 -0.824 -0.905 -0.963 -0.995 
-0.339 -0.258 -0.824 -0.905 -0.963 -0.995 -0.997 -0.969 -0.914 -0.836 -0.755 -0.847 -0.923 -0.975 -0.999 -0.993 -0.957 -0.895 -0.812 -0.715 -0.610 -0.505 
-0.957 -0.895 -0.812 -0.781 -0.869 -0.939 -0.984 -1.000 -0.986 -0.943 -0.875 -0.787 -0.687 -0.582 -0.478 -0.381 -0.680 -0.781 -0.869 -0.939 -0.984 -1.000 
-0.999 -0.977 -0.927 -0.853 -0.762 -0.659 -0.554 -0.451 -0.603 -0.708 -0.806 -0.890 -0.954 -0.991 -0.999 -0.977 -0.927 -0.853 -0.761 -0.830 -0.909 -0.966 
-0.526 -0.631 -0.735 -0.830 -0.909 -0.966 -0.996 -0.996 -0.966 -0.909 -0.830 -0.761 -0.853 -0.927 -0.977 -0.999 -0.991 -0.954 -0.890 -0.806 -0.708 -0.603 
-0.991 -0.954 -0.890 -0.806 -0.787 -0.875 -0.943 -0.986 -1.000 -0.984 -0.939 -0.869 -0.781 -0.680 -0.381 -0.478 -0.582 -0.687 -0.787 -0.875 -0.943 -0.986 
-0.993 -0.999 -0.975 -0.923 -0.847 -0.755 -0.316 -0.406 -0.505 -0.610 -0.715 -0.812 -0.895 -0.957 -0.993 -0.999 -0.975 -0.923 -0.847 -0.755 -0.836 -0.914 
-0.432 -0.533 -0.638 -0.742 -0.836 -0.914 -0.969 -0.997 -0.995 -0.963 -0.905 -0.824 -0.768 -0.859 -0.931 -0.980 -1.000 -0.990 -0.950 -0.885 -0.208 -0.279 
-1.000 -0.990 -0.950 -0.885 -0.800 -0.793 -0.880 -0.947 -0.988 -1.000 -0.982 -0.935 -0.164 -0.225 -0.300 -0.387 -0.485 -0.589 -0.694 -0.794 -0.880 -0.947 
-0.960 -0.994 -0.998 -0.972 -0.128 -0.179 -0.244 -0.322 -0.412 -0.512 -0.617 -0.722 -0.818 -0.900 -0.960 -0.994 -0.998 -0.972 -0.918 -0.842 -0.748 -0.842 
-0.345 -0.438 -0.540 -0.645 -0.748 -0.842 -0.918 -0.972 -0.998 -0.994 -0.960 -0.900 -0.818 -0.774 -0.864 -0.935 -0.982 -1.000 -0.074 -0.108 -0.154 -0.212 
-0.982 -1.000 -0.988 -0.947 -0.880 -0.793 -0.800 -0.885 -0.950 -0.990 -0.055 -0.082 -0.119 -0.168 -0.230 -0.305 -0.393 -0.492 -0.596 -0.701 -0.800 -0.885 
-0.905 -0.963 -0.040 -0.061 -0.091 -0.131 -0.183 -0.249 -0.328 -0.419 -0.519 -0.624 -0.728 -0.824 -0.905 -0.963 -0.995 -0.997 -0.969 -0.914 -0.836 -0.755 
-0.268 -0.351 -0.445 -0.547 -0.652 -0.755 -0.847 -0.923 -0.975 -0.999 -0.993 -0.957 -0.895 -0.812 -0.781 -0.869 -0.020 -0.032 -0.050 -0.076 -0.111 -0.157 
-0.939 -0.984 -1.000 -0.986 -0.943 -0.875 -0.787 -0.806 -0.014 -0.023 -0.036 -0.056 -0.084 -0.122 -0.172 -0.235 -0.311 -0.400 -0.499 -0.603 -0.708 -0.806 
0.000 0.000 0.000 0.000 0.000 0.000 0.000 0.000 0.000 0.000 0.000 0.000 0.000 0.000 0.000 0.000 0.000 0.000 0.000 0.000 0.000 0.000 
0.000 0.000 0.000 0.000 0.000 0.000 0.000 0.000 0.000 0.000 0.000 0.000 0.000 0.000 0.000 0.000 0.000 0.000 0.000 0.000 0.000 0.000 
0.000 0.000 0.000 0.000 0.000 0.000 0.000 0.000 0.000 0.000 0.000 0.000 0.000 0.000 0.000 0.000 0.000 0.000 0.000 0.000 0.000 0.000 
0.000 0.000 0.000 0.000 0.000 0.000 0.000 0.000 0.000 0.000 0.000 0.000 0.000 0.000 0.000 0.000 0.000 0.000 0.000 0.000 0.000 0.000 
0.000 0.000 0.000 0.000 0.000 0.000 0.000 0.000 0.000 0.000 0.000 0.000 0.000 0.000 0.000 0.000 0.000 0.000 0.000 0.000 0.000 0.000 
0.000 0.000 0.000 0.000 0.000 0.000 0.000 0.000 0.000 0.000 0.000 0.000 0.000 0.000 0.000 0.000 0.000 0.000 0.000 0.000 0.000 0.000 
0.000 0.000 0.000 0.000 0.000 0.000 0.000 0.000 0.000 0.000 0.000 0.000 0.000 0.000 0.000 0.000 0.000 0.000 0.000 0.000 0.000 0.000 
0.000 0.000 0.000 0.000 0.000 0.000 0.000 0.000 0.000 0.000 0.000 0.000 0.000 0.000 0.000 0.000 0.000 0.000 0.000 0.000 0.000 0.000 
# 3 1 11 22
-0.797 -0.797 -0.883 -0.949 -0.989 -1.000 -0.981 -0.933 -0.862 -0.771 -0.670 -0.565 -0.461 -0.366 -0.281 -0.210 -0.152 -0.107 -0.073 -0.048 -0.031 -0.019 
-0.565 -0.461 -0.366 -0.281 -0.210 -0.152 -0.107 -0.073 -0.048 -0.031 -0.019 -0.949 -0.883 -0.797 -0.797 -0.883 -0.949 -0.989 -1.000 -0.981 -0.933 -0.862 
-0.949 -0.883 -0.797 -0.797 -0.883 -0.949 -0.989 -1.000 -0.981 -0.933 -0.862 -0.771 -0.670 -0.565 -0.461 -0.366 -0.281 -0.210 -0.152 -0.107 -0.073 -0.048 
-0.771 -0.670 -0.565 -0.461 -0.366 -0.281 -0.210 -0.152 -0.107 -0.073 -0.048 -1.000 -0.989 -0.949 -0.883 -0.797 -0.797 -0.883 -0.949 -0.989 -1.000 -0.981 
-1.000 -0.989 -0.949 -0.883 -0.797 -0.797 -0.883 -0.949 -0.989 -1.000 -0.981 -0.933 -0.862 -0.771 -0.670 -0.565 -0.461 -0.366 -0.281 -0.210 -0.152 -0.107 
-0.933 -0.862 -0.771 -0.670 -0.565 -0.461 -0.366 -0.281 -0.210 -0.152 -0.107 -0.933 -0.981 -1.000 -0.989 -0.949 -0.883 -0.797 -0.797 -0.883 -0.949 -0.989 
-0.933 -0.981 -1.000 -0.989 -0.949 -0.883 -0.797 -0.797 -0.883 -0.949 -0.989 -1.000 -0.981 -0.933 -0.862 -0.771 -0.670 -0.565 -0.461 -0.366 -0.281 -0.210 
-1.000 -0.981 -0.933 -0.862 -0.771 -0.670 -0.565 -0.461 -0.366 -0.281 -0.210 -0.771 -0.862 -0.933 -0.981 -1.000 -0.989 -0.949 -0.883 -0.797 -0.797 -0.883 
-0.771 -0.862 -0.933 -0.981 -1.000 -0.989 -0.949 -0.883 -0.797 -0.797 -0.883 -0.949 -0.989 -1.000 -0.981 -0.933 -0.862 -0.771 -0.670 -0.565 -0.461 -0.366 
-0.949 -0.989 -1.000 -0.981 -0.933 -0.862 -0.771 -0.670 -0.565 -0.461 -0.366 -0.565 -0.670 -0.771 -0.862 -0.933 -0.981 -1.000 -0.989 -0.949 -0.883 -0.797 
-0.565 -0.670 -0.771 -0.862 -0.933 -0.981 -1.000 -0.989 -0.949 -0.883 -0.797 -0.797 -0.883 -0.949 -0.989 -1.000 -0.981 -0.933 -0.862 -0.771 -0.670 -0.565 
# 3 2 9 22
-0.817 -0.775 -0.865 -0.936 -0.982 -1.000 -0.987 -0.946 -0.879 -0.793 -0.693 -0.588 -0.484 -0.386 -0.299 -0.225 -0.164 -0.116 -0.079 -0.053 -0.034 -0.021 
-0.793 -0.693 -0.588 -0.484 -0.386 -0.299 -0.225 -0.164 -0.116 -0.079 -0.053 -0.034 -0.021 -0.978 -0.929 -0.856 -0.765 -0.827 -0.907 -0.965 -0.996 -0.997 
-0.079 -0.053 -0.034 -0.021 -0.978 -0.929 -0.856 -0.765 -0.827 -0.907 -0.965 -0.996 -0.997 -0.968 -0.912 -0.833 -0.738 -0.635 -0.530 -0.428 -0.336 -0.256 
-0.907 -0.965 -0.996 -0.997 -0.968 -0.912 -0.833 -0.738 -0.635 -0.530 -0.428 -0.336 -0.256 -0.189 -0.135 -0.094 -0.063 -0.977 -0.999 -0.991 -0.954 -0.891 
-0.530 -0.428 -0.336 -0.256 -0.189 -0.135 -0.094 -0.063 -0.977 -0.999 -0.991 -0.954 -0.891 -0.807 -0.786 -0.874 -0.942 -0.986 -1.000 -0.984 -0.940 -0.870 
-0.999 -0.991 -0.954 -0.891 -0.807 -0.786 -0.874 -0.942 -0.986 -1.000 -0.984 -0.940 -0.870 -0.782 -0.682 -0.576 -0.473 -0.376 -0.290 -0.217 -0.158 -0.813 
-1.000 -0.984 -0.940 -0.870 -0.782 -0.682 -0.576 -0.473 -0.376 -0.290 -0.217 -0.158 -0.813 -0.896 -0.958 -0.993 -0.999 -0.974 -0.922 -0.846 -0.754 -0.837 
-0.290 -0.217 -0.158 -0.813 -0.896 -0.958 -0.993 -0.999 -0.974 -0.922 -0.846 -0.754 -0.837 -0.915 -0.970 -0.997 -0.995 -0.963 -0.904 -0.823 -0.727 -0.623 
-0.922 -0.846 -0.754 -0.837 -0.915 -0.970 -0.997 -0.995 -0.963 -0.904 -0.823 -0.727 -0.623 -0.518 -0.418 -0.327 -0.564 -0.670 -0.771 -0.861 -0.933 -0.981 
# 3 4 12 22
-0.789 -0.804 -0.889 -0.953 -0.991 -0.999 -0.978 -0.928 -0.854 -0.763 -0.661 -0.556 -0.453 -0.358 -0.275 -0.205 -0.148 -0.103 -0.070 -0.046 -0.030 -0.018 
-0.453 -0.358 -0.275 -0.205 -0.148 -0.103 -0.070 -0.046 -0.030 -0.018 -0.934 -0.863 -0.773 -0.820 -0.901 -0.961 -0.994 -0.998 -0.971 -0.917 -0.840 -0.747 
-0.773 -0.820 -0.901 -0.961 -0.994 -0.998 -0.971 -0.917 -0.840 -0.747 -0.644 -0.538 -0.437 -0.344 -0.262 -0.194 -0.139 -0.097 -0.066 -0.043 -0.999 -0.975 
-0.437 -0.344 -0.262 -0.194 -0.139 -0.097 -0.066 -0.043 -0.999 -0.975 -0.924 -0.849 -0.757 -0.834 -0.913 -0.969 -0.997 -0.995 -0.964 -0.906 -0.826 -0.730 
-0.757 -0.834 -0.913 -0.969 -0.997 -0.995 -0.964 -0.906 -0.826 -0.730 -0.626 -0.521 -0.420 -0.329 -0.250 -0.184 -0.132 -0.091 -0.964 -0.995 -0.997 -0.969 
-0.420 -0.329 -0.250 -0.184 -0.132 -0.091 -0.964 -0.995 -0.997 -0.969 -0.913 -0.834 -0.757 -0.849 -0.924 -0.975 -0.999 -0.992 -0.956 -0.894 -0.811 -0.713 
-0.757 -0.849 -0.924 -0.975 -0.999 -0.992 -0.956 -0.894 -0.811 -0.713 -0.608 -0.504 -0.404 -0.315 -0.238 -0.174 -0.840 -0.917 -0.971 -0.998 -0.994 -0.961 
-0.404 -0.315 -0.238 -0.174 -0.840 -0.917 -0.971 -0.998 -0.994 -0.961 -0.901 -0.820 -0.773 -0.863 -0.934 -0.981 -1.000 -0.988 -0.948 -0.881 -0.795 -0.696 
-0.773 -0.863 -0.934 -0.981 -1.000 -0.988 -0.948 -0.881 -0.795 -0.696 -0.591 -0.487 -0.389 -0.301 -0.661 -0.763 -0.854 -0.928 -0.978 -0.999 -0.991 -0.953 
-0.389 -0.301 -0.661 -0.763 -0.854 -0.928 -0.978 -0.999 -0.991 -0.953 -0.889 -0.804 -0.789 -0.876 -0.944 -0.986 -1.000 -0.983 -0.938 -0.868 -0.779 -0.679 
-0.789 -0.876 -0.944 -0.986 -1.000 -0.983 -0.938 -0.868 -0.779 -0.679 -0.573 -0.470 -0.470 -0.573 -0.679 -0.779 -0.868 -0.938 -0.983 -1.000 -0.986 -0.944 
-0.470 -0.573 -0.679 -0.779 -0.868 -0.938 -0.983 -1.000 -0.986 -0.944 -0.876 -0.789 -0.804 -0.889 -0.953 -0.991 -0.999 -0.978 -0.928 -0.854 -0.763 -0.661 
# 4 0 30 12
0.861 0.978 0.992 0.900 0.729 0.527 0.341 0.197 0.102 0.047 0.019 0.000 
0.488 0.309 0.174 0.088 0.040 0.016 0.942 0.829 0.962 0.998 0.926 0.767 
0.997 0.919 0.861 0.978 0.992 0.900 0.729 0.527 0.341 0.197 0.102 0.047 
0.870 0.689 0.488 0.309 0.174 0.088 0.948 1.000 0.942 0.829 0.962 0.998 
0.838 0.967 0.997 0.919 0.861 0.978 0.992 0.900 0.729 0.527 0.341 0.197 
0.990 0.982 0.870 0.689 0.488 0.309 0.608 0.804 0.948 1.000 0.942 0.829 
0.449 0.649 0.838 0.967 0.997 0.919 0.861 0.978 0.992 0.900 0.729 0.527 
0.892 0.892 0.990 0.982 0.870 0.689 0.249 0.412 0.608 0.804 0.948 1.000 
0.153 0.278 0.449 0.649 0.838 0.967 0.997 0.919 0.861 0.978 0.992 0.900 
0.982 0.990 0.892 0.892 0.990 0.982 0.065 0.134 0.249 0.412 0.608 0.804 
0.033 0.076 0.153 0.278 0.449 0.649 0.838 0.967 0.997 0.919 0.861 0.978 
0.689 0.870 0.982 0.990 0.892 0.892 0.011 0.028 0.065 0.134 0.249 0.412 
0.000 0.000 0.000 0.000 0.000 0.000 0.000 0.000 0.000 0.000 0.000 0.000 
0.000 0.000 0.000 0.000 0.000 0.000 0.000 0.000 0.000 0.000 0.000 0.000 
0.000 0.000 0.000 0.000 0.000 0.000 0.000 0.000 0.000 0.000 0.000 0.000 
0.000 0.000 0.000 0.000 0.000 0.000 0.000 0.000 0.000 0.000 0.000 0.000 
0.000 0.000 0.000 0.000 0.000 0.000 0.000 0.000 0.000 0.000 0.000 0.000 
0.000 0.000 0.000 0.000 0.000 0.000 0.000 0.000 0.000 0.000 0.000 0.000 
0.000 0.000 0.000 0.000 0.000 0.000 0.000 0.000 0.000 0.000 0.000 0.000 
0.000 0.000 0.000 0.000 0.000 0.000 0.000 0.000 0.000 0.000 0.000 0.000 
0.000 0.000 0.000 0.000 0.000 0.000 0.000 0.000 0.000 0.000 0.000 0.000 
0.000 0.000 0.000 0.000 0.000 0.000 0.000 0.000 0.000 0.000 0.000 0.000 
0.000 0.000 0.000 0.000 0.000 0.000 0.000 0.000 0.000 0.000 0.000 0.000 
0.000 0.000 0.000 0.000 0.000 0.000 0.000 0.000 0.000 0.000 0.000 0.000 
0.000 0.000 0.000 0.000 0.000 0.000 0.000 0.000 0.000 0.000 0.000 0.000 
0.000 0.000 0.000 0.000 0.000 0.000 0.000 0.000 0.000 0.000 0.000 0.000 
0.000 0.000 0.000 0.000 0.000 0.000 0.000 0.000 0.000 0.000 0.000 0.000 
0.000 0.000 0.000 0.000 0.000 0.000 0.000 0.000 0.000 0.000 0.000 0.000 
0.000 0.000 0.000 0.000 0.000 0.000 0.000 0.000 0.000 0.000 0.000 0.000 
0.000 0.000 0.000 0.000 0.000 0.000 0.000 0.000 0.000 0.000 0.000 0.000 
# 4 1 11 12
0.819 0.948 1.000 0.942 0.794 0.597 0.402 0.241 0.130 0.062 0.027 0.010 
0.010 0.965 0.835 0.938 1.000 0.952 0.810 0.616 0.418 0.254 0.138 0.067 
0.067 0.029 0.995 0.973 0.850 0.928 0.999 0.961 0.826 0.634 0.435 0.267 
0.267 0.146 0.072 0.897 0.992 0.979 0.864 0.916 0.997 0.969 0.841 0.653 
0.653 0.453 0.280 0.155 0.707 0.884 0.987 0.985 0.878 0.904 0.994 0.976 
0.976 0.856 0.671 0.470 0.294 0.488 0.689 0.870 0.982 0.990 0.892 0.892 
0.892 0.990 0.982 0.870 0.689 0.488 0.294 0.470 0.671 0.856 0.976 0.994 
0.994 0.904 0.878 0.985 0.987 0.884 0.707 0.155 0.280 0.453 0.653 0.841 
0.841 0.969 0.997 0.916 0.864 0.979 0.992 0.897 0.072 0.146 0.267 0.435 
0.435 0.634 0.826 0.961 0.999 0.928 0.850 0.973 0.995 0.029 0.067 0.138 
0.138 0.254 0.418 0.616 0.810 0.952 1.000 0.938 0.835 0.965 0.010 0.027 
# 4 2 9 12
0.840 0.935 1.000 0.955 0.816 0.622 0.424 0.258 0.141 0.068 0.030 0.012 
0.068 0.030 0.012 0.990 0.892 0.892 0.990 0.982 0.871 0.690 0.488 0.309 
0.690 0.488 0.309 0.174 0.088 0.040 0.955 1.000 0.935 0.840 0.968 0.997 
0.840 0.968 0.997 0.918 0.755 0.555 0.364 0.214 0.112 0.755 0.918 0.997 
0.755 0.918 0.997 0.968 0.840 0.935 1.000 0.955 0.816 0.622 0.424 0.258 
0.622 0.424 0.258 0.488 0.690 0.871 0.982 0.990 0.892 0.892 0.990 0.982 
0.892 0.990 0.982 0.871 0.690 0.488 0.258 0.424 0.622 0.816 0.955 1.000 
0.816 0.955 1.000 0.935 0.840 0.968 0.997 0.918 0.755 0.112 0.214 0.364 
0.112 0.214 0.364 0.555 0.755 0.918 0.997 0.968 0.840 0.935 1.000 0.955 
# 4 3 22 12
0.850 0.973 0.995 0.909 0.743 0.542 0.354 0.206 0.107 0.050 0.021 0.000 
0.034 0.013 0.938 0.835 0.965 0.998 0.921 0.760 0.560 0.369 0.217 0.114 
0.294 0.165 0.082 0.037 1.000 0.948 0.819 0.957 0.999 0.932 0.777 0.579 
0.870 0.689 0.488 0.309 0.174 0.088 0.932 0.999 0.957 0.819 0.948 1.000 
0.878 0.985 0.987 0.884 0.707 0.506 0.323 0.184 0.760 0.921 0.998 0.965 
0.969 0.997 0.916 0.864 0.979 0.992 0.897 0.725 0.524 0.338 0.542 0.743 
0.435 0.634 0.826 0.961 0.999 0.928 0.850 0.973 0.995 0.909 0.743 0.542 
0.841 0.653 0.254 0.418 0.616 0.810 0.952 1.000 0.938 0.835 0.965 0.998 
0.904 0.994 0.976 0.856 0.130 0.241 0.402 0.597 0.794 0.942 1.000 0.948 
0.982 0.990 0.892 0.892 0.990 0.982 0.058 0.122 0.229 0.385 0.579 0.777 
0.470 0.671 0.856 0.976 0.994 0.904 0.878 0.985 0.023 0.054 0.114 0.217 
0.077 0.155 0.280 0.453 0.653 0.841 0.969 0.997 0.916 0.864 0.000 0.021 
0.000 0.000 0.000 0.000 0.000 0.000 0.000 0.000 0.000 0.000 0.000 0.000 
0.000 0.000 0.000 0.000 0.000 0.000 0.000 0.000 0.000 0.000 0.000 0.000 
0.000 0.000 0.000 0.000 0.000 0.000 0.000 0.000 0.000 0.000 0.000 0.000 
0.000 0.000 0.000 0.000 0.000 0.000 0.000 0.000 0.000 0.000 0.000 0.000 
0.000 0.000 0.000 0.000 0.000 0.000 0.000 0.000 0.000 0.000 0.000 0.000 
0.000 0.000 0.000 0.000 0.000 0.000 0.000 0.000 0.000 0.000 0.000 0.000 
0.000 0.000 0.000 0.000 0.000 0.000 0.000 0.000 0.000 0.000 0.000 0.000 
0.000 0.000 0.000 0.000 0.000 0.000 0.000 0.000 0.000 0.000 0.000 0.000 
0.000 0.000 0.000 0.000 0.000 0.000 0.000 0.000 0.000 0.000 0.000 0.000 
0.000 0.000 0.000 0.000 0.000 0.000 0.000 0.000 0.000 0.000 0.000 0.000 
# 5 0 30 10
0.232 0.666 1.000 0.787 0.324 0.070 0.000 0.000 0.000 0.000 
0.355 0.232 0.666 1.000 0.787 0.324 0.070 0.000 0.000 0.000 
0.820 0.355 0.232 0.666 1.000 0.787 0.324 0.070 0.000 0.000 
0.992 0.820 0.355 0.232 0.666 1.000 0.787 0.324 0.070 0.000 
0.629 0.992 0.820 0.355 0.232 0.666 1.000 0.787 0.324 0.070 
0.209 0.629 0.992 0.820 0.355 0.232 0.666 1.000 0.787 0.324 
0.036 0.209 0.629 0.992 0.820 0.355 0.232 0.666 1.000 0.787 
0.000 0.036 0.209 0.629 0.992 0.820 0.355 0.232 0.666 1.000 
0.000 0.000 0.036 0.209 0.629 0.992 0.820 0.355 0.232 0.666 
0.000 0.000 0.000 0.036 0.209 0.629 0.992 0.820 0.355 0.232 
0.000 0.000 0.000 0.000 0.000 0.000 0.000 0.000 0.000 0.000 
0.000 0.000 0.000 0.000 0.000 0.000 0.000 0.000 0.000 0.000 
0.000 0.000 0.000 0.000 0.000 0.000 0.000 0.000 0.000 0.000 
0.000 0.000 0.000 0.000 0.000 0.000 0.000 0.000 0.000 0.000 
0.000 0.000 0.000 0.000 0.000 0.000 0.000 0.000 0.000 0.000 
0.000 0.000 0.000 0.000 0.000 0.000 0.000 0.000 0.000 0.000 
0.000 0.000 0.000 0.000 0.000 0.000 0.000 0.000 0.000 0.000 
0.000 0.000 0.000 0.000 0.000 0.000 0.000 0.000 0.000 0.000 
0.000 0.000 0.000 0.000 0.000 0.000 0.000 0.000 0.000 0.000 
0.000 0.000 0.000 0.000 0.000 0.000 0.000 0.000 0.000 0.000 
0.000 0.000 0.000 0.000 0.000 0.000 0.000 0.000 0.000 0.000 
0.000 0.000 0.000 0.000 0.000 0.000 0.000 0.000 0.000 0.000 
0.000 0.000 0.000 0.000 0.000 0.000 0.000 0.000 0.000 0.000 
0.000 0.000 0.000 0.000 0.000 0.000 0.000 0.000 0.000 0.000 
0.000 0.000 0.000 0.000 0.000 0.000 0.000 0.000 0.000 0.000 
0.000 0.000 0.000 0.000 0.000 0.000 0.000 0.000 0.000 0.000 
0.000 0.000 0.000 0.000 0.000 0.000 0.000 0.000 0.000 0.000 
0.000 0.000 0.000 0.000 0.000 0.000 0.000 0.000 0.000 0.000 
0.000 0.000 0.000 0.000 0.000 0.000 0.000 0.000 0.000 0.000 
0.000 0.000 0.000 0.000 0.000 0.000 0.000 0.000 0.000 0.000 
# 5 1 11 10
0.000 0.000 0.000 0.000 0.000 0.000 0.000 0.000 0.000 0.000 
0.000 0.000 0.000 0.000 0.000 0.000 0.000 0.000 0.000 0.000 
0.000 0.000 0.000 0.000 0.000 0.000 0.000 0.000 0.000 0.000 
0.000 0.000 0.000 0.000 0.000 0.000 0.000 0.000 0.000 0.000 
0.000 0.000 0.000 0.000 0.000 0.000 0.000 0.000 0.000 0.000 
0.000 0.000 0.000 0.000 0.000 0.000 0.000 0.000 0.000 0.000 
0.000 0.000 0.000 0.000 0.000 0.000 0.000 0.000 0.000 0.000 
0.000 0.000 0.000 0.000 0.000 0.000 0.000 0.000 0.000 0.000 
0.000 0.000 0.000 0.000 0.000 0.000 0.000 0.000 0.000 0.000 
0.000 0.000 0.000 0.000 0.000 0.000 0.000 0.000 0.000 0.000 
0.000 0.000 0.000 0.000 0.000 0.000 0.000 0.000 0.000 0.000 
# 5 2 9 10
0.000 0.000 0.000 0.000 0.000 0.000 0.000 0.000 0.000 0.000 
0.000 0.000 0.000 0.000 0.000 0.000 0.000 0.000 0.000 0.000 
0.000 0.000 0.000 0.000 0.000 0.000 0.000 0.000 0.000 0.000 
0.000 0.000 0.000 0.000 0.000 0.000 0.000 0.000 0.000 0.000 
0.000 0.000 0.000 0.000 0.000 0.000 0.000 0.000 0.000 0.000 
0.000 0.000 0.000 0.000 0.000 0.000 0.000 0.000 0.000 0.000 
0.000 0.000 0.000 0.000 0.000 0.000 0.000 0.000 0.000 0.000 
0.000 0.000 0.000 0.000 0.000 0.000 0.000 0.000 0.000 0.000 
0.000 0.000 0.000 0.000 0.000 0.000 0.000 0.000 0.000 0.000 
# 5 3 22 10
0.000 0.000 0.000 0.000 0.000 0.000 0.000 0.000 0.000 0.000 
0.000 0.000 0.000 0.000 0.000 0.000 0.000 0.000 0.000 0.000 
0.000 0.000 0.000 0.000 0.000 0.000 0.000 0.000 0.000 0.000 
0.000 0.000 0.000 0.000 0.000 0.000 0.000 0.000 0.000 0.000 
0.000 0.000 0.000 0.000 0.000 0.000 0.000 0.000 0.000 0.000 
0.000 0.000 0.000 0.000 0.000 0.000 0.000 0.000 0.000 0.000 
0.000 0.000 0.000 0.000 0.000 0.000 0.000 0.000 0.000 0.000 
0.000 0.000 0.000 0.000 0.000 0.000 0.000 0.000 0.000 0.000 
0.000 0.000 0.000 0.000 0.000 0.000 0.000 0.000 0.000 0.000 
0.000 0.000 0.000 0.000 0.000 0.000 0.000 0.000 0.000 0.000 
0.000 0.000 0.000 0.000 0.000 0.000 0.000 0.000 0.000 0.000 
0.000 0.000 0.000 0.000 0.000 0.000 0.000 0.000 0.000 0.000 
0.000 0.000 0.000 0.000 0.000 0.000 0.000 0.000 0.000 0.000 
0.000 0.000 0.000 0.000 0.000 0.000 0.000 0.000 0.000 0.000 
0.000 0.000 0.000 0.000 0.000 0.000 0.000 0.000 0.000 0.000 
0.000 0.000 0.000 0.000 0.000 0.000 0.000 0.000 0.000 0.000 
0.000 0.000 0.000 0.000 0.000 0.000 0.000 0.000 0.000 0.000 
0.000 0.000 0.000 0.000 0.000 0.000 0.000 0.000 0.000 0.000 
0.000 0.000 0.000 0.000 0.000 0.000 0.000 0.000 0.000 0.000 
0.000 0.000 0.000 0.000 0.000 0.000 0.000 0.000 0.000 0.000 
0.000 0.000 0.000 0.000 0.000 0.000 0.000 0.000 0.000 0.000 
0.000 0.000 0.000 0.000 0.000 0.000 0.000 0.000 0.000 0.000 
# 5 4 12 10
0.000 0.000 0.000 0.000 0.000 0.000 0.000 0.000 0.000 0.000 
0.000 0.000 0.000 0.000 0.000 0.000 0.000 0.000 0.000 0.000 
0.000 0.000 0.000 0.000 0.000 0.000 0.000 0.000 0.000 0.000 
0.000 0.000 0.000 0.000 0.000 0.000 0.000 0.000 0.000 0.000 
0.000 0.000 0.000 0.000 0.000 0.000 0.000 0.000 0.000 0.000 
0.000 0.000 0.000 0.000 0.000 0.000 0.000 0.000 0.000 0.000 
0.000 0.000 0.000 0.000 0.000 0.000 0.000 0.000 0.000 0.000 
0.000 0.000 0.000 0.000 0.000 0.000 0.000 0.000 0.000 0.000 
0.000 0.000 0.000 0.000 0.000 0.000 0.000 0.000 0.000 0.000 
0.000 0.000 0.000 0.000 0.000 0.000 0.000 0.000 0.000 0.000 
0.000 0.000 0.000 0.000 0.000 0.000 0.000 0.000 0.000 0.000 
0.000 0.000 0.000 0.000 0.000 0.000 0.000 0.000 0.000 0.000 
