2.416949
5
# 0 1 25 30
0.000 0.012 0.081 0.320 0.739 1.000 0.793 0.368 0.100 0.016 0.000 0.000 0.000 0.000 0.000 0.000 0.000 0.000 0.000 0.000 0.000 0.000 0.000 0.000 0.000 0.000 0.000 0.000 0.000 0.000 
0.000 0.000 0.000 0.000 0.000 0.028 0.000 0.000 0.058 0.254 0.652 0.982 0.867 0.448 0.136 0.024 0.000 0.000 0.000 0.000 0.000 0.000 0.000 0.000 0.000 0.000 0.000 0.000 0.000 0.000 
0.000 0.000 0.000 0.000 0.000 0.000 0.000 0.000 0.000 0.000 0.197 0.040 0.000 0.000 0.040 0.197 0.564 0.945 0.928 0.534 0.180 0.036 0.000 0.000 0.000 0.000 0.000 0.000 0.000 0.000 
0.000 0.000 0.000 0.000 0.000 0.000 0.000 0.000 0.000 0.000 0.000 0.000 0.000 0.000 0.000 0.652 0.254 0.058 0.000 0.000 0.028 0.150 0.477 0.889 0.972 0.622 0.233 0.051 0.000 0.000 
0.622 0.233 0.051 0.000 0.000 0.000 0.000 0.000 0.000 0.000 0.000 0.000 0.000 0.000 0.000 0.000 0.000 0.000 0.000 0.000 1.000 0.739 0.320 0.081 0.012 0.000 0.018 0.111 0.395 0.819 
0.000 0.018 0.111 0.395 0.819 0.996 0.710 0.296 0.073 0.010 0.000 0.000 0.000 0.000 0.000 0.000 0.000 0.000 0.000 0.000 0.000 0.000 0.000 0.000 0.000 0.710 0.996 0.819 0.395 0.111 
0.710 0.996 0.819 0.395 0.111 0.018 0.000 0.012 0.081 0.320 0.739 1.000 0.793 0.368 0.100 0.016 0.000 0.000 0.000 0.000 0.000 0.000 0.000 0.000 0.000 0.000 0.000 0.000 0.000 0.000 
0.000 0.000 0.000 0.000 0.000 0.233 0.622 0.972 0.889 0.477 0.150 0.028 0.000 0.000 0.058 0.254 0.652 0.982 0.867 0.448 0.136 0.024 0.000 0.000 0.000 0.000 0.000 0.000 0.000 0.000 
0.000 0.000 0.000 0.000 0.000 0.000 0.000 0.000 0.000 0.000 0.036 0.180 0.534 0.928 0.945 0.564 0.197 0.040 0.000 0.000 0.040 0.197 0.564 0.945 0.928 0.534 0.180 0.036 0.000 0.000 
0.534 0.180 0.036 0.000 0.000 0.000 0.000 0.000 0.000 0.000 0.000 0.000 0.000 0.000 0.000 0.000 0.024 0.136 0.448 0.867 0.982 0.652 0.254 0.058 0.000 0.000 0.028 0.150 0.477 0.889 
0.000 0.028 0.150 0.477 0.889 0.972 0.622 0.233 0.051 0.000 0.000 0.000 0.000 0.000 0.000 0.000 0.000 0.000 0.000 0.000 0.000 0.000 0.016 0.100 0.368 0.793 1.000 0.739 0.320 0.081 
0.793 1.000 0.739 0.320 0.081 0.012 0.000 0.018 0.111 0.395 0.819 0.996 0.710 0.296 0.073 0.010 0.000 0.000 0.000 0.000 0.000 0.000 0.000 0.000 0.000 0.000 0.000 0.000 0.010 0.073 
0.000 0.000 0.000 0.010 0.073 0.296 0.710 0.996 0.819 0.395 0.111 0.018 0.000 0.012 0.081 0.320 0.739 1.000 0.793 0.368 0.100 0.016 0.000 0.000 0.000 0.000 0.000 0.000 0.000 0.000 
0.000 0.000 0.000 0.000 0.000 0.000 0.000 0.000 0.000 0.000 0.051 0.233 0.622 0.972 0.889 0.477 0.150 0.028 0.000 0.000 0.058 0.254 0.652 0.982 0.867 0.448 0.136 0.024 0.000 0.000 
0.448 0.136 0.024 0.000 0.000 0.000 0.000 0.000 0.000 0.000 0.000 0.000 0.000 0.000 0.000 0.000 0.036 0.180 0.534 0.928 0.945 0.564 0.197 0.040 0.000 0.000 0.040 0.197 0.564 0.945 
0.000 0.040 0.197 0.564 0.945 0.928 0.534 0.180 0.036 0.000 0.000 0.000 0.000 0.000 0.000 0.000 0.000 0.000 0.000 0.000 0.000 0.000 0.024 0.136 0.448 0.867 0.982 0.652 0.254 0.058 
0.867 0.982 0.652 0.254 0.058 0.000 0.000 0.028 0.150 0.477 0.889 0.972 0.622 0.233 0.051 0.000 0.000 0.000 0.000 0.000 0.000 0.000 0.000 0.000 0.000 0.000 0.000 0.000 0.016 0.100 
0.000 0.000 0.000 0.016 0.100 0.368 0.793 1.000 0.739 0.320 0.081 0.012 0.000 0.018 0.111 0.395 0.819 0.996 0.710 0.296 0.073 0.010 0.000 0.000 0.000 0.000 0.000 0.000 0.000 0.000 
0.000 0.000 0.000 0.000 0.000 0.000 0.000 0.000 0.000 0.010 0.073 0.296 0.710 0.996 0.819 0.395 0.111 0.018 0.000 0.012 0.081 0.320 0.739 1.000 0.793 0.368 0.100 0.016 0.000 0.000 
0.368 0.100 0.016 0.000 0.000 0.000 0.000 0.000 0.000 0.000 0.000 0.000 0.000 0.000 0.000 0.000 0.051 0.233 0.622 0.972 0.889 0.477 0.150 0.028 0.000 0.000 0.058 0.254 0.652 0.982 
0.000 0.058 0.254 0.652 0.982 0.867 0.448 0.136 0.024 0.000 0.000 0.000 0.000 0.000 0.000 0.000 0.000 0.000 0.000 0.000 0.000 0.000 0.036 0.180 0.534 0.928 0.945 0.564 0.197 0.040 
0.928 0.945 0.564 0.197 0.040 0.000 0.000 0.040 0.197 0.564 0.945 0.928 0.534 0.180 0.036 0.000 0.000 0.000 0.000 0.000 0.000 0.000 0.000 0.000 0.000 0.000 0.000 0.000 0.024 0.136 
0.000 0.000 0.000 0.024 0.136 0.448 0.867 0.982 0.652 0.254 0.058 0.000 0.000 0.028 0.150 0.477 0.889 0.972 0.622 0.233 0.000 0.000 0.000 0.000 0.000 0.000 0.000 0.000 0.000 0.000 
0.000 0.000 0.000 0.000 0.000 0.000 0.000 0.000 0.000 0.016 0.100 0.368 0.793 1.000 0.739 0.320 0.081 0.012 0.000 0.018 0.111 0.395 0.819 0.996 0.710 0.000 0.000 0.000 0.000 0.000 
0.000 0.000 0.000 0.000 0.000 0.000 0.000 0.000 0.000 0.000 0.000 0.000 0.000 0.000 0.000 0.010 0.073 0.296 0.710 0.996 0.819 0.395 0.111 0.018 0.000 0.012 0.081 0.320 0.739 1.000 
# 0 2 4 30
0.461 0.141 0.025 0.000 0.000 0.064 0.272 0.682 1.000 0.859 0.433 0.128 0.022 0.000 0.000 0.000 0.000 0.000 0.000 0.000 0.000 0.000 0.000 0.000 0.000 0.000 0.000 0.000 0.000 0.000 
0.000 0.064 0.272 0.682 1.000 0.859 0.433 0.128 0.022 0.000 0.000 0.000 0.000 0.000 0.000 0.000 0.000 0.000 0.000 0.000 0.000 0.000 0.000 0.000 0.000 0.000 0.000 0.000 0.022 0.128 
1.000 0.859 0.433 0.128 0.022 0.000 0.000 0.000 0.000 0.000 0.000 0.000 0.000 0.000 0.000 0.000 0.000 0.000 0.000 0.000 0.000 0.000 0.000 0.000 0.022 0.128 0.433 0.859 1.000 0.682 
0.022 0.000 0.000 0.000 0.000 0.000 0.000 0.000 0.000 0.000 0.000 0.000 0.000 0.000 0.000 0.000 0.000 0.000 0.000 0.000 0.022 0.128 0.433 0.859 1.000 0.682 0.272 0.064 0.000 0.000 
# 0 3 29 30
0.000 0.014 0.093 0.349 0.772 1.000 0.759 0.337 0.088 0.013 0.000 0.000 0.000 0.000 0.000 0.000 0.000 0.000 0.000 0.000 0.000 0.000 0.000 0.000 0.000 0.000 0.000 0.000 0.000 0.000 
0.000 0.017 0.000 0.013 0.088 0.337 0.758 1.000 0.773 0.350 0.093 0.014 0.000 0.000 0.000 0.000 0.000 0.000 0.000 0.000 0.000 0.000 0.000 0.000 0.000 0.000 0.000 0.000 0.000 0.000 
0.000 0.000 0.109 0.018 0.000 0.012 0.083 0.324 0.744 0.999 0.787 0.363 0.098 0.016 0.000 0.000 0.000 0.000 0.000 0.000 0.000 0.000 0.000 0.000 0.000 0.000 0.000 0.000 0.000 0.000 
0.000 0.000 0.000 0.402 0.115 0.019 0.000 0.012 0.078 0.312 0.729 0.998 0.800 0.376 0.103 0.017 0.000 0.000 0.000 0.000 0.000 0.000 0.000 0.000 0.000 0.000 0.000 0.000 0.000 0.000 
0.000 0.000 0.000 0.000 0.839 0.416 0.121 0.021 0.000 0.011 0.074 0.300 0.715 0.996 0.814 0.389 0.109 0.018 0.000 0.000 0.000 0.000 0.000 0.000 0.000 0.000 0.000 0.000 0.000 0.000 
0.000 0.000 0.000 0.000 0.000 0.987 0.851 0.430 0.127 0.022 0.000 0.000 0.070 0.289 0.700 0.994 0.827 0.403 0.115 0.019 0.000 0.000 0.000 0.000 0.000 0.000 0.000 0.000 0.000 0.000 
0.000 0.000 0.000 0.000 0.000 0.000 0.655 0.982 0.863 0.444 0.134 0.024 0.000 0.000 0.066 0.277 0.685 0.990 0.839 0.417 0.121 0.021 0.000 0.000 0.000 0.000 0.000 0.000 0.000 0.000 
0.000 0.000 0.000 0.000 0.000 0.000 0.000 0.245 0.640 0.977 0.875 0.459 0.141 0.025 0.000 0.000 0.062 0.266 0.670 0.987 0.852 0.431 0.128 0.022 0.000 0.000 0.000 0.000 0.000 0.000 
0.000 0.000 0.000 0.000 0.000 0.000 0.000 0.000 0.052 0.235 0.625 0.972 0.886 0.473 0.148 0.027 0.000 0.000 0.058 0.256 0.655 0.982 0.864 0.445 0.134 0.024 0.000 0.000 0.000 0.000 
0.000 0.000 0.000 0.000 0.000 0.000 0.000 0.000 0.000 0.000 0.049 0.225 0.609 0.966 0.897 0.488 0.156 0.029 0.000 0.000 0.055 0.245 0.639 0.977 0.875 0.459 0.141 0.025 0.000 0.000 
0.000 0.000 0.000 0.000 0.000 0.000 0.000 0.000 0.000 0.000 0.000 0.000 0.046 0.216 0.594 0.959 0.907 0.503 0.163 0.031 0.000 0.000 0.052 0.235 0.624 0.972 0.886 0.474 0.148 0.027 
0.027 0.000 0.000 0.000 0.000 0.000 0.000 0.000 0.000 0.000 0.000 0.000 0.000 0.000 0.043 0.206 0.579 0.952 0.917 0.518 0.171 0.033 0.000 0.000 0.049 0.225 0.609 0.966 0.897 0.488 
0.488 0.156 0.029 0.000 0.000 0.000 0.000 0.000 0.000 0.000 0.000 0.000 0.000 0.000 0.000 0.000 0.040 0.197 0.564 0.944 0.926 0.533 0.179 0.035 0.000 0.000 0.046 0.215 0.594 0.959 
0.959 0.907 0.503 0.164 0.031 0.000 0.000 0.000 0.000 0.000 0.000 0.000 0.000 0.000 0.000 0.000 0.000 0.000 0.038 0.188 0.548 0.936 0.935 0.548 0.188 0.038 0.000 0.000 0.043 0.206 
0.206 0.578 0.951 0.917 0.518 0.172 0.033 0.000 0.000 0.000 0.000 0.000 0.000 0.000 0.000 0.000 0.000 0.000 0.000 0.000 0.036 0.180 0.533 0.927 0.944 0.563 0.197 0.040 0.000 0.000 
0.000 0.040 0.197 0.563 0.944 0.927 0.533 0.180 0.036 0.000 0.000 0.000 0.000 0.000 0.000 0.000 0.000 0.000 0.000 0.000 0.000 0.000 0.033 0.172 0.518 0.917 0.951 0.578 0.206 0.043 
0.043 0.000 0.000 0.038 0.188 0.548 0.935 0.936 0.548 0.188 0.038 0.000 0.000 0.000 0.000 0.000 0.000 0.000 0.000 0.000 0.000 0.000 0.000 0.000 0.031 0.164 0.503 0.907 0.959 0.594 
0.594 0.215 0.046 0.000 0.000 0.035 0.179 0.533 0.926 0.944 0.564 0.197 0.040 0.000 0.000 0.000 0.000 0.000 0.000 0.000 0.000 0.000 0.000 0.000 0.000 0.000 0.029 0.156 0.488 0.897 
0.897 0.966 0.609 0.225 0.049 0.000 0.000 0.033 0.171 0.518 0.917 0.952 0.579 0.206 0.043 0.000 0.000 0.000 0.000 0.000 0.000 0.000 0.000 0.000 0.000 0.000 0.000 0.000 0.027 0.148 
0.148 0.474 0.886 0.972 0.624 0.235 0.052 0.000 0.000 0.031 0.163 0.503 0.907 0.959 0.594 0.216 0.046 0.000 0.000 0.000 0.000 0.000 0.000 0.000 0.000 0.000 0.000 0.000 0.000 0.000 
0.000 0.025 0.141 0.459 0.875 0.977 0.639 0.245 0.055 0.000 0.000 0.029 0.156 0.488 0.897 0.966 0.609 0.225 0.049 0.000 0.000 0.000 0.000 0.000 0.000 0.000 0.000 0.000 0.000 0.000 
0.000 0.000 0.000 0.024 0.134 0.445 0.864 0.982 0.655 0.256 0.058 0.000 0.000 0.027 0.148 0.473 0.886 0.972 0.625 0.235 0.052 0.000 0.000 0.000 0.000 0.000 0.000 0.000 0.000 0.000 
0.000 0.000 0.000 0.000 0.000 0.022 0.128 0.431 0.852 0.987 0.670 0.266 0.062 0.000 0.000 0.025 0.141 0.459 0.875 0.977 0.640 0.245 0.000 0.000 0.000 0.000 0.000 0.000 0.000 0.000 
0.000 0.000 0.000 0.000 0.000 0.000 0.000 0.021 0.121 0.417 0.839 0.990 0.685 0.277 0.066 0.000 0.000 0.024 0.134 0.444 0.863 0.982 0.655 0.000 0.000 0.000 0.000 0.000 0.000 0.000 
0.000 0.000 0.000 0.000 0.000 0.000 0.000 0.000 0.000 0.019 0.115 0.403 0.827 0.994 0.700 0.289 0.070 0.000 0.000 0.022 0.127 0.430 0.851 0.987 0.000 0.000 0.000 0.000 0.000 0.000 
0.000 0.000 0.000 0.000 0.000 0.000 0.000 0.000 0.000 0.000 0.000 0.018 0.109 0.389 0.814 0.996 0.715 0.300 0.074 0.011 0.000 0.021 0.121 0.416 0.839 0.000 0.000 0.000 0.000 0.000 
0.000 0.000 0.000 0.000 0.000 0.000 0.000 0.000 0.000 0.000 0.000 0.000 0.000 0.017 0.103 0.376 0.800 0.998 0.729 0.312 0.078 0.012 0.000 0.019 0.115 0.402 0.000 0.000 0.000 0.000 
0.000 0.000 0.000 0.000 0.000 0.000 0.000 0.000 0.000 0.000 0.000 0.000 0.000 0.000 0.000 0.016 0.098 0.363 0.787 0.999 0.744 0.324 0.083 0.012 0.000 0.018 0.109 0.000 0.000 0.000 
0.000 0.000 0.000 0.000 0.000 0.000 0.000 0.000 0.000 0.000 0.000 0.000 0.000 0.000 0.000 0.000 0.000 0.014 0.093 0.350 0.773 1.000 0.758 0.337 0.088 0.013 0.000 0.017 0.000 0.000 
# 0 4 10 30
0.015 0.000 0.015 0.095 0.356 0.779 1.000 0.752 0.331 0.085 0.013 0.000 0.000 0.000 0.000 0.000 0.000 0.000 0.000 0.000 0.000 0.000 0.000 0.000 0.000 0.000 0.000 0.000 0.000 0.000 
0.013 0.000 0.000 0.000 0.000 0.000 0.000 0.000 0.000 0.000 0.000 0.000 0.000 0.000 0.000 0.000 0.000 0.000 0.000 0.000 0.779 0.356 0.095 0.015 0.000 0.015 0.095 0.356 0.779 1.000 
0.000 0.000 0.000 0.000 0.000 0.000 0.000 0.000 0.000 0.000 0.779 0.356 0.095 0.015 0.000 0.015 0.095 0.356 0.779 1.000 0.752 0.331 0.085 0.013 0.000 0.000 0.000 0.000 0.000 0.000 
0.779 0.356 0.095 0.015 0.000 0.015 0.095 0.356 0.779 1.000 0.752 0.331 0.085 0.013 0.000 0.000 0.000 0.000 0.000 0.000 0.000 0.000 0.000 0.000 0.000 0.000 0.000 0.000 0.000 0.000 
0.752 0.331 0.085 0.013 0.000 0.000 0.000 0.000 0.000 0.000 0.000 0.000 0.000 0.000 0.000 0.000 0.000 0.000 0.000 0.000 0.331 0.752 1.000 0.779 0.356 0.095 0.015 0.000 0.015 0.095 
0.000 0.000 0.000 0.000 0.000 0.000 0.000 0.000 0.000 0.000 0.331 0.752 1.000 0.779 0.356 0.095 0.015 0.000 0.015 0.095 0.356 0.779 1.000 0.752 0.331 0.085 0.013 0.000 0.000 0.000 
0.331 0.752 1.000 0.779 0.356 0.095 0.015 0.000 0.015 0.095 0.356 0.779 1.000 0.752 0.331 0.085 0.013 0.000 0.000 0.000 0.000 0.000 0.000 0.000 0.000 0.000 0.000 0.000 0.000 0.000 
0.356 0.779 1.000 0.752 0.331 0.085 0.013 0.000 0.000 0.000 0.000 0.000 0.000 0.000 0.000 0.000 0.000 0.000 0.000 0.000 0.000 0.013 0.085 0.331 0.752 1.000 0.779 0.356 0.095 0.015 
0.000 0.000 0.000 0.000 0.000 0.000 0.000 0.000 0.000 0.000 0.000 0.013 0.085 0.331 0.752 1.000 0.779 0.356 0.095 0.015 0.000 0.015 0.095 0.356 0.779 1.000 0.752 0.331 0.085 0.013 
0.000 0.013 0.085 0.331 0.752 1.000 0.779 0.356 0.095 0.015 0.000 0.015 0.095 0.356 0.779 1.000 0.752 0.331 0.085 0.013 0.000 0.000 0.000 0.000 0.000 0.000 0.000 0.000 0.000 0.000 
# 1 0 30 25
-0.353 -0.438 -0.530 -0.626 -0.720 -0.808 -0.885 -0.945 -0.984 -1.000 -0.991 -0.957 -0.902 -0.829 -0.744 -0.650 -0.555 -0.461 -0.374 -0.296 -0.229 -0.172 -0.126 -0.091 -0.063 
-0.735 -0.822 -0.896 -0.953 -0.989 -1.000 -0.987 -0.949 -0.891 -0.816 -0.728 -0.634 -0.539 -0.446 -0.361 -0.284 -0.219 -0.164 -0.120 -0.085 -0.484 -0.395 -0.381 -0.468 -0.562 
-0.992 -0.999 -0.982 -0.941 -0.880 -0.802 -0.713 -0.618 -0.523 -0.432 -0.347 -0.273 -0.209 -0.156 -0.113 -0.562 -0.468 -0.381 -0.395 -0.484 -0.578 -0.673 -0.765 -0.848 -0.917 
-0.868 -0.788 -0.698 -0.602 -0.507 -0.417 -0.334 -0.261 -0.199 -0.148 -0.642 -0.546 -0.453 -0.367 -0.409 -0.499 -0.594 -0.689 -0.780 -0.861 -0.927 -0.974 -0.997 -0.996 -0.971 
-0.492 -0.403 -0.321 -0.250 -0.190 -0.720 -0.626 -0.530 -0.438 -0.353 -0.424 -0.515 -0.610 -0.705 -0.794 -0.873 -0.936 -0.979 -0.999 -0.994 -0.964 -0.913 -0.843 -0.759 -0.666 
-0.794 -0.705 -0.610 -0.515 -0.424 -0.353 -0.438 -0.530 -0.626 -0.720 -0.808 -0.885 -0.945 -0.984 -1.000 -0.991 -0.957 -0.902 -0.829 -0.744 -0.650 -0.555 -0.461 -0.374 -0.296 
-0.409 -0.367 -0.453 -0.546 -0.642 -0.735 -0.822 -0.896 -0.953 -0.989 -1.000 -0.987 -0.949 -0.891 -0.816 -0.728 -0.634 -0.539 -0.446 -0.361 -0.917 -0.848 -0.765 -0.673 -0.578 
-0.658 -0.750 -0.835 -0.907 -0.961 -0.992 -0.999 -0.982 -0.941 -0.880 -0.802 -0.713 -0.618 -0.523 -0.432 -0.961 -0.907 -0.835 -0.750 -0.658 -0.562 -0.468 -0.381 -0.395 -0.484 
-0.967 -0.995 -0.998 -0.977 -0.932 -0.868 -0.788 -0.698 -0.602 -0.507 -0.989 -0.953 -0.896 -0.822 -0.735 -0.642 -0.546 -0.453 -0.367 -0.409 -0.499 -0.594 -0.689 -0.780 -0.861 
-0.923 -0.855 -0.773 -0.682 -0.587 -1.000 -0.984 -0.945 -0.885 -0.808 -0.720 -0.626 -0.530 -0.438 -0.353 -0.424 -0.515 -0.610 -0.705 -0.794 -0.873 -0.936 -0.979 -0.999 -0.994 
-0.994 -0.999 -0.979 -0.936 -0.873 -0.794 -0.705 -0.610 -0.515 -0.424 -0.353 -0.438 -0.530 -0.626 -0.720 -0.808 -0.885 -0.945 -0.984 -1.000 -0.991 -0.957 -0.902 -0.829 -0.744 
-0.861 -0.780 -0.689 -0.594 -0.499 -0.409 -0.367 -0.453 -0.546 -0.642 -0.735 -0.822 -0.896 -0.953 -0.989 -1.000 -0.987 -0.949 -0.891 -0.816 -0.932 -0.977 -0.998 -0.995 -0.967 
-0.484 -0.395 -0.381 -0.468 -0.562 -0.658 -0.750 -0.835 -0.907 -0.961 -0.992 -0.999 -0.982 -0.941 -0.880 -0.880 -0.941 -0.982 -0.999 -0.992 -0.961 -0.907 -0.835 -0.750 -0.658 
-0.578 -0.673 -0.765 -0.848 -0.917 -0.967 -0.995 -0.998 -0.977 -0.932 -0.816 -0.891 -0.949 -0.987 -1.000 -0.989 -0.953 -0.896 -0.822 -0.735 -0.642 -0.546 -0.453 -0.367 -0.409 
-0.927 -0.974 -0.997 -0.996 -0.971 -0.744 -0.829 -0.902 -0.957 -0.991 -1.000 -0.984 -0.945 -0.885 -0.808 -0.720 -0.626 -0.530 -0.438 -0.353 -0.424 -0.515 -0.610 -0.705 -0.794 
-0.666 -0.759 -0.843 -0.913 -0.964 -0.994 -0.999 -0.979 -0.936 -0.873 -0.794 -0.705 -0.610 -0.515 -0.424 -0.353 -0.438 -0.530 -0.626 -0.720 -0.808 -0.885 -0.945 -0.984 -1.000 
-0.971 -0.996 -0.997 -0.974 -0.927 -0.861 -0.780 -0.689 -0.594 -0.499 -0.409 -0.367 -0.453 -0.546 -0.642 -0.735 -0.822 -0.896 -0.953 -0.989 -0.507 -0.602 -0.698 -0.788 -0.868 
-0.917 -0.848 -0.765 -0.673 -0.578 -0.484 -0.395 -0.381 -0.468 -0.562 -0.658 -0.750 -0.835 -0.907 -0.961 -0.432 -0.523 -0.618 -0.713 -0.802 -0.880 -0.941 -0.982 -0.999 -0.992 
-0.562 -0.468 -0.381 -0.395 -0.484 -0.578 -0.673 -0.765 -0.848 -0.917 -0.361 -0.446 -0.539 -0.634 -0.728 -0.816 -0.891 -0.949 -0.987 -1.000 -0.989 -0.953 -0.896 -0.822 -0.735 
-0.499 -0.594 -0.689 -0.780 -0.861 -0.296 -0.374 -0.461 -0.555 -0.650 -0.744 -0.829 -0.902 -0.957 -0.991 -1.000 -0.984 -0.945 -0.885 -0.808 -0.720 -0.626 -0.530 -0.438 -0.353 
-0.239 -0.309 -0.388 -0.477 -0.571 -0.666 -0.759 -0.843 -0.913 -0.964 -0.994 -0.999 -0.979 -0.936 -0.873 -0.794 -0.705 -0.610 -0.515 -0.424 -0.353 -0.438 -0.530 -0.626 -0.720 
-0.587 -0.682 -0.773 -0.855 -0.923 -0.971 -0.996 -0.997 -0.974 -0.927 -0.861 -0.780 -0.689 -0.594 -0.499 -0.409 -0.367 -0.453 -0.546 -0.642 -0.148 -0.199 -0.261 -0.334 -0.417 
-0.932 -0.977 -0.998 -0.995 -0.967 -0.917 -0.848 -0.765 -0.673 -0.578 -0.484 -0.395 -0.381 -0.468 -0.562 -0.113 -0.156 -0.209 -0.273 -0.347 -0.432 -0.523 -0.618 -0.713 -0.802 
-0.961 -0.907 -0.835 -0.750 -0.658 -0.562 -0.468 -0.381 -0.395 -0.484 -0.085 -0.120 -0.164 -0.219 -0.284 -0.361 -0.446 -0.539 -0.634 -0.728 -0.816 -0.891 -0.949 -0.987 -1.000 
-0.642 -0.546 -0.453 -0.367 -0.409 -0.063 -0.091 -0.126 -0.172 -0.229 -0.296 -0.374 -0.461 -0.555 -0.650 -0.744 -0.829 -0.902 -0.957 -0.991 -1.000 -0.984 -0.945 -0.885 -0.808 
0.000 0.000 0.000 0.000 0.000 0.000 0.000 0.000 0.000 0.000 0.000 0.000 0.000 0.000 0.000 0.000 0.000 0.000 0.000 0.000 0.000 0.000 0.000 0.000 0.000 
0.000 0.000 0.000 0.000 0.000 0.000 0.000 0.000 0.000 0.000 0.000 0.000 0.000 0.000 0.000 0.000 0.000 0.000 0.000 0.000 0.000 0.000 0.000 0.000 0.000 
0.000 0.000 0.000 0.000 0.000 0.000 0.000 0.000 0.000 0.000 0.000 0.000 0.000 0.000 0.000 0.000 0.000 0.000 0.000 0.000 0.000 0.000 0.000 0.000 0.000 
0.000 0.000 0.000 0.000 0.000 0.000 0.000 0.000 0.000 0.000 0.000 0.000 0.000 0.000 0.000 0.000 0.000 0.000 0.000 0.000 0.000 0.000 0.000 0.000 0.000 
0.000 0.000 0.000 0.000 0.000 0.000 0.000 0.000 0.000 0.000 0.000 0.000 0.000 0.000 0.000 0.000 0.000 0.000 0.000 0.000 0.000 0.000 0.000 0.000 0.000 
# 1 2 4 25
-0.582 -0.487 -0.398 -0.377 -0.465 -0.558 -0.654 -0.747 -0.832 -0.904 -0.959 -0.991 -1.000 -0.983 -0.943 -0.883 -0.806 -0.717 -0.622 -0.527 -0.435 -0.351 -0.275 -0.211 -0.158 
-0.465 -0.558 -0.654 -0.747 -0.832 -0.904 -0.959 -0.991 -1.000 -0.983 -0.943 -0.883 -0.806 -0.717 -0.622 -0.527 -0.435 -0.351 -0.275 -0.211 -0.158 -0.999 -0.978 -0.934 -0.870 
-0.832 -0.904 -0.959 -0.991 -1.000 -0.983 -0.943 -0.883 -0.806 -0.717 -0.622 -0.527 -0.435 -0.351 -0.275 -0.211 -0.158 -0.999 -0.978 -0.934 -0.870 -0.791 -0.701 -0.606 -0.511 
-1.000 -0.983 -0.943 -0.883 -0.806 -0.717 -0.622 -0.527 -0.435 -0.351 -0.275 -0.211 -0.158 -0.999 -0.978 -0.934 -0.870 -0.791 -0.701 -0.606 -0.511 -0.420 -0.357 -0.442 -0.534 
# 1 3 29 25
-0.352 -0.437 -0.529 -0.624 -0.719 -0.807 -0.884 -0.944 -0.984 -1.000 -0.991 -0.958 -0.903 -0.831 -0.745 -0.652 -0.556 -0.463 -0.376 -0.297 -0.230 -0.173 -0.127 -0.091 -0.064 
-0.638 -0.731 -0.819 -0.893 -0.951 -0.987 -1.000 -0.988 -0.952 -0.894 -0.819 -0.732 -0.639 -0.543 -0.450 -0.364 -0.287 -0.221 -0.166 -0.121 -0.087 -0.490 -0.401 -0.375 -0.462 
-0.902 -0.957 -0.991 -1.000 -0.984 -0.945 -0.885 -0.808 -0.720 -0.625 -0.530 -0.438 -0.353 -0.278 -0.213 -0.159 -0.116 -0.571 -0.478 -0.389 -0.386 -0.474 -0.568 -0.664 -0.756 
-0.999 -0.980 -0.938 -0.875 -0.796 -0.707 -0.612 -0.517 -0.426 -0.342 -0.268 -0.205 -0.153 -0.654 -0.558 -0.465 -0.378 -0.398 -0.487 -0.581 -0.677 -0.769 -0.851 -0.920 -0.969 
-0.865 -0.785 -0.694 -0.599 -0.504 -0.414 -0.331 -0.259 -0.197 -0.735 -0.641 -0.545 -0.452 -0.366 -0.410 -0.500 -0.595 -0.690 -0.781 -0.862 -0.928 -0.974 -0.997 -0.996 -0.971 
-0.586 -0.491 -0.402 -0.321 -0.249 -0.810 -0.722 -0.628 -0.532 -0.440 -0.355 -0.422 -0.513 -0.608 -0.703 -0.793 -0.872 -0.935 -0.979 -0.999 -0.994 -0.965 -0.914 -0.844 -0.760 
-0.310 -0.877 -0.798 -0.709 -0.614 -0.519 -0.428 -0.349 -0.434 -0.526 -0.621 -0.716 -0.804 -0.882 -0.943 -0.983 -1.000 -0.992 -0.959 -0.905 -0.833 -0.748 -0.655 -0.559 -0.466 
-0.696 -0.601 -0.506 -0.416 -0.361 -0.446 -0.539 -0.634 -0.728 -0.816 -0.891 -0.949 -0.987 -1.000 -0.989 -0.953 -0.896 -0.822 -0.736 -0.642 -0.546 -0.453 -0.971 -0.924 -0.857 
-0.404 -0.372 -0.459 -0.552 -0.647 -0.741 -0.827 -0.900 -0.956 -0.990 -1.000 -0.985 -0.947 -0.887 -0.811 -0.723 -0.629 -0.533 -0.995 -0.966 -0.915 -0.846 -0.763 -0.670 -0.575 
-0.565 -0.661 -0.753 -0.838 -0.909 -0.962 -0.993 -0.999 -0.981 -0.939 -0.877 -0.799 -0.710 -0.615 -0.999 -0.992 -0.960 -0.907 -0.835 -0.750 -0.657 -0.562 -0.468 -0.380 -0.395 
-0.849 -0.918 -0.968 -0.995 -0.998 -0.977 -0.932 -0.868 -0.788 -0.697 -0.986 -1.000 -0.989 -0.954 -0.898 -0.824 -0.738 -0.644 -0.548 -0.456 -0.369 -0.407 -0.497 -0.591 -0.687 
-0.997 -0.997 -0.972 -0.924 -0.857 -0.776 -0.955 -0.989 -1.000 -0.986 -0.948 -0.889 -0.813 -0.725 -0.631 -0.535 -0.443 -0.358 -0.419 -0.509 -0.604 -0.700 -0.790 -0.869 -0.933 
-0.916 -0.847 -0.908 -0.961 -0.992 -0.999 -0.982 -0.941 -0.879 -0.801 -0.712 -0.618 -0.522 -0.431 -0.347 -0.431 -0.522 -0.618 -0.712 -0.801 -0.879 -0.941 -0.982 -0.999 -0.992 
-0.967 -0.995 -0.998 -0.978 -0.933 -0.869 -0.790 -0.700 -0.604 -0.509 -0.419 -0.358 -0.443 -0.535 -0.631 -0.725 -0.813 -0.889 -0.948 -0.986 -1.000 -0.989 -0.955 -0.776 -0.857 
-0.973 -0.926 -0.859 -0.778 -0.687 -0.591 -0.497 -0.407 -0.369 -0.456 -0.548 -0.644 -0.738 -0.824 -0.898 -0.954 -0.989 -1.000 -0.986 -0.697 -0.788 -0.868 -0.932 -0.977 -0.998 
-0.766 -0.674 -0.578 -0.484 -0.395 -0.380 -0.468 -0.562 -0.657 -0.750 -0.835 -0.907 -0.960 -0.992 -0.999 -0.615 -0.710 -0.799 -0.877 -0.939 -0.981 -0.999 -0.993 -0.962 -0.909 
-0.471 -0.383 -0.392 -0.481 -0.575 -0.670 -0.763 -0.846 -0.915 -0.966 -0.995 -0.533 -0.629 -0.723 -0.811 -0.887 -0.947 -0.985 -1.000 -0.990 -0.956 -0.900 -0.827 -0.741 -0.647 
-0.493 -0.588 -0.683 -0.775 -0.857 -0.924 -0.971 -0.453 -0.546 -0.642 -0.736 -0.822 -0.896 -0.953 -0.989 -1.000 -0.987 -0.949 -0.891 -0.816 -0.728 -0.634 -0.539 -0.446 -0.361 
-0.787 -0.867 -0.931 -0.378 -0.466 -0.559 -0.655 -0.748 -0.833 -0.905 -0.959 -0.992 -1.000 -0.983 -0.943 -0.882 -0.804 -0.716 -0.621 -0.526 -0.434 -0.349 -0.428 -0.519 -0.614 
-0.390 -0.478 -0.572 -0.668 -0.760 -0.844 -0.914 -0.965 -0.994 -0.999 -0.979 -0.935 -0.872 -0.793 -0.703 -0.608 -0.513 -0.422 -0.355 -0.440 -0.532 -0.628 -0.722 -0.810 -0.249 
-0.681 -0.773 -0.855 -0.922 -0.971 -0.996 -0.997 -0.974 -0.928 -0.862 -0.781 -0.690 -0.595 -0.500 -0.410 -0.366 -0.452 -0.545 -0.641 -0.735 -0.197 -0.259 -0.331 -0.414 -0.504 
-0.930 -0.976 -0.998 -0.996 -0.969 -0.920 -0.851 -0.769 -0.677 -0.581 -0.487 -0.398 -0.378 -0.465 -0.558 -0.654 -0.153 -0.205 -0.268 -0.342 -0.426 -0.517 -0.612 -0.707 -0.796 
-0.993 -0.963 -0.911 -0.841 -0.756 -0.664 -0.568 -0.474 -0.386 -0.389 -0.478 -0.571 -0.116 -0.159 -0.213 -0.278 -0.353 -0.438 -0.530 -0.625 -0.720 -0.808 -0.885 -0.945 -0.984 
-0.830 -0.744 -0.651 -0.555 -0.462 -0.375 -0.401 -0.490 -0.087 -0.121 -0.166 -0.221 -0.287 -0.364 -0.450 -0.543 -0.639 -0.732 -0.819 -0.894 -0.952 -0.988 -1.000 -0.987 -0.951 
-0.542 -0.449 -0.363 -0.413 -0.064 -0.091 -0.127 -0.173 -0.230 -0.297 -0.376 -0.463 -0.556 -0.652 -0.745 -0.831 -0.903 -0.958 -0.991 -1.000 -0.984 -0.944 -0.884 -0.807 -0.719 
0.000 0.000 0.000 0.000 0.000 0.000 0.000 0.000 0.000 0.000 0.000 0.000 0.000 0.000 0.000 0.000 0.000 0.000 0.000 0.000 0.000 0.000 0.000 0.000 0.000 
0.000 0.000 0.000 0.000 0.000 0.000 0.000 0.000 0.000 0.000 0.000 0.000 0.000 0.000 0.000 0.000 0.000 0.000 0.000 0.000 0.000 0.000 0.000 0.000 0.000 
0.000 0.000 0.000 0.000 0.000 0.000 0.000 0.000 0.000 0.000 0.000 0.000 0.000 0.000 0.000 0.000 0.000 0.000 0.000 0.000 0.000 0.000 0.000 0.000 0.000 
0.000 0.000 0.000 0.000 0.000 0.000 0.000 0.000 0.000 0.000 0.000 0.000 0.000 0.000 0.000 0.000 0.000 0.000 0.000 0.000 0.000 0.000 0.000 0.000 0.000 
# 2 0 30 4
-0.041 0.000 0.000 0.000 
0.000 0.000 -0.491 -0.012 
0.000 -0.261 -0.041 0.000 
-0.114 -0.114 0.000 0.000 
0.000 0.000 0.000 0.000 
0.000 0.000 0.000 0.000 
0.000 0.000 0.000 0.000 
0.000 0.000 0.000 0.000 
0.000 0.000 0.000 0.000 
0.000 0.000 0.000 0.000 
0.000 0.000 0.000 0.000 
0.000 0.000 0.000 0.000 
0.000 0.000 0.000 0.000 
0.000 0.000 0.000 0.000 
0.000 0.000 0.000 0.000 
0.000 0.000 0.000 0.000 
0.000 0.000 0.000 0.000 
0.000 0.000 0.000 0.000 
0.000 0.000 0.000 0.000 
0.000 0.000 0.000 0.000 
0.000 0.000 0.000 0.000 
0.000 0.000 0.000 0.000 
0.000 0.000 0.000 0.000 
0.000 0.000 0.000 0.000 
0.000 0.000 0.000 0.000 
0.000 0.000 0.000 0.000 
0.000 0.000 0.000 0.000 
0.000 0.000 0.000 0.000 
0.000 0.000 0.000 0.000 
0.000 0.000 0.000 0.000 
# 2 1 25 4
-0.033 0.000 0.000 0.000 
-0.063 0.000 0.000 -0.751 
-0.114 0.000 0.000 -0.593 
-0.191 0.000 0.000 -0.436 
0.000 0.000 0.000 0.000 
0.000 0.000 0.000 0.000 
0.000 0.000 0.000 0.000 
0.000 0.000 0.000 0.000 
0.000 0.000 0.000 0.000 
0.000 0.000 0.000 0.000 
0.000 0.000 0.000 0.000 
0.000 0.000 0.000 0.000 
0.000 0.000 0.000 0.000 
0.000 0.000 0.000 0.000 
0.000 0.000 0.000 0.000 
0.000 0.000 0.000 0.000 
0.000 0.000 0.000 0.000 
0.000 0.000 0.000 0.000 
0.000 0.000 0.000 0.000 
0.000 0.000 0.000 0.000 
0.000 0.000 0.000 0.000 
0.000 0.000 0.000 0.000 
0.000 0.000 0.000 0.000 
0.000 0.000 0.000 0.000 
0.000 0.000 0.000 0.000 
# 2 3 29 4
-0.039 0.000 0.000 0.000 
-0.069 0.000 0.000 -0.643 
-0.114 0.000 0.000 -0.505 
-0.178 0.000 0.000 -0.376 
0.000 0.000 0.000 0.000 
0.000 0.000 0.000 0.000 
0.000 0.000 0.000 0.000 
0.000 0.000 0.000 0.000 
0.000 0.000 0.000 0.000 
0.000 0.000 0.000 0.000 
0.000 0.000 0.000 0.000 
0.000 0.000 0.000 0.000 
0.000 0.000 0.000 0.000 
0.000 0.000 0.000 0.000 
0.000 0.000 0.000 0.000 
0.000 0.000 0.000 0.000 
0.000 0.000 0.000 0.000 
0.000 0.000 0.000 0.000 
0.000 0.000 0.000 0.000 
0.000 0.000 0.000 0.000 
0.000 0.000 0.000 0.000 
0.000 0.000 0.000 0.000 
0.000 0.000 0.000 0.000 
0.000 0.000 0.000 0.000 
0.000 0.000 0.000 0.000 
0.000 0.000 0.000 0.000 
0.000 0.000 0.000 0.000 
0.000 0.000 0.000 0.000 
0.000 0.000 0.000 0.000 
# 3 0 30 29
-0.057 -0.129 -0.254 -0.437 -0.655 -0.859 -0.983 -0.983 -0.859 -0.655 -0.436 -0.254 -0.129 -0.057 -0.022 0.000 0.000 0.000 0.000 0.000 0.000 0.000 0.000 0.000 0.000 0.000 0.000 0.000 0.000 
-0.059 -0.132 -0.259 -0.443 -0.663 -0.865 -0.985 -0.981 -0.853 -0.647 -0.429 -0.249 -0.126 -0.056 -0.021 0.000 0.000 0.000 0.000 0.000 0.000 0.000 0.000 0.000 0.000 0.000 0.000 0.000 -0.239 
-0.061 -0.136 -0.264 -0.450 -0.670 -0.870 -0.987 -0.978 -0.847 -0.640 -0.423 -0.244 -0.123 -0.054 -0.021 0.000 0.000 0.000 0.000 0.000 0.000 0.000 0.000 0.000 0.000 0.000 0.000 -0.409 -0.234 
-0.063 -0.139 -0.270 -0.457 -0.677 -0.876 -0.989 -0.976 -0.841 -0.633 -0.416 -0.239 -0.120 -0.052 -0.020 0.000 0.000 0.000 0.000 0.000 0.000 0.000 0.000 0.000 0.000 0.000 -0.618 -0.403 -0.229 
-0.064 -0.142 -0.275 -0.464 -0.685 -0.881 -0.991 -0.973 -0.835 -0.625 -0.409 -0.234 -0.117 -0.051 -0.019 0.000 0.000 0.000 0.000 0.000 0.000 0.000 0.000 0.000 0.000 -0.822 -0.611 -0.396 -0.224 
-0.066 -0.146 -0.281 -0.472 -0.692 -0.887 -0.993 -0.970 -0.828 -0.618 -0.402 -0.229 -0.114 -0.049 -0.019 0.000 0.000 0.000 0.000 0.000 0.000 0.000 0.000 0.000 -0.964 -0.816 -0.603 -0.389 -0.220 
-0.068 -0.149 -0.286 -0.479 -0.699 -0.892 -0.994 -0.967 -0.822 -0.610 -0.396 -0.224 -0.111 -0.048 -0.018 0.000 0.000 0.000 0.000 0.000 0.000 0.000 0.000 -0.996 -0.961 -0.810 -0.596 -0.383 -0.215 
-0.070 -0.153 -0.292 -0.486 -0.706 -0.897 -0.995 -0.964 -0.816 -0.603 -0.389 -0.219 -0.108 -0.046 -0.017 0.000 0.000 0.000 0.000 0.000 0.000 0.000 -0.907 -0.997 -0.958 -0.803 -0.588 -0.376 -0.210 
-0.072 -0.157 -0.297 -0.493 -0.714 -0.902 -0.996 -0.961 -0.809 -0.595 -0.383 -0.215 -0.105 -0.045 -0.017 0.000 0.000 0.000 0.000 0.000 0.000 -0.728 -0.912 -0.998 -0.954 -0.797 -0.581 -0.370 -0.206 
-0.074 -0.160 -0.303 -0.500 -0.721 -0.907 -0.997 -0.958 -0.803 -0.588 -0.376 -0.210 -0.103 -0.044 -0.016 0.000 0.000 0.000 0.000 0.000 -0.514 -0.735 -0.917 -0.999 -0.951 -0.790 -0.574 -0.364 -0.201 
-0.076 -0.164 -0.309 -0.507 -0.728 -0.912 -0.998 -0.954 -0.796 -0.581 -0.370 -0.206 -0.100 -0.042 -0.016 0.000 0.000 0.000 0.000 -0.320 -0.522 -0.742 -0.921 -0.999 -0.947 -0.783 -0.566 -0.357 -0.197 
-0.078 -0.168 -0.315 -0.515 -0.735 -0.917 -0.999 -0.950 -0.790 -0.573 -0.363 -0.201 -0.097 -0.041 -0.015 0.000 0.000 0.000 -0.176 -0.326 -0.529 -0.749 -0.926 -1.000 -0.943 -0.777 -0.559 -0.351 -0.193 
-0.081 -0.172 -0.321 -0.522 -0.742 -0.921 -0.999 -0.947 -0.783 -0.566 -0.357 -0.197 -0.095 -0.040 -0.015 0.000 0.000 -0.085 -0.180 -0.332 -0.536 -0.756 -0.930 -1.000 -0.939 -0.770 -0.551 -0.345 -0.188 
-0.083 -0.176 -0.327 -0.529 -0.749 -0.926 -1.000 -0.943 -0.776 -0.558 -0.351 -0.192 -0.092 -0.039 -0.014 0.000 -0.036 -0.087 -0.184 -0.338 -0.544 -0.763 -0.934 -1.000 -0.935 -0.763 -0.544 -0.339 -0.184 
-0.085 -0.180 -0.333 -0.537 -0.756 -0.930 -1.000 -0.939 -0.769 -0.551 -0.345 -0.188 -0.090 -0.037 -0.014 -0.014 -0.037 -0.090 -0.188 -0.345 -0.551 -0.769 -0.939 -1.000 -0.930 -0.756 -0.537 -0.333 -0.180 
-0.087 -0.184 -0.339 -0.544 -0.763 -0.935 -1.000 -0.934 -0.763 -0.544 -0.338 -0.184 -0.087 -0.036 0.000 -0.014 -0.039 -0.092 -0.192 -0.351 -0.558 -0.776 -0.943 -1.000 -0.926 -0.749 -0.529 -0.327 -0.176 
-0.090 -0.188 -0.345 -0.551 -0.770 -0.939 -1.000 -0.930 -0.756 -0.536 -0.332 -0.180 -0.085 0.000 0.000 -0.015 -0.040 -0.095 -0.197 -0.357 -0.566 -0.783 -0.947 -0.999 -0.921 -0.742 -0.522 -0.321 -0.172 
-0.092 -0.193 -0.351 -0.559 -0.777 -0.943 -1.000 -0.926 -0.749 -0.529 -0.326 -0.176 0.000 0.000 0.000 -0.015 -0.041 -0.097 -0.201 -0.363 -0.573 -0.790 -0.950 -0.999 -0.917 -0.735 -0.515 -0.315 -0.168 
-0.095 -0.197 -0.357 -0.566 -0.783 -0.947 -0.999 -0.921 -0.742 -0.522 -0.320 0.000 0.000 0.000 0.000 -0.016 -0.042 -0.100 -0.206 -0.370 -0.581 -0.796 -0.954 -0.998 -0.912 -0.728 -0.507 -0.309 -0.164 
-0.097 -0.201 -0.364 -0.574 -0.790 -0.951 -0.999 -0.917 -0.735 -0.514 0.000 0.000 0.000 0.000 0.000 -0.016 -0.044 -0.103 -0.210 -0.376 -0.588 -0.803 -0.958 -0.997 -0.907 -0.721 -0.500 -0.303 -0.160 
-0.100 -0.206 -0.370 -0.581 -0.797 -0.954 -0.998 -0.912 -0.728 0.000 0.000 0.000 0.000 0.000 0.000 -0.017 -0.045 -0.105 -0.215 -0.383 -0.595 -0.809 -0.961 -0.996 -0.902 -0.714 -0.493 -0.297 -0.157 
-0.103 -0.210 -0.376 -0.588 -0.803 -0.958 -0.997 -0.907 0.000 0.000 0.000 0.000 0.000 0.000 0.000 -0.017 -0.046 -0.108 -0.219 -0.389 -0.603 -0.816 -0.964 -0.995 -0.897 -0.706 -0.486 -0.292 -0.153 
-0.105 -0.215 -0.383 -0.596 -0.810 -0.961 -0.996 0.000 0.000 0.000 0.000 0.000 0.000 0.000 0.000 -0.018 -0.048 -0.111 -0.224 -0.396 -0.610 -0.822 -0.967 -0.994 -0.892 -0.699 -0.479 -0.286 -0.149 
-0.108 -0.220 -0.389 -0.603 -0.816 -0.964 0.000 0.000 0.000 0.000 0.000 0.000 0.000 0.000 0.000 -0.019 -0.049 -0.114 -0.229 -0.402 -0.618 -0.828 -0.970 -0.993 -0.887 -0.692 -0.472 -0.281 -0.146 
-0.111 -0.224 -0.396 -0.611 -0.822 0.000 0.000 0.000 0.000 0.000 0.000 0.000 0.000 0.000 0.000 -0.019 -0.051 -0.117 -0.234 -0.409 -0.625 -0.835 -0.973 -0.991 -0.881 -0.685 -0.464 -0.275 -0.142 
-0.114 -0.229 -0.403 -0.618 0.000 0.000 0.000 0.000 0.000 0.000 0.000 0.000 0.000 0.000 0.000 -0.020 -0.052 -0.120 -0.239 -0.416 -0.633 -0.841 -0.976 -0.989 -0.876 -0.677 -0.457 -0.270 -0.139 
-0.117 -0.234 -0.409 0.000 0.000 0.000 0.000 0.000 0.000 0.000 0.000 0.000 0.000 0.000 0.000 -0.021 -0.054 -0.123 -0.244 -0.423 -0.640 -0.847 -0.978 -0.987 -0.870 -0.670 -0.450 -0.264 -0.136 
-0.120 -0.239 0.000 0.000 0.000 0.000 0.000 0.000 0.000 0.000 0.000 0.000 0.000 0.000 0.000 -0.021 -0.056 -0.126 -0.249 -0.429 -0.647 -0.853 -0.981 -0.985 -0.865 -0.663 -0.443 -0.259 -0.132 
-0.123 0.000 0.000 0.000 0.000 0.000 0.000 0.000 0.000 0.000 0.000 0.000 0.000 0.000 0.000 -0.022 -0.057 -0.129 -0.254 -0.436 -0.655 -0.859 -0.983 -0.983 -0.859 -0.655 -0.437 -0.254 -0.129 
0.000 0.000 0.000 0.000 0.000 0.000 0.000 0.000 0.000 0.000 0.000 0.000 0.000 0.000 0.000 0.000 0.000 0.000 0.000 0.000 0.000 0.000 0.000 0.000 0.000 0.000 0.000 0.000 0.000 
# 3 1 25 29
-0.061 -0.120 -0.239 -0.417 -0.634 -0.842 -0.976 -0.989 -0.875 -0.676 -0.456 -0.269 -0.138 -0.062 -0.024 0.000 0.000 0.000 0.000 0.000 0.000 0.000 0.000 0.000 0.000 0.000 0.000 0.000 0.000 
0.000 0.000 0.000 0.000 -0.152 -0.070 -0.106 -0.216 -0.385 -0.598 -0.812 -0.962 -0.996 -0.901 -0.711 -0.490 -0.295 -0.155 -0.071 -0.029 -0.010 0.000 0.000 0.000 0.000 0.000 0.000 0.000 0.000 
0.000 0.000 0.000 0.000 0.000 0.000 0.000 0.000 -0.318 -0.170 -0.080 -0.094 -0.195 -0.354 -0.562 -0.780 -0.945 -1.000 -0.924 -0.745 -0.525 -0.323 -0.174 -0.082 -0.033 -0.012 0.000 0.000 0.000 
-0.012 0.000 0.000 0.000 0.000 0.000 0.000 0.000 0.000 0.000 0.000 0.000 -0.554 -0.347 -0.190 -0.091 -0.082 -0.175 -0.325 -0.527 -0.747 -0.925 -1.000 -0.944 -0.778 -0.561 -0.353 -0.194 -0.093 
-0.561 -0.353 -0.194 -0.093 -0.039 -0.014 0.000 0.000 0.000 0.000 0.000 0.000 0.000 0.000 0.000 0.000 -0.804 -0.589 -0.377 -0.211 -0.103 -0.072 -0.156 -0.297 -0.492 -0.713 -0.902 -0.996 -0.961 
-0.713 -0.902 -0.996 -0.961 -0.810 -0.596 -0.383 -0.215 -0.105 -0.045 -0.017 0.000 0.000 0.000 0.000 0.000 0.000 0.000 0.000 0.000 -0.973 -0.834 -0.625 -0.409 -0.233 -0.116 -0.063 -0.139 -0.270 
-0.116 -0.063 -0.139 -0.270 -0.458 -0.678 -0.876 -0.989 -0.976 -0.840 -0.632 -0.415 -0.238 -0.119 -0.052 -0.020 0.000 0.000 0.000 0.000 0.000 0.000 0.000 0.000 -0.982 -0.985 -0.863 -0.660 -0.441 
-0.985 -0.863 -0.660 -0.441 -0.258 -0.131 -0.058 -0.124 -0.245 -0.425 -0.643 -0.849 -0.979 -0.987 -0.868 -0.667 -0.448 -0.263 -0.134 -0.060 -0.023 0.000 0.000 0.000 0.000 0.000 0.000 0.000 -0.825 
0.000 0.000 0.000 -0.825 -0.969 -0.993 -0.889 -0.696 -0.475 -0.283 -0.148 -0.067 -0.110 -0.222 -0.393 -0.607 -0.819 -0.966 -0.995 -0.894 -0.702 -0.482 -0.289 -0.151 -0.069 -0.028 0.000 0.000 0.000 
-0.028 0.000 0.000 0.000 0.000 0.000 0.000 -0.578 -0.794 -0.953 -0.998 -0.914 -0.730 -0.510 -0.311 -0.165 -0.077 -0.097 -0.200 -0.362 -0.571 -0.788 -0.949 -0.999 -0.918 -0.737 -0.516 -0.316 -0.169 
-0.737 -0.516 -0.316 -0.169 -0.079 -0.032 -0.011 0.000 0.000 0.000 0.000 -0.338 -0.543 -0.762 -0.934 -1.000 -0.935 -0.764 -0.545 -0.339 -0.185 -0.088 -0.085 -0.180 -0.332 -0.536 -0.755 -0.930 -1.000 
-0.536 -0.755 -0.930 -1.000 -0.939 -0.770 -0.552 -0.345 -0.189 -0.090 -0.038 -0.014 0.000 0.000 0.000 -0.164 -0.309 -0.508 -0.728 -0.912 -0.998 -0.954 -0.796 -0.580 -0.369 -0.205 -0.100 -0.074 -0.161 
-0.205 -0.100 -0.074 -0.161 -0.304 -0.501 -0.722 -0.908 -0.997 -0.957 -0.802 -0.587 -0.375 -0.210 -0.102 -0.044 -0.016 0.000 0.000 -0.067 -0.147 -0.282 -0.473 -0.694 -0.888 -0.993 -0.970 -0.827 -0.616 
-0.993 -0.970 -0.827 -0.616 -0.401 -0.228 -0.113 -0.065 -0.143 -0.277 -0.467 -0.687 -0.883 -0.991 -0.972 -0.833 -0.623 -0.407 -0.232 -0.116 -0.050 -0.019 0.000 -0.023 -0.058 -0.131 -0.256 -0.440 -0.659 
-0.131 -0.256 -0.440 -0.659 -0.861 -0.984 -0.982 -0.856 -0.652 -0.433 -0.251 -0.128 -0.056 -0.128 -0.251 -0.433 -0.652 -0.856 -0.982 -0.984 -0.861 -0.659 -0.440 -0.256 -0.131 -0.058 -0.023 0.000 -0.019 
-0.058 -0.023 0.000 -0.019 -0.050 -0.116 -0.232 -0.407 -0.623 -0.833 -0.972 -0.991 -0.883 -0.687 -0.467 -0.277 -0.143 -0.065 -0.113 -0.228 -0.401 -0.616 -0.827 -0.970 -0.993 -0.888 -0.694 -0.473 -0.282 
-0.888 -0.694 -0.473 -0.282 -0.147 -0.067 0.000 0.000 -0.016 -0.044 -0.102 -0.210 -0.375 -0.587 -0.802 -0.957 -0.997 -0.908 -0.722 -0.501 -0.304 -0.161 -0.074 -0.100 -0.205 -0.369 -0.580 -0.796 -0.954 
-0.369 -0.580 -0.796 -0.954 -0.998 -0.912 -0.728 -0.508 -0.309 -0.164 0.000 0.000 0.000 -0.014 -0.038 -0.090 -0.189 -0.345 -0.552 -0.770 -0.939 -1.000 -0.930 -0.755 -0.536 -0.332 -0.180 -0.085 -0.088 
-0.332 -0.180 -0.085 -0.088 -0.185 -0.339 -0.545 -0.764 -0.935 -1.000 -0.934 -0.762 -0.543 -0.338 0.000 0.000 0.000 0.000 -0.011 -0.032 -0.079 -0.169 -0.316 -0.516 -0.737 -0.918 -0.999 -0.949 -0.788 
-0.918 -0.999 -0.949 -0.788 -0.571 -0.362 -0.200 -0.097 -0.077 -0.165 -0.311 -0.510 -0.730 -0.914 -0.998 -0.953 -0.794 -0.578 0.000 0.000 0.000 0.000 0.000 0.000 -0.028 -0.069 -0.151 -0.289 -0.482 
-0.069 -0.151 -0.289 -0.482 -0.702 -0.894 -0.995 -0.966 -0.819 -0.607 -0.393 -0.222 -0.110 -0.067 -0.148 -0.283 -0.475 -0.696 -0.889 -0.993 -0.969 -0.825 0.000 0.000 0.000 0.000 0.000 0.000 0.000 
0.000 0.000 0.000 0.000 -0.023 -0.060 -0.134 -0.263 -0.448 -0.667 -0.868 -0.987 -0.979 -0.849 -0.643 -0.425 -0.245 -0.124 -0.058 -0.131 -0.258 -0.441 -0.660 -0.863 -0.985 -0.982 0.000 0.000 0.000 
-0.982 0.000 0.000 0.000 0.000 0.000 0.000 0.000 0.000 -0.020 -0.052 -0.119 -0.238 -0.415 -0.632 -0.840 -0.976 -0.989 -0.876 -0.678 -0.458 -0.270 -0.139 -0.063 -0.116 -0.233 -0.409 -0.625 -0.834 
-0.233 -0.409 -0.625 -0.834 -0.973 0.000 0.000 0.000 0.000 0.000 0.000 0.000 0.000 0.000 -0.017 -0.045 -0.105 -0.215 -0.383 -0.596 -0.810 -0.961 -0.996 -0.902 -0.713 -0.492 -0.297 -0.156 -0.072 
-0.492 -0.297 -0.156 -0.072 -0.103 -0.211 -0.377 -0.589 -0.804 0.000 0.000 0.000 0.000 0.000 0.000 0.000 0.000 0.000 0.000 -0.014 -0.039 -0.093 -0.194 -0.353 -0.561 -0.778 -0.944 -1.000 -0.925 
# 3 2 4 29
-0.460 -0.271 -0.140 -0.063 -0.116 -0.233 -0.408 -0.624 -0.834 -0.973 -0.992 -0.883 -0.687 -0.466 -0.277 -0.143 -0.065 -0.026 0.000 0.000 0.000 0.000 0.000 0.000 0.000 0.000 0.000 0.000 0.000 
-0.116 -0.233 -0.408 -0.624 -0.834 -0.973 -0.992 -0.883 -0.687 -0.466 -0.277 -0.143 -0.065 -0.026 0.000 0.000 0.000 0.000 0.000 0.000 0.000 0.000 0.000 0.000 0.000 -0.365 -0.575 -0.792 -0.952 
-0.834 -0.973 -0.992 -0.883 -0.687 -0.466 -0.277 -0.143 -0.065 -0.026 0.000 0.000 0.000 0.000 0.000 0.000 0.000 0.000 0.000 0.000 0.000 -0.365 -0.575 -0.792 -0.952 -0.999 -0.916 -0.734 -0.513 
-0.687 -0.466 -0.277 -0.143 -0.065 -0.026 0.000 0.000 0.000 0.000 0.000 0.000 0.000 0.000 0.000 0.000 0.000 -0.365 -0.575 -0.792 -0.952 -0.999 -0.916 -0.734 -0.513 -0.314 -0.167 -0.078 -0.096 
# 4 0 30 10
-0.530 -0.873 -1.000 -0.797 -0.443 -0.171 -0.046 0.000 0.000 0.000 
-0.652 -0.530 -0.873 -1.000 -0.797 -0.443 -0.171 -0.046 0.000 0.000 
-0.951 -0.652 -0.530 -0.873 -1.000 -0.797 -0.443 -0.171 -0.046 0.000 
-0.965 -0.951 -0.652 -0.530 -0.873 -1.000 -0.797 -0.443 -0.171 -0.046 
-0.682 -0.965 -0.951 -0.652 -0.530 -0.873 -1.000 -0.797 -0.443 -0.171 
-0.336 -0.682 -0.965 -0.951 -0.652 -0.530 -0.873 -1.000 -0.797 -0.443 
-0.115 -0.336 -0.682 -0.965 -0.951 -0.652 -0.530 -0.873 -1.000 -0.797 
-0.027 -0.115 -0.336 -0.682 -0.965 -0.951 -0.652 -0.530 -0.873 -1.000 
0.000 -0.027 -0.115 -0.336 -0.682 -0.965 -0.951 -0.652 -0.530 -0.873 
0.000 0.000 -0.027 -0.115 -0.336 -0.682 -0.965 -0.951 -0.652 -0.530 
0.000 0.000 0.000 0.000 0.000 0.000 0.000 0.000 0.000 0.000 
0.000 0.000 0.000 0.000 0.000 0.000 0.000 0.000 0.000 0.000 
0.000 0.000 0.000 0.000 0.000 0.000 0.000 0.000 0.000 0.000 
0.000 0.000 0.000 0.000 0.000 0.000 0.000 0.000 0.000 0.000 
0.000 0.000 0.000 0.000 0.000 0.000 0.000 0.000 0.000 0.000 
0.000 0.000 0.000 0.000 0.000 0.000 0.000 0.000 0.000 0.000 
0.000 0.000 0.000 0.000 0.000 0.000 0.000 0.000 0.000 0.000 
0.000 0.000 0.000 0.000 0.000 0.000 0.000 0.000 0.000 0.000 
0.000 0.000 0.000 0.000 0.000 0.000 0.000 0.000 0.000 0.000 
0.000 0.000 0.000 0.000 0.000 0.000 0.000 0.000 0.000 0.000 
0.000 0.000 0.000 0.000 0.000 0.000 0.000 0.000 0.000 0.000 
0.000 0.000 0.000 0.000 0.000 0.000 0.000 0.000 0.000 0.000 
0.000 0.000 0.000 0.000 0.000 0.000 0.000 0.000 0.000 0.000 
0.000 0.000 0.000 0.000 0.000 0.000 0.000 0.000 0.000 0.000 
0.000 0.000 0.000 0.000 0.000 0.000 0.000 0.000 0.000 0.000 
0.000 0.000 0.000 0.000 0.000 0.000 0.000 0.000 0.000 0.000 
0.000 0.000 0.000 0.000 0.000 0.000 0.000 0.000 0.000 0.000 
0.000 0.000 0.000 0.000 0.000 0.000 0.000 0.000 0.000 0.000 
0.000 0.000 0.000 0.000 0.000 0.000 0.000 0.000 0.000 0.000 
0.000 0.000 0.000 0.000 0.000 0.000 0.000 0.000 0.000 0.000 
# 4 1 25 10
0.000 0.000 0.000 0.000 0.000 0.000 0.000 0.000 0.000 0.000 
0.000 0.000 0.000 0.000 0.000 0.000 0.000 0.000 0.000 0.000 
0.000 0.000 0.000 0.000 0.000 0.000 0.000 0.000 0.000 0.000 
0.000 0.000 0.000 0.000 0.000 0.000 0.000 0.000 0.000 0.000 
0.000 0.000 0.000 0.000 0.000 0.000 0.000 0.000 0.000 0.000 
0.000 0.000 0.000 0.000 0.000 0.000 0.000 0.000 0.000 0.000 
0.000 0.000 0.000 0.000 0.000 0.000 0.000 0.000 0.000 0.000 
0.000 0.000 0.000 0.000 0.000 0.000 0.000 0.000 0.000 0.000 
0.000 0.000 0.000 0.000 0.000 0.000 0.000 0.000 0.000 0.000 
0.000 0.000 0.000 0.000 0.000 0.000 0.000 0.000 0.000 0.000 
0.000 0.000 0.000 0.000 0.000 0.000 0.000 0.000 0.000 0.000 
0.000 0.000 0.000 0.000 0.000 0.000 0.000 0.000 0.000 0.000 
0.000 0.000 0.000 0.000 0.000 0.000 0.000 0.000 0.000 0.000 
0.000 0.000 0.000 0.000 0.000 0.000 0.000 0.000 0.000 0.000 
0.000 0.000 0.000 0.000 0.000 0.000 0.000 0.000 0.000 0.000 
0.000 0.000 0.000 0.000 0.000 0.000 0.000 0.000 0.000 0.000 
0.000 0.000 0.000 0.000 0.000 0.000 0.000 0.000 0.000 0.000 
0.000 0.000 0.000 0.000 0.000 0.000 0.000 0.000 0.000 0.000 
0.000 0.000 0.000 0.000 0.000 0.000 0.000 0.000 0.000 0.000 
0.000 0.000 0.000 0.000 0.000 0.000 0.000 0.000 0.000 0.000 
0.000 0.000 0.000 0.000 0.000 0.000 0.000 0.000 0.000 0.000 
0.000 0.000 0.000 0.000 0.000 0.000 0.000 0.000 0.000 0.000 
0.000 0.000 0.000 0.000 0.000 0.000 0.000 0.000 0.000 0.000 
0.000 0.000 0.000 0.000 0.000 0.000 0.000 0.000 0.000 0.000 
0.000 0.000 0.000 0.000 0.000 0.000 0.000 0.000 0.000 0.000 
# 4 2 4 10
0.000 0.000 0.000 0.000 0.000 0.000 0.000 0.000 0.000 0.000 
0.000 0.000 0.000 0.000 0.000 0.000 0.000 0.000 0.000 0.000 
0.000 0.000 0.000 0.000 0.000 0.000 0.000 0.000 0.000 0.000 
0.000 0.000 0.000 0.000 0.000 0.000 0.000 0.000 0.000 0.000 
# 4 3 29 10
0.000 0.000 0.000 0.000 0.000 0.000 0.000 0.000 0.000 0.000 
0.000 0.000 0.000 0.000 0.000 0.000 0.000 0.000 0.000 0.000 
0.000 0.000 0.000 0.000 0.000 0.000 0.000 0.000 0.000 0.000 
0.000 0.000 0.000 0.000 0.000 0.000 0.000 0.000 0.000 0.000 
0.000 0.000 0.000 0.000 0.000 0.000 0.000 0.000 0.000 0.000 
0.000 0.000 0.000 0.000 0.000 0.000 0.000 0.000 0.000 0.000 
0.000 0.000 0.000 0.000 0.000 0.000 0.000 0.000 0.000 0.000 
0.000 0.000 0.000 0.000 0.000 0.000 0.000 0.000 0.000 0.000 
0.000 0.000 0.000 0.000 0.000 0.000 0.000 0.000 0.000 0.000 
0.000 0.000 0.000 0.000 0.000 0.000 0.000 0.000 0.000 0.000 
0.000 0.000 0.000 0.000 0.000 0.000 0.000 0.000 0.000 0.000 
0.000 0.000 0.000 0.000 0.000 0.000 0.000 0.000 0.000 0.000 
0.000 0.000 0.000 0.000 0.000 0.000 0.000 0.000 0.000 0.000 
0.000 0.000 0.000 0.000 0.000 0.000 0.000 0.000 0.000 0.000 
0.000 0.000 0.000 0.000 0.000 0.000 0.000 0.000 0.000 0.000 
0.000 0.000 0.000 0.000 0.000 0.000 0.000 0.000 0.000 0.000 
0.000 0.000 0.000 0.000 0.000 0.000 0.000 0.000 0.000 0.000 
0.000 0.000 0.000 0.000 0.000 0.000 0.000 0.000 0.000 0.000 
0.000 0.000 0.000 0.000 0.000 0.000 0.000 0.000 0.000 0.000 
0.000 0.000 0.000 0.000 0.000 0.000 0.000 0.000 0.000 0.000 
0.000 0.000 0.000 0.000 0.000 0.000 0.000 0.000 0.000 0.000 
0.000 0.000 0.000 0.000 0.000 0.000 0.000 0.000 0.000 0.000 
0.000 0.000 0.000 0.000 0.000 0.000 0.000 0.000 0.000 0.000 
0.000 0.000 0.000 0.000 0.000 0.000 0.000 0.000 0.000 0.000 
0.000 0.000 0.000 0.000 0.000 0.000 0.000 0.000 0.000 0.000 
0.000 0.000 0.000 0.000 0.000 0.000 0.000 0.000 0.000 0.000 
0.000 0.000 0.000 0.000 0.000 0.000 0.000 0.000 0.000 0.000 
0.000 0.000 0.000 0.000 0.000 0.000 0.000 0.000 0.000 0.000 
0.000 0.000 0.000 0.000 0.000 0.000 0.000 0.000 0.000 0.000 
