2.416996
4
# 0 1 3 30
1.000 0.889 0.108 0.000 0.000 0.000 0.000 0.108 0.889 1.000 0.153 0.000 0.000 0.000 0.000 0.000 0.000 0.000 0.000 0.000 0.000 0.000 0.000 0.000 0.000 0.000 0.000 0.000 0.000 0.000 
0.000 0.000 0.000 0.000 0.108 0.889 1.000 0.153 0.000 0.000 0.000 0.000 0.000 0.000 0.000 0.000 0.000 0.000 0.000 0.000 0.000 0.000 0.000 0.000 0.000 0.000 0.000 0.000 0.000 0.000 
0.000 0.108 0.889 1.000 0.153 0.000 0.000 0.000 0.000 0.000 0.000 0.000 0.000 0.000 0.000 0.000 0.000 0.000 0.000 0.000 0.000 0.000 0.000 0.000 0.000 0.000 0.000 0.000 0.000 0.000 
# 0 2 23 30
0.000 0.000 0.000 0.232 0.957 0.537 0.041 0.000 0.000 0.000 0.000 0.000 0.000 0.000 0.000 0.000 0.000 0.000 0.000 0.000 0.000 0.000 0.000 0.000 0.000 0.000 0.000 0.000 0.000 0.000 
0.000 0.000 0.000 0.000 0.000 0.000 0.000 0.000 0.000 0.000 0.000 0.101 0.767 0.791 0.111 0.000 0.000 0.000 0.000 0.000 0.000 0.000 0.000 0.000 0.000 0.000 0.000 0.000 0.000 0.000 
0.000 0.000 0.000 0.000 0.000 0.000 0.000 0.000 0.000 0.000 0.000 0.000 0.000 0.000 0.186 0.000 0.000 0.000 0.000 0.037 0.512 0.968 0.249 0.000 0.000 0.000 0.000 0.000 0.000 0.000 
0.000 0.000 0.000 0.000 0.000 0.000 0.000 0.000 0.000 0.000 0.000 0.000 0.000 0.000 0.000 0.000 0.000 0.000 0.000 0.000 0.000 1.000 0.374 0.019 0.000 0.000 0.000 0.011 0.284 0.985 
0.019 0.000 0.000 0.000 0.011 0.284 0.985 0.465 0.030 0.000 0.000 0.000 0.000 0.000 0.000 0.000 0.000 0.000 0.000 0.000 0.000 0.000 0.000 0.000 0.000 0.000 0.000 0.000 0.180 0.908 
0.000 0.000 0.000 0.000 0.000 0.180 0.908 0.623 0.058 0.000 0.000 0.000 0.000 0.131 0.833 0.722 0.085 0.000 0.000 0.000 0.000 0.000 0.000 0.000 0.000 0.000 0.000 0.000 0.000 0.000 
0.000 0.000 0.000 0.000 0.000 0.000 0.000 0.000 0.000 0.000 0.000 0.000 0.000 0.074 0.686 0.863 0.148 0.000 0.000 0.000 0.000 0.050 0.586 0.931 0.202 0.000 0.000 0.000 0.000 0.000 
0.931 0.202 0.000 0.000 0.000 0.000 0.000 0.000 0.000 0.000 0.000 0.000 0.000 0.000 0.000 0.000 0.000 0.000 0.000 0.000 0.000 0.025 0.430 0.994 0.312 0.013 0.000 0.000 0.000 0.016 
0.994 0.312 0.013 0.000 0.000 0.000 0.016 0.342 0.999 0.397 0.021 0.000 0.000 0.000 0.000 0.000 0.000 0.000 0.000 0.000 0.000 0.000 0.000 0.000 0.000 0.000 0.000 0.000 0.000 0.000 
0.000 0.000 0.000 0.000 0.000 0.000 0.000 0.225 0.951 0.548 0.043 0.000 0.000 0.000 0.000 0.166 0.890 0.649 0.064 0.000 0.000 0.000 0.000 0.000 0.000 0.000 0.000 0.000 0.000 0.000 
0.000 0.000 0.000 0.000 0.000 0.000 0.000 0.000 0.000 0.000 0.000 0.000 0.000 0.000 0.000 0.097 0.757 0.801 0.115 0.000 0.000 0.000 0.000 0.067 0.660 0.882 0.161 0.000 0.000 0.000 
0.067 0.660 0.882 0.161 0.000 0.000 0.000 0.000 0.000 0.000 0.000 0.000 0.000 0.000 0.000 0.000 0.000 0.000 0.000 0.000 0.000 0.000 0.000 0.035 0.501 0.972 0.257 0.000 0.000 0.000 
0.035 0.501 0.972 0.257 0.000 0.000 0.000 0.000 0.023 0.407 0.998 0.333 0.015 0.000 0.000 0.000 0.000 0.000 0.000 0.000 0.000 0.000 0.000 0.000 0.000 0.000 0.000 0.000 0.000 0.000 
0.000 0.000 0.000 0.000 0.000 0.000 0.000 0.000 0.011 0.276 0.982 0.476 0.031 0.000 0.000 0.000 0.000 0.208 0.938 0.574 0.048 0.000 0.000 0.000 0.000 0.000 0.000 0.000 0.000 0.000 
0.000 0.000 0.000 0.000 0.000 0.000 0.000 0.000 0.000 0.000 0.000 0.000 0.000 0.000 0.000 0.000 0.000 0.126 0.824 0.733 0.089 0.000 0.000 0.000 0.000 0.089 0.733 0.824 0.126 0.000 
0.000 0.000 0.089 0.733 0.824 0.126 0.000 0.000 0.000 0.000 0.000 0.000 0.000 0.000 0.000 0.000 0.000 0.000 0.000 0.000 0.000 0.000 0.000 0.000 0.000 0.048 0.574 0.938 0.208 0.000 
0.000 0.000 0.048 0.574 0.938 0.208 0.000 0.000 0.000 0.000 0.031 0.476 0.982 0.276 0.011 0.000 0.000 0.000 0.000 0.000 0.000 0.000 0.000 0.000 0.000 0.000 0.000 0.000 0.000 0.000 
0.000 0.000 0.000 0.000 0.000 0.000 0.000 0.000 0.000 0.000 0.015 0.333 0.998 0.407 0.023 0.000 0.000 0.000 0.000 0.257 0.972 0.501 0.035 0.000 0.000 0.000 0.000 0.000 0.000 0.000 
0.000 0.000 0.000 0.000 0.000 0.000 0.000 0.000 0.000 0.000 0.000 0.000 0.000 0.000 0.000 0.000 0.000 0.000 0.000 0.161 0.882 0.660 0.067 0.000 0.000 0.000 0.000 0.115 0.801 0.757 
0.000 0.000 0.000 0.000 0.115 0.801 0.757 0.097 0.000 0.000 0.000 0.000 0.000 0.000 0.000 0.000 0.000 0.000 0.000 0.000 0.000 0.000 0.000 0.000 0.000 0.000 0.000 0.064 0.649 0.890 
0.000 0.000 0.000 0.000 0.064 0.649 0.890 0.166 0.000 0.000 0.000 0.000 0.043 0.548 0.951 0.225 0.000 0.000 0.000 0.000 0.000 0.000 0.000 0.000 0.000 0.000 0.000 0.000 0.000 0.000 
0.000 0.000 0.000 0.000 0.000 0.000 0.000 0.000 0.000 0.000 0.000 0.000 0.021 0.397 0.999 0.342 0.016 0.000 0.000 0.000 0.013 0.312 0.994 0.430 0.025 0.000 0.000 0.000 0.000 0.000 
0.430 0.025 0.000 0.000 0.000 0.000 0.000 0.000 0.000 0.000 0.000 0.000 0.000 0.000 0.000 0.000 0.000 0.000 0.000 0.000 0.000 0.202 0.931 0.586 0.050 0.000 0.000 0.000 0.000 0.148 
# 0 3 10 30
0.000 0.000 0.000 0.015 0.328 1.000 0.415 0.023 0.000 0.000 0.000 0.000 0.000 0.000 0.000 0.000 0.000 0.000 0.000 0.000 0.000 0.000 0.000 0.000 0.000 0.000 0.000 0.000 0.000 0.000 
0.000 0.000 0.000 0.000 0.000 0.000 0.000 0.000 0.000 0.000 0.000 0.000 0.000 0.000 0.000 0.000 0.000 0.000 0.000 0.000 1.000 0.328 0.015 0.000 0.000 0.000 0.015 0.328 1.000 0.415 
0.000 0.000 0.000 0.000 0.000 0.000 0.000 0.000 0.000 0.000 1.000 0.328 0.015 0.000 0.000 0.000 0.015 0.328 1.000 0.415 0.023 0.000 0.000 0.000 0.000 0.000 0.000 0.000 0.000 0.000 
1.000 0.328 0.015 0.000 0.000 0.000 0.015 0.328 1.000 0.415 0.023 0.000 0.000 0.000 0.000 0.000 0.000 0.000 0.000 0.000 0.000 0.000 0.000 0.000 0.000 0.000 0.000 0.000 0.000 0.000 
0.023 0.000 0.000 0.000 0.000 0.000 0.000 0.000 0.000 0.000 0.000 0.000 0.000 0.000 0.000 0.000 0.000 0.000 0.000 0.000 0.000 0.023 0.415 1.000 0.328 0.015 0.000 0.000 0.000 0.015 
0.000 0.000 0.000 0.000 0.000 0.000 0.000 0.000 0.000 0.000 0.000 0.023 0.415 1.000 0.328 0.015 0.000 0.000 0.000 0.015 0.328 1.000 0.415 0.023 0.000 0.000 0.000 0.000 0.000 0.000 
0.000 0.023 0.415 1.000 0.328 0.015 0.000 0.000 0.000 0.015 0.328 1.000 0.415 0.023 0.000 0.000 0.000 0.000 0.000 0.000 0.000 0.000 0.000 0.000 0.000 0.000 0.000 0.000 0.000 0.000 
0.328 1.000 0.415 0.023 0.000 0.000 0.000 0.000 0.000 0.000 0.000 0.000 0.000 0.000 0.000 0.000 0.000 0.000 0.000 0.000 0.000 0.000 0.000 0.000 0.023 0.415 1.000 0.328 0.015 0.000 
0.000 0.000 0.000 0.000 0.000 0.000 0.000 0.000 0.000 0.000 0.000 0.000 0.000 0.000 0.023 0.415 1.000 0.328 0.015 0.000 0.000 0.000 0.015 0.328 1.000 0.415 0.023 0.000 0.000 0.000 
0.000 0.000 0.000 0.000 0.023 0.415 1.000 0.328 0.015 0.000 0.000 0.000 0.015 0.328 1.000 0.415 0.023 0.000 0.000 0.000 0.000 0.000 0.000 0.000 0.000 0.000 0.000 0.000 0.000 0.000 
# 1 0 30 3
-0.106 -0.727 0.000 
-0.188 -0.106 -0.727 
-0.551 -0.188 -0.106 
0.000 0.368 0.748 
1.000 0.992 0.872 
0.451 0.160 0.037 
0.000 0.000 0.000 
0.030 0.135 0.403 
0.830 0.999 0.998 
0.796 0.414 0.141 
0.000 0.000 0.000 
0.000 0.035 0.154 
0.489 0.862 0.994 
0.000 0.000 0.000 
0.000 0.000 0.000 
0.000 0.000 0.000 
0.000 0.000 0.000 
0.000 0.000 0.000 
0.000 0.000 0.000 
0.000 0.000 0.000 
0.000 0.000 0.000 
0.000 0.000 0.000 
0.000 0.000 0.000 
0.000 0.000 0.000 
0.000 0.000 0.000 
0.000 0.000 0.000 
0.000 0.000 0.000 
0.000 0.000 0.000 
0.000 0.000 0.000 
0.000 0.000 0.000 
# 1 2 23 3
-0.096 -0.751 0.000 
-0.600 -0.253 -0.072 
-0.161 -0.125 -0.379 
0.000 0.000 0.000 
0.000 0.000 0.000 
0.000 0.000 0.000 
0.000 0.000 0.000 
0.000 0.000 0.000 
0.000 0.000 0.000 
0.000 0.000 0.000 
0.000 0.000 0.000 
0.000 0.000 0.000 
0.000 0.000 0.000 
0.000 0.000 0.000 
0.000 0.000 0.000 
0.000 0.000 0.000 
0.000 0.000 0.000 
0.000 0.000 0.000 
0.000 0.000 0.000 
0.000 0.000 0.000 
0.000 0.000 0.000 
0.000 0.000 0.000 
0.000 0.000 0.000 
# 2 0 30 23
0.000 0.000 -0.020 -0.067 -0.184 -0.397 -0.680 -0.924 -0.997 -0.852 -0.578 -0.311 -0.133 -0.045 -0.012 0.000 0.000 0.000 0.000 0.000 0.000 0.000 0.000 
-0.746 -0.960 -0.981 -0.795 -0.511 -0.260 -0.105 -0.034 0.000 0.000 0.000 0.000 0.000 0.000 0.000 0.000 0.000 0.000 0.000 0.000 -0.036 -0.111 -0.271 
-0.082 -0.025 0.000 0.000 0.000 0.000 0.000 0.000 0.000 -0.021 0.000 0.000 0.000 -0.013 -0.048 -0.139 -0.323 -0.593 -0.864 -0.998 -0.915 -0.666 -0.384 
0.000 0.000 -0.056 -0.016 0.000 0.000 0.000 -0.018 -0.063 -0.173 -0.380 -0.661 -0.912 -0.999 -0.867 -0.598 -0.327 -0.142 -0.049 -0.013 0.000 0.000 0.000 
0.000 -0.025 -0.081 -0.212 -0.441 -0.727 -0.951 -0.987 -0.812 -0.530 -0.274 -0.113 -0.037 0.000 0.000 0.000 0.000 0.000 -0.250 -0.100 -0.032 0.000 0.000 
-0.979 -0.962 -0.750 -0.464 -0.228 -0.089 -0.027 0.000 0.000 0.000 0.000 -0.432 -0.206 -0.078 -0.023 0.000 0.000 0.000 -0.012 -0.044 -0.131 -0.307 -0.573 
-0.020 0.000 0.000 0.000 -0.651 -0.371 -0.168 -0.060 -0.017 0.000 0.000 0.000 -0.016 -0.058 -0.163 -0.363 -0.641 -0.899 -1.000 -0.882 -0.617 -0.342 -0.151 
-0.135 -0.046 -0.012 0.000 0.000 0.000 -0.022 -0.075 -0.200 -0.423 -0.709 -0.941 -0.991 -0.828 -0.549 -0.289 -0.120 -0.040 -0.010 0.000 -0.982 -0.799 -0.516 
-0.030 -0.097 -0.244 -0.487 -0.773 -0.972 -0.971 -0.768 -0.482 -0.240 -0.095 -0.030 0.000 -0.984 -0.956 -0.737 -0.450 -0.218 -0.084 -0.026 0.000 0.000 0.000 
-0.938 -0.704 -0.419 -0.198 -0.074 -0.022 -0.860 -0.998 -0.918 -0.670 -0.388 -0.178 -0.065 -0.019 0.000 0.000 0.000 -0.015 -0.054 -0.153 -0.347 -0.622 -0.886 
-0.909 -0.999 -0.871 -0.603 -0.331 -0.144 -0.050 -0.014 0.000 0.000 0.000 -0.021 -0.070 -0.189 -0.406 -0.690 -0.930 -0.995 -0.844 -0.568 -0.304 -0.129 -0.437 
-0.037 0.000 0.000 0.000 0.000 -0.028 -0.090 -0.231 -0.469 -0.755 -0.965 -0.978 -0.786 -0.501 -0.254 -0.254 -0.501 -0.786 -0.978 -0.965 -0.755 -0.469 -0.231 
-0.115 -0.278 -0.535 -0.816 -0.988 -0.949 -0.723 -0.437 -0.129 -0.304 -0.568 -0.844 -0.995 -0.930 -0.690 -0.406 -0.189 -0.070 -0.021 0.000 0.000 0.000 -0.014 
-0.656 -0.057 -0.160 -0.359 -0.636 -0.896 -1.000 -0.886 -0.622 -0.347 -0.153 -0.054 -0.015 0.000 0.000 0.000 -0.019 -0.065 -0.178 -0.388 -0.670 -0.918 -0.998 
-0.992 -0.833 -0.554 -0.292 -0.122 -0.041 -0.011 0.000 0.000 0.000 -0.026 -0.084 -0.218 -0.450 -0.737 -0.956 -0.984 0.000 -0.030 -0.095 -0.240 -0.482 -0.768 
0.000 0.000 0.000 0.000 -0.034 -0.107 -0.264 -0.516 -0.799 -0.982 0.000 -0.010 -0.040 -0.120 -0.289 -0.549 -0.828 -0.991 -0.941 -0.709 -0.423 -0.200 -0.075 
-0.315 -0.583 -0.856 0.000 0.000 -0.015 -0.053 -0.151 -0.342 -0.617 -0.882 -1.000 -0.899 -0.641 -0.363 -0.163 -0.058 -0.016 0.000 0.000 0.000 -0.017 -0.060 
-0.069 -0.186 -0.401 -0.685 -0.927 -0.996 -0.848 -0.573 -0.307 -0.131 -0.044 -0.012 0.000 0.000 0.000 -0.023 -0.078 -0.206 -0.432 0.000 0.000 0.000 0.000 
-0.790 -0.506 -0.257 -0.104 -0.033 0.000 0.000 0.000 0.000 -0.032 -0.100 -0.250 0.000 0.000 0.000 0.000 0.000 -0.037 -0.113 -0.274 -0.530 -0.812 -0.987 
0.000 0.000 -0.011 -0.042 -0.127 0.000 0.000 0.000 0.000 0.000 -0.013 -0.049 -0.142 -0.327 -0.598 -0.867 -0.999 -0.912 -0.661 -0.380 -0.173 -0.063 -0.018 
0.000 0.000 0.000 0.000 -0.018 -0.064 -0.176 -0.384 -0.666 -0.915 -0.998 -0.864 -0.593 -0.323 -0.139 -0.048 -0.013 0.000 0.000 0.000 -0.021 0.000 0.000 
-0.215 -0.446 -0.732 -0.953 -0.985 -0.808 -0.525 -0.271 -0.111 -0.036 0.000 0.000 0.000 0.000 0.000 0.000 0.000 0.000 0.000 0.000 0.000 0.000 -0.034 
-0.459 -0.224 -0.087 -0.027 0.000 0.000 0.000 0.000 0.000 0.000 0.000 0.000 0.000 0.000 0.000 -0.012 -0.045 -0.133 -0.311 -0.578 -0.852 -0.997 -0.924 
0.000 0.000 0.000 0.000 0.000 0.000 0.000 0.000 0.000 0.000 0.000 0.000 0.000 0.000 0.000 0.000 0.000 0.000 0.000 0.000 0.000 0.000 0.000 
0.000 0.000 0.000 0.000 0.000 0.000 0.000 0.000 0.000 0.000 0.000 0.000 0.000 0.000 0.000 0.000 0.000 0.000 0.000 0.000 0.000 0.000 0.000 
0.000 0.000 0.000 0.000 0.000 0.000 0.000 0.000 0.000 0.000 0.000 0.000 0.000 0.000 0.000 0.000 0.000 0.000 0.000 0.000 0.000 0.000 0.000 
0.000 0.000 0.000 0.000 0.000 0.000 0.000 0.000 0.000 0.000 0.000 0.000 0.000 0.000 0.000 0.000 0.000 0.000 0.000 0.000 0.000 0.000 0.000 
0.000 0.000 0.000 0.000 0.000 0.000 0.000 0.000 0.000 0.000 0.000 0.000 0.000 0.000 0.000 0.000 0.000 0.000 0.000 0.000 0.000 0.000 0.000 
0.000 0.000 0.000 0.000 0.000 0.000 0.000 0.000 0.000 0.000 0.000 0.000 0.000 0.000 0.000 0.000 0.000 0.000 0.000 0.000 0.000 0.000 0.000 
0.000 0.000 0.000 0.000 0.000 0.000 0.000 0.000 0.000 0.000 0.000 0.000 0.000 0.000 0.000 0.000 0.000 0.000 0.000 0.000 0.000 0.000 0.000 
# 2 1 3 23
-0.085 -0.026 0.000 0.000 0.000 -0.010 -0.040 -0.120 -0.289 -0.549 -0.829 -0.992 -0.941 -0.709 -0.423 -0.201 -0.075 -0.022 0.000 0.000 0.000 0.000 0.000 
0.000 0.000 -0.010 -0.040 -0.120 -0.289 -0.549 -0.829 -0.992 -0.941 -0.709 -0.423 -0.201 -0.075 -0.022 0.000 0.000 0.000 0.000 0.000 -0.339 -0.612 -0.879 
-0.040 -0.120 -0.289 -0.549 -0.829 -0.992 -0.941 -0.709 -0.423 -0.201 -0.075 -0.022 0.000 0.000 0.000 0.000 0.000 -0.339 -0.612 -0.879 -1.000 -0.903 -0.646 
# 3 0 30 10
-0.654 -0.998 -0.814 -0.355 -0.082 -0.010 0.000 0.000 0.000 0.000 
-0.807 -0.654 -0.998 -0.814 -0.355 -0.082 -0.010 0.000 0.000 0.000 
-1.000 -0.807 -0.654 -0.998 -0.814 -0.355 -0.082 -0.010 0.000 0.000 
-0.662 -1.000 -0.807 -0.654 -0.998 -0.814 -0.355 -0.082 -0.010 0.000 
-0.234 -0.662 -1.000 -0.807 -0.654 -0.998 -0.814 -0.355 -0.082 -0.010 
-0.044 -0.234 -0.662 -1.000 -0.807 -0.654 -0.998 -0.814 -0.355 -0.082 
0.000 -0.044 -0.234 -0.662 -1.000 -0.807 -0.654 -0.998 -0.814 -0.355 
0.000 0.000 -0.044 -0.234 -0.662 -1.000 -0.807 -0.654 -0.998 -0.814 
0.000 0.000 0.000 -0.044 -0.234 -0.662 -1.000 -0.807 -0.654 -0.998 
0.000 0.000 0.000 0.000 -0.044 -0.234 -0.662 -1.000 -0.807 -0.654 
0.000 0.000 0.000 0.000 0.000 0.000 0.000 0.000 0.000 0.000 
0.000 0.000 0.000 0.000 0.000 0.000 0.000 0.000 0.000 0.000 
0.000 0.000 0.000 0.000 0.000 0.000 0.000 0.000 0.000 0.000 
0.000 0.000 0.000 0.000 0.000 0.000 0.000 0.000 0.000 0.000 
0.000 0.000 0.000 0.000 0.000 0.000 0.000 0.000 0.000 0.000 
0.000 0.000 0.000 0.000 0.000 0.000 0.000 0.000 0.000 0.000 
0.000 0.000 0.000 0.000 0.000 0.000 0.000 0.000 0.000 0.000 
0.000 0.000 0.000 0.000 0.000 0.000 0.000 0.000 0.000 0.000 
0.000 0.000 0.000 0.000 0.000 0.000 0.000 0.000 0.000 0.000 
0.000 0.000 0.000 0.000 0.000 0.000 0.000 0.000 0.000 0.000 
0.000 0.000 0.000 0.000 0.000 0.000 0.000 0.000 0.000 0.000 
0.000 0.000 0.000 0.000 0.000 0.000 0.000 0.000 0.000 0.000 
0.000 0.000 0.000 0.000 0.000 0.000 0.000 0.000 0.000 0.000 
0.000 0.000 0.000 0.000 0.000 0.000 0.000 0.000 0.000 0.000 
0.000 0.000 0.000 0.000 0.000 0.000 0.000 0.000 0.000 0.000 
0.000 0.000 0.000 0.000 0.000 0.000 0.000 0.000 0.000 0.000 
0.000 0.000 0.000 0.000 0.000 0.000 0.000 0.000 0.000 0.000 
0.000 0.000 0.000 0.000 0.000 0.000 0.000 0.000 0.000 0.000 
0.000 0.000 0.000 0.000 0.000 0.000 0.000 0.000 0.000 0.000 
0.000 0.000 0.000 0.000 0.000 0.000 0.000 0.000 0.000 0.000 
# 3 1 3 10
-0.887 -0.859 -0.281 -0.031 0.000 0.000 0.000 -0.920 -1.000 -0.587 
-0.031 0.000 0.000 0.000 -0.920 -1.000 -0.587 -0.116 0.000 0.000 
0.000 -0.920 -1.000 -0.587 -0.116 0.000 0.000 0.000 -0.989 -0.850 
# 3 2 23 10
-0.878 -1.000 -0.522 -0.092 0.000 0.000 0.000 -0.649 -1.000 -0.957 
-0.210 -0.771 -0.957 -1.000 -0.649 0.000 0.000 0.000 -0.092 -0.522 
0.000 0.000 0.000 0.000 0.000 0.000 0.000 0.000 0.000 0.000 
0.000 0.000 0.000 0.000 0.000 0.000 0.000 0.000 0.000 0.000 
0.000 0.000 0.000 0.000 0.000 0.000 0.000 0.000 0.000 0.000 
0.000 0.000 0.000 0.000 0.000 0.000 0.000 0.000 0.000 0.000 
0.000 0.000 0.000 0.000 0.000 0.000 0.000 0.000 0.000 0.000 
0.000 0.000 0.000 0.000 0.000 0.000 0.000 0.000 0.000 0.000 
0.000 0.000 0.000 0.000 0.000 0.000 0.000 0.000 0.000 0.000 
0.000 0.000 0.000 0.000 0.000 0.000 0.000 0.000 0.000 0.000 
0.000 0.000 0.000 0.000 0.000 0.000 0.000 0.000 0.000 0.000 
0.000 0.000 0.000 0.000 0.000 0.000 0.000 0.000 0.000 0.000 
0.000 0.000 0.000 0.000 0.000 0.000 0.000 0.000 0.000 0.000 
0.000 0.000 0.000 0.000 0.000 0.000 0.000 0.000 0.000 0.000 
0.000 0.000 0.000 0.000 0.000 0.000 0.000 0.000 0.000 0.000 
0.000 0.000 0.000 0.000 0.000 0.000 0.000 0.000 0.000 0.000 
0.000 0.000 0.000 0.000 0.000 0.000 0.000 0.000 0.000 0.000 
0.000 0.000 0.000 0.000 0.000 0.000 0.000 0.000 0.000 0.000 
0.000 0.000 0.000 0.000 0.000 0.000 0.000 0.000 0.000 0.000 
0.000 0.000 0.000 0.000 0.000 0.000 0.000 0.000 0.000 0.000 
0.000 0.000 0.000 0.000 0.000 0.000 0.000 0.000 0.000 0.000 
0.000 0.000 0.000 0.000 0.000 0.000 0.000 0.000 0.000 0.000 
0.000 0.000 0.000 0.000 0.000 0.000 0.000 0.000 0.000 0.000 
