2.444190
3
# 0 1 26 30
0.966 0.998 0.987 0.926 0.824 0.695 0.556 0.422 0.304 0.207 0.134 0.082 0.048 0.026 0.014 0.000 0.000 0.000 0.000 0.000 0.000 0.000 0.000 0.000 0.000 0.000 0.000 0.000 0.000 0.000 
0.000 0.000 0.000 0.000 1.000 0.974 0.995 0.992 0.939 0.842 0.716 0.578 0.442 0.321 0.221 0.144 0.089 0.052 0.029 0.015 0.000 0.000 0.000 0.000 0.000 0.000 0.000 0.000 0.000 0.000 
0.000 0.000 0.000 0.000 0.000 0.000 0.000 0.000 0.965 0.999 0.982 0.990 0.996 0.950 0.859 0.737 0.599 0.462 0.338 0.234 0.154 0.096 0.057 0.032 0.017 0.000 0.000 0.000 0.000 0.000 
0.000 0.000 0.000 0.000 0.000 0.000 0.000 0.000 0.000 0.000 0.000 0.000 0.867 0.955 0.997 0.988 0.985 0.998 0.960 0.875 0.757 0.621 0.483 0.356 0.249 0.165 0.104 0.062 0.035 0.019 
0.104 0.062 0.035 0.019 0.000 0.000 0.000 0.000 0.000 0.000 0.000 0.000 0.000 0.000 0.000 0.000 0.727 0.851 0.944 0.994 0.993 0.978 1.000 0.969 0.891 0.777 0.642 0.504 0.374 0.264 
0.642 0.504 0.374 0.264 0.176 0.112 0.067 0.038 0.021 0.011 0.000 0.000 0.000 0.000 0.000 0.000 0.000 0.000 0.000 0.000 0.567 0.706 0.833 0.932 0.990 0.996 0.970 1.000 0.977 0.906 
0.970 1.000 0.977 0.906 0.796 0.664 0.525 0.393 0.279 0.188 0.120 0.073 0.042 0.023 0.012 0.000 0.000 0.000 0.000 0.000 0.000 0.000 0.000 0.000 0.412 0.546 0.685 0.815 0.920 0.984 
0.685 0.815 0.920 0.984 0.999 0.961 0.999 0.984 0.920 0.815 0.685 0.546 0.412 0.296 0.201 0.129 0.079 0.046 0.025 0.013 0.000 0.000 0.000 0.000 0.000 0.000 0.000 0.000 0.279 0.393 
0.000 0.000 0.279 0.393 0.525 0.664 0.796 0.906 0.977 1.000 0.970 0.996 0.990 0.932 0.833 0.706 0.567 0.432 0.312 0.214 0.139 0.086 0.050 0.028 0.015 0.000 0.000 0.000 0.000 0.000 
0.000 0.000 0.000 0.000 0.000 0.000 0.176 0.264 0.374 0.504 0.642 0.777 0.891 0.969 1.000 0.978 0.993 0.994 0.944 0.851 0.727 0.589 0.452 0.329 0.227 0.149 0.093 0.055 0.030 0.016 
0.093 0.055 0.030 0.016 0.000 0.000 0.000 0.000 0.000 0.000 0.104 0.165 0.249 0.356 0.483 0.621 0.757 0.875 0.960 0.998 0.985 0.988 0.997 0.955 0.867 0.747 0.610 0.472 0.347 0.242 
0.610 0.472 0.347 0.242 0.160 0.100 0.059 0.033 0.018 0.000 0.000 0.000 0.000 0.000 0.057 0.096 0.154 0.234 0.338 0.462 0.599 0.737 0.859 0.950 0.996 0.990 0.982 0.999 0.965 0.883 
0.982 0.999 0.965 0.883 0.767 0.632 0.493 0.365 0.256 0.171 0.108 0.065 0.037 0.020 0.010 0.000 0.000 0.000 0.029 0.052 0.089 0.144 0.221 0.321 0.442 0.578 0.716 0.842 0.939 0.992 
0.716 0.842 0.939 0.992 0.995 0.974 1.000 0.973 0.899 0.787 0.653 0.514 0.384 0.272 0.182 0.116 0.070 0.040 0.022 0.011 0.000 0.000 0.014 0.026 0.048 0.082 0.134 0.207 0.304 0.422 
0.134 0.207 0.304 0.422 0.556 0.695 0.824 0.926 0.987 0.998 0.966 0.999 0.981 0.913 0.806 0.674 0.535 0.403 0.287 0.195 0.125 0.076 0.044 0.024 0.012 0.000 0.000 0.012 0.024 0.044 
0.000 0.012 0.024 0.044 0.076 0.125 0.195 0.287 0.403 0.535 0.674 0.806 0.913 0.981 0.999 0.966 0.998 0.987 0.926 0.824 0.695 0.556 0.422 0.304 0.207 0.134 0.082 0.048 0.026 0.014 
0.082 0.048 0.026 0.014 0.000 0.000 0.011 0.022 0.040 0.070 0.116 0.182 0.272 0.384 0.514 0.653 0.787 0.899 0.973 1.000 0.974 0.995 0.992 0.939 0.842 0.716 0.578 0.442 0.321 0.221 
0.578 0.442 0.321 0.221 0.144 0.089 0.052 0.029 0.000 0.000 0.000 0.010 0.020 0.037 0.065 0.108 0.171 0.256 0.365 0.493 0.632 0.767 0.883 0.965 0.999 0.982 0.990 0.996 0.950 0.859 
0.990 0.996 0.950 0.859 0.737 0.599 0.462 0.338 0.234 0.154 0.096 0.057 0.000 0.000 0.000 0.000 0.000 0.018 0.033 0.059 0.100 0.160 0.242 0.347 0.472 0.610 0.747 0.867 0.955 0.997 
0.747 0.867 0.955 0.997 0.988 0.985 0.998 0.960 0.875 0.757 0.621 0.483 0.356 0.249 0.165 0.104 0.000 0.000 0.000 0.000 0.000 0.000 0.016 0.030 0.055 0.093 0.149 0.227 0.329 0.452 
0.149 0.227 0.329 0.452 0.589 0.727 0.851 0.944 0.994 0.993 0.978 1.000 0.969 0.891 0.777 0.642 0.504 0.374 0.264 0.176 0.000 0.000 0.000 0.000 0.000 0.000 0.000 0.015 0.028 0.050 
0.000 0.015 0.028 0.050 0.086 0.139 0.214 0.312 0.432 0.567 0.706 0.833 0.932 0.990 0.996 0.970 1.000 0.977 0.906 0.796 0.664 0.525 0.393 0.279 0.000 0.000 0.000 0.000 0.000 0.000 
0.000 0.000 0.000 0.000 0.000 0.000 0.013 0.025 0.046 0.079 0.129 0.201 0.296 0.412 0.546 0.685 0.815 0.920 0.984 0.999 0.961 0.999 0.984 0.920 0.815 0.685 0.546 0.412 0.000 0.000 
0.546 0.412 0.000 0.000 0.000 0.000 0.000 0.000 0.000 0.000 0.000 0.012 0.023 0.042 0.073 0.120 0.188 0.279 0.393 0.525 0.664 0.796 0.906 0.977 1.000 0.970 0.996 0.990 0.932 0.833 
0.996 0.990 0.932 0.833 0.706 0.567 0.000 0.000 0.000 0.000 0.000 0.000 0.000 0.000 0.000 0.000 0.011 0.021 0.038 0.067 0.112 0.176 0.264 0.374 0.504 0.642 0.777 0.891 0.969 1.000 
0.777 0.891 0.969 1.000 0.978 0.993 0.994 0.944 0.851 0.727 0.000 0.000 0.000 0.000 0.000 0.000 0.000 0.000 0.000 0.000 0.000 0.000 0.019 0.035 0.062 0.104 0.165 0.249 0.356 0.483 
# 0 2 10 30
1.000 0.962 1.000 0.985 0.921 0.816 0.686 0.546 0.413 0.296 0.201 0.130 0.079 0.046 0.025 0.013 0.000 0.000 0.000 0.000 0.000 0.000 0.000 0.000 0.000 0.000 0.000 0.000 0.000 0.000 
0.201 0.130 0.079 0.046 0.025 0.013 0.000 0.000 0.000 0.000 0.000 0.000 0.000 0.000 0.000 0.000 0.000 0.000 0.000 0.000 0.816 0.921 0.985 1.000 0.962 1.000 0.985 0.921 0.816 0.686 
0.000 0.000 0.000 0.000 0.000 0.000 0.000 0.000 0.000 0.000 0.816 0.921 0.985 1.000 0.962 1.000 0.985 0.921 0.816 0.686 0.546 0.413 0.296 0.201 0.130 0.079 0.046 0.025 0.013 0.000 
0.816 0.921 0.985 1.000 0.962 1.000 0.985 0.921 0.816 0.686 0.546 0.413 0.296 0.201 0.130 0.079 0.046 0.025 0.013 0.000 0.000 0.000 0.000 0.000 0.000 0.000 0.000 0.000 0.000 0.000 
0.546 0.413 0.296 0.201 0.130 0.079 0.046 0.025 0.013 0.000 0.000 0.000 0.000 0.000 0.000 0.000 0.000 0.000 0.000 0.000 0.413 0.546 0.686 0.816 0.921 0.985 1.000 0.962 1.000 0.985 
0.000 0.000 0.000 0.000 0.000 0.000 0.000 0.000 0.000 0.000 0.413 0.546 0.686 0.816 0.921 0.985 1.000 0.962 1.000 0.985 0.921 0.816 0.686 0.546 0.413 0.296 0.201 0.130 0.079 0.046 
0.413 0.546 0.686 0.816 0.921 0.985 1.000 0.962 1.000 0.985 0.921 0.816 0.686 0.546 0.413 0.296 0.201 0.130 0.079 0.046 0.025 0.013 0.000 0.000 0.000 0.000 0.000 0.000 0.000 0.000 
0.921 0.816 0.686 0.546 0.413 0.296 0.201 0.130 0.079 0.046 0.025 0.013 0.000 0.000 0.000 0.000 0.000 0.000 0.000 0.000 0.130 0.201 0.296 0.413 0.546 0.686 0.816 0.921 0.985 1.000 
0.025 0.013 0.000 0.000 0.000 0.000 0.000 0.000 0.000 0.000 0.130 0.201 0.296 0.413 0.546 0.686 0.816 0.921 0.985 1.000 0.962 1.000 0.985 0.921 0.816 0.686 0.546 0.413 0.296 0.201 
0.130 0.201 0.296 0.413 0.546 0.686 0.816 0.921 0.985 1.000 0.962 1.000 0.985 0.921 0.816 0.686 0.546 0.413 0.296 0.201 0.130 0.079 0.046 0.025 0.013 0.000 0.000 0.000 0.000 0.000 
# 1 0 30 26
-0.035 -0.067 -0.119 -0.198 -0.307 -0.445 -0.601 -0.758 -0.891 -0.977 -0.999 -0.953 -0.848 -0.704 -0.545 -0.394 -0.265 -0.167 -0.098 -0.053 -0.027 -0.013 0.000 0.000 0.000 0.000 
-0.211 -0.324 -0.465 -0.622 -0.777 -0.905 -0.984 -0.997 -0.942 -0.831 -0.683 -0.524 -0.375 -0.250 -0.156 -0.091 -0.049 -0.025 -0.012 0.000 0.000 0.000 -0.095 -0.052 -0.042 -0.078 
-0.644 -0.796 -0.919 -0.989 -0.993 -0.930 -0.813 -0.662 -0.503 -0.357 -0.236 -0.146 -0.084 -0.045 -0.023 -0.011 0.000 0.000 -0.152 -0.088 -0.047 -0.045 -0.085 -0.147 -0.238 -0.359 
-0.994 -0.989 -0.917 -0.794 -0.641 -0.483 -0.339 -0.222 -0.136 -0.077 -0.041 -0.020 0.000 0.000 -0.231 -0.142 -0.081 -0.044 -0.050 -0.091 -0.157 -0.252 -0.377 -0.527 -0.686 -0.833 
-0.775 -0.620 -0.462 -0.322 -0.209 -0.127 -0.071 -0.038 -0.019 0.000 -0.333 -0.217 -0.132 -0.075 -0.040 -0.054 -0.099 -0.168 -0.267 -0.396 -0.548 -0.707 -0.850 -0.954 -0.999 -0.976 
-0.305 -0.196 -0.118 -0.066 -0.034 -0.017 -0.455 -0.315 -0.204 -0.123 -0.069 -0.036 -0.059 -0.106 -0.180 -0.283 -0.415 -0.569 -0.727 -0.867 -0.964 -1.000 -0.967 -0.873 -0.735 -0.577 
-0.061 -0.031 -0.590 -0.435 -0.299 -0.192 -0.115 -0.064 -0.033 -0.064 -0.115 -0.192 -0.299 -0.435 -0.590 -0.748 -0.883 -0.973 -1.000 -0.958 -0.857 -0.715 -0.556 -0.403 -0.273 -0.172 
-0.415 -0.283 -0.180 -0.106 -0.059 -0.036 -0.069 -0.123 -0.204 -0.315 -0.455 -0.612 -0.767 -0.898 -0.980 -0.998 -0.948 -0.840 -0.694 -0.535 -0.384 -0.258 -0.161 -0.094 -0.850 -0.707 
-0.099 -0.054 -0.040 -0.075 -0.132 -0.217 -0.333 -0.475 -0.633 -0.787 -0.912 -0.987 -0.995 -0.936 -0.822 -0.673 -0.514 -0.366 -0.243 -0.151 -0.944 -0.833 -0.686 -0.527 -0.377 -0.252 
-0.081 -0.142 -0.231 -0.350 -0.496 -0.654 -0.806 -0.926 -0.992 -0.991 -0.924 -0.803 -0.652 -0.493 -0.348 -0.229 -0.994 -0.932 -0.815 -0.665 -0.506 -0.359 -0.238 -0.147 -0.085 -0.045 
-0.368 -0.516 -0.675 -0.824 -0.938 -0.996 -0.986 -0.911 -0.784 -0.630 -0.473 -0.330 -0.993 -0.989 -0.919 -0.796 -0.644 -0.485 -0.341 -0.224 -0.137 -0.078 -0.042 -0.052 -0.095 -0.163 
-0.842 -0.949 -0.998 -0.979 -0.896 -0.765 -0.609 -0.452 -0.942 -0.997 -0.984 -0.905 -0.777 -0.622 -0.465 -0.324 -0.211 -0.128 -0.072 -0.038 -0.056 -0.102 -0.174 -0.275 -0.406 -0.559 
-0.972 -0.881 -0.745 -0.588 -0.848 -0.953 -0.999 -0.977 -0.891 -0.758 -0.601 -0.445 -0.307 -0.198 -0.119 -0.067 -0.035 -0.061 -0.110 -0.186 -0.291 -0.425 -0.580 -0.738 -0.875 -0.969 
-0.725 -0.865 -0.963 -1.000 -0.969 -0.875 -0.738 -0.580 -0.425 -0.291 -0.186 -0.110 -0.061 -0.035 -0.067 -0.119 -0.198 -0.307 -0.445 -0.601 -0.758 -0.891 -0.977 -0.999 -0.953 -0.848 
-1.000 -0.959 -0.859 -0.717 -0.559 -0.406 -0.275 -0.174 -0.102 -0.056 -0.038 -0.072 -0.128 -0.211 -0.324 -0.465 -0.622 -0.777 -0.905 -0.984 -0.997 -0.942 -0.452 -0.609 -0.765 -0.896 
-0.696 -0.537 -0.387 -0.260 -0.163 -0.095 -0.052 -0.042 -0.078 -0.137 -0.224 -0.341 -0.485 -0.644 -0.796 -0.919 -0.989 -0.993 -0.330 -0.473 -0.630 -0.784 -0.911 -0.986 -0.996 -0.938 
-0.245 -0.152 -0.088 -0.047 -0.045 -0.085 -0.147 -0.238 -0.359 -0.506 -0.665 -0.815 -0.932 -0.994 -0.229 -0.348 -0.493 -0.652 -0.803 -0.924 -0.991 -0.992 -0.926 -0.806 -0.654 -0.496 
-0.044 -0.050 -0.091 -0.157 -0.252 -0.377 -0.527 -0.686 -0.833 -0.944 -0.151 -0.243 -0.366 -0.514 -0.673 -0.822 -0.936 -0.995 -0.987 -0.912 -0.787 -0.633 -0.475 -0.333 -0.217 -0.132 
-0.168 -0.267 -0.396 -0.548 -0.707 -0.850 -0.094 -0.161 -0.258 -0.384 -0.535 -0.694 -0.840 -0.948 -0.998 -0.980 -0.898 -0.767 -0.612 -0.455 -0.315 -0.204 -0.123 -0.069 -0.036 -0.059 
-0.569 -0.727 -0.056 -0.102 -0.172 -0.273 -0.403 -0.556 -0.715 -0.857 -0.958 -1.000 -0.973 -0.883 -0.748 -0.590 -0.435 -0.299 -0.192 -0.115 -0.064 -0.033 -0.064 -0.115 -0.192 -0.299 
-0.109 -0.184 -0.289 -0.423 -0.577 -0.735 -0.873 -0.967 -1.000 -0.964 -0.867 -0.727 -0.569 -0.415 -0.283 -0.180 -0.106 -0.059 -0.036 -0.069 -0.123 -0.204 -0.315 -0.455 -0.017 -0.034 
-0.442 -0.598 -0.755 -0.889 -0.976 -0.999 -0.954 -0.850 -0.707 -0.548 -0.396 -0.267 -0.168 -0.099 -0.054 -0.040 -0.075 -0.132 -0.217 -0.333 0.000 -0.019 -0.038 -0.071 -0.127 -0.209 
-0.903 -0.983 -0.997 -0.944 -0.833 -0.686 -0.527 -0.377 -0.252 -0.157 -0.091 -0.050 -0.044 -0.081 -0.142 -0.231 0.000 0.000 -0.020 -0.041 -0.077 -0.136 -0.222 -0.339 -0.483 -0.641 
-0.932 -0.815 -0.665 -0.506 -0.359 -0.238 -0.147 -0.085 -0.045 -0.047 -0.088 -0.152 0.000 0.000 -0.011 -0.023 -0.045 -0.084 -0.146 -0.236 -0.357 -0.503 -0.662 -0.813 -0.930 -0.993 
-0.485 -0.341 -0.224 -0.137 -0.078 -0.042 -0.052 -0.095 0.000 0.000 0.000 -0.012 -0.025 -0.049 -0.091 -0.156 -0.250 -0.375 -0.524 -0.683 -0.831 -0.942 -0.997 -0.984 -0.905 -0.777 
-0.128 -0.072 -0.038 -0.056 0.000 0.000 0.000 0.000 -0.013 -0.027 -0.053 -0.098 -0.167 -0.265 -0.394 -0.545 -0.704 -0.848 -0.953 -0.999 -0.977 -0.891 -0.758 -0.601 -0.445 -0.307 
0.000 0.000 0.000 0.000 0.000 0.000 0.000 0.000 0.000 0.000 0.000 0.000 0.000 0.000 0.000 0.000 0.000 0.000 0.000 0.000 0.000 0.000 0.000 0.000 0.000 0.000 
0.000 0.000 0.000 0.000 0.000 0.000 0.000 0.000 0.000 0.000 0.000 0.000 0.000 0.000 0.000 0.000 0.000 0.000 0.000 0.000 0.000 0.000 0.000 0.000 0.000 0.000 
0.000 0.000 0.000 0.000 0.000 0.000 0.000 0.000 0.000 0.000 0.000 0.000 0.000 0.000 0.000 0.000 0.000 0.000 0.000 0.000 0.000 0.000 0.000 0.000 0.000 0.000 
0.000 0.000 0.000 0.000 0.000 0.000 0.000 0.000 0.000 0.000 0.000 0.000 0.000 0.000 0.000 0.000 0.000 0.000 0.000 0.000 0.000 0.000 0.000 0.000 0.000 0.000 
# 2 0 30 10
-0.992 -0.969 -0.819 -0.599 -0.380 -0.208 -0.099 -0.040 -0.014 0.000 
-1.000 -0.992 -0.969 -0.819 -0.599 -0.380 -0.208 -0.099 -0.040 -0.014 
-0.931 -1.000 -0.992 -0.969 -0.819 -0.599 -0.380 -0.208 -0.099 -0.040 
-0.750 -0.931 -1.000 -0.992 -0.969 -0.819 -0.599 -0.380 -0.208 -0.099 
-0.523 -0.750 -0.931 -1.000 -0.992 -0.969 -0.819 -0.599 -0.380 -0.208 
-0.316 -0.523 -0.750 -0.931 -1.000 -0.992 -0.969 -0.819 -0.599 -0.380 
-0.165 -0.316 -0.523 -0.750 -0.931 -1.000 -0.992 -0.969 -0.819 -0.599 
-0.075 -0.165 -0.316 -0.523 -0.750 -0.931 -1.000 -0.992 -0.969 -0.819 
-0.029 -0.075 -0.165 -0.316 -0.523 -0.750 -0.931 -1.000 -0.992 -0.969 
0.000 -0.029 -0.075 -0.165 -0.316 -0.523 -0.750 -0.931 -1.000 -0.992 
0.928 0.834 0.715 0.585 0.147 0.219 0.312 0.424 0.550 0.681 
0.996 0.998 0.988 0.933 0.841 0.723 0.091 0.143 0.213 0.305 
0.848 0.938 0.990 0.997 0.997 0.990 0.938 0.848 0.053 0.088 
0.465 0.594 0.723 0.841 0.933 0.988 0.998 0.996 0.992 0.943 
0.164 0.242 0.340 0.457 0.585 0.715 0.834 0.928 0.986 0.999 
0.037 0.063 0.103 0.159 0.236 0.333 0.448 0.576 0.706 0.827 
0.000 0.000 0.000 0.000 0.000 0.000 0.000 0.000 0.000 0.000 
0.000 0.000 0.000 0.000 0.000 0.000 0.000 0.000 0.000 0.000 
0.000 0.000 0.000 0.000 0.000 0.000 0.000 0.000 0.000 0.000 
0.000 0.000 0.000 0.000 0.000 0.000 0.000 0.000 0.000 0.000 
0.000 0.000 0.000 0.000 0.000 0.000 0.000 0.000 0.000 0.000 
0.000 0.000 0.000 0.000 0.000 0.000 0.000 0.000 0.000 0.000 
0.000 0.000 0.000 0.000 0.000 0.000 0.000 0.000 0.000 0.000 
0.000 0.000 0.000 0.000 0.000 0.000 0.000 0.000 0.000 0.000 
0.000 0.000 0.000 0.000 0.000 0.000 0.000 0.000 0.000 0.000 
0.000 0.000 0.000 0.000 0.000 0.000 0.000 0.000 0.000 0.000 
0.000 0.000 0.000 0.000 0.000 0.000 0.000 0.000 0.000 0.000 
0.000 0.000 0.000 0.000 0.000 0.000 0.000 0.000 0.000 0.000 
0.000 0.000 0.000 0.000 0.000 0.000 0.000 0.000 0.000 0.000 
0.000 0.000 0.000 0.000 0.000 0.000 0.000 0.000 0.000 0.000 
# 2 1 26 10
1.000 1.000 0.993 0.941 0.851 0.734 0.604 0.475 0.356 0.254 
0.356 0.254 0.174 0.113 0.070 0.042 0.734 0.851 0.941 0.993 
0.941 0.993 1.000 1.000 0.993 0.941 0.851 0.734 0.604 0.475 
0.604 0.475 0.113 0.174 0.254 0.356 0.475 0.604 0.734 0.851 
0.734 0.851 0.941 0.993 1.000 1.000 0.993 0.941 0.013 0.024 
-0.999 -0.922 -0.691 -0.451 -0.723 -0.941 -0.994 -0.854 -0.595 -0.337 
-0.261 -0.111 -0.039 -0.011 -0.302 -0.551 -0.817 -0.984 -0.963 -0.765 
-0.669 -0.472 -0.744 -0.952 -0.990 -0.836 -0.573 -0.319 -0.144 -0.053 
-0.053 -0.144 -0.319 -0.573 -0.836 -0.990 -0.952 -0.744 -0.472 -0.669 
-0.765 -0.963 -0.984 -0.817 -0.551 -0.302 -0.011 -0.039 -0.111 -0.261 
-0.337 -0.595 -0.854 -0.994 -0.941 -0.723 -0.451 -0.691 -0.922 -0.999 
-0.977 -0.798 0.000 0.000 -0.012 -0.042 -0.120 -0.277 -0.518 -0.788 
-0.871 -0.998 -0.928 -0.702 -0.441 -0.712 -0.935 -0.996 0.000 0.000 
0.000 0.000 -0.013 -0.046 -0.129 -0.293 -0.540 -0.808 -0.981 -0.967 
-0.915 -0.680 -0.462 -0.734 0.000 0.000 0.000 0.000 0.000 0.000 
-0.015 -0.051 -0.139 -0.310 -0.562 -0.827 -0.987 -0.958 -0.754 -0.483 
0.000 0.000 0.000 0.000 0.000 0.000 0.000 0.000 0.000 0.000 
0.000 0.000 0.000 0.000 0.000 0.000 0.000 0.000 0.000 0.000 
0.000 0.000 0.000 0.000 0.000 0.000 0.000 0.000 0.000 0.000 
0.000 0.000 0.000 0.000 0.000 0.000 0.000 0.000 0.000 0.000 
0.000 0.000 0.000 0.000 0.000 0.000 0.000 0.000 0.000 0.000 
0.000 0.000 0.000 0.000 0.000 0.000 0.000 0.000 0.000 0.000 
0.000 0.000 0.000 0.000 0.000 0.000 0.000 0.000 0.000 0.000 
0.000 0.000 0.000 0.000 0.000 0.000 0.000 0.000 0.000 0.000 
0.000 0.000 0.000 0.000 0.000 0.000 0.000 0.000 0.000 0.000 
0.000 0.000 0.000 0.000 0.000 0.000 0.000 0.000 0.000 0.000 
