3.470735
3
# 0 1 33 50
0.000 0.000 0.000 0.000 0.000 0.000 0.000 0.000 0.189 0.327 0.506 0.703 0.877 0.984 0.990 0.895 0.726 0.529 0.346 0.204 0.107 0.000 0.000 0.000 0.000 0.000 0.000 0.000 0.000 0.000 0.000 0.000 0.000 0.000 0.000 0.000 0.000 0.000 0.000 0.000 0.000 0.000 0.000 0.000 0.000 0.000 0.000 0.000 0.000 0.000 
0.000 0.000 0.000 0.000 0.000 0.000 0.000 0.000 0.000 0.137 0.250 0.409 0.601 0.793 0.940 1.000 0.955 0.820 0.631 0.437 0.271 0.151 0.000 0.000 0.000 0.000 0.000 0.000 0.000 0.000 0.000 0.000 0.000 0.000 0.000 0.000 0.000 0.000 0.000 0.000 0.000 0.000 0.000 0.000 0.000 0.000 0.000 0.000 0.000 0.000 
0.000 0.000 0.000 0.000 0.000 0.000 0.000 0.000 0.000 0.000 0.000 0.186 0.322 0.500 0.697 0.873 0.982 0.991 0.899 0.732 0.535 0.351 0.207 0.110 0.000 0.000 0.000 0.000 0.000 0.000 0.000 0.000 0.000 0.000 0.000 0.000 0.000 0.000 0.000 0.000 0.000 0.000 0.000 0.000 0.000 0.000 0.000 0.000 0.000 0.000 
0.000 0.000 0.000 0.000 0.000 0.000 0.000 0.000 0.000 0.000 0.000 0.000 0.134 0.246 0.404 0.595 0.788 0.937 1.000 0.958 0.825 0.637 0.442 0.276 0.154 0.000 0.000 0.000 0.000 0.000 0.000 0.000 0.000 0.000 0.000 0.000 0.000 0.000 0.000 0.000 0.000 0.000 0.000 0.000 0.000 0.000 0.000 0.000 0.000 0.000 
0.000 0.000 0.000 0.000 0.000 0.000 0.000 0.000 0.000 0.000 0.000 0.000 0.000 0.000 0.183 0.317 0.494 0.691 0.868 0.980 0.993 0.903 0.738 0.541 0.356 0.211 0.112 0.000 0.000 0.000 0.000 0.000 0.000 0.000 0.000 0.000 0.000 0.000 0.000 0.000 0.000 0.000 0.000 0.000 0.000 0.000 0.000 0.000 0.000 0.000 
0.200 0.105 0.000 0.000 0.000 0.000 0.000 0.000 0.000 0.000 0.000 0.000 0.000 0.000 0.000 0.132 0.242 0.398 0.589 0.782 0.933 0.999 0.961 0.830 0.643 0.448 0.280 0.157 0.000 0.000 0.000 0.000 0.000 0.000 0.000 0.000 0.000 0.000 0.000 0.000 0.000 0.000 0.000 0.000 0.000 0.000 0.000 0.000 0.000 0.000 
0.431 0.267 0.148 0.000 0.000 0.000 0.000 0.000 0.000 0.000 0.000 0.000 0.000 0.000 0.000 0.000 0.000 0.179 0.312 0.488 0.685 0.864 0.978 0.994 0.907 0.743 0.547 0.362 0.215 0.114 0.000 0.000 0.000 0.000 0.000 0.000 0.000 0.000 0.000 0.000 0.000 0.000 0.000 0.000 0.000 0.000 0.000 0.000 0.000 0.000 
0.726 0.529 0.346 0.203 0.107 0.000 0.000 0.000 0.000 0.000 0.000 0.000 0.000 0.000 0.000 0.000 0.000 0.000 0.129 0.238 0.393 0.583 0.777 0.930 0.999 0.964 0.835 0.649 0.454 0.285 0.160 0.000 0.000 0.000 0.000 0.000 0.000 0.000 0.000 0.000 0.000 0.000 0.000 0.000 0.000 0.000 0.000 0.000 0.000 0.000 
0.955 0.820 0.631 0.437 0.271 0.151 0.000 0.000 0.000 0.000 0.000 0.000 0.000 0.000 0.000 0.000 0.000 0.000 0.000 0.000 0.176 0.307 0.482 0.679 0.859 0.976 0.995 0.911 0.749 0.553 0.367 0.218 0.117 0.000 0.000 0.000 0.000 0.000 0.000 0.000 0.000 0.000 0.000 0.000 0.000 0.000 0.000 0.000 0.000 0.000 
0.982 0.991 0.899 0.732 0.535 0.351 0.207 0.110 0.000 0.000 0.000 0.000 0.000 0.000 0.000 0.000 0.000 0.000 0.000 0.000 0.000 0.127 0.234 0.388 0.577 0.771 0.926 0.998 0.966 0.840 0.655 0.459 0.289 0.163 0.000 0.000 0.000 0.000 0.000 0.000 0.000 0.000 0.000 0.000 0.000 0.000 0.000 0.000 0.000 0.000 
0.788 0.937 1.000 0.958 0.825 0.637 0.442 0.276 0.154 0.000 0.000 0.000 0.000 0.000 0.000 0.000 0.000 0.000 0.000 0.000 0.000 0.000 0.000 0.173 0.303 0.476 0.673 0.854 0.973 0.996 0.915 0.755 0.559 0.372 0.222 0.119 0.000 0.000 0.000 0.000 0.000 0.000 0.000 0.000 0.000 0.000 0.000 0.000 0.000 0.000 
0.494 0.691 0.868 0.980 0.993 0.903 0.738 0.541 0.356 0.211 0.112 0.000 0.000 0.000 0.000 0.000 0.000 0.000 0.000 0.000 0.000 0.000 0.000 0.000 0.124 0.230 0.382 0.571 0.766 0.922 0.998 0.969 0.845 0.661 0.465 0.294 0.166 0.000 0.000 0.000 0.000 0.000 0.000 0.000 0.000 0.000 0.000 0.000 0.000 0.000 
0.242 0.398 0.589 0.782 0.933 0.999 0.961 0.830 0.643 0.448 0.280 0.157 0.000 0.000 0.000 0.000 0.000 0.000 0.000 0.000 0.000 0.000 0.000 0.000 0.000 0.000 0.170 0.298 0.471 0.667 0.849 0.971 0.997 0.919 0.760 0.565 0.377 0.226 0.122 0.000 0.000 0.000 0.000 0.000 0.000 0.000 0.000 0.000 0.000 0.000 
0.000 0.179 0.312 0.488 0.685 0.864 0.978 0.994 0.907 0.743 0.547 0.362 0.215 0.114 0.000 0.000 0.000 0.000 0.000 0.000 0.000 0.000 0.000 0.000 0.000 0.000 0.000 0.122 0.226 0.377 0.565 0.760 0.919 0.997 0.971 0.850 0.667 0.471 0.298 0.170 0.000 0.000 0.000 0.000 0.000 0.000 0.000 0.000 0.000 0.000 
0.000 0.000 0.129 0.238 0.393 0.583 0.777 0.930 0.999 0.964 0.835 0.649 0.454 0.284 0.160 0.000 0.000 0.000 0.000 0.000 0.000 0.000 0.000 0.000 0.000 0.000 0.000 0.000 0.000 0.166 0.294 0.465 0.661 0.845 0.969 0.998 0.922 0.766 0.571 0.382 0.230 0.124 0.000 0.000 0.000 0.000 0.000 0.000 0.000 0.000 
0.000 0.000 0.000 0.000 0.176 0.307 0.482 0.679 0.859 0.976 0.995 0.911 0.749 0.553 0.367 0.218 0.117 0.000 0.000 0.000 0.000 0.000 0.000 0.000 0.000 0.000 0.000 0.000 0.000 0.000 0.119 0.222 0.372 0.559 0.755 0.915 0.996 0.973 0.854 0.673 0.477 0.303 0.173 0.000 0.000 0.000 0.000 0.000 0.000 0.000 
0.000 0.000 0.000 0.000 0.000 0.127 0.234 0.388 0.577 0.771 0.926 0.998 0.966 0.840 0.655 0.459 0.289 0.163 0.000 0.000 0.000 0.000 0.000 0.000 0.000 0.000 0.000 0.000 0.000 0.000 0.000 0.000 0.163 0.289 0.459 0.655 0.840 0.966 0.998 0.926 0.771 0.577 0.388 0.234 0.127 0.000 0.000 0.000 0.000 0.000 
0.000 0.000 0.000 0.000 0.000 0.000 0.000 0.173 0.303 0.477 0.673 0.854 0.973 0.996 0.915 0.755 0.559 0.372 0.222 0.119 0.000 0.000 0.000 0.000 0.000 0.000 0.000 0.000 0.000 0.000 0.000 0.000 0.000 0.117 0.218 0.367 0.553 0.749 0.911 0.995 0.976 0.859 0.679 0.482 0.307 0.176 0.000 0.000 0.000 0.000 
0.000 0.000 0.000 0.000 0.000 0.000 0.000 0.000 0.124 0.230 0.382 0.571 0.766 0.922 0.998 0.969 0.845 0.661 0.465 0.294 0.166 0.000 0.000 0.000 0.000 0.000 0.000 0.000 0.000 0.000 0.000 0.000 0.000 0.000 0.000 0.160 0.284 0.454 0.649 0.835 0.964 0.999 0.930 0.777 0.583 0.393 0.238 0.129 0.000 0.000 
0.000 0.000 0.000 0.000 0.000 0.000 0.000 0.000 0.000 0.000 0.170 0.298 0.471 0.667 0.850 0.971 0.997 0.919 0.760 0.565 0.377 0.226 0.122 0.000 0.000 0.000 0.000 0.000 0.000 0.000 0.000 0.000 0.000 0.000 0.000 0.000 0.114 0.215 0.362 0.547 0.743 0.907 0.994 0.978 0.864 0.685 0.488 0.312 0.179 0.000 
0.000 0.000 0.000 0.000 0.000 0.000 0.000 0.000 0.000 0.000 0.000 0.122 0.226 0.377 0.565 0.760 0.919 0.997 0.971 0.849 0.667 0.471 0.298 0.170 0.000 0.000 0.000 0.000 0.000 0.000 0.000 0.000 0.000 0.000 0.000 0.000 0.000 0.000 0.157 0.280 0.448 0.643 0.830 0.961 0.999 0.933 0.782 0.589 0.398 0.242 
0.000 0.000 0.000 0.000 0.000 0.000 0.000 0.000 0.000 0.000 0.000 0.000 0.000 0.166 0.294 0.465 0.661 0.845 0.969 0.998 0.922 0.766 0.571 0.382 0.230 0.124 0.000 0.000 0.000 0.000 0.000 0.000 0.000 0.000 0.000 0.000 0.000 0.000 0.000 0.112 0.211 0.356 0.541 0.738 0.903 0.993 0.980 0.868 0.691 0.494 
0.000 0.000 0.000 0.000 0.000 0.000 0.000 0.000 0.000 0.000 0.000 0.000 0.000 0.000 0.119 0.222 0.372 0.559 0.755 0.915 0.996 0.973 0.854 0.673 0.476 0.303 0.173 0.000 0.000 0.000 0.000 0.000 0.000 0.000 0.000 0.000 0.000 0.000 0.000 0.000 0.000 0.154 0.276 0.442 0.637 0.825 0.958 1.000 0.937 0.788 
0.000 0.000 0.000 0.000 0.000 0.000 0.000 0.000 0.000 0.000 0.000 0.000 0.000 0.000 0.000 0.000 0.163 0.289 0.459 0.655 0.840 0.966 0.998 0.926 0.771 0.577 0.388 0.234 0.127 0.000 0.000 0.000 0.000 0.000 0.000 0.000 0.000 0.000 0.000 0.000 0.000 0.000 0.110 0.207 0.351 0.535 0.732 0.899 0.991 0.982 
0.000 0.000 0.000 0.000 0.000 0.000 0.000 0.000 0.000 0.000 0.000 0.000 0.000 0.000 0.000 0.000 0.000 0.117 0.218 0.367 0.553 0.749 0.911 0.995 0.976 0.859 0.679 0.482 0.307 0.176 0.000 0.000 0.000 0.000 0.000 0.000 0.000 0.000 0.000 0.000 0.000 0.000 0.000 0.000 0.151 0.271 0.437 0.631 0.820 0.955 
0.000 0.000 0.000 0.000 0.000 0.000 0.000 0.000 0.000 0.000 0.000 0.000 0.000 0.000 0.000 0.000 0.000 0.000 0.000 0.160 0.285 0.454 0.649 0.835 0.964 0.999 0.930 0.777 0.583 0.393 0.238 0.129 0.000 0.000 0.000 0.000 0.000 0.000 0.000 0.000 0.000 0.000 0.000 0.000 0.000 0.107 0.203 0.346 0.529 0.726 
0.000 0.000 0.000 0.000 0.000 0.000 0.000 0.000 0.000 0.000 0.000 0.000 0.000 0.000 0.000 0.000 0.000 0.000 0.000 0.000 0.114 0.215 0.362 0.547 0.743 0.907 0.994 0.978 0.864 0.685 0.488 0.312 0.179 0.000 0.000 0.000 0.000 0.000 0.000 0.000 0.000 0.000 0.000 0.000 0.000 0.000 0.000 0.148 0.267 0.431 
0.000 0.000 0.000 0.000 0.000 0.000 0.000 0.000 0.000 0.000 0.000 0.000 0.000 0.000 0.000 0.000 0.000 0.000 0.000 0.000 0.000 0.000 0.157 0.280 0.448 0.643 0.830 0.961 0.999 0.933 0.782 0.589 0.398 0.242 0.132 0.000 0.000 0.000 0.000 0.000 0.000 0.000 0.000 0.000 0.000 0.000 0.000 0.000 0.105 0.200 
0.000 0.000 0.000 0.000 0.000 0.000 0.000 0.000 0.000 0.000 0.000 0.000 0.000 0.000 0.000 0.000 0.000 0.000 0.000 0.000 0.000 0.000 0.000 0.112 0.211 0.356 0.541 0.738 0.903 0.993 0.980 0.868 0.691 0.494 0.317 0.183 0.000 0.000 0.000 0.000 0.000 0.000 0.000 0.000 0.000 0.000 0.000 0.000 0.000 0.000 
0.000 0.000 0.000 0.000 0.000 0.000 0.000 0.000 0.000 0.000 0.000 0.000 0.000 0.000 0.000 0.000 0.000 0.000 0.000 0.000 0.000 0.000 0.000 0.000 0.000 0.154 0.276 0.442 0.637 0.825 0.958 1.000 0.937 0.788 0.595 0.404 0.246 0.134 0.000 0.000 0.000 0.000 0.000 0.000 0.000 0.000 0.000 0.000 0.000 0.000 
0.000 0.000 0.000 0.000 0.000 0.000 0.000 0.000 0.000 0.000 0.000 0.000 0.000 0.000 0.000 0.000 0.000 0.000 0.000 0.000 0.000 0.000 0.000 0.000 0.000 0.000 0.110 0.207 0.351 0.535 0.732 0.899 0.991 0.982 0.873 0.697 0.500 0.322 0.186 0.000 0.000 0.000 0.000 0.000 0.000 0.000 0.000 0.000 0.000 0.000 
0.000 0.000 0.000 0.000 0.000 0.000 0.000 0.000 0.000 0.000 0.000 0.000 0.000 0.000 0.000 0.000 0.000 0.000 0.000 0.000 0.000 0.000 0.000 0.000 0.000 0.000 0.000 0.000 0.151 0.271 0.437 0.631 0.820 0.955 1.000 0.940 0.793 0.601 0.409 0.250 0.137 0.000 0.000 0.000 0.000 0.000 0.000 0.000 0.000 0.000 
0.000 0.000 0.000 0.000 0.000 0.000 0.000 0.000 0.000 0.000 0.000 0.000 0.000 0.000 0.000 0.000 0.000 0.000 0.000 0.000 0.000 0.000 0.000 0.000 0.000 0.000 0.000 0.000 0.000 0.107 0.204 0.346 0.529 0.726 0.895 0.990 0.984 0.877 0.703 0.506 0.327 0.189 0.000 0.000 0.000 0.000 0.000 0.000 0.000 0.000 
# 0 2 11 50
0.000 0.000 0.000 0.000 0.000 0.000 0.000 0.000 0.000 0.137 0.250 0.409 0.601 0.793 0.940 1.000 0.955 0.820 0.631 0.437 0.271 0.151 0.000 0.000 0.000 0.000 0.000 0.000 0.000 0.000 0.000 0.000 0.000 0.000 0.000 0.000 0.000 0.000 0.000 0.000 0.000 0.000 0.000 0.000 0.000 0.000 0.000 0.000 0.000 0.000 
0.000 0.000 0.000 0.000 0.000 0.000 0.000 0.000 0.000 0.000 0.000 0.000 0.000 0.000 0.183 0.317 0.494 0.691 0.868 0.980 0.993 0.903 0.738 0.541 0.356 0.211 0.112 0.000 0.000 0.000 0.000 0.000 0.000 0.000 0.000 0.000 0.000 0.000 0.000 0.000 0.000 0.000 0.000 0.000 0.000 0.000 0.000 0.000 0.000 0.000 
0.726 0.529 0.346 0.203 0.107 0.000 0.000 0.000 0.000 0.000 0.000 0.000 0.000 0.000 0.000 0.000 0.000 0.000 0.129 0.238 0.393 0.583 0.777 0.930 0.999 0.964 0.835 0.649 0.454 0.285 0.160 0.000 0.000 0.000 0.000 0.000 0.000 0.000 0.000 0.000 0.000 0.000 0.000 0.000 0.000 0.000 0.000 0.000 0.000 0.000 
0.788 0.937 1.000 0.958 0.825 0.637 0.442 0.276 0.154 0.000 0.000 0.000 0.000 0.000 0.000 0.000 0.000 0.000 0.000 0.000 0.000 0.000 0.000 0.173 0.303 0.476 0.673 0.854 0.973 0.996 0.915 0.755 0.559 0.372 0.222 0.119 0.000 0.000 0.000 0.000 0.000 0.000 0.000 0.000 0.000 0.000 0.000 0.000 0.000 0.000 
0.000 0.179 0.312 0.488 0.685 0.864 0.978 0.994 0.907 0.743 0.547 0.362 0.215 0.114 0.000 0.000 0.000 0.000 0.000 0.000 0.000 0.000 0.000 0.000 0.000 0.000 0.000 0.122 0.226 0.377 0.565 0.760 0.919 0.997 0.971 0.850 0.667 0.471 0.298 0.170 0.000 0.000 0.000 0.000 0.000 0.000 0.000 0.000 0.000 0.000 
0.000 0.000 0.000 0.000 0.000 0.127 0.234 0.388 0.577 0.771 0.926 0.998 0.966 0.840 0.655 0.459 0.289 0.163 0.000 0.000 0.000 0.000 0.000 0.000 0.000 0.000 0.000 0.000 0.000 0.000 0.000 0.000 0.163 0.289 0.459 0.655 0.840 0.966 0.998 0.926 0.771 0.577 0.388 0.234 0.127 0.000 0.000 0.000 0.000 0.000 
0.000 0.000 0.000 0.000 0.000 0.000 0.000 0.000 0.000 0.000 0.170 0.298 0.471 0.667 0.850 0.971 0.997 0.919 0.760 0.565 0.377 0.226 0.122 0.000 0.000 0.000 0.000 0.000 0.000 0.000 0.000 0.000 0.000 0.000 0.000 0.000 0.114 0.215 0.362 0.547 0.743 0.907 0.994 0.978 0.864 0.685 0.488 0.312 0.179 0.000 
0.000 0.000 0.000 0.000 0.000 0.000 0.000 0.000 0.000 0.000 0.000 0.000 0.000 0.000 0.119 0.222 0.372 0.559 0.755 0.915 0.996 0.973 0.854 0.673 0.476 0.303 0.173 0.000 0.000 0.000 0.000 0.000 0.000 0.000 0.000 0.000 0.000 0.000 0.000 0.000 0.000 0.154 0.276 0.442 0.637 0.825 0.958 1.000 0.937 0.788 
0.000 0.000 0.000 0.000 0.000 0.000 0.000 0.000 0.000 0.000 0.000 0.000 0.000 0.000 0.000 0.000 0.000 0.000 0.000 0.160 0.285 0.454 0.649 0.835 0.964 0.999 0.930 0.777 0.583 0.393 0.238 0.129 0.000 0.000 0.000 0.000 0.000 0.000 0.000 0.000 0.000 0.000 0.000 0.000 0.000 0.107 0.203 0.346 0.529 0.726 
0.000 0.000 0.000 0.000 0.000 0.000 0.000 0.000 0.000 0.000 0.000 0.000 0.000 0.000 0.000 0.000 0.000 0.000 0.000 0.000 0.000 0.000 0.000 0.112 0.211 0.356 0.541 0.738 0.903 0.993 0.980 0.868 0.691 0.494 0.317 0.183 0.000 0.000 0.000 0.000 0.000 0.000 0.000 0.000 0.000 0.000 0.000 0.000 0.000 0.000 
0.000 0.000 0.000 0.000 0.000 0.000 0.000 0.000 0.000 0.000 0.000 0.000 0.000 0.000 0.000 0.000 0.000 0.000 0.000 0.000 0.000 0.000 0.000 0.000 0.000 0.000 0.000 0.000 0.151 0.271 0.437 0.631 0.820 0.955 1.000 0.940 0.793 0.601 0.409 0.250 0.137 0.000 0.000 0.000 0.000 0.000 0.000 0.000 0.000 0.000 
# 1 0 50 33
0.000 0.000 0.000 0.000 0.000 0.000 0.000 -0.155 -0.252 -0.382 -0.537 -0.701 -0.850 -0.957 -1.000 -0.970 -0.874 -0.731 -0.567 -0.409 -0.274 -0.170 0.000 0.000 0.000 0.000 0.000 0.000 0.000 0.000 0.000 0.000 0.000 
0.000 0.000 0.000 0.000 0.000 0.000 0.000 -0.107 -0.184 -0.293 -0.432 -0.593 -0.755 -0.892 -0.979 -0.998 -0.944 -0.829 -0.676 -0.512 -0.360 -0.235 -0.142 0.000 0.000 0.000 0.000 0.000 0.000 0.000 0.000 0.000 0.000 
0.000 0.000 0.000 0.000 0.000 0.000 0.000 0.000 -0.130 -0.217 -0.337 -0.485 -0.649 -0.806 -0.929 -0.994 -0.987 -0.911 -0.780 -0.620 -0.458 -0.314 -0.200 -0.118 0.000 0.000 0.000 0.000 0.000 0.000 0.000 0.000 0.000 
0.000 0.000 0.000 0.000 0.000 0.000 0.000 0.000 0.000 -0.156 -0.254 -0.385 -0.540 -0.704 -0.853 -0.958 -1.000 -0.969 -0.871 -0.727 -0.564 -0.406 -0.271 -0.168 0.000 0.000 0.000 0.000 0.000 0.000 0.000 0.000 0.000 
0.000 0.000 0.000 0.000 0.000 0.000 0.000 0.000 0.000 -0.109 -0.186 -0.295 -0.435 -0.596 -0.758 -0.895 -0.980 -0.997 -0.942 -0.826 -0.673 -0.509 -0.357 -0.233 -0.141 0.000 0.000 0.000 0.000 0.000 0.000 0.000 0.000 
0.000 0.000 0.000 0.000 0.000 0.000 0.000 0.000 0.000 0.000 -0.132 -0.219 -0.340 -0.489 -0.652 -0.809 -0.931 -0.994 -0.986 -0.909 -0.777 -0.617 -0.455 -0.311 -0.198 -0.117 0.000 0.000 0.000 0.000 0.000 0.000 0.000 
0.000 0.000 0.000 0.000 0.000 0.000 0.000 0.000 0.000 0.000 0.000 -0.158 -0.257 -0.388 -0.544 -0.708 -0.855 -0.960 -1.000 -0.967 -0.869 -0.724 -0.561 -0.403 -0.269 -0.167 0.000 0.000 0.000 0.000 0.000 0.000 0.000 
0.000 0.000 0.000 0.000 0.000 0.000 0.000 0.000 0.000 0.000 0.000 -0.110 -0.188 -0.298 -0.439 -0.600 -0.761 -0.897 -0.981 -0.997 -0.940 -0.823 -0.670 -0.505 -0.354 -0.230 -0.139 0.000 0.000 0.000 0.000 0.000 0.000 
0.000 0.000 0.000 0.000 0.000 0.000 0.000 0.000 0.000 0.000 0.000 0.000 -0.133 -0.221 -0.343 -0.492 -0.656 -0.811 -0.932 -0.995 -0.985 -0.906 -0.774 -0.614 -0.452 -0.309 -0.196 -0.115 0.000 0.000 0.000 0.000 0.000 
0.000 0.000 0.000 0.000 0.000 0.000 0.000 0.000 0.000 0.000 0.000 0.000 0.000 -0.159 -0.259 -0.391 -0.547 -0.711 -0.858 -0.961 -1.000 -0.966 -0.866 -0.721 -0.557 -0.400 -0.267 -0.165 0.000 0.000 0.000 0.000 0.000 
-0.103 0.000 0.000 0.000 0.000 0.000 0.000 0.000 0.000 0.000 0.000 0.000 0.000 -0.111 -0.190 -0.300 -0.442 -0.603 -0.764 -0.899 -0.982 -0.996 -0.939 -0.821 -0.666 -0.502 -0.351 -0.228 -0.138 0.000 0.000 0.000 0.000 
-0.148 0.000 0.000 0.000 0.000 0.000 0.000 0.000 0.000 0.000 0.000 0.000 0.000 0.000 -0.134 -0.224 -0.345 -0.495 -0.659 -0.814 -0.934 -0.995 -0.985 -0.904 -0.771 -0.610 -0.449 -0.306 -0.194 -0.114 0.000 0.000 0.000 
-0.207 -0.123 0.000 0.000 0.000 0.000 0.000 0.000 0.000 0.000 0.000 0.000 0.000 0.000 0.000 -0.161 -0.261 -0.394 -0.550 -0.714 -0.860 -0.963 -1.000 -0.964 -0.864 -0.718 -0.554 -0.397 -0.264 -0.163 0.000 0.000 0.000 
-0.280 -0.175 -0.101 0.000 0.000 0.000 0.000 0.000 0.000 0.000 0.000 0.000 0.000 0.000 0.000 -0.112 -0.192 -0.303 -0.445 -0.606 -0.767 -0.901 -0.983 -0.996 -0.937 -0.818 -0.663 -0.499 -0.349 -0.226 -0.136 0.000 0.000 
-0.368 -0.241 -0.147 0.000 0.000 0.000 0.000 0.000 0.000 0.000 0.000 0.000 0.000 0.000 0.000 0.000 -0.136 -0.226 -0.348 -0.498 -0.662 -0.817 -0.936 -0.996 -0.984 -0.902 -0.768 -0.607 -0.445 -0.304 -0.192 -0.113 0.000 
-0.466 -0.321 -0.205 -0.122 0.000 0.000 0.000 0.000 0.000 0.000 0.000 0.000 0.000 0.000 0.000 0.000 0.000 -0.163 -0.264 -0.396 -0.553 -0.717 -0.863 -0.964 -1.000 -0.963 -0.861 -0.715 -0.551 -0.394 -0.262 -0.162 0.000 
-0.573 -0.414 -0.278 -0.173 -0.100 0.000 0.000 0.000 0.000 0.000 0.000 0.000 0.000 0.000 0.000 0.000 0.000 -0.114 -0.193 -0.305 -0.448 -0.609 -0.770 -0.904 -0.984 -0.996 -0.935 -0.815 -0.660 -0.496 -0.346 -0.224 -0.135 
-0.682 -0.518 -0.365 -0.239 -0.145 0.000 0.000 0.000 0.000 0.000 0.000 0.000 0.000 0.000 0.000 0.000 0.000 0.000 -0.137 -0.228 -0.351 -0.501 -0.665 -0.820 -0.938 -0.996 -0.983 -0.900 -0.765 -0.604 -0.442 -0.301 -0.190 
-0.785 -0.626 -0.463 -0.318 -0.203 -0.120 0.000 0.000 0.000 0.000 0.000 0.000 0.000 0.000 0.000 0.000 0.000 0.000 0.000 -0.165 -0.266 -0.399 -0.557 -0.720 -0.866 -0.966 -1.000 -0.962 -0.858 -0.712 -0.548 -0.391 -0.260 
-0.876 -0.733 -0.570 -0.411 -0.276 -0.171 0.000 0.000 0.000 0.000 0.000 0.000 0.000 0.000 0.000 0.000 0.000 0.000 0.000 -0.115 -0.195 -0.308 -0.451 -0.613 -0.773 -0.906 -0.985 -0.995 -0.933 -0.812 -0.656 -0.493 -0.343 
-0.945 -0.831 -0.679 -0.514 -0.362 -0.236 -0.143 0.000 0.000 0.000 0.000 0.000 0.000 0.000 0.000 0.000 0.000 0.000 0.000 0.000 -0.139 -0.230 -0.354 -0.505 -0.669 -0.823 -0.940 -0.997 -0.982 -0.897 -0.762 -0.600 -0.439 
-0.988 -0.912 -0.782 -0.623 -0.460 -0.316 -0.201 -0.119 0.000 0.000 0.000 0.000 0.000 0.000 0.000 0.000 0.000 0.000 0.000 0.000 0.000 -0.166 -0.268 -0.402 -0.560 -0.724 -0.868 -0.967 -1.000 -0.960 -0.856 -0.708 -0.544 
-1.000 -0.970 -0.873 -0.730 -0.567 -0.408 -0.273 -0.170 0.000 0.000 0.000 0.000 0.000 0.000 0.000 0.000 0.000 0.000 0.000 0.000 0.000 -0.116 -0.197 -0.311 -0.454 -0.616 -0.776 -0.908 -0.986 -0.994 -0.931 -0.809 -0.653 
-0.979 -0.998 -0.943 -0.828 -0.675 -0.511 -0.359 -0.234 -0.142 0.000 0.000 0.000 0.000 0.000 0.000 0.000 0.000 0.000 0.000 0.000 0.000 0.000 -0.140 -0.232 -0.356 -0.508 -0.672 -0.826 -0.942 -0.997 -0.981 -0.895 -0.759 
-0.929 -0.994 -0.987 -0.910 -0.779 -0.619 -0.457 -0.313 -0.199 -0.118 0.000 0.000 0.000 0.000 0.000 0.000 0.000 0.000 0.000 0.000 0.000 0.000 0.000 -0.168 -0.271 -0.405 -0.563 -0.727 -0.871 -0.968 -1.000 -0.959 -0.853 
-0.853 -0.959 -1.000 -0.968 -0.871 -0.727 -0.563 -0.405 -0.271 -0.168 0.000 0.000 0.000 0.000 0.000 0.000 0.000 0.000 0.000 0.000 0.000 0.000 0.000 -0.118 -0.199 -0.313 -0.457 -0.619 -0.779 -0.910 -0.987 -0.994 -0.929 
-0.759 -0.895 -0.981 -0.997 -0.942 -0.826 -0.672 -0.508 -0.356 -0.232 -0.140 0.000 0.000 0.000 0.000 0.000 0.000 0.000 0.000 0.000 0.000 0.000 0.000 0.000 -0.142 -0.234 -0.359 -0.511 -0.675 -0.828 -0.943 -0.998 -0.979 
-0.653 -0.809 -0.931 -0.994 -0.986 -0.908 -0.776 -0.616 -0.454 -0.311 -0.197 -0.116 0.000 0.000 0.000 0.000 0.000 0.000 0.000 0.000 0.000 0.000 0.000 0.000 0.000 -0.170 -0.273 -0.408 -0.567 -0.730 -0.873 -0.970 -1.000 
-0.544 -0.708 -0.856 -0.960 -1.000 -0.967 -0.868 -0.724 -0.560 -0.402 -0.268 -0.166 0.000 0.000 0.000 0.000 0.000 0.000 0.000 0.000 0.000 0.000 0.000 0.000 0.000 -0.119 -0.201 -0.316 -0.460 -0.623 -0.782 -0.912 -0.988 
-0.439 -0.600 -0.762 -0.897 -0.982 -0.997 -0.940 -0.823 -0.669 -0.505 -0.354 -0.230 -0.139 0.000 0.000 0.000 0.000 0.000 0.000 0.000 0.000 0.000 0.000 0.000 0.000 0.000 -0.143 -0.236 -0.362 -0.514 -0.679 -0.831 -0.945 
-0.343 -0.493 -0.656 -0.812 -0.933 -0.995 -0.985 -0.906 -0.773 -0.613 -0.451 -0.308 -0.195 -0.115 0.000 0.000 0.000 0.000 0.000 0.000 0.000 0.000 0.000 0.000 0.000 0.000 0.000 -0.171 -0.276 -0.411 -0.570 -0.733 -0.876 
-0.260 -0.391 -0.548 -0.712 -0.858 -0.962 -1.000 -0.966 -0.866 -0.720 -0.557 -0.399 -0.266 -0.165 0.000 0.000 0.000 0.000 0.000 0.000 0.000 0.000 0.000 0.000 0.000 0.000 0.000 -0.120 -0.203 -0.318 -0.463 -0.626 -0.785 
-0.190 -0.301 -0.442 -0.604 -0.765 -0.900 -0.983 -0.996 -0.938 -0.820 -0.665 -0.501 -0.351 -0.228 -0.137 0.000 0.000 0.000 0.000 0.000 0.000 0.000 0.000 0.000 0.000 0.000 0.000 0.000 -0.145 -0.239 -0.365 -0.518 -0.682 
-0.135 -0.224 -0.346 -0.496 -0.660 -0.815 -0.935 -0.996 -0.984 -0.904 -0.770 -0.609 -0.448 -0.305 -0.193 -0.114 0.000 0.000 0.000 0.000 0.000 0.000 0.000 0.000 0.000 0.000 0.000 0.000 -0.100 -0.173 -0.278 -0.414 -0.573 
0.000 -0.162 -0.262 -0.394 -0.551 -0.715 -0.861 -0.963 -1.000 -0.964 -0.863 -0.717 -0.553 -0.396 -0.264 -0.163 0.000 0.000 0.000 0.000 0.000 0.000 0.000 0.000 0.000 0.000 0.000 0.000 0.000 -0.122 -0.205 -0.321 -0.466 
0.000 -0.113 -0.192 -0.304 -0.445 -0.607 -0.768 -0.902 -0.984 -0.996 -0.936 -0.817 -0.662 -0.498 -0.348 -0.226 -0.136 0.000 0.000 0.000 0.000 0.000 0.000 0.000 0.000 0.000 0.000 0.000 0.000 0.000 -0.147 -0.241 -0.368 
0.000 0.000 -0.136 -0.226 -0.349 -0.499 -0.663 -0.818 -0.937 -0.996 -0.983 -0.901 -0.767 -0.606 -0.445 -0.303 -0.192 -0.112 0.000 0.000 0.000 0.000 0.000 0.000 0.000 0.000 0.000 0.000 0.000 0.000 -0.101 -0.175 -0.280 
0.000 0.000 0.000 -0.163 -0.264 -0.397 -0.554 -0.718 -0.864 -0.964 -1.000 -0.963 -0.860 -0.714 -0.550 -0.394 -0.261 -0.161 0.000 0.000 0.000 0.000 0.000 0.000 0.000 0.000 0.000 0.000 0.000 0.000 0.000 -0.123 -0.207 
0.000 0.000 0.000 -0.114 -0.194 -0.306 -0.449 -0.610 -0.771 -0.904 -0.985 -0.995 -0.934 -0.814 -0.659 -0.495 -0.345 -0.224 -0.134 0.000 0.000 0.000 0.000 0.000 0.000 0.000 0.000 0.000 0.000 0.000 0.000 0.000 -0.148 
0.000 0.000 0.000 0.000 -0.138 -0.228 -0.351 -0.502 -0.666 -0.821 -0.939 -0.996 -0.982 -0.899 -0.764 -0.603 -0.442 -0.300 -0.190 -0.111 0.000 0.000 0.000 0.000 0.000 0.000 0.000 0.000 0.000 0.000 0.000 0.000 -0.103 
0.000 0.000 0.000 0.000 0.000 -0.165 -0.267 -0.400 -0.557 -0.721 -0.866 -0.966 -1.000 -0.961 -0.858 -0.711 -0.547 -0.391 -0.259 -0.159 0.000 0.000 0.000 0.000 0.000 0.000 0.000 0.000 0.000 0.000 0.000 0.000 0.000 
0.000 0.000 0.000 0.000 0.000 -0.115 -0.196 -0.309 -0.452 -0.614 -0.774 -0.906 -0.985 -0.995 -0.932 -0.811 -0.656 -0.492 -0.343 -0.221 -0.133 0.000 0.000 0.000 0.000 0.000 0.000 0.000 0.000 0.000 0.000 0.000 0.000 
0.000 0.000 0.000 0.000 0.000 0.000 -0.139 -0.230 -0.354 -0.505 -0.670 -0.823 -0.940 -0.997 -0.981 -0.897 -0.761 -0.600 -0.439 -0.298 -0.188 -0.110 0.000 0.000 0.000 0.000 0.000 0.000 0.000 0.000 0.000 0.000 0.000 
0.000 0.000 0.000 0.000 0.000 0.000 0.000 -0.167 -0.269 -0.403 -0.561 -0.724 -0.869 -0.967 -1.000 -0.960 -0.855 -0.708 -0.544 -0.388 -0.257 -0.158 0.000 0.000 0.000 0.000 0.000 0.000 0.000 0.000 0.000 0.000 0.000 
0.000 0.000 0.000 0.000 0.000 0.000 0.000 -0.117 -0.198 -0.311 -0.455 -0.617 -0.777 -0.909 -0.986 -0.994 -0.931 -0.809 -0.652 -0.489 -0.340 -0.219 -0.132 0.000 0.000 0.000 0.000 0.000 0.000 0.000 0.000 0.000 0.000 
0.000 0.000 0.000 0.000 0.000 0.000 0.000 0.000 -0.141 -0.233 -0.357 -0.509 -0.673 -0.826 -0.942 -0.997 -0.980 -0.895 -0.758 -0.596 -0.435 -0.295 -0.186 -0.109 0.000 0.000 0.000 0.000 0.000 0.000 0.000 0.000 0.000 
0.000 0.000 0.000 0.000 0.000 0.000 0.000 0.000 0.000 -0.168 -0.271 -0.406 -0.564 -0.727 -0.871 -0.969 -1.000 -0.958 -0.853 -0.704 -0.540 -0.385 -0.254 -0.156 0.000 0.000 0.000 0.000 0.000 0.000 0.000 0.000 0.000 
0.000 0.000 0.000 0.000 0.000 0.000 0.000 0.000 0.000 -0.118 -0.200 -0.314 -0.458 -0.620 -0.780 -0.911 -0.987 -0.994 -0.929 -0.806 -0.649 -0.485 -0.337 -0.217 -0.130 0.000 0.000 0.000 0.000 0.000 0.000 0.000 0.000 
0.000 0.000 0.000 0.000 0.000 0.000 0.000 0.000 0.000 0.000 -0.142 -0.235 -0.360 -0.512 -0.676 -0.829 -0.944 -0.998 -0.979 -0.892 -0.755 -0.593 -0.432 -0.293 -0.184 -0.107 0.000 0.000 0.000 0.000 0.000 0.000 0.000 
0.000 0.000 0.000 0.000 0.000 0.000 0.000 0.000 0.000 0.000 0.000 -0.170 -0.274 -0.409 -0.567 -0.731 -0.874 -0.970 -1.000 -0.957 -0.850 -0.701 -0.537 -0.382 -0.252 -0.155 0.000 0.000 0.000 0.000 0.000 0.000 0.000 
