3.571557
3
# 0 1 33 50
0.888 0.912 0.954 0.983 0.998 0.998 0.984 0.955 0.914 0.861 0.799 0.731 0.659 0.585 0.512 0.441 0.375 0.313 0.258 0.210 0.168 0.132 0.103 0.000 0.000 0.000 0.000 0.000 0.000 0.000 0.000 0.000 0.000 0.000 0.000 0.000 0.000 0.000 0.000 0.000 0.000 0.000 0.000 0.000 0.000 0.000 0.000 0.000 0.000 0.000 
0.955 0.914 0.886 0.934 0.970 0.992 1.000 0.993 0.971 0.936 0.889 0.832 0.767 0.697 0.623 0.549 0.477 0.408 0.344 0.286 0.234 0.189 0.150 0.117 0.000 0.000 0.000 0.000 0.000 0.000 0.000 0.000 0.000 0.000 0.000 0.000 0.000 0.000 0.000 0.000 0.000 0.000 0.000 0.000 0.000 0.000 0.000 0.000 0.000 0.000 
0.993 0.972 0.937 0.890 0.911 0.953 0.982 0.998 0.998 0.984 0.956 0.915 0.863 0.801 0.733 0.661 0.587 0.514 0.443 0.377 0.315 0.260 0.211 0.169 0.133 0.104 0.000 0.000 0.000 0.000 0.000 0.000 0.000 0.000 0.000 0.000 0.000 0.000 0.000 0.000 0.000 0.000 0.000 0.000 0.000 0.000 0.000 0.000 0.000 0.000 
0.998 0.998 0.984 0.956 0.915 0.885 0.933 0.969 0.992 1.000 0.993 0.972 0.938 0.891 0.834 0.769 0.699 0.625 0.552 0.479 0.410 0.346 0.288 0.235 0.190 0.151 0.118 0.000 0.000 0.000 0.000 0.000 0.000 0.000 0.000 0.000 0.000 0.000 0.000 0.000 0.000 0.000 0.000 0.000 0.000 0.000 0.000 0.000 0.000 0.000 
0.969 0.992 1.000 0.993 0.972 0.938 0.891 0.909 0.952 0.982 0.998 0.999 0.985 0.957 0.916 0.864 0.803 0.735 0.663 0.590 0.516 0.445 0.379 0.317 0.262 0.213 0.170 0.134 0.104 0.000 0.000 0.000 0.000 0.000 0.000 0.000 0.000 0.000 0.000 0.000 0.000 0.000 0.000 0.000 0.000 0.000 0.000 0.000 0.000 0.000 
0.909 0.952 0.982 0.998 0.999 0.985 0.957 0.917 0.883 0.931 0.968 0.991 1.000 0.994 0.973 0.939 0.892 0.836 0.771 0.701 0.628 0.554 0.481 0.412 0.348 0.289 0.237 0.191 0.152 0.119 0.000 0.000 0.000 0.000 0.000 0.000 0.000 0.000 0.000 0.000 0.000 0.000 0.000 0.000 0.000 0.000 0.000 0.000 0.000 0.000 
0.824 0.883 0.931 0.968 0.991 1.000 0.994 0.973 0.939 0.893 0.908 0.951 0.981 0.997 0.999 0.986 0.958 0.918 0.866 0.805 0.738 0.666 0.592 0.518 0.447 0.381 0.319 0.263 0.214 0.171 0.135 0.105 0.000 0.000 0.000 0.000 0.000 0.000 0.000 0.000 0.000 0.000 0.000 0.000 0.000 0.000 0.000 0.000 0.000 0.000 
0.723 0.791 0.854 0.908 0.951 0.981 0.997 0.999 0.986 0.958 0.918 0.881 0.930 0.967 0.991 1.000 0.994 0.974 0.940 0.894 0.838 0.773 0.703 0.630 0.556 0.484 0.414 0.350 0.291 0.238 0.193 0.153 0.120 0.000 0.000 0.000 0.000 0.000 0.000 0.000 0.000 0.000 0.000 0.000 0.000 0.000 0.000 0.000 0.000 0.000 
0.612 0.686 0.757 0.823 0.881 0.930 0.967 0.991 1.000 0.994 0.974 0.940 0.894 0.906 0.950 0.980 0.997 0.999 0.986 0.959 0.919 0.868 0.807 0.740 0.668 0.594 0.521 0.450 0.382 0.321 0.265 0.215 0.173 0.136 0.106 0.000 0.000 0.000 0.000 0.000 0.000 0.000 0.000 0.000 0.000 0.000 0.000 0.000 0.000 0.000 
0.501 0.574 0.648 0.720 0.789 0.852 0.906 0.950 0.980 0.997 0.999 0.986 0.959 0.919 0.880 0.929 0.966 0.990 1.000 0.995 0.975 0.941 0.896 0.839 0.775 0.705 0.632 0.558 0.486 0.416 0.352 0.293 0.240 0.194 0.154 0.121 0.000 0.000 0.000 0.000 0.000 0.000 0.000 0.000 0.000 0.000 0.000 0.000 0.000 0.000 
0.396 0.464 0.536 0.610 0.683 0.754 0.821 0.880 0.929 0.966 0.990 1.000 0.995 0.975 0.942 0.896 0.905 0.949 0.980 0.997 0.999 0.987 0.960 0.921 0.869 0.809 0.742 0.670 0.596 0.523 0.452 0.384 0.322 0.266 0.217 0.174 0.137 0.107 0.000 0.000 0.000 0.000 0.000 0.000 0.000 0.000 0.000 0.000 0.000 0.000 
0.303 0.363 0.429 0.499 0.572 0.646 0.718 0.787 0.850 0.905 0.948 0.979 0.997 0.999 0.987 0.960 0.921 0.878 0.928 0.965 0.990 1.000 0.995 0.976 0.943 0.897 0.841 0.777 0.707 0.634 0.561 0.488 0.418 0.354 0.294 0.241 0.195 0.155 0.122 0.000 0.000 0.000 0.000 0.000 0.000 0.000 0.000 0.000 0.000 0.000 
0.224 0.274 0.331 0.394 0.462 0.534 0.608 0.681 0.752 0.819 0.878 0.927 0.965 0.990 1.000 0.995 0.976 0.943 0.897 0.903 0.947 0.979 0.996 0.999 0.987 0.961 0.922 0.871 0.811 0.744 0.672 0.599 0.525 0.454 0.386 0.324 0.268 0.218 0.175 0.138 0.108 0.000 0.000 0.000 0.000 0.000 0.000 0.000 0.000 0.000 
0.160 0.200 0.248 0.301 0.361 0.427 0.497 0.569 0.643 0.716 0.785 0.848 0.903 0.947 0.979 0.996 0.999 0.987 0.961 0.922 0.876 0.926 0.964 0.989 1.000 0.995 0.976 0.944 0.899 0.843 0.779 0.710 0.637 0.563 0.490 0.421 0.356 0.296 0.243 0.196 0.156 0.123 0.000 0.000 0.000 0.000 0.000 0.000 0.000 0.000 
0.110 0.141 0.179 0.222 0.273 0.330 0.392 0.460 0.532 0.605 0.679 0.750 0.817 0.876 0.926 0.964 0.989 1.000 0.995 0.977 0.944 0.899 0.902 0.946 0.978 0.996 0.999 0.988 0.962 0.923 0.873 0.813 0.746 0.675 0.601 0.527 0.456 0.388 0.326 0.270 0.220 0.176 0.139 0.109 0.000 0.000 0.000 0.000 0.000 0.000 
0.000 0.000 0.125 0.159 0.199 0.246 0.300 0.359 0.425 0.494 0.567 0.641 0.714 0.783 0.847 0.902 0.946 0.978 0.996 0.999 0.988 0.962 0.924 0.875 0.925 0.963 0.989 1.000 0.996 0.977 0.945 0.900 0.845 0.781 0.712 0.639 0.565 0.492 0.423 0.357 0.298 0.244 0.198 0.158 0.124 0.000 0.000 0.000 0.000 0.000 
0.000 0.000 0.000 0.109 0.140 0.177 0.221 0.271 0.328 0.390 0.458 0.529 0.603 0.677 0.748 0.815 0.875 0.925 0.963 0.989 1.000 0.996 0.977 0.945 0.900 0.900 0.945 0.977 0.996 1.000 0.989 0.963 0.925 0.875 0.815 0.748 0.677 0.603 0.529 0.458 0.390 0.328 0.271 0.221 0.177 0.140 0.109 0.000 0.000 0.000 
0.000 0.000 0.000 0.000 0.000 0.124 0.158 0.198 0.244 0.298 0.357 0.423 0.492 0.565 0.639 0.712 0.781 0.845 0.900 0.945 0.977 0.996 1.000 0.989 0.963 0.925 0.875 0.924 0.962 0.988 0.999 0.996 0.978 0.946 0.902 0.847 0.783 0.714 0.641 0.567 0.494 0.425 0.359 0.300 0.246 0.199 0.159 0.125 0.000 0.000 
0.000 0.000 0.000 0.000 0.000 0.000 0.109 0.139 0.176 0.220 0.270 0.326 0.388 0.456 0.527 0.601 0.675 0.746 0.813 0.873 0.923 0.962 0.988 0.999 0.996 0.978 0.946 0.902 0.899 0.944 0.977 0.995 1.000 0.989 0.964 0.926 0.876 0.817 0.750 0.679 0.605 0.532 0.460 0.392 0.330 0.273 0.222 0.179 0.141 0.110 
0.000 0.000 0.000 0.000 0.000 0.000 0.000 0.000 0.123 0.156 0.196 0.243 0.296 0.356 0.421 0.490 0.563 0.637 0.710 0.779 0.843 0.899 0.944 0.976 0.995 1.000 0.989 0.964 0.926 0.876 0.922 0.961 0.987 0.999 0.996 0.979 0.947 0.903 0.848 0.785 0.716 0.643 0.569 0.497 0.427 0.361 0.301 0.248 0.200 0.160 
0.000 0.000 0.000 0.000 0.000 0.000 0.000 0.000 0.000 0.108 0.138 0.175 0.218 0.268 0.324 0.386 0.454 0.525 0.599 0.672 0.744 0.811 0.871 0.922 0.961 0.987 0.999 0.996 0.979 0.947 0.903 0.897 0.943 0.976 0.995 1.000 0.990 0.965 0.927 0.878 0.819 0.752 0.681 0.608 0.534 0.462 0.394 0.331 0.274 0.224 
0.000 0.000 0.000 0.000 0.000 0.000 0.000 0.000 0.000 0.000 0.000 0.122 0.155 0.195 0.241 0.294 0.354 0.418 0.488 0.561 0.634 0.707 0.777 0.841 0.897 0.943 0.976 0.995 1.000 0.990 0.965 0.928 0.878 0.921 0.960 0.987 0.999 0.997 0.979 0.948 0.905 0.850 0.787 0.718 0.646 0.572 0.499 0.429 0.363 0.303 
0.000 0.000 0.000 0.000 0.000 0.000 0.000 0.000 0.000 0.000 0.000 0.000 0.107 0.137 0.174 0.217 0.266 0.322 0.384 0.452 0.523 0.596 0.670 0.742 0.809 0.869 0.921 0.960 0.987 0.999 0.997 0.980 0.949 0.905 0.896 0.942 0.975 0.995 1.000 0.990 0.966 0.929 0.880 0.821 0.754 0.683 0.610 0.536 0.464 0.396 
0.000 0.000 0.000 0.000 0.000 0.000 0.000 0.000 0.000 0.000 0.000 0.000 0.000 0.000 0.121 0.154 0.194 0.240 0.293 0.352 0.416 0.486 0.558 0.632 0.705 0.775 0.839 0.896 0.941 0.975 0.995 1.000 0.990 0.966 0.929 0.880 0.919 0.959 0.986 0.999 0.997 0.980 0.950 0.906 0.852 0.789 0.720 0.648 0.574 0.501 
0.000 0.000 0.000 0.000 0.000 0.000 0.000 0.000 0.000 0.000 0.000 0.000 0.000 0.000 0.000 0.106 0.136 0.173 0.215 0.265 0.321 0.382 0.450 0.521 0.594 0.668 0.740 0.807 0.868 0.919 0.959 0.986 0.999 0.997 0.980 0.950 0.906 0.894 0.940 0.974 0.994 1.000 0.991 0.967 0.930 0.881 0.823 0.757 0.686 0.612 
0.000 0.000 0.000 0.000 0.000 0.000 0.000 0.000 0.000 0.000 0.000 0.000 0.000 0.000 0.000 0.000 0.000 0.120 0.153 0.193 0.238 0.291 0.350 0.414 0.484 0.556 0.630 0.703 0.773 0.838 0.894 0.940 0.974 0.994 1.000 0.991 0.967 0.930 0.881 0.918 0.958 0.986 0.999 0.997 0.981 0.951 0.908 0.854 0.791 0.723 
0.000 0.000 0.000 0.000 0.000 0.000 0.000 0.000 0.000 0.000 0.000 0.000 0.000 0.000 0.000 0.000 0.000 0.000 0.105 0.135 0.171 0.214 0.263 0.319 0.381 0.447 0.518 0.592 0.666 0.738 0.805 0.866 0.918 0.958 0.986 0.999 0.997 0.981 0.951 0.908 0.893 0.939 0.973 0.994 1.000 0.991 0.968 0.931 0.883 0.824 
0.000 0.000 0.000 0.000 0.000 0.000 0.000 0.000 0.000 0.000 0.000 0.000 0.000 0.000 0.000 0.000 0.000 0.000 0.000 0.000 0.119 0.152 0.191 0.237 0.289 0.348 0.412 0.481 0.554 0.628 0.701 0.771 0.836 0.892 0.939 0.973 0.994 1.000 0.991 0.968 0.931 0.883 0.917 0.957 0.985 0.999 0.998 0.982 0.952 0.909 
0.000 0.000 0.000 0.000 0.000 0.000 0.000 0.000 0.000 0.000 0.000 0.000 0.000 0.000 0.000 0.000 0.000 0.000 0.000 0.000 0.000 0.104 0.134 0.170 0.213 0.262 0.317 0.379 0.445 0.516 0.590 0.663 0.735 0.803 0.864 0.916 0.957 0.985 0.999 0.998 0.982 0.952 0.909 0.891 0.938 0.972 0.993 1.000 0.992 0.969 
0.000 0.000 0.000 0.000 0.000 0.000 0.000 0.000 0.000 0.000 0.000 0.000 0.000 0.000 0.000 0.000 0.000 0.000 0.000 0.000 0.000 0.000 0.000 0.118 0.151 0.190 0.235 0.288 0.346 0.410 0.479 0.552 0.625 0.699 0.769 0.834 0.891 0.938 0.972 0.993 1.000 0.992 0.969 0.933 0.885 0.915 0.956 0.984 0.998 0.998 
0.000 0.000 0.000 0.000 0.000 0.000 0.000 0.000 0.000 0.000 0.000 0.000 0.000 0.000 0.000 0.000 0.000 0.000 0.000 0.000 0.000 0.000 0.000 0.000 0.104 0.133 0.169 0.211 0.260 0.315 0.377 0.443 0.514 0.587 0.661 0.733 0.801 0.863 0.915 0.956 0.984 0.998 0.998 0.982 0.953 0.911 0.890 0.937 0.972 0.993 
0.000 0.000 0.000 0.000 0.000 0.000 0.000 0.000 0.000 0.000 0.000 0.000 0.000 0.000 0.000 0.000 0.000 0.000 0.000 0.000 0.000 0.000 0.000 0.000 0.000 0.000 0.117 0.150 0.189 0.234 0.286 0.344 0.408 0.477 0.549 0.623 0.697 0.767 0.832 0.889 0.936 0.971 0.993 1.000 0.992 0.970 0.934 0.886 0.914 0.955 
0.000 0.000 0.000 0.000 0.000 0.000 0.000 0.000 0.000 0.000 0.000 0.000 0.000 0.000 0.000 0.000 0.000 0.000 0.000 0.000 0.000 0.000 0.000 0.000 0.000 0.000 0.000 0.103 0.132 0.168 0.210 0.258 0.313 0.375 0.441 0.512 0.585 0.659 0.731 0.799 0.861 0.914 0.955 0.984 0.998 0.998 0.983 0.954 0.912 0.888 
# 0 2 8 50
0.981 0.950 0.907 0.894 0.940 0.974 0.994 1.000 0.991 0.967 0.930 0.881 0.823 0.757 0.686 0.612 0.539 0.467 0.399 0.335 0.278 0.227 0.183 0.145 0.113 0.000 0.000 0.000 0.000 0.000 0.000 0.000 0.000 0.000 0.000 0.000 0.000 0.000 0.000 0.000 0.000 0.000 0.000 0.000 0.000 0.000 0.000 0.000 0.000 0.000 
0.853 0.907 0.950 0.981 0.997 0.999 0.986 0.959 0.919 0.881 0.930 0.967 0.991 1.000 0.994 0.974 0.941 0.895 0.838 0.774 0.704 0.631 0.557 0.485 0.415 0.351 0.292 0.239 0.193 0.154 0.120 0.000 0.000 0.000 0.000 0.000 0.000 0.000 0.000 0.000 0.000 0.000 0.000 0.000 0.000 0.000 0.000 0.000 0.000 0.000 
0.415 0.485 0.557 0.631 0.704 0.774 0.838 0.895 0.941 0.974 0.994 1.000 0.991 0.967 0.930 0.881 0.919 0.959 0.986 0.999 0.997 0.981 0.950 0.907 0.853 0.791 0.722 0.649 0.575 0.502 0.432 0.366 0.306 0.252 0.204 0.163 0.128 0.000 0.000 0.000 0.000 0.000 0.000 0.000 0.000 0.000 0.000 0.000 0.000 0.000 
0.113 0.145 0.183 0.227 0.278 0.335 0.399 0.467 0.539 0.612 0.686 0.757 0.823 0.881 0.930 0.967 0.991 1.000 0.994 0.974 0.940 0.894 0.907 0.950 0.981 0.997 0.999 0.986 0.959 0.919 0.868 0.807 0.740 0.668 0.594 0.520 0.449 0.382 0.320 0.265 0.215 0.172 0.136 0.106 0.000 0.000 0.000 0.000 0.000 0.000 
0.000 0.000 0.000 0.000 0.000 0.000 0.106 0.136 0.172 0.215 0.265 0.320 0.382 0.449 0.520 0.594 0.668 0.740 0.807 0.868 0.919 0.959 0.986 0.999 0.997 0.981 0.950 0.907 0.894 0.940 0.974 0.994 1.000 0.991 0.967 0.930 0.881 0.823 0.757 0.686 0.612 0.539 0.467 0.399 0.335 0.278 0.227 0.183 0.145 0.113 
0.000 0.000 0.000 0.000 0.000 0.000 0.000 0.000 0.000 0.000 0.000 0.000 0.000 0.128 0.163 0.204 0.252 0.306 0.366 0.432 0.502 0.575 0.649 0.722 0.791 0.853 0.907 0.950 0.981 0.997 0.999 0.986 0.959 0.919 0.881 0.930 0.967 0.991 1.000 0.994 0.974 0.941 0.895 0.838 0.774 0.704 0.631 0.557 0.485 0.415 
0.000 0.000 0.000 0.000 0.000 0.000 0.000 0.000 0.000 0.000 0.000 0.000 0.000 0.000 0.000 0.000 0.000 0.000 0.000 0.120 0.154 0.193 0.239 0.292 0.351 0.415 0.485 0.557 0.631 0.704 0.774 0.838 0.895 0.941 0.974 0.994 1.000 0.991 0.967 0.930 0.881 0.919 0.959 0.986 0.999 0.997 0.981 0.950 0.907 0.853 
0.000 0.000 0.000 0.000 0.000 0.000 0.000 0.000 0.000 0.000 0.000 0.000 0.000 0.000 0.000 0.000 0.000 0.000 0.000 0.000 0.000 0.000 0.000 0.000 0.000 0.113 0.145 0.183 0.227 0.278 0.335 0.399 0.467 0.539 0.612 0.686 0.757 0.823 0.881 0.930 0.967 0.991 1.000 0.994 0.974 0.940 0.894 0.907 0.950 0.981 
# 1 0 50 33
0.000 0.000 0.000 0.000 0.000 0.000 0.000 -0.168 -0.267 -0.396 -0.547 -0.706 -0.850 -0.954 -0.999 -0.976 -0.889 -0.756 -0.599 -0.443 -0.305 -0.197 -0.118 0.000 0.000 0.000 0.000 0.000 0.000 0.000 0.000 0.000 0.000 
0.000 0.000 0.000 0.000 0.000 0.000 0.000 -0.119 -0.198 -0.308 -0.445 -0.602 -0.758 -0.891 -0.977 -0.999 -0.953 -0.848 -0.704 -0.545 -0.393 -0.265 -0.166 0.000 0.000 0.000 0.000 0.000 0.000 0.000 0.000 0.000 0.000 
0.000 0.000 0.000 0.000 0.000 0.000 0.000 0.000 -0.143 -0.232 -0.352 -0.497 -0.656 -0.807 -0.926 -0.992 -0.991 -0.923 -0.802 -0.650 -0.491 -0.347 -0.228 -0.140 0.000 0.000 0.000 0.000 0.000 0.000 0.000 0.000 0.000 
0.000 0.000 0.000 0.000 0.000 0.000 0.000 0.000 0.000 -0.170 -0.269 -0.399 -0.551 -0.709 -0.852 -0.956 -0.999 -0.975 -0.887 -0.753 -0.596 -0.440 -0.303 -0.195 -0.117 0.000 0.000 0.000 0.000 0.000 0.000 0.000 0.000 
0.000 0.000 0.000 0.000 0.000 0.000 0.000 0.000 0.000 -0.120 -0.200 -0.310 -0.448 -0.605 -0.761 -0.893 -0.978 -0.999 -0.951 -0.845 -0.701 -0.542 -0.391 -0.263 -0.165 0.000 0.000 0.000 0.000 0.000 0.000 0.000 0.000 
0.000 0.000 0.000 0.000 0.000 0.000 0.000 0.000 0.000 0.000 -0.144 -0.234 -0.354 -0.500 -0.659 -0.810 -0.928 -0.993 -0.990 -0.921 -0.799 -0.647 -0.488 -0.344 -0.226 -0.138 0.000 0.000 0.000 0.000 0.000 0.000 0.000 
0.000 0.000 0.000 0.000 0.000 0.000 0.000 0.000 0.000 0.000 -0.101 -0.171 -0.271 -0.401 -0.554 -0.712 -0.855 -0.957 -0.999 -0.974 -0.884 -0.750 -0.593 -0.437 -0.301 -0.193 -0.115 0.000 0.000 0.000 0.000 0.000 0.000 
0.000 0.000 0.000 0.000 0.000 0.000 0.000 0.000 0.000 0.000 0.000 -0.122 -0.202 -0.313 -0.451 -0.608 -0.764 -0.895 -0.979 -0.998 -0.950 -0.843 -0.697 -0.538 -0.388 -0.260 -0.163 0.000 0.000 0.000 0.000 0.000 0.000 
0.000 0.000 0.000 0.000 0.000 0.000 0.000 0.000 0.000 0.000 0.000 0.000 -0.146 -0.236 -0.357 -0.503 -0.662 -0.813 -0.930 -0.993 -0.989 -0.919 -0.796 -0.644 -0.485 -0.341 -0.224 -0.137 0.000 0.000 0.000 0.000 0.000 
0.000 0.000 0.000 0.000 0.000 0.000 0.000 0.000 0.000 0.000 0.000 0.000 -0.102 -0.173 -0.274 -0.404 -0.557 -0.716 -0.858 -0.959 -1.000 -0.972 -0.882 -0.747 -0.589 -0.434 -0.298 -0.191 -0.114 0.000 0.000 0.000 0.000 
-0.114 0.000 0.000 0.000 0.000 0.000 0.000 0.000 0.000 0.000 0.000 0.000 0.000 -0.123 -0.204 -0.315 -0.454 -0.611 -0.767 -0.898 -0.980 -0.998 -0.948 -0.840 -0.694 -0.535 -0.385 -0.258 -0.162 0.000 0.000 0.000 0.000 
-0.161 0.000 0.000 0.000 0.000 0.000 0.000 0.000 0.000 0.000 0.000 0.000 0.000 0.000 -0.147 -0.238 -0.360 -0.506 -0.665 -0.815 -0.932 -0.994 -0.988 -0.917 -0.794 -0.641 -0.482 -0.339 -0.222 -0.136 0.000 0.000 0.000 
-0.222 -0.135 0.000 0.000 0.000 0.000 0.000 0.000 0.000 0.000 0.000 0.000 0.000 0.000 -0.103 -0.175 -0.276 -0.407 -0.560 -0.719 -0.860 -0.960 -1.000 -0.971 -0.880 -0.744 -0.586 -0.431 -0.296 -0.189 -0.113 0.000 0.000 
-0.295 -0.189 -0.113 0.000 0.000 0.000 0.000 0.000 0.000 0.000 0.000 0.000 0.000 0.000 0.000 -0.124 -0.206 -0.318 -0.457 -0.614 -0.770 -0.900 -0.981 -0.998 -0.946 -0.837 -0.691 -0.532 -0.382 -0.256 -0.160 0.000 0.000 
-0.382 -0.256 -0.160 0.000 0.000 0.000 0.000 0.000 0.000 0.000 0.000 0.000 0.000 0.000 0.000 0.000 -0.149 -0.240 -0.362 -0.510 -0.669 -0.818 -0.934 -0.994 -0.988 -0.915 -0.791 -0.637 -0.479 -0.336 -0.220 -0.134 0.000 
-0.479 -0.336 -0.220 -0.134 0.000 0.000 0.000 0.000 0.000 0.000 0.000 0.000 0.000 0.000 0.000 0.000 -0.104 -0.176 -0.278 -0.410 -0.563 -0.722 -0.863 -0.962 -1.000 -0.970 -0.877 -0.741 -0.583 -0.428 -0.293 -0.187 -0.112 
-0.582 -0.428 -0.293 -0.187 -0.111 0.000 0.000 0.000 0.000 0.000 0.000 0.000 0.000 0.000 0.000 0.000 0.000 -0.126 -0.208 -0.320 -0.460 -0.618 -0.773 -0.902 -0.982 -0.997 -0.945 -0.835 -0.688 -0.529 -0.379 -0.254 -0.158 
-0.687 -0.528 -0.379 -0.253 -0.158 0.000 0.000 0.000 0.000 0.000 0.000 0.000 0.000 0.000 0.000 0.000 0.000 0.000 -0.150 -0.242 -0.365 -0.513 -0.672 -0.821 -0.936 -0.995 -0.987 -0.913 -0.788 -0.634 -0.476 -0.333 -0.218 
-0.787 -0.634 -0.476 -0.333 -0.217 -0.133 0.000 0.000 0.000 0.000 0.000 0.000 0.000 0.000 0.000 0.000 0.000 0.000 -0.105 -0.178 -0.281 -0.413 -0.566 -0.725 -0.865 -0.963 -1.000 -0.969 -0.875 -0.738 -0.580 -0.425 -0.291 
-0.875 -0.737 -0.579 -0.425 -0.290 -0.185 -0.110 0.000 0.000 0.000 0.000 0.000 0.000 0.000 0.000 0.000 0.000 0.000 0.000 -0.127 -0.210 -0.323 -0.463 -0.621 -0.776 -0.904 -0.983 -0.997 -0.943 -0.832 -0.685 -0.526 -0.377 
-0.943 -0.832 -0.684 -0.525 -0.376 -0.251 -0.156 0.000 0.000 0.000 0.000 0.000 0.000 0.000 0.000 0.000 0.000 0.000 0.000 0.000 -0.152 -0.245 -0.368 -0.516 -0.675 -0.824 -0.938 -0.995 -0.986 -0.911 -0.785 -0.631 -0.473 
-0.986 -0.910 -0.784 -0.630 -0.473 -0.330 -0.215 -0.131 0.000 0.000 0.000 0.000 0.000 0.000 0.000 0.000 0.000 0.000 0.000 0.000 -0.107 -0.180 -0.283 -0.416 -0.570 -0.728 -0.867 -0.964 -1.000 -0.967 -0.873 -0.734 -0.577 
-1.000 -0.967 -0.872 -0.734 -0.576 -0.422 -0.288 -0.183 -0.109 0.000 0.000 0.000 0.000 0.000 0.000 0.000 0.000 0.000 0.000 0.000 0.000 -0.128 -0.212 -0.325 -0.466 -0.624 -0.779 -0.906 -0.984 -0.996 -0.941 -0.829 -0.682 
-0.984 -0.996 -0.941 -0.829 -0.681 -0.522 -0.373 -0.249 -0.155 0.000 0.000 0.000 0.000 0.000 0.000 0.000 0.000 0.000 0.000 0.000 0.000 0.000 -0.153 -0.247 -0.371 -0.519 -0.678 -0.826 -0.939 -0.996 -0.985 -0.909 -0.782 
-0.940 -0.996 -0.985 -0.908 -0.782 -0.627 -0.469 -0.328 -0.214 -0.130 0.000 0.000 0.000 0.000 0.000 0.000 0.000 0.000 0.000 0.000 0.000 0.000 -0.108 -0.182 -0.286 -0.419 -0.573 -0.731 -0.870 -0.966 -1.000 -0.966 -0.870 
-0.870 -0.966 -1.000 -0.966 -0.870 -0.731 -0.573 -0.419 -0.286 -0.182 -0.108 0.000 0.000 0.000 0.000 0.000 0.000 0.000 0.000 0.000 0.000 0.000 0.000 -0.130 -0.214 -0.328 -0.469 -0.627 -0.782 -0.908 -0.985 -0.996 -0.940 
-0.782 -0.909 -0.985 -0.996 -0.939 -0.826 -0.678 -0.519 -0.371 -0.247 -0.153 0.000 0.000 0.000 0.000 0.000 0.000 0.000 0.000 0.000 0.000 0.000 0.000 0.000 -0.155 -0.249 -0.373 -0.522 -0.681 -0.829 -0.941 -0.996 -0.984 
-0.682 -0.829 -0.941 -0.996 -0.984 -0.906 -0.779 -0.624 -0.466 -0.325 -0.212 -0.128 0.000 0.000 0.000 0.000 0.000 0.000 0.000 0.000 0.000 0.000 0.000 0.000 -0.109 -0.183 -0.288 -0.422 -0.576 -0.734 -0.872 -0.967 -1.000 
-0.577 -0.734 -0.873 -0.967 -1.000 -0.964 -0.867 -0.728 -0.570 -0.416 -0.283 -0.180 -0.107 0.000 0.000 0.000 0.000 0.000 0.000 0.000 0.000 0.000 0.000 0.000 0.000 -0.131 -0.215 -0.330 -0.473 -0.630 -0.784 -0.910 -0.986 
-0.473 -0.631 -0.785 -0.911 -0.986 -0.995 -0.938 -0.824 -0.675 -0.516 -0.368 -0.245 -0.152 0.000 0.000 0.000 0.000 0.000 0.000 0.000 0.000 0.000 0.000 0.000 0.000 0.000 -0.156 -0.251 -0.376 -0.525 -0.684 -0.832 -0.943 
-0.377 -0.526 -0.685 -0.832 -0.943 -0.997 -0.983 -0.904 -0.776 -0.621 -0.463 -0.323 -0.210 -0.127 0.000 0.000 0.000 0.000 0.000 0.000 0.000 0.000 0.000 0.000 0.000 0.000 -0.110 -0.185 -0.290 -0.425 -0.579 -0.737 -0.875 
-0.291 -0.425 -0.580 -0.738 -0.875 -0.969 -1.000 -0.963 -0.865 -0.725 -0.566 -0.413 -0.281 -0.178 -0.105 0.000 0.000 0.000 0.000 0.000 0.000 0.000 0.000 0.000 0.000 0.000 0.000 -0.133 -0.217 -0.333 -0.476 -0.634 -0.787 
-0.218 -0.333 -0.476 -0.634 -0.788 -0.913 -0.987 -0.995 -0.936 -0.821 -0.672 -0.513 -0.365 -0.242 -0.150 0.000 0.000 0.000 0.000 0.000 0.000 0.000 0.000 0.000 0.000 0.000 0.000 0.000 -0.158 -0.253 -0.379 -0.528 -0.687 
-0.158 -0.254 -0.379 -0.529 -0.688 -0.835 -0.945 -0.997 -0.982 -0.902 -0.773 -0.618 -0.460 -0.320 -0.208 -0.126 0.000 0.000 0.000 0.000 0.000 0.000 0.000 0.000 0.000 0.000 0.000 0.000 -0.111 -0.187 -0.293 -0.428 -0.582 
-0.112 -0.187 -0.293 -0.428 -0.583 -0.741 -0.877 -0.970 -1.000 -0.962 -0.863 -0.722 -0.563 -0.410 -0.278 -0.176 -0.104 0.000 0.000 0.000 0.000 0.000 0.000 0.000 0.000 0.000 0.000 0.000 0.000 -0.134 -0.220 -0.336 -0.479 
0.000 -0.134 -0.220 -0.336 -0.479 -0.637 -0.791 -0.915 -0.988 -0.994 -0.934 -0.818 -0.669 -0.510 -0.362 -0.240 -0.149 0.000 0.000 0.000 0.000 0.000 0.000 0.000 0.000 0.000 0.000 0.000 0.000 0.000 -0.160 -0.256 -0.382 
0.000 0.000 -0.160 -0.256 -0.382 -0.532 -0.691 -0.837 -0.946 -0.998 -0.981 -0.900 -0.770 -0.614 -0.457 -0.318 -0.206 -0.124 0.000 0.000 0.000 0.000 0.000 0.000 0.000 0.000 0.000 0.000 0.000 0.000 -0.113 -0.189 -0.295 
0.000 0.000 -0.113 -0.189 -0.296 -0.431 -0.586 -0.744 -0.880 -0.971 -1.000 -0.960 -0.860 -0.719 -0.560 -0.407 -0.276 -0.175 -0.103 0.000 0.000 0.000 0.000 0.000 0.000 0.000 0.000 0.000 0.000 0.000 0.000 -0.135 -0.222 
0.000 0.000 0.000 -0.136 -0.222 -0.339 -0.482 -0.641 -0.794 -0.917 -0.988 -0.994 -0.932 -0.815 -0.665 -0.506 -0.360 -0.238 -0.147 0.000 0.000 0.000 0.000 0.000 0.000 0.000 0.000 0.000 0.000 0.000 0.000 0.000 -0.161 
0.000 0.000 0.000 0.000 -0.162 -0.258 -0.385 -0.535 -0.694 -0.840 -0.948 -0.998 -0.980 -0.898 -0.767 -0.611 -0.454 -0.315 -0.204 -0.123 0.000 0.000 0.000 0.000 0.000 0.000 0.000 0.000 0.000 0.000 0.000 0.000 -0.114 
0.000 0.000 0.000 0.000 -0.114 -0.191 -0.298 -0.434 -0.589 -0.747 -0.882 -0.972 -1.000 -0.959 -0.858 -0.716 -0.557 -0.404 -0.274 -0.173 -0.102 0.000 0.000 0.000 0.000 0.000 0.000 0.000 0.000 0.000 0.000 0.000 0.000 
0.000 0.000 0.000 0.000 0.000 -0.137 -0.224 -0.341 -0.485 -0.644 -0.796 -0.919 -0.989 -0.993 -0.930 -0.813 -0.662 -0.503 -0.357 -0.236 -0.146 0.000 0.000 0.000 0.000 0.000 0.000 0.000 0.000 0.000 0.000 0.000 0.000 
0.000 0.000 0.000 0.000 0.000 0.000 -0.163 -0.260 -0.388 -0.538 -0.697 -0.843 -0.950 -0.998 -0.979 -0.895 -0.764 -0.608 -0.451 -0.313 -0.202 -0.122 0.000 0.000 0.000 0.000 0.000 0.000 0.000 0.000 0.000 0.000 0.000 
0.000 0.000 0.000 0.000 0.000 0.000 -0.115 -0.193 -0.301 -0.437 -0.593 -0.750 -0.884 -0.974 -0.999 -0.957 -0.855 -0.712 -0.554 -0.401 -0.271 -0.171 -0.101 0.000 0.000 0.000 0.000 0.000 0.000 0.000 0.000 0.000 0.000 
0.000 0.000 0.000 0.000 0.000 0.000 0.000 -0.138 -0.226 -0.344 -0.488 -0.647 -0.799 -0.921 -0.990 -0.993 -0.928 -0.810 -0.659 -0.500 -0.354 -0.234 -0.144 0.000 0.000 0.000 0.000 0.000 0.000 0.000 0.000 0.000 0.000 
0.000 0.000 0.000 0.000 0.000 0.000 0.000 0.000 -0.165 -0.263 -0.391 -0.542 -0.701 -0.845 -0.951 -0.999 -0.978 -0.893 -0.761 -0.605 -0.448 -0.310 -0.200 -0.120 0.000 0.000 0.000 0.000 0.000 0.000 0.000 0.000 0.000 
0.000 0.000 0.000 0.000 0.000 0.000 0.000 0.000 -0.117 -0.195 -0.303 -0.440 -0.596 -0.753 -0.887 -0.975 -0.999 -0.956 -0.852 -0.709 -0.551 -0.399 -0.269 -0.170 0.000 0.000 0.000 0.000 0.000 0.000 0.000 0.000 0.000 
0.000 0.000 0.000 0.000 0.000 0.000 0.000 0.000 0.000 -0.140 -0.228 -0.347 -0.491 -0.650 -0.802 -0.923 -0.991 -0.992 -0.926 -0.807 -0.656 -0.497 -0.352 -0.232 -0.143 0.000 0.000 0.000 0.000 0.000 0.000 0.000 0.000 
0.000 0.000 0.000 0.000 0.000 0.000 0.000 0.000 0.000 0.000 -0.166 -0.265 -0.393 -0.545 -0.704 -0.848 -0.953 -0.999 -0.977 -0.891 -0.758 -0.602 -0.445 -0.308 -0.198 -0.119 0.000 0.000 0.000 0.000 0.000 0.000 0.000 
0.000 0.000 0.000 0.000 0.000 0.000 0.000 0.000 0.000 0.000 -0.118 -0.197 -0.305 -0.443 -0.599 -0.756 -0.889 -0.976 -0.999 -0.954 -0.850 -0.706 -0.547 -0.396 -0.267 -0.168 0.000 0.000 0.000 0.000 0.000 0.000 0.000 
