3.581949
4
# 0 1 16 50
0.000 0.000 0.000 0.000 0.000 0.218 0.516 0.857 1.000 0.820 0.472 0.191 0.000 0.000 0.000 0.000 0.000 0.000 0.000 0.000 0.000 0.000 0.000 0.000 0.000 0.000 0.000 0.000 0.000 0.000 0.000 0.000 0.000 0.000 0.000 0.000 0.000 0.000 0.000 0.000 0.000 0.000 0.000 0.000 0.000 0.000 0.000 0.000 0.000 0.000 
0.279 0.000 0.000 0.000 0.000 0.000 0.000 0.000 0.191 0.472 0.820 1.000 0.857 0.516 0.218 0.000 0.000 0.000 0.000 0.000 0.000 0.000 0.000 0.000 0.000 0.000 0.000 0.000 0.000 0.000 0.000 0.000 0.000 0.000 0.000 0.000 0.000 0.000 0.000 0.000 0.000 0.000 0.000 0.000 0.000 0.000 0.000 0.000 0.000 0.000 
0.967 0.946 0.650 0.314 0.106 0.000 0.000 0.000 0.000 0.000 0.000 0.166 0.430 0.780 0.994 0.891 0.560 0.247 0.000 0.000 0.000 0.000 0.000 0.000 0.000 0.000 0.000 0.000 0.000 0.000 0.000 0.000 0.000 0.000 0.000 0.000 0.000 0.000 0.000 0.000 0.000 0.000 0.000 0.000 0.000 0.000 0.000 0.000 0.000 0.000 
0.106 0.314 0.650 0.946 0.967 0.695 0.350 0.124 0.000 0.000 0.000 0.000 0.000 0.000 0.144 0.389 0.738 0.984 0.921 0.605 0.279 0.000 0.000 0.000 0.000 0.000 0.000 0.000 0.000 0.000 0.000 0.000 0.000 0.000 0.000 0.000 0.000 0.000 0.000 0.000 0.000 0.000 0.000 0.000 0.000 0.000 0.000 0.000 0.000 0.000 
0.000 0.000 0.000 0.000 0.279 0.605 0.921 0.984 0.738 0.389 0.144 0.000 0.000 0.000 0.000 0.000 0.000 0.124 0.350 0.695 0.967 0.946 0.650 0.314 0.106 0.000 0.000 0.000 0.000 0.000 0.000 0.000 0.000 0.000 0.000 0.000 0.000 0.000 0.000 0.000 0.000 0.000 0.000 0.000 0.000 0.000 0.000 0.000 0.000 0.000 
0.000 0.000 0.000 0.000 0.000 0.000 0.000 0.247 0.560 0.891 0.994 0.780 0.430 0.166 0.000 0.000 0.000 0.000 0.000 0.000 0.106 0.314 0.650 0.946 0.967 0.695 0.350 0.124 0.000 0.000 0.000 0.000 0.000 0.000 0.000 0.000 0.000 0.000 0.000 0.000 0.000 0.000 0.000 0.000 0.000 0.000 0.000 0.000 0.000 0.000 
0.000 0.000 0.000 0.000 0.000 0.000 0.000 0.000 0.000 0.000 0.218 0.516 0.857 1.000 0.820 0.472 0.191 0.000 0.000 0.000 0.000 0.000 0.000 0.000 0.279 0.605 0.921 0.984 0.738 0.389 0.144 0.000 0.000 0.000 0.000 0.000 0.000 0.000 0.000 0.000 0.000 0.000 0.000 0.000 0.000 0.000 0.000 0.000 0.000 0.000 
0.000 0.000 0.000 0.000 0.000 0.000 0.000 0.000 0.000 0.000 0.000 0.000 0.000 0.191 0.472 0.820 1.000 0.857 0.516 0.218 0.000 0.000 0.000 0.000 0.000 0.000 0.000 0.247 0.560 0.891 0.994 0.780 0.430 0.166 0.000 0.000 0.000 0.000 0.000 0.000 0.000 0.000 0.000 0.000 0.000 0.000 0.000 0.000 0.000 0.000 
0.000 0.000 0.000 0.000 0.000 0.000 0.000 0.000 0.000 0.000 0.000 0.000 0.000 0.000 0.000 0.000 0.166 0.430 0.780 0.994 0.891 0.560 0.247 0.000 0.000 0.000 0.000 0.000 0.000 0.000 0.218 0.516 0.857 1.000 0.820 0.472 0.191 0.000 0.000 0.000 0.000 0.000 0.000 0.000 0.000 0.000 0.000 0.000 0.000 0.000 
0.000 0.000 0.000 0.000 0.000 0.000 0.000 0.000 0.000 0.000 0.000 0.000 0.000 0.000 0.000 0.000 0.000 0.000 0.000 0.144 0.389 0.738 0.984 0.921 0.605 0.279 0.000 0.000 0.000 0.000 0.000 0.000 0.000 0.191 0.472 0.820 1.000 0.857 0.516 0.218 0.000 0.000 0.000 0.000 0.000 0.000 0.000 0.000 0.000 0.000 
0.000 0.000 0.000 0.000 0.000 0.000 0.000 0.000 0.000 0.000 0.000 0.000 0.000 0.000 0.000 0.000 0.000 0.000 0.000 0.000 0.000 0.000 0.124 0.350 0.695 0.967 0.946 0.650 0.314 0.106 0.000 0.000 0.000 0.000 0.000 0.000 0.166 0.430 0.780 0.994 0.891 0.560 0.247 0.000 0.000 0.000 0.000 0.000 0.000 0.000 
0.000 0.000 0.000 0.000 0.000 0.000 0.000 0.000 0.000 0.000 0.000 0.000 0.000 0.000 0.000 0.000 0.000 0.000 0.000 0.000 0.000 0.000 0.000 0.000 0.000 0.106 0.314 0.650 0.946 0.967 0.695 0.350 0.124 0.000 0.000 0.000 0.000 0.000 0.000 0.144 0.389 0.738 0.984 0.921 0.605 0.279 0.000 0.000 0.000 0.000 
0.000 0.000 0.000 0.000 0.000 0.000 0.000 0.000 0.000 0.000 0.000 0.000 0.000 0.000 0.000 0.000 0.000 0.000 0.000 0.000 0.000 0.000 0.000 0.000 0.000 0.000 0.000 0.000 0.000 0.279 0.605 0.921 0.984 0.738 0.389 0.144 0.000 0.000 0.000 0.000 0.000 0.000 0.124 0.350 0.695 0.967 0.946 0.650 0.314 0.106 
0.000 0.000 0.000 0.000 0.000 0.000 0.000 0.000 0.000 0.000 0.000 0.000 0.000 0.000 0.000 0.000 0.000 0.000 0.000 0.000 0.000 0.000 0.000 0.000 0.000 0.000 0.000 0.000 0.000 0.000 0.000 0.000 0.247 0.560 0.891 0.994 0.780 0.430 0.166 0.000 0.000 0.000 0.000 0.000 0.000 0.106 0.314 0.650 0.946 0.967 
0.000 0.000 0.000 0.000 0.000 0.000 0.000 0.000 0.000 0.000 0.000 0.000 0.000 0.000 0.000 0.000 0.000 0.000 0.000 0.000 0.000 0.000 0.000 0.000 0.000 0.000 0.000 0.000 0.000 0.000 0.000 0.000 0.000 0.000 0.000 0.218 0.516 0.857 1.000 0.820 0.472 0.191 0.000 0.000 0.000 0.000 0.000 0.000 0.000 0.279 
0.000 0.000 0.000 0.000 0.000 0.000 0.000 0.000 0.000 0.000 0.000 0.000 0.000 0.000 0.000 0.000 0.000 0.000 0.000 0.000 0.000 0.000 0.000 0.000 0.000 0.000 0.000 0.000 0.000 0.000 0.000 0.000 0.000 0.000 0.000 0.000 0.000 0.000 0.191 0.472 0.820 1.000 0.857 0.516 0.218 0.000 0.000 0.000 0.000 0.000 
# 0 2 16 50
0.000 0.000 0.000 0.000 0.000 0.218 0.516 0.857 1.000 0.820 0.472 0.191 0.000 0.000 0.000 0.000 0.000 0.000 0.000 0.000 0.000 0.000 0.000 0.000 0.000 0.000 0.000 0.000 0.000 0.000 0.000 0.000 0.000 0.000 0.000 0.000 0.000 0.000 0.000 0.000 0.000 0.000 0.000 0.000 0.000 0.000 0.000 0.000 0.000 0.000 
0.279 0.000 0.000 0.000 0.000 0.000 0.000 0.000 0.191 0.472 0.820 1.000 0.857 0.516 0.218 0.000 0.000 0.000 0.000 0.000 0.000 0.000 0.000 0.000 0.000 0.000 0.000 0.000 0.000 0.000 0.000 0.000 0.000 0.000 0.000 0.000 0.000 0.000 0.000 0.000 0.000 0.000 0.000 0.000 0.000 0.000 0.000 0.000 0.000 0.000 
0.967 0.946 0.650 0.314 0.106 0.000 0.000 0.000 0.000 0.000 0.000 0.166 0.430 0.780 0.994 0.891 0.560 0.247 0.000 0.000 0.000 0.000 0.000 0.000 0.000 0.000 0.000 0.000 0.000 0.000 0.000 0.000 0.000 0.000 0.000 0.000 0.000 0.000 0.000 0.000 0.000 0.000 0.000 0.000 0.000 0.000 0.000 0.000 0.000 0.000 
0.106 0.314 0.650 0.946 0.967 0.695 0.350 0.124 0.000 0.000 0.000 0.000 0.000 0.000 0.144 0.389 0.738 0.984 0.921 0.605 0.279 0.000 0.000 0.000 0.000 0.000 0.000 0.000 0.000 0.000 0.000 0.000 0.000 0.000 0.000 0.000 0.000 0.000 0.000 0.000 0.000 0.000 0.000 0.000 0.000 0.000 0.000 0.000 0.000 0.000 
0.000 0.000 0.000 0.000 0.279 0.605 0.921 0.984 0.738 0.389 0.144 0.000 0.000 0.000 0.000 0.000 0.000 0.124 0.350 0.695 0.967 0.946 0.650 0.314 0.106 0.000 0.000 0.000 0.000 0.000 0.000 0.000 0.000 0.000 0.000 0.000 0.000 0.000 0.000 0.000 0.000 0.000 0.000 0.000 0.000 0.000 0.000 0.000 0.000 0.000 
0.000 0.000 0.000 0.000 0.000 0.000 0.000 0.247 0.560 0.891 0.994 0.780 0.430 0.166 0.000 0.000 0.000 0.000 0.000 0.000 0.106 0.314 0.650 0.946 0.967 0.695 0.350 0.124 0.000 0.000 0.000 0.000 0.000 0.000 0.000 0.000 0.000 0.000 0.000 0.000 0.000 0.000 0.000 0.000 0.000 0.000 0.000 0.000 0.000 0.000 
0.000 0.000 0.000 0.000 0.000 0.000 0.000 0.000 0.000 0.000 0.218 0.516 0.857 1.000 0.820 0.472 0.191 0.000 0.000 0.000 0.000 0.000 0.000 0.000 0.279 0.605 0.921 0.984 0.738 0.389 0.144 0.000 0.000 0.000 0.000 0.000 0.000 0.000 0.000 0.000 0.000 0.000 0.000 0.000 0.000 0.000 0.000 0.000 0.000 0.000 
0.000 0.000 0.000 0.000 0.000 0.000 0.000 0.000 0.000 0.000 0.000 0.000 0.000 0.191 0.472 0.820 1.000 0.857 0.516 0.218 0.000 0.000 0.000 0.000 0.000 0.000 0.000 0.247 0.560 0.891 0.994 0.780 0.430 0.166 0.000 0.000 0.000 0.000 0.000 0.000 0.000 0.000 0.000 0.000 0.000 0.000 0.000 0.000 0.000 0.000 
0.000 0.000 0.000 0.000 0.000 0.000 0.000 0.000 0.000 0.000 0.000 0.000 0.000 0.000 0.000 0.000 0.166 0.430 0.780 0.994 0.891 0.560 0.247 0.000 0.000 0.000 0.000 0.000 0.000 0.000 0.218 0.516 0.857 1.000 0.820 0.472 0.191 0.000 0.000 0.000 0.000 0.000 0.000 0.000 0.000 0.000 0.000 0.000 0.000 0.000 
0.000 0.000 0.000 0.000 0.000 0.000 0.000 0.000 0.000 0.000 0.000 0.000 0.000 0.000 0.000 0.000 0.000 0.000 0.000 0.144 0.389 0.738 0.984 0.921 0.605 0.279 0.000 0.000 0.000 0.000 0.000 0.000 0.000 0.191 0.472 0.820 1.000 0.857 0.516 0.218 0.000 0.000 0.000 0.000 0.000 0.000 0.000 0.000 0.000 0.000 
0.000 0.000 0.000 0.000 0.000 0.000 0.000 0.000 0.000 0.000 0.000 0.000 0.000 0.000 0.000 0.000 0.000 0.000 0.000 0.000 0.000 0.000 0.124 0.350 0.695 0.967 0.946 0.650 0.314 0.106 0.000 0.000 0.000 0.000 0.000 0.000 0.166 0.430 0.780 0.994 0.891 0.560 0.247 0.000 0.000 0.000 0.000 0.000 0.000 0.000 
0.000 0.000 0.000 0.000 0.000 0.000 0.000 0.000 0.000 0.000 0.000 0.000 0.000 0.000 0.000 0.000 0.000 0.000 0.000 0.000 0.000 0.000 0.000 0.000 0.000 0.106 0.314 0.650 0.946 0.967 0.695 0.350 0.124 0.000 0.000 0.000 0.000 0.000 0.000 0.144 0.389 0.738 0.984 0.921 0.605 0.279 0.000 0.000 0.000 0.000 
0.000 0.000 0.000 0.000 0.000 0.000 0.000 0.000 0.000 0.000 0.000 0.000 0.000 0.000 0.000 0.000 0.000 0.000 0.000 0.000 0.000 0.000 0.000 0.000 0.000 0.000 0.000 0.000 0.000 0.279 0.605 0.921 0.984 0.738 0.389 0.144 0.000 0.000 0.000 0.000 0.000 0.000 0.124 0.350 0.695 0.967 0.946 0.650 0.314 0.106 
0.000 0.000 0.000 0.000 0.000 0.000 0.000 0.000 0.000 0.000 0.000 0.000 0.000 0.000 0.000 0.000 0.000 0.000 0.000 0.000 0.000 0.000 0.000 0.000 0.000 0.000 0.000 0.000 0.000 0.000 0.000 0.000 0.247 0.560 0.891 0.994 0.780 0.430 0.166 0.000 0.000 0.000 0.000 0.000 0.000 0.106 0.314 0.650 0.946 0.967 
0.000 0.000 0.000 0.000 0.000 0.000 0.000 0.000 0.000 0.000 0.000 0.000 0.000 0.000 0.000 0.000 0.000 0.000 0.000 0.000 0.000 0.000 0.000 0.000 0.000 0.000 0.000 0.000 0.000 0.000 0.000 0.000 0.000 0.000 0.000 0.218 0.516 0.857 1.000 0.820 0.472 0.191 0.000 0.000 0.000 0.000 0.000 0.000 0.000 0.279 
0.000 0.000 0.000 0.000 0.000 0.000 0.000 0.000 0.000 0.000 0.000 0.000 0.000 0.000 0.000 0.000 0.000 0.000 0.000 0.000 0.000 0.000 0.000 0.000 0.000 0.000 0.000 0.000 0.000 0.000 0.000 0.000 0.000 0.000 0.000 0.000 0.000 0.000 0.191 0.472 0.820 1.000 0.857 0.516 0.218 0.000 0.000 0.000 0.000 0.000 
# 0 3 11 50
0.000 0.000 0.000 0.000 0.000 0.000 0.290 0.619 0.929 0.978 0.724 0.376 0.137 0.000 0.000 0.000 0.000 0.000 0.000 0.000 0.000 0.000 0.000 0.000 0.000 0.000 0.000 0.000 0.000 0.000 0.000 0.000 0.000 0.000 0.000 0.000 0.000 0.000 0.000 0.000 0.000 0.000 0.000 0.000 0.000 0.000 0.000 0.000 0.000 0.000 
0.947 0.652 0.315 0.107 0.000 0.000 0.000 0.000 0.000 0.000 0.165 0.428 0.778 0.993 0.891 0.562 0.249 0.000 0.000 0.000 0.000 0.000 0.000 0.000 0.000 0.000 0.000 0.000 0.000 0.000 0.000 0.000 0.000 0.000 0.000 0.000 0.000 0.000 0.000 0.000 0.000 0.000 0.000 0.000 0.000 0.000 0.000 0.000 0.000 0.000 
0.000 0.206 0.497 0.841 1.000 0.835 0.489 0.202 0.000 0.000 0.000 0.000 0.000 0.000 0.000 0.266 0.586 0.908 0.988 0.755 0.405 0.153 0.000 0.000 0.000 0.000 0.000 0.000 0.000 0.000 0.000 0.000 0.000 0.000 0.000 0.000 0.000 0.000 0.000 0.000 0.000 0.000 0.000 0.000 0.000 0.000 0.000 0.000 0.000 0.000 
0.000 0.000 0.000 0.000 0.000 0.110 0.322 0.660 0.951 0.962 0.684 0.342 0.120 0.000 0.000 0.000 0.000 0.000 0.000 0.149 0.398 0.747 0.986 0.913 0.594 0.272 0.000 0.000 0.000 0.000 0.000 0.000 0.000 0.000 0.000 0.000 0.000 0.000 0.000 0.000 0.000 0.000 0.000 0.000 0.000 0.000 0.000 0.000 0.000 0.000 
0.000 0.000 0.000 0.000 0.000 0.000 0.000 0.000 0.000 0.000 0.187 0.466 0.814 0.999 0.861 0.521 0.222 0.000 0.000 0.000 0.000 0.000 0.000 0.000 0.243 0.554 0.886 0.995 0.785 0.435 0.169 0.000 0.000 0.000 0.000 0.000 0.000 0.000 0.000 0.000 0.000 0.000 0.000 0.000 0.000 0.000 0.000 0.000 0.000 0.000 
0.000 0.000 0.000 0.000 0.000 0.000 0.000 0.000 0.000 0.000 0.000 0.000 0.000 0.000 0.000 0.296 0.627 0.933 0.975 0.716 0.369 0.134 0.000 0.000 0.000 0.000 0.000 0.000 0.134 0.369 0.716 0.975 0.933 0.627 0.296 0.000 0.000 0.000 0.000 0.000 0.000 0.000 0.000 0.000 0.000 0.000 0.000 0.000 0.000 0.000 
0.000 0.000 0.000 0.000 0.000 0.000 0.000 0.000 0.000 0.000 0.000 0.000 0.000 0.000 0.000 0.000 0.000 0.000 0.000 0.169 0.435 0.785 0.995 0.886 0.554 0.243 0.000 0.000 0.000 0.000 0.000 0.000 0.000 0.222 0.521 0.861 0.999 0.814 0.466 0.187 0.000 0.000 0.000 0.000 0.000 0.000 0.000 0.000 0.000 0.000 
0.000 0.000 0.000 0.000 0.000 0.000 0.000 0.000 0.000 0.000 0.000 0.000 0.000 0.000 0.000 0.000 0.000 0.000 0.000 0.000 0.000 0.000 0.000 0.000 0.272 0.594 0.913 0.986 0.747 0.398 0.149 0.000 0.000 0.000 0.000 0.000 0.000 0.120 0.342 0.684 0.962 0.951 0.660 0.322 0.110 0.000 0.000 0.000 0.000 0.000 
0.000 0.000 0.000 0.000 0.000 0.000 0.000 0.000 0.000 0.000 0.000 0.000 0.000 0.000 0.000 0.000 0.000 0.000 0.000 0.000 0.000 0.000 0.000 0.000 0.000 0.000 0.000 0.000 0.153 0.405 0.755 0.988 0.908 0.586 0.266 0.000 0.000 0.000 0.000 0.000 0.000 0.000 0.202 0.489 0.835 1.000 0.841 0.497 0.206 0.000 
0.000 0.000 0.000 0.000 0.000 0.000 0.000 0.000 0.000 0.000 0.000 0.000 0.000 0.000 0.000 0.000 0.000 0.000 0.000 0.000 0.000 0.000 0.000 0.000 0.000 0.000 0.000 0.000 0.000 0.000 0.000 0.000 0.000 0.249 0.562 0.891 0.993 0.778 0.428 0.165 0.000 0.000 0.000 0.000 0.000 0.000 0.107 0.315 0.652 0.947 
0.000 0.000 0.000 0.000 0.000 0.000 0.000 0.000 0.000 0.000 0.000 0.000 0.000 0.000 0.000 0.000 0.000 0.000 0.000 0.000 0.000 0.000 0.000 0.000 0.000 0.000 0.000 0.000 0.000 0.000 0.000 0.000 0.000 0.000 0.000 0.000 0.000 0.137 0.376 0.724 0.978 0.929 0.619 0.290 0.000 0.000 0.000 0.000 0.000 0.000 
# 1 0 50 16
-0.494 -0.747 -0.943 -0.997 -0.881 -0.652 -0.403 -0.209 0.000 0.000 0.000 0.000 0.000 0.000 0.000 0.000 
-0.417 -0.667 -0.892 -0.999 -0.935 -0.732 -0.479 -0.263 -0.120 0.000 0.000 0.000 0.000 0.000 0.000 0.000 
-0.484 -0.585 -0.829 -0.982 -0.973 -0.807 -0.560 -0.325 -0.158 0.000 0.000 0.000 0.000 0.000 0.000 0.000 
-0.565 -0.504 -0.756 -0.948 -0.995 -0.874 -0.642 -0.394 -0.202 0.000 0.000 0.000 0.000 0.000 0.000 0.000 
-0.647 -0.427 -0.677 -0.899 -0.999 -0.929 -0.722 -0.470 -0.255 -0.116 0.000 0.000 0.000 0.000 0.000 0.000 
-0.727 -0.475 -0.596 -0.837 -0.985 -0.969 -0.798 -0.549 -0.317 -0.153 0.000 0.000 0.000 0.000 0.000 0.000 
-0.803 -0.555 -0.514 -0.766 -0.954 -0.994 -0.866 -0.631 -0.385 -0.196 0.000 0.000 0.000 0.000 0.000 0.000 
-0.870 -0.637 -0.436 -0.687 -0.906 -1.000 -0.923 -0.712 -0.460 -0.248 -0.112 0.000 0.000 0.000 0.000 0.000 
-0.926 -0.717 -0.465 -0.606 -0.846 -0.988 -0.965 -0.789 -0.539 -0.308 -0.148 0.000 0.000 0.000 0.000 0.000 
-0.967 -0.794 -0.545 -0.524 -0.775 -0.958 -0.991 -0.858 -0.621 -0.376 -0.191 0.000 0.000 0.000 0.000 0.000 
-0.993 -0.862 -0.626 -0.446 -0.697 -0.913 -1.000 -0.916 -0.702 -0.450 -0.241 -0.108 0.000 0.000 0.000 0.000 
-1.000 -0.919 -0.707 -0.455 -0.616 -0.854 -0.990 -0.961 -0.780 -0.529 -0.301 -0.143 0.000 0.000 0.000 0.000 
-0.989 -0.963 -0.784 -0.534 -0.534 -0.784 -0.963 -0.989 -0.850 -0.611 -0.367 -0.185 0.000 0.000 0.000 0.000 
-0.961 -0.990 -0.854 -0.616 -0.455 -0.707 -0.919 -1.000 -0.910 -0.692 -0.441 -0.235 -0.105 0.000 0.000 0.000 
-0.916 -1.000 -0.913 -0.697 -0.446 -0.626 -0.862 -0.993 -0.956 -0.770 -0.519 -0.293 -0.138 0.000 0.000 0.000 
-0.858 -0.991 -0.958 -0.775 -0.524 -0.545 -0.794 -0.967 -0.987 -0.842 -0.601 -0.359 -0.179 0.000 0.000 0.000 
-0.789 -0.965 -0.988 -0.846 -0.606 -0.465 -0.717 -0.926 -1.000 -0.903 -0.682 -0.431 -0.228 -0.101 0.000 0.000 
-0.712 -0.923 -1.000 -0.906 -0.687 -0.436 -0.637 -0.870 -0.994 -0.951 -0.761 -0.509 -0.285 -0.133 0.000 0.000 
-0.631 -0.866 -0.994 -0.954 -0.766 -0.514 -0.555 -0.803 -0.971 -0.984 -0.833 -0.590 -0.350 -0.173 0.000 0.000 
-0.549 -0.798 -0.969 -0.985 -0.837 -0.596 -0.475 -0.727 -0.932 -0.999 -0.896 -0.672 -0.422 -0.221 0.000 0.000 
-0.470 -0.722 -0.929 -0.999 -0.899 -0.677 -0.427 -0.647 -0.878 -0.996 -0.946 -0.751 -0.499 -0.277 -0.129 0.000 
-0.394 -0.642 -0.874 -0.995 -0.948 -0.756 -0.504 -0.565 -0.812 -0.975 -0.980 -0.825 -0.580 -0.341 -0.168 0.000 
-0.325 -0.560 -0.807 -0.973 -0.982 -0.829 -0.585 -0.484 -0.737 -0.938 -0.998 -0.889 -0.662 -0.412 -0.215 0.000 
-0.263 -0.479 -0.732 -0.935 -0.999 -0.892 -0.667 -0.417 -0.657 -0.885 -0.997 -0.940 -0.742 -0.489 -0.270 -0.125 
-0.209 -0.403 -0.652 -0.881 -0.997 -0.943 -0.747 -0.494 -0.575 -0.820 -0.979 -0.977 -0.816 -0.570 -0.333 -0.163 
-0.163 -0.333 -0.570 -0.816 -0.977 -0.979 -0.820 -0.575 -0.494 -0.747 -0.943 -0.997 -0.881 -0.652 -0.403 -0.209 
-0.125 -0.270 -0.489 -0.742 -0.940 -0.997 -0.885 -0.657 -0.417 -0.667 -0.892 -0.999 -0.935 -0.732 -0.479 -0.263 
0.000 -0.215 -0.412 -0.662 -0.889 -0.998 -0.938 -0.737 -0.484 -0.585 -0.829 -0.982 -0.973 -0.807 -0.560 -0.325 
0.000 -0.168 -0.341 -0.580 -0.825 -0.980 -0.975 -0.812 -0.565 -0.504 -0.756 -0.948 -0.995 -0.874 -0.642 -0.394 
0.000 -0.129 -0.277 -0.499 -0.751 -0.946 -0.996 -0.878 -0.647 -0.427 -0.677 -0.899 -0.999 -0.929 -0.722 -0.470 
0.000 0.000 -0.221 -0.422 -0.672 -0.896 -0.999 -0.932 -0.727 -0.475 -0.596 -0.837 -0.985 -0.969 -0.798 -0.549 
0.000 0.000 -0.173 -0.350 -0.590 -0.833 -0.984 -0.971 -0.803 -0.555 -0.514 -0.766 -0.954 -0.994 -0.866 -0.631 
0.000 0.000 -0.133 -0.285 -0.509 -0.761 -0.951 -0.994 -0.870 -0.637 -0.436 -0.687 -0.906 -1.000 -0.923 -0.712 
0.000 0.000 -0.101 -0.228 -0.431 -0.682 -0.903 -1.000 -0.926 -0.717 -0.465 -0.606 -0.846 -0.988 -0.965 -0.789 
0.000 0.000 0.000 -0.179 -0.359 -0.601 -0.842 -0.987 -0.967 -0.794 -0.545 -0.524 -0.775 -0.958 -0.991 -0.858 
0.000 0.000 0.000 -0.138 -0.293 -0.519 -0.770 -0.956 -0.993 -0.862 -0.626 -0.446 -0.697 -0.913 -1.000 -0.916 
0.000 0.000 0.000 -0.105 -0.235 -0.441 -0.692 -0.910 -1.000 -0.919 -0.707 -0.455 -0.616 -0.854 -0.990 -0.961 
0.000 0.000 0.000 0.000 -0.185 -0.367 -0.611 -0.850 -0.989 -0.963 -0.784 -0.534 -0.534 -0.784 -0.963 -0.989 
0.000 0.000 0.000 0.000 -0.143 -0.301 -0.529 -0.780 -0.961 -0.990 -0.854 -0.616 -0.455 -0.707 -0.919 -1.000 
0.000 0.000 0.000 0.000 -0.108 -0.241 -0.450 -0.702 -0.916 -1.000 -0.913 -0.697 -0.446 -0.626 -0.862 -0.993 
0.000 0.000 0.000 0.000 0.000 -0.191 -0.376 -0.621 -0.858 -0.991 -0.958 -0.775 -0.524 -0.545 -0.794 -0.967 
0.000 0.000 0.000 0.000 0.000 -0.148 -0.308 -0.539 -0.789 -0.965 -0.988 -0.846 -0.606 -0.465 -0.717 -0.926 
0.000 0.000 0.000 0.000 0.000 -0.112 -0.248 -0.460 -0.712 -0.923 -1.000 -0.906 -0.687 -0.436 -0.637 -0.870 
0.000 0.000 0.000 0.000 0.000 0.000 -0.196 -0.385 -0.631 -0.866 -0.994 -0.954 -0.766 -0.514 -0.555 -0.803 
0.000 0.000 0.000 0.000 0.000 0.000 -0.153 -0.317 -0.549 -0.798 -0.969 -0.985 -0.837 -0.596 -0.475 -0.727 
0.000 0.000 0.000 0.000 0.000 0.000 -0.116 -0.255 -0.470 -0.722 -0.929 -0.999 -0.899 -0.677 -0.427 -0.647 
0.000 0.000 0.000 0.000 0.000 0.000 0.000 -0.202 -0.394 -0.642 -0.874 -0.995 -0.948 -0.756 -0.504 -0.565 
0.000 0.000 0.000 0.000 0.000 0.000 0.000 -0.158 -0.325 -0.560 -0.807 -0.973 -0.982 -0.829 -0.585 -0.484 
0.000 0.000 0.000 0.000 0.000 0.000 0.000 -0.120 -0.263 -0.479 -0.732 -0.935 -0.999 -0.892 -0.667 -0.417 
0.000 0.000 0.000 0.000 0.000 0.000 0.000 0.000 -0.209 -0.403 -0.652 -0.881 -0.997 -0.943 -0.747 -0.494 
# 1 2 16 16
-0.413 -0.663 -0.890 -1.000 -0.939 -0.738 -0.485 -0.267 -0.123 0.000 0.000 0.000 0.000 0.000 0.000 0.000 
-0.663 -0.413 -0.663 -0.890 -1.000 -0.939 -0.738 -0.485 -0.267 -0.123 0.000 0.000 0.000 0.000 0.000 0.000 
-0.890 -0.663 -0.413 -0.663 -0.890 -1.000 -0.939 -0.738 -0.485 -0.267 -0.123 0.000 0.000 0.000 0.000 0.000 
-1.000 -0.890 -0.663 -0.413 -0.663 -0.890 -1.000 -0.939 -0.738 -0.485 -0.267 -0.123 0.000 0.000 0.000 0.000 
-0.939 -1.000 -0.890 -0.663 -0.413 -0.663 -0.890 -1.000 -0.939 -0.738 -0.485 -0.267 -0.123 0.000 0.000 0.000 
-0.738 -0.939 -1.000 -0.890 -0.663 -0.413 -0.663 -0.890 -1.000 -0.939 -0.738 -0.485 -0.267 -0.123 0.000 0.000 
-0.485 -0.738 -0.939 -1.000 -0.890 -0.663 -0.413 -0.663 -0.890 -1.000 -0.939 -0.738 -0.485 -0.267 -0.123 0.000 
-0.267 -0.485 -0.738 -0.939 -1.000 -0.890 -0.663 -0.413 -0.663 -0.890 -1.000 -0.939 -0.738 -0.485 -0.267 -0.123 
-0.123 -0.267 -0.485 -0.738 -0.939 -1.000 -0.890 -0.663 -0.413 -0.663 -0.890 -1.000 -0.939 -0.738 -0.485 -0.267 
0.000 -0.123 -0.267 -0.485 -0.738 -0.939 -1.000 -0.890 -0.663 -0.413 -0.663 -0.890 -1.000 -0.939 -0.738 -0.485 
0.000 0.000 -0.123 -0.267 -0.485 -0.738 -0.939 -1.000 -0.890 -0.663 -0.413 -0.663 -0.890 -1.000 -0.939 -0.738 
0.000 0.000 0.000 -0.123 -0.267 -0.485 -0.738 -0.939 -1.000 -0.890 -0.663 -0.413 -0.663 -0.890 -1.000 -0.939 
0.000 0.000 0.000 0.000 -0.123 -0.267 -0.485 -0.738 -0.939 -1.000 -0.890 -0.663 -0.413 -0.663 -0.890 -1.000 
0.000 0.000 0.000 0.000 0.000 -0.123 -0.267 -0.485 -0.738 -0.939 -1.000 -0.890 -0.663 -0.413 -0.663 -0.890 
0.000 0.000 0.000 0.000 0.000 0.000 -0.123 -0.267 -0.485 -0.738 -0.939 -1.000 -0.890 -0.663 -0.413 -0.663 
0.000 0.000 0.000 0.000 0.000 0.000 0.000 -0.123 -0.267 -0.485 -0.738 -0.939 -1.000 -0.890 -0.663 -0.413 
# 2 0 50 16
-0.484 -0.738 -0.939 -0.998 -0.885 -0.656 -0.406 -0.209 0.000 0.000 0.000 0.000 0.000 0.000 0.000 0.000 
-0.407 -0.658 -0.886 -0.998 -0.938 -0.736 -0.482 -0.264 -0.121 0.000 0.000 0.000 0.000 0.000 0.000 0.000 
-0.474 -0.575 -0.822 -0.980 -0.976 -0.811 -0.563 -0.326 -0.158 0.000 0.000 0.000 0.000 0.000 0.000 0.000 
-0.555 -0.494 -0.748 -0.944 -0.996 -0.878 -0.645 -0.396 -0.203 0.000 0.000 0.000 0.000 0.000 0.000 0.000 
-0.637 -0.417 -0.668 -0.894 -0.999 -0.932 -0.726 -0.472 -0.257 -0.116 0.000 0.000 0.000 0.000 0.000 0.000 
-0.718 -0.465 -0.586 -0.830 -0.983 -0.972 -0.802 -0.553 -0.318 -0.153 0.000 0.000 0.000 0.000 0.000 0.000 
-0.795 -0.545 -0.504 -0.757 -0.950 -0.995 -0.870 -0.635 -0.387 -0.197 0.000 0.000 0.000 0.000 0.000 0.000 
-0.863 -0.627 -0.426 -0.678 -0.901 -0.999 -0.926 -0.716 -0.463 -0.250 -0.112 0.000 0.000 0.000 0.000 0.000 
-0.921 -0.708 -0.455 -0.596 -0.839 -0.986 -0.968 -0.793 -0.543 -0.310 -0.148 0.000 0.000 0.000 0.000 0.000 
-0.964 -0.786 -0.534 -0.514 -0.767 -0.955 -0.993 -0.862 -0.625 -0.378 -0.191 0.000 0.000 0.000 0.000 0.000 
-0.991 -0.855 -0.616 -0.436 -0.688 -0.908 -1.000 -0.920 -0.706 -0.453 -0.243 -0.108 0.000 0.000 0.000 0.000 
-1.000 -0.914 -0.698 -0.445 -0.606 -0.847 -0.989 -0.963 -0.784 -0.532 -0.302 -0.143 0.000 0.000 0.000 0.000 
-0.991 -0.960 -0.776 -0.524 -0.524 -0.776 -0.960 -0.991 -0.854 -0.615 -0.369 -0.185 0.000 0.000 0.000 0.000 
-0.963 -0.989 -0.847 -0.606 -0.445 -0.698 -0.914 -1.000 -0.913 -0.696 -0.443 -0.236 -0.105 0.000 0.000 0.000 
-0.920 -1.000 -0.908 -0.688 -0.436 -0.616 -0.855 -0.991 -0.959 -0.774 -0.522 -0.294 -0.138 0.000 0.000 0.000 
-0.862 -0.993 -0.955 -0.767 -0.514 -0.534 -0.786 -0.964 -0.988 -0.846 -0.604 -0.361 -0.180 0.000 0.000 0.000 
-0.793 -0.968 -0.986 -0.839 -0.596 -0.455 -0.708 -0.921 -1.000 -0.906 -0.686 -0.434 -0.229 -0.101 0.000 0.000 
-0.716 -0.926 -0.999 -0.901 -0.678 -0.426 -0.627 -0.863 -0.993 -0.954 -0.765 -0.512 -0.286 -0.134 0.000 0.000 
-0.635 -0.870 -0.995 -0.950 -0.757 -0.504 -0.545 -0.795 -0.968 -0.985 -0.837 -0.594 -0.352 -0.174 0.000 0.000 
-0.553 -0.802 -0.972 -0.983 -0.830 -0.586 -0.465 -0.718 -0.927 -0.999 -0.900 -0.676 -0.424 -0.222 0.000 0.000 
-0.472 -0.726 -0.932 -0.999 -0.894 -0.668 -0.417 -0.637 -0.871 -0.995 -0.949 -0.755 -0.502 -0.279 -0.129 0.000 
-0.396 -0.645 -0.878 -0.996 -0.944 -0.748 -0.494 -0.555 -0.804 -0.972 -0.982 -0.829 -0.584 -0.343 -0.169 0.000 
-0.326 -0.563 -0.811 -0.976 -0.980 -0.822 -0.575 -0.474 -0.728 -0.933 -0.999 -0.892 -0.666 -0.415 -0.216 0.000 
-0.264 -0.482 -0.736 -0.938 -0.998 -0.886 -0.658 -0.407 -0.647 -0.879 -0.997 -0.943 -0.746 -0.492 -0.271 -0.125 
-0.209 -0.406 -0.656 -0.885 -0.998 -0.939 -0.738 -0.484 -0.565 -0.813 -0.976 -0.979 -0.820 -0.573 -0.335 -0.163 
-0.163 -0.335 -0.573 -0.820 -0.979 -0.976 -0.813 -0.565 -0.484 -0.738 -0.939 -0.998 -0.885 -0.656 -0.406 -0.209 
-0.125 -0.271 -0.492 -0.746 -0.943 -0.997 -0.879 -0.647 -0.407 -0.658 -0.886 -0.998 -0.938 -0.736 -0.482 -0.264 
0.000 -0.216 -0.415 -0.666 -0.892 -0.999 -0.933 -0.728 -0.474 -0.575 -0.822 -0.980 -0.976 -0.811 -0.563 -0.326 
0.000 -0.169 -0.343 -0.584 -0.829 -0.982 -0.972 -0.804 -0.555 -0.494 -0.748 -0.944 -0.996 -0.878 -0.645 -0.396 
0.000 -0.129 -0.279 -0.502 -0.755 -0.949 -0.995 -0.871 -0.637 -0.417 -0.668 -0.894 -0.999 -0.932 -0.726 -0.472 
0.000 0.000 -0.222 -0.424 -0.676 -0.900 -0.999 -0.927 -0.718 -0.465 -0.586 -0.830 -0.983 -0.972 -0.802 -0.553 
0.000 0.000 -0.174 -0.352 -0.594 -0.837 -0.985 -0.968 -0.795 -0.545 -0.504 -0.757 -0.950 -0.995 -0.870 -0.635 
0.000 0.000 -0.134 -0.286 -0.512 -0.765 -0.954 -0.993 -0.863 -0.627 -0.426 -0.678 -0.901 -0.999 -0.926 -0.716 
0.000 0.000 -0.101 -0.229 -0.434 -0.686 -0.906 -1.000 -0.921 -0.708 -0.455 -0.596 -0.839 -0.986 -0.968 -0.793 
0.000 0.000 0.000 -0.180 -0.361 -0.604 -0.846 -0.988 -0.964 -0.786 -0.534 -0.514 -0.767 -0.955 -0.993 -0.862 
0.000 0.000 0.000 -0.138 -0.294 -0.522 -0.774 -0.959 -0.991 -0.855 -0.616 -0.436 -0.688 -0.908 -1.000 -0.920 
0.000 0.000 0.000 -0.105 -0.236 -0.443 -0.696 -0.913 -1.000 -0.914 -0.698 -0.445 -0.606 -0.847 -0.989 -0.963 
0.000 0.000 0.000 0.000 -0.185 -0.369 -0.615 -0.854 -0.991 -0.960 -0.776 -0.524 -0.524 -0.776 -0.960 -0.991 
0.000 0.000 0.000 0.000 -0.143 -0.302 -0.532 -0.784 -0.963 -0.989 -0.847 -0.606 -0.445 -0.698 -0.914 -1.000 
0.000 0.000 0.000 0.000 -0.108 -0.243 -0.453 -0.706 -0.920 -1.000 -0.908 -0.688 -0.436 -0.616 -0.855 -0.991 
0.000 0.000 0.000 0.000 0.000 -0.191 -0.378 -0.625 -0.862 -0.993 -0.955 -0.767 -0.514 -0.534 -0.786 -0.964 
0.000 0.000 0.000 0.000 0.000 -0.148 -0.310 -0.543 -0.793 -0.968 -0.986 -0.839 -0.596 -0.455 -0.708 -0.921 
0.000 0.000 0.000 0.000 0.000 -0.112 -0.250 -0.463 -0.716 -0.926 -0.999 -0.901 -0.678 -0.426 -0.627 -0.863 
0.000 0.000 0.000 0.000 0.000 0.000 -0.197 -0.387 -0.635 -0.870 -0.995 -0.950 -0.757 -0.504 -0.545 -0.795 
0.000 0.000 0.000 0.000 0.000 0.000 -0.153 -0.318 -0.553 -0.802 -0.972 -0.983 -0.830 -0.586 -0.465 -0.718 
0.000 0.000 0.000 0.000 0.000 0.000 -0.116 -0.257 -0.472 -0.726 -0.932 -0.999 -0.894 -0.668 -0.417 -0.637 
0.000 0.000 0.000 0.000 0.000 0.000 0.000 -0.203 -0.396 -0.645 -0.878 -0.996 -0.944 -0.748 -0.494 -0.555 
0.000 0.000 0.000 0.000 0.000 0.000 0.000 -0.158 -0.326 -0.563 -0.811 -0.976 -0.980 -0.822 -0.575 -0.474 
0.000 0.000 0.000 0.000 0.000 0.000 0.000 -0.121 -0.264 -0.482 -0.736 -0.938 -0.998 -0.886 -0.658 -0.407 
0.000 0.000 0.000 0.000 0.000 0.000 0.000 0.000 -0.209 -0.406 -0.656 -0.885 -0.998 -0.939 -0.738 -0.484 
# 2 1 16 16
-0.404 -0.654 -0.885 -1.000 -0.943 -0.743 -0.489 -0.268 -0.123 0.000 0.000 0.000 0.000 0.000 0.000 0.000 
-0.654 -0.404 -0.654 -0.885 -1.000 -0.943 -0.743 -0.489 -0.268 -0.123 0.000 0.000 0.000 0.000 0.000 0.000 
-0.885 -0.654 -0.404 -0.654 -0.885 -1.000 -0.943 -0.743 -0.489 -0.268 -0.123 0.000 0.000 0.000 0.000 0.000 
-1.000 -0.885 -0.654 -0.404 -0.654 -0.885 -1.000 -0.943 -0.743 -0.489 -0.268 -0.123 0.000 0.000 0.000 0.000 
-0.943 -1.000 -0.885 -0.654 -0.404 -0.654 -0.885 -1.000 -0.943 -0.743 -0.489 -0.268 -0.123 0.000 0.000 0.000 
-0.743 -0.943 -1.000 -0.885 -0.654 -0.404 -0.654 -0.885 -1.000 -0.943 -0.743 -0.489 -0.268 -0.123 0.000 0.000 
-0.489 -0.743 -0.943 -1.000 -0.885 -0.654 -0.404 -0.654 -0.885 -1.000 -0.943 -0.743 -0.489 -0.268 -0.123 0.000 
-0.268 -0.489 -0.743 -0.943 -1.000 -0.885 -0.654 -0.404 -0.654 -0.885 -1.000 -0.943 -0.743 -0.489 -0.268 -0.123 
-0.123 -0.268 -0.489 -0.743 -0.943 -1.000 -0.885 -0.654 -0.404 -0.654 -0.885 -1.000 -0.943 -0.743 -0.489 -0.268 
0.000 -0.123 -0.268 -0.489 -0.743 -0.943 -1.000 -0.885 -0.654 -0.404 -0.654 -0.885 -1.000 -0.943 -0.743 -0.489 
0.000 0.000 -0.123 -0.268 -0.489 -0.743 -0.943 -1.000 -0.885 -0.654 -0.404 -0.654 -0.885 -1.000 -0.943 -0.743 
0.000 0.000 0.000 -0.123 -0.268 -0.489 -0.743 -0.943 -1.000 -0.885 -0.654 -0.404 -0.654 -0.885 -1.000 -0.943 
0.000 0.000 0.000 0.000 -0.123 -0.268 -0.489 -0.743 -0.943 -1.000 -0.885 -0.654 -0.404 -0.654 -0.885 -1.000 
0.000 0.000 0.000 0.000 0.000 -0.123 -0.268 -0.489 -0.743 -0.943 -1.000 -0.885 -0.654 -0.404 -0.654 -0.885 
0.000 0.000 0.000 0.000 0.000 0.000 -0.123 -0.268 -0.489 -0.743 -0.943 -1.000 -0.885 -0.654 -0.404 -0.654 
0.000 0.000 0.000 0.000 0.000 0.000 0.000 -0.123 -0.268 -0.489 -0.743 -0.943 -1.000 -0.885 -0.654 -0.404 
