3.611952
4
# 0 1 32 50
0.887 0.971 0.950 0.676 0.350 0.132 0.000 0.000 0.000 0.000 0.000 0.000 0.000 0.000 0.000 0.000 0.000 0.000 0.000 0.000 0.000 0.000 0.000 0.000 0.000 0.000 0.000 0.000 0.000 0.000 0.000 0.000 0.000 0.000 0.000 0.000 0.000 0.000 0.000 0.000 0.000 0.000 0.000 0.000 0.000 0.000 0.000 0.000 0.000 0.000 
0.927 0.985 0.854 1.000 0.852 0.527 0.238 0.000 0.000 0.000 0.000 0.000 0.000 0.000 0.000 0.000 0.000 0.000 0.000 0.000 0.000 0.000 0.000 0.000 0.000 0.000 0.000 0.000 0.000 0.000 0.000 0.000 0.000 0.000 0.000 0.000 0.000 0.000 0.000 0.000 0.000 0.000 0.000 0.000 0.000 0.000 0.000 0.000 0.000 0.000 
0.445 0.778 0.990 0.916 0.952 0.969 0.718 0.387 0.152 0.000 0.000 0.000 0.000 0.000 0.000 0.000 0.000 0.000 0.000 0.000 0.000 0.000 0.000 0.000 0.000 0.000 0.000 0.000 0.000 0.000 0.000 0.000 0.000 0.000 0.000 0.000 0.000 0.000 0.000 0.000 0.000 0.000 0.000 0.000 0.000 0.000 0.000 0.000 0.000 0.000 
0.000 0.283 0.591 0.899 0.995 0.819 0.998 0.884 0.570 0.267 0.000 0.000 0.000 0.000 0.000 0.000 0.000 0.000 0.000 0.000 0.000 0.000 0.000 0.000 0.000 0.000 0.000 0.000 0.000 0.000 0.000 0.000 0.000 0.000 0.000 0.000 0.000 0.000 0.000 0.000 0.000 0.000 0.000 0.000 0.000 0.000 0.000 0.000 0.000 0.000 
0.000 0.000 0.162 0.406 0.739 0.977 0.941 0.929 0.984 0.759 0.425 0.174 0.000 0.000 0.000 0.000 0.000 0.000 0.000 0.000 0.000 0.000 0.000 0.000 0.000 0.000 0.000 0.000 0.000 0.000 0.000 0.000 0.000 0.000 0.000 0.000 0.000 0.000 0.000 0.000 0.000 0.000 0.000 0.000 0.000 0.000 0.000 0.000 0.000 0.000 
0.000 0.000 0.000 0.000 0.252 0.549 0.868 0.999 0.837 0.991 0.913 0.613 0.299 0.106 0.000 0.000 0.000 0.000 0.000 0.000 0.000 0.000 0.000 0.000 0.000 0.000 0.000 0.000 0.000 0.000 0.000 0.000 0.000 0.000 0.000 0.000 0.000 0.000 0.000 0.000 0.000 0.000 0.000 0.000 0.000 0.000 0.000 0.000 0.000 0.000 
0.000 0.000 0.000 0.000 0.000 0.142 0.368 0.697 0.960 0.962 0.902 0.994 0.797 0.465 0.198 0.000 0.000 0.000 0.000 0.000 0.000 0.000 0.000 0.000 0.000 0.000 0.000 0.000 0.000 0.000 0.000 0.000 0.000 0.000 0.000 0.000 0.000 0.000 0.000 0.000 0.000 0.000 0.000 0.000 0.000 0.000 0.000 0.000 0.000 0.000 
0.000 0.000 0.000 0.000 0.000 0.000 0.000 0.224 0.507 0.834 0.999 0.871 0.978 0.939 0.655 0.333 0.123 0.000 0.000 0.000 0.000 0.000 0.000 0.000 0.000 0.000 0.000 0.000 0.000 0.000 0.000 0.000 0.000 0.000 0.000 0.000 0.000 0.000 0.000 0.000 0.000 0.000 0.000 0.000 0.000 0.000 0.000 0.000 0.000 0.000 
0.000 0.000 0.000 0.000 0.000 0.000 0.000 0.000 0.123 0.333 0.655 0.939 0.978 0.871 0.999 0.834 0.507 0.224 0.000 0.000 0.000 0.000 0.000 0.000 0.000 0.000 0.000 0.000 0.000 0.000 0.000 0.000 0.000 0.000 0.000 0.000 0.000 0.000 0.000 0.000 0.000 0.000 0.000 0.000 0.000 0.000 0.000 0.000 0.000 0.000 
0.000 0.000 0.000 0.000 0.000 0.000 0.000 0.000 0.000 0.000 0.198 0.465 0.797 0.994 0.902 0.962 0.960 0.697 0.368 0.142 0.000 0.000 0.000 0.000 0.000 0.000 0.000 0.000 0.000 0.000 0.000 0.000 0.000 0.000 0.000 0.000 0.000 0.000 0.000 0.000 0.000 0.000 0.000 0.000 0.000 0.000 0.000 0.000 0.000 0.000 
0.000 0.000 0.000 0.000 0.000 0.000 0.000 0.000 0.000 0.000 0.000 0.106 0.299 0.613 0.913 0.991 0.837 0.999 0.868 0.549 0.252 0.000 0.000 0.000 0.000 0.000 0.000 0.000 0.000 0.000 0.000 0.000 0.000 0.000 0.000 0.000 0.000 0.000 0.000 0.000 0.000 0.000 0.000 0.000 0.000 0.000 0.000 0.000 0.000 0.000 
0.000 0.000 0.000 0.000 0.000 0.000 0.000 0.000 0.000 0.000 0.000 0.000 0.000 0.174 0.425 0.759 0.984 0.929 0.941 0.977 0.739 0.406 0.162 0.000 0.000 0.000 0.000 0.000 0.000 0.000 0.000 0.000 0.000 0.000 0.000 0.000 0.000 0.000 0.000 0.000 0.000 0.000 0.000 0.000 0.000 0.000 0.000 0.000 0.000 0.000 
0.000 0.000 0.000 0.000 0.000 0.000 0.000 0.000 0.000 0.000 0.000 0.000 0.000 0.000 0.000 0.267 0.570 0.884 0.998 0.819 0.995 0.899 0.591 0.283 0.000 0.000 0.000 0.000 0.000 0.000 0.000 0.000 0.000 0.000 0.000 0.000 0.000 0.000 0.000 0.000 0.000 0.000 0.000 0.000 0.000 0.000 0.000 0.000 0.000 0.000 
0.000 0.000 0.000 0.000 0.000 0.000 0.000 0.000 0.000 0.000 0.000 0.000 0.000 0.000 0.000 0.000 0.152 0.387 0.718 0.969 0.952 0.916 0.990 0.778 0.445 0.185 0.000 0.000 0.000 0.000 0.000 0.000 0.000 0.000 0.000 0.000 0.000 0.000 0.000 0.000 0.000 0.000 0.000 0.000 0.000 0.000 0.000 0.000 0.000 0.000 
0.000 0.000 0.000 0.000 0.000 0.000 0.000 0.000 0.000 0.000 0.000 0.000 0.000 0.000 0.000 0.000 0.000 0.000 0.238 0.527 0.852 1.000 0.854 0.985 0.927 0.634 0.316 0.114 0.000 0.000 0.000 0.000 0.000 0.000 0.000 0.000 0.000 0.000 0.000 0.000 0.000 0.000 0.000 0.000 0.000 0.000 0.000 0.000 0.000 0.000 
0.000 0.000 0.000 0.000 0.000 0.000 0.000 0.000 0.000 0.000 0.000 0.000 0.000 0.000 0.000 0.000 0.000 0.000 0.000 0.132 0.350 0.676 0.950 0.971 0.887 0.997 0.816 0.486 0.210 0.000 0.000 0.000 0.000 0.000 0.000 0.000 0.000 0.000 0.000 0.000 0.000 0.000 0.000 0.000 0.000 0.000 0.000 0.000 0.000 0.000 
0.000 0.000 0.000 0.000 0.000 0.000 0.000 0.000 0.000 0.000 0.000 0.000 0.000 0.000 0.000 0.000 0.000 0.000 0.000 0.000 0.000 0.210 0.486 0.816 0.997 0.887 0.971 0.950 0.676 0.350 0.132 0.000 0.000 0.000 0.000 0.000 0.000 0.000 0.000 0.000 0.000 0.000 0.000 0.000 0.000 0.000 0.000 0.000 0.000 0.000 
0.000 0.000 0.000 0.000 0.000 0.000 0.000 0.000 0.000 0.000 0.000 0.000 0.000 0.000 0.000 0.000 0.000 0.000 0.000 0.000 0.000 0.000 0.114 0.316 0.634 0.927 0.985 0.854 1.000 0.852 0.527 0.238 0.000 0.000 0.000 0.000 0.000 0.000 0.000 0.000 0.000 0.000 0.000 0.000 0.000 0.000 0.000 0.000 0.000 0.000 
0.000 0.000 0.000 0.000 0.000 0.000 0.000 0.000 0.000 0.000 0.000 0.000 0.000 0.000 0.000 0.000 0.000 0.000 0.000 0.000 0.000 0.000 0.000 0.000 0.185 0.445 0.778 0.990 0.916 0.952 0.969 0.718 0.387 0.152 0.000 0.000 0.000 0.000 0.000 0.000 0.000 0.000 0.000 0.000 0.000 0.000 0.000 0.000 0.000 0.000 
0.000 0.000 0.000 0.000 0.000 0.000 0.000 0.000 0.000 0.000 0.000 0.000 0.000 0.000 0.000 0.000 0.000 0.000 0.000 0.000 0.000 0.000 0.000 0.000 0.000 0.000 0.283 0.591 0.899 0.995 0.819 0.998 0.884 0.570 0.267 0.000 0.000 0.000 0.000 0.000 0.000 0.000 0.000 0.000 0.000 0.000 0.000 0.000 0.000 0.000 
0.000 0.000 0.000 0.000 0.000 0.000 0.000 0.000 0.000 0.000 0.000 0.000 0.000 0.000 0.000 0.000 0.000 0.000 0.000 0.000 0.000 0.000 0.000 0.000 0.000 0.000 0.000 0.162 0.406 0.739 0.977 0.941 0.929 0.984 0.759 0.425 0.174 0.000 0.000 0.000 0.000 0.000 0.000 0.000 0.000 0.000 0.000 0.000 0.000 0.000 
0.000 0.000 0.000 0.000 0.000 0.000 0.000 0.000 0.000 0.000 0.000 0.000 0.000 0.000 0.000 0.000 0.000 0.000 0.000 0.000 0.000 0.000 0.000 0.000 0.000 0.000 0.000 0.000 0.000 0.252 0.549 0.868 0.999 0.837 0.991 0.913 0.613 0.299 0.106 0.000 0.000 0.000 0.000 0.000 0.000 0.000 0.000 0.000 0.000 0.000 
0.000 0.000 0.000 0.000 0.000 0.000 0.000 0.000 0.000 0.000 0.000 0.000 0.000 0.000 0.000 0.000 0.000 0.000 0.000 0.000 0.000 0.000 0.000 0.000 0.000 0.000 0.000 0.000 0.000 0.000 0.142 0.368 0.697 0.960 0.962 0.902 0.994 0.797 0.465 0.198 0.000 0.000 0.000 0.000 0.000 0.000 0.000 0.000 0.000 0.000 
0.000 0.000 0.000 0.000 0.000 0.000 0.000 0.000 0.000 0.000 0.000 0.000 0.000 0.000 0.000 0.000 0.000 0.000 0.000 0.000 0.000 0.000 0.000 0.000 0.000 0.000 0.000 0.000 0.000 0.000 0.000 0.000 0.224 0.507 0.834 0.999 0.871 0.978 0.939 0.655 0.333 0.123 0.000 0.000 0.000 0.000 0.000 0.000 0.000 0.000 
0.000 0.000 0.000 0.000 0.000 0.000 0.000 0.000 0.000 0.000 0.000 0.000 0.000 0.000 0.000 0.000 0.000 0.000 0.000 0.000 0.000 0.000 0.000 0.000 0.000 0.000 0.000 0.000 0.000 0.000 0.000 0.000 0.000 0.123 0.333 0.655 0.939 0.978 0.871 0.999 0.834 0.507 0.224 0.000 0.000 0.000 0.000 0.000 0.000 0.000 
0.000 0.000 0.000 0.000 0.000 0.000 0.000 0.000 0.000 0.000 0.000 0.000 0.000 0.000 0.000 0.000 0.000 0.000 0.000 0.000 0.000 0.000 0.000 0.000 0.000 0.000 0.000 0.000 0.000 0.000 0.000 0.000 0.000 0.000 0.000 0.198 0.465 0.797 0.994 0.902 0.962 0.960 0.697 0.368 0.142 0.000 0.000 0.000 0.000 0.000 
0.000 0.000 0.000 0.000 0.000 0.000 0.000 0.000 0.000 0.000 0.000 0.000 0.000 0.000 0.000 0.000 0.000 0.000 0.000 0.000 0.000 0.000 0.000 0.000 0.000 0.000 0.000 0.000 0.000 0.000 0.000 0.000 0.000 0.000 0.000 0.000 0.106 0.299 0.613 0.913 0.991 0.837 0.999 0.868 0.549 0.252 0.000 0.000 0.000 0.000 
0.000 0.000 0.000 0.000 0.000 0.000 0.000 0.000 0.000 0.000 0.000 0.000 0.000 0.000 0.000 0.000 0.000 0.000 0.000 0.000 0.000 0.000 0.000 0.000 0.000 0.000 0.000 0.000 0.000 0.000 0.000 0.000 0.000 0.000 0.000 0.000 0.000 0.000 0.174 0.425 0.759 0.984 0.929 0.941 0.977 0.739 0.406 0.162 0.000 0.000 
0.000 0.000 0.000 0.000 0.000 0.000 0.000 0.000 0.000 0.000 0.000 0.000 0.000 0.000 0.000 0.000 0.000 0.000 0.000 0.000 0.000 0.000 0.000 0.000 0.000 0.000 0.000 0.000 0.000 0.000 0.000 0.000 0.000 0.000 0.000 0.000 0.000 0.000 0.000 0.000 0.267 0.570 0.884 0.998 0.819 0.995 0.899 0.591 0.283 0.000 
0.000 0.000 0.000 0.000 0.000 0.000 0.000 0.000 0.000 0.000 0.000 0.000 0.000 0.000 0.000 0.000 0.000 0.000 0.000 0.000 0.000 0.000 0.000 0.000 0.000 0.000 0.000 0.000 0.000 0.000 0.000 0.000 0.000 0.000 0.000 0.000 0.000 0.000 0.000 0.000 0.000 0.152 0.387 0.718 0.969 0.952 0.916 0.990 0.778 0.445 
0.000 0.000 0.000 0.000 0.000 0.000 0.000 0.000 0.000 0.000 0.000 0.000 0.000 0.000 0.000 0.000 0.000 0.000 0.000 0.000 0.000 0.000 0.000 0.000 0.000 0.000 0.000 0.000 0.000 0.000 0.000 0.000 0.000 0.000 0.000 0.000 0.000 0.000 0.000 0.000 0.000 0.000 0.000 0.238 0.527 0.852 1.000 0.854 0.985 0.927 
0.000 0.000 0.000 0.000 0.000 0.000 0.000 0.000 0.000 0.000 0.000 0.000 0.000 0.000 0.000 0.000 0.000 0.000 0.000 0.000 0.000 0.000 0.000 0.000 0.000 0.000 0.000 0.000 0.000 0.000 0.000 0.000 0.000 0.000 0.000 0.000 0.000 0.000 0.000 0.000 0.000 0.000 0.000 0.000 0.132 0.350 0.676 0.950 0.971 0.887 
# 0 2 22 50
0.959 0.906 0.993 0.792 0.459 0.194 0.000 0.000 0.000 0.000 0.000 0.000 0.000 0.000 0.000 0.000 0.000 0.000 0.000 0.000 0.000 0.000 0.000 0.000 0.000 0.000 0.000 0.000 0.000 0.000 0.000 0.000 0.000 0.000 0.000 0.000 0.000 0.000 0.000 0.000 0.000 0.000 0.000 0.000 0.000 0.000 0.000 0.000 0.000 0.000 
0.612 0.913 0.991 0.836 1.000 0.869 0.550 0.253 0.000 0.000 0.000 0.000 0.000 0.000 0.000 0.000 0.000 0.000 0.000 0.000 0.000 0.000 0.000 0.000 0.000 0.000 0.000 0.000 0.000 0.000 0.000 0.000 0.000 0.000 0.000 0.000 0.000 0.000 0.000 0.000 0.000 0.000 0.000 0.000 0.000 0.000 0.000 0.000 0.000 0.000 
0.000 0.232 0.519 0.845 1.000 0.861 0.983 0.932 0.643 0.323 0.118 0.000 0.000 0.000 0.000 0.000 0.000 0.000 0.000 0.000 0.000 0.000 0.000 0.000 0.000 0.000 0.000 0.000 0.000 0.000 0.000 0.000 0.000 0.000 0.000 0.000 0.000 0.000 0.000 0.000 0.000 0.000 0.000 0.000 0.000 0.000 0.000 0.000 0.000 0.000 
0.000 0.000 0.000 0.176 0.430 0.763 0.986 0.926 0.943 0.976 0.734 0.402 0.160 0.000 0.000 0.000 0.000 0.000 0.000 0.000 0.000 0.000 0.000 0.000 0.000 0.000 0.000 0.000 0.000 0.000 0.000 0.000 0.000 0.000 0.000 0.000 0.000 0.000 0.000 0.000 0.000 0.000 0.000 0.000 0.000 0.000 0.000 0.000 0.000 0.000 
0.000 0.000 0.000 0.000 0.000 0.131 0.348 0.674 0.949 0.972 0.885 0.998 0.819 0.489 0.212 0.000 0.000 0.000 0.000 0.000 0.000 0.000 0.000 0.000 0.000 0.000 0.000 0.000 0.000 0.000 0.000 0.000 0.000 0.000 0.000 0.000 0.000 0.000 0.000 0.000 0.000 0.000 0.000 0.000 0.000 0.000 0.000 0.000 0.000 0.000 
0.000 0.000 0.000 0.000 0.000 0.000 0.000 0.000 0.275 0.581 0.892 0.997 0.810 0.997 0.892 0.581 0.275 0.000 0.000 0.000 0.000 0.000 0.000 0.000 0.000 0.000 0.000 0.000 0.000 0.000 0.000 0.000 0.000 0.000 0.000 0.000 0.000 0.000 0.000 0.000 0.000 0.000 0.000 0.000 0.000 0.000 0.000 0.000 0.000 0.000 
0.000 0.000 0.000 0.000 0.000 0.000 0.000 0.000 0.000 0.000 0.212 0.489 0.819 0.998 0.885 0.972 0.949 0.674 0.348 0.131 0.000 0.000 0.000 0.000 0.000 0.000 0.000 0.000 0.000 0.000 0.000 0.000 0.000 0.000 0.000 0.000 0.000 0.000 0.000 0.000 0.000 0.000 0.000 0.000 0.000 0.000 0.000 0.000 0.000 0.000 
0.000 0.000 0.000 0.000 0.000 0.000 0.000 0.000 0.000 0.000 0.000 0.000 0.160 0.402 0.734 0.976 0.943 0.926 0.986 0.763 0.430 0.176 0.000 0.000 0.000 0.000 0.000 0.000 0.000 0.000 0.000 0.000 0.000 0.000 0.000 0.000 0.000 0.000 0.000 0.000 0.000 0.000 0.000 0.000 0.000 0.000 0.000 0.000 0.000 0.000 
0.000 0.000 0.000 0.000 0.000 0.000 0.000 0.000 0.000 0.000 0.000 0.000 0.000 0.000 0.118 0.323 0.643 0.932 0.983 0.861 1.000 0.845 0.519 0.232 0.000 0.000 0.000 0.000 0.000 0.000 0.000 0.000 0.000 0.000 0.000 0.000 0.000 0.000 0.000 0.000 0.000 0.000 0.000 0.000 0.000 0.000 0.000 0.000 0.000 0.000 
0.000 0.000 0.000 0.000 0.000 0.000 0.000 0.000 0.000 0.000 0.000 0.000 0.000 0.000 0.000 0.000 0.000 0.253 0.550 0.869 1.000 0.836 0.991 0.913 0.612 0.298 0.106 0.000 0.000 0.000 0.000 0.000 0.000 0.000 0.000 0.000 0.000 0.000 0.000 0.000 0.000 0.000 0.000 0.000 0.000 0.000 0.000 0.000 0.000 0.000 
0.000 0.000 0.000 0.000 0.000 0.000 0.000 0.000 0.000 0.000 0.000 0.000 0.000 0.000 0.000 0.000 0.000 0.000 0.000 0.194 0.459 0.792 0.993 0.906 0.959 0.963 0.704 0.374 0.145 0.000 0.000 0.000 0.000 0.000 0.000 0.000 0.000 0.000 0.000 0.000 0.000 0.000 0.000 0.000 0.000 0.000 0.000 0.000 0.000 0.000 
0.000 0.000 0.000 0.000 0.000 0.000 0.000 0.000 0.000 0.000 0.000 0.000 0.000 0.000 0.000 0.000 0.000 0.000 0.000 0.000 0.000 0.145 0.374 0.704 0.963 0.959 0.906 0.993 0.792 0.459 0.194 0.000 0.000 0.000 0.000 0.000 0.000 0.000 0.000 0.000 0.000 0.000 0.000 0.000 0.000 0.000 0.000 0.000 0.000 0.000 
0.000 0.000 0.000 0.000 0.000 0.000 0.000 0.000 0.000 0.000 0.000 0.000 0.000 0.000 0.000 0.000 0.000 0.000 0.000 0.000 0.000 0.000 0.000 0.106 0.298 0.612 0.913 0.991 0.836 1.000 0.869 0.550 0.253 0.000 0.000 0.000 0.000 0.000 0.000 0.000 0.000 0.000 0.000 0.000 0.000 0.000 0.000 0.000 0.000 0.000 
0.000 0.000 0.000 0.000 0.000 0.000 0.000 0.000 0.000 0.000 0.000 0.000 0.000 0.000 0.000 0.000 0.000 0.000 0.000 0.000 0.000 0.000 0.000 0.000 0.000 0.000 0.232 0.519 0.845 1.000 0.861 0.983 0.932 0.643 0.323 0.118 0.000 0.000 0.000 0.000 0.000 0.000 0.000 0.000 0.000 0.000 0.000 0.000 0.000 0.000 
0.000 0.000 0.000 0.000 0.000 0.000 0.000 0.000 0.000 0.000 0.000 0.000 0.000 0.000 0.000 0.000 0.000 0.000 0.000 0.000 0.000 0.000 0.000 0.000 0.000 0.000 0.000 0.000 0.176 0.430 0.763 0.986 0.926 0.943 0.976 0.734 0.402 0.160 0.000 0.000 0.000 0.000 0.000 0.000 0.000 0.000 0.000 0.000 0.000 0.000 
0.000 0.000 0.000 0.000 0.000 0.000 0.000 0.000 0.000 0.000 0.000 0.000 0.000 0.000 0.000 0.000 0.000 0.000 0.000 0.000 0.000 0.000 0.000 0.000 0.000 0.000 0.000 0.000 0.000 0.000 0.131 0.348 0.674 0.949 0.972 0.885 0.998 0.819 0.489 0.212 0.000 0.000 0.000 0.000 0.000 0.000 0.000 0.000 0.000 0.000 
0.000 0.000 0.000 0.000 0.000 0.000 0.000 0.000 0.000 0.000 0.000 0.000 0.000 0.000 0.000 0.000 0.000 0.000 0.000 0.000 0.000 0.000 0.000 0.000 0.000 0.000 0.000 0.000 0.000 0.000 0.000 0.000 0.000 0.275 0.581 0.892 0.997 0.810 0.997 0.892 0.581 0.275 0.000 0.000 0.000 0.000 0.000 0.000 0.000 0.000 
0.000 0.000 0.000 0.000 0.000 0.000 0.000 0.000 0.000 0.000 0.000 0.000 0.000 0.000 0.000 0.000 0.000 0.000 0.000 0.000 0.000 0.000 0.000 0.000 0.000 0.000 0.000 0.000 0.000 0.000 0.000 0.000 0.000 0.000 0.000 0.212 0.489 0.819 0.998 0.885 0.972 0.949 0.674 0.348 0.131 0.000 0.000 0.000 0.000 0.000 
0.000 0.000 0.000 0.000 0.000 0.000 0.000 0.000 0.000 0.000 0.000 0.000 0.000 0.000 0.000 0.000 0.000 0.000 0.000 0.000 0.000 0.000 0.000 0.000 0.000 0.000 0.000 0.000 0.000 0.000 0.000 0.000 0.000 0.000 0.000 0.000 0.000 0.160 0.402 0.734 0.976 0.943 0.926 0.986 0.763 0.430 0.176 0.000 0.000 0.000 
0.000 0.000 0.000 0.000 0.000 0.000 0.000 0.000 0.000 0.000 0.000 0.000 0.000 0.000 0.000 0.000 0.000 0.000 0.000 0.000 0.000 0.000 0.000 0.000 0.000 0.000 0.000 0.000 0.000 0.000 0.000 0.000 0.000 0.000 0.000 0.000 0.000 0.000 0.000 0.118 0.323 0.643 0.932 0.983 0.861 1.000 0.845 0.519 0.232 0.000 
0.000 0.000 0.000 0.000 0.000 0.000 0.000 0.000 0.000 0.000 0.000 0.000 0.000 0.000 0.000 0.000 0.000 0.000 0.000 0.000 0.000 0.000 0.000 0.000 0.000 0.000 0.000 0.000 0.000 0.000 0.000 0.000 0.000 0.000 0.000 0.000 0.000 0.000 0.000 0.000 0.000 0.000 0.253 0.550 0.869 1.000 0.836 0.991 0.913 0.612 
0.000 0.000 0.000 0.000 0.000 0.000 0.000 0.000 0.000 0.000 0.000 0.000 0.000 0.000 0.000 0.000 0.000 0.000 0.000 0.000 0.000 0.000 0.000 0.000 0.000 0.000 0.000 0.000 0.000 0.000 0.000 0.000 0.000 0.000 0.000 0.000 0.000 0.000 0.000 0.000 0.000 0.000 0.000 0.000 0.194 0.459 0.792 0.993 0.906 0.959 
# 0 3 12 50
0.971 0.951 0.918 0.990 0.776 0.442 0.183 0.000 0.000 0.000 0.000 0.000 0.000 0.000 0.000 0.000 0.000 0.000 0.000 0.000 0.000 0.000 0.000 0.000 0.000 0.000 0.000 0.000 0.000 0.000 0.000 0.000 0.000 0.000 0.000 0.000 0.000 0.000 0.000 0.000 0.000 0.000 0.000 0.000 0.000 0.000 0.000 0.000 0.000 0.000 
0.000 0.127 0.342 0.666 0.945 0.975 0.879 0.999 0.826 0.497 0.217 0.000 0.000 0.000 0.000 0.000 0.000 0.000 0.000 0.000 0.000 0.000 0.000 0.000 0.000 0.000 0.000 0.000 0.000 0.000 0.000 0.000 0.000 0.000 0.000 0.000 0.000 0.000 0.000 0.000 0.000 0.000 0.000 0.000 0.000 0.000 0.000 0.000 0.000 0.000 
0.000 0.000 0.000 0.000 0.000 0.105 0.296 0.609 0.912 0.992 0.835 1.000 0.871 0.553 0.255 0.000 0.000 0.000 0.000 0.000 0.000 0.000 0.000 0.000 0.000 0.000 0.000 0.000 0.000 0.000 0.000 0.000 0.000 0.000 0.000 0.000 0.000 0.000 0.000 0.000 0.000 0.000 0.000 0.000 0.000 0.000 0.000 0.000 0.000 0.000 
0.000 0.000 0.000 0.000 0.000 0.000 0.000 0.000 0.000 0.000 0.255 0.553 0.871 1.000 0.835 0.992 0.912 0.609 0.296 0.105 0.000 0.000 0.000 0.000 0.000 0.000 0.000 0.000 0.000 0.000 0.000 0.000 0.000 0.000 0.000 0.000 0.000 0.000 0.000 0.000 0.000 0.000 0.000 0.000 0.000 0.000 0.000 0.000 0.000 0.000 
0.000 0.000 0.000 0.000 0.000 0.000 0.000 0.000 0.000 0.000 0.000 0.000 0.000 0.000 0.217 0.497 0.826 0.999 0.879 0.975 0.945 0.666 0.342 0.127 0.000 0.000 0.000 0.000 0.000 0.000 0.000 0.000 0.000 0.000 0.000 0.000 0.000 0.000 0.000 0.000 0.000 0.000 0.000 0.000 0.000 0.000 0.000 0.000 0.000 0.000 
0.000 0.000 0.000 0.000 0.000 0.000 0.000 0.000 0.000 0.000 0.000 0.000 0.000 0.000 0.000 0.000 0.000 0.000 0.183 0.442 0.776 0.990 0.918 0.951 0.971 0.722 0.390 0.154 0.000 0.000 0.000 0.000 0.000 0.000 0.000 0.000 0.000 0.000 0.000 0.000 0.000 0.000 0.000 0.000 0.000 0.000 0.000 0.000 0.000 0.000 
0.000 0.000 0.000 0.000 0.000 0.000 0.000 0.000 0.000 0.000 0.000 0.000 0.000 0.000 0.000 0.000 0.000 0.000 0.000 0.000 0.000 0.000 0.154 0.390 0.722 0.971 0.951 0.918 0.990 0.776 0.442 0.183 0.000 0.000 0.000 0.000 0.000 0.000 0.000 0.000 0.000 0.000 0.000 0.000 0.000 0.000 0.000 0.000 0.000 0.000 
0.000 0.000 0.000 0.000 0.000 0.000 0.000 0.000 0.000 0.000 0.000 0.000 0.000 0.000 0.000 0.000 0.000 0.000 0.000 0.000 0.000 0.000 0.000 0.000 0.000 0.000 0.127 0.342 0.666 0.945 0.975 0.879 0.999 0.826 0.497 0.217 0.000 0.000 0.000 0.000 0.000 0.000 0.000 0.000 0.000 0.000 0.000 0.000 0.000 0.000 
0.000 0.000 0.000 0.000 0.000 0.000 0.000 0.000 0.000 0.000 0.000 0.000 0.000 0.000 0.000 0.000 0.000 0.000 0.000 0.000 0.000 0.000 0.000 0.000 0.000 0.000 0.000 0.000 0.000 0.000 0.105 0.296 0.609 0.912 0.992 0.835 1.000 0.871 0.553 0.255 0.000 0.000 0.000 0.000 0.000 0.000 0.000 0.000 0.000 0.000 
0.000 0.000 0.000 0.000 0.000 0.000 0.000 0.000 0.000 0.000 0.000 0.000 0.000 0.000 0.000 0.000 0.000 0.000 0.000 0.000 0.000 0.000 0.000 0.000 0.000 0.000 0.000 0.000 0.000 0.000 0.000 0.000 0.000 0.000 0.000 0.255 0.553 0.871 1.000 0.835 0.992 0.912 0.609 0.296 0.105 0.000 0.000 0.000 0.000 0.000 
0.000 0.000 0.000 0.000 0.000 0.000 0.000 0.000 0.000 0.000 0.000 0.000 0.000 0.000 0.000 0.000 0.000 0.000 0.000 0.000 0.000 0.000 0.000 0.000 0.000 0.000 0.000 0.000 0.000 0.000 0.000 0.000 0.000 0.000 0.000 0.000 0.000 0.000 0.000 0.217 0.497 0.826 0.999 0.879 0.975 0.945 0.666 0.342 0.127 0.000 
0.000 0.000 0.000 0.000 0.000 0.000 0.000 0.000 0.000 0.000 0.000 0.000 0.000 0.000 0.000 0.000 0.000 0.000 0.000 0.000 0.000 0.000 0.000 0.000 0.000 0.000 0.000 0.000 0.000 0.000 0.000 0.000 0.000 0.000 0.000 0.000 0.000 0.000 0.000 0.000 0.000 0.000 0.000 0.183 0.442 0.776 0.990 0.918 0.951 0.971 
# 1 0 50 32
0.000 0.000 0.000 0.000 0.000 0.000 0.000 -0.153 -0.256 -0.394 -0.559 -0.730 -0.879 -0.976 -0.998 -0.940 -0.816 -0.653 -0.481 -0.327 -0.205 -0.118 0.000 0.000 0.000 0.000 0.000 0.000 0.000 0.000 0.000 0.000 
0.000 0.000 0.000 0.000 0.000 0.000 0.000 -0.106 -0.186 -0.302 -0.451 -0.621 -0.788 -0.922 -0.993 -0.986 -0.902 -0.760 -0.591 -0.423 -0.279 -0.170 0.000 0.000 0.000 0.000 0.000 0.000 0.000 0.000 0.000 0.000 
0.000 0.000 0.000 0.000 0.000 0.000 0.000 0.000 -0.131 -0.224 -0.352 -0.511 -0.683 -0.842 -0.956 -1.000 -0.964 -0.856 -0.701 -0.529 -0.368 -0.235 -0.139 0.000 0.000 0.000 0.000 0.000 0.000 0.000 0.000 0.000 
0.000 0.000 0.000 0.000 0.000 0.000 0.000 0.000 0.000 -0.160 -0.266 -0.406 -0.573 -0.743 -0.889 -0.981 -0.996 -0.932 -0.804 -0.639 -0.468 -0.316 -0.197 -0.113 0.000 0.000 0.000 0.000 0.000 0.000 0.000 0.000 
0.000 0.000 0.000 0.000 0.000 0.000 0.000 0.000 0.000 -0.111 -0.194 -0.313 -0.464 -0.635 -0.800 -0.930 -0.995 -0.982 -0.893 -0.748 -0.577 -0.410 -0.269 -0.162 0.000 0.000 0.000 0.000 0.000 0.000 0.000 0.000 
0.000 0.000 0.000 0.000 0.000 0.000 0.000 0.000 0.000 0.000 -0.137 -0.232 -0.364 -0.524 -0.697 -0.853 -0.962 -1.000 -0.958 -0.845 -0.687 -0.515 -0.356 -0.226 -0.133 0.000 0.000 0.000 0.000 0.000 0.000 0.000 
0.000 0.000 0.000 0.000 0.000 0.000 0.000 0.000 0.000 0.000 0.000 -0.167 -0.276 -0.419 -0.586 -0.756 -0.899 -0.985 -0.994 -0.924 -0.792 -0.625 -0.455 -0.305 -0.189 -0.107 0.000 0.000 0.000 0.000 0.000 0.000 
0.000 0.000 0.000 0.000 0.000 0.000 0.000 0.000 0.000 0.000 0.000 -0.116 -0.202 -0.324 -0.477 -0.649 -0.813 -0.938 -0.997 -0.977 -0.883 -0.734 -0.563 -0.398 -0.259 -0.155 0.000 0.000 0.000 0.000 0.000 0.000 
0.000 0.000 0.000 0.000 0.000 0.000 0.000 0.000 0.000 0.000 0.000 0.000 -0.143 -0.242 -0.376 -0.538 -0.710 -0.864 -0.968 -1.000 -0.951 -0.834 -0.674 -0.502 -0.344 -0.218 -0.127 0.000 0.000 0.000 0.000 0.000 
0.000 0.000 0.000 0.000 0.000 0.000 0.000 0.000 0.000 0.000 0.000 0.000 0.000 -0.175 -0.286 -0.432 -0.600 -0.769 -0.908 -0.988 -0.991 -0.916 -0.780 -0.612 -0.442 -0.294 -0.181 -0.102 0.000 0.000 0.000 0.000 
0.000 0.000 0.000 0.000 0.000 0.000 0.000 0.000 0.000 0.000 0.000 0.000 0.000 -0.122 -0.211 -0.335 -0.491 -0.663 -0.824 -0.945 -0.999 -0.972 -0.872 -0.721 -0.549 -0.386 -0.249 -0.149 0.000 0.000 0.000 0.000 
-0.128 0.000 0.000 0.000 0.000 0.000 0.000 0.000 0.000 0.000 0.000 0.000 0.000 0.000 -0.150 -0.251 -0.388 -0.552 -0.724 -0.874 -0.973 -0.999 -0.944 -0.822 -0.660 -0.488 -0.333 -0.209 -0.121 0.000 0.000 0.000 
-0.182 -0.103 0.000 0.000 0.000 0.000 0.000 0.000 0.000 0.000 0.000 0.000 0.000 0.000 -0.103 -0.182 -0.296 -0.444 -0.614 -0.782 -0.917 -0.992 -0.988 -0.907 -0.767 -0.598 -0.429 -0.284 -0.173 0.000 0.000 0.000 
-0.251 -0.150 0.000 0.000 0.000 0.000 0.000 0.000 0.000 0.000 0.000 0.000 0.000 0.000 0.000 -0.128 -0.219 -0.346 -0.504 -0.676 -0.836 -0.952 -1.000 -0.967 -0.862 -0.708 -0.536 -0.373 -0.240 -0.142 0.000 0.000 
-0.335 -0.211 -0.122 0.000 0.000 0.000 0.000 0.000 0.000 0.000 0.000 0.000 0.000 0.000 0.000 0.000 -0.157 -0.261 -0.400 -0.566 -0.737 -0.884 -0.978 -0.997 -0.936 -0.810 -0.646 -0.475 -0.322 -0.201 -0.115 0.000 
-0.432 -0.286 -0.175 0.000 0.000 0.000 0.000 0.000 0.000 0.000 0.000 0.000 0.000 0.000 0.000 0.000 -0.108 -0.190 -0.307 -0.458 -0.628 -0.794 -0.926 -0.994 -0.984 -0.897 -0.754 -0.584 -0.417 -0.274 -0.166 0.000 
-0.538 -0.376 -0.242 -0.143 0.000 0.000 0.000 0.000 0.000 0.000 0.000 0.000 0.000 0.000 0.000 0.000 0.000 -0.134 -0.228 -0.358 -0.518 -0.690 -0.847 -0.959 -1.000 -0.961 -0.851 -0.694 -0.522 -0.362 -0.231 -0.136 
-0.649 -0.477 -0.324 -0.202 -0.116 0.000 0.000 0.000 0.000 0.000 0.000 0.000 0.000 0.000 0.000 0.000 0.000 0.000 -0.164 -0.271 -0.413 -0.579 -0.750 -0.894 -0.983 -0.995 -0.928 -0.798 -0.632 -0.462 -0.311 -0.192 
-0.756 -0.586 -0.419 -0.276 -0.167 0.000 0.000 0.000 0.000 0.000 0.000 0.000 0.000 0.000 0.000 0.000 0.000 0.000 -0.114 -0.198 -0.318 -0.471 -0.642 -0.807 -0.934 -0.997 -0.980 -0.888 -0.741 -0.570 -0.404 -0.264 
-0.853 -0.697 -0.524 -0.364 -0.232 -0.137 0.000 0.000 0.000 0.000 0.000 0.000 0.000 0.000 0.000 0.000 0.000 0.000 0.000 -0.140 -0.237 -0.370 -0.531 -0.703 -0.858 -0.965 -1.000 -0.954 -0.840 -0.681 -0.508 -0.350 
-0.930 -0.800 -0.635 -0.464 -0.313 -0.194 -0.111 0.000 0.000 0.000 0.000 0.000 0.000 0.000 0.000 0.000 0.000 0.000 0.000 0.000 -0.171 -0.281 -0.425 -0.593 -0.763 -0.904 -0.987 -0.993 -0.920 -0.786 -0.619 -0.449 
-0.981 -0.889 -0.743 -0.573 -0.406 -0.266 -0.160 0.000 0.000 0.000 0.000 0.000 0.000 0.000 0.000 0.000 0.000 0.000 0.000 0.000 -0.119 -0.206 -0.329 -0.484 -0.656 -0.819 -0.942 -0.998 -0.975 -0.878 -0.728 -0.556 
-1.000 -0.956 -0.842 -0.683 -0.511 -0.352 -0.224 -0.131 0.000 0.000 0.000 0.000 0.000 0.000 0.000 0.000 0.000 0.000 0.000 0.000 0.000 -0.147 -0.246 -0.382 -0.545 -0.717 -0.869 -0.971 -0.999 -0.948 -0.828 -0.667 
-0.986 -0.993 -0.922 -0.788 -0.621 -0.451 -0.302 -0.186 -0.106 0.000 0.000 0.000 0.000 0.000 0.000 0.000 0.000 0.000 0.000 0.000 0.000 -0.101 -0.178 -0.291 -0.438 -0.607 -0.776 -0.913 -0.990 -0.990 -0.911 -0.773 
-0.940 -0.998 -0.976 -0.879 -0.730 -0.559 -0.394 -0.256 -0.153 0.000 0.000 0.000 0.000 0.000 0.000 0.000 0.000 0.000 0.000 0.000 0.000 0.000 -0.125 -0.215 -0.340 -0.497 -0.669 -0.830 -0.949 -0.999 -0.970 -0.867 
-0.867 -0.970 -0.999 -0.949 -0.830 -0.669 -0.497 -0.340 -0.215 -0.125 0.000 0.000 0.000 0.000 0.000 0.000 0.000 0.000 0.000 0.000 0.000 0.000 0.000 -0.153 -0.256 -0.394 -0.559 -0.730 -0.879 -0.976 -0.998 -0.940 
-0.773 -0.911 -0.990 -0.990 -0.913 -0.776 -0.607 -0.438 -0.291 -0.178 -0.101 0.000 0.000 0.000 0.000 0.000 0.000 0.000 0.000 0.000 0.000 0.000 0.000 -0.106 -0.186 -0.302 -0.451 -0.621 -0.788 -0.922 -0.993 -0.986 
-0.667 -0.828 -0.948 -0.999 -0.971 -0.869 -0.717 -0.545 -0.382 -0.246 -0.147 0.000 0.000 0.000 0.000 0.000 0.000 0.000 0.000 0.000 0.000 0.000 0.000 0.000 -0.131 -0.224 -0.352 -0.511 -0.683 -0.842 -0.956 -1.000 
-0.556 -0.728 -0.878 -0.975 -0.998 -0.942 -0.819 -0.656 -0.484 -0.329 -0.206 -0.119 0.000 0.000 0.000 0.000 0.000 0.000 0.000 0.000 0.000 0.000 0.000 0.000 0.000 -0.160 -0.266 -0.406 -0.573 -0.743 -0.889 -0.981 
-0.449 -0.619 -0.786 -0.920 -0.993 -0.987 -0.904 -0.763 -0.593 -0.425 -0.281 -0.171 0.000 0.000 0.000 0.000 0.000 0.000 0.000 0.000 0.000 0.000 0.000 0.000 0.000 -0.111 -0.194 -0.313 -0.464 -0.635 -0.800 -0.930 
-0.350 -0.508 -0.681 -0.840 -0.954 -1.000 -0.965 -0.858 -0.703 -0.531 -0.370 -0.237 -0.140 0.000 0.000 0.000 0.000 0.000 0.000 0.000 0.000 0.000 0.000 0.000 0.000 0.000 -0.137 -0.232 -0.364 -0.524 -0.697 -0.853 
-0.264 -0.404 -0.570 -0.741 -0.888 -0.980 -0.997 -0.934 -0.807 -0.642 -0.471 -0.318 -0.198 -0.114 0.000 0.000 0.000 0.000 0.000 0.000 0.000 0.000 0.000 0.000 0.000 0.000 0.000 -0.167 -0.276 -0.419 -0.586 -0.756 
-0.192 -0.311 -0.462 -0.632 -0.798 -0.928 -0.995 -0.983 -0.894 -0.750 -0.579 -0.413 -0.271 -0.164 0.000 0.000 0.000 0.000 0.000 0.000 0.000 0.000 0.000 0.000 0.000 0.000 0.000 -0.116 -0.202 -0.324 -0.477 -0.649 
-0.136 -0.231 -0.362 -0.522 -0.694 -0.851 -0.961 -1.000 -0.959 -0.847 -0.690 -0.518 -0.358 -0.228 -0.134 0.000 0.000 0.000 0.000 0.000 0.000 0.000 0.000 0.000 0.000 0.000 0.000 0.000 -0.143 -0.242 -0.376 -0.538 
0.000 -0.166 -0.274 -0.417 -0.584 -0.754 -0.897 -0.984 -0.994 -0.926 -0.794 -0.628 -0.458 -0.307 -0.190 -0.108 0.000 0.000 0.000 0.000 0.000 0.000 0.000 0.000 0.000 0.000 0.000 0.000 0.000 -0.175 -0.286 -0.432 
0.000 -0.115 -0.201 -0.322 -0.475 -0.646 -0.810 -0.936 -0.997 -0.978 -0.884 -0.737 -0.566 -0.400 -0.261 -0.157 0.000 0.000 0.000 0.000 0.000 0.000 0.000 0.000 0.000 0.000 0.000 0.000 0.000 -0.122 -0.211 -0.335 
0.000 0.000 -0.142 -0.240 -0.373 -0.536 -0.708 -0.862 -0.967 -1.000 -0.952 -0.836 -0.676 -0.504 -0.346 -0.219 -0.128 0.000 0.000 0.000 0.000 0.000 0.000 0.000 0.000 0.000 0.000 0.000 0.000 0.000 -0.150 -0.251 
0.000 0.000 0.000 -0.173 -0.284 -0.429 -0.598 -0.767 -0.907 -0.988 -0.992 -0.917 -0.782 -0.614 -0.444 -0.296 -0.182 -0.103 0.000 0.000 0.000 0.000 0.000 0.000 0.000 0.000 0.000 0.000 0.000 0.000 -0.103 -0.182 
0.000 0.000 0.000 -0.121 -0.209 -0.333 -0.488 -0.660 -0.822 -0.944 -0.999 -0.973 -0.874 -0.724 -0.552 -0.388 -0.251 -0.150 0.000 0.000 0.000 0.000 0.000 0.000 0.000 0.000 0.000 0.000 0.000 0.000 0.000 -0.128 
0.000 0.000 0.000 0.000 -0.149 -0.249 -0.386 -0.549 -0.721 -0.872 -0.972 -0.999 -0.945 -0.824 -0.663 -0.491 -0.335 -0.211 -0.122 0.000 0.000 0.000 0.000 0.000 0.000 0.000 0.000 0.000 0.000 0.000 0.000 0.000 
0.000 0.000 0.000 0.000 -0.102 -0.181 -0.294 -0.442 -0.612 -0.780 -0.916 -0.991 -0.988 -0.908 -0.769 -0.600 -0.432 -0.286 -0.175 0.000 0.000 0.000 0.000 0.000 0.000 0.000 0.000 0.000 0.000 0.000 0.000 0.000 
0.000 0.000 0.000 0.000 0.000 -0.127 -0.218 -0.344 -0.502 -0.674 -0.834 -0.951 -1.000 -0.968 -0.864 -0.710 -0.538 -0.376 -0.242 -0.143 0.000 0.000 0.000 0.000 0.000 0.000 0.000 0.000 0.000 0.000 0.000 0.000 
0.000 0.000 0.000 0.000 0.000 0.000 -0.155 -0.259 -0.398 -0.563 -0.734 -0.883 -0.977 -0.997 -0.938 -0.813 -0.649 -0.477 -0.324 -0.202 -0.116 0.000 0.000 0.000 0.000 0.000 0.000 0.000 0.000 0.000 0.000 0.000 
0.000 0.000 0.000 0.000 0.000 0.000 -0.107 -0.189 -0.305 -0.455 -0.625 -0.792 -0.924 -0.994 -0.985 -0.899 -0.756 -0.586 -0.419 -0.276 -0.167 0.000 0.000 0.000 0.000 0.000 0.000 0.000 0.000 0.000 0.000 0.000 
0.000 0.000 0.000 0.000 0.000 0.000 0.000 -0.133 -0.226 -0.356 -0.515 -0.687 -0.845 -0.958 -1.000 -0.962 -0.853 -0.697 -0.524 -0.364 -0.232 -0.137 0.000 0.000 0.000 0.000 0.000 0.000 0.000 0.000 0.000 0.000 
0.000 0.000 0.000 0.000 0.000 0.000 0.000 0.000 -0.162 -0.269 -0.410 -0.577 -0.748 -0.893 -0.982 -0.995 -0.930 -0.800 -0.635 -0.464 -0.313 -0.194 -0.111 0.000 0.000 0.000 0.000 0.000 0.000 0.000 0.000 0.000 
0.000 0.000 0.000 0.000 0.000 0.000 0.000 0.000 -0.113 -0.197 -0.316 -0.468 -0.639 -0.804 -0.932 -0.996 -0.981 -0.889 -0.743 -0.573 -0.406 -0.266 -0.160 0.000 0.000 0.000 0.000 0.000 0.000 0.000 0.000 0.000 
0.000 0.000 0.000 0.000 0.000 0.000 0.000 0.000 0.000 -0.139 -0.235 -0.368 -0.529 -0.701 -0.856 -0.964 -1.000 -0.956 -0.842 -0.683 -0.511 -0.352 -0.224 -0.131 0.000 0.000 0.000 0.000 0.000 0.000 0.000 0.000 
0.000 0.000 0.000 0.000 0.000 0.000 0.000 0.000 0.000 0.000 -0.170 -0.279 -0.423 -0.591 -0.760 -0.902 -0.986 -0.993 -0.922 -0.788 -0.621 -0.451 -0.302 -0.186 -0.106 0.000 0.000 0.000 0.000 0.000 0.000 0.000 
0.000 0.000 0.000 0.000 0.000 0.000 0.000 0.000 0.000 0.000 -0.118 -0.205 -0.327 -0.481 -0.653 -0.816 -0.940 -0.998 -0.976 -0.879 -0.730 -0.559 -0.394 -0.256 -0.153 0.000 0.000 0.000 0.000 0.000 0.000 0.000 
# 1 2 22 32
0.000 0.000 0.000 0.000 0.000 0.000 0.000 -0.121 -0.210 -0.334 -0.489 -0.661 -0.823 -0.945 -0.999 -0.973 -0.873 -0.722 -0.551 -0.387 -0.250 -0.149 0.000 0.000 0.000 0.000 0.000 0.000 0.000 0.000 0.000 0.000 
0.000 0.000 0.000 0.000 0.000 0.000 0.000 0.000 0.000 -0.165 -0.273 -0.415 -0.583 -0.753 -0.897 -0.984 -0.995 -0.927 -0.795 -0.629 -0.459 -0.308 -0.191 -0.109 0.000 0.000 0.000 0.000 0.000 0.000 0.000 0.000 
0.000 0.000 0.000 0.000 0.000 0.000 0.000 0.000 0.000 0.000 -0.128 -0.220 -0.347 -0.505 -0.677 -0.837 -0.953 -1.000 -0.967 -0.861 -0.707 -0.535 -0.373 -0.240 -0.142 0.000 0.000 0.000 0.000 0.000 0.000 0.000 
0.000 0.000 0.000 0.000 0.000 0.000 0.000 0.000 0.000 0.000 0.000 0.000 -0.174 -0.285 -0.430 -0.598 -0.768 -0.907 -0.988 -0.992 -0.917 -0.781 -0.613 -0.444 -0.296 -0.182 -0.103 0.000 0.000 0.000 0.000 0.000 
0.000 0.000 0.000 0.000 0.000 0.000 0.000 0.000 0.000 0.000 0.000 0.000 0.000 -0.135 -0.230 -0.360 -0.520 -0.692 -0.849 -0.960 -1.000 -0.960 -0.849 -0.692 -0.519 -0.359 -0.229 -0.135 0.000 0.000 0.000 0.000 
-0.182 -0.103 0.000 0.000 0.000 0.000 0.000 0.000 0.000 0.000 0.000 0.000 0.000 0.000 -0.103 -0.182 -0.296 -0.444 -0.614 -0.782 -0.917 -0.992 -0.988 -0.907 -0.767 -0.598 -0.429 -0.284 -0.173 0.000 0.000 0.000 
-0.360 -0.230 -0.135 0.000 0.000 0.000 0.000 0.000 0.000 0.000 0.000 0.000 0.000 0.000 0.000 0.000 -0.142 -0.240 -0.373 -0.536 -0.708 -0.862 -0.967 -1.000 -0.952 -0.836 -0.676 -0.504 -0.346 -0.219 -0.128 0.000 
-0.598 -0.430 -0.285 -0.174 0.000 0.000 0.000 0.000 0.000 0.000 0.000 0.000 0.000 0.000 0.000 0.000 0.000 -0.109 -0.191 -0.309 -0.459 -0.630 -0.796 -0.927 -0.995 -0.983 -0.896 -0.752 -0.582 -0.415 -0.272 -0.165 
-0.837 -0.677 -0.505 -0.347 -0.220 -0.128 0.000 0.000 0.000 0.000 0.000 0.000 0.000 0.000 0.000 0.000 0.000 0.000 0.000 -0.150 -0.251 -0.387 -0.551 -0.723 -0.874 -0.973 -0.999 -0.944 -0.823 -0.661 -0.489 -0.333 
-0.984 -0.897 -0.753 -0.583 -0.415 -0.273 -0.165 0.000 0.000 0.000 0.000 0.000 0.000 0.000 0.000 0.000 0.000 0.000 0.000 0.000 -0.115 -0.200 -0.321 -0.474 -0.646 -0.810 -0.936 -0.997 -0.978 -0.885 -0.737 -0.566 
-0.973 -0.999 -0.945 -0.823 -0.661 -0.489 -0.334 -0.210 -0.121 0.000 0.000 0.000 0.000 0.000 0.000 0.000 0.000 0.000 0.000 0.000 0.000 0.000 -0.157 -0.262 -0.401 -0.567 -0.738 -0.885 -0.979 -0.997 -0.936 -0.809 
-0.809 -0.936 -0.997 -0.979 -0.885 -0.738 -0.567 -0.401 -0.262 -0.157 0.000 0.000 0.000 0.000 0.000 0.000 0.000 0.000 0.000 0.000 0.000 0.000 0.000 -0.121 -0.210 -0.334 -0.489 -0.661 -0.823 -0.945 -0.999 -0.973 
-0.566 -0.737 -0.885 -0.978 -0.997 -0.936 -0.810 -0.646 -0.474 -0.321 -0.200 -0.115 0.000 0.000 0.000 0.000 0.000 0.000 0.000 0.000 0.000 0.000 0.000 0.000 0.000 -0.165 -0.273 -0.415 -0.583 -0.753 -0.897 -0.984 
-0.333 -0.489 -0.661 -0.823 -0.944 -0.999 -0.973 -0.874 -0.723 -0.551 -0.387 -0.251 -0.150 0.000 0.000 0.000 0.000 0.000 0.000 0.000 0.000 0.000 0.000 0.000 0.000 0.000 -0.128 -0.220 -0.347 -0.505 -0.677 -0.837 
-0.165 -0.272 -0.415 -0.582 -0.752 -0.896 -0.983 -0.995 -0.927 -0.796 -0.630 -0.459 -0.309 -0.191 -0.109 0.000 0.000 0.000 0.000 0.000 0.000 0.000 0.000 0.000 0.000 0.000 0.000 0.000 -0.174 -0.285 -0.430 -0.598 
0.000 -0.128 -0.219 -0.346 -0.504 -0.676 -0.836 -0.952 -1.000 -0.967 -0.862 -0.708 -0.536 -0.373 -0.240 -0.142 0.000 0.000 0.000 0.000 0.000 0.000 0.000 0.000 0.000 0.000 0.000 0.000 0.000 -0.135 -0.230 -0.360 
0.000 0.000 0.000 -0.173 -0.284 -0.429 -0.598 -0.767 -0.907 -0.988 -0.992 -0.917 -0.782 -0.614 -0.444 -0.296 -0.182 -0.103 0.000 0.000 0.000 0.000 0.000 0.000 0.000 0.000 0.000 0.000 0.000 0.000 -0.103 -0.182 
0.000 0.000 0.000 0.000 -0.135 -0.229 -0.359 -0.519 -0.692 -0.849 -0.960 -1.000 -0.960 -0.849 -0.692 -0.520 -0.360 -0.230 -0.135 0.000 0.000 0.000 0.000 0.000 0.000 0.000 0.000 0.000 0.000 0.000 0.000 0.000 
0.000 0.000 0.000 0.000 0.000 -0.103 -0.182 -0.296 -0.444 -0.613 -0.781 -0.917 -0.992 -0.988 -0.907 -0.768 -0.598 -0.430 -0.285 -0.174 0.000 0.000 0.000 0.000 0.000 0.000 0.000 0.000 0.000 0.000 0.000 0.000 
0.000 0.000 0.000 0.000 0.000 0.000 0.000 -0.142 -0.240 -0.373 -0.535 -0.707 -0.861 -0.967 -1.000 -0.953 -0.837 -0.677 -0.505 -0.347 -0.220 -0.128 0.000 0.000 0.000 0.000 0.000 0.000 0.000 0.000 0.000 0.000 
0.000 0.000 0.000 0.000 0.000 0.000 0.000 0.000 -0.109 -0.191 -0.308 -0.459 -0.629 -0.795 -0.927 -0.995 -0.984 -0.897 -0.753 -0.583 -0.415 -0.273 -0.165 0.000 0.000 0.000 0.000 0.000 0.000 0.000 0.000 0.000 
0.000 0.000 0.000 0.000 0.000 0.000 0.000 0.000 0.000 0.000 -0.149 -0.250 -0.387 -0.551 -0.722 -0.873 -0.973 -0.999 -0.945 -0.823 -0.661 -0.489 -0.334 -0.210 -0.121 0.000 0.000 0.000 0.000 0.000 0.000 0.000 
# 2 0 50 22
0.000 0.000 -0.265 -0.901 -0.773 -0.167 0.000 0.000 0.000 0.000 0.000 0.000 0.000 0.000 0.000 0.000 0.000 0.000 0.000 0.000 0.000 0.000 
0.000 0.000 0.000 -0.623 -0.980 -0.388 0.000 0.000 0.000 0.000 0.000 0.000 0.000 0.000 0.000 0.000 0.000 0.000 0.000 0.000 0.000 0.000 
0.000 0.000 0.000 -0.330 -0.952 -0.691 -0.126 0.000 0.000 0.000 0.000 0.000 0.000 0.000 0.000 0.000 0.000 0.000 0.000 0.000 0.000 0.000 
0.000 0.000 0.000 -0.134 -0.708 -0.943 -0.316 0.000 0.000 0.000 0.000 0.000 0.000 0.000 0.000 0.000 0.000 0.000 0.000 0.000 0.000 0.000 
0.000 0.000 0.000 0.000 -0.403 -0.985 -0.606 0.000 0.000 0.000 0.000 0.000 0.000 0.000 0.000 0.000 0.000 0.000 0.000 0.000 0.000 0.000 
-0.122 0.000 0.000 0.000 -0.176 -0.788 -0.890 -0.253 0.000 0.000 0.000 0.000 0.000 0.000 0.000 0.000 0.000 0.000 0.000 0.000 0.000 0.000 
-0.307 0.000 0.000 0.000 0.000 -0.483 -1.000 -0.521 0.000 0.000 0.000 0.000 0.000 0.000 0.000 0.000 0.000 0.000 0.000 0.000 0.000 0.000 
-0.595 0.000 0.000 0.000 0.000 -0.226 -0.860 -0.823 -0.198 0.000 0.000 0.000 0.000 0.000 0.000 0.000 0.000 0.000 0.000 0.000 0.000 0.000 
-0.881 -0.245 0.000 0.000 0.000 0.000 -0.566 -0.994 -0.440 0.000 0.000 0.000 0.000 0.000 0.000 0.000 0.000 0.000 0.000 0.000 0.000 0.000 
-1.000 -0.510 0.000 0.000 0.000 0.000 -0.286 -0.920 -0.746 -0.152 0.000 0.000 0.000 0.000 0.000 0.000 0.000 0.000 0.000 0.000 0.000 0.000 
-0.869 -0.813 -0.192 0.000 0.000 0.000 -0.110 -0.652 -0.970 -0.363 0.000 0.000 0.000 0.000 0.000 0.000 0.000 0.000 0.000 0.000 0.000 0.000 
-0.578 -0.992 -0.429 0.000 0.000 0.000 0.000 -0.354 -0.965 -0.663 -0.115 0.000 0.000 0.000 0.000 0.000 0.000 0.000 0.000 0.000 0.000 0.000 
-0.294 -0.927 -0.735 -0.147 0.000 0.000 0.000 -0.147 -0.735 -0.927 -0.294 0.000 0.000 0.000 0.000 0.000 0.000 0.000 0.000 0.000 0.000 0.000 
-0.115 -0.663 -0.965 -0.354 0.000 0.000 0.000 0.000 -0.429 -0.992 -0.578 0.000 0.000 0.000 0.000 0.000 0.000 0.000 0.000 0.000 0.000 0.000 
0.000 -0.363 -0.970 -0.652 -0.110 0.000 0.000 0.000 -0.192 -0.813 -0.869 -0.234 0.000 0.000 0.000 0.000 0.000 0.000 0.000 0.000 0.000 0.000 
0.000 -0.152 -0.746 -0.920 -0.286 0.000 0.000 0.000 0.000 -0.510 -1.000 -0.494 0.000 0.000 0.000 0.000 0.000 0.000 0.000 0.000 0.000 0.000 
0.000 0.000 -0.440 -0.994 -0.566 0.000 0.000 0.000 0.000 -0.245 -0.881 -0.798 -0.182 0.000 0.000 0.000 0.000 0.000 0.000 0.000 0.000 0.000 
0.000 0.000 -0.198 -0.823 -0.860 -0.226 0.000 0.000 0.000 0.000 -0.595 -0.988 -0.413 0.000 0.000 0.000 0.000 0.000 0.000 0.000 0.000 0.000 
0.000 0.000 0.000 -0.521 -1.000 -0.483 0.000 0.000 0.000 0.000 -0.307 -0.937 -0.719 -0.139 0.000 0.000 0.000 0.000 0.000 0.000 0.000 0.000 
0.000 0.000 0.000 -0.253 -0.890 -0.788 -0.176 0.000 0.000 0.000 -0.122 -0.680 -0.957 -0.339 0.000 0.000 0.000 0.000 0.000 0.000 0.000 0.000 
0.000 0.000 0.000 0.000 -0.606 -0.985 -0.403 0.000 0.000 0.000 0.000 -0.378 -0.976 -0.635 -0.104 0.000 0.000 0.000 0.000 0.000 0.000 0.000 
0.000 0.000 0.000 0.000 -0.316 -0.943 -0.708 -0.134 0.000 0.000 0.000 -0.161 -0.762 -0.909 -0.273 0.000 0.000 0.000 0.000 0.000 0.000 0.000 
0.000 0.000 0.000 0.000 -0.126 -0.691 -0.952 -0.330 0.000 0.000 0.000 0.000 -0.456 -0.997 -0.550 0.000 0.000 0.000 0.000 0.000 0.000 0.000 
0.000 0.000 0.000 0.000 0.000 -0.388 -0.980 -0.623 0.000 0.000 0.000 0.000 -0.208 -0.837 -0.846 -0.216 0.000 0.000 0.000 0.000 0.000 0.000 
0.000 0.000 0.000 0.000 0.000 -0.167 -0.773 -0.901 -0.265 0.000 0.000 0.000 0.000 -0.538 -0.998 -0.466 0.000 0.000 0.000 0.000 0.000 0.000 
0.000 0.000 0.000 0.000 0.000 0.000 -0.466 -0.998 -0.538 0.000 0.000 0.000 0.000 -0.265 -0.901 -0.773 -0.167 0.000 0.000 0.000 0.000 0.000 
0.000 0.000 0.000 0.000 0.000 0.000 -0.216 -0.846 -0.837 -0.208 0.000 0.000 0.000 0.000 -0.623 -0.980 -0.388 0.000 0.000 0.000 0.000 0.000 
0.000 0.000 0.000 0.000 0.000 0.000 0.000 -0.550 -0.997 -0.456 0.000 0.000 0.000 0.000 -0.330 -0.952 -0.691 -0.126 0.000 0.000 0.000 0.000 
0.000 0.000 0.000 0.000 0.000 0.000 0.000 -0.273 -0.909 -0.762 -0.161 0.000 0.000 0.000 -0.134 -0.708 -0.943 -0.316 0.000 0.000 0.000 0.000 
0.000 0.000 0.000 0.000 0.000 0.000 0.000 -0.104 -0.635 -0.976 -0.378 0.000 0.000 0.000 0.000 -0.403 -0.985 -0.606 0.000 0.000 0.000 0.000 
0.000 0.000 0.000 0.000 0.000 0.000 0.000 0.000 -0.339 -0.957 -0.680 -0.122 0.000 0.000 0.000 -0.176 -0.788 -0.890 -0.253 0.000 0.000 0.000 
0.000 0.000 0.000 0.000 0.000 0.000 0.000 0.000 -0.139 -0.719 -0.937 -0.307 0.000 0.000 0.000 0.000 -0.483 -1.000 -0.521 0.000 0.000 0.000 
0.000 0.000 0.000 0.000 0.000 0.000 0.000 0.000 0.000 -0.413 -0.988 -0.595 0.000 0.000 0.000 0.000 -0.226 -0.860 -0.823 -0.198 0.000 0.000 
0.000 0.000 0.000 0.000 0.000 0.000 0.000 0.000 0.000 -0.182 -0.798 -0.881 -0.245 0.000 0.000 0.000 0.000 -0.566 -0.994 -0.440 0.000 0.000 
0.000 0.000 0.000 0.000 0.000 0.000 0.000 0.000 0.000 0.000 -0.494 -1.000 -0.510 0.000 0.000 0.000 0.000 -0.286 -0.920 -0.746 -0.152 0.000 
0.000 0.000 0.000 0.000 0.000 0.000 0.000 0.000 0.000 0.000 -0.234 -0.869 -0.813 -0.192 0.000 0.000 0.000 -0.110 -0.652 -0.970 -0.363 0.000 
0.000 0.000 0.000 0.000 0.000 0.000 0.000 0.000 0.000 0.000 0.000 -0.578 -0.992 -0.429 0.000 0.000 0.000 0.000 -0.354 -0.965 -0.663 -0.115 
0.000 0.000 0.000 0.000 0.000 0.000 0.000 0.000 0.000 0.000 0.000 -0.294 -0.927 -0.735 -0.147 0.000 0.000 0.000 -0.147 -0.735 -0.927 -0.294 
0.000 0.000 0.000 0.000 0.000 0.000 0.000 0.000 0.000 0.000 0.000 -0.115 -0.663 -0.965 -0.354 0.000 0.000 0.000 0.000 -0.429 -0.992 -0.578 
0.000 0.000 0.000 0.000 0.000 0.000 0.000 0.000 0.000 0.000 0.000 0.000 -0.363 -0.970 -0.652 -0.110 0.000 0.000 0.000 -0.192 -0.813 -0.869 
0.000 0.000 0.000 0.000 0.000 0.000 0.000 0.000 0.000 0.000 0.000 0.000 -0.152 -0.746 -0.920 -0.286 0.000 0.000 0.000 0.000 -0.510 -1.000 
0.000 0.000 0.000 0.000 0.000 0.000 0.000 0.000 0.000 0.000 0.000 0.000 0.000 -0.440 -0.994 -0.566 0.000 0.000 0.000 0.000 -0.245 -0.881 
0.000 0.000 0.000 0.000 0.000 0.000 0.000 0.000 0.000 0.000 0.000 0.000 0.000 -0.198 -0.823 -0.860 -0.226 0.000 0.000 0.000 0.000 -0.595 
0.000 0.000 0.000 0.000 0.000 0.000 0.000 0.000 0.000 0.000 0.000 0.000 0.000 0.000 -0.521 -1.000 -0.483 0.000 0.000 0.000 0.000 -0.307 
0.000 0.000 0.000 0.000 0.000 0.000 0.000 0.000 0.000 0.000 0.000 0.000 0.000 0.000 -0.253 -0.890 -0.788 -0.176 0.000 0.000 0.000 -0.122 
0.000 0.000 0.000 0.000 0.000 0.000 0.000 0.000 0.000 0.000 0.000 0.000 0.000 0.000 0.000 -0.606 -0.985 -0.403 0.000 0.000 0.000 0.000 
0.000 0.000 0.000 0.000 0.000 0.000 0.000 0.000 0.000 0.000 0.000 0.000 0.000 0.000 0.000 -0.316 -0.943 -0.708 -0.134 0.000 0.000 0.000 
0.000 0.000 0.000 0.000 0.000 0.000 0.000 0.000 0.000 0.000 0.000 0.000 0.000 0.000 0.000 -0.126 -0.691 -0.952 -0.330 0.000 0.000 0.000 
0.000 0.000 0.000 0.000 0.000 0.000 0.000 0.000 0.000 0.000 0.000 0.000 0.000 0.000 0.000 0.000 -0.388 -0.980 -0.623 0.000 0.000 0.000 
0.000 0.000 0.000 0.000 0.000 0.000 0.000 0.000 0.000 0.000 0.000 0.000 0.000 0.000 0.000 0.000 -0.167 -0.773 -0.901 -0.265 0.000 0.000 
# 2 1 32 22
0.000 0.000 -0.207 -0.835 -0.849 -0.217 0.000 0.000 0.000 0.000 0.000 0.000 0.000 0.000 0.000 0.000 0.000 0.000 0.000 0.000 0.000 0.000 
0.000 0.000 0.000 -0.371 -0.973 -0.643 -0.107 0.000 0.000 0.000 0.000 0.000 0.000 0.000 0.000 0.000 0.000 0.000 0.000 0.000 0.000 0.000 
0.000 0.000 0.000 0.000 -0.582 -0.991 -0.426 0.000 0.000 0.000 0.000 0.000 0.000 0.000 0.000 0.000 0.000 0.000 0.000 0.000 0.000 0.000 
-0.118 0.000 0.000 0.000 -0.181 -0.797 -0.883 -0.246 0.000 0.000 0.000 0.000 0.000 0.000 0.000 0.000 0.000 0.000 0.000 0.000 0.000 0.000 
-0.451 0.000 0.000 0.000 0.000 -0.334 -0.954 -0.687 -0.125 0.000 0.000 0.000 0.000 0.000 0.000 0.000 0.000 0.000 0.000 0.000 0.000 0.000 
-0.902 -0.266 0.000 0.000 0.000 0.000 -0.537 -0.998 -0.467 0.000 0.000 0.000 0.000 0.000 0.000 0.000 0.000 0.000 0.000 0.000 0.000 0.000 
-0.940 -0.714 -0.137 0.000 0.000 0.000 -0.158 -0.756 -0.913 -0.278 0.000 0.000 0.000 0.000 0.000 0.000 0.000 0.000 0.000 0.000 0.000 0.000 
-0.510 -1.000 -0.494 0.000 0.000 0.000 0.000 -0.298 -0.930 -0.730 -0.144 0.000 0.000 0.000 0.000 0.000 0.000 0.000 0.000 0.000 0.000 0.000 
-0.144 -0.730 -0.930 -0.298 0.000 0.000 0.000 0.000 -0.494 -1.000 -0.510 0.000 0.000 0.000 0.000 0.000 0.000 0.000 0.000 0.000 0.000 0.000 
0.000 -0.278 -0.913 -0.756 -0.158 0.000 0.000 0.000 -0.137 -0.714 -0.940 -0.311 0.000 0.000 0.000 0.000 0.000 0.000 0.000 0.000 0.000 0.000 
0.000 0.000 -0.467 -0.998 -0.537 0.000 0.000 0.000 0.000 -0.266 -0.902 -0.772 -0.166 0.000 0.000 0.000 0.000 0.000 0.000 0.000 0.000 0.000 
0.000 0.000 -0.125 -0.687 -0.954 -0.334 0.000 0.000 0.000 0.000 -0.451 -0.996 -0.554 0.000 0.000 0.000 0.000 0.000 0.000 0.000 0.000 0.000 
0.000 0.000 0.000 -0.246 -0.883 -0.797 -0.181 0.000 0.000 0.000 -0.118 -0.670 -0.962 -0.348 0.000 0.000 0.000 0.000 0.000 0.000 0.000 0.000 
0.000 0.000 0.000 0.000 -0.426 -0.991 -0.582 0.000 0.000 0.000 0.000 -0.235 -0.870 -0.811 -0.191 0.000 0.000 0.000 0.000 0.000 0.000 0.000 
0.000 0.000 0.000 0.000 -0.107 -0.643 -0.973 -0.371 0.000 0.000 0.000 0.000 -0.410 -0.987 -0.598 0.000 0.000 0.000 0.000 0.000 0.000 0.000 
0.000 0.000 0.000 0.000 0.000 -0.217 -0.849 -0.835 -0.207 0.000 0.000 0.000 -0.101 -0.626 -0.979 -0.386 0.000 0.000 0.000 0.000 0.000 0.000 
0.000 0.000 0.000 0.000 0.000 0.000 -0.386 -0.979 -0.626 -0.101 0.000 0.000 0.000 -0.207 -0.835 -0.849 -0.217 0.000 0.000 0.000 0.000 0.000 
0.000 0.000 0.000 0.000 0.000 0.000 0.000 -0.598 -0.987 -0.410 0.000 0.000 0.000 0.000 -0.371 -0.973 -0.643 -0.107 0.000 0.000 0.000 0.000 
0.000 0.000 0.000 0.000 0.000 0.000 0.000 -0.191 -0.811 -0.870 -0.235 0.000 0.000 0.000 0.000 -0.582 -0.991 -0.426 0.000 0.000 0.000 0.000 
0.000 0.000 0.000 0.000 0.000 0.000 0.000 0.000 -0.348 -0.962 -0.670 -0.118 0.000 0.000 0.000 -0.181 -0.797 -0.883 -0.246 0.000 0.000 0.000 
0.000 0.000 0.000 0.000 0.000 0.000 0.000 0.000 0.000 -0.554 -0.996 -0.451 0.000 0.000 0.000 0.000 -0.334 -0.954 -0.687 -0.125 0.000 0.000 
0.000 0.000 0.000 0.000 0.000 0.000 0.000 0.000 0.000 -0.166 -0.772 -0.902 -0.266 0.000 0.000 0.000 0.000 -0.537 -0.998 -0.467 0.000 0.000 
0.000 0.000 0.000 0.000 0.000 0.000 0.000 0.000 0.000 0.000 -0.311 -0.940 -0.714 -0.137 0.000 0.000 0.000 -0.158 -0.756 -0.913 -0.278 0.000 
0.000 0.000 0.000 0.000 0.000 0.000 0.000 0.000 0.000 0.000 0.000 -0.510 -1.000 -0.494 0.000 0.000 0.000 0.000 -0.298 -0.930 -0.730 -0.144 
0.000 0.000 0.000 0.000 0.000 0.000 0.000 0.000 0.000 0.000 0.000 -0.144 -0.730 -0.930 -0.298 0.000 0.000 0.000 0.000 -0.494 -1.000 -0.510 
0.000 0.000 0.000 0.000 0.000 0.000 0.000 0.000 0.000 0.000 0.000 0.000 -0.278 -0.913 -0.756 -0.158 0.000 0.000 0.000 -0.137 -0.714 -0.940 
0.000 0.000 0.000 0.000 0.000 0.000 0.000 0.000 0.000 0.000 0.000 0.000 0.000 -0.467 -0.998 -0.537 0.000 0.000 0.000 0.000 -0.266 -0.902 
0.000 0.000 0.000 0.000 0.000 0.000 0.000 0.000 0.000 0.000 0.000 0.000 0.000 -0.125 -0.687 -0.954 -0.334 0.000 0.000 0.000 0.000 -0.451 
0.000 0.000 0.000 0.000 0.000 0.000 0.000 0.000 0.000 0.000 0.000 0.000 0.000 0.000 -0.246 -0.883 -0.797 -0.181 0.000 0.000 0.000 -0.118 
0.000 0.000 0.000 0.000 0.000 0.000 0.000 0.000 0.000 0.000 0.000 0.000 0.000 0.000 0.000 -0.426 -0.991 -0.582 0.000 0.000 0.000 0.000 
0.000 0.000 0.000 0.000 0.000 0.000 0.000 0.000 0.000 0.000 0.000 0.000 0.000 0.000 0.000 -0.107 -0.643 -0.973 -0.371 0.000 0.000 0.000 
0.000 0.000 0.000 0.000 0.000 0.000 0.000 0.000 0.000 0.000 0.000 0.000 0.000 0.000 0.000 0.000 -0.217 -0.849 -0.835 -0.207 0.000 0.000 
