3.312302
4
# 0 1 42 50
0.000 0.000 0.000 0.000 0.305 0.661 0.962 0.940 0.616 0.271 0.000 0.000 0.000 0.000 0.000 0.000 0.000 0.000 0.000 0.000 0.000 0.000 0.000 0.000 0.000 0.000 0.000 0.000 0.000 0.000 0.000 0.000 0.000 0.000 0.000 0.000 0.000 0.000 0.000 0.000 0.000 0.000 0.000 0.000 0.000 0.000 0.000 0.000 0.000 0.000 
0.000 0.000 0.000 0.000 0.000 0.251 0.588 0.924 0.973 0.688 0.327 0.104 0.000 0.000 0.000 0.000 0.000 0.000 0.000 0.000 0.000 0.000 0.000 0.000 0.000 0.000 0.000 0.000 0.000 0.000 0.000 0.000 0.000 0.000 0.000 0.000 0.000 0.000 0.000 0.000 0.000 0.000 0.000 0.000 0.000 0.000 0.000 0.000 0.000 0.000 
0.000 0.000 0.000 0.000 0.000 0.000 0.204 0.516 0.874 0.994 0.758 0.388 0.133 0.000 0.000 0.000 0.000 0.000 0.000 0.000 0.000 0.000 0.000 0.000 0.000 0.000 0.000 0.000 0.000 0.000 0.000 0.000 0.000 0.000 0.000 0.000 0.000 0.000 0.000 0.000 0.000 0.000 0.000 0.000 0.000 0.000 0.000 0.000 0.000 0.000 
0.239 0.000 0.000 0.000 0.000 0.000 0.000 0.164 0.446 0.815 1.000 0.823 0.455 0.169 0.000 0.000 0.000 0.000 0.000 0.000 0.000 0.000 0.000 0.000 0.000 0.000 0.000 0.000 0.000 0.000 0.000 0.000 0.000 0.000 0.000 0.000 0.000 0.000 0.000 0.000 0.000 0.000 0.000 0.000 0.000 0.000 0.000 0.000 0.000 0.000 
0.643 0.291 0.000 0.000 0.000 0.000 0.000 0.000 0.129 0.380 0.749 0.992 0.881 0.525 0.210 0.000 0.000 0.000 0.000 0.000 0.000 0.000 0.000 0.000 0.000 0.000 0.000 0.000 0.000 0.000 0.000 0.000 0.000 0.000 0.000 0.000 0.000 0.000 0.000 0.000 0.000 0.000 0.000 0.000 0.000 0.000 0.000 0.000 0.000 0.000 
0.982 0.715 0.349 0.114 0.000 0.000 0.000 0.000 0.000 0.101 0.319 0.679 0.970 0.929 0.598 0.258 0.000 0.000 0.000 0.000 0.000 0.000 0.000 0.000 0.000 0.000 0.000 0.000 0.000 0.000 0.000 0.000 0.000 0.000 0.000 0.000 0.000 0.000 0.000 0.000 0.000 0.000 0.000 0.000 0.000 0.000 0.000 0.000 0.000 0.000 
0.853 0.998 0.783 0.412 0.146 0.000 0.000 0.000 0.000 0.000 0.000 0.264 0.606 0.934 0.966 0.670 0.312 0.000 0.000 0.000 0.000 0.000 0.000 0.000 0.000 0.000 0.000 0.000 0.000 0.000 0.000 0.000 0.000 0.000 0.000 0.000 0.000 0.000 0.000 0.000 0.000 0.000 0.000 0.000 0.000 0.000 0.000 0.000 0.000 0.000 
0.421 0.791 0.999 0.846 0.480 0.183 0.000 0.000 0.000 0.000 0.000 0.000 0.215 0.534 0.887 0.990 0.741 0.372 0.126 0.000 0.000 0.000 0.000 0.000 0.000 0.000 0.000 0.000 0.000 0.000 0.000 0.000 0.000 0.000 0.000 0.000 0.000 0.000 0.000 0.000 0.000 0.000 0.000 0.000 0.000 0.000 0.000 0.000 0.000 0.000 
0.118 0.357 0.724 0.985 0.900 0.552 0.227 0.000 0.000 0.000 0.000 0.000 0.000 0.173 0.463 0.831 1.000 0.808 0.438 0.159 0.000 0.000 0.000 0.000 0.000 0.000 0.000 0.000 0.000 0.000 0.000 0.000 0.000 0.000 0.000 0.000 0.000 0.000 0.000 0.000 0.000 0.000 0.000 0.000 0.000 0.000 0.000 0.000 0.000 0.000 
0.000 0.000 0.298 0.652 0.958 0.944 0.625 0.277 0.000 0.000 0.000 0.000 0.000 0.000 0.137 0.396 0.766 0.995 0.867 0.507 0.199 0.000 0.000 0.000 0.000 0.000 0.000 0.000 0.000 0.000 0.000 0.000 0.000 0.000 0.000 0.000 0.000 0.000 0.000 0.000 0.000 0.000 0.000 0.000 0.000 0.000 0.000 0.000 0.000 0.000 
0.000 0.000 0.000 0.245 0.579 0.918 0.976 0.697 0.334 0.107 0.000 0.000 0.000 0.000 0.000 0.107 0.334 0.697 0.976 0.918 0.579 0.245 0.000 0.000 0.000 0.000 0.000 0.000 0.000 0.000 0.000 0.000 0.000 0.000 0.000 0.000 0.000 0.000 0.000 0.000 0.000 0.000 0.000 0.000 0.000 0.000 0.000 0.000 0.000 0.000 
0.000 0.000 0.000 0.000 0.199 0.507 0.867 0.995 0.766 0.396 0.137 0.000 0.000 0.000 0.000 0.000 0.000 0.277 0.625 0.944 0.958 0.652 0.298 0.000 0.000 0.000 0.000 0.000 0.000 0.000 0.000 0.000 0.000 0.000 0.000 0.000 0.000 0.000 0.000 0.000 0.000 0.000 0.000 0.000 0.000 0.000 0.000 0.000 0.000 0.000 
0.000 0.000 0.000 0.000 0.000 0.159 0.438 0.808 1.000 0.831 0.463 0.173 0.000 0.000 0.000 0.000 0.000 0.000 0.227 0.552 0.900 0.985 0.724 0.357 0.118 0.000 0.000 0.000 0.000 0.000 0.000 0.000 0.000 0.000 0.000 0.000 0.000 0.000 0.000 0.000 0.000 0.000 0.000 0.000 0.000 0.000 0.000 0.000 0.000 0.000 
0.000 0.000 0.000 0.000 0.000 0.000 0.126 0.372 0.741 0.990 0.887 0.534 0.215 0.000 0.000 0.000 0.000 0.000 0.000 0.183 0.480 0.846 0.999 0.791 0.421 0.150 0.000 0.000 0.000 0.000 0.000 0.000 0.000 0.000 0.000 0.000 0.000 0.000 0.000 0.000 0.000 0.000 0.000 0.000 0.000 0.000 0.000 0.000 0.000 0.000 
0.000 0.000 0.000 0.000 0.000 0.000 0.000 0.000 0.312 0.670 0.966 0.934 0.606 0.264 0.000 0.000 0.000 0.000 0.000 0.000 0.146 0.412 0.783 0.998 0.853 0.490 0.189 0.000 0.000 0.000 0.000 0.000 0.000 0.000 0.000 0.000 0.000 0.000 0.000 0.000 0.000 0.000 0.000 0.000 0.000 0.000 0.000 0.000 0.000 0.000 
0.000 0.000 0.000 0.000 0.000 0.000 0.000 0.000 0.000 0.258 0.598 0.929 0.970 0.679 0.319 0.101 0.000 0.000 0.000 0.000 0.000 0.114 0.349 0.715 0.982 0.906 0.561 0.233 0.000 0.000 0.000 0.000 0.000 0.000 0.000 0.000 0.000 0.000 0.000 0.000 0.000 0.000 0.000 0.000 0.000 0.000 0.000 0.000 0.000 0.000 
0.000 0.000 0.000 0.000 0.000 0.000 0.000 0.000 0.000 0.000 0.210 0.525 0.881 0.992 0.749 0.380 0.129 0.000 0.000 0.000 0.000 0.000 0.000 0.291 0.643 0.954 0.949 0.634 0.284 0.000 0.000 0.000 0.000 0.000 0.000 0.000 0.000 0.000 0.000 0.000 0.000 0.000 0.000 0.000 0.000 0.000 0.000 0.000 0.000 0.000 
0.000 0.000 0.000 0.000 0.000 0.000 0.000 0.000 0.000 0.000 0.000 0.169 0.455 0.823 1.000 0.815 0.446 0.164 0.000 0.000 0.000 0.000 0.000 0.000 0.239 0.570 0.912 0.980 0.706 0.342 0.111 0.000 0.000 0.000 0.000 0.000 0.000 0.000 0.000 0.000 0.000 0.000 0.000 0.000 0.000 0.000 0.000 0.000 0.000 0.000 
0.000 0.000 0.000 0.000 0.000 0.000 0.000 0.000 0.000 0.000 0.000 0.000 0.133 0.388 0.758 0.994 0.874 0.516 0.204 0.000 0.000 0.000 0.000 0.000 0.000 0.194 0.498 0.860 0.997 0.775 0.404 0.142 0.000 0.000 0.000 0.000 0.000 0.000 0.000 0.000 0.000 0.000 0.000 0.000 0.000 0.000 0.000 0.000 0.000 0.000 
0.000 0.000 0.000 0.000 0.000 0.000 0.000 0.000 0.000 0.000 0.000 0.000 0.000 0.104 0.327 0.688 0.973 0.924 0.588 0.251 0.000 0.000 0.000 0.000 0.000 0.000 0.154 0.429 0.799 0.999 0.838 0.472 0.178 0.000 0.000 0.000 0.000 0.000 0.000 0.000 0.000 0.000 0.000 0.000 0.000 0.000 0.000 0.000 0.000 0.000 
0.000 0.000 0.000 0.000 0.000 0.000 0.000 0.000 0.000 0.000 0.000 0.000 0.000 0.000 0.000 0.271 0.616 0.940 0.962 0.661 0.305 0.000 0.000 0.000 0.000 0.000 0.000 0.122 0.364 0.732 0.988 0.894 0.543 0.221 0.000 0.000 0.000 0.000 0.000 0.000 0.000 0.000 0.000 0.000 0.000 0.000 0.000 0.000 0.000 0.000 
0.000 0.000 0.000 0.000 0.000 0.000 0.000 0.000 0.000 0.000 0.000 0.000 0.000 0.000 0.000 0.000 0.221 0.543 0.894 0.988 0.732 0.364 0.122 0.000 0.000 0.000 0.000 0.000 0.000 0.305 0.661 0.962 0.940 0.616 0.271 0.000 0.000 0.000 0.000 0.000 0.000 0.000 0.000 0.000 0.000 0.000 0.000 0.000 0.000 0.000 
0.000 0.000 0.000 0.000 0.000 0.000 0.000 0.000 0.000 0.000 0.000 0.000 0.000 0.000 0.000 0.000 0.000 0.178 0.472 0.838 0.999 0.799 0.429 0.154 0.000 0.000 0.000 0.000 0.000 0.000 0.251 0.588 0.924 0.973 0.688 0.327 0.104 0.000 0.000 0.000 0.000 0.000 0.000 0.000 0.000 0.000 0.000 0.000 0.000 0.000 
0.000 0.000 0.000 0.000 0.000 0.000 0.000 0.000 0.000 0.000 0.000 0.000 0.000 0.000 0.000 0.000 0.000 0.000 0.142 0.404 0.775 0.997 0.860 0.498 0.194 0.000 0.000 0.000 0.000 0.000 0.000 0.204 0.516 0.874 0.994 0.758 0.388 0.133 0.000 0.000 0.000 0.000 0.000 0.000 0.000 0.000 0.000 0.000 0.000 0.000 
0.000 0.000 0.000 0.000 0.000 0.000 0.000 0.000 0.000 0.000 0.000 0.000 0.000 0.000 0.000 0.000 0.000 0.000 0.000 0.111 0.342 0.706 0.980 0.912 0.570 0.239 0.000 0.000 0.000 0.000 0.000 0.000 0.164 0.446 0.815 1.000 0.823 0.455 0.169 0.000 0.000 0.000 0.000 0.000 0.000 0.000 0.000 0.000 0.000 0.000 
0.000 0.000 0.000 0.000 0.000 0.000 0.000 0.000 0.000 0.000 0.000 0.000 0.000 0.000 0.000 0.000 0.000 0.000 0.000 0.000 0.000 0.284 0.634 0.949 0.954 0.643 0.291 0.000 0.000 0.000 0.000 0.000 0.000 0.129 0.380 0.749 0.992 0.881 0.525 0.210 0.000 0.000 0.000 0.000 0.000 0.000 0.000 0.000 0.000 0.000 
0.000 0.000 0.000 0.000 0.000 0.000 0.000 0.000 0.000 0.000 0.000 0.000 0.000 0.000 0.000 0.000 0.000 0.000 0.000 0.000 0.000 0.000 0.233 0.561 0.906 0.982 0.715 0.349 0.114 0.000 0.000 0.000 0.000 0.000 0.101 0.319 0.679 0.970 0.929 0.598 0.258 0.000 0.000 0.000 0.000 0.000 0.000 0.000 0.000 0.000 
0.000 0.000 0.000 0.000 0.000 0.000 0.000 0.000 0.000 0.000 0.000 0.000 0.000 0.000 0.000 0.000 0.000 0.000 0.000 0.000 0.000 0.000 0.000 0.189 0.490 0.853 0.998 0.783 0.412 0.146 0.000 0.000 0.000 0.000 0.000 0.000 0.264 0.606 0.934 0.966 0.670 0.312 0.000 0.000 0.000 0.000 0.000 0.000 0.000 0.000 
0.000 0.000 0.000 0.000 0.000 0.000 0.000 0.000 0.000 0.000 0.000 0.000 0.000 0.000 0.000 0.000 0.000 0.000 0.000 0.000 0.000 0.000 0.000 0.000 0.150 0.421 0.791 0.999 0.846 0.480 0.183 0.000 0.000 0.000 0.000 0.000 0.000 0.215 0.534 0.887 0.990 0.741 0.372 0.126 0.000 0.000 0.000 0.000 0.000 0.000 
0.000 0.000 0.000 0.000 0.000 0.000 0.000 0.000 0.000 0.000 0.000 0.000 0.000 0.000 0.000 0.000 0.000 0.000 0.000 0.000 0.000 0.000 0.000 0.000 0.000 0.118 0.357 0.724 0.985 0.900 0.552 0.227 0.000 0.000 0.000 0.000 0.000 0.000 0.173 0.463 0.831 1.000 0.808 0.438 0.159 0.000 0.000 0.000 0.000 0.000 
0.000 0.000 0.000 0.000 0.000 0.000 0.000 0.000 0.000 0.000 0.000 0.000 0.000 0.000 0.000 0.000 0.000 0.000 0.000 0.000 0.000 0.000 0.000 0.000 0.000 0.000 0.000 0.298 0.652 0.958 0.944 0.625 0.277 0.000 0.000 0.000 0.000 0.000 0.000 0.137 0.396 0.766 0.995 0.867 0.507 0.199 0.000 0.000 0.000 0.000 
0.000 0.000 0.000 0.000 0.000 0.000 0.000 0.000 0.000 0.000 0.000 0.000 0.000 0.000 0.000 0.000 0.000 0.000 0.000 0.000 0.000 0.000 0.000 0.000 0.000 0.000 0.000 0.000 0.245 0.579 0.918 0.976 0.697 0.334 0.107 0.000 0.000 0.000 0.000 0.000 0.107 0.334 0.697 0.976 0.918 0.579 0.245 0.000 0.000 0.000 
0.000 0.000 0.000 0.000 0.000 0.000 0.000 0.000 0.000 0.000 0.000 0.000 0.000 0.000 0.000 0.000 0.000 0.000 0.000 0.000 0.000 0.000 0.000 0.000 0.000 0.000 0.000 0.000 0.000 0.199 0.507 0.867 0.995 0.766 0.396 0.137 0.000 0.000 0.000 0.000 0.000 0.000 0.277 0.625 0.944 0.958 0.652 0.298 0.000 0.000 
0.000 0.000 0.000 0.000 0.000 0.000 0.000 0.000 0.000 0.000 0.000 0.000 0.000 0.000 0.000 0.000 0.000 0.000 0.000 0.000 0.000 0.000 0.000 0.000 0.000 0.000 0.000 0.000 0.000 0.000 0.159 0.438 0.808 1.000 0.831 0.463 0.173 0.000 0.000 0.000 0.000 0.000 0.000 0.227 0.552 0.900 0.985 0.724 0.357 0.118 
0.000 0.000 0.000 0.000 0.000 0.000 0.000 0.000 0.000 0.000 0.000 0.000 0.000 0.000 0.000 0.000 0.000 0.000 0.000 0.000 0.000 0.000 0.000 0.000 0.000 0.000 0.000 0.000 0.000 0.000 0.000 0.126 0.372 0.741 0.990 0.887 0.534 0.215 0.000 0.000 0.000 0.000 0.000 0.000 0.183 0.480 0.846 0.999 0.791 0.421 
0.000 0.000 0.000 0.000 0.000 0.000 0.000 0.000 0.000 0.000 0.000 0.000 0.000 0.000 0.000 0.000 0.000 0.000 0.000 0.000 0.000 0.000 0.000 0.000 0.000 0.000 0.000 0.000 0.000 0.000 0.000 0.000 0.000 0.312 0.670 0.966 0.934 0.606 0.264 0.000 0.000 0.000 0.000 0.000 0.000 0.146 0.412 0.783 0.998 0.853 
0.000 0.000 0.000 0.000 0.000 0.000 0.000 0.000 0.000 0.000 0.000 0.000 0.000 0.000 0.000 0.000 0.000 0.000 0.000 0.000 0.000 0.000 0.000 0.000 0.000 0.000 0.000 0.000 0.000 0.000 0.000 0.000 0.000 0.000 0.258 0.598 0.929 0.970 0.679 0.319 0.101 0.000 0.000 0.000 0.000 0.000 0.114 0.349 0.715 0.982 
0.000 0.000 0.000 0.000 0.000 0.000 0.000 0.000 0.000 0.000 0.000 0.000 0.000 0.000 0.000 0.000 0.000 0.000 0.000 0.000 0.000 0.000 0.000 0.000 0.000 0.000 0.000 0.000 0.000 0.000 0.000 0.000 0.000 0.000 0.000 0.210 0.525 0.881 0.992 0.749 0.380 0.129 0.000 0.000 0.000 0.000 0.000 0.000 0.291 0.643 
0.000 0.000 0.000 0.000 0.000 0.000 0.000 0.000 0.000 0.000 0.000 0.000 0.000 0.000 0.000 0.000 0.000 0.000 0.000 0.000 0.000 0.000 0.000 0.000 0.000 0.000 0.000 0.000 0.000 0.000 0.000 0.000 0.000 0.000 0.000 0.000 0.169 0.455 0.823 1.000 0.815 0.446 0.164 0.000 0.000 0.000 0.000 0.000 0.000 0.239 
0.000 0.000 0.000 0.000 0.000 0.000 0.000 0.000 0.000 0.000 0.000 0.000 0.000 0.000 0.000 0.000 0.000 0.000 0.000 0.000 0.000 0.000 0.000 0.000 0.000 0.000 0.000 0.000 0.000 0.000 0.000 0.000 0.000 0.000 0.000 0.000 0.000 0.133 0.388 0.758 0.994 0.874 0.516 0.204 0.000 0.000 0.000 0.000 0.000 0.000 
0.000 0.000 0.000 0.000 0.000 0.000 0.000 0.000 0.000 0.000 0.000 0.000 0.000 0.000 0.000 0.000 0.000 0.000 0.000 0.000 0.000 0.000 0.000 0.000 0.000 0.000 0.000 0.000 0.000 0.000 0.000 0.000 0.000 0.000 0.000 0.000 0.000 0.000 0.104 0.327 0.688 0.973 0.924 0.588 0.251 0.000 0.000 0.000 0.000 0.000 
0.000 0.000 0.000 0.000 0.000 0.000 0.000 0.000 0.000 0.000 0.000 0.000 0.000 0.000 0.000 0.000 0.000 0.000 0.000 0.000 0.000 0.000 0.000 0.000 0.000 0.000 0.000 0.000 0.000 0.000 0.000 0.000 0.000 0.000 0.000 0.000 0.000 0.000 0.000 0.000 0.271 0.616 0.940 0.962 0.661 0.305 0.000 0.000 0.000 0.000 
# 0 2 41 50
0.000 0.000 0.000 0.000 0.300 0.655 0.959 0.943 0.621 0.275 0.000 0.000 0.000 0.000 0.000 0.000 0.000 0.000 0.000 0.000 0.000 0.000 0.000 0.000 0.000 0.000 0.000 0.000 0.000 0.000 0.000 0.000 0.000 0.000 0.000 0.000 0.000 0.000 0.000 0.000 0.000 0.000 0.000 0.000 0.000 0.000 0.000 0.000 0.000 0.000 
0.000 0.000 0.000 0.000 0.000 0.240 0.571 0.913 0.979 0.705 0.340 0.110 0.000 0.000 0.000 0.000 0.000 0.000 0.000 0.000 0.000 0.000 0.000 0.000 0.000 0.000 0.000 0.000 0.000 0.000 0.000 0.000 0.000 0.000 0.000 0.000 0.000 0.000 0.000 0.000 0.000 0.000 0.000 0.000 0.000 0.000 0.000 0.000 0.000 0.000 
0.000 0.000 0.000 0.000 0.000 0.000 0.188 0.489 0.852 0.998 0.784 0.413 0.146 0.000 0.000 0.000 0.000 0.000 0.000 0.000 0.000 0.000 0.000 0.000 0.000 0.000 0.000 0.000 0.000 0.000 0.000 0.000 0.000 0.000 0.000 0.000 0.000 0.000 0.000 0.000 0.000 0.000 0.000 0.000 0.000 0.000 0.000 0.000 0.000 0.000 
0.266 0.000 0.000 0.000 0.000 0.000 0.000 0.145 0.410 0.781 0.997 0.855 0.492 0.190 0.000 0.000 0.000 0.000 0.000 0.000 0.000 0.000 0.000 0.000 0.000 0.000 0.000 0.000 0.000 0.000 0.000 0.000 0.000 0.000 0.000 0.000 0.000 0.000 0.000 0.000 0.000 0.000 0.000 0.000 0.000 0.000 0.000 0.000 0.000 0.000 
0.692 0.330 0.106 0.000 0.000 0.000 0.000 0.000 0.109 0.338 0.701 0.978 0.915 0.575 0.242 0.000 0.000 0.000 0.000 0.000 0.000 0.000 0.000 0.000 0.000 0.000 0.000 0.000 0.000 0.000 0.000 0.000 0.000 0.000 0.000 0.000 0.000 0.000 0.000 0.000 0.000 0.000 0.000 0.000 0.000 0.000 0.000 0.000 0.000 0.000 
0.996 0.772 0.402 0.140 0.000 0.000 0.000 0.000 0.000 0.000 0.273 0.618 0.941 0.961 0.659 0.303 0.000 0.000 0.000 0.000 0.000 0.000 0.000 0.000 0.000 0.000 0.000 0.000 0.000 0.000 0.000 0.000 0.000 0.000 0.000 0.000 0.000 0.000 0.000 0.000 0.000 0.000 0.000 0.000 0.000 0.000 0.000 0.000 0.000 0.000 
0.792 0.999 0.845 0.480 0.183 0.000 0.000 0.000 0.000 0.000 0.000 0.216 0.534 0.888 0.990 0.740 0.372 0.125 0.000 0.000 0.000 0.000 0.000 0.000 0.000 0.000 0.000 0.000 0.000 0.000 0.000 0.000 0.000 0.000 0.000 0.000 0.000 0.000 0.000 0.000 0.000 0.000 0.000 0.000 0.000 0.000 0.000 0.000 0.000 0.000 
0.348 0.714 0.982 0.907 0.562 0.234 0.000 0.000 0.000 0.000 0.000 0.000 0.168 0.453 0.822 1.000 0.817 0.447 0.165 0.000 0.000 0.000 0.000 0.000 0.000 0.000 0.000 0.000 0.000 0.000 0.000 0.000 0.000 0.000 0.000 0.000 0.000 0.000 0.000 0.000 0.000 0.000 0.000 0.000 0.000 0.000 0.000 0.000 0.000 0.000 
0.000 0.282 0.631 0.947 0.955 0.646 0.293 0.000 0.000 0.000 0.000 0.000 0.000 0.128 0.377 0.746 0.991 0.883 0.528 0.212 0.000 0.000 0.000 0.000 0.000 0.000 0.000 0.000 0.000 0.000 0.000 0.000 0.000 0.000 0.000 0.000 0.000 0.000 0.000 0.000 0.000 0.000 0.000 0.000 0.000 0.000 0.000 0.000 0.000 0.000 
0.000 0.000 0.224 0.547 0.897 0.987 0.728 0.361 0.120 0.000 0.000 0.000 0.000 0.000 0.000 0.308 0.665 0.964 0.937 0.612 0.268 0.000 0.000 0.000 0.000 0.000 0.000 0.000 0.000 0.000 0.000 0.000 0.000 0.000 0.000 0.000 0.000 0.000 0.000 0.000 0.000 0.000 0.000 0.000 0.000 0.000 0.000 0.000 0.000 0.000 
0.000 0.000 0.000 0.174 0.465 0.832 1.000 0.806 0.436 0.158 0.000 0.000 0.000 0.000 0.000 0.000 0.246 0.581 0.919 0.976 0.695 0.333 0.107 0.000 0.000 0.000 0.000 0.000 0.000 0.000 0.000 0.000 0.000 0.000 0.000 0.000 0.000 0.000 0.000 0.000 0.000 0.000 0.000 0.000 0.000 0.000 0.000 0.000 0.000 0.000 
0.000 0.000 0.000 0.000 0.133 0.388 0.758 0.994 0.874 0.516 0.204 0.000 0.000 0.000 0.000 0.000 0.000 0.193 0.498 0.860 0.997 0.775 0.405 0.142 0.000 0.000 0.000 0.000 0.000 0.000 0.000 0.000 0.000 0.000 0.000 0.000 0.000 0.000 0.000 0.000 0.000 0.000 0.000 0.000 0.000 0.000 0.000 0.000 0.000 0.000 
0.000 0.000 0.000 0.000 0.000 0.000 0.318 0.677 0.969 0.930 0.599 0.259 0.000 0.000 0.000 0.000 0.000 0.000 0.149 0.419 0.789 0.998 0.848 0.483 0.185 0.000 0.000 0.000 0.000 0.000 0.000 0.000 0.000 0.000 0.000 0.000 0.000 0.000 0.000 0.000 0.000 0.000 0.000 0.000 0.000 0.000 0.000 0.000 0.000 0.000 
0.000 0.000 0.000 0.000 0.000 0.000 0.000 0.255 0.593 0.927 0.971 0.683 0.322 0.102 0.000 0.000 0.000 0.000 0.000 0.113 0.345 0.710 0.981 0.909 0.565 0.236 0.000 0.000 0.000 0.000 0.000 0.000 0.000 0.000 0.000 0.000 0.000 0.000 0.000 0.000 0.000 0.000 0.000 0.000 0.000 0.000 0.000 0.000 0.000 0.000 
0.000 0.000 0.000 0.000 0.000 0.000 0.000 0.000 0.201 0.510 0.870 0.995 0.764 0.393 0.136 0.000 0.000 0.000 0.000 0.000 0.000 0.279 0.627 0.946 0.957 0.649 0.296 0.000 0.000 0.000 0.000 0.000 0.000 0.000 0.000 0.000 0.000 0.000 0.000 0.000 0.000 0.000 0.000 0.000 0.000 0.000 0.000 0.000 0.000 0.000 
0.000 0.000 0.000 0.000 0.000 0.000 0.000 0.000 0.000 0.155 0.430 0.800 0.999 0.837 0.471 0.178 0.000 0.000 0.000 0.000 0.000 0.000 0.222 0.544 0.894 0.987 0.732 0.364 0.121 0.000 0.000 0.000 0.000 0.000 0.000 0.000 0.000 0.000 0.000 0.000 0.000 0.000 0.000 0.000 0.000 0.000 0.000 0.000 0.000 0.000 
0.000 0.000 0.000 0.000 0.000 0.000 0.000 0.000 0.000 0.000 0.118 0.356 0.723 0.985 0.901 0.553 0.228 0.000 0.000 0.000 0.000 0.000 0.000 0.173 0.462 0.830 1.000 0.809 0.439 0.160 0.000 0.000 0.000 0.000 0.000 0.000 0.000 0.000 0.000 0.000 0.000 0.000 0.000 0.000 0.000 0.000 0.000 0.000 0.000 0.000 
0.000 0.000 0.000 0.000 0.000 0.000 0.000 0.000 0.000 0.000 0.000 0.000 0.289 0.640 0.952 0.951 0.637 0.286 0.000 0.000 0.000 0.000 0.000 0.000 0.132 0.385 0.755 0.993 0.877 0.519 0.206 0.000 0.000 0.000 0.000 0.000 0.000 0.000 0.000 0.000 0.000 0.000 0.000 0.000 0.000 0.000 0.000 0.000 0.000 0.000 
0.000 0.000 0.000 0.000 0.000 0.000 0.000 0.000 0.000 0.000 0.000 0.000 0.000 0.230 0.556 0.903 0.984 0.719 0.353 0.116 0.000 0.000 0.000 0.000 0.000 0.000 0.315 0.674 0.968 0.932 0.603 0.261 0.000 0.000 0.000 0.000 0.000 0.000 0.000 0.000 0.000 0.000 0.000 0.000 0.000 0.000 0.000 0.000 0.000 0.000 
0.000 0.000 0.000 0.000 0.000 0.000 0.000 0.000 0.000 0.000 0.000 0.000 0.000 0.000 0.179 0.474 0.840 0.999 0.797 0.427 0.153 0.000 0.000 0.000 0.000 0.000 0.000 0.253 0.590 0.925 0.973 0.686 0.325 0.103 0.000 0.000 0.000 0.000 0.000 0.000 0.000 0.000 0.000 0.000 0.000 0.000 0.000 0.000 0.000 0.000 
0.000 0.000 0.000 0.000 0.000 0.000 0.000 0.000 0.000 0.000 0.000 0.000 0.000 0.000 0.000 0.137 0.396 0.767 0.995 0.867 0.507 0.199 0.000 0.000 0.000 0.000 0.000 0.000 0.199 0.507 0.867 0.995 0.767 0.396 0.137 0.000 0.000 0.000 0.000 0.000 0.000 0.000 0.000 0.000 0.000 0.000 0.000 0.000 0.000 0.000 
0.000 0.000 0.000 0.000 0.000 0.000 0.000 0.000 0.000 0.000 0.000 0.000 0.000 0.000 0.000 0.000 0.103 0.325 0.686 0.973 0.925 0.590 0.253 0.000 0.000 0.000 0.000 0.000 0.000 0.153 0.427 0.797 0.999 0.840 0.474 0.179 0.000 0.000 0.000 0.000 0.000 0.000 0.000 0.000 0.000 0.000 0.000 0.000 0.000 0.000 
0.000 0.000 0.000 0.000 0.000 0.000 0.000 0.000 0.000 0.000 0.000 0.000 0.000 0.000 0.000 0.000 0.000 0.000 0.261 0.603 0.932 0.968 0.674 0.315 0.000 0.000 0.000 0.000 0.000 0.000 0.116 0.353 0.719 0.984 0.903 0.556 0.230 0.000 0.000 0.000 0.000 0.000 0.000 0.000 0.000 0.000 0.000 0.000 0.000 0.000 
0.000 0.000 0.000 0.000 0.000 0.000 0.000 0.000 0.000 0.000 0.000 0.000 0.000 0.000 0.000 0.000 0.000 0.000 0.000 0.206 0.519 0.877 0.993 0.755 0.385 0.132 0.000 0.000 0.000 0.000 0.000 0.000 0.286 0.637 0.951 0.952 0.640 0.289 0.000 0.000 0.000 0.000 0.000 0.000 0.000 0.000 0.000 0.000 0.000 0.000 
0.000 0.000 0.000 0.000 0.000 0.000 0.000 0.000 0.000 0.000 0.000 0.000 0.000 0.000 0.000 0.000 0.000 0.000 0.000 0.000 0.160 0.439 0.809 1.000 0.830 0.462 0.173 0.000 0.000 0.000 0.000 0.000 0.000 0.228 0.553 0.901 0.985 0.723 0.356 0.118 0.000 0.000 0.000 0.000 0.000 0.000 0.000 0.000 0.000 0.000 
0.000 0.000 0.000 0.000 0.000 0.000 0.000 0.000 0.000 0.000 0.000 0.000 0.000 0.000 0.000 0.000 0.000 0.000 0.000 0.000 0.000 0.121 0.364 0.732 0.987 0.894 0.544 0.222 0.000 0.000 0.000 0.000 0.000 0.000 0.178 0.471 0.837 0.999 0.800 0.430 0.155 0.000 0.000 0.000 0.000 0.000 0.000 0.000 0.000 0.000 
0.000 0.000 0.000 0.000 0.000 0.000 0.000 0.000 0.000 0.000 0.000 0.000 0.000 0.000 0.000 0.000 0.000 0.000 0.000 0.000 0.000 0.000 0.000 0.296 0.649 0.957 0.946 0.627 0.279 0.000 0.000 0.000 0.000 0.000 0.000 0.136 0.393 0.764 0.995 0.870 0.510 0.201 0.000 0.000 0.000 0.000 0.000 0.000 0.000 0.000 
0.000 0.000 0.000 0.000 0.000 0.000 0.000 0.000 0.000 0.000 0.000 0.000 0.000 0.000 0.000 0.000 0.000 0.000 0.000 0.000 0.000 0.000 0.000 0.000 0.236 0.565 0.909 0.981 0.710 0.345 0.113 0.000 0.000 0.000 0.000 0.000 0.102 0.322 0.683 0.971 0.927 0.593 0.255 0.000 0.000 0.000 0.000 0.000 0.000 0.000 
0.000 0.000 0.000 0.000 0.000 0.000 0.000 0.000 0.000 0.000 0.000 0.000 0.000 0.000 0.000 0.000 0.000 0.000 0.000 0.000 0.000 0.000 0.000 0.000 0.000 0.185 0.483 0.848 0.998 0.789 0.419 0.149 0.000 0.000 0.000 0.000 0.000 0.000 0.259 0.599 0.930 0.969 0.677 0.318 0.000 0.000 0.000 0.000 0.000 0.000 
0.000 0.000 0.000 0.000 0.000 0.000 0.000 0.000 0.000 0.000 0.000 0.000 0.000 0.000 0.000 0.000 0.000 0.000 0.000 0.000 0.000 0.000 0.000 0.000 0.000 0.000 0.142 0.405 0.775 0.997 0.860 0.498 0.193 0.000 0.000 0.000 0.000 0.000 0.000 0.204 0.516 0.874 0.994 0.758 0.388 0.133 0.000 0.000 0.000 0.000 
0.000 0.000 0.000 0.000 0.000 0.000 0.000 0.000 0.000 0.000 0.000 0.000 0.000 0.000 0.000 0.000 0.000 0.000 0.000 0.000 0.000 0.000 0.000 0.000 0.000 0.000 0.000 0.107 0.333 0.695 0.976 0.919 0.581 0.246 0.000 0.000 0.000 0.000 0.000 0.000 0.158 0.436 0.806 1.000 0.832 0.465 0.174 0.000 0.000 0.000 
0.000 0.000 0.000 0.000 0.000 0.000 0.000 0.000 0.000 0.000 0.000 0.000 0.000 0.000 0.000 0.000 0.000 0.000 0.000 0.000 0.000 0.000 0.000 0.000 0.000 0.000 0.000 0.000 0.000 0.268 0.612 0.937 0.964 0.665 0.308 0.000 0.000 0.000 0.000 0.000 0.000 0.120 0.361 0.728 0.987 0.897 0.547 0.224 0.000 0.000 
0.000 0.000 0.000 0.000 0.000 0.000 0.000 0.000 0.000 0.000 0.000 0.000 0.000 0.000 0.000 0.000 0.000 0.000 0.000 0.000 0.000 0.000 0.000 0.000 0.000 0.000 0.000 0.000 0.000 0.000 0.212 0.528 0.883 0.991 0.746 0.377 0.128 0.000 0.000 0.000 0.000 0.000 0.000 0.293 0.646 0.955 0.947 0.631 0.282 0.000 
0.000 0.000 0.000 0.000 0.000 0.000 0.000 0.000 0.000 0.000 0.000 0.000 0.000 0.000 0.000 0.000 0.000 0.000 0.000 0.000 0.000 0.000 0.000 0.000 0.000 0.000 0.000 0.000 0.000 0.000 0.000 0.165 0.447 0.817 1.000 0.822 0.453 0.168 0.000 0.000 0.000 0.000 0.000 0.000 0.234 0.562 0.907 0.982 0.714 0.348 
0.000 0.000 0.000 0.000 0.000 0.000 0.000 0.000 0.000 0.000 0.000 0.000 0.000 0.000 0.000 0.000 0.000 0.000 0.000 0.000 0.000 0.000 0.000 0.000 0.000 0.000 0.000 0.000 0.000 0.000 0.000 0.000 0.125 0.372 0.740 0.990 0.888 0.534 0.216 0.000 0.000 0.000 0.000 0.000 0.000 0.183 0.480 0.845 0.999 0.792 
0.000 0.000 0.000 0.000 0.000 0.000 0.000 0.000 0.000 0.000 0.000 0.000 0.000 0.000 0.000 0.000 0.000 0.000 0.000 0.000 0.000 0.000 0.000 0.000 0.000 0.000 0.000 0.000 0.000 0.000 0.000 0.000 0.000 0.000 0.303 0.659 0.961 0.941 0.618 0.273 0.000 0.000 0.000 0.000 0.000 0.000 0.140 0.402 0.772 0.996 
0.000 0.000 0.000 0.000 0.000 0.000 0.000 0.000 0.000 0.000 0.000 0.000 0.000 0.000 0.000 0.000 0.000 0.000 0.000 0.000 0.000 0.000 0.000 0.000 0.000 0.000 0.000 0.000 0.000 0.000 0.000 0.000 0.000 0.000 0.000 0.242 0.575 0.915 0.978 0.701 0.338 0.109 0.000 0.000 0.000 0.000 0.000 0.106 0.330 0.692 
0.000 0.000 0.000 0.000 0.000 0.000 0.000 0.000 0.000 0.000 0.000 0.000 0.000 0.000 0.000 0.000 0.000 0.000 0.000 0.000 0.000 0.000 0.000 0.000 0.000 0.000 0.000 0.000 0.000 0.000 0.000 0.000 0.000 0.000 0.000 0.000 0.190 0.492 0.855 0.997 0.781 0.410 0.145 0.000 0.000 0.000 0.000 0.000 0.000 0.266 
0.000 0.000 0.000 0.000 0.000 0.000 0.000 0.000 0.000 0.000 0.000 0.000 0.000 0.000 0.000 0.000 0.000 0.000 0.000 0.000 0.000 0.000 0.000 0.000 0.000 0.000 0.000 0.000 0.000 0.000 0.000 0.000 0.000 0.000 0.000 0.000 0.000 0.146 0.413 0.784 0.998 0.852 0.489 0.188 0.000 0.000 0.000 0.000 0.000 0.000 
0.000 0.000 0.000 0.000 0.000 0.000 0.000 0.000 0.000 0.000 0.000 0.000 0.000 0.000 0.000 0.000 0.000 0.000 0.000 0.000 0.000 0.000 0.000 0.000 0.000 0.000 0.000 0.000 0.000 0.000 0.000 0.000 0.000 0.000 0.000 0.000 0.000 0.000 0.110 0.340 0.705 0.979 0.913 0.571 0.240 0.000 0.000 0.000 0.000 0.000 
0.000 0.000 0.000 0.000 0.000 0.000 0.000 0.000 0.000 0.000 0.000 0.000 0.000 0.000 0.000 0.000 0.000 0.000 0.000 0.000 0.000 0.000 0.000 0.000 0.000 0.000 0.000 0.000 0.000 0.000 0.000 0.000 0.000 0.000 0.000 0.000 0.000 0.000 0.000 0.000 0.275 0.621 0.943 0.959 0.655 0.300 0.000 0.000 0.000 0.000 
# 0 3 16 50
0.000 0.000 0.000 0.000 0.000 0.315 0.673 0.968 0.933 0.603 0.262 0.000 0.000 0.000 0.000 0.000 0.000 0.000 0.000 0.000 0.000 0.000 0.000 0.000 0.000 0.000 0.000 0.000 0.000 0.000 0.000 0.000 0.000 0.000 0.000 0.000 0.000 0.000 0.000 0.000 0.000 0.000 0.000 0.000 0.000 0.000 0.000 0.000 0.000 0.000 
0.395 0.137 0.000 0.000 0.000 0.000 0.000 0.000 0.278 0.626 0.945 0.958 0.651 0.297 0.000 0.000 0.000 0.000 0.000 0.000 0.000 0.000 0.000 0.000 0.000 0.000 0.000 0.000 0.000 0.000 0.000 0.000 0.000 0.000 0.000 0.000 0.000 0.000 0.000 0.000 0.000 0.000 0.000 0.000 0.000 0.000 0.000 0.000 0.000 0.000 
0.830 1.000 0.808 0.439 0.160 0.000 0.000 0.000 0.000 0.000 0.000 0.244 0.578 0.917 0.977 0.698 0.335 0.108 0.000 0.000 0.000 0.000 0.000 0.000 0.000 0.000 0.000 0.000 0.000 0.000 0.000 0.000 0.000 0.000 0.000 0.000 0.000 0.000 0.000 0.000 0.000 0.000 0.000 0.000 0.000 0.000 0.000 0.000 0.000 0.000 
0.000 0.149 0.418 0.789 0.999 0.848 0.484 0.185 0.000 0.000 0.000 0.000 0.000 0.000 0.213 0.530 0.885 0.991 0.744 0.375 0.127 0.000 0.000 0.000 0.000 0.000 0.000 0.000 0.000 0.000 0.000 0.000 0.000 0.000 0.000 0.000 0.000 0.000 0.000 0.000 0.000 0.000 0.000 0.000 0.000 0.000 0.000 0.000 0.000 0.000 
0.000 0.000 0.000 0.000 0.127 0.375 0.744 0.991 0.885 0.530 0.213 0.000 0.000 0.000 0.000 0.000 0.000 0.185 0.484 0.848 0.999 0.789 0.418 0.149 0.000 0.000 0.000 0.000 0.000 0.000 0.000 0.000 0.000 0.000 0.000 0.000 0.000 0.000 0.000 0.000 0.000 0.000 0.000 0.000 0.000 0.000 0.000 0.000 0.000 0.000 
0.000 0.000 0.000 0.000 0.000 0.000 0.000 0.108 0.335 0.698 0.977 0.917 0.578 0.244 0.000 0.000 0.000 0.000 0.000 0.000 0.160 0.439 0.808 1.000 0.830 0.462 0.173 0.000 0.000 0.000 0.000 0.000 0.000 0.000 0.000 0.000 0.000 0.000 0.000 0.000 0.000 0.000 0.000 0.000 0.000 0.000 0.000 0.000 0.000 0.000 
0.000 0.000 0.000 0.000 0.000 0.000 0.000 0.000 0.000 0.000 0.000 0.297 0.651 0.958 0.945 0.626 0.278 0.000 0.000 0.000 0.000 0.000 0.000 0.137 0.395 0.765 0.995 0.868 0.508 0.200 0.000 0.000 0.000 0.000 0.000 0.000 0.000 0.000 0.000 0.000 0.000 0.000 0.000 0.000 0.000 0.000 0.000 0.000 0.000 0.000 
0.000 0.000 0.000 0.000 0.000 0.000 0.000 0.000 0.000 0.000 0.000 0.000 0.000 0.000 0.262 0.603 0.933 0.968 0.673 0.315 0.000 0.000 0.000 0.000 0.000 0.000 0.116 0.354 0.720 0.984 0.903 0.556 0.229 0.000 0.000 0.000 0.000 0.000 0.000 0.000 0.000 0.000 0.000 0.000 0.000 0.000 0.000 0.000 0.000 0.000 
0.000 0.000 0.000 0.000 0.000 0.000 0.000 0.000 0.000 0.000 0.000 0.000 0.000 0.000 0.000 0.000 0.000 0.229 0.556 0.903 0.984 0.720 0.354 0.116 0.000 0.000 0.000 0.000 0.000 0.000 0.315 0.673 0.968 0.933 0.603 0.262 0.000 0.000 0.000 0.000 0.000 0.000 0.000 0.000 0.000 0.000 0.000 0.000 0.000 0.000 
0.000 0.000 0.000 0.000 0.000 0.000 0.000 0.000 0.000 0.000 0.000 0.000 0.000 0.000 0.000 0.000 0.000 0.000 0.000 0.000 0.200 0.508 0.868 0.995 0.765 0.395 0.137 0.000 0.000 0.000 0.000 0.000 0.000 0.278 0.626 0.945 0.958 0.651 0.297 0.000 0.000 0.000 0.000 0.000 0.000 0.000 0.000 0.000 0.000 0.000 
0.000 0.000 0.000 0.000 0.000 0.000 0.000 0.000 0.000 0.000 0.000 0.000 0.000 0.000 0.000 0.000 0.000 0.000 0.000 0.000 0.000 0.000 0.000 0.173 0.462 0.830 1.000 0.808 0.439 0.160 0.000 0.000 0.000 0.000 0.000 0.000 0.244 0.578 0.917 0.977 0.698 0.335 0.108 0.000 0.000 0.000 0.000 0.000 0.000 0.000 
0.000 0.000 0.000 0.000 0.000 0.000 0.000 0.000 0.000 0.000 0.000 0.000 0.000 0.000 0.000 0.000 0.000 0.000 0.000 0.000 0.000 0.000 0.000 0.000 0.000 0.000 0.149 0.418 0.789 0.999 0.848 0.484 0.185 0.000 0.000 0.000 0.000 0.000 0.000 0.213 0.530 0.885 0.991 0.744 0.375 0.127 0.000 0.000 0.000 0.000 
0.000 0.000 0.000 0.000 0.000 0.000 0.000 0.000 0.000 0.000 0.000 0.000 0.000 0.000 0.000 0.000 0.000 0.000 0.000 0.000 0.000 0.000 0.000 0.000 0.000 0.000 0.000 0.000 0.000 0.127 0.375 0.744 0.991 0.885 0.530 0.213 0.000 0.000 0.000 0.000 0.000 0.000 0.185 0.484 0.848 0.999 0.789 0.418 0.149 0.000 
0.000 0.000 0.000 0.000 0.000 0.000 0.000 0.000 0.000 0.000 0.000 0.000 0.000 0.000 0.000 0.000 0.000 0.000 0.000 0.000 0.000 0.000 0.000 0.000 0.000 0.000 0.000 0.000 0.000 0.000 0.000 0.000 0.108 0.335 0.698 0.977 0.917 0.578 0.244 0.000 0.000 0.000 0.000 0.000 0.000 0.160 0.439 0.808 1.000 0.830 
0.000 0.000 0.000 0.000 0.000 0.000 0.000 0.000 0.000 0.000 0.000 0.000 0.000 0.000 0.000 0.000 0.000 0.000 0.000 0.000 0.000 0.000 0.000 0.000 0.000 0.000 0.000 0.000 0.000 0.000 0.000 0.000 0.000 0.000 0.000 0.000 0.297 0.651 0.958 0.945 0.626 0.278 0.000 0.000 0.000 0.000 0.000 0.000 0.137 0.395 
0.000 0.000 0.000 0.000 0.000 0.000 0.000 0.000 0.000 0.000 0.000 0.000 0.000 0.000 0.000 0.000 0.000 0.000 0.000 0.000 0.000 0.000 0.000 0.000 0.000 0.000 0.000 0.000 0.000 0.000 0.000 0.000 0.000 0.000 0.000 0.000 0.000 0.000 0.000 0.262 0.603 0.933 0.968 0.673 0.315 0.000 0.000 0.000 0.000 0.000 
# 1 0 50 42
0.000 0.000 0.000 -0.207 -0.394 -0.634 -0.862 -0.991 -0.963 -0.792 -0.550 -0.323 -0.161 0.000 0.000 0.000 0.000 0.000 0.000 0.000 0.000 0.000 0.000 0.000 0.000 0.000 0.000 0.000 0.000 0.000 0.000 0.000 0.000 0.000 0.000 0.000 0.000 0.000 0.000 0.000 0.000 0.000 
0.000 0.000 0.000 -0.106 -0.232 -0.430 -0.674 -0.891 -0.998 -0.944 -0.755 -0.511 -0.292 -0.141 0.000 0.000 0.000 0.000 0.000 0.000 0.000 0.000 0.000 0.000 0.000 0.000 0.000 0.000 0.000 0.000 0.000 0.000 0.000 0.000 0.000 0.000 0.000 0.000 0.000 0.000 0.000 0.000 
0.000 0.000 0.000 0.000 -0.122 -0.259 -0.468 -0.712 -0.918 -1.000 -0.921 -0.718 -0.473 -0.263 -0.124 0.000 0.000 0.000 0.000 0.000 0.000 0.000 0.000 0.000 0.000 0.000 0.000 0.000 0.000 0.000 0.000 0.000 0.000 0.000 0.000 0.000 0.000 0.000 0.000 0.000 0.000 0.000 
-0.126 0.000 0.000 0.000 0.000 -0.139 -0.288 -0.506 -0.750 -0.941 -0.998 -0.895 -0.679 -0.435 -0.236 -0.108 0.000 0.000 0.000 0.000 0.000 0.000 0.000 0.000 0.000 0.000 0.000 0.000 0.000 0.000 0.000 0.000 0.000 0.000 0.000 0.000 0.000 0.000 0.000 0.000 0.000 0.000 
-0.239 -0.110 0.000 0.000 0.000 0.000 -0.158 -0.319 -0.545 -0.787 -0.961 -0.992 -0.866 -0.639 -0.399 -0.211 0.000 0.000 0.000 0.000 0.000 0.000 0.000 0.000 0.000 0.000 0.000 0.000 0.000 0.000 0.000 0.000 0.000 0.000 0.000 0.000 0.000 0.000 0.000 0.000 0.000 0.000 
-0.403 -0.214 0.000 0.000 0.000 0.000 0.000 -0.179 -0.352 -0.584 -0.822 -0.977 -0.982 -0.834 -0.600 -0.364 -0.187 0.000 0.000 0.000 0.000 0.000 0.000 0.000 0.000 0.000 0.000 0.000 0.000 0.000 0.000 0.000 0.000 0.000 0.000 0.000 0.000 0.000 0.000 0.000 0.000 0.000 
-0.604 -0.368 -0.190 0.000 0.000 0.000 0.000 0.000 -0.201 -0.386 -0.624 -0.854 -0.989 -0.967 -0.800 -0.560 -0.331 -0.166 0.000 0.000 0.000 0.000 0.000 0.000 0.000 0.000 0.000 0.000 0.000 0.000 0.000 0.000 0.000 0.000 0.000 0.000 0.000 0.000 0.000 0.000 0.000 0.000 
-0.804 -0.565 -0.335 -0.168 0.000 0.000 0.000 0.000 -0.103 -0.226 -0.421 -0.664 -0.884 -0.996 -0.949 -0.764 -0.521 -0.300 -0.146 0.000 0.000 0.000 0.000 0.000 0.000 0.000 0.000 0.000 0.000 0.000 0.000 0.000 0.000 0.000 0.000 0.000 0.000 0.000 0.000 0.000 0.000 0.000 
-0.951 -0.769 -0.525 -0.303 -0.148 0.000 0.000 0.000 0.000 -0.118 -0.253 -0.458 -0.703 -0.912 -1.000 -0.927 -0.727 -0.482 -0.270 -0.128 0.000 0.000 0.000 0.000 0.000 0.000 0.000 0.000 0.000 0.000 0.000 0.000 0.000 0.000 0.000 0.000 0.000 0.000 0.000 0.000 0.000 0.000 
-1.000 -0.930 -0.732 -0.487 -0.274 -0.130 0.000 0.000 0.000 0.000 -0.135 -0.281 -0.496 -0.741 -0.936 -0.999 -0.902 -0.689 -0.444 -0.243 -0.112 0.000 0.000 0.000 0.000 0.000 0.000 0.000 0.000 0.000 0.000 0.000 0.000 0.000 0.000 0.000 0.000 0.000 0.000 0.000 0.000 0.000 
-0.933 -0.999 -0.905 -0.693 -0.449 -0.246 -0.114 0.000 0.000 0.000 0.000 -0.153 -0.311 -0.535 -0.778 -0.956 -0.994 -0.874 -0.649 -0.408 -0.217 0.000 0.000 0.000 0.000 0.000 0.000 0.000 0.000 0.000 0.000 0.000 0.000 0.000 0.000 0.000 0.000 0.000 0.000 0.000 0.000 0.000 
-0.774 -0.954 -0.995 -0.877 -0.654 -0.412 -0.220 0.000 0.000 0.000 0.000 0.000 -0.173 -0.343 -0.575 -0.813 -0.973 -0.985 -0.843 -0.610 -0.373 -0.193 0.000 0.000 0.000 0.000 0.000 0.000 0.000 0.000 0.000 0.000 0.000 0.000 0.000 0.000 0.000 0.000 0.000 0.000 0.000 0.000 
-0.570 -0.809 -0.971 -0.986 -0.846 -0.614 -0.377 -0.196 0.000 0.000 0.000 0.000 0.000 -0.196 -0.377 -0.614 -0.846 -0.986 -0.971 -0.809 -0.570 -0.339 -0.171 0.000 0.000 0.000 0.000 0.000 0.000 0.000 0.000 0.000 0.000 0.000 0.000 0.000 0.000 0.000 0.000 0.000 0.000 0.000 
-0.373 -0.610 -0.843 -0.985 -0.973 -0.813 -0.575 -0.343 -0.173 0.000 0.000 0.000 0.000 0.000 -0.220 -0.412 -0.654 -0.877 -0.995 -0.954 -0.774 -0.530 -0.308 -0.151 0.000 0.000 0.000 0.000 0.000 0.000 0.000 0.000 0.000 0.000 0.000 0.000 0.000 0.000 0.000 0.000 0.000 0.000 
-0.217 -0.408 -0.649 -0.874 -0.994 -0.956 -0.778 -0.535 -0.311 -0.153 0.000 0.000 0.000 0.000 -0.114 -0.246 -0.449 -0.693 -0.905 -0.999 -0.933 -0.737 -0.492 -0.278 -0.132 0.000 0.000 0.000 0.000 0.000 0.000 0.000 0.000 0.000 0.000 0.000 0.000 0.000 0.000 0.000 0.000 0.000 
-0.112 -0.243 -0.444 -0.689 -0.902 -0.999 -0.936 -0.741 -0.496 -0.281 -0.135 0.000 0.000 0.000 0.000 -0.130 -0.274 -0.487 -0.732 -0.930 -1.000 -0.909 -0.698 -0.454 -0.249 -0.116 0.000 0.000 0.000 0.000 0.000 0.000 0.000 0.000 0.000 0.000 0.000 0.000 0.000 0.000 0.000 0.000 
0.000 -0.128 -0.270 -0.482 -0.727 -0.927 -1.000 -0.912 -0.703 -0.458 -0.253 -0.118 0.000 0.000 0.000 0.000 -0.148 -0.303 -0.525 -0.769 -0.951 -0.996 -0.881 -0.659 -0.417 -0.223 -0.101 0.000 0.000 0.000 0.000 0.000 0.000 0.000 0.000 0.000 0.000 0.000 0.000 0.000 0.000 0.000 
0.000 0.000 -0.146 -0.300 -0.521 -0.764 -0.949 -0.996 -0.884 -0.664 -0.421 -0.226 -0.103 0.000 0.000 0.000 0.000 -0.168 -0.335 -0.565 -0.804 -0.969 -0.987 -0.851 -0.619 -0.382 -0.199 0.000 0.000 0.000 0.000 0.000 0.000 0.000 0.000 0.000 0.000 0.000 0.000 0.000 0.000 0.000 
0.000 0.000 0.000 -0.166 -0.331 -0.560 -0.800 -0.967 -0.989 -0.854 -0.624 -0.386 -0.201 0.000 0.000 0.000 0.000 0.000 -0.190 -0.368 -0.604 -0.838 -0.983 -0.975 -0.818 -0.580 -0.348 -0.176 0.000 0.000 0.000 0.000 0.000 0.000 0.000 0.000 0.000 0.000 0.000 0.000 0.000 0.000 
0.000 0.000 0.000 0.000 -0.187 -0.364 -0.600 -0.834 -0.982 -0.977 -0.822 -0.584 -0.352 -0.179 0.000 0.000 0.000 0.000 0.000 -0.214 -0.403 -0.644 -0.870 -0.993 -0.959 -0.783 -0.540 -0.315 -0.156 0.000 0.000 0.000 0.000 0.000 0.000 0.000 0.000 0.000 0.000 0.000 0.000 0.000 
0.000 0.000 0.000 0.000 0.000 -0.211 -0.399 -0.639 -0.866 -0.992 -0.961 -0.787 -0.545 -0.319 -0.158 0.000 0.000 0.000 0.000 -0.110 -0.239 -0.440 -0.683 -0.898 -0.999 -0.939 -0.746 -0.501 -0.285 -0.137 0.000 0.000 0.000 0.000 0.000 0.000 0.000 0.000 0.000 0.000 0.000 0.000 
0.000 0.000 0.000 0.000 0.000 -0.108 -0.236 -0.435 -0.679 -0.895 -0.998 -0.941 -0.750 -0.506 -0.288 -0.139 0.000 0.000 0.000 0.000 -0.126 -0.267 -0.477 -0.722 -0.924 -1.000 -0.915 -0.708 -0.463 -0.256 -0.120 0.000 0.000 0.000 0.000 0.000 0.000 0.000 0.000 0.000 0.000 0.000 
0.000 0.000 0.000 0.000 0.000 0.000 -0.124 -0.263 -0.473 -0.718 -0.921 -1.000 -0.918 -0.712 -0.468 -0.259 -0.122 0.000 0.000 0.000 0.000 -0.144 -0.296 -0.516 -0.760 -0.946 -0.997 -0.888 -0.669 -0.426 -0.229 -0.104 0.000 0.000 0.000 0.000 0.000 0.000 0.000 0.000 0.000 0.000 
0.000 0.000 0.000 0.000 0.000 0.000 0.000 -0.141 -0.292 -0.511 -0.755 -0.944 -0.998 -0.891 -0.674 -0.430 -0.232 -0.106 0.000 0.000 0.000 0.000 -0.163 -0.327 -0.555 -0.796 -0.965 -0.990 -0.858 -0.629 -0.390 -0.205 0.000 0.000 0.000 0.000 0.000 0.000 0.000 0.000 0.000 0.000 
0.000 0.000 0.000 0.000 0.000 0.000 0.000 0.000 -0.161 -0.323 -0.550 -0.792 -0.963 -0.991 -0.862 -0.634 -0.394 -0.207 0.000 0.000 0.000 0.000 0.000 -0.184 -0.360 -0.594 -0.830 -0.980 -0.978 -0.826 -0.590 -0.356 -0.182 0.000 0.000 0.000 0.000 0.000 0.000 0.000 0.000 0.000 
0.000 0.000 0.000 0.000 0.000 0.000 0.000 0.000 0.000 -0.182 -0.356 -0.590 -0.826 -0.978 -0.980 -0.830 -0.594 -0.360 -0.184 0.000 0.000 0.000 0.000 0.000 -0.207 -0.394 -0.634 -0.862 -0.991 -0.963 -0.792 -0.550 -0.323 -0.161 0.000 0.000 0.000 0.000 0.000 0.000 0.000 0.000 
0.000 0.000 0.000 0.000 0.000 0.000 0.000 0.000 0.000 0.000 -0.205 -0.390 -0.629 -0.858 -0.990 -0.965 -0.796 -0.555 -0.327 -0.163 0.000 0.000 0.000 0.000 -0.106 -0.232 -0.430 -0.674 -0.891 -0.998 -0.944 -0.755 -0.511 -0.292 -0.141 0.000 0.000 0.000 0.000 0.000 0.000 0.000 
0.000 0.000 0.000 0.000 0.000 0.000 0.000 0.000 0.000 0.000 -0.104 -0.229 -0.426 -0.669 -0.888 -0.997 -0.946 -0.760 -0.516 -0.296 -0.144 0.000 0.000 0.000 0.000 -0.122 -0.259 -0.468 -0.712 -0.918 -1.000 -0.921 -0.718 -0.473 -0.263 -0.124 0.000 0.000 0.000 0.000 0.000 0.000 
0.000 0.000 0.000 0.000 0.000 0.000 0.000 0.000 0.000 0.000 0.000 -0.120 -0.256 -0.463 -0.708 -0.915 -1.000 -0.924 -0.722 -0.477 -0.267 -0.126 0.000 0.000 0.000 0.000 -0.139 -0.288 -0.506 -0.750 -0.941 -0.998 -0.895 -0.679 -0.435 -0.236 -0.108 0.000 0.000 0.000 0.000 0.000 
0.000 0.000 0.000 0.000 0.000 0.000 0.000 0.000 0.000 0.000 0.000 0.000 -0.137 -0.285 -0.501 -0.746 -0.939 -0.999 -0.898 -0.683 -0.440 -0.239 -0.110 0.000 0.000 0.000 0.000 -0.158 -0.319 -0.545 -0.787 -0.961 -0.992 -0.866 -0.639 -0.399 -0.211 0.000 0.000 0.000 0.000 0.000 
0.000 0.000 0.000 0.000 0.000 0.000 0.000 0.000 0.000 0.000 0.000 0.000 0.000 -0.156 -0.315 -0.540 -0.783 -0.959 -0.993 -0.870 -0.644 -0.403 -0.214 0.000 0.000 0.000 0.000 0.000 -0.179 -0.352 -0.584 -0.822 -0.977 -0.982 -0.834 -0.600 -0.364 -0.187 0.000 0.000 0.000 0.000 
0.000 0.000 0.000 0.000 0.000 0.000 0.000 0.000 0.000 0.000 0.000 0.000 0.000 0.000 -0.176 -0.348 -0.580 -0.818 -0.975 -0.983 -0.838 -0.604 -0.368 -0.190 0.000 0.000 0.000 0.000 0.000 -0.201 -0.386 -0.624 -0.854 -0.989 -0.967 -0.800 -0.560 -0.331 -0.166 0.000 0.000 0.000 
0.000 0.000 0.000 0.000 0.000 0.000 0.000 0.000 0.000 0.000 0.000 0.000 0.000 0.000 0.000 -0.199 -0.382 -0.619 -0.851 -0.987 -0.969 -0.804 -0.565 -0.335 -0.168 0.000 0.000 0.000 0.000 -0.103 -0.226 -0.421 -0.664 -0.884 -0.996 -0.949 -0.764 -0.521 -0.300 -0.146 0.000 0.000 
0.000 0.000 0.000 0.000 0.000 0.000 0.000 0.000 0.000 0.000 0.000 0.000 0.000 0.000 0.000 -0.101 -0.223 -0.417 -0.659 -0.881 -0.996 -0.951 -0.769 -0.525 -0.303 -0.148 0.000 0.000 0.000 0.000 -0.118 -0.253 -0.458 -0.703 -0.912 -1.000 -0.927 -0.727 -0.482 -0.270 -0.128 0.000 
0.000 0.000 0.000 0.000 0.000 0.000 0.000 0.000 0.000 0.000 0.000 0.000 0.000 0.000 0.000 0.000 -0.116 -0.249 -0.454 -0.698 -0.909 -1.000 -0.930 -0.732 -0.487 -0.274 -0.130 0.000 0.000 0.000 0.000 -0.135 -0.281 -0.496 -0.741 -0.936 -0.999 -0.902 -0.689 -0.444 -0.243 -0.112 
0.000 0.000 0.000 0.000 0.000 0.000 0.000 0.000 0.000 0.000 0.000 0.000 0.000 0.000 0.000 0.000 0.000 -0.132 -0.278 -0.492 -0.737 -0.933 -0.999 -0.905 -0.693 -0.449 -0.246 -0.114 0.000 0.000 0.000 0.000 -0.153 -0.311 -0.535 -0.778 -0.956 -0.994 -0.874 -0.649 -0.408 -0.217 
0.000 0.000 0.000 0.000 0.000 0.000 0.000 0.000 0.000 0.000 0.000 0.000 0.000 0.000 0.000 0.000 0.000 0.000 -0.151 -0.308 -0.530 -0.774 -0.954 -0.995 -0.877 -0.654 -0.412 -0.220 0.000 0.000 0.000 0.000 0.000 -0.173 -0.343 -0.575 -0.813 -0.973 -0.985 -0.843 -0.610 -0.373 
0.000 0.000 0.000 0.000 0.000 0.000 0.000 0.000 0.000 0.000 0.000 0.000 0.000 0.000 0.000 0.000 0.000 0.000 0.000 -0.171 -0.339 -0.570 -0.809 -0.971 -0.986 -0.846 -0.614 -0.377 -0.196 0.000 0.000 0.000 0.000 0.000 -0.196 -0.377 -0.614 -0.846 -0.986 -0.971 -0.809 -0.570 
0.000 0.000 0.000 0.000 0.000 0.000 0.000 0.000 0.000 0.000 0.000 0.000 0.000 0.000 0.000 0.000 0.000 0.000 0.000 0.000 -0.193 -0.373 -0.610 -0.843 -0.985 -0.973 -0.813 -0.575 -0.343 -0.173 0.000 0.000 0.000 0.000 0.000 -0.220 -0.412 -0.654 -0.877 -0.995 -0.954 -0.774 
0.000 0.000 0.000 0.000 0.000 0.000 0.000 0.000 0.000 0.000 0.000 0.000 0.000 0.000 0.000 0.000 0.000 0.000 0.000 0.000 0.000 -0.217 -0.408 -0.649 -0.874 -0.994 -0.956 -0.778 -0.535 -0.311 -0.153 0.000 0.000 0.000 0.000 -0.114 -0.246 -0.449 -0.693 -0.905 -0.999 -0.933 
0.000 0.000 0.000 0.000 0.000 0.000 0.000 0.000 0.000 0.000 0.000 0.000 0.000 0.000 0.000 0.000 0.000 0.000 0.000 0.000 0.000 -0.112 -0.243 -0.444 -0.689 -0.902 -0.999 -0.936 -0.741 -0.496 -0.281 -0.135 0.000 0.000 0.000 0.000 -0.130 -0.274 -0.487 -0.732 -0.930 -1.000 
0.000 0.000 0.000 0.000 0.000 0.000 0.000 0.000 0.000 0.000 0.000 0.000 0.000 0.000 0.000 0.000 0.000 0.000 0.000 0.000 0.000 0.000 -0.128 -0.270 -0.482 -0.727 -0.927 -1.000 -0.912 -0.703 -0.458 -0.253 -0.118 0.000 0.000 0.000 0.000 -0.148 -0.303 -0.525 -0.769 -0.951 
0.000 0.000 0.000 0.000 0.000 0.000 0.000 0.000 0.000 0.000 0.000 0.000 0.000 0.000 0.000 0.000 0.000 0.000 0.000 0.000 0.000 0.000 0.000 -0.146 -0.300 -0.521 -0.764 -0.949 -0.996 -0.884 -0.664 -0.421 -0.226 -0.103 0.000 0.000 0.000 0.000 -0.168 -0.335 -0.565 -0.804 
0.000 0.000 0.000 0.000 0.000 0.000 0.000 0.000 0.000 0.000 0.000 0.000 0.000 0.000 0.000 0.000 0.000 0.000 0.000 0.000 0.000 0.000 0.000 0.000 -0.166 -0.331 -0.560 -0.800 -0.967 -0.989 -0.854 -0.624 -0.386 -0.201 0.000 0.000 0.000 0.000 0.000 -0.190 -0.368 -0.604 
0.000 0.000 0.000 0.000 0.000 0.000 0.000 0.000 0.000 0.000 0.000 0.000 0.000 0.000 0.000 0.000 0.000 0.000 0.000 0.000 0.000 0.000 0.000 0.000 0.000 -0.187 -0.364 -0.600 -0.834 -0.982 -0.977 -0.822 -0.584 -0.352 -0.179 0.000 0.000 0.000 0.000 0.000 -0.214 -0.403 
0.000 0.000 0.000 0.000 0.000 0.000 0.000 0.000 0.000 0.000 0.000 0.000 0.000 0.000 0.000 0.000 0.000 0.000 0.000 0.000 0.000 0.000 0.000 0.000 0.000 0.000 -0.211 -0.399 -0.639 -0.866 -0.992 -0.961 -0.787 -0.545 -0.319 -0.158 0.000 0.000 0.000 0.000 -0.110 -0.239 
0.000 0.000 0.000 0.000 0.000 0.000 0.000 0.000 0.000 0.000 0.000 0.000 0.000 0.000 0.000 0.000 0.000 0.000 0.000 0.000 0.000 0.000 0.000 0.000 0.000 0.000 -0.108 -0.236 -0.435 -0.679 -0.895 -0.998 -0.941 -0.750 -0.506 -0.288 -0.139 0.000 0.000 0.000 0.000 -0.126 
0.000 0.000 0.000 0.000 0.000 0.000 0.000 0.000 0.000 0.000 0.000 0.000 0.000 0.000 0.000 0.000 0.000 0.000 0.000 0.000 0.000 0.000 0.000 0.000 0.000 0.000 0.000 -0.124 -0.263 -0.473 -0.718 -0.921 -1.000 -0.918 -0.712 -0.468 -0.259 -0.122 0.000 0.000 0.000 0.000 
0.000 0.000 0.000 0.000 0.000 0.000 0.000 0.000 0.000 0.000 0.000 0.000 0.000 0.000 0.000 0.000 0.000 0.000 0.000 0.000 0.000 0.000 0.000 0.000 0.000 0.000 0.000 0.000 -0.141 -0.292 -0.511 -0.755 -0.944 -0.998 -0.891 -0.674 -0.430 -0.232 -0.106 0.000 0.000 0.000 
0.000 0.000 0.000 0.000 0.000 0.000 0.000 0.000 0.000 0.000 0.000 0.000 0.000 0.000 0.000 0.000 0.000 0.000 0.000 0.000 0.000 0.000 0.000 0.000 0.000 0.000 0.000 0.000 0.000 -0.161 -0.323 -0.550 -0.792 -0.963 -0.991 -0.862 -0.634 -0.394 -0.207 0.000 0.000 0.000 
# 1 2 41 42
0.000 0.000 0.000 -0.194 -0.374 -0.611 -0.844 -0.985 -0.972 -0.812 -0.573 -0.342 -0.173 0.000 0.000 0.000 0.000 0.000 0.000 0.000 0.000 0.000 0.000 0.000 0.000 0.000 0.000 0.000 0.000 0.000 0.000 0.000 0.000 0.000 0.000 0.000 0.000 0.000 0.000 0.000 0.000 0.000 
0.000 0.000 0.000 0.000 -0.190 -0.369 -0.605 -0.839 -0.983 -0.975 -0.817 -0.579 -0.347 -0.176 0.000 0.000 0.000 0.000 0.000 0.000 0.000 0.000 0.000 0.000 0.000 0.000 0.000 0.000 0.000 0.000 0.000 0.000 0.000 0.000 0.000 0.000 0.000 0.000 0.000 0.000 0.000 0.000 
0.000 0.000 0.000 0.000 0.000 -0.187 -0.364 -0.599 -0.834 -0.982 -0.977 -0.822 -0.585 -0.352 -0.179 0.000 0.000 0.000 0.000 0.000 0.000 0.000 0.000 0.000 0.000 0.000 0.000 0.000 0.000 0.000 0.000 0.000 0.000 0.000 0.000 0.000 0.000 0.000 0.000 0.000 0.000 0.000 
-0.208 0.000 0.000 0.000 0.000 0.000 -0.184 -0.359 -0.593 -0.829 -0.980 -0.979 -0.827 -0.591 -0.357 -0.182 0.000 0.000 0.000 0.000 0.000 0.000 0.000 0.000 0.000 0.000 0.000 0.000 0.000 0.000 0.000 0.000 0.000 0.000 0.000 0.000 0.000 0.000 0.000 0.000 0.000 0.000 
-0.401 -0.212 0.000 0.000 0.000 0.000 0.000 -0.180 -0.354 -0.587 -0.824 -0.978 -0.981 -0.832 -0.597 -0.362 -0.186 0.000 0.000 0.000 0.000 0.000 0.000 0.000 0.000 0.000 0.000 0.000 0.000 0.000 0.000 0.000 0.000 0.000 0.000 0.000 0.000 0.000 0.000 0.000 0.000 0.000 
-0.647 -0.406 -0.216 0.000 0.000 0.000 0.000 0.000 -0.177 -0.349 -0.581 -0.819 -0.975 -0.983 -0.837 -0.603 -0.367 -0.189 0.000 0.000 0.000 0.000 0.000 0.000 0.000 0.000 0.000 0.000 0.000 0.000 0.000 0.000 0.000 0.000 0.000 0.000 0.000 0.000 0.000 0.000 0.000 0.000 
-0.877 -0.654 -0.412 -0.219 0.000 0.000 0.000 0.000 0.000 -0.174 -0.344 -0.575 -0.813 -0.973 -0.985 -0.842 -0.609 -0.373 -0.193 0.000 0.000 0.000 0.000 0.000 0.000 0.000 0.000 0.000 0.000 0.000 0.000 0.000 0.000 0.000 0.000 0.000 0.000 0.000 0.000 0.000 0.000 0.000 
-0.996 -0.881 -0.660 -0.417 -0.223 -0.101 0.000 0.000 0.000 0.000 -0.170 -0.339 -0.569 -0.808 -0.971 -0.986 -0.847 -0.615 -0.378 -0.196 0.000 0.000 0.000 0.000 0.000 0.000 0.000 0.000 0.000 0.000 0.000 0.000 0.000 0.000 0.000 0.000 0.000 0.000 0.000 0.000 0.000 0.000 
-0.948 -0.997 -0.886 -0.666 -0.423 -0.227 -0.103 0.000 0.000 0.000 0.000 -0.167 -0.334 -0.563 -0.803 -0.968 -0.988 -0.852 -0.621 -0.383 -0.200 0.000 0.000 0.000 0.000 0.000 0.000 0.000 0.000 0.000 0.000 0.000 0.000 0.000 0.000 0.000 0.000 0.000 0.000 0.000 0.000 0.000 
-0.757 -0.945 -0.997 -0.890 -0.672 -0.428 -0.231 -0.105 0.000 0.000 0.000 0.000 -0.164 -0.329 -0.557 -0.798 -0.966 -0.989 -0.857 -0.627 -0.388 -0.203 0.000 0.000 0.000 0.000 0.000 0.000 0.000 0.000 0.000 0.000 0.000 0.000 0.000 0.000 0.000 0.000 0.000 0.000 0.000 0.000 
-0.507 -0.752 -0.942 -0.998 -0.894 -0.678 -0.434 -0.235 -0.108 0.000 0.000 0.000 0.000 -0.161 -0.324 -0.551 -0.792 -0.963 -0.991 -0.861 -0.633 -0.394 -0.207 0.000 0.000 0.000 0.000 0.000 0.000 0.000 0.000 0.000 0.000 0.000 0.000 0.000 0.000 0.000 0.000 0.000 0.000 0.000 
-0.285 -0.501 -0.746 -0.939 -0.999 -0.898 -0.683 -0.440 -0.239 -0.110 0.000 0.000 0.000 0.000 -0.158 -0.319 -0.545 -0.787 -0.961 -0.992 -0.866 -0.639 -0.399 -0.211 0.000 0.000 0.000 0.000 0.000 0.000 0.000 0.000 0.000 0.000 0.000 0.000 0.000 0.000 0.000 0.000 0.000 0.000 
-0.134 -0.280 -0.495 -0.740 -0.935 -0.999 -0.903 -0.689 -0.445 -0.243 -0.112 0.000 0.000 0.000 0.000 -0.155 -0.314 -0.539 -0.781 -0.958 -0.993 -0.871 -0.645 -0.405 -0.214 0.000 0.000 0.000 0.000 0.000 0.000 0.000 0.000 0.000 0.000 0.000 0.000 0.000 0.000 0.000 0.000 0.000 
0.000 -0.131 -0.276 -0.489 -0.734 -0.932 -0.999 -0.907 -0.695 -0.451 -0.247 -0.115 0.000 0.000 0.000 0.000 -0.152 -0.309 -0.533 -0.776 -0.955 -0.994 -0.875 -0.652 -0.410 -0.218 0.000 0.000 0.000 0.000 0.000 0.000 0.000 0.000 0.000 0.000 0.000 0.000 0.000 0.000 0.000 0.000 
0.000 0.000 -0.129 -0.271 -0.484 -0.729 -0.928 -1.000 -0.911 -0.701 -0.457 -0.251 -0.117 0.000 0.000 0.000 0.000 -0.149 -0.305 -0.527 -0.770 -0.952 -0.995 -0.880 -0.658 -0.416 -0.222 -0.100 0.000 0.000 0.000 0.000 0.000 0.000 0.000 0.000 0.000 0.000 0.000 0.000 0.000 0.000 
0.000 0.000 0.000 -0.126 -0.267 -0.478 -0.723 -0.924 -1.000 -0.914 -0.707 -0.462 -0.256 -0.120 0.000 0.000 0.000 0.000 -0.146 -0.300 -0.521 -0.765 -0.949 -0.996 -0.884 -0.664 -0.421 -0.226 -0.102 0.000 0.000 0.000 0.000 0.000 0.000 0.000 0.000 0.000 0.000 0.000 0.000 0.000 
0.000 0.000 0.000 0.000 -0.124 -0.263 -0.472 -0.717 -0.921 -1.000 -0.918 -0.713 -0.468 -0.260 -0.122 0.000 0.000 0.000 0.000 -0.143 -0.295 -0.515 -0.759 -0.946 -0.997 -0.889 -0.670 -0.427 -0.230 -0.105 0.000 0.000 0.000 0.000 0.000 0.000 0.000 0.000 0.000 0.000 0.000 0.000 
0.000 0.000 0.000 0.000 0.000 -0.121 -0.258 -0.466 -0.711 -0.917 -1.000 -0.922 -0.719 -0.474 -0.264 -0.125 0.000 0.000 0.000 0.000 -0.140 -0.291 -0.509 -0.753 -0.943 -0.998 -0.893 -0.676 -0.432 -0.234 -0.107 0.000 0.000 0.000 0.000 0.000 0.000 0.000 0.000 0.000 0.000 0.000 
0.000 0.000 0.000 0.000 0.000 0.000 -0.119 -0.254 -0.460 -0.705 -0.913 -1.000 -0.926 -0.725 -0.480 -0.269 -0.127 0.000 0.000 0.000 0.000 -0.138 -0.286 -0.503 -0.748 -0.940 -0.998 -0.897 -0.681 -0.438 -0.238 -0.109 0.000 0.000 0.000 0.000 0.000 0.000 0.000 0.000 0.000 0.000 
0.000 0.000 0.000 0.000 0.000 0.000 0.000 -0.116 -0.250 -0.455 -0.699 -0.909 -1.000 -0.929 -0.730 -0.486 -0.273 -0.130 0.000 0.000 0.000 0.000 -0.135 -0.282 -0.497 -0.742 -0.936 -0.999 -0.901 -0.687 -0.443 -0.242 -0.112 0.000 0.000 0.000 0.000 0.000 0.000 0.000 0.000 0.000 
0.000 0.000 0.000 0.000 0.000 0.000 0.000 0.000 -0.114 -0.246 -0.449 -0.693 -0.905 -0.999 -0.933 -0.736 -0.491 -0.277 -0.132 0.000 0.000 0.000 0.000 -0.132 -0.277 -0.491 -0.736 -0.933 -0.999 -0.905 -0.693 -0.449 -0.246 -0.114 0.000 0.000 0.000 0.000 0.000 0.000 0.000 0.000 
0.000 0.000 0.000 0.000 0.000 0.000 0.000 0.000 0.000 -0.112 -0.242 -0.443 -0.687 -0.901 -0.999 -0.936 -0.742 -0.497 -0.282 -0.135 0.000 0.000 0.000 0.000 -0.130 -0.273 -0.486 -0.730 -0.929 -1.000 -0.909 -0.699 -0.455 -0.250 -0.116 0.000 0.000 0.000 0.000 0.000 0.000 0.000 
0.000 0.000 0.000 0.000 0.000 0.000 0.000 0.000 0.000 0.000 -0.109 -0.238 -0.438 -0.681 -0.897 -0.998 -0.940 -0.748 -0.503 -0.286 -0.138 0.000 0.000 0.000 0.000 -0.127 -0.269 -0.480 -0.725 -0.926 -1.000 -0.913 -0.705 -0.460 -0.254 -0.119 0.000 0.000 0.000 0.000 0.000 0.000 
0.000 0.000 0.000 0.000 0.000 0.000 0.000 0.000 0.000 0.000 0.000 -0.107 -0.234 -0.432 -0.676 -0.893 -0.998 -0.943 -0.753 -0.509 -0.291 -0.140 0.000 0.000 0.000 0.000 -0.125 -0.264 -0.474 -0.719 -0.922 -1.000 -0.917 -0.711 -0.466 -0.258 -0.121 0.000 0.000 0.000 0.000 0.000 
0.000 0.000 0.000 0.000 0.000 0.000 0.000 0.000 0.000 0.000 0.000 0.000 -0.105 -0.230 -0.427 -0.670 -0.889 -0.997 -0.946 -0.759 -0.515 -0.295 -0.143 0.000 0.000 0.000 0.000 -0.122 -0.260 -0.468 -0.713 -0.918 -1.000 -0.921 -0.717 -0.472 -0.263 -0.124 0.000 0.000 0.000 0.000 
0.000 0.000 0.000 0.000 0.000 0.000 0.000 0.000 0.000 0.000 0.000 0.000 0.000 -0.102 -0.226 -0.421 -0.664 -0.884 -0.996 -0.949 -0.765 -0.521 -0.300 -0.146 0.000 0.000 0.000 0.000 -0.120 -0.256 -0.462 -0.707 -0.914 -1.000 -0.924 -0.723 -0.478 -0.267 -0.126 0.000 0.000 0.000 
0.000 0.000 0.000 0.000 0.000 0.000 0.000 0.000 0.000 0.000 0.000 0.000 0.000 0.000 -0.100 -0.222 -0.416 -0.658 -0.880 -0.995 -0.952 -0.770 -0.527 -0.305 -0.149 0.000 0.000 0.000 0.000 -0.117 -0.251 -0.457 -0.701 -0.911 -1.000 -0.928 -0.729 -0.484 -0.271 -0.129 0.000 0.000 
0.000 0.000 0.000 0.000 0.000 0.000 0.000 0.000 0.000 0.000 0.000 0.000 0.000 0.000 0.000 0.000 -0.218 -0.410 -0.652 -0.875 -0.994 -0.955 -0.776 -0.533 -0.309 -0.152 0.000 0.000 0.000 0.000 -0.115 -0.247 -0.451 -0.695 -0.907 -0.999 -0.932 -0.734 -0.489 -0.276 -0.131 0.000 
0.000 0.000 0.000 0.000 0.000 0.000 0.000 0.000 0.000 0.000 0.000 0.000 0.000 0.000 0.000 0.000 0.000 -0.214 -0.405 -0.645 -0.871 -0.993 -0.958 -0.781 -0.539 -0.314 -0.155 0.000 0.000 0.000 0.000 -0.112 -0.243 -0.445 -0.689 -0.903 -0.999 -0.935 -0.740 -0.495 -0.280 -0.134 
0.000 0.000 0.000 0.000 0.000 0.000 0.000 0.000 0.000 0.000 0.000 0.000 0.000 0.000 0.000 0.000 0.000 0.000 -0.211 -0.399 -0.639 -0.866 -0.992 -0.961 -0.787 -0.545 -0.319 -0.158 0.000 0.000 0.000 0.000 -0.110 -0.239 -0.440 -0.683 -0.898 -0.999 -0.939 -0.746 -0.501 -0.285 
0.000 0.000 0.000 0.000 0.000 0.000 0.000 0.000 0.000 0.000 0.000 0.000 0.000 0.000 0.000 0.000 0.000 0.000 0.000 -0.207 -0.394 -0.633 -0.861 -0.991 -0.963 -0.792 -0.551 -0.324 -0.161 0.000 0.000 0.000 0.000 -0.108 -0.235 -0.434 -0.678 -0.894 -0.998 -0.942 -0.752 -0.507 
0.000 0.000 0.000 0.000 0.000 0.000 0.000 0.000 0.000 0.000 0.000 0.000 0.000 0.000 0.000 0.000 0.000 0.000 0.000 0.000 -0.203 -0.388 -0.627 -0.857 -0.989 -0.966 -0.798 -0.557 -0.329 -0.164 0.000 0.000 0.000 0.000 -0.105 -0.231 -0.428 -0.672 -0.890 -0.997 -0.945 -0.757 
0.000 0.000 0.000 0.000 0.000 0.000 0.000 0.000 0.000 0.000 0.000 0.000 0.000 0.000 0.000 0.000 0.000 0.000 0.000 0.000 0.000 -0.200 -0.383 -0.621 -0.852 -0.988 -0.968 -0.803 -0.563 -0.334 -0.167 0.000 0.000 0.000 0.000 -0.103 -0.227 -0.423 -0.666 -0.886 -0.997 -0.948 
0.000 0.000 0.000 0.000 0.000 0.000 0.000 0.000 0.000 0.000 0.000 0.000 0.000 0.000 0.000 0.000 0.000 0.000 0.000 0.000 0.000 0.000 -0.196 -0.378 -0.615 -0.847 -0.986 -0.971 -0.808 -0.569 -0.339 -0.170 0.000 0.000 0.000 0.000 -0.101 -0.223 -0.417 -0.660 -0.881 -0.996 
0.000 0.000 0.000 0.000 0.000 0.000 0.000 0.000 0.000 0.000 0.000 0.000 0.000 0.000 0.000 0.000 0.000 0.000 0.000 0.000 0.000 0.000 0.000 -0.193 -0.373 -0.609 -0.842 -0.985 -0.973 -0.813 -0.575 -0.344 -0.174 0.000 0.000 0.000 0.000 0.000 -0.219 -0.412 -0.654 -0.877 
0.000 0.000 0.000 0.000 0.000 0.000 0.000 0.000 0.000 0.000 0.000 0.000 0.000 0.000 0.000 0.000 0.000 0.000 0.000 0.000 0.000 0.000 0.000 0.000 -0.189 -0.367 -0.603 -0.837 -0.983 -0.975 -0.819 -0.581 -0.349 -0.177 0.000 0.000 0.000 0.000 0.000 -0.216 -0.406 -0.647 
0.000 0.000 0.000 0.000 0.000 0.000 0.000 0.000 0.000 0.000 0.000 0.000 0.000 0.000 0.000 0.000 0.000 0.000 0.000 0.000 0.000 0.000 0.000 0.000 0.000 -0.186 -0.362 -0.597 -0.832 -0.981 -0.978 -0.824 -0.587 -0.354 -0.180 0.000 0.000 0.000 0.000 0.000 -0.212 -0.401 
0.000 0.000 0.000 0.000 0.000 0.000 0.000 0.000 0.000 0.000 0.000 0.000 0.000 0.000 0.000 0.000 0.000 0.000 0.000 0.000 0.000 0.000 0.000 0.000 0.000 0.000 -0.182 -0.357 -0.591 -0.827 -0.979 -0.980 -0.829 -0.593 -0.359 -0.184 0.000 0.000 0.000 0.000 0.000 -0.208 
0.000 0.000 0.000 0.000 0.000 0.000 0.000 0.000 0.000 0.000 0.000 0.000 0.000 0.000 0.000 0.000 0.000 0.000 0.000 0.000 0.000 0.000 0.000 0.000 0.000 0.000 0.000 -0.179 -0.352 -0.585 -0.822 -0.977 -0.982 -0.834 -0.599 -0.364 -0.187 0.000 0.000 0.000 0.000 0.000 
0.000 0.000 0.000 0.000 0.000 0.000 0.000 0.000 0.000 0.000 0.000 0.000 0.000 0.000 0.000 0.000 0.000 0.000 0.000 0.000 0.000 0.000 0.000 0.000 0.000 0.000 0.000 0.000 -0.176 -0.347 -0.579 -0.817 -0.975 -0.983 -0.839 -0.605 -0.369 -0.190 0.000 0.000 0.000 0.000 
0.000 0.000 0.000 0.000 0.000 0.000 0.000 0.000 0.000 0.000 0.000 0.000 0.000 0.000 0.000 0.000 0.000 0.000 0.000 0.000 0.000 0.000 0.000 0.000 0.000 0.000 0.000 0.000 0.000 -0.173 -0.342 -0.573 -0.812 -0.972 -0.985 -0.844 -0.611 -0.374 -0.194 0.000 0.000 0.000 
# 2 0 50 41
0.000 0.000 -0.118 -0.247 -0.443 -0.678 -0.888 -0.996 -0.956 -0.785 -0.552 -0.332 -0.171 0.000 0.000 0.000 0.000 0.000 0.000 0.000 0.000 0.000 0.000 0.000 0.000 0.000 0.000 0.000 0.000 0.000 0.000 0.000 0.000 0.000 0.000 0.000 0.000 0.000 0.000 0.000 0.000 
0.000 0.000 0.000 -0.137 -0.278 -0.483 -0.720 -0.917 -1.000 -0.933 -0.746 -0.510 -0.298 -0.150 0.000 0.000 0.000 0.000 0.000 0.000 0.000 0.000 0.000 0.000 0.000 0.000 0.000 0.000 0.000 0.000 0.000 0.000 0.000 0.000 0.000 0.000 0.000 0.000 0.000 0.000 0.000 
0.000 0.000 0.000 0.000 -0.157 -0.311 -0.525 -0.760 -0.942 -0.999 -0.907 -0.704 -0.468 -0.267 -0.130 0.000 0.000 0.000 0.000 0.000 0.000 0.000 0.000 0.000 0.000 0.000 0.000 0.000 0.000 0.000 0.000 0.000 0.000 0.000 0.000 0.000 0.000 0.000 0.000 0.000 0.000 
-0.148 0.000 0.000 0.000 0.000 -0.180 -0.345 -0.568 -0.799 -0.963 -0.993 -0.876 -0.662 -0.428 -0.237 -0.112 0.000 0.000 0.000 0.000 0.000 0.000 0.000 0.000 0.000 0.000 0.000 0.000 0.000 0.000 0.000 0.000 0.000 0.000 0.000 0.000 0.000 0.000 0.000 0.000 0.000 
-0.264 -0.128 0.000 0.000 0.000 0.000 -0.205 -0.382 -0.611 -0.836 -0.979 -0.982 -0.843 -0.619 -0.389 -0.209 0.000 0.000 0.000 0.000 0.000 0.000 0.000 0.000 0.000 0.000 0.000 0.000 0.000 0.000 0.000 0.000 0.000 0.000 0.000 0.000 0.000 0.000 0.000 0.000 0.000 
-0.425 -0.235 -0.111 0.000 0.000 0.000 -0.109 -0.232 -0.421 -0.654 -0.870 -0.991 -0.966 -0.806 -0.576 -0.352 -0.184 0.000 0.000 0.000 0.000 0.000 0.000 0.000 0.000 0.000 0.000 0.000 0.000 0.000 0.000 0.000 0.000 0.000 0.000 0.000 0.000 0.000 0.000 0.000 0.000 
-0.616 -0.386 -0.207 0.000 0.000 0.000 0.000 -0.126 -0.261 -0.461 -0.696 -0.901 -0.998 -0.946 -0.768 -0.533 -0.317 -0.161 0.000 0.000 0.000 0.000 0.000 0.000 0.000 0.000 0.000 0.000 0.000 0.000 0.000 0.000 0.000 0.000 0.000 0.000 0.000 0.000 0.000 0.000 0.000 
-0.803 -0.573 -0.349 -0.182 0.000 0.000 0.000 0.000 -0.146 -0.292 -0.502 -0.738 -0.928 -1.000 -0.922 -0.727 -0.491 -0.284 -0.141 0.000 0.000 0.000 0.000 0.000 0.000 0.000 0.000 0.000 0.000 0.000 0.000 0.000 0.000 0.000 0.000 0.000 0.000 0.000 0.000 0.000 0.000 
-0.944 -0.765 -0.530 -0.314 -0.160 0.000 0.000 0.000 0.000 -0.167 -0.326 -0.544 -0.778 -0.952 -0.997 -0.894 -0.686 -0.450 -0.253 -0.122 0.000 0.000 0.000 0.000 0.000 0.000 0.000 0.000 0.000 0.000 0.000 0.000 0.000 0.000 0.000 0.000 0.000 0.000 0.000 0.000 0.000 
-1.000 -0.920 -0.724 -0.488 -0.281 -0.139 0.000 0.000 0.000 0.000 -0.190 -0.361 -0.587 -0.816 -0.971 -0.989 -0.862 -0.643 -0.411 -0.224 -0.105 0.000 0.000 0.000 0.000 0.000 0.000 0.000 0.000 0.000 0.000 0.000 0.000 0.000 0.000 0.000 0.000 0.000 0.000 0.000 0.000 
-0.953 -0.996 -0.891 -0.682 -0.447 -0.251 -0.120 0.000 0.000 0.000 -0.100 -0.216 -0.399 -0.630 -0.852 -0.985 -0.976 -0.827 -0.600 -0.373 -0.198 0.000 0.000 0.000 0.000 0.000 0.000 0.000 0.000 0.000 0.000 0.000 0.000 0.000 0.000 0.000 0.000 0.000 0.000 0.000 0.000 
-0.819 -0.972 -0.988 -0.859 -0.640 -0.408 -0.222 -0.104 0.000 0.000 0.000 -0.117 -0.244 -0.438 -0.673 -0.884 -0.995 -0.958 -0.790 -0.557 -0.336 -0.174 0.000 0.000 0.000 0.000 0.000 0.000 0.000 0.000 0.000 0.000 0.000 0.000 0.000 0.000 0.000 0.000 0.000 0.000 0.000 
-0.633 -0.854 -0.986 -0.974 -0.824 -0.597 -0.370 -0.196 0.000 0.000 0.000 0.000 -0.135 -0.274 -0.479 -0.715 -0.914 -1.000 -0.936 -0.750 -0.515 -0.302 -0.152 0.000 0.000 0.000 0.000 0.000 0.000 0.000 0.000 0.000 0.000 0.000 0.000 0.000 0.000 0.000 0.000 0.000 0.000 
-0.441 -0.676 -0.887 -0.995 -0.956 -0.787 -0.554 -0.334 -0.172 0.000 0.000 0.000 0.000 -0.155 -0.307 -0.521 -0.756 -0.939 -0.999 -0.910 -0.709 -0.473 -0.270 -0.132 0.000 0.000 0.000 0.000 0.000 0.000 0.000 0.000 0.000 0.000 0.000 0.000 0.000 0.000 0.000 0.000 0.000 
-0.277 -0.482 -0.718 -0.916 -1.000 -0.934 -0.747 -0.511 -0.299 -0.150 0.000 0.000 0.000 0.000 -0.177 -0.341 -0.563 -0.795 -0.961 -0.994 -0.880 -0.667 -0.432 -0.240 -0.114 0.000 0.000 0.000 0.000 0.000 0.000 0.000 0.000 0.000 0.000 0.000 0.000 0.000 0.000 0.000 0.000 
-0.157 -0.310 -0.524 -0.759 -0.941 -0.999 -0.907 -0.706 -0.470 -0.268 -0.130 0.000 0.000 0.000 0.000 -0.202 -0.378 -0.606 -0.832 -0.978 -0.983 -0.847 -0.624 -0.393 -0.212 0.000 0.000 0.000 0.000 0.000 0.000 0.000 0.000 0.000 0.000 0.000 0.000 0.000 0.000 0.000 0.000 
0.000 -0.179 -0.344 -0.567 -0.798 -0.962 -0.993 -0.877 -0.663 -0.429 -0.238 -0.113 0.000 0.000 0.000 -0.107 -0.228 -0.416 -0.649 -0.867 -0.990 -0.968 -0.811 -0.581 -0.356 -0.187 0.000 0.000 0.000 0.000 0.000 0.000 0.000 0.000 0.000 0.000 0.000 0.000 0.000 0.000 0.000 
0.000 0.000 -0.204 -0.381 -0.610 -0.835 -0.979 -0.982 -0.844 -0.620 -0.390 -0.210 0.000 0.000 0.000 0.000 -0.124 -0.257 -0.456 -0.692 -0.898 -0.998 -0.949 -0.772 -0.538 -0.321 -0.164 0.000 0.000 0.000 0.000 0.000 0.000 0.000 0.000 0.000 0.000 0.000 0.000 0.000 0.000 
0.000 0.000 -0.109 -0.231 -0.419 -0.652 -0.869 -0.991 -0.967 -0.808 -0.577 -0.353 -0.185 0.000 0.000 0.000 0.000 -0.143 -0.289 -0.497 -0.733 -0.926 -1.000 -0.925 -0.732 -0.496 -0.288 -0.143 0.000 0.000 0.000 0.000 0.000 0.000 0.000 0.000 0.000 0.000 0.000 0.000 0.000 
0.000 0.000 0.000 -0.126 -0.260 -0.459 -0.695 -0.900 -0.998 -0.947 -0.769 -0.535 -0.318 -0.162 0.000 0.000 0.000 0.000 -0.164 -0.322 -0.539 -0.773 -0.949 -0.997 -0.897 -0.690 -0.455 -0.256 -0.124 0.000 0.000 0.000 0.000 0.000 0.000 0.000 0.000 0.000 0.000 0.000 0.000 
0.000 0.000 0.000 0.000 -0.145 -0.291 -0.501 -0.737 -0.928 -1.000 -0.923 -0.729 -0.493 -0.285 -0.141 0.000 0.000 0.000 0.000 -0.188 -0.357 -0.582 -0.812 -0.969 -0.990 -0.865 -0.648 -0.415 -0.228 -0.107 0.000 0.000 0.000 0.000 0.000 0.000 0.000 0.000 0.000 0.000 0.000 
0.000 0.000 0.000 0.000 0.000 -0.166 -0.325 -0.543 -0.777 -0.951 -0.997 -0.895 -0.687 -0.452 -0.254 -0.122 0.000 0.000 0.000 0.000 -0.213 -0.395 -0.625 -0.848 -0.984 -0.977 -0.831 -0.605 -0.377 -0.201 0.000 0.000 0.000 0.000 0.000 0.000 0.000 0.000 0.000 0.000 0.000 
0.000 0.000 0.000 0.000 0.000 0.000 -0.190 -0.360 -0.586 -0.815 -0.970 -0.989 -0.863 -0.644 -0.412 -0.225 -0.106 0.000 0.000 0.000 -0.115 -0.241 -0.434 -0.668 -0.881 -0.994 -0.960 -0.794 -0.562 -0.340 -0.176 0.000 0.000 0.000 0.000 0.000 0.000 0.000 0.000 0.000 0.000 
0.000 0.000 0.000 0.000 0.000 0.000 0.000 -0.215 -0.398 -0.629 -0.851 -0.985 -0.976 -0.828 -0.601 -0.374 -0.199 0.000 0.000 0.000 0.000 -0.133 -0.271 -0.474 -0.710 -0.911 -0.999 -0.939 -0.755 -0.519 -0.306 -0.154 0.000 0.000 0.000 0.000 0.000 0.000 0.000 0.000 0.000 
0.000 0.000 0.000 0.000 0.000 0.000 0.000 -0.116 -0.243 -0.437 -0.671 -0.883 -0.995 -0.959 -0.791 -0.558 -0.337 -0.175 0.000 0.000 0.000 0.000 -0.152 -0.303 -0.516 -0.751 -0.937 -0.999 -0.913 -0.714 -0.477 -0.273 -0.134 0.000 0.000 0.000 0.000 0.000 0.000 0.000 0.000 
0.000 0.000 0.000 0.000 0.000 0.000 0.000 0.000 -0.134 -0.273 -0.477 -0.714 -0.913 -0.999 -0.937 -0.751 -0.516 -0.303 -0.152 0.000 0.000 0.000 0.000 -0.175 -0.337 -0.558 -0.791 -0.959 -0.995 -0.883 -0.671 -0.437 -0.243 -0.116 0.000 0.000 0.000 0.000 0.000 0.000 0.000 
0.000 0.000 0.000 0.000 0.000 0.000 0.000 0.000 0.000 -0.154 -0.306 -0.519 -0.755 -0.939 -0.999 -0.911 -0.710 -0.474 -0.271 -0.133 0.000 0.000 0.000 0.000 -0.199 -0.374 -0.601 -0.828 -0.976 -0.985 -0.851 -0.629 -0.398 -0.215 0.000 0.000 0.000 0.000 0.000 0.000 0.000 
0.000 0.000 0.000 0.000 0.000 0.000 0.000 0.000 0.000 0.000 -0.176 -0.340 -0.562 -0.794 -0.960 -0.994 -0.881 -0.668 -0.434 -0.241 -0.115 0.000 0.000 0.000 -0.106 -0.225 -0.412 -0.644 -0.863 -0.989 -0.970 -0.815 -0.586 -0.360 -0.190 0.000 0.000 0.000 0.000 0.000 0.000 
0.000 0.000 0.000 0.000 0.000 0.000 0.000 0.000 0.000 0.000 0.000 -0.201 -0.377 -0.605 -0.831 -0.977 -0.984 -0.848 -0.625 -0.395 -0.213 0.000 0.000 0.000 0.000 -0.122 -0.254 -0.452 -0.687 -0.895 -0.997 -0.951 -0.777 -0.543 -0.325 -0.166 0.000 0.000 0.000 0.000 0.000 
0.000 0.000 0.000 0.000 0.000 0.000 0.000 0.000 0.000 0.000 0.000 -0.107 -0.228 -0.415 -0.648 -0.865 -0.990 -0.969 -0.812 -0.582 -0.357 -0.188 0.000 0.000 0.000 0.000 -0.141 -0.285 -0.493 -0.729 -0.923 -1.000 -0.928 -0.737 -0.501 -0.291 -0.145 0.000 0.000 0.000 0.000 
0.000 0.000 0.000 0.000 0.000 0.000 0.000 0.000 0.000 0.000 0.000 0.000 -0.124 -0.256 -0.455 -0.690 -0.897 -0.997 -0.949 -0.773 -0.539 -0.322 -0.164 0.000 0.000 0.000 0.000 -0.162 -0.318 -0.535 -0.769 -0.947 -0.998 -0.900 -0.695 -0.459 -0.260 -0.126 0.000 0.000 0.000 
0.000 0.000 0.000 0.000 0.000 0.000 0.000 0.000 0.000 0.000 0.000 0.000 0.000 -0.143 -0.288 -0.496 -0.732 -0.925 -1.000 -0.926 -0.733 -0.497 -0.289 -0.143 0.000 0.000 0.000 0.000 -0.185 -0.353 -0.577 -0.808 -0.967 -0.991 -0.869 -0.652 -0.419 -0.231 -0.109 0.000 0.000 
0.000 0.000 0.000 0.000 0.000 0.000 0.000 0.000 0.000 0.000 0.000 0.000 0.000 0.000 -0.164 -0.321 -0.538 -0.772 -0.949 -0.998 -0.898 -0.692 -0.456 -0.257 -0.124 0.000 0.000 0.000 0.000 -0.210 -0.390 -0.620 -0.844 -0.982 -0.979 -0.835 -0.610 -0.381 -0.204 0.000 0.000 
0.000 0.000 0.000 0.000 0.000 0.000 0.000 0.000 0.000 0.000 0.000 0.000 0.000 0.000 0.000 -0.187 -0.356 -0.581 -0.811 -0.968 -0.990 -0.867 -0.649 -0.416 -0.228 -0.107 0.000 0.000 0.000 -0.113 -0.238 -0.429 -0.663 -0.877 -0.993 -0.962 -0.798 -0.567 -0.344 -0.179 0.000 
0.000 0.000 0.000 0.000 0.000 0.000 0.000 0.000 0.000 0.000 0.000 0.000 0.000 0.000 0.000 0.000 -0.212 -0.393 -0.624 -0.847 -0.983 -0.978 -0.832 -0.606 -0.378 -0.202 0.000 0.000 0.000 0.000 -0.130 -0.268 -0.470 -0.706 -0.907 -0.999 -0.941 -0.759 -0.524 -0.310 -0.157 
0.000 0.000 0.000 0.000 0.000 0.000 0.000 0.000 0.000 0.000 0.000 0.000 0.000 0.000 0.000 0.000 -0.114 -0.240 -0.432 -0.667 -0.880 -0.994 -0.961 -0.795 -0.563 -0.341 -0.177 0.000 0.000 0.000 0.000 -0.150 -0.299 -0.511 -0.747 -0.934 -1.000 -0.916 -0.718 -0.482 -0.277 
0.000 0.000 0.000 0.000 0.000 0.000 0.000 0.000 0.000 0.000 0.000 0.000 0.000 0.000 0.000 0.000 0.000 -0.132 -0.270 -0.473 -0.709 -0.910 -0.999 -0.939 -0.756 -0.521 -0.307 -0.155 0.000 0.000 0.000 0.000 -0.172 -0.334 -0.554 -0.787 -0.956 -0.995 -0.887 -0.676 -0.441 
0.000 0.000 0.000 0.000 0.000 0.000 0.000 0.000 0.000 0.000 0.000 0.000 0.000 0.000 0.000 0.000 0.000 0.000 -0.152 -0.302 -0.515 -0.750 -0.936 -1.000 -0.914 -0.715 -0.479 -0.274 -0.135 0.000 0.000 0.000 0.000 -0.196 -0.370 -0.597 -0.824 -0.974 -0.986 -0.854 -0.633 
0.000 0.000 0.000 0.000 0.000 0.000 0.000 0.000 0.000 0.000 0.000 0.000 0.000 0.000 0.000 0.000 0.000 0.000 0.000 -0.174 -0.336 -0.557 -0.790 -0.958 -0.995 -0.884 -0.673 -0.438 -0.244 -0.117 0.000 0.000 0.000 -0.104 -0.222 -0.408 -0.640 -0.859 -0.988 -0.972 -0.819 
0.000 0.000 0.000 0.000 0.000 0.000 0.000 0.000 0.000 0.000 0.000 0.000 0.000 0.000 0.000 0.000 0.000 0.000 0.000 0.000 -0.198 -0.373 -0.600 -0.827 -0.976 -0.985 -0.852 -0.630 -0.399 -0.216 -0.100 0.000 0.000 0.000 -0.120 -0.251 -0.447 -0.682 -0.891 -0.996 -0.953 
0.000 0.000 0.000 0.000 0.000 0.000 0.000 0.000 0.000 0.000 0.000 0.000 0.000 0.000 0.000 0.000 0.000 0.000 0.000 0.000 -0.105 -0.224 -0.411 -0.643 -0.862 -0.989 -0.971 -0.816 -0.587 -0.361 -0.190 0.000 0.000 0.000 0.000 -0.139 -0.281 -0.488 -0.724 -0.920 -1.000 
0.000 0.000 0.000 0.000 0.000 0.000 0.000 0.000 0.000 0.000 0.000 0.000 0.000 0.000 0.000 0.000 0.000 0.000 0.000 0.000 0.000 -0.122 -0.253 -0.450 -0.686 -0.894 -0.997 -0.952 -0.778 -0.544 -0.326 -0.167 0.000 0.000 0.000 0.000 -0.160 -0.314 -0.530 -0.765 -0.944 
0.000 0.000 0.000 0.000 0.000 0.000 0.000 0.000 0.000 0.000 0.000 0.000 0.000 0.000 0.000 0.000 0.000 0.000 0.000 0.000 0.000 0.000 -0.141 -0.284 -0.491 -0.727 -0.922 -1.000 -0.928 -0.738 -0.502 -0.292 -0.146 0.000 0.000 0.000 0.000 -0.182 -0.349 -0.573 -0.803 
0.000 0.000 0.000 0.000 0.000 0.000 0.000 0.000 0.000 0.000 0.000 0.000 0.000 0.000 0.000 0.000 0.000 0.000 0.000 0.000 0.000 0.000 0.000 -0.161 -0.317 -0.533 -0.768 -0.946 -0.998 -0.901 -0.696 -0.461 -0.261 -0.126 0.000 0.000 0.000 0.000 -0.207 -0.386 -0.616 
0.000 0.000 0.000 0.000 0.000 0.000 0.000 0.000 0.000 0.000 0.000 0.000 0.000 0.000 0.000 0.000 0.000 0.000 0.000 0.000 0.000 0.000 0.000 0.000 -0.184 -0.352 -0.576 -0.806 -0.966 -0.991 -0.870 -0.654 -0.421 -0.232 -0.109 0.000 0.000 0.000 -0.111 -0.235 -0.425 
0.000 0.000 0.000 0.000 0.000 0.000 0.000 0.000 0.000 0.000 0.000 0.000 0.000 0.000 0.000 0.000 0.000 0.000 0.000 0.000 0.000 0.000 0.000 0.000 0.000 -0.209 -0.389 -0.619 -0.843 -0.982 -0.979 -0.836 -0.611 -0.382 -0.205 0.000 0.000 0.000 0.000 -0.128 -0.264 
0.000 0.000 0.000 0.000 0.000 0.000 0.000 0.000 0.000 0.000 0.000 0.000 0.000 0.000 0.000 0.000 0.000 0.000 0.000 0.000 0.000 0.000 0.000 0.000 0.000 -0.112 -0.237 -0.428 -0.662 -0.876 -0.993 -0.963 -0.799 -0.568 -0.345 -0.180 0.000 0.000 0.000 0.000 -0.148 
0.000 0.000 0.000 0.000 0.000 0.000 0.000 0.000 0.000 0.000 0.000 0.000 0.000 0.000 0.000 0.000 0.000 0.000 0.000 0.000 0.000 0.000 0.000 0.000 0.000 0.000 -0.130 -0.267 -0.468 -0.704 -0.907 -0.999 -0.942 -0.760 -0.525 -0.311 -0.157 0.000 0.000 0.000 0.000 
0.000 0.000 0.000 0.000 0.000 0.000 0.000 0.000 0.000 0.000 0.000 0.000 0.000 0.000 0.000 0.000 0.000 0.000 0.000 0.000 0.000 0.000 0.000 0.000 0.000 0.000 0.000 -0.150 -0.298 -0.510 -0.746 -0.933 -1.000 -0.917 -0.720 -0.483 -0.278 -0.137 0.000 0.000 0.000 
0.000 0.000 0.000 0.000 0.000 0.000 0.000 0.000 0.000 0.000 0.000 0.000 0.000 0.000 0.000 0.000 0.000 0.000 0.000 0.000 0.000 0.000 0.000 0.000 0.000 0.000 0.000 0.000 -0.171 -0.332 -0.552 -0.785 -0.956 -0.996 -0.888 -0.678 -0.443 -0.247 -0.118 0.000 0.000 
# 2 1 42 41
0.000 0.000 -0.111 -0.235 -0.425 -0.659 -0.874 -0.992 -0.964 -0.802 -0.571 -0.348 -0.181 0.000 0.000 0.000 0.000 0.000 0.000 0.000 0.000 0.000 0.000 0.000 0.000 0.000 0.000 0.000 0.000 0.000 0.000 0.000 0.000 0.000 0.000 0.000 0.000 0.000 0.000 0.000 0.000 
0.000 0.000 0.000 -0.113 -0.239 -0.431 -0.665 -0.878 -0.993 -0.962 -0.797 -0.565 -0.343 -0.178 0.000 0.000 0.000 0.000 0.000 0.000 0.000 0.000 0.000 0.000 0.000 0.000 0.000 0.000 0.000 0.000 0.000 0.000 0.000 0.000 0.000 0.000 0.000 0.000 0.000 0.000 0.000 
-0.105 0.000 0.000 0.000 -0.116 -0.243 -0.436 -0.670 -0.883 -0.994 -0.959 -0.792 -0.559 -0.338 -0.175 0.000 0.000 0.000 0.000 0.000 0.000 0.000 0.000 0.000 0.000 0.000 0.000 0.000 0.000 0.000 0.000 0.000 0.000 0.000 0.000 0.000 0.000 0.000 0.000 0.000 0.000 
-0.220 -0.103 0.000 0.000 0.000 -0.118 -0.246 -0.441 -0.676 -0.887 -0.995 -0.956 -0.787 -0.554 -0.334 -0.172 0.000 0.000 0.000 0.000 0.000 0.000 0.000 0.000 0.000 0.000 0.000 0.000 0.000 0.000 0.000 0.000 0.000 0.000 0.000 0.000 0.000 0.000 0.000 0.000 0.000 
-0.400 -0.217 -0.101 0.000 0.000 0.000 -0.120 -0.250 -0.446 -0.682 -0.891 -0.996 -0.954 -0.782 -0.548 -0.329 -0.169 0.000 0.000 0.000 0.000 0.000 0.000 0.000 0.000 0.000 0.000 0.000 0.000 0.000 0.000 0.000 0.000 0.000 0.000 0.000 0.000 0.000 0.000 0.000 0.000 
-0.625 -0.394 -0.213 0.000 0.000 0.000 0.000 -0.122 -0.254 -0.452 -0.687 -0.895 -0.997 -0.951 -0.776 -0.543 -0.325 -0.166 0.000 0.000 0.000 0.000 0.000 0.000 0.000 0.000 0.000 0.000 0.000 0.000 0.000 0.000 0.000 0.000 0.000 0.000 0.000 0.000 0.000 0.000 0.000 
-0.843 -0.619 -0.389 -0.210 0.000 0.000 0.000 0.000 -0.125 -0.258 -0.457 -0.693 -0.899 -0.998 -0.948 -0.771 -0.537 -0.320 -0.163 0.000 0.000 0.000 0.000 0.000 0.000 0.000 0.000 0.000 0.000 0.000 0.000 0.000 0.000 0.000 0.000 0.000 0.000 0.000 0.000 0.000 0.000 
-0.980 -0.838 -0.614 -0.384 -0.206 0.000 0.000 0.000 0.000 -0.127 -0.262 -0.463 -0.698 -0.902 -0.998 -0.945 -0.766 -0.531 -0.315 -0.160 0.000 0.000 0.000 0.000 0.000 0.000 0.000 0.000 0.000 0.000 0.000 0.000 0.000 0.000 0.000 0.000 0.000 0.000 0.000 0.000 0.000 
-0.983 -0.978 -0.834 -0.608 -0.379 -0.203 0.000 0.000 0.000 0.000 -0.130 -0.266 -0.468 -0.704 -0.906 -0.999 -0.942 -0.761 -0.526 -0.311 -0.157 0.000 0.000 0.000 0.000 0.000 0.000 0.000 0.000 0.000 0.000 0.000 0.000 0.000 0.000 0.000 0.000 0.000 0.000 0.000 0.000 
-0.850 -0.985 -0.976 -0.829 -0.602 -0.375 -0.199 0.000 0.000 0.000 0.000 -0.132 -0.270 -0.473 -0.709 -0.910 -0.999 -0.939 -0.755 -0.520 -0.307 -0.155 0.000 0.000 0.000 0.000 0.000 0.000 0.000 0.000 0.000 0.000 0.000 0.000 0.000 0.000 0.000 0.000 0.000 0.000 0.000 
-0.633 -0.854 -0.986 -0.974 -0.824 -0.597 -0.370 -0.196 0.000 0.000 0.000 0.000 -0.135 -0.274 -0.479 -0.715 -0.914 -1.000 -0.936 -0.750 -0.515 -0.302 -0.152 0.000 0.000 0.000 0.000 0.000 0.000 0.000 0.000 0.000 0.000 0.000 0.000 0.000 0.000 0.000 0.000 0.000 0.000 
-0.407 -0.639 -0.859 -0.988 -0.972 -0.819 -0.591 -0.365 -0.193 0.000 0.000 0.000 0.000 -0.137 -0.279 -0.484 -0.720 -0.917 -1.000 -0.933 -0.745 -0.509 -0.298 -0.149 0.000 0.000 0.000 0.000 0.000 0.000 0.000 0.000 0.000 0.000 0.000 0.000 0.000 0.000 0.000 0.000 0.000 
-0.226 -0.412 -0.645 -0.863 -0.989 -0.970 -0.814 -0.585 -0.360 -0.189 0.000 0.000 0.000 0.000 -0.140 -0.283 -0.490 -0.726 -0.921 -1.000 -0.929 -0.739 -0.503 -0.293 -0.146 0.000 0.000 0.000 0.000 0.000 0.000 0.000 0.000 0.000 0.000 0.000 0.000 0.000 0.000 0.000 0.000 
-0.108 -0.229 -0.417 -0.650 -0.868 -0.990 -0.968 -0.809 -0.579 -0.355 -0.186 0.000 0.000 0.000 0.000 -0.142 -0.287 -0.495 -0.731 -0.924 -1.000 -0.926 -0.734 -0.498 -0.289 -0.144 0.000 0.000 0.000 0.000 0.000 0.000 0.000 0.000 0.000 0.000 0.000 0.000 0.000 0.000 0.000 
0.000 -0.110 -0.233 -0.423 -0.656 -0.872 -0.992 -0.965 -0.804 -0.574 -0.350 -0.183 0.000 0.000 0.000 0.000 -0.145 -0.291 -0.501 -0.737 -0.928 -1.000 -0.923 -0.728 -0.492 -0.285 -0.141 0.000 0.000 0.000 0.000 0.000 0.000 0.000 0.000 0.000 0.000 0.000 0.000 0.000 0.000 
0.000 0.000 -0.112 -0.237 -0.428 -0.662 -0.876 -0.993 -0.963 -0.799 -0.568 -0.346 -0.180 0.000 0.000 0.000 0.000 -0.148 -0.296 -0.506 -0.742 -0.931 -1.000 -0.919 -0.723 -0.487 -0.281 -0.138 0.000 0.000 0.000 0.000 0.000 0.000 0.000 0.000 0.000 0.000 0.000 0.000 0.000 
0.000 0.000 0.000 -0.114 -0.241 -0.433 -0.667 -0.880 -0.994 -0.960 -0.794 -0.562 -0.341 -0.177 0.000 0.000 0.000 0.000 -0.151 -0.300 -0.512 -0.748 -0.934 -1.000 -0.915 -0.718 -0.481 -0.276 -0.136 0.000 0.000 0.000 0.000 0.000 0.000 0.000 0.000 0.000 0.000 0.000 0.000 
0.000 0.000 0.000 0.000 -0.117 -0.244 -0.438 -0.673 -0.884 -0.995 -0.958 -0.789 -0.557 -0.336 -0.174 0.000 0.000 0.000 0.000 -0.153 -0.304 -0.517 -0.753 -0.938 -0.999 -0.912 -0.712 -0.476 -0.272 -0.133 0.000 0.000 0.000 0.000 0.000 0.000 0.000 0.000 0.000 0.000 0.000 
0.000 0.000 0.000 0.000 0.000 -0.119 -0.248 -0.444 -0.679 -0.889 -0.996 -0.955 -0.784 -0.551 -0.332 -0.171 0.000 0.000 0.000 0.000 -0.156 -0.309 -0.523 -0.758 -0.941 -0.999 -0.908 -0.707 -0.471 -0.268 -0.131 0.000 0.000 0.000 0.000 0.000 0.000 0.000 0.000 0.000 0.000 
0.000 0.000 0.000 0.000 0.000 0.000 -0.121 -0.252 -0.449 -0.684 -0.893 -0.997 -0.952 -0.779 -0.545 -0.327 -0.168 0.000 0.000 0.000 0.000 -0.159 -0.313 -0.529 -0.763 -0.944 -0.999 -0.904 -0.701 -0.465 -0.264 -0.128 0.000 0.000 0.000 0.000 0.000 0.000 0.000 0.000 0.000 
0.000 0.000 0.000 0.000 0.000 0.000 0.000 -0.124 -0.256 -0.454 -0.690 -0.897 -0.997 -0.950 -0.774 -0.540 -0.322 -0.165 0.000 0.000 0.000 0.000 -0.162 -0.318 -0.534 -0.769 -0.947 -0.998 -0.900 -0.695 -0.460 -0.260 -0.126 0.000 0.000 0.000 0.000 0.000 0.000 0.000 0.000 
0.000 0.000 0.000 0.000 0.000 0.000 0.000 0.000 -0.126 -0.260 -0.460 -0.695 -0.900 -0.998 -0.947 -0.769 -0.534 -0.318 -0.162 0.000 0.000 0.000 0.000 -0.165 -0.322 -0.540 -0.774 -0.950 -0.997 -0.897 -0.690 -0.454 -0.256 -0.124 0.000 0.000 0.000 0.000 0.000 0.000 0.000 
0.000 0.000 0.000 0.000 0.000 0.000 0.000 0.000 0.000 -0.128 -0.264 -0.465 -0.701 -0.904 -0.999 -0.944 -0.763 -0.529 -0.313 -0.159 0.000 0.000 0.000 0.000 -0.168 -0.327 -0.545 -0.779 -0.952 -0.997 -0.893 -0.684 -0.449 -0.252 -0.121 0.000 0.000 0.000 0.000 0.000 0.000 
0.000 0.000 0.000 0.000 0.000 0.000 0.000 0.000 0.000 0.000 -0.131 -0.268 -0.471 -0.707 -0.908 -0.999 -0.941 -0.758 -0.523 -0.309 -0.156 0.000 0.000 0.000 0.000 -0.171 -0.332 -0.551 -0.784 -0.955 -0.996 -0.889 -0.679 -0.444 -0.248 -0.119 0.000 0.000 0.000 0.000 0.000 
0.000 0.000 0.000 0.000 0.000 0.000 0.000 0.000 0.000 0.000 0.000 -0.133 -0.272 -0.476 -0.712 -0.912 -0.999 -0.938 -0.753 -0.517 -0.304 -0.153 0.000 0.000 0.000 0.000 -0.174 -0.336 -0.557 -0.789 -0.958 -0.995 -0.884 -0.673 -0.438 -0.244 -0.117 0.000 0.000 0.000 0.000 
0.000 0.000 0.000 0.000 0.000 0.000 0.000 0.000 0.000 0.000 0.000 0.000 -0.136 -0.276 -0.481 -0.718 -0.915 -1.000 -0.934 -0.748 -0.512 -0.300 -0.151 0.000 0.000 0.000 0.000 -0.177 -0.341 -0.562 -0.794 -0.960 -0.994 -0.880 -0.667 -0.433 -0.241 -0.114 0.000 0.000 0.000 
0.000 0.000 0.000 0.000 0.000 0.000 0.000 0.000 0.000 0.000 0.000 0.000 0.000 -0.138 -0.281 -0.487 -0.723 -0.919 -1.000 -0.931 -0.742 -0.506 -0.296 -0.148 0.000 0.000 0.000 0.000 -0.180 -0.346 -0.568 -0.799 -0.963 -0.993 -0.876 -0.662 -0.428 -0.237 -0.112 0.000 0.000 
0.000 0.000 0.000 0.000 0.000 0.000 0.000 0.000 0.000 0.000 0.000 0.000 0.000 0.000 -0.141 -0.285 -0.492 -0.728 -0.923 -1.000 -0.928 -0.737 -0.501 -0.291 -0.145 0.000 0.000 0.000 0.000 -0.183 -0.350 -0.574 -0.804 -0.965 -0.992 -0.872 -0.656 -0.423 -0.233 -0.110 0.000 
0.000 0.000 0.000 0.000 0.000 0.000 0.000 0.000 0.000 0.000 0.000 0.000 0.000 0.000 0.000 -0.144 -0.289 -0.498 -0.734 -0.926 -1.000 -0.924 -0.731 -0.495 -0.287 -0.142 0.000 0.000 0.000 0.000 -0.186 -0.355 -0.579 -0.809 -0.968 -0.990 -0.868 -0.650 -0.417 -0.229 -0.108 
0.000 0.000 0.000 0.000 0.000 0.000 0.000 0.000 0.000 0.000 0.000 0.000 0.000 0.000 0.000 0.000 -0.146 -0.293 -0.503 -0.739 -0.929 -1.000 -0.921 -0.726 -0.490 -0.283 -0.140 0.000 0.000 0.000 0.000 -0.189 -0.360 -0.585 -0.814 -0.970 -0.989 -0.863 -0.645 -0.412 -0.226 
0.000 0.000 0.000 0.000 0.000 0.000 0.000 0.000 0.000 0.000 0.000 0.000 0.000 0.000 0.000 0.000 0.000 -0.149 -0.298 -0.509 -0.745 -0.933 -1.000 -0.917 -0.720 -0.484 -0.279 -0.137 0.000 0.000 0.000 0.000 -0.193 -0.365 -0.591 -0.819 -0.972 -0.988 -0.859 -0.639 -0.407 
0.000 0.000 0.000 0.000 0.000 0.000 0.000 0.000 0.000 0.000 0.000 0.000 0.000 0.000 0.000 0.000 0.000 0.000 -0.152 -0.302 -0.515 -0.750 -0.936 -1.000 -0.914 -0.715 -0.479 -0.274 -0.135 0.000 0.000 0.000 0.000 -0.196 -0.370 -0.597 -0.824 -0.974 -0.986 -0.854 -0.633 
0.000 0.000 0.000 0.000 0.000 0.000 0.000 0.000 0.000 0.000 0.000 0.000 0.000 0.000 0.000 0.000 0.000 0.000 0.000 -0.155 -0.307 -0.520 -0.755 -0.939 -0.999 -0.910 -0.709 -0.473 -0.270 -0.132 0.000 0.000 0.000 0.000 -0.199 -0.375 -0.602 -0.829 -0.976 -0.985 -0.850 
0.000 0.000 0.000 0.000 0.000 0.000 0.000 0.000 0.000 0.000 0.000 0.000 0.000 0.000 0.000 0.000 0.000 0.000 0.000 0.000 -0.157 -0.311 -0.526 -0.761 -0.942 -0.999 -0.906 -0.704 -0.468 -0.266 -0.130 0.000 0.000 0.000 0.000 -0.203 -0.379 -0.608 -0.834 -0.978 -0.983 
0.000 0.000 0.000 0.000 0.000 0.000 0.000 0.000 0.000 0.000 0.000 0.000 0.000 0.000 0.000 0.000 0.000 0.000 0.000 0.000 0.000 -0.160 -0.315 -0.531 -0.766 -0.945 -0.998 -0.902 -0.698 -0.463 -0.262 -0.127 0.000 0.000 0.000 0.000 -0.206 -0.384 -0.614 -0.838 -0.980 
0.000 0.000 0.000 0.000 0.000 0.000 0.000 0.000 0.000 0.000 0.000 0.000 0.000 0.000 0.000 0.000 0.000 0.000 0.000 0.000 0.000 0.000 -0.163 -0.320 -0.537 -0.771 -0.948 -0.998 -0.899 -0.693 -0.457 -0.258 -0.125 0.000 0.000 0.000 0.000 -0.210 -0.389 -0.619 -0.843 
0.000 0.000 0.000 0.000 0.000 0.000 0.000 0.000 0.000 0.000 0.000 0.000 0.000 0.000 0.000 0.000 0.000 0.000 0.000 0.000 0.000 0.000 0.000 -0.166 -0.325 -0.543 -0.776 -0.951 -0.997 -0.895 -0.687 -0.452 -0.254 -0.122 0.000 0.000 0.000 0.000 -0.213 -0.394 -0.625 
0.000 0.000 0.000 0.000 0.000 0.000 0.000 0.000 0.000 0.000 0.000 0.000 0.000 0.000 0.000 0.000 0.000 0.000 0.000 0.000 0.000 0.000 0.000 0.000 -0.169 -0.329 -0.548 -0.782 -0.954 -0.996 -0.891 -0.682 -0.446 -0.250 -0.120 0.000 0.000 0.000 -0.101 -0.217 -0.400 
0.000 0.000 0.000 0.000 0.000 0.000 0.000 0.000 0.000 0.000 0.000 0.000 0.000 0.000 0.000 0.000 0.000 0.000 0.000 0.000 0.000 0.000 0.000 0.000 0.000 -0.172 -0.334 -0.554 -0.787 -0.956 -0.995 -0.887 -0.676 -0.441 -0.246 -0.118 0.000 0.000 0.000 -0.103 -0.220 
0.000 0.000 0.000 0.000 0.000 0.000 0.000 0.000 0.000 0.000 0.000 0.000 0.000 0.000 0.000 0.000 0.000 0.000 0.000 0.000 0.000 0.000 0.000 0.000 0.000 0.000 -0.175 -0.338 -0.559 -0.792 -0.959 -0.994 -0.883 -0.670 -0.436 -0.243 -0.116 0.000 0.000 0.000 -0.105 
0.000 0.000 0.000 0.000 0.000 0.000 0.000 0.000 0.000 0.000 0.000 0.000 0.000 0.000 0.000 0.000 0.000 0.000 0.000 0.000 0.000 0.000 0.000 0.000 0.000 0.000 0.000 -0.178 -0.343 -0.565 -0.797 -0.962 -0.993 -0.878 -0.665 -0.431 -0.239 -0.113 0.000 0.000 0.000 
0.000 0.000 0.000 0.000 0.000 0.000 0.000 0.000 0.000 0.000 0.000 0.000 0.000 0.000 0.000 0.000 0.000 0.000 0.000 0.000 0.000 0.000 0.000 0.000 0.000 0.000 0.000 0.000 -0.181 -0.348 -0.571 -0.802 -0.964 -0.992 -0.874 -0.659 -0.425 -0.235 -0.111 0.000 0.000 
