3.682778
5
# 0 1 5 50
0.555 0.725 0.875 0.974 1.000 1.000 0.974 0.875 0.725 0.555 0.392 0.255 0.154 0.000 0.000 0.000 0.000 0.000 0.000 0.000 0.000 0.000 0.000 0.000 0.000 0.000 0.000 0.000 0.000 0.000 0.000 0.000 0.000 0.000 0.000 0.000 0.000 0.000 0.000 0.000 0.000 0.000 0.000 0.000 0.000 0.000 0.000 0.000 0.000 0.000 
0.000 0.000 0.000 0.000 0.000 0.000 0.000 0.154 0.255 0.392 0.555 0.725 0.875 0.974 1.000 1.000 0.974 0.875 0.725 0.555 0.392 0.255 0.154 0.000 0.000 0.000 0.000 0.000 0.000 0.000 0.000 0.000 0.000 0.000 0.000 0.000 0.000 0.000 0.000 0.000 0.000 0.000 0.000 0.000 0.000 0.000 0.000 0.000 0.000 0.000 
0.000 0.000 0.000 0.000 0.000 0.000 0.000 0.000 0.000 0.000 0.000 0.000 0.000 0.000 0.000 0.000 0.000 0.154 0.255 0.392 0.555 0.725 0.875 0.974 1.000 1.000 0.974 0.875 0.725 0.555 0.392 0.255 0.154 0.000 0.000 0.000 0.000 0.000 0.000 0.000 0.000 0.000 0.000 0.000 0.000 0.000 0.000 0.000 0.000 0.000 
0.000 0.000 0.000 0.000 0.000 0.000 0.000 0.000 0.000 0.000 0.000 0.000 0.000 0.000 0.000 0.000 0.000 0.000 0.000 0.000 0.000 0.000 0.000 0.000 0.000 0.000 0.000 0.154 0.255 0.392 0.555 0.725 0.875 0.974 1.000 1.000 0.974 0.875 0.725 0.555 0.392 0.255 0.154 0.000 0.000 0.000 0.000 0.000 0.000 0.000 
0.000 0.000 0.000 0.000 0.000 0.000 0.000 0.000 0.000 0.000 0.000 0.000 0.000 0.000 0.000 0.000 0.000 0.000 0.000 0.000 0.000 0.000 0.000 0.000 0.000 0.000 0.000 0.000 0.000 0.000 0.000 0.000 0.000 0.000 0.000 0.000 0.000 0.154 0.255 0.392 0.555 0.725 0.875 0.974 1.000 1.000 0.974 0.875 0.725 0.555 
# 0 2 37 50
0.990 0.999 0.948 0.830 0.670 0.500 0.344 0.218 0.128 0.000 0.000 0.000 0.000 0.000 0.000 0.000 0.000 0.000 0.000 0.000 0.000 0.000 0.000 0.000 0.000 0.000 0.000 0.000 0.000 0.000 0.000 0.000 0.000 0.000 0.000 0.000 0.000 0.000 0.000 0.000 0.000 0.000 0.000 0.000 0.000 0.000 0.000 0.000 0.000 0.000 
0.971 0.999 0.998 0.974 0.877 0.729 0.559 0.396 0.258 0.156 0.000 0.000 0.000 0.000 0.000 0.000 0.000 0.000 0.000 0.000 0.000 0.000 0.000 0.000 0.000 0.000 0.000 0.000 0.000 0.000 0.000 0.000 0.000 0.000 0.000 0.000 0.000 0.000 0.000 0.000 0.000 0.000 0.000 0.000 0.000 0.000 0.000 0.000 0.000 0.000 
0.822 0.943 0.998 0.988 0.992 0.919 0.785 0.619 0.451 0.303 0.188 0.107 0.000 0.000 0.000 0.000 0.000 0.000 0.000 0.000 0.000 0.000 0.000 0.000 0.000 0.000 0.000 0.000 0.000 0.000 0.000 0.000 0.000 0.000 0.000 0.000 0.000 0.000 0.000 0.000 0.000 0.000 0.000 0.000 0.000 0.000 0.000 0.000 0.000 0.000 
0.601 0.768 0.907 0.987 0.992 1.000 0.952 0.837 0.679 0.509 0.351 0.224 0.132 0.000 0.000 0.000 0.000 0.000 0.000 0.000 0.000 0.000 0.000 0.000 0.000 0.000 0.000 0.000 0.000 0.000 0.000 0.000 0.000 0.000 0.000 0.000 0.000 0.000 0.000 0.000 0.000 0.000 0.000 0.000 0.000 0.000 0.000 0.000 0.000 0.000 
0.379 0.541 0.711 0.863 0.967 1.000 0.998 0.978 0.884 0.738 0.568 0.404 0.265 0.160 0.000 0.000 0.000 0.000 0.000 0.000 0.000 0.000 0.000 0.000 0.000 0.000 0.000 0.000 0.000 0.000 0.000 0.000 0.000 0.000 0.000 0.000 0.000 0.000 0.000 0.000 0.000 0.000 0.000 0.000 0.000 0.000 0.000 0.000 0.000 0.000 
0.207 0.329 0.482 0.652 0.814 0.938 0.997 0.986 0.994 0.924 0.793 0.629 0.460 0.310 0.193 0.111 0.000 0.000 0.000 0.000 0.000 0.000 0.000 0.000 0.000 0.000 0.000 0.000 0.000 0.000 0.000 0.000 0.000 0.000 0.000 0.000 0.000 0.000 0.000 0.000 0.000 0.000 0.000 0.000 0.000 0.000 0.000 0.000 0.000 0.000 
0.000 0.172 0.282 0.425 0.591 0.760 0.900 0.985 0.994 1.000 0.957 0.845 0.688 0.518 0.359 0.230 0.136 0.000 0.000 0.000 0.000 0.000 0.000 0.000 0.000 0.000 0.000 0.000 0.000 0.000 0.000 0.000 0.000 0.000 0.000 0.000 0.000 0.000 0.000 0.000 0.000 0.000 0.000 0.000 0.000 0.000 0.000 0.000 0.000 0.000 
0.000 0.000 0.142 0.239 0.371 0.531 0.702 0.856 0.963 1.000 0.996 0.981 0.891 0.747 0.578 0.412 0.272 0.165 0.000 0.000 0.000 0.000 0.000 0.000 0.000 0.000 0.000 0.000 0.000 0.000 0.000 0.000 0.000 0.000 0.000 0.000 0.000 0.000 0.000 0.000 0.000 0.000 0.000 0.000 0.000 0.000 0.000 0.000 0.000 0.000 
0.000 0.000 0.000 0.116 0.201 0.321 0.473 0.643 0.806 0.933 0.996 0.983 0.995 0.930 0.802 0.638 0.468 0.317 0.198 0.115 0.000 0.000 0.000 0.000 0.000 0.000 0.000 0.000 0.000 0.000 0.000 0.000 0.000 0.000 0.000 0.000 0.000 0.000 0.000 0.000 0.000 0.000 0.000 0.000 0.000 0.000 0.000 0.000 0.000 0.000 
0.000 0.000 0.000 0.000 0.000 0.168 0.275 0.416 0.582 0.751 0.894 0.982 0.996 1.000 0.961 0.852 0.698 0.527 0.367 0.236 0.140 0.000 0.000 0.000 0.000 0.000 0.000 0.000 0.000 0.000 0.000 0.000 0.000 0.000 0.000 0.000 0.000 0.000 0.000 0.000 0.000 0.000 0.000 0.000 0.000 0.000 0.000 0.000 0.000 0.000 
0.000 0.000 0.000 0.000 0.000 0.000 0.138 0.233 0.363 0.522 0.693 0.849 0.959 1.000 0.995 0.984 0.897 0.755 0.587 0.421 0.278 0.170 0.000 0.000 0.000 0.000 0.000 0.000 0.000 0.000 0.000 0.000 0.000 0.000 0.000 0.000 0.000 0.000 0.000 0.000 0.000 0.000 0.000 0.000 0.000 0.000 0.000 0.000 0.000 0.000 
0.000 0.000 0.000 0.000 0.000 0.000 0.000 0.113 0.196 0.314 0.464 0.633 0.798 0.927 0.994 0.984 0.997 0.935 0.810 0.647 0.477 0.325 0.204 0.118 0.000 0.000 0.000 0.000 0.000 0.000 0.000 0.000 0.000 0.000 0.000 0.000 0.000 0.000 0.000 0.000 0.000 0.000 0.000 0.000 0.000 0.000 0.000 0.000 0.000 0.000 
0.000 0.000 0.000 0.000 0.000 0.000 0.000 0.000 0.000 0.163 0.268 0.408 0.573 0.742 0.887 0.979 0.997 1.000 0.965 0.860 0.707 0.536 0.375 0.242 0.145 0.000 0.000 0.000 0.000 0.000 0.000 0.000 0.000 0.000 0.000 0.000 0.000 0.000 0.000 0.000 0.000 0.000 0.000 0.000 0.000 0.000 0.000 0.000 0.000 0.000 
0.000 0.000 0.000 0.000 0.000 0.000 0.000 0.000 0.000 0.000 0.134 0.227 0.355 0.513 0.684 0.841 0.955 1.000 0.993 0.986 0.904 0.764 0.596 0.429 0.285 0.175 0.000 0.000 0.000 0.000 0.000 0.000 0.000 0.000 0.000 0.000 0.000 0.000 0.000 0.000 0.000 0.000 0.000 0.000 0.000 0.000 0.000 0.000 0.000 0.000 
0.000 0.000 0.000 0.000 0.000 0.000 0.000 0.000 0.000 0.000 0.000 0.109 0.190 0.306 0.455 0.624 0.789 0.921 0.993 0.987 0.998 0.940 0.818 0.656 0.486 0.332 0.210 0.122 0.000 0.000 0.000 0.000 0.000 0.000 0.000 0.000 0.000 0.000 0.000 0.000 0.000 0.000 0.000 0.000 0.000 0.000 0.000 0.000 0.000 0.000 
0.000 0.000 0.000 0.000 0.000 0.000 0.000 0.000 0.000 0.000 0.000 0.000 0.000 0.158 0.262 0.400 0.564 0.733 0.881 0.976 0.998 0.999 0.969 0.867 0.716 0.545 0.383 0.249 0.149 0.000 0.000 0.000 0.000 0.000 0.000 0.000 0.000 0.000 0.000 0.000 0.000 0.000 0.000 0.000 0.000 0.000 0.000 0.000 0.000 0.000 
0.000 0.000 0.000 0.000 0.000 0.000 0.000 0.000 0.000 0.000 0.000 0.000 0.000 0.000 0.130 0.221 0.348 0.504 0.675 0.833 0.950 0.999 0.991 0.989 0.910 0.773 0.605 0.438 0.292 0.180 0.102 0.000 0.000 0.000 0.000 0.000 0.000 0.000 0.000 0.000 0.000 0.000 0.000 0.000 0.000 0.000 0.000 0.000 0.000 0.000 
0.000 0.000 0.000 0.000 0.000 0.000 0.000 0.000 0.000 0.000 0.000 0.000 0.000 0.000 0.000 0.106 0.185 0.299 0.446 0.615 0.781 0.916 0.991 0.989 0.999 0.945 0.826 0.666 0.495 0.340 0.215 0.126 0.000 0.000 0.000 0.000 0.000 0.000 0.000 0.000 0.000 0.000 0.000 0.000 0.000 0.000 0.000 0.000 0.000 0.000 
0.000 0.000 0.000 0.000 0.000 0.000 0.000 0.000 0.000 0.000 0.000 0.000 0.000 0.000 0.000 0.000 0.000 0.153 0.255 0.391 0.554 0.725 0.874 0.973 0.999 0.999 0.973 0.874 0.725 0.554 0.391 0.255 0.153 0.000 0.000 0.000 0.000 0.000 0.000 0.000 0.000 0.000 0.000 0.000 0.000 0.000 0.000 0.000 0.000 0.000 
0.000 0.000 0.000 0.000 0.000 0.000 0.000 0.000 0.000 0.000 0.000 0.000 0.000 0.000 0.000 0.000 0.000 0.000 0.126 0.215 0.340 0.495 0.666 0.826 0.945 0.999 0.989 0.991 0.916 0.781 0.615 0.446 0.299 0.185 0.106 0.000 0.000 0.000 0.000 0.000 0.000 0.000 0.000 0.000 0.000 0.000 0.000 0.000 0.000 0.000 
0.000 0.000 0.000 0.000 0.000 0.000 0.000 0.000 0.000 0.000 0.000 0.000 0.000 0.000 0.000 0.000 0.000 0.000 0.000 0.102 0.180 0.292 0.438 0.605 0.773 0.910 0.989 0.991 0.999 0.950 0.833 0.675 0.504 0.348 0.221 0.130 0.000 0.000 0.000 0.000 0.000 0.000 0.000 0.000 0.000 0.000 0.000 0.000 0.000 0.000 
0.000 0.000 0.000 0.000 0.000 0.000 0.000 0.000 0.000 0.000 0.000 0.000 0.000 0.000 0.000 0.000 0.000 0.000 0.000 0.000 0.000 0.149 0.249 0.383 0.545 0.716 0.867 0.969 0.999 0.998 0.976 0.881 0.733 0.564 0.400 0.262 0.158 0.000 0.000 0.000 0.000 0.000 0.000 0.000 0.000 0.000 0.000 0.000 0.000 0.000 
0.000 0.000 0.000 0.000 0.000 0.000 0.000 0.000 0.000 0.000 0.000 0.000 0.000 0.000 0.000 0.000 0.000 0.000 0.000 0.000 0.000 0.000 0.122 0.210 0.332 0.486 0.656 0.818 0.940 0.998 0.987 0.993 0.921 0.789 0.624 0.455 0.306 0.190 0.109 0.000 0.000 0.000 0.000 0.000 0.000 0.000 0.000 0.000 0.000 0.000 
0.000 0.000 0.000 0.000 0.000 0.000 0.000 0.000 0.000 0.000 0.000 0.000 0.000 0.000 0.000 0.000 0.000 0.000 0.000 0.000 0.000 0.000 0.000 0.000 0.175 0.285 0.429 0.596 0.764 0.904 0.986 0.993 1.000 0.955 0.841 0.684 0.513 0.355 0.227 0.134 0.000 0.000 0.000 0.000 0.000 0.000 0.000 0.000 0.000 0.000 
0.000 0.000 0.000 0.000 0.000 0.000 0.000 0.000 0.000 0.000 0.000 0.000 0.000 0.000 0.000 0.000 0.000 0.000 0.000 0.000 0.000 0.000 0.000 0.000 0.000 0.145 0.242 0.375 0.536 0.707 0.860 0.965 1.000 0.997 0.979 0.887 0.742 0.573 0.408 0.268 0.163 0.000 0.000 0.000 0.000 0.000 0.000 0.000 0.000 0.000 
0.000 0.000 0.000 0.000 0.000 0.000 0.000 0.000 0.000 0.000 0.000 0.000 0.000 0.000 0.000 0.000 0.000 0.000 0.000 0.000 0.000 0.000 0.000 0.000 0.000 0.000 0.118 0.204 0.325 0.477 0.647 0.810 0.935 0.997 0.984 0.994 0.927 0.798 0.633 0.464 0.314 0.196 0.113 0.000 0.000 0.000 0.000 0.000 0.000 0.000 
0.000 0.000 0.000 0.000 0.000 0.000 0.000 0.000 0.000 0.000 0.000 0.000 0.000 0.000 0.000 0.000 0.000 0.000 0.000 0.000 0.000 0.000 0.000 0.000 0.000 0.000 0.000 0.000 0.170 0.278 0.421 0.587 0.755 0.897 0.984 0.995 1.000 0.959 0.849 0.693 0.522 0.363 0.233 0.138 0.000 0.000 0.000 0.000 0.000 0.000 
0.000 0.000 0.000 0.000 0.000 0.000 0.000 0.000 0.000 0.000 0.000 0.000 0.000 0.000 0.000 0.000 0.000 0.000 0.000 0.000 0.000 0.000 0.000 0.000 0.000 0.000 0.000 0.000 0.000 0.140 0.236 0.367 0.527 0.698 0.852 0.961 1.000 0.996 0.982 0.894 0.751 0.582 0.416 0.275 0.168 0.000 0.000 0.000 0.000 0.000 
0.000 0.000 0.000 0.000 0.000 0.000 0.000 0.000 0.000 0.000 0.000 0.000 0.000 0.000 0.000 0.000 0.000 0.000 0.000 0.000 0.000 0.000 0.000 0.000 0.000 0.000 0.000 0.000 0.000 0.000 0.115 0.198 0.317 0.468 0.638 0.802 0.930 0.995 0.983 0.996 0.933 0.806 0.643 0.473 0.321 0.201 0.116 0.000 0.000 0.000 
0.000 0.000 0.000 0.000 0.000 0.000 0.000 0.000 0.000 0.000 0.000 0.000 0.000 0.000 0.000 0.000 0.000 0.000 0.000 0.000 0.000 0.000 0.000 0.000 0.000 0.000 0.000 0.000 0.000 0.000 0.000 0.000 0.165 0.272 0.412 0.578 0.747 0.891 0.981 0.996 1.000 0.963 0.856 0.702 0.531 0.371 0.239 0.142 0.000 0.000 
0.000 0.000 0.000 0.000 0.000 0.000 0.000 0.000 0.000 0.000 0.000 0.000 0.000 0.000 0.000 0.000 0.000 0.000 0.000 0.000 0.000 0.000 0.000 0.000 0.000 0.000 0.000 0.000 0.000 0.000 0.000 0.000 0.000 0.136 0.230 0.359 0.518 0.688 0.845 0.957 1.000 0.994 0.985 0.900 0.760 0.591 0.425 0.282 0.172 0.000 
0.000 0.000 0.000 0.000 0.000 0.000 0.000 0.000 0.000 0.000 0.000 0.000 0.000 0.000 0.000 0.000 0.000 0.000 0.000 0.000 0.000 0.000 0.000 0.000 0.000 0.000 0.000 0.000 0.000 0.000 0.000 0.000 0.000 0.000 0.111 0.193 0.310 0.460 0.629 0.793 0.924 0.994 0.986 0.997 0.938 0.814 0.652 0.482 0.329 0.207 
0.000 0.000 0.000 0.000 0.000 0.000 0.000 0.000 0.000 0.000 0.000 0.000 0.000 0.000 0.000 0.000 0.000 0.000 0.000 0.000 0.000 0.000 0.000 0.000 0.000 0.000 0.000 0.000 0.000 0.000 0.000 0.000 0.000 0.000 0.000 0.000 0.160 0.265 0.404 0.568 0.738 0.884 0.978 0.998 1.000 0.967 0.863 0.711 0.541 0.379 
0.000 0.000 0.000 0.000 0.000 0.000 0.000 0.000 0.000 0.000 0.000 0.000 0.000 0.000 0.000 0.000 0.000 0.000 0.000 0.000 0.000 0.000 0.000 0.000 0.000 0.000 0.000 0.000 0.000 0.000 0.000 0.000 0.000 0.000 0.000 0.000 0.000 0.132 0.224 0.351 0.509 0.679 0.837 0.952 1.000 0.992 0.987 0.907 0.768 0.601 
0.000 0.000 0.000 0.000 0.000 0.000 0.000 0.000 0.000 0.000 0.000 0.000 0.000 0.000 0.000 0.000 0.000 0.000 0.000 0.000 0.000 0.000 0.000 0.000 0.000 0.000 0.000 0.000 0.000 0.000 0.000 0.000 0.000 0.000 0.000 0.000 0.000 0.000 0.107 0.188 0.303 0.451 0.619 0.785 0.919 0.992 0.988 0.998 0.943 0.822 
0.000 0.000 0.000 0.000 0.000 0.000 0.000 0.000 0.000 0.000 0.000 0.000 0.000 0.000 0.000 0.000 0.000 0.000 0.000 0.000 0.000 0.000 0.000 0.000 0.000 0.000 0.000 0.000 0.000 0.000 0.000 0.000 0.000 0.000 0.000 0.000 0.000 0.000 0.000 0.000 0.156 0.258 0.396 0.559 0.729 0.877 0.974 0.998 0.999 0.971 
0.000 0.000 0.000 0.000 0.000 0.000 0.000 0.000 0.000 0.000 0.000 0.000 0.000 0.000 0.000 0.000 0.000 0.000 0.000 0.000 0.000 0.000 0.000 0.000 0.000 0.000 0.000 0.000 0.000 0.000 0.000 0.000 0.000 0.000 0.000 0.000 0.000 0.000 0.000 0.000 0.000 0.128 0.218 0.344 0.500 0.670 0.830 0.948 0.999 0.990 
# 0 3 6 50
0.697 0.852 0.961 1.000 0.996 0.982 0.895 0.752 0.583 0.417 0.276 0.168 0.000 0.000 0.000 0.000 0.000 0.000 0.000 0.000 0.000 0.000 0.000 0.000 0.000 0.000 0.000 0.000 0.000 0.000 0.000 0.000 0.000 0.000 0.000 0.000 0.000 0.000 0.000 0.000 0.000 0.000 0.000 0.000 0.000 0.000 0.000 0.000 0.000 0.000 
0.000 0.000 0.000 0.000 0.115 0.200 0.319 0.471 0.640 0.804 0.931 0.996 0.982 0.996 0.931 0.804 0.640 0.471 0.319 0.200 0.115 0.000 0.000 0.000 0.000 0.000 0.000 0.000 0.000 0.000 0.000 0.000 0.000 0.000 0.000 0.000 0.000 0.000 0.000 0.000 0.000 0.000 0.000 0.000 0.000 0.000 0.000 0.000 0.000 0.000 
0.000 0.000 0.000 0.000 0.000 0.000 0.000 0.000 0.000 0.000 0.000 0.000 0.000 0.168 0.276 0.417 0.583 0.752 0.895 0.982 0.996 1.000 0.961 0.852 0.697 0.526 0.367 0.236 0.140 0.000 0.000 0.000 0.000 0.000 0.000 0.000 0.000 0.000 0.000 0.000 0.000 0.000 0.000 0.000 0.000 0.000 0.000 0.000 0.000 0.000 
0.000 0.000 0.000 0.000 0.000 0.000 0.000 0.000 0.000 0.000 0.000 0.000 0.000 0.000 0.000 0.000 0.000 0.000 0.000 0.000 0.000 0.140 0.236 0.367 0.526 0.697 0.852 0.961 1.000 0.996 0.982 0.895 0.752 0.583 0.417 0.276 0.168 0.000 0.000 0.000 0.000 0.000 0.000 0.000 0.000 0.000 0.000 0.000 0.000 0.000 
0.000 0.000 0.000 0.000 0.000 0.000 0.000 0.000 0.000 0.000 0.000 0.000 0.000 0.000 0.000 0.000 0.000 0.000 0.000 0.000 0.000 0.000 0.000 0.000 0.000 0.000 0.000 0.000 0.000 0.115 0.200 0.319 0.471 0.640 0.804 0.931 0.996 0.982 0.996 0.931 0.804 0.640 0.471 0.319 0.200 0.115 0.000 0.000 0.000 0.000 
0.000 0.000 0.000 0.000 0.000 0.000 0.000 0.000 0.000 0.000 0.000 0.000 0.000 0.000 0.000 0.000 0.000 0.000 0.000 0.000 0.000 0.000 0.000 0.000 0.000 0.000 0.000 0.000 0.000 0.000 0.000 0.000 0.000 0.000 0.000 0.000 0.000 0.000 0.168 0.276 0.417 0.583 0.752 0.895 0.982 0.996 1.000 0.961 0.852 0.697 
# 0 4 18 50
0.998 0.988 0.992 0.920 0.787 0.621 0.453 0.304 0.189 0.108 0.000 0.000 0.000 0.000 0.000 0.000 0.000 0.000 0.000 0.000 0.000 0.000 0.000 0.000 0.000 0.000 0.000 0.000 0.000 0.000 0.000 0.000 0.000 0.000 0.000 0.000 0.000 0.000 0.000 0.000 0.000 0.000 0.000 0.000 0.000 0.000 0.000 0.000 0.000 0.000 
0.697 0.852 0.961 1.000 0.996 0.982 0.895 0.752 0.583 0.417 0.276 0.168 0.000 0.000 0.000 0.000 0.000 0.000 0.000 0.000 0.000 0.000 0.000 0.000 0.000 0.000 0.000 0.000 0.000 0.000 0.000 0.000 0.000 0.000 0.000 0.000 0.000 0.000 0.000 0.000 0.000 0.000 0.000 0.000 0.000 0.000 0.000 0.000 0.000 0.000 
0.262 0.400 0.564 0.734 0.881 0.976 0.998 0.999 0.969 0.867 0.715 0.545 0.383 0.249 0.149 0.000 0.000 0.000 0.000 0.000 0.000 0.000 0.000 0.000 0.000 0.000 0.000 0.000 0.000 0.000 0.000 0.000 0.000 0.000 0.000 0.000 0.000 0.000 0.000 0.000 0.000 0.000 0.000 0.000 0.000 0.000 0.000 0.000 0.000 0.000 
0.000 0.101 0.178 0.290 0.435 0.602 0.769 0.907 0.988 0.992 1.000 0.952 0.836 0.678 0.507 0.350 0.223 0.131 0.000 0.000 0.000 0.000 0.000 0.000 0.000 0.000 0.000 0.000 0.000 0.000 0.000 0.000 0.000 0.000 0.000 0.000 0.000 0.000 0.000 0.000 0.000 0.000 0.000 0.000 0.000 0.000 0.000 0.000 0.000 0.000 
0.000 0.000 0.000 0.000 0.115 0.200 0.319 0.471 0.640 0.804 0.931 0.996 0.982 0.996 0.931 0.804 0.640 0.471 0.319 0.200 0.115 0.000 0.000 0.000 0.000 0.000 0.000 0.000 0.000 0.000 0.000 0.000 0.000 0.000 0.000 0.000 0.000 0.000 0.000 0.000 0.000 0.000 0.000 0.000 0.000 0.000 0.000 0.000 0.000 0.000 
0.000 0.000 0.000 0.000 0.000 0.000 0.000 0.131 0.223 0.350 0.507 0.678 0.836 0.952 1.000 0.992 0.988 0.907 0.769 0.602 0.435 0.290 0.178 0.101 0.000 0.000 0.000 0.000 0.000 0.000 0.000 0.000 0.000 0.000 0.000 0.000 0.000 0.000 0.000 0.000 0.000 0.000 0.000 0.000 0.000 0.000 0.000 0.000 0.000 0.000 
0.000 0.000 0.000 0.000 0.000 0.000 0.000 0.000 0.000 0.000 0.149 0.249 0.383 0.545 0.715 0.867 0.969 0.999 0.998 0.976 0.881 0.734 0.564 0.400 0.262 0.158 0.000 0.000 0.000 0.000 0.000 0.000 0.000 0.000 0.000 0.000 0.000 0.000 0.000 0.000 0.000 0.000 0.000 0.000 0.000 0.000 0.000 0.000 0.000 0.000 
0.000 0.000 0.000 0.000 0.000 0.000 0.000 0.000 0.000 0.000 0.000 0.000 0.000 0.168 0.276 0.417 0.583 0.752 0.895 0.982 0.996 1.000 0.961 0.852 0.697 0.526 0.367 0.236 0.140 0.000 0.000 0.000 0.000 0.000 0.000 0.000 0.000 0.000 0.000 0.000 0.000 0.000 0.000 0.000 0.000 0.000 0.000 0.000 0.000 0.000 
0.000 0.000 0.000 0.000 0.000 0.000 0.000 0.000 0.000 0.000 0.000 0.000 0.000 0.000 0.000 0.108 0.189 0.304 0.453 0.621 0.787 0.920 0.992 0.988 0.998 0.942 0.820 0.659 0.489 0.335 0.211 0.123 0.000 0.000 0.000 0.000 0.000 0.000 0.000 0.000 0.000 0.000 0.000 0.000 0.000 0.000 0.000 0.000 0.000 0.000 
0.000 0.000 0.000 0.000 0.000 0.000 0.000 0.000 0.000 0.000 0.000 0.000 0.000 0.000 0.000 0.000 0.000 0.000 0.123 0.211 0.335 0.489 0.659 0.820 0.942 0.998 0.988 0.992 0.920 0.787 0.621 0.453 0.304 0.189 0.108 0.000 0.000 0.000 0.000 0.000 0.000 0.000 0.000 0.000 0.000 0.000 0.000 0.000 0.000 0.000 
0.000 0.000 0.000 0.000 0.000 0.000 0.000 0.000 0.000 0.000 0.000 0.000 0.000 0.000 0.000 0.000 0.000 0.000 0.000 0.000 0.000 0.140 0.236 0.367 0.526 0.697 0.852 0.961 1.000 0.996 0.982 0.895 0.752 0.583 0.417 0.276 0.168 0.000 0.000 0.000 0.000 0.000 0.000 0.000 0.000 0.000 0.000 0.000 0.000 0.000 
0.000 0.000 0.000 0.000 0.000 0.000 0.000 0.000 0.000 0.000 0.000 0.000 0.000 0.000 0.000 0.000 0.000 0.000 0.000 0.000 0.000 0.000 0.000 0.000 0.158 0.262 0.400 0.564 0.734 0.881 0.976 0.998 0.999 0.969 0.867 0.715 0.545 0.383 0.249 0.149 0.000 0.000 0.000 0.000 0.000 0.000 0.000 0.000 0.000 0.000 
0.000 0.000 0.000 0.000 0.000 0.000 0.000 0.000 0.000 0.000 0.000 0.000 0.000 0.000 0.000 0.000 0.000 0.000 0.000 0.000 0.000 0.000 0.000 0.000 0.000 0.000 0.101 0.178 0.290 0.435 0.602 0.769 0.907 0.988 0.992 1.000 0.952 0.836 0.678 0.507 0.350 0.223 0.131 0.000 0.000 0.000 0.000 0.000 0.000 0.000 
0.000 0.000 0.000 0.000 0.000 0.000 0.000 0.000 0.000 0.000 0.000 0.000 0.000 0.000 0.000 0.000 0.000 0.000 0.000 0.000 0.000 0.000 0.000 0.000 0.000 0.000 0.000 0.000 0.000 0.115 0.200 0.319 0.471 0.640 0.804 0.931 0.996 0.982 0.996 0.931 0.804 0.640 0.471 0.319 0.200 0.115 0.000 0.000 0.000 0.000 
0.000 0.000 0.000 0.000 0.000 0.000 0.000 0.000 0.000 0.000 0.000 0.000 0.000 0.000 0.000 0.000 0.000 0.000 0.000 0.000 0.000 0.000 0.000 0.000 0.000 0.000 0.000 0.000 0.000 0.000 0.000 0.000 0.131 0.223 0.350 0.507 0.678 0.836 0.952 1.000 0.992 0.988 0.907 0.769 0.602 0.435 0.290 0.178 0.101 0.000 
0.000 0.000 0.000 0.000 0.000 0.000 0.000 0.000 0.000 0.000 0.000 0.000 0.000 0.000 0.000 0.000 0.000 0.000 0.000 0.000 0.000 0.000 0.000 0.000 0.000 0.000 0.000 0.000 0.000 0.000 0.000 0.000 0.000 0.000 0.000 0.149 0.249 0.383 0.545 0.715 0.867 0.969 0.999 0.998 0.976 0.881 0.734 0.564 0.400 0.262 
0.000 0.000 0.000 0.000 0.000 0.000 0.000 0.000 0.000 0.000 0.000 0.000 0.000 0.000 0.000 0.000 0.000 0.000 0.000 0.000 0.000 0.000 0.000 0.000 0.000 0.000 0.000 0.000 0.000 0.000 0.000 0.000 0.000 0.000 0.000 0.000 0.000 0.000 0.168 0.276 0.417 0.583 0.752 0.895 0.982 0.996 1.000 0.961 0.852 0.697 
0.000 0.000 0.000 0.000 0.000 0.000 0.000 0.000 0.000 0.000 0.000 0.000 0.000 0.000 0.000 0.000 0.000 0.000 0.000 0.000 0.000 0.000 0.000 0.000 0.000 0.000 0.000 0.000 0.000 0.000 0.000 0.000 0.000 0.000 0.000 0.000 0.000 0.000 0.000 0.000 0.108 0.189 0.304 0.453 0.621 0.787 0.920 0.992 0.988 0.998 
# 1 0 50 5
-0.979 -0.166 0.000 0.000 0.000 
-0.917 -0.242 0.000 0.000 0.000 
-0.821 -0.338 0.000 0.000 0.000 
-0.704 -0.450 0.000 0.000 0.000 
-0.578 -0.574 0.000 0.000 0.000 
-0.578 -0.701 0.000 0.000 0.000 
-0.704 -0.818 0.000 0.000 0.000 
-0.821 -0.914 0.000 0.000 0.000 
-0.917 -0.978 0.000 0.000 0.000 
-0.979 -1.000 -0.109 0.000 0.000 
-1.000 -0.979 -0.166 0.000 0.000 
-0.978 -0.917 -0.242 0.000 0.000 
-0.914 -0.821 -0.338 0.000 0.000 
-0.818 -0.704 -0.450 0.000 0.000 
-0.701 -0.578 -0.574 0.000 0.000 
-0.574 -0.578 -0.701 0.000 0.000 
-0.450 -0.704 -0.818 0.000 0.000 
-0.338 -0.821 -0.914 0.000 0.000 
-0.242 -0.917 -0.978 0.000 0.000 
-0.166 -0.979 -1.000 -0.109 0.000 
-0.109 -1.000 -0.979 -0.166 0.000 
0.000 -0.978 -0.917 -0.242 0.000 
0.000 -0.914 -0.821 -0.338 0.000 
0.000 -0.818 -0.704 -0.450 0.000 
0.000 -0.701 -0.578 -0.574 0.000 
0.000 -0.574 -0.578 -0.701 0.000 
0.000 -0.450 -0.704 -0.818 0.000 
0.000 -0.338 -0.821 -0.914 0.000 
0.000 -0.242 -0.917 -0.978 0.000 
0.000 -0.166 -0.979 -1.000 -0.109 
0.000 -0.109 -1.000 -0.979 -0.166 
0.000 0.000 -0.978 -0.917 -0.242 
0.000 0.000 -0.914 -0.821 -0.338 
0.000 0.000 -0.818 -0.704 -0.450 
0.000 0.000 -0.701 -0.578 -0.574 
0.000 0.000 -0.574 -0.578 -0.701 
0.000 0.000 -0.450 -0.704 -0.818 
0.000 0.000 -0.338 -0.821 -0.914 
0.000 0.000 -0.242 -0.917 -0.978 
0.000 0.000 -0.166 -0.979 -1.000 
0.000 0.000 -0.109 -1.000 -0.979 
0.000 0.000 0.000 -0.978 -0.917 
0.000 0.000 0.000 -0.914 -0.821 
0.000 0.000 0.000 -0.818 -0.704 
0.000 0.000 0.000 -0.701 -0.578 
0.000 0.000 0.000 -0.574 -0.578 
0.000 0.000 0.000 -0.450 -0.704 
0.000 0.000 0.000 -0.338 -0.821 
0.000 0.000 0.000 -0.242 -0.917 
0.000 0.000 0.000 -0.166 -0.979 
# 1 2 37 5
-0.971 -0.178 0.000 0.000 0.000 
-0.870 -0.290 0.000 0.000 0.000 
-0.719 -0.436 0.000 0.000 0.000 
-0.549 -0.603 0.000 0.000 0.000 
-0.652 -0.771 0.000 0.000 0.000 
-0.814 -0.909 0.000 0.000 0.000 
-0.938 -0.988 0.000 0.000 0.000 
-0.997 -0.992 -0.143 0.000 0.000 
-0.978 -0.918 -0.241 0.000 0.000 
-0.885 -0.784 -0.374 0.000 0.000 
-0.739 -0.617 -0.535 0.000 0.000 
-0.569 -0.583 -0.706 0.000 0.000 
-0.404 -0.752 -0.859 0.000 0.000 
-0.265 -0.895 -0.965 0.000 0.000 
-0.160 -0.983 -1.000 -0.114 0.000 
0.000 -0.995 -0.956 -0.198 0.000 
0.000 -0.930 -0.843 -0.317 0.000 
0.000 -0.802 -0.686 -0.468 0.000 
0.000 -0.638 -0.515 -0.638 0.000 
0.000 -0.468 -0.686 -0.802 0.000 
0.000 -0.317 -0.843 -0.930 0.000 
0.000 -0.198 -0.956 -0.995 0.000 
0.000 -0.114 -1.000 -0.983 -0.160 
0.000 0.000 -0.965 -0.895 -0.265 
0.000 0.000 -0.859 -0.752 -0.404 
0.000 0.000 -0.706 -0.583 -0.569 
0.000 0.000 -0.535 -0.617 -0.739 
0.000 0.000 -0.374 -0.784 -0.885 
0.000 0.000 -0.241 -0.918 -0.978 
0.000 0.000 -0.143 -0.992 -0.997 
0.000 0.000 0.000 -0.988 -0.938 
0.000 0.000 0.000 -0.909 -0.814 
0.000 0.000 0.000 -0.771 -0.652 
0.000 0.000 0.000 -0.603 -0.549 
0.000 0.000 0.000 -0.436 -0.719 
0.000 0.000 0.000 -0.290 -0.870 
0.000 0.000 0.000 -0.178 -0.971 
# 1 3 6 5
-0.622 -0.533 0.000 0.000 0.000 
-0.917 -0.824 -0.338 0.000 0.000 
0.000 -1.000 -0.965 -0.190 0.000 
0.000 -0.190 -0.965 -1.000 0.000 
0.000 0.000 -0.338 -0.824 -0.917 
0.000 0.000 0.000 -0.533 -0.622 
# 2 0 50 37
-0.375 -0.552 -0.738 -0.896 -0.988 -0.988 -0.898 -0.741 -0.555 -0.377 -0.233 -0.131 0.000 0.000 0.000 0.000 0.000 0.000 0.000 0.000 0.000 0.000 0.000 0.000 0.000 0.000 0.000 0.000 0.000 0.000 0.000 0.000 0.000 0.000 0.000 0.000 0.000 
-0.457 -0.418 -0.601 -0.784 -0.928 -0.997 -0.973 -0.862 -0.693 -0.507 -0.336 -0.202 -0.111 0.000 0.000 0.000 0.000 0.000 0.000 0.000 0.000 0.000 0.000 0.000 0.000 0.000 0.000 0.000 0.000 0.000 0.000 0.000 0.000 0.000 0.000 0.000 0.000 
-0.593 -0.412 -0.464 -0.650 -0.826 -0.954 -1.000 -0.952 -0.822 -0.645 -0.459 -0.297 -0.174 0.000 0.000 0.000 0.000 0.000 0.000 0.000 0.000 0.000 0.000 0.000 0.000 0.000 0.000 0.000 0.000 0.000 0.000 0.000 0.000 0.000 0.000 0.000 0.000 
-0.731 -0.545 -0.368 -0.511 -0.698 -0.866 -0.975 -0.996 -0.925 -0.779 -0.596 -0.414 -0.261 -0.149 0.000 0.000 0.000 0.000 0.000 0.000 0.000 0.000 0.000 0.000 0.000 0.000 0.000 0.000 0.000 0.000 0.000 0.000 0.000 0.000 0.000 0.000 0.000 
-0.854 -0.683 -0.497 -0.381 -0.560 -0.745 -0.901 -0.990 -0.986 -0.893 -0.734 -0.547 -0.371 -0.228 -0.127 0.000 0.000 0.000 0.000 0.000 0.000 0.000 0.000 0.000 0.000 0.000 0.000 0.000 0.000 0.000 0.000 0.000 0.000 0.000 0.000 0.000 0.000 
-0.946 -0.814 -0.635 -0.450 -0.425 -0.608 -0.790 -0.932 -0.998 -0.970 -0.856 -0.686 -0.499 -0.330 -0.198 -0.108 0.000 0.000 0.000 0.000 0.000 0.000 0.000 0.000 0.000 0.000 0.000 0.000 0.000 0.000 0.000 0.000 0.000 0.000 0.000 0.000 0.000 
-0.995 -0.918 -0.770 -0.586 -0.405 -0.471 -0.657 -0.833 -0.958 -1.000 -0.948 -0.816 -0.638 -0.452 -0.291 -0.170 0.000 0.000 0.000 0.000 0.000 0.000 0.000 0.000 0.000 0.000 0.000 0.000 0.000 0.000 0.000 0.000 0.000 0.000 0.000 0.000 0.000 
-0.992 -0.983 -0.885 -0.724 -0.537 -0.362 -0.519 -0.706 -0.872 -0.977 -0.995 -0.920 -0.772 -0.589 -0.407 -0.256 -0.146 0.000 0.000 0.000 0.000 0.000 0.000 0.000 0.000 0.000 0.000 0.000 0.000 0.000 0.000 0.000 0.000 0.000 0.000 0.000 0.000 
-0.938 -0.999 -0.966 -0.848 -0.676 -0.489 -0.388 -0.567 -0.752 -0.906 -0.991 -0.984 -0.887 -0.726 -0.540 -0.364 -0.223 -0.124 0.000 0.000 0.000 0.000 0.000 0.000 0.000 0.000 0.000 0.000 0.000 0.000 0.000 0.000 0.000 0.000 0.000 0.000 0.000 
-0.841 -0.962 -0.999 -0.943 -0.807 -0.627 -0.443 -0.432 -0.616 -0.797 -0.936 -0.999 -0.967 -0.850 -0.679 -0.492 -0.324 -0.193 -0.105 0.000 0.000 0.000 0.000 0.000 0.000 0.000 0.000 0.000 0.000 0.000 0.000 0.000 0.000 0.000 0.000 0.000 0.000 
-0.715 -0.879 -0.981 -0.994 -0.914 -0.763 -0.578 -0.398 -0.478 -0.665 -0.839 -0.961 -1.000 -0.944 -0.809 -0.630 -0.445 -0.286 -0.166 0.000 0.000 0.000 0.000 0.000 0.000 0.000 0.000 0.000 0.000 0.000 0.000 0.000 0.000 0.000 0.000 0.000 0.000 
-0.577 -0.762 -0.913 -0.993 -0.981 -0.880 -0.717 -0.530 -0.356 -0.526 -0.713 -0.877 -0.980 -0.994 -0.915 -0.765 -0.581 -0.400 -0.251 -0.142 0.000 0.000 0.000 0.000 0.000 0.000 0.000 0.000 0.000 0.000 0.000 0.000 0.000 0.000 0.000 0.000 0.000 
-0.442 -0.626 -0.806 -0.942 -0.999 -0.963 -0.842 -0.669 -0.482 -0.395 -0.575 -0.759 -0.911 -0.993 -0.982 -0.882 -0.719 -0.532 -0.358 -0.218 -0.121 0.000 0.000 0.000 0.000 0.000 0.000 0.000 0.000 0.000 0.000 0.000 0.000 0.000 0.000 0.000 0.000 
-0.321 -0.488 -0.675 -0.847 -0.965 -0.999 -0.938 -0.800 -0.620 -0.436 -0.439 -0.624 -0.804 -0.940 -0.999 -0.964 -0.844 -0.671 -0.485 -0.318 -0.189 -0.102 0.000 0.000 0.000 0.000 0.000 0.000 0.000 0.000 0.000 0.000 0.000 0.000 0.000 0.000 0.000 
-0.221 -0.361 -0.536 -0.723 -0.885 -0.983 -0.992 -0.909 -0.756 -0.571 -0.391 -0.486 -0.672 -0.845 -0.964 -0.999 -0.940 -0.803 -0.622 -0.438 -0.280 -0.163 0.000 0.000 0.000 0.000 0.000 0.000 0.000 0.000 0.000 0.000 0.000 0.000 0.000 0.000 0.000 
-0.144 -0.253 -0.404 -0.585 -0.769 -0.918 -0.995 -0.979 -0.874 -0.709 -0.522 -0.359 -0.533 -0.720 -0.883 -0.982 -0.993 -0.911 -0.758 -0.574 -0.394 -0.245 -0.139 0.000 0.000 0.000 0.000 0.000 0.000 0.000 0.000 0.000 0.000 0.000 0.000 0.000 0.000 
0.000 -0.168 -0.289 -0.449 -0.634 -0.813 -0.946 -1.000 -0.959 -0.836 -0.661 -0.475 -0.401 -0.582 -0.766 -0.916 -0.994 -0.980 -0.876 -0.712 -0.525 -0.351 -0.214 -0.118 0.000 0.000 0.000 0.000 0.000 0.000 0.000 0.000 0.000 0.000 0.000 0.000 0.000 
0.000 -0.106 -0.196 -0.327 -0.496 -0.682 -0.853 -0.969 -0.998 -0.934 -0.794 -0.612 -0.429 -0.446 -0.631 -0.810 -0.945 -1.000 -0.961 -0.838 -0.664 -0.477 -0.312 -0.185 0.000 0.000 0.000 0.000 0.000 0.000 0.000 0.000 0.000 0.000 0.000 0.000 0.000 
0.000 0.000 -0.126 -0.226 -0.367 -0.544 -0.730 -0.890 -0.985 -0.990 -0.904 -0.749 -0.563 -0.385 -0.493 -0.680 -0.851 -0.967 -0.999 -0.936 -0.796 -0.615 -0.431 -0.275 -0.159 0.000 0.000 0.000 0.000 0.000 0.000 0.000 0.000 0.000 0.000 0.000 0.000 
0.000 0.000 0.000 -0.148 -0.258 -0.411 -0.592 -0.776 -0.922 -0.996 -0.976 -0.869 -0.702 -0.515 -0.365 -0.541 -0.727 -0.888 -0.985 -0.991 -0.906 -0.751 -0.566 -0.387 -0.240 -0.136 0.000 0.000 0.000 0.000 0.000 0.000 0.000 0.000 0.000 0.000 0.000 
0.000 0.000 0.000 0.000 -0.172 -0.294 -0.456 -0.641 -0.819 -0.950 -1.000 -0.956 -0.830 -0.654 -0.468 -0.408 -0.590 -0.773 -0.921 -0.995 -0.977 -0.871 -0.705 -0.518 -0.345 -0.209 -0.115 0.000 0.000 0.000 0.000 0.000 0.000 0.000 0.000 0.000 0.000 
0.000 0.000 0.000 0.000 -0.109 -0.200 -0.333 -0.503 -0.690 -0.859 -0.972 -0.998 -0.930 -0.787 -0.605 -0.422 -0.453 -0.639 -0.817 -0.948 -1.000 -0.957 -0.832 -0.656 -0.470 -0.306 -0.181 0.000 0.000 0.000 0.000 0.000 0.000 0.000 0.000 0.000 0.000 
0.000 0.000 0.000 0.000 0.000 -0.129 -0.230 -0.374 -0.551 -0.737 -0.895 -0.987 -0.989 -0.899 -0.742 -0.556 -0.378 -0.500 -0.687 -0.857 -0.971 -0.998 -0.931 -0.789 -0.607 -0.424 -0.269 -0.155 0.000 0.000 0.000 0.000 0.000 0.000 0.000 0.000 0.000 
0.000 0.000 0.000 0.000 0.000 0.000 -0.151 -0.264 -0.417 -0.600 -0.783 -0.927 -0.997 -0.973 -0.863 -0.695 -0.508 -0.372 -0.548 -0.735 -0.893 -0.987 -0.989 -0.901 -0.744 -0.558 -0.380 -0.235 -0.132 0.000 0.000 0.000 0.000 0.000 0.000 0.000 0.000 
0.000 0.000 0.000 0.000 0.000 0.000 0.000 -0.176 -0.300 -0.463 -0.649 -0.825 -0.954 -1.000 -0.952 -0.823 -0.646 -0.460 -0.415 -0.597 -0.780 -0.925 -0.997 -0.974 -0.865 -0.697 -0.510 -0.339 -0.204 -0.112 0.000 0.000 0.000 0.000 0.000 0.000 0.000 
0.000 0.000 0.000 0.000 0.000 0.000 0.000 -0.112 -0.204 -0.339 -0.510 -0.697 -0.865 -0.974 -0.997 -0.925 -0.780 -0.597 -0.415 -0.460 -0.646 -0.823 -0.952 -1.000 -0.954 -0.825 -0.649 -0.463 -0.300 -0.176 0.000 0.000 0.000 0.000 0.000 0.000 0.000 
0.000 0.000 0.000 0.000 0.000 0.000 0.000 0.000 -0.132 -0.235 -0.380 -0.558 -0.744 -0.901 -0.989 -0.987 -0.893 -0.735 -0.548 -0.372 -0.508 -0.695 -0.863 -0.973 -0.997 -0.927 -0.783 -0.600 -0.417 -0.264 -0.151 0.000 0.000 0.000 0.000 0.000 0.000 
0.000 0.000 0.000 0.000 0.000 0.000 0.000 0.000 0.000 -0.155 -0.269 -0.424 -0.607 -0.789 -0.931 -0.998 -0.971 -0.857 -0.687 -0.500 -0.378 -0.556 -0.742 -0.899 -0.989 -0.987 -0.895 -0.737 -0.551 -0.374 -0.230 -0.129 0.000 0.000 0.000 0.000 0.000 
0.000 0.000 0.000 0.000 0.000 0.000 0.000 0.000 0.000 0.000 -0.181 -0.306 -0.470 -0.656 -0.832 -0.957 -1.000 -0.948 -0.817 -0.639 -0.453 -0.422 -0.605 -0.787 -0.930 -0.998 -0.972 -0.859 -0.690 -0.503 -0.333 -0.200 -0.109 0.000 0.000 0.000 0.000 
0.000 0.000 0.000 0.000 0.000 0.000 0.000 0.000 0.000 0.000 -0.115 -0.209 -0.345 -0.518 -0.705 -0.871 -0.977 -0.995 -0.921 -0.773 -0.590 -0.408 -0.468 -0.654 -0.830 -0.956 -1.000 -0.950 -0.819 -0.641 -0.456 -0.294 -0.172 0.000 0.000 0.000 0.000 
0.000 0.000 0.000 0.000 0.000 0.000 0.000 0.000 0.000 0.000 0.000 -0.136 -0.240 -0.387 -0.566 -0.751 -0.906 -0.991 -0.985 -0.888 -0.727 -0.541 -0.365 -0.515 -0.702 -0.869 -0.976 -0.996 -0.922 -0.776 -0.592 -0.411 -0.258 -0.148 0.000 0.000 0.000 
0.000 0.000 0.000 0.000 0.000 0.000 0.000 0.000 0.000 0.000 0.000 0.000 -0.159 -0.275 -0.431 -0.615 -0.796 -0.936 -0.999 -0.967 -0.851 -0.680 -0.493 -0.385 -0.563 -0.749 -0.904 -0.990 -0.985 -0.890 -0.730 -0.544 -0.367 -0.226 -0.126 0.000 0.000 
0.000 0.000 0.000 0.000 0.000 0.000 0.000 0.000 0.000 0.000 0.000 0.000 0.000 -0.185 -0.312 -0.477 -0.664 -0.838 -0.961 -1.000 -0.945 -0.810 -0.631 -0.446 -0.429 -0.612 -0.794 -0.934 -0.998 -0.969 -0.853 -0.682 -0.496 -0.327 -0.196 -0.106 0.000 
0.000 0.000 0.000 0.000 0.000 0.000 0.000 0.000 0.000 0.000 0.000 0.000 0.000 -0.118 -0.214 -0.351 -0.525 -0.712 -0.876 -0.980 -0.994 -0.916 -0.766 -0.582 -0.401 -0.475 -0.661 -0.836 -0.959 -1.000 -0.946 -0.813 -0.634 -0.449 -0.289 -0.168 0.000 
0.000 0.000 0.000 0.000 0.000 0.000 0.000 0.000 0.000 0.000 0.000 0.000 0.000 0.000 -0.139 -0.245 -0.394 -0.574 -0.758 -0.911 -0.993 -0.982 -0.883 -0.720 -0.533 -0.359 -0.522 -0.709 -0.874 -0.979 -0.995 -0.918 -0.769 -0.585 -0.404 -0.253 -0.144 
0.000 0.000 0.000 0.000 0.000 0.000 0.000 0.000 0.000 0.000 0.000 0.000 0.000 0.000 0.000 -0.163 -0.280 -0.438 -0.622 -0.803 -0.940 -0.999 -0.964 -0.845 -0.672 -0.486 -0.391 -0.571 -0.756 -0.909 -0.992 -0.983 -0.885 -0.723 -0.536 -0.361 -0.221 
0.000 0.000 0.000 0.000 0.000 0.000 0.000 0.000 0.000 0.000 0.000 0.000 0.000 0.000 0.000 -0.102 -0.189 -0.318 -0.485 -0.671 -0.844 -0.964 -0.999 -0.940 -0.804 -0.624 -0.439 -0.436 -0.620 -0.800 -0.938 -0.999 -0.965 -0.847 -0.675 -0.488 -0.321 
0.000 0.000 0.000 0.000 0.000 0.000 0.000 0.000 0.000 0.000 0.000 0.000 0.000 0.000 0.000 0.000 -0.121 -0.218 -0.358 -0.532 -0.719 -0.882 -0.982 -0.993 -0.911 -0.759 -0.575 -0.395 -0.482 -0.669 -0.842 -0.963 -0.999 -0.942 -0.806 -0.626 -0.442 
0.000 0.000 0.000 0.000 0.000 0.000 0.000 0.000 0.000 0.000 0.000 0.000 0.000 0.000 0.000 0.000 0.000 -0.142 -0.251 -0.400 -0.581 -0.765 -0.915 -0.994 -0.980 -0.877 -0.713 -0.526 -0.356 -0.530 -0.717 -0.880 -0.981 -0.993 -0.913 -0.762 -0.577 
0.000 0.000 0.000 0.000 0.000 0.000 0.000 0.000 0.000 0.000 0.000 0.000 0.000 0.000 0.000 0.000 0.000 0.000 -0.166 -0.286 -0.445 -0.630 -0.809 -0.944 -1.000 -0.961 -0.839 -0.665 -0.478 -0.398 -0.578 -0.763 -0.914 -0.994 -0.981 -0.879 -0.715 
0.000 0.000 0.000 0.000 0.000 0.000 0.000 0.000 0.000 0.000 0.000 0.000 0.000 0.000 0.000 0.000 0.000 0.000 -0.105 -0.193 -0.324 -0.492 -0.679 -0.850 -0.967 -0.999 -0.936 -0.797 -0.616 -0.432 -0.443 -0.627 -0.807 -0.943 -0.999 -0.962 -0.841 
0.000 0.000 0.000 0.000 0.000 0.000 0.000 0.000 0.000 0.000 0.000 0.000 0.000 0.000 0.000 0.000 0.000 0.000 0.000 -0.124 -0.223 -0.364 -0.540 -0.726 -0.887 -0.984 -0.991 -0.906 -0.752 -0.567 -0.388 -0.489 -0.676 -0.848 -0.966 -0.999 -0.938 
0.000 0.000 0.000 0.000 0.000 0.000 0.000 0.000 0.000 0.000 0.000 0.000 0.000 0.000 0.000 0.000 0.000 0.000 0.000 0.000 -0.146 -0.256 -0.407 -0.589 -0.772 -0.920 -0.995 -0.977 -0.872 -0.706 -0.519 -0.362 -0.537 -0.724 -0.885 -0.983 -0.992 
0.000 0.000 0.000 0.000 0.000 0.000 0.000 0.000 0.000 0.000 0.000 0.000 0.000 0.000 0.000 0.000 0.000 0.000 0.000 0.000 0.000 -0.170 -0.291 -0.452 -0.638 -0.816 -0.948 -1.000 -0.958 -0.833 -0.657 -0.471 -0.405 -0.586 -0.770 -0.918 -0.995 
0.000 0.000 0.000 0.000 0.000 0.000 0.000 0.000 0.000 0.000 0.000 0.000 0.000 0.000 0.000 0.000 0.000 0.000 0.000 0.000 0.000 -0.108 -0.198 -0.330 -0.499 -0.686 -0.856 -0.970 -0.998 -0.932 -0.790 -0.608 -0.425 -0.450 -0.635 -0.814 -0.946 
0.000 0.000 0.000 0.000 0.000 0.000 0.000 0.000 0.000 0.000 0.000 0.000 0.000 0.000 0.000 0.000 0.000 0.000 0.000 0.000 0.000 0.000 -0.127 -0.228 -0.371 -0.547 -0.734 -0.893 -0.986 -0.990 -0.901 -0.745 -0.560 -0.381 -0.497 -0.683 -0.854 
0.000 0.000 0.000 0.000 0.000 0.000 0.000 0.000 0.000 0.000 0.000 0.000 0.000 0.000 0.000 0.000 0.000 0.000 0.000 0.000 0.000 0.000 0.000 -0.149 -0.261 -0.414 -0.596 -0.779 -0.925 -0.996 -0.975 -0.866 -0.698 -0.511 -0.368 -0.545 -0.731 
0.000 0.000 0.000 0.000 0.000 0.000 0.000 0.000 0.000 0.000 0.000 0.000 0.000 0.000 0.000 0.000 0.000 0.000 0.000 0.000 0.000 0.000 0.000 0.000 -0.174 -0.297 -0.459 -0.645 -0.822 -0.952 -1.000 -0.954 -0.826 -0.650 -0.464 -0.412 -0.593 
0.000 0.000 0.000 0.000 0.000 0.000 0.000 0.000 0.000 0.000 0.000 0.000 0.000 0.000 0.000 0.000 0.000 0.000 0.000 0.000 0.000 0.000 0.000 0.000 -0.111 -0.202 -0.336 -0.507 -0.693 -0.862 -0.973 -0.997 -0.928 -0.784 -0.601 -0.418 -0.457 
0.000 0.000 0.000 0.000 0.000 0.000 0.000 0.000 0.000 0.000 0.000 0.000 0.000 0.000 0.000 0.000 0.000 0.000 0.000 0.000 0.000 0.000 0.000 0.000 0.000 -0.131 -0.233 -0.377 -0.555 -0.741 -0.898 -0.988 -0.988 -0.896 -0.738 -0.552 -0.375 
# 2 1 5 37
-0.905 -0.751 -0.565 -0.386 -0.491 -0.678 -0.850 -0.967 -0.999 -0.937 -0.798 -0.617 -0.433 -0.276 -0.160 0.000 0.000 0.000 0.000 0.000 0.000 0.000 0.000 0.000 0.000 0.000 0.000 0.000 0.000 0.000 0.000 0.000 0.000 0.000 0.000 0.000 0.000 
-0.180 -0.304 -0.468 -0.654 -0.830 -0.956 -1.000 -0.949 -0.818 -0.641 -0.455 -0.420 -0.603 -0.785 -0.929 -0.997 -0.972 -0.861 -0.692 -0.505 -0.334 -0.201 -0.110 0.000 0.000 0.000 0.000 0.000 0.000 0.000 0.000 0.000 0.000 0.000 0.000 0.000 0.000 
0.000 0.000 0.000 0.000 0.000 0.000 0.000 -0.142 -0.249 -0.399 -0.579 -0.764 -0.914 -0.994 -0.981 -0.879 -0.715 -0.528 -0.354 -0.528 -0.715 -0.879 -0.981 -0.994 -0.914 -0.764 -0.579 -0.399 -0.249 -0.142 0.000 0.000 0.000 0.000 0.000 0.000 0.000 
0.000 0.000 0.000 0.000 0.000 0.000 0.000 0.000 0.000 0.000 0.000 0.000 0.000 0.000 -0.110 -0.201 -0.334 -0.505 -0.692 -0.861 -0.972 -0.997 -0.929 -0.785 -0.603 -0.420 -0.455 -0.641 -0.818 -0.949 -1.000 -0.956 -0.830 -0.654 -0.468 -0.304 -0.180 
0.000 0.000 0.000 0.000 0.000 0.000 0.000 0.000 0.000 0.000 0.000 0.000 0.000 0.000 0.000 0.000 0.000 0.000 0.000 0.000 0.000 0.000 -0.160 -0.276 -0.433 -0.617 -0.798 -0.937 -0.999 -0.967 -0.850 -0.678 -0.491 -0.386 -0.565 -0.751 -0.905 
# 2 3 6 37
-0.816 -0.638 -0.452 -0.423 -0.606 -0.789 -0.931 -0.998 -0.972 -0.859 -0.689 -0.502 -0.332 -0.199 -0.109 0.000 0.000 0.000 0.000 0.000 0.000 0.000 0.000 0.000 0.000 0.000 0.000 0.000 0.000 0.000 0.000 0.000 0.000 0.000 0.000 0.000 0.000 
-0.442 -0.627 -0.807 -0.943 -1.000 -0.963 -0.842 -0.669 -0.482 -0.395 -0.575 -0.760 -0.912 -0.993 -0.983 -0.882 -0.720 -0.533 -0.358 -0.218 -0.121 0.000 0.000 0.000 0.000 0.000 0.000 0.000 0.000 0.000 0.000 0.000 0.000 0.000 0.000 0.000 0.000 
0.000 0.000 0.000 0.000 -0.149 -0.260 -0.413 -0.595 -0.779 -0.925 -0.997 -0.976 -0.867 -0.700 -0.513 -0.368 -0.544 -0.730 -0.890 -0.986 -0.991 -0.904 -0.749 -0.564 -0.385 -0.239 -0.134 0.000 0.000 0.000 0.000 0.000 0.000 0.000 0.000 0.000 0.000 
0.000 0.000 0.000 0.000 0.000 0.000 0.000 0.000 0.000 0.000 -0.134 -0.239 -0.385 -0.564 -0.749 -0.904 -0.991 -0.986 -0.890 -0.730 -0.544 -0.368 -0.513 -0.700 -0.867 -0.976 -0.997 -0.925 -0.779 -0.595 -0.413 -0.260 -0.149 0.000 0.000 0.000 0.000 
0.000 0.000 0.000 0.000 0.000 0.000 0.000 0.000 0.000 0.000 0.000 0.000 0.000 0.000 0.000 0.000 -0.121 -0.218 -0.358 -0.533 -0.720 -0.882 -0.983 -0.993 -0.912 -0.760 -0.575 -0.395 -0.482 -0.669 -0.842 -0.963 -1.000 -0.943 -0.807 -0.627 -0.442 
0.000 0.000 0.000 0.000 0.000 0.000 0.000 0.000 0.000 0.000 0.000 0.000 0.000 0.000 0.000 0.000 0.000 0.000 0.000 0.000 0.000 0.000 -0.109 -0.199 -0.332 -0.502 -0.689 -0.859 -0.972 -0.998 -0.931 -0.789 -0.606 -0.423 -0.452 -0.638 -0.816 
# 3 0 50 6
-0.858 -0.905 -0.352 0.000 0.000 0.000 
-0.797 -0.948 -0.415 0.000 0.000 0.000 
-0.730 -0.979 -0.483 0.000 0.000 0.000 
-0.659 -0.996 -0.554 -0.114 0.000 0.000 
-0.635 -0.999 -0.627 -0.145 0.000 0.000 
-0.707 -0.988 -0.699 -0.182 0.000 0.000 
-0.776 -0.963 -0.768 -0.226 0.000 0.000 
-0.839 -0.926 -0.832 -0.275 0.000 0.000 
-0.894 -0.877 -0.888 -0.332 0.000 0.000 
-0.940 -0.819 -0.935 -0.393 0.000 0.000 
-0.973 -0.753 -0.970 -0.460 0.000 0.000 
-0.994 -0.683 -0.992 -0.530 -0.104 0.000 
-1.000 -0.611 -1.000 -0.603 -0.134 0.000 
-0.992 -0.683 -0.994 -0.675 -0.169 0.000 
-0.970 -0.753 -0.973 -0.746 -0.210 0.000 
-0.935 -0.819 -0.940 -0.811 -0.258 0.000 
-0.888 -0.877 -0.894 -0.871 -0.312 0.000 
-0.832 -0.926 -0.839 -0.921 -0.372 0.000 
-0.768 -0.963 -0.776 -0.960 -0.437 0.000 
-0.699 -0.988 -0.707 -0.986 -0.507 0.000 
-0.627 -0.999 -0.635 -0.999 -0.579 -0.123 
-0.554 -0.996 -0.659 -0.997 -0.651 -0.157 
-0.483 -0.979 -0.730 -0.982 -0.722 -0.196 
-0.415 -0.948 -0.797 -0.952 -0.790 -0.241 
-0.352 -0.905 -0.858 -0.911 -0.852 -0.293 
-0.293 -0.852 -0.911 -0.858 -0.905 -0.352 
-0.241 -0.790 -0.952 -0.797 -0.948 -0.415 
-0.196 -0.722 -0.982 -0.730 -0.979 -0.483 
-0.157 -0.651 -0.997 -0.659 -0.996 -0.554 
-0.123 -0.579 -0.999 -0.635 -0.999 -0.627 
0.000 -0.507 -0.986 -0.707 -0.988 -0.699 
0.000 -0.437 -0.960 -0.776 -0.963 -0.768 
0.000 -0.372 -0.921 -0.839 -0.926 -0.832 
0.000 -0.312 -0.871 -0.894 -0.877 -0.888 
0.000 -0.258 -0.811 -0.940 -0.819 -0.935 
0.000 -0.210 -0.746 -0.973 -0.753 -0.970 
0.000 -0.169 -0.675 -0.994 -0.683 -0.992 
0.000 -0.134 -0.603 -1.000 -0.611 -1.000 
0.000 -0.104 -0.530 -0.992 -0.683 -0.994 
0.000 0.000 -0.460 -0.970 -0.753 -0.973 
0.000 0.000 -0.393 -0.935 -0.819 -0.940 
0.000 0.000 -0.332 -0.888 -0.877 -0.894 
0.000 0.000 -0.275 -0.832 -0.926 -0.839 
0.000 0.000 -0.226 -0.768 -0.963 -0.776 
0.000 0.000 -0.182 -0.699 -0.988 -0.707 
0.000 0.000 -0.145 -0.627 -0.999 -0.635 
0.000 0.000 -0.114 -0.554 -0.996 -0.659 
0.000 0.000 0.000 -0.483 -0.979 -0.730 
0.000 0.000 0.000 -0.415 -0.948 -0.797 
0.000 0.000 0.000 -0.352 -0.905 -0.858 
# 3 1 5 6
-0.674 -1.000 -0.666 -0.163 0.000 0.000 
-0.958 -0.790 -0.962 -0.783 -0.234 0.000 
-0.323 -0.883 -0.889 -0.889 -0.883 -0.323 
0.000 -0.234 -0.783 -0.962 -0.790 -0.958 
0.000 0.000 -0.163 -0.666 -1.000 -0.674 
# 3 2 37 6
-0.848 -0.913 -0.362 0.000 0.000 0.000 
-0.763 -0.966 -0.451 0.000 0.000 0.000 
-0.668 -0.995 -0.546 -0.110 0.000 0.000 
-0.652 -0.998 -0.644 -0.153 0.000 0.000 
-0.747 -0.975 -0.740 -0.207 0.000 0.000 
-0.835 -0.929 -0.828 -0.272 0.000 0.000 
-0.908 -0.861 -0.903 -0.349 0.000 0.000 
-0.962 -0.778 -0.959 -0.435 0.000 0.000 
-0.993 -0.684 -0.992 -0.529 -0.104 0.000 
-0.999 -0.636 -0.999 -0.627 -0.145 0.000 
-0.978 -0.732 -0.981 -0.724 -0.197 0.000 
-0.933 -0.821 -0.938 -0.814 -0.260 0.000 
-0.867 -0.897 -0.874 -0.891 -0.335 0.000 
-0.785 -0.955 -0.792 -0.951 -0.420 0.000 
-0.692 -0.990 -0.700 -0.988 -0.513 0.000 
-0.595 -1.000 -0.619 -1.000 -0.611 -0.137 
-0.497 -0.984 -0.716 -0.986 -0.708 -0.187 
-0.405 -0.942 -0.807 -0.947 -0.800 -0.249 
-0.322 -0.880 -0.886 -0.886 -0.880 -0.322 
-0.249 -0.800 -0.947 -0.807 -0.942 -0.405 
-0.187 -0.708 -0.986 -0.716 -0.984 -0.497 
-0.137 -0.611 -1.000 -0.619 -1.000 -0.595 
0.000 -0.513 -0.988 -0.700 -0.990 -0.692 
0.000 -0.420 -0.951 -0.792 -0.955 -0.785 
0.000 -0.335 -0.891 -0.874 -0.897 -0.867 
0.000 -0.260 -0.814 -0.938 -0.821 -0.933 
0.000 -0.197 -0.724 -0.981 -0.732 -0.978 
0.000 -0.145 -0.627 -0.999 -0.636 -0.999 
0.000 -0.104 -0.529 -0.992 -0.684 -0.993 
0.000 0.000 -0.435 -0.959 -0.778 -0.962 
0.000 0.000 -0.349 -0.903 -0.861 -0.908 
0.000 0.000 -0.272 -0.828 -0.929 -0.835 
0.000 0.000 -0.207 -0.740 -0.975 -0.747 
0.000 0.000 -0.153 -0.644 -0.998 -0.652 
0.000 0.000 -0.110 -0.546 -0.995 -0.668 
0.000 0.000 0.000 -0.451 -0.966 -0.763 
0.000 0.000 0.000 -0.362 -0.913 -0.848 
