3.460512
5
# 0 1 7 50
0.000 0.000 0.000 0.000 0.000 0.000 0.000 0.000 0.135 0.214 0.319 0.448 0.593 0.739 0.868 0.960 1.000 0.981 0.907 0.789 0.647 0.500 0.363 0.249 0.161 0.000 0.000 0.000 0.000 0.000 0.000 0.000 0.000 0.000 0.000 0.000 0.000 0.000 0.000 0.000 0.000 0.000 0.000 0.000 0.000 0.000 0.000 0.000 0.000 0.000 
0.779 0.636 0.488 0.354 0.241 0.155 0.000 0.000 0.000 0.000 0.000 0.000 0.000 0.000 0.000 0.126 0.201 0.302 0.428 0.572 0.719 0.852 0.950 0.998 0.987 0.920 0.808 0.668 0.520 0.382 0.264 0.172 0.105 0.000 0.000 0.000 0.000 0.000 0.000 0.000 0.000 0.000 0.000 0.000 0.000 0.000 0.000 0.000 0.000 0.000 
0.583 0.730 0.861 0.955 0.999 0.984 0.913 0.798 0.657 0.509 0.372 0.256 0.166 0.101 0.000 0.000 0.000 0.000 0.000 0.000 0.000 0.000 0.117 0.189 0.286 0.409 0.551 0.698 0.834 0.939 0.994 0.993 0.933 0.826 0.689 0.541 0.400 0.279 0.183 0.113 0.000 0.000 0.000 0.000 0.000 0.000 0.000 0.000 0.000 0.000 
0.000 0.000 0.000 0.122 0.195 0.295 0.419 0.562 0.710 0.844 0.945 0.996 0.990 0.926 0.816 0.678 0.530 0.390 0.271 0.177 0.109 0.000 0.000 0.000 0.000 0.000 0.000 0.000 0.000 0.109 0.177 0.271 0.390 0.530 0.678 0.816 0.926 0.990 0.996 0.945 0.844 0.710 0.562 0.419 0.295 0.195 0.122 0.000 0.000 0.000 
0.000 0.000 0.000 0.000 0.000 0.000 0.000 0.000 0.000 0.000 0.113 0.183 0.279 0.400 0.541 0.689 0.826 0.933 0.993 0.994 0.939 0.834 0.698 0.551 0.409 0.286 0.189 0.117 0.000 0.000 0.000 0.000 0.000 0.000 0.000 0.000 0.101 0.166 0.256 0.372 0.509 0.657 0.798 0.913 0.984 0.999 0.955 0.861 0.730 0.583 
0.000 0.000 0.000 0.000 0.000 0.000 0.000 0.000 0.000 0.000 0.000 0.000 0.000 0.000 0.000 0.000 0.000 0.105 0.172 0.264 0.382 0.520 0.668 0.808 0.920 0.987 0.998 0.950 0.852 0.719 0.572 0.428 0.302 0.201 0.126 0.000 0.000 0.000 0.000 0.000 0.000 0.000 0.000 0.000 0.155 0.241 0.354 0.488 0.636 0.779 
0.000 0.000 0.000 0.000 0.000 0.000 0.000 0.000 0.000 0.000 0.000 0.000 0.000 0.000 0.000 0.000 0.000 0.000 0.000 0.000 0.000 0.000 0.000 0.000 0.000 0.161 0.249 0.363 0.500 0.647 0.789 0.907 0.981 1.000 0.960 0.868 0.739 0.593 0.448 0.319 0.214 0.135 0.000 0.000 0.000 0.000 0.000 0.000 0.000 0.000 
# 0 2 22 50
0.000 0.000 0.000 0.000 0.000 0.101 0.166 0.256 0.372 0.509 0.657 0.798 0.913 0.983 0.998 0.954 0.859 0.728 0.582 0.438 0.310 0.207 0.130 0.000 0.000 0.000 0.000 0.000 0.000 0.000 0.000 0.000 0.000 0.000 0.000 0.000 0.000 0.000 0.000 0.000 0.000 0.000 0.000 0.000 0.000 0.000 0.000 0.000 0.000 0.000 
0.000 0.000 0.000 0.000 0.000 0.000 0.000 0.000 0.146 0.229 0.338 0.470 0.617 0.761 0.885 0.969 1.000 0.972 0.889 0.766 0.622 0.476 0.343 0.232 0.149 0.000 0.000 0.000 0.000 0.000 0.000 0.000 0.000 0.000 0.000 0.000 0.000 0.000 0.000 0.000 0.000 0.000 0.000 0.000 0.000 0.000 0.000 0.000 0.000 0.000 
0.152 0.000 0.000 0.000 0.000 0.000 0.000 0.000 0.000 0.000 0.128 0.204 0.306 0.432 0.576 0.723 0.855 0.951 0.997 0.985 0.916 0.803 0.663 0.515 0.377 0.260 0.169 0.103 0.000 0.000 0.000 0.000 0.000 0.000 0.000 0.000 0.000 0.000 0.000 0.000 0.000 0.000 0.000 0.000 0.000 0.000 0.000 0.000 0.000 0.000 
0.384 0.266 0.173 0.106 0.000 0.000 0.000 0.000 0.000 0.000 0.000 0.000 0.111 0.180 0.275 0.396 0.536 0.684 0.821 0.929 0.991 0.994 0.940 0.837 0.702 0.555 0.413 0.289 0.191 0.119 0.000 0.000 0.000 0.000 0.000 0.000 0.000 0.000 0.000 0.000 0.000 0.000 0.000 0.000 0.000 0.000 0.000 0.000 0.000 0.000 
0.710 0.563 0.420 0.295 0.196 0.122 0.000 0.000 0.000 0.000 0.000 0.000 0.000 0.000 0.000 0.159 0.247 0.361 0.496 0.644 0.786 0.904 0.979 0.999 0.960 0.869 0.741 0.595 0.450 0.321 0.215 0.136 0.000 0.000 0.000 0.000 0.000 0.000 0.000 0.000 0.000 0.000 0.000 0.000 0.000 0.000 0.000 0.000 0.000 0.000 
0.964 0.875 0.749 0.603 0.458 0.327 0.220 0.140 0.000 0.000 0.000 0.000 0.000 0.000 0.000 0.000 0.000 0.140 0.220 0.327 0.458 0.603 0.749 0.875 0.964 1.000 0.977 0.899 0.779 0.636 0.489 0.354 0.241 0.155 0.000 0.000 0.000 0.000 0.000 0.000 0.000 0.000 0.000 0.000 0.000 0.000 0.000 0.000 0.000 0.000 
0.960 0.999 0.979 0.904 0.786 0.644 0.496 0.361 0.247 0.159 0.000 0.000 0.000 0.000 0.000 0.000 0.000 0.000 0.000 0.122 0.196 0.295 0.420 0.563 0.710 0.844 0.944 0.996 0.989 0.925 0.815 0.676 0.528 0.389 0.270 0.176 0.108 0.000 0.000 0.000 0.000 0.000 0.000 0.000 0.000 0.000 0.000 0.000 0.000 0.000 
0.702 0.837 0.940 0.994 0.991 0.929 0.821 0.684 0.536 0.396 0.275 0.180 0.111 0.000 0.000 0.000 0.000 0.000 0.000 0.000 0.000 0.106 0.173 0.266 0.384 0.523 0.670 0.810 0.921 0.987 0.996 0.947 0.848 0.715 0.568 0.425 0.300 0.199 0.124 0.000 0.000 0.000 0.000 0.000 0.000 0.000 0.000 0.000 0.000 0.000 
0.377 0.515 0.663 0.803 0.916 0.985 0.997 0.951 0.855 0.723 0.576 0.432 0.306 0.204 0.128 0.000 0.000 0.000 0.000 0.000 0.000 0.000 0.000 0.000 0.152 0.238 0.349 0.483 0.630 0.774 0.895 0.975 1.000 0.966 0.879 0.754 0.609 0.463 0.332 0.224 0.142 0.000 0.000 0.000 0.000 0.000 0.000 0.000 0.000 0.000 
0.149 0.232 0.343 0.476 0.622 0.766 0.889 0.972 1.000 0.969 0.885 0.761 0.617 0.470 0.338 0.229 0.146 0.000 0.000 0.000 0.000 0.000 0.000 0.000 0.000 0.000 0.134 0.212 0.316 0.445 0.590 0.736 0.865 0.958 0.999 0.981 0.908 0.791 0.649 0.502 0.365 0.251 0.162 0.000 0.000 0.000 0.000 0.000 0.000 0.000 
0.000 0.000 0.130 0.207 0.310 0.438 0.582 0.728 0.859 0.954 0.998 0.983 0.913 0.798 0.657 0.509 0.372 0.256 0.166 0.101 0.000 0.000 0.000 0.000 0.000 0.000 0.000 0.000 0.117 0.188 0.285 0.408 0.549 0.697 0.833 0.937 0.993 0.992 0.933 0.826 0.689 0.542 0.401 0.279 0.183 0.113 0.000 0.000 0.000 0.000 
0.000 0.000 0.000 0.000 0.113 0.183 0.279 0.401 0.542 0.689 0.826 0.933 0.992 0.993 0.937 0.833 0.697 0.549 0.408 0.285 0.188 0.117 0.000 0.000 0.000 0.000 0.000 0.000 0.000 0.000 0.101 0.166 0.256 0.372 0.509 0.657 0.798 0.913 0.983 0.998 0.954 0.859 0.728 0.582 0.438 0.310 0.207 0.130 0.000 0.000 
0.000 0.000 0.000 0.000 0.000 0.000 0.000 0.162 0.251 0.365 0.502 0.649 0.791 0.908 0.981 0.999 0.958 0.865 0.736 0.590 0.445 0.316 0.212 0.134 0.000 0.000 0.000 0.000 0.000 0.000 0.000 0.000 0.000 0.146 0.229 0.338 0.470 0.617 0.761 0.885 0.969 1.000 0.972 0.889 0.766 0.622 0.476 0.343 0.232 0.149 
0.000 0.000 0.000 0.000 0.000 0.000 0.000 0.000 0.000 0.142 0.224 0.332 0.463 0.609 0.754 0.879 0.966 1.000 0.975 0.895 0.774 0.630 0.483 0.349 0.238 0.152 0.000 0.000 0.000 0.000 0.000 0.000 0.000 0.000 0.000 0.128 0.204 0.306 0.432 0.576 0.723 0.855 0.951 0.997 0.985 0.916 0.803 0.663 0.515 0.377 
0.000 0.000 0.000 0.000 0.000 0.000 0.000 0.000 0.000 0.000 0.000 0.124 0.199 0.300 0.425 0.568 0.715 0.848 0.947 0.996 0.987 0.921 0.810 0.670 0.523 0.384 0.266 0.173 0.106 0.000 0.000 0.000 0.000 0.000 0.000 0.000 0.000 0.111 0.180 0.275 0.396 0.536 0.684 0.821 0.929 0.991 0.994 0.940 0.837 0.702 
0.000 0.000 0.000 0.000 0.000 0.000 0.000 0.000 0.000 0.000 0.000 0.000 0.000 0.108 0.176 0.270 0.389 0.528 0.676 0.815 0.925 0.989 0.996 0.944 0.844 0.710 0.563 0.420 0.295 0.196 0.122 0.000 0.000 0.000 0.000 0.000 0.000 0.000 0.000 0.000 0.159 0.247 0.361 0.496 0.644 0.786 0.904 0.979 0.999 0.960 
0.000 0.000 0.000 0.000 0.000 0.000 0.000 0.000 0.000 0.000 0.000 0.000 0.000 0.000 0.000 0.000 0.155 0.241 0.354 0.489 0.636 0.779 0.899 0.977 1.000 0.964 0.875 0.749 0.603 0.458 0.327 0.220 0.140 0.000 0.000 0.000 0.000 0.000 0.000 0.000 0.000 0.000 0.140 0.220 0.327 0.458 0.603 0.749 0.875 0.964 
0.000 0.000 0.000 0.000 0.000 0.000 0.000 0.000 0.000 0.000 0.000 0.000 0.000 0.000 0.000 0.000 0.000 0.000 0.136 0.215 0.321 0.450 0.595 0.741 0.869 0.960 0.999 0.979 0.904 0.786 0.644 0.496 0.361 0.247 0.159 0.000 0.000 0.000 0.000 0.000 0.000 0.000 0.000 0.000 0.122 0.196 0.295 0.420 0.563 0.710 
0.000 0.000 0.000 0.000 0.000 0.000 0.000 0.000 0.000 0.000 0.000 0.000 0.000 0.000 0.000 0.000 0.000 0.000 0.000 0.000 0.119 0.191 0.289 0.413 0.555 0.702 0.837 0.940 0.994 0.991 0.929 0.821 0.684 0.536 0.396 0.275 0.180 0.111 0.000 0.000 0.000 0.000 0.000 0.000 0.000 0.000 0.106 0.173 0.266 0.384 
0.000 0.000 0.000 0.000 0.000 0.000 0.000 0.000 0.000 0.000 0.000 0.000 0.000 0.000 0.000 0.000 0.000 0.000 0.000 0.000 0.000 0.000 0.103 0.169 0.260 0.377 0.515 0.663 0.803 0.916 0.985 0.997 0.951 0.855 0.723 0.576 0.432 0.306 0.204 0.128 0.000 0.000 0.000 0.000 0.000 0.000 0.000 0.000 0.000 0.152 
0.000 0.000 0.000 0.000 0.000 0.000 0.000 0.000 0.000 0.000 0.000 0.000 0.000 0.000 0.000 0.000 0.000 0.000 0.000 0.000 0.000 0.000 0.000 0.000 0.000 0.149 0.232 0.343 0.476 0.622 0.766 0.889 0.972 1.000 0.969 0.885 0.761 0.617 0.470 0.338 0.229 0.146 0.000 0.000 0.000 0.000 0.000 0.000 0.000 0.000 
0.000 0.000 0.000 0.000 0.000 0.000 0.000 0.000 0.000 0.000 0.000 0.000 0.000 0.000 0.000 0.000 0.000 0.000 0.000 0.000 0.000 0.000 0.000 0.000 0.000 0.000 0.000 0.130 0.207 0.310 0.438 0.582 0.728 0.859 0.954 0.998 0.983 0.913 0.798 0.657 0.509 0.372 0.256 0.166 0.101 0.000 0.000 0.000 0.000 0.000 
# 0 3 7 50
0.000 0.000 0.000 0.000 0.000 0.000 0.000 0.000 0.135 0.214 0.319 0.448 0.593 0.739 0.868 0.960 1.000 0.981 0.907 0.789 0.647 0.500 0.363 0.249 0.161 0.000 0.000 0.000 0.000 0.000 0.000 0.000 0.000 0.000 0.000 0.000 0.000 0.000 0.000 0.000 0.000 0.000 0.000 0.000 0.000 0.000 0.000 0.000 0.000 0.000 
0.779 0.636 0.488 0.354 0.241 0.155 0.000 0.000 0.000 0.000 0.000 0.000 0.000 0.000 0.000 0.126 0.201 0.302 0.428 0.572 0.719 0.852 0.950 0.998 0.987 0.920 0.808 0.668 0.520 0.382 0.264 0.172 0.105 0.000 0.000 0.000 0.000 0.000 0.000 0.000 0.000 0.000 0.000 0.000 0.000 0.000 0.000 0.000 0.000 0.000 
0.583 0.730 0.861 0.955 0.999 0.984 0.913 0.798 0.657 0.509 0.372 0.256 0.166 0.101 0.000 0.000 0.000 0.000 0.000 0.000 0.000 0.000 0.117 0.189 0.286 0.409 0.551 0.698 0.834 0.939 0.994 0.993 0.933 0.826 0.689 0.541 0.400 0.279 0.183 0.113 0.000 0.000 0.000 0.000 0.000 0.000 0.000 0.000 0.000 0.000 
0.000 0.000 0.000 0.122 0.195 0.295 0.419 0.562 0.710 0.844 0.945 0.996 0.990 0.926 0.816 0.678 0.530 0.390 0.271 0.177 0.109 0.000 0.000 0.000 0.000 0.000 0.000 0.000 0.000 0.109 0.177 0.271 0.390 0.530 0.678 0.816 0.926 0.990 0.996 0.945 0.844 0.710 0.562 0.419 0.295 0.195 0.122 0.000 0.000 0.000 
0.000 0.000 0.000 0.000 0.000 0.000 0.000 0.000 0.000 0.000 0.113 0.183 0.279 0.400 0.541 0.689 0.826 0.933 0.993 0.994 0.939 0.834 0.698 0.551 0.409 0.286 0.189 0.117 0.000 0.000 0.000 0.000 0.000 0.000 0.000 0.000 0.101 0.166 0.256 0.372 0.509 0.657 0.798 0.913 0.984 0.999 0.955 0.861 0.730 0.583 
0.000 0.000 0.000 0.000 0.000 0.000 0.000 0.000 0.000 0.000 0.000 0.000 0.000 0.000 0.000 0.000 0.000 0.105 0.172 0.264 0.382 0.520 0.668 0.808 0.920 0.987 0.998 0.950 0.852 0.719 0.572 0.428 0.302 0.201 0.126 0.000 0.000 0.000 0.000 0.000 0.000 0.000 0.000 0.000 0.155 0.241 0.354 0.488 0.636 0.779 
0.000 0.000 0.000 0.000 0.000 0.000 0.000 0.000 0.000 0.000 0.000 0.000 0.000 0.000 0.000 0.000 0.000 0.000 0.000 0.000 0.000 0.000 0.000 0.000 0.000 0.161 0.249 0.363 0.500 0.647 0.789 0.907 0.981 1.000 0.960 0.868 0.739 0.593 0.448 0.319 0.214 0.135 0.000 0.000 0.000 0.000 0.000 0.000 0.000 0.000 
# 0 4 9 50
0.000 0.000 0.000 0.000 0.000 0.000 0.000 0.122 0.195 0.295 0.419 0.562 0.709 0.843 0.944 0.996 0.989 0.925 0.815 0.677 0.529 0.390 0.270 0.176 0.109 0.000 0.000 0.000 0.000 0.000 0.000 0.000 0.000 0.000 0.000 0.000 0.000 0.000 0.000 0.000 0.000 0.000 0.000 0.000 0.000 0.000 0.000 0.000 0.000 0.000 
0.435 0.308 0.205 0.129 0.000 0.000 0.000 0.000 0.000 0.000 0.000 0.000 0.000 0.151 0.236 0.347 0.481 0.628 0.772 0.893 0.974 1.000 0.967 0.881 0.756 0.611 0.465 0.334 0.225 0.143 0.000 0.000 0.000 0.000 0.000 0.000 0.000 0.000 0.000 0.000 0.000 0.000 0.000 0.000 0.000 0.000 0.000 0.000 0.000 0.000 
0.998 0.985 0.915 0.801 0.661 0.513 0.375 0.259 0.168 0.103 0.000 0.000 0.000 0.000 0.000 0.000 0.000 0.000 0.115 0.186 0.282 0.405 0.546 0.693 0.830 0.935 0.993 0.993 0.935 0.829 0.693 0.545 0.404 0.282 0.186 0.115 0.000 0.000 0.000 0.000 0.000 0.000 0.000 0.000 0.000 0.000 0.000 0.000 0.000 0.000 
0.361 0.497 0.644 0.786 0.904 0.979 0.999 0.960 0.869 0.741 0.595 0.450 0.320 0.215 0.136 0.000 0.000 0.000 0.000 0.000 0.000 0.000 0.000 0.000 0.143 0.225 0.334 0.465 0.611 0.756 0.881 0.967 1.000 0.974 0.893 0.771 0.628 0.481 0.347 0.236 0.151 0.000 0.000 0.000 0.000 0.000 0.000 0.000 0.000 0.000 
0.000 0.000 0.000 0.122 0.195 0.295 0.419 0.562 0.709 0.843 0.944 0.996 0.989 0.925 0.816 0.677 0.529 0.390 0.270 0.177 0.109 0.000 0.000 0.000 0.000 0.000 0.000 0.000 0.000 0.109 0.177 0.270 0.390 0.529 0.677 0.816 0.925 0.989 0.996 0.944 0.843 0.709 0.562 0.419 0.295 0.195 0.122 0.000 0.000 0.000 
0.000 0.000 0.000 0.000 0.000 0.000 0.000 0.000 0.000 0.151 0.236 0.347 0.481 0.628 0.771 0.893 0.974 1.000 0.967 0.881 0.756 0.611 0.465 0.334 0.225 0.143 0.000 0.000 0.000 0.000 0.000 0.000 0.000 0.000 0.000 0.136 0.215 0.320 0.450 0.595 0.741 0.869 0.960 0.999 0.979 0.904 0.786 0.644 0.497 0.361 
0.000 0.000 0.000 0.000 0.000 0.000 0.000 0.000 0.000 0.000 0.000 0.000 0.000 0.000 0.115 0.186 0.282 0.404 0.545 0.693 0.829 0.935 0.993 0.993 0.935 0.830 0.693 0.546 0.405 0.282 0.186 0.115 0.000 0.000 0.000 0.000 0.000 0.000 0.000 0.000 0.103 0.168 0.259 0.375 0.513 0.661 0.801 0.915 0.985 0.998 
0.000 0.000 0.000 0.000 0.000 0.000 0.000 0.000 0.000 0.000 0.000 0.000 0.000 0.000 0.000 0.000 0.000 0.000 0.000 0.000 0.143 0.225 0.334 0.465 0.611 0.756 0.881 0.967 1.000 0.974 0.893 0.772 0.628 0.481 0.347 0.236 0.151 0.000 0.000 0.000 0.000 0.000 0.000 0.000 0.000 0.000 0.129 0.205 0.308 0.435 
0.000 0.000 0.000 0.000 0.000 0.000 0.000 0.000 0.000 0.000 0.000 0.000 0.000 0.000 0.000 0.000 0.000 0.000 0.000 0.000 0.000 0.000 0.000 0.000 0.000 0.109 0.176 0.270 0.390 0.529 0.677 0.815 0.925 0.989 0.996 0.944 0.843 0.709 0.562 0.419 0.295 0.195 0.122 0.000 0.000 0.000 0.000 0.000 0.000 0.000 
# 1 0 50 7
-0.939 -0.490 -0.126 0.000 0.000 0.000 0.000 
-0.972 -0.560 -0.159 0.000 0.000 0.000 0.000 
-0.993 -0.632 -0.198 0.000 0.000 0.000 0.000 
-1.000 -0.702 -0.243 0.000 0.000 0.000 0.000 
-0.995 -0.770 -0.295 0.000 0.000 0.000 0.000 
-0.976 -0.832 -0.352 0.000 0.000 0.000 0.000 
-0.945 -0.888 -0.414 0.000 0.000 0.000 0.000 
-0.902 -0.934 -0.481 -0.122 0.000 0.000 0.000 
-0.849 -0.968 -0.550 -0.154 0.000 0.000 0.000 
-0.788 -0.991 -0.621 -0.192 0.000 0.000 0.000 
-0.722 -1.000 -0.692 -0.237 0.000 0.000 0.000 
-0.652 -0.996 -0.760 -0.287 0.000 0.000 0.000 
-0.581 -0.980 -0.824 -0.343 0.000 0.000 0.000 
-0.510 -0.950 -0.880 -0.405 0.000 0.000 0.000 
-0.442 -0.909 -0.928 -0.471 -0.118 0.000 0.000 
-0.378 -0.857 -0.964 -0.540 -0.149 0.000 0.000 
-0.318 -0.797 -0.988 -0.611 -0.187 0.000 0.000 
-0.265 -0.731 -0.999 -0.682 -0.230 0.000 0.000 
-0.217 -0.662 -0.998 -0.751 -0.279 0.000 0.000 
-0.175 -0.591 -0.983 -0.815 -0.335 0.000 0.000 
-0.140 -0.520 -0.955 -0.873 -0.396 0.000 0.000 
-0.110 -0.452 -0.915 -0.921 -0.461 -0.114 0.000 
0.000 -0.387 -0.865 -0.960 -0.530 -0.145 0.000 
0.000 -0.326 -0.806 -0.986 -0.601 -0.181 0.000 
0.000 -0.272 -0.741 -0.999 -0.672 -0.223 0.000 
0.000 -0.223 -0.672 -0.999 -0.741 -0.272 0.000 
0.000 -0.181 -0.601 -0.986 -0.806 -0.326 0.000 
0.000 -0.145 -0.530 -0.960 -0.865 -0.387 0.000 
0.000 -0.114 -0.461 -0.921 -0.915 -0.452 -0.110 
0.000 0.000 -0.396 -0.873 -0.955 -0.520 -0.140 
0.000 0.000 -0.335 -0.815 -0.983 -0.591 -0.175 
0.000 0.000 -0.279 -0.751 -0.998 -0.662 -0.217 
0.000 0.000 -0.230 -0.682 -0.999 -0.731 -0.265 
0.000 0.000 -0.187 -0.611 -0.988 -0.797 -0.318 
0.000 0.000 -0.149 -0.540 -0.964 -0.857 -0.378 
0.000 0.000 -0.118 -0.471 -0.928 -0.909 -0.442 
0.000 0.000 0.000 -0.405 -0.880 -0.950 -0.510 
0.000 0.000 0.000 -0.343 -0.824 -0.980 -0.581 
0.000 0.000 0.000 -0.287 -0.760 -0.996 -0.652 
0.000 0.000 0.000 -0.237 -0.692 -1.000 -0.722 
0.000 0.000 0.000 -0.192 -0.621 -0.991 -0.788 
0.000 0.000 0.000 -0.154 -0.550 -0.968 -0.849 
0.000 0.000 0.000 -0.122 -0.481 -0.934 -0.902 
0.000 0.000 0.000 0.000 -0.414 -0.888 -0.945 
0.000 0.000 0.000 0.000 -0.352 -0.832 -0.976 
0.000 0.000 0.000 0.000 -0.295 -0.770 -0.995 
0.000 0.000 0.000 0.000 -0.243 -0.702 -1.000 
0.000 0.000 0.000 0.000 -0.198 -0.632 -0.993 
0.000 0.000 0.000 0.000 -0.159 -0.560 -0.972 
0.000 0.000 0.000 0.000 -0.126 -0.490 -0.939 
# 1 2 22 7
-0.962 -0.535 -0.147 0.000 0.000 0.000 0.000 
-1.000 -0.696 -0.239 0.000 0.000 0.000 0.000 
-0.971 -0.843 -0.363 0.000 0.000 0.000 0.000 
-0.879 -0.951 -0.512 -0.136 0.000 0.000 0.000 
-0.740 -0.999 -0.673 -0.224 0.000 0.000 0.000 
-0.581 -0.980 -0.824 -0.343 0.000 0.000 0.000 
-0.424 -0.895 -0.939 -0.489 -0.126 0.000 0.000 
-0.288 -0.762 -0.996 -0.650 -0.210 0.000 0.000 
-0.183 -0.604 -0.987 -0.804 -0.324 0.000 0.000 
-0.108 -0.445 -0.911 -0.925 -0.467 -0.117 0.000 
0.000 -0.306 -0.783 -0.992 -0.627 -0.196 0.000 
0.000 -0.196 -0.627 -0.992 -0.783 -0.306 0.000 
0.000 -0.117 -0.467 -0.925 -0.911 -0.445 -0.108 
0.000 0.000 -0.324 -0.804 -0.987 -0.604 -0.183 
0.000 0.000 -0.210 -0.650 -0.996 -0.762 -0.288 
0.000 0.000 -0.126 -0.489 -0.939 -0.895 -0.424 
0.000 0.000 0.000 -0.343 -0.824 -0.980 -0.581 
0.000 0.000 0.000 -0.224 -0.673 -0.999 -0.740 
0.000 0.000 0.000 -0.136 -0.512 -0.951 -0.879 
0.000 0.000 0.000 0.000 -0.363 -0.843 -0.971 
0.000 0.000 0.000 0.000 -0.239 -0.696 -1.000 
0.000 0.000 0.000 0.000 -0.147 -0.535 -0.962 
# 1 3 7 7
-1.000 -0.707 -0.247 0.000 0.000 0.000 0.000 
-0.707 -1.000 -0.707 -0.247 0.000 0.000 0.000 
-0.247 -0.707 -1.000 -0.707 -0.247 0.000 0.000 
0.000 -0.247 -0.707 -1.000 -0.707 -0.247 0.000 
0.000 0.000 -0.247 -0.707 -1.000 -0.707 -0.247 
0.000 0.000 0.000 -0.247 -0.707 -1.000 -0.707 
0.000 0.000 0.000 0.000 -0.247 -0.707 -1.000 
# 2 0 50 22
-0.934 -0.966 -0.667 -0.308 0.000 0.000 0.000 0.000 0.000 0.000 0.000 0.000 0.000 0.000 0.000 0.000 0.000 0.000 0.000 0.000 0.000 0.000 
-0.905 -1.000 -0.825 -0.455 -0.167 0.000 0.000 0.000 0.000 0.000 0.000 0.000 0.000 0.000 0.000 0.000 0.000 0.000 0.000 0.000 0.000 0.000 
-0.986 -0.958 -0.944 -0.621 -0.273 0.000 0.000 0.000 0.000 0.000 0.000 0.000 0.000 0.000 0.000 0.000 0.000 0.000 0.000 0.000 0.000 0.000 
-0.994 -0.872 -0.998 -0.784 -0.412 -0.145 0.000 0.000 0.000 0.000 0.000 0.000 0.000 0.000 0.000 0.000 0.000 0.000 0.000 0.000 0.000 0.000 
-0.926 -0.971 -0.977 -0.917 -0.575 -0.241 0.000 0.000 0.000 0.000 0.000 0.000 0.000 0.000 0.000 0.000 0.000 0.000 0.000 0.000 0.000 0.000 
-0.798 -0.999 -0.884 -0.991 -0.742 -0.371 -0.124 0.000 0.000 0.000 0.000 0.000 0.000 0.000 0.000 0.000 0.000 0.000 0.000 0.000 0.000 0.000 
-0.636 -0.951 -0.950 -0.990 -0.885 -0.529 -0.211 0.000 0.000 0.000 0.000 0.000 0.000 0.000 0.000 0.000 0.000 0.000 0.000 0.000 0.000 0.000 
-0.469 -0.838 -0.999 -0.915 -0.977 -0.697 -0.332 -0.106 0.000 0.000 0.000 0.000 0.000 0.000 0.000 0.000 0.000 0.000 0.000 0.000 0.000 0.000 
-0.320 -0.682 -0.972 -0.925 -0.998 -0.850 -0.484 -0.184 0.000 0.000 0.000 0.000 0.000 0.000 0.000 0.000 0.000 0.000 0.000 0.000 0.000 0.000 
-0.202 -0.514 -0.874 -0.993 -0.942 -0.959 -0.652 -0.296 0.000 0.000 0.000 0.000 0.000 0.000 0.000 0.000 0.000 0.000 0.000 0.000 0.000 0.000 
-0.118 -0.358 -0.727 -0.987 -0.895 -1.000 -0.812 -0.440 -0.160 0.000 0.000 0.000 0.000 0.000 0.000 0.000 0.000 0.000 0.000 0.000 0.000 0.000 
0.000 -0.231 -0.559 -0.907 -0.982 -0.965 -0.935 -0.606 -0.262 0.000 0.000 0.000 0.000 0.000 0.000 0.000 0.000 0.000 0.000 0.000 0.000 0.000 
0.000 -0.137 -0.398 -0.770 -0.996 -0.861 -0.996 -0.770 -0.398 -0.137 0.000 0.000 0.000 0.000 0.000 0.000 0.000 0.000 0.000 0.000 0.000 0.000 
0.000 0.000 -0.262 -0.606 -0.935 -0.965 -0.982 -0.907 -0.559 -0.231 0.000 0.000 0.000 0.000 0.000 0.000 0.000 0.000 0.000 0.000 0.000 0.000 
0.000 0.000 -0.160 -0.440 -0.812 -1.000 -0.895 -0.987 -0.727 -0.358 -0.118 0.000 0.000 0.000 0.000 0.000 0.000 0.000 0.000 0.000 0.000 0.000 
0.000 0.000 0.000 -0.296 -0.652 -0.959 -0.942 -0.993 -0.874 -0.514 -0.202 0.000 0.000 0.000 0.000 0.000 0.000 0.000 0.000 0.000 0.000 0.000 
0.000 0.000 0.000 -0.184 -0.484 -0.850 -0.998 -0.925 -0.972 -0.682 -0.320 -0.100 0.000 0.000 0.000 0.000 0.000 0.000 0.000 0.000 0.000 0.000 
0.000 0.000 0.000 -0.106 -0.332 -0.697 -0.977 -0.915 -0.999 -0.838 -0.469 -0.176 0.000 0.000 0.000 0.000 0.000 0.000 0.000 0.000 0.000 0.000 
0.000 0.000 0.000 0.000 -0.211 -0.529 -0.885 -0.990 -0.950 -0.951 -0.636 -0.284 0.000 0.000 0.000 0.000 0.000 0.000 0.000 0.000 0.000 0.000 
0.000 0.000 0.000 0.000 -0.124 -0.371 -0.742 -0.991 -0.884 -0.999 -0.798 -0.426 -0.152 0.000 0.000 0.000 0.000 0.000 0.000 0.000 0.000 0.000 
0.000 0.000 0.000 0.000 0.000 -0.241 -0.575 -0.917 -0.977 -0.971 -0.926 -0.590 -0.251 0.000 0.000 0.000 0.000 0.000 0.000 0.000 0.000 0.000 
0.000 0.000 0.000 0.000 0.000 -0.145 -0.412 -0.784 -0.998 -0.872 -0.994 -0.756 -0.385 -0.131 0.000 0.000 0.000 0.000 0.000 0.000 0.000 0.000 
0.000 0.000 0.000 0.000 0.000 0.000 -0.273 -0.621 -0.944 -0.958 -0.986 -0.896 -0.544 -0.221 0.000 0.000 0.000 0.000 0.000 0.000 0.000 0.000 
0.000 0.000 0.000 0.000 0.000 0.000 -0.167 -0.455 -0.825 -1.000 -0.905 -0.982 -0.712 -0.345 -0.112 0.000 0.000 0.000 0.000 0.000 0.000 0.000 
0.000 0.000 0.000 0.000 0.000 0.000 0.000 -0.308 -0.667 -0.966 -0.934 -0.996 -0.862 -0.499 -0.193 0.000 0.000 0.000 0.000 0.000 0.000 0.000 
0.000 0.000 0.000 0.000 0.000 0.000 0.000 -0.193 -0.499 -0.862 -0.996 -0.934 -0.966 -0.667 -0.308 0.000 0.000 0.000 0.000 0.000 0.000 0.000 
0.000 0.000 0.000 0.000 0.000 0.000 0.000 -0.112 -0.345 -0.712 -0.982 -0.905 -1.000 -0.825 -0.455 -0.167 0.000 0.000 0.000 0.000 0.000 0.000 
0.000 0.000 0.000 0.000 0.000 0.000 0.000 0.000 -0.221 -0.544 -0.896 -0.986 -0.958 -0.944 -0.621 -0.273 0.000 0.000 0.000 0.000 0.000 0.000 
0.000 0.000 0.000 0.000 0.000 0.000 0.000 0.000 -0.131 -0.385 -0.756 -0.994 -0.872 -0.998 -0.784 -0.412 -0.145 0.000 0.000 0.000 0.000 0.000 
0.000 0.000 0.000 0.000 0.000 0.000 0.000 0.000 0.000 -0.251 -0.590 -0.926 -0.971 -0.977 -0.917 -0.575 -0.241 0.000 0.000 0.000 0.000 0.000 
0.000 0.000 0.000 0.000 0.000 0.000 0.000 0.000 0.000 -0.152 -0.426 -0.798 -0.999 -0.884 -0.991 -0.742 -0.371 -0.124 0.000 0.000 0.000 0.000 
0.000 0.000 0.000 0.000 0.000 0.000 0.000 0.000 0.000 0.000 -0.284 -0.636 -0.951 -0.950 -0.990 -0.885 -0.529 -0.211 0.000 0.000 0.000 0.000 
0.000 0.000 0.000 0.000 0.000 0.000 0.000 0.000 0.000 0.000 -0.176 -0.469 -0.838 -0.999 -0.915 -0.977 -0.697 -0.332 -0.106 0.000 0.000 0.000 
0.000 0.000 0.000 0.000 0.000 0.000 0.000 0.000 0.000 0.000 -0.100 -0.320 -0.682 -0.972 -0.925 -0.998 -0.850 -0.484 -0.184 0.000 0.000 0.000 
0.000 0.000 0.000 0.000 0.000 0.000 0.000 0.000 0.000 0.000 0.000 -0.202 -0.514 -0.874 -0.993 -0.942 -0.959 -0.652 -0.296 0.000 0.000 0.000 
0.000 0.000 0.000 0.000 0.000 0.000 0.000 0.000 0.000 0.000 0.000 -0.118 -0.358 -0.727 -0.987 -0.895 -1.000 -0.812 -0.440 -0.160 0.000 0.000 
0.000 0.000 0.000 0.000 0.000 0.000 0.000 0.000 0.000 0.000 0.000 0.000 -0.231 -0.559 -0.907 -0.982 -0.965 -0.935 -0.606 -0.262 0.000 0.000 
0.000 0.000 0.000 0.000 0.000 0.000 0.000 0.000 0.000 0.000 0.000 0.000 -0.137 -0.398 -0.770 -0.996 -0.861 -0.996 -0.770 -0.398 -0.137 0.000 
0.000 0.000 0.000 0.000 0.000 0.000 0.000 0.000 0.000 0.000 0.000 0.000 0.000 -0.262 -0.606 -0.935 -0.965 -0.982 -0.907 -0.559 -0.231 0.000 
0.000 0.000 0.000 0.000 0.000 0.000 0.000 0.000 0.000 0.000 0.000 0.000 0.000 -0.160 -0.440 -0.812 -1.000 -0.895 -0.987 -0.727 -0.358 -0.118 
0.000 0.000 0.000 0.000 0.000 0.000 0.000 0.000 0.000 0.000 0.000 0.000 0.000 0.000 -0.296 -0.652 -0.959 -0.942 -0.993 -0.874 -0.514 -0.202 
0.000 0.000 0.000 0.000 0.000 0.000 0.000 0.000 0.000 0.000 0.000 0.000 0.000 0.000 -0.184 -0.484 -0.850 -0.998 -0.925 -0.972 -0.682 -0.320 
0.000 0.000 0.000 0.000 0.000 0.000 0.000 0.000 0.000 0.000 0.000 0.000 0.000 0.000 -0.106 -0.332 -0.697 -0.977 -0.915 -0.999 -0.838 -0.469 
0.000 0.000 0.000 0.000 0.000 0.000 0.000 0.000 0.000 0.000 0.000 0.000 0.000 0.000 0.000 -0.211 -0.529 -0.885 -0.990 -0.950 -0.951 -0.636 
0.000 0.000 0.000 0.000 0.000 0.000 0.000 0.000 0.000 0.000 0.000 0.000 0.000 0.000 0.000 -0.124 -0.371 -0.742 -0.991 -0.884 -0.999 -0.798 
0.000 0.000 0.000 0.000 0.000 0.000 0.000 0.000 0.000 0.000 0.000 0.000 0.000 0.000 0.000 0.000 -0.241 -0.575 -0.917 -0.977 -0.971 -0.926 
0.000 0.000 0.000 0.000 0.000 0.000 0.000 0.000 0.000 0.000 0.000 0.000 0.000 0.000 0.000 0.000 -0.145 -0.412 -0.784 -0.998 -0.872 -0.994 
0.000 0.000 0.000 0.000 0.000 0.000 0.000 0.000 0.000 0.000 0.000 0.000 0.000 0.000 0.000 0.000 0.000 -0.273 -0.621 -0.944 -0.958 -0.986 
0.000 0.000 0.000 0.000 0.000 0.000 0.000 0.000 0.000 0.000 0.000 0.000 0.000 0.000 0.000 0.000 0.000 -0.167 -0.455 -0.825 -1.000 -0.905 
0.000 0.000 0.000 0.000 0.000 0.000 0.000 0.000 0.000 0.000 0.000 0.000 0.000 0.000 0.000 0.000 0.000 0.000 -0.308 -0.667 -0.966 -0.934 
# 2 1 7 22
-0.992 -0.882 -1.000 -0.796 -0.423 -0.150 0.000 0.000 0.000 0.000 0.000 0.000 0.000 0.000 0.000 0.000 0.000 0.000 0.000 0.000 0.000 0.000 
-0.104 -0.328 -0.692 -0.976 -0.920 -1.000 -0.843 -0.475 -0.179 0.000 0.000 0.000 0.000 0.000 0.000 0.000 0.000 0.000 0.000 0.000 0.000 0.000 
0.000 0.000 0.000 0.000 -0.285 -0.638 -0.953 -0.951 -0.991 -0.885 -0.528 -0.211 0.000 0.000 0.000 0.000 0.000 0.000 0.000 0.000 0.000 0.000 
0.000 0.000 0.000 0.000 0.000 0.000 0.000 -0.246 -0.583 -0.922 -0.975 -0.975 -0.922 -0.583 -0.246 0.000 0.000 0.000 0.000 0.000 0.000 0.000 
0.000 0.000 0.000 0.000 0.000 0.000 0.000 0.000 0.000 0.000 -0.211 -0.528 -0.885 -0.991 -0.951 -0.953 -0.638 -0.285 0.000 0.000 0.000 0.000 
0.000 0.000 0.000 0.000 0.000 0.000 0.000 0.000 0.000 0.000 0.000 0.000 0.000 -0.179 -0.475 -0.843 -1.000 -0.920 -0.976 -0.692 -0.328 -0.104 
0.000 0.000 0.000 0.000 0.000 0.000 0.000 0.000 0.000 0.000 0.000 0.000 0.000 0.000 0.000 0.000 -0.150 -0.423 -0.796 -1.000 -0.882 -0.992 
# 2 3 7 22
-0.992 -0.882 -1.000 -0.796 -0.423 -0.150 0.000 0.000 0.000 0.000 0.000 0.000 0.000 0.000 0.000 0.000 0.000 0.000 0.000 0.000 0.000 0.000 
-0.104 -0.328 -0.692 -0.976 -0.920 -1.000 -0.843 -0.475 -0.179 0.000 0.000 0.000 0.000 0.000 0.000 0.000 0.000 0.000 0.000 0.000 0.000 0.000 
0.000 0.000 0.000 0.000 -0.285 -0.638 -0.953 -0.951 -0.991 -0.885 -0.528 -0.211 0.000 0.000 0.000 0.000 0.000 0.000 0.000 0.000 0.000 0.000 
0.000 0.000 0.000 0.000 0.000 0.000 0.000 -0.246 -0.583 -0.922 -0.975 -0.975 -0.922 -0.583 -0.246 0.000 0.000 0.000 0.000 0.000 0.000 0.000 
0.000 0.000 0.000 0.000 0.000 0.000 0.000 0.000 0.000 0.000 -0.211 -0.528 -0.885 -0.991 -0.951 -0.953 -0.638 -0.285 0.000 0.000 0.000 0.000 
0.000 0.000 0.000 0.000 0.000 0.000 0.000 0.000 0.000 0.000 0.000 0.000 0.000 -0.179 -0.475 -0.843 -1.000 -0.920 -0.976 -0.692 -0.328 -0.104 
0.000 0.000 0.000 0.000 0.000 0.000 0.000 0.000 0.000 0.000 0.000 0.000 0.000 0.000 0.000 0.000 -0.150 -0.423 -0.796 -1.000 -0.882 -0.992 
# 3 0 50 7
-0.942 -0.491 -0.125 0.000 0.000 0.000 0.000 
-0.974 -0.562 -0.158 0.000 0.000 0.000 0.000 
-0.994 -0.633 -0.197 0.000 0.000 0.000 0.000 
-1.000 -0.704 -0.242 0.000 0.000 0.000 0.000 
-0.996 -0.772 -0.294 0.000 0.000 0.000 0.000 
-0.978 -0.835 -0.351 0.000 0.000 0.000 0.000 
-0.947 -0.890 -0.414 0.000 0.000 0.000 0.000 
-0.905 -0.936 -0.481 -0.121 0.000 0.000 0.000 
-0.852 -0.970 -0.551 -0.153 0.000 0.000 0.000 
-0.791 -0.992 -0.623 -0.191 0.000 0.000 0.000 
-0.724 -1.000 -0.694 -0.236 0.000 0.000 0.000 
-0.654 -0.997 -0.763 -0.286 0.000 0.000 0.000 
-0.582 -0.981 -0.827 -0.343 0.000 0.000 0.000 
-0.511 -0.952 -0.883 -0.405 0.000 0.000 0.000 
-0.442 -0.911 -0.930 -0.471 -0.117 0.000 0.000 
-0.378 -0.860 -0.966 -0.541 -0.148 0.000 0.000 
-0.318 -0.800 -0.990 -0.613 -0.185 0.000 0.000 
-0.264 -0.734 -1.000 -0.684 -0.229 0.000 0.000 
-0.216 -0.664 -0.998 -0.753 -0.279 0.000 0.000 
-0.174 -0.592 -0.984 -0.818 -0.334 0.000 0.000 
-0.139 -0.521 -0.957 -0.876 -0.396 0.000 0.000 
-0.109 -0.452 -0.918 -0.924 -0.462 -0.113 0.000 
0.000 -0.386 -0.868 -0.962 -0.531 -0.143 0.000 
0.000 -0.326 -0.809 -0.987 -0.603 -0.180 0.000 
0.000 -0.271 -0.744 -0.999 -0.674 -0.222 0.000 
0.000 -0.222 -0.674 -0.999 -0.744 -0.271 0.000 
0.000 -0.180 -0.603 -0.987 -0.809 -0.326 0.000 
0.000 -0.143 -0.531 -0.962 -0.868 -0.386 0.000 
0.000 -0.113 -0.462 -0.924 -0.918 -0.452 -0.109 
0.000 0.000 -0.396 -0.876 -0.957 -0.521 -0.139 
0.000 0.000 -0.334 -0.818 -0.984 -0.592 -0.174 
0.000 0.000 -0.279 -0.753 -0.998 -0.664 -0.216 
0.000 0.000 -0.229 -0.684 -1.000 -0.734 -0.264 
0.000 0.000 -0.185 -0.613 -0.990 -0.800 -0.318 
0.000 0.000 -0.148 -0.541 -0.966 -0.860 -0.378 
0.000 0.000 -0.117 -0.471 -0.930 -0.911 -0.442 
0.000 0.000 0.000 -0.405 -0.883 -0.952 -0.511 
0.000 0.000 0.000 -0.343 -0.827 -0.981 -0.582 
0.000 0.000 0.000 -0.286 -0.763 -0.997 -0.654 
0.000 0.000 0.000 -0.236 -0.694 -1.000 -0.724 
0.000 0.000 0.000 -0.191 -0.623 -0.992 -0.791 
0.000 0.000 0.000 -0.153 -0.551 -0.970 -0.852 
0.000 0.000 0.000 -0.121 -0.481 -0.936 -0.905 
0.000 0.000 0.000 0.000 -0.414 -0.890 -0.947 
0.000 0.000 0.000 0.000 -0.351 -0.835 -0.978 
0.000 0.000 0.000 0.000 -0.294 -0.772 -0.996 
0.000 0.000 0.000 0.000 -0.242 -0.704 -1.000 
0.000 0.000 0.000 0.000 -0.197 -0.633 -0.994 
0.000 0.000 0.000 0.000 -0.158 -0.562 -0.974 
0.000 0.000 0.000 0.000 -0.125 -0.491 -0.942 
# 3 1 7 7
-1.000 -0.709 -0.246 0.000 0.000 0.000 0.000 
-0.709 -1.000 -0.709 -0.246 0.000 0.000 0.000 
-0.246 -0.709 -1.000 -0.709 -0.246 0.000 0.000 
0.000 -0.246 -0.709 -1.000 -0.709 -0.246 0.000 
0.000 0.000 -0.246 -0.709 -1.000 -0.709 -0.246 
0.000 0.000 0.000 -0.246 -0.709 -1.000 -0.709 
0.000 0.000 0.000 0.000 -0.246 -0.709 -1.000 
# 3 2 22 7
-0.964 -0.536 -0.145 0.000 0.000 0.000 0.000 
-1.000 -0.698 -0.238 0.000 0.000 0.000 0.000 
-0.973 -0.846 -0.362 0.000 0.000 0.000 0.000 
-0.882 -0.953 -0.513 -0.135 0.000 0.000 0.000 
-0.743 -0.999 -0.675 -0.223 0.000 0.000 0.000 
-0.582 -0.981 -0.827 -0.343 0.000 0.000 0.000 
-0.424 -0.898 -0.941 -0.490 -0.125 0.000 0.000 
-0.288 -0.765 -0.997 -0.652 -0.208 0.000 0.000 
-0.181 -0.605 -0.988 -0.807 -0.324 0.000 0.000 
-0.106 -0.446 -0.914 -0.928 -0.468 -0.115 0.000 
0.000 -0.305 -0.786 -0.993 -0.629 -0.194 0.000 
0.000 -0.194 -0.629 -0.993 -0.786 -0.305 0.000 
0.000 -0.115 -0.468 -0.928 -0.914 -0.446 -0.106 
0.000 0.000 -0.324 -0.807 -0.988 -0.605 -0.181 
0.000 0.000 -0.208 -0.652 -0.997 -0.765 -0.288 
0.000 0.000 -0.125 -0.490 -0.941 -0.898 -0.424 
0.000 0.000 0.000 -0.343 -0.827 -0.981 -0.582 
0.000 0.000 0.000 -0.223 -0.675 -0.999 -0.743 
0.000 0.000 0.000 -0.135 -0.513 -0.953 -0.882 
0.000 0.000 0.000 0.000 -0.362 -0.846 -0.973 
0.000 0.000 0.000 0.000 -0.238 -0.698 -1.000 
0.000 0.000 0.000 0.000 -0.145 -0.536 -0.964 
