3.492978
4
# 0 1 26 50
0.958 0.942 0.592 0.235 0.000 0.000 0.000 0.000 0.000 0.000 0.000 0.000 0.000 0.000 0.000 0.000 0.000 0.000 0.000 0.000 0.000 0.000 0.000 0.000 0.000 0.000 0.000 0.000 0.000 0.000 0.000 0.000 0.000 0.000 0.000 0.000 0.000 0.000 0.000 0.000 0.000 0.000 0.000 0.000 0.000 0.000 0.000 0.000 0.000 0.000 
0.279 0.655 0.971 0.924 0.560 0.214 0.000 0.000 0.000 0.000 0.000 0.000 0.000 0.000 0.000 0.000 0.000 0.000 0.000 0.000 0.000 0.000 0.000 0.000 0.000 0.000 0.000 0.000 0.000 0.000 0.000 0.000 0.000 0.000 0.000 0.000 0.000 0.000 0.000 0.000 0.000 0.000 0.000 0.000 0.000 0.000 0.000 0.000 0.000 0.000 
0.000 0.000 0.303 0.686 0.982 0.904 0.529 0.195 0.000 0.000 0.000 0.000 0.000 0.000 0.000 0.000 0.000 0.000 0.000 0.000 0.000 0.000 0.000 0.000 0.000 0.000 0.000 0.000 0.000 0.000 0.000 0.000 0.000 0.000 0.000 0.000 0.000 0.000 0.000 0.000 0.000 0.000 0.000 0.000 0.000 0.000 0.000 0.000 0.000 0.000 
0.000 0.000 0.000 0.000 0.328 0.717 0.991 0.882 0.498 0.178 0.000 0.000 0.000 0.000 0.000 0.000 0.000 0.000 0.000 0.000 0.000 0.000 0.000 0.000 0.000 0.000 0.000 0.000 0.000 0.000 0.000 0.000 0.000 0.000 0.000 0.000 0.000 0.000 0.000 0.000 0.000 0.000 0.000 0.000 0.000 0.000 0.000 0.000 0.000 0.000 
0.000 0.000 0.000 0.000 0.000 0.106 0.354 0.747 0.997 0.858 0.468 0.161 0.000 0.000 0.000 0.000 0.000 0.000 0.000 0.000 0.000 0.000 0.000 0.000 0.000 0.000 0.000 0.000 0.000 0.000 0.000 0.000 0.000 0.000 0.000 0.000 0.000 0.000 0.000 0.000 0.000 0.000 0.000 0.000 0.000 0.000 0.000 0.000 0.000 0.000 
0.000 0.000 0.000 0.000 0.000 0.000 0.000 0.118 0.381 0.777 1.000 0.832 0.438 0.145 0.000 0.000 0.000 0.000 0.000 0.000 0.000 0.000 0.000 0.000 0.000 0.000 0.000 0.000 0.000 0.000 0.000 0.000 0.000 0.000 0.000 0.000 0.000 0.000 0.000 0.000 0.000 0.000 0.000 0.000 0.000 0.000 0.000 0.000 0.000 0.000 
0.000 0.000 0.000 0.000 0.000 0.000 0.000 0.000 0.000 0.131 0.409 0.805 1.000 0.805 0.409 0.131 0.000 0.000 0.000 0.000 0.000 0.000 0.000 0.000 0.000 0.000 0.000 0.000 0.000 0.000 0.000 0.000 0.000 0.000 0.000 0.000 0.000 0.000 0.000 0.000 0.000 0.000 0.000 0.000 0.000 0.000 0.000 0.000 0.000 0.000 
0.000 0.000 0.000 0.000 0.000 0.000 0.000 0.000 0.000 0.000 0.000 0.145 0.438 0.832 1.000 0.777 0.381 0.118 0.000 0.000 0.000 0.000 0.000 0.000 0.000 0.000 0.000 0.000 0.000 0.000 0.000 0.000 0.000 0.000 0.000 0.000 0.000 0.000 0.000 0.000 0.000 0.000 0.000 0.000 0.000 0.000 0.000 0.000 0.000 0.000 
0.000 0.000 0.000 0.000 0.000 0.000 0.000 0.000 0.000 0.000 0.000 0.000 0.000 0.161 0.468 0.858 0.997 0.747 0.354 0.106 0.000 0.000 0.000 0.000 0.000 0.000 0.000 0.000 0.000 0.000 0.000 0.000 0.000 0.000 0.000 0.000 0.000 0.000 0.000 0.000 0.000 0.000 0.000 0.000 0.000 0.000 0.000 0.000 0.000 0.000 
0.000 0.000 0.000 0.000 0.000 0.000 0.000 0.000 0.000 0.000 0.000 0.000 0.000 0.000 0.000 0.178 0.498 0.882 0.991 0.717 0.328 0.000 0.000 0.000 0.000 0.000 0.000 0.000 0.000 0.000 0.000 0.000 0.000 0.000 0.000 0.000 0.000 0.000 0.000 0.000 0.000 0.000 0.000 0.000 0.000 0.000 0.000 0.000 0.000 0.000 
0.000 0.000 0.000 0.000 0.000 0.000 0.000 0.000 0.000 0.000 0.000 0.000 0.000 0.000 0.000 0.000 0.000 0.195 0.529 0.904 0.982 0.686 0.303 0.000 0.000 0.000 0.000 0.000 0.000 0.000 0.000 0.000 0.000 0.000 0.000 0.000 0.000 0.000 0.000 0.000 0.000 0.000 0.000 0.000 0.000 0.000 0.000 0.000 0.000 0.000 
0.000 0.000 0.000 0.000 0.000 0.000 0.000 0.000 0.000 0.000 0.000 0.000 0.000 0.000 0.000 0.000 0.000 0.000 0.000 0.214 0.560 0.924 0.971 0.655 0.279 0.000 0.000 0.000 0.000 0.000 0.000 0.000 0.000 0.000 0.000 0.000 0.000 0.000 0.000 0.000 0.000 0.000 0.000 0.000 0.000 0.000 0.000 0.000 0.000 0.000 
0.000 0.000 0.000 0.000 0.000 0.000 0.000 0.000 0.000 0.000 0.000 0.000 0.000 0.000 0.000 0.000 0.000 0.000 0.000 0.000 0.000 0.235 0.592 0.942 0.958 0.624 0.256 0.000 0.000 0.000 0.000 0.000 0.000 0.000 0.000 0.000 0.000 0.000 0.000 0.000 0.000 0.000 0.000 0.000 0.000 0.000 0.000 0.000 0.000 0.000 
0.000 0.000 0.000 0.000 0.000 0.000 0.000 0.000 0.000 0.000 0.000 0.000 0.000 0.000 0.000 0.000 0.000 0.000 0.000 0.000 0.000 0.000 0.000 0.256 0.624 0.958 0.942 0.592 0.235 0.000 0.000 0.000 0.000 0.000 0.000 0.000 0.000 0.000 0.000 0.000 0.000 0.000 0.000 0.000 0.000 0.000 0.000 0.000 0.000 0.000 
0.000 0.000 0.000 0.000 0.000 0.000 0.000 0.000 0.000 0.000 0.000 0.000 0.000 0.000 0.000 0.000 0.000 0.000 0.000 0.000 0.000 0.000 0.000 0.000 0.000 0.279 0.655 0.971 0.924 0.560 0.214 0.000 0.000 0.000 0.000 0.000 0.000 0.000 0.000 0.000 0.000 0.000 0.000 0.000 0.000 0.000 0.000 0.000 0.000 0.000 
0.000 0.000 0.000 0.000 0.000 0.000 0.000 0.000 0.000 0.000 0.000 0.000 0.000 0.000 0.000 0.000 0.000 0.000 0.000 0.000 0.000 0.000 0.000 0.000 0.000 0.000 0.000 0.303 0.686 0.982 0.904 0.529 0.195 0.000 0.000 0.000 0.000 0.000 0.000 0.000 0.000 0.000 0.000 0.000 0.000 0.000 0.000 0.000 0.000 0.000 
0.000 0.000 0.000 0.000 0.000 0.000 0.000 0.000 0.000 0.000 0.000 0.000 0.000 0.000 0.000 0.000 0.000 0.000 0.000 0.000 0.000 0.000 0.000 0.000 0.000 0.000 0.000 0.000 0.000 0.328 0.717 0.991 0.882 0.498 0.178 0.000 0.000 0.000 0.000 0.000 0.000 0.000 0.000 0.000 0.000 0.000 0.000 0.000 0.000 0.000 
0.000 0.000 0.000 0.000 0.000 0.000 0.000 0.000 0.000 0.000 0.000 0.000 0.000 0.000 0.000 0.000 0.000 0.000 0.000 0.000 0.000 0.000 0.000 0.000 0.000 0.000 0.000 0.000 0.000 0.000 0.106 0.354 0.747 0.997 0.858 0.468 0.161 0.000 0.000 0.000 0.000 0.000 0.000 0.000 0.000 0.000 0.000 0.000 0.000 0.000 
0.000 0.000 0.000 0.000 0.000 0.000 0.000 0.000 0.000 0.000 0.000 0.000 0.000 0.000 0.000 0.000 0.000 0.000 0.000 0.000 0.000 0.000 0.000 0.000 0.000 0.000 0.000 0.000 0.000 0.000 0.000 0.000 0.118 0.381 0.777 1.000 0.832 0.438 0.145 0.000 0.000 0.000 0.000 0.000 0.000 0.000 0.000 0.000 0.000 0.000 
0.000 0.000 0.000 0.000 0.000 0.000 0.000 0.000 0.000 0.000 0.000 0.000 0.000 0.000 0.000 0.000 0.000 0.000 0.000 0.000 0.000 0.000 0.000 0.000 0.000 0.000 0.000 0.000 0.000 0.000 0.000 0.000 0.000 0.000 0.131 0.409 0.805 1.000 0.805 0.409 0.131 0.000 0.000 0.000 0.000 0.000 0.000 0.000 0.000 0.000 
0.000 0.000 0.000 0.000 0.000 0.000 0.000 0.000 0.000 0.000 0.000 0.000 0.000 0.000 0.000 0.000 0.000 0.000 0.000 0.000 0.000 0.000 0.000 0.000 0.000 0.000 0.000 0.000 0.000 0.000 0.000 0.000 0.000 0.000 0.000 0.000 0.145 0.438 0.832 1.000 0.777 0.381 0.118 0.000 0.000 0.000 0.000 0.000 0.000 0.000 
0.000 0.000 0.000 0.000 0.000 0.000 0.000 0.000 0.000 0.000 0.000 0.000 0.000 0.000 0.000 0.000 0.000 0.000 0.000 0.000 0.000 0.000 0.000 0.000 0.000 0.000 0.000 0.000 0.000 0.000 0.000 0.000 0.000 0.000 0.000 0.000 0.000 0.000 0.161 0.468 0.858 0.997 0.747 0.354 0.106 0.000 0.000 0.000 0.000 0.000 
0.000 0.000 0.000 0.000 0.000 0.000 0.000 0.000 0.000 0.000 0.000 0.000 0.000 0.000 0.000 0.000 0.000 0.000 0.000 0.000 0.000 0.000 0.000 0.000 0.000 0.000 0.000 0.000 0.000 0.000 0.000 0.000 0.000 0.000 0.000 0.000 0.000 0.000 0.000 0.000 0.178 0.498 0.882 0.991 0.717 0.328 0.000 0.000 0.000 0.000 
0.000 0.000 0.000 0.000 0.000 0.000 0.000 0.000 0.000 0.000 0.000 0.000 0.000 0.000 0.000 0.000 0.000 0.000 0.000 0.000 0.000 0.000 0.000 0.000 0.000 0.000 0.000 0.000 0.000 0.000 0.000 0.000 0.000 0.000 0.000 0.000 0.000 0.000 0.000 0.000 0.000 0.000 0.195 0.529 0.904 0.982 0.686 0.303 0.000 0.000 
0.000 0.000 0.000 0.000 0.000 0.000 0.000 0.000 0.000 0.000 0.000 0.000 0.000 0.000 0.000 0.000 0.000 0.000 0.000 0.000 0.000 0.000 0.000 0.000 0.000 0.000 0.000 0.000 0.000 0.000 0.000 0.000 0.000 0.000 0.000 0.000 0.000 0.000 0.000 0.000 0.000 0.000 0.000 0.000 0.214 0.560 0.924 0.971 0.655 0.279 
0.000 0.000 0.000 0.000 0.000 0.000 0.000 0.000 0.000 0.000 0.000 0.000 0.000 0.000 0.000 0.000 0.000 0.000 0.000 0.000 0.000 0.000 0.000 0.000 0.000 0.000 0.000 0.000 0.000 0.000 0.000 0.000 0.000 0.000 0.000 0.000 0.000 0.000 0.000 0.000 0.000 0.000 0.000 0.000 0.000 0.000 0.235 0.592 0.942 0.958 
# 0 2 22 50
0.919 0.975 0.664 0.285 0.000 0.000 0.000 0.000 0.000 0.000 0.000 0.000 0.000 0.000 0.000 0.000 0.000 0.000 0.000 0.000 0.000 0.000 0.000 0.000 0.000 0.000 0.000 0.000 0.000 0.000 0.000 0.000 0.000 0.000 0.000 0.000 0.000 0.000 0.000 0.000 0.000 0.000 0.000 0.000 0.000 0.000 0.000 0.000 0.000 0.000 
0.148 0.443 0.837 0.999 0.771 0.376 0.116 0.000 0.000 0.000 0.000 0.000 0.000 0.000 0.000 0.000 0.000 0.000 0.000 0.000 0.000 0.000 0.000 0.000 0.000 0.000 0.000 0.000 0.000 0.000 0.000 0.000 0.000 0.000 0.000 0.000 0.000 0.000 0.000 0.000 0.000 0.000 0.000 0.000 0.000 0.000 0.000 0.000 0.000 0.000 
0.000 0.000 0.101 0.344 0.736 0.995 0.866 0.479 0.167 0.000 0.000 0.000 0.000 0.000 0.000 0.000 0.000 0.000 0.000 0.000 0.000 0.000 0.000 0.000 0.000 0.000 0.000 0.000 0.000 0.000 0.000 0.000 0.000 0.000 0.000 0.000 0.000 0.000 0.000 0.000 0.000 0.000 0.000 0.000 0.000 0.000 0.000 0.000 0.000 0.000 
0.000 0.000 0.000 0.000 0.000 0.258 0.626 0.959 0.941 0.589 0.233 0.000 0.000 0.000 0.000 0.000 0.000 0.000 0.000 0.000 0.000 0.000 0.000 0.000 0.000 0.000 0.000 0.000 0.000 0.000 0.000 0.000 0.000 0.000 0.000 0.000 0.000 0.000 0.000 0.000 0.000 0.000 0.000 0.000 0.000 0.000 0.000 0.000 0.000 0.000 
0.000 0.000 0.000 0.000 0.000 0.000 0.000 0.187 0.515 0.894 0.987 0.700 0.314 0.000 0.000 0.000 0.000 0.000 0.000 0.000 0.000 0.000 0.000 0.000 0.000 0.000 0.000 0.000 0.000 0.000 0.000 0.000 0.000 0.000 0.000 0.000 0.000 0.000 0.000 0.000 0.000 0.000 0.000 0.000 0.000 0.000 0.000 0.000 0.000 0.000 
0.000 0.000 0.000 0.000 0.000 0.000 0.000 0.000 0.000 0.131 0.409 0.805 1.000 0.805 0.409 0.131 0.000 0.000 0.000 0.000 0.000 0.000 0.000 0.000 0.000 0.000 0.000 0.000 0.000 0.000 0.000 0.000 0.000 0.000 0.000 0.000 0.000 0.000 0.000 0.000 0.000 0.000 0.000 0.000 0.000 0.000 0.000 0.000 0.000 0.000 
0.000 0.000 0.000 0.000 0.000 0.000 0.000 0.000 0.000 0.000 0.000 0.000 0.314 0.700 0.987 0.894 0.515 0.187 0.000 0.000 0.000 0.000 0.000 0.000 0.000 0.000 0.000 0.000 0.000 0.000 0.000 0.000 0.000 0.000 0.000 0.000 0.000 0.000 0.000 0.000 0.000 0.000 0.000 0.000 0.000 0.000 0.000 0.000 0.000 0.000 
0.000 0.000 0.000 0.000 0.000 0.000 0.000 0.000 0.000 0.000 0.000 0.000 0.000 0.000 0.233 0.589 0.941 0.959 0.626 0.258 0.000 0.000 0.000 0.000 0.000 0.000 0.000 0.000 0.000 0.000 0.000 0.000 0.000 0.000 0.000 0.000 0.000 0.000 0.000 0.000 0.000 0.000 0.000 0.000 0.000 0.000 0.000 0.000 0.000 0.000 
0.000 0.000 0.000 0.000 0.000 0.000 0.000 0.000 0.000 0.000 0.000 0.000 0.000 0.000 0.000 0.000 0.167 0.479 0.866 0.995 0.736 0.344 0.101 0.000 0.000 0.000 0.000 0.000 0.000 0.000 0.000 0.000 0.000 0.000 0.000 0.000 0.000 0.000 0.000 0.000 0.000 0.000 0.000 0.000 0.000 0.000 0.000 0.000 0.000 0.000 
0.000 0.000 0.000 0.000 0.000 0.000 0.000 0.000 0.000 0.000 0.000 0.000 0.000 0.000 0.000 0.000 0.000 0.000 0.116 0.376 0.771 0.999 0.837 0.443 0.148 0.000 0.000 0.000 0.000 0.000 0.000 0.000 0.000 0.000 0.000 0.000 0.000 0.000 0.000 0.000 0.000 0.000 0.000 0.000 0.000 0.000 0.000 0.000 0.000 0.000 
0.000 0.000 0.000 0.000 0.000 0.000 0.000 0.000 0.000 0.000 0.000 0.000 0.000 0.000 0.000 0.000 0.000 0.000 0.000 0.000 0.000 0.285 0.664 0.975 0.919 0.552 0.209 0.000 0.000 0.000 0.000 0.000 0.000 0.000 0.000 0.000 0.000 0.000 0.000 0.000 0.000 0.000 0.000 0.000 0.000 0.000 0.000 0.000 0.000 0.000 
0.000 0.000 0.000 0.000 0.000 0.000 0.000 0.000 0.000 0.000 0.000 0.000 0.000 0.000 0.000 0.000 0.000 0.000 0.000 0.000 0.000 0.000 0.000 0.209 0.552 0.919 0.975 0.664 0.285 0.000 0.000 0.000 0.000 0.000 0.000 0.000 0.000 0.000 0.000 0.000 0.000 0.000 0.000 0.000 0.000 0.000 0.000 0.000 0.000 0.000 
0.000 0.000 0.000 0.000 0.000 0.000 0.000 0.000 0.000 0.000 0.000 0.000 0.000 0.000 0.000 0.000 0.000 0.000 0.000 0.000 0.000 0.000 0.000 0.000 0.000 0.148 0.443 0.837 0.999 0.771 0.376 0.116 0.000 0.000 0.000 0.000 0.000 0.000 0.000 0.000 0.000 0.000 0.000 0.000 0.000 0.000 0.000 0.000 0.000 0.000 
0.000 0.000 0.000 0.000 0.000 0.000 0.000 0.000 0.000 0.000 0.000 0.000 0.000 0.000 0.000 0.000 0.000 0.000 0.000 0.000 0.000 0.000 0.000 0.000 0.000 0.000 0.000 0.101 0.344 0.736 0.995 0.866 0.479 0.167 0.000 0.000 0.000 0.000 0.000 0.000 0.000 0.000 0.000 0.000 0.000 0.000 0.000 0.000 0.000 0.000 
0.000 0.000 0.000 0.000 0.000 0.000 0.000 0.000 0.000 0.000 0.000 0.000 0.000 0.000 0.000 0.000 0.000 0.000 0.000 0.000 0.000 0.000 0.000 0.000 0.000 0.000 0.000 0.000 0.000 0.000 0.258 0.626 0.959 0.941 0.589 0.233 0.000 0.000 0.000 0.000 0.000 0.000 0.000 0.000 0.000 0.000 0.000 0.000 0.000 0.000 
0.000 0.000 0.000 0.000 0.000 0.000 0.000 0.000 0.000 0.000 0.000 0.000 0.000 0.000 0.000 0.000 0.000 0.000 0.000 0.000 0.000 0.000 0.000 0.000 0.000 0.000 0.000 0.000 0.000 0.000 0.000 0.000 0.187 0.515 0.894 0.987 0.700 0.314 0.000 0.000 0.000 0.000 0.000 0.000 0.000 0.000 0.000 0.000 0.000 0.000 
0.000 0.000 0.000 0.000 0.000 0.000 0.000 0.000 0.000 0.000 0.000 0.000 0.000 0.000 0.000 0.000 0.000 0.000 0.000 0.000 0.000 0.000 0.000 0.000 0.000 0.000 0.000 0.000 0.000 0.000 0.000 0.000 0.000 0.000 0.131 0.409 0.805 1.000 0.805 0.409 0.131 0.000 0.000 0.000 0.000 0.000 0.000 0.000 0.000 0.000 
0.000 0.000 0.000 0.000 0.000 0.000 0.000 0.000 0.000 0.000 0.000 0.000 0.000 0.000 0.000 0.000 0.000 0.000 0.000 0.000 0.000 0.000 0.000 0.000 0.000 0.000 0.000 0.000 0.000 0.000 0.000 0.000 0.000 0.000 0.000 0.000 0.000 0.314 0.700 0.987 0.894 0.515 0.187 0.000 0.000 0.000 0.000 0.000 0.000 0.000 
0.000 0.000 0.000 0.000 0.000 0.000 0.000 0.000 0.000 0.000 0.000 0.000 0.000 0.000 0.000 0.000 0.000 0.000 0.000 0.000 0.000 0.000 0.000 0.000 0.000 0.000 0.000 0.000 0.000 0.000 0.000 0.000 0.000 0.000 0.000 0.000 0.000 0.000 0.000 0.233 0.589 0.941 0.959 0.626 0.258 0.000 0.000 0.000 0.000 0.000 
0.000 0.000 0.000 0.000 0.000 0.000 0.000 0.000 0.000 0.000 0.000 0.000 0.000 0.000 0.000 0.000 0.000 0.000 0.000 0.000 0.000 0.000 0.000 0.000 0.000 0.000 0.000 0.000 0.000 0.000 0.000 0.000 0.000 0.000 0.000 0.000 0.000 0.000 0.000 0.000 0.000 0.167 0.479 0.866 0.995 0.736 0.344 0.101 0.000 0.000 
0.000 0.000 0.000 0.000 0.000 0.000 0.000 0.000 0.000 0.000 0.000 0.000 0.000 0.000 0.000 0.000 0.000 0.000 0.000 0.000 0.000 0.000 0.000 0.000 0.000 0.000 0.000 0.000 0.000 0.000 0.000 0.000 0.000 0.000 0.000 0.000 0.000 0.000 0.000 0.000 0.000 0.000 0.000 0.116 0.376 0.771 0.999 0.837 0.443 0.148 
0.000 0.000 0.000 0.000 0.000 0.000 0.000 0.000 0.000 0.000 0.000 0.000 0.000 0.000 0.000 0.000 0.000 0.000 0.000 0.000 0.000 0.000 0.000 0.000 0.000 0.000 0.000 0.000 0.000 0.000 0.000 0.000 0.000 0.000 0.000 0.000 0.000 0.000 0.000 0.000 0.000 0.000 0.000 0.000 0.000 0.000 0.285 0.664 0.975 0.919 
# 0 3 17 50
0.815 1.000 0.794 0.398 0.126 0.000 0.000 0.000 0.000 0.000 0.000 0.000 0.000 0.000 0.000 0.000 0.000 0.000 0.000 0.000 0.000 0.000 0.000 0.000 0.000 0.000 0.000 0.000 0.000 0.000 0.000 0.000 0.000 0.000 0.000 0.000 0.000 0.000 0.000 0.000 0.000 0.000 0.000 0.000 0.000 0.000 0.000 0.000 0.000 0.000 
0.000 0.148 0.442 0.836 0.999 0.772 0.377 0.116 0.000 0.000 0.000 0.000 0.000 0.000 0.000 0.000 0.000 0.000 0.000 0.000 0.000 0.000 0.000 0.000 0.000 0.000 0.000 0.000 0.000 0.000 0.000 0.000 0.000 0.000 0.000 0.000 0.000 0.000 0.000 0.000 0.000 0.000 0.000 0.000 0.000 0.000 0.000 0.000 0.000 0.000 
0.000 0.000 0.000 0.000 0.160 0.465 0.855 0.997 0.750 0.356 0.107 0.000 0.000 0.000 0.000 0.000 0.000 0.000 0.000 0.000 0.000 0.000 0.000 0.000 0.000 0.000 0.000 0.000 0.000 0.000 0.000 0.000 0.000 0.000 0.000 0.000 0.000 0.000 0.000 0.000 0.000 0.000 0.000 0.000 0.000 0.000 0.000 0.000 0.000 0.000 
0.000 0.000 0.000 0.000 0.000 0.000 0.000 0.172 0.488 0.874 0.993 0.727 0.336 0.000 0.000 0.000 0.000 0.000 0.000 0.000 0.000 0.000 0.000 0.000 0.000 0.000 0.000 0.000 0.000 0.000 0.000 0.000 0.000 0.000 0.000 0.000 0.000 0.000 0.000 0.000 0.000 0.000 0.000 0.000 0.000 0.000 0.000 0.000 0.000 0.000 
0.000 0.000 0.000 0.000 0.000 0.000 0.000 0.000 0.000 0.000 0.185 0.512 0.891 0.987 0.704 0.316 0.000 0.000 0.000 0.000 0.000 0.000 0.000 0.000 0.000 0.000 0.000 0.000 0.000 0.000 0.000 0.000 0.000 0.000 0.000 0.000 0.000 0.000 0.000 0.000 0.000 0.000 0.000 0.000 0.000 0.000 0.000 0.000 0.000 0.000 
0.000 0.000 0.000 0.000 0.000 0.000 0.000 0.000 0.000 0.000 0.000 0.000 0.000 0.199 0.535 0.908 0.980 0.680 0.298 0.000 0.000 0.000 0.000 0.000 0.000 0.000 0.000 0.000 0.000 0.000 0.000 0.000 0.000 0.000 0.000 0.000 0.000 0.000 0.000 0.000 0.000 0.000 0.000 0.000 0.000 0.000 0.000 0.000 0.000 0.000 
0.000 0.000 0.000 0.000 0.000 0.000 0.000 0.000 0.000 0.000 0.000 0.000 0.000 0.000 0.000 0.000 0.214 0.559 0.923 0.972 0.656 0.279 0.000 0.000 0.000 0.000 0.000 0.000 0.000 0.000 0.000 0.000 0.000 0.000 0.000 0.000 0.000 0.000 0.000 0.000 0.000 0.000 0.000 0.000 0.000 0.000 0.000 0.000 0.000 0.000 
0.000 0.000 0.000 0.000 0.000 0.000 0.000 0.000 0.000 0.000 0.000 0.000 0.000 0.000 0.000 0.000 0.000 0.000 0.000 0.229 0.583 0.937 0.962 0.632 0.262 0.000 0.000 0.000 0.000 0.000 0.000 0.000 0.000 0.000 0.000 0.000 0.000 0.000 0.000 0.000 0.000 0.000 0.000 0.000 0.000 0.000 0.000 0.000 0.000 0.000 
0.000 0.000 0.000 0.000 0.000 0.000 0.000 0.000 0.000 0.000 0.000 0.000 0.000 0.000 0.000 0.000 0.000 0.000 0.000 0.000 0.000 0.000 0.245 0.608 0.950 0.950 0.608 0.245 0.000 0.000 0.000 0.000 0.000 0.000 0.000 0.000 0.000 0.000 0.000 0.000 0.000 0.000 0.000 0.000 0.000 0.000 0.000 0.000 0.000 0.000 
0.000 0.000 0.000 0.000 0.000 0.000 0.000 0.000 0.000 0.000 0.000 0.000 0.000 0.000 0.000 0.000 0.000 0.000 0.000 0.000 0.000 0.000 0.000 0.000 0.000 0.262 0.632 0.962 0.937 0.583 0.229 0.000 0.000 0.000 0.000 0.000 0.000 0.000 0.000 0.000 0.000 0.000 0.000 0.000 0.000 0.000 0.000 0.000 0.000 0.000 
0.000 0.000 0.000 0.000 0.000 0.000 0.000 0.000 0.000 0.000 0.000 0.000 0.000 0.000 0.000 0.000 0.000 0.000 0.000 0.000 0.000 0.000 0.000 0.000 0.000 0.000 0.000 0.000 0.279 0.656 0.972 0.923 0.559 0.214 0.000 0.000 0.000 0.000 0.000 0.000 0.000 0.000 0.000 0.000 0.000 0.000 0.000 0.000 0.000 0.000 
0.000 0.000 0.000 0.000 0.000 0.000 0.000 0.000 0.000 0.000 0.000 0.000 0.000 0.000 0.000 0.000 0.000 0.000 0.000 0.000 0.000 0.000 0.000 0.000 0.000 0.000 0.000 0.000 0.000 0.000 0.000 0.298 0.680 0.980 0.908 0.535 0.199 0.000 0.000 0.000 0.000 0.000 0.000 0.000 0.000 0.000 0.000 0.000 0.000 0.000 
0.000 0.000 0.000 0.000 0.000 0.000 0.000 0.000 0.000 0.000 0.000 0.000 0.000 0.000 0.000 0.000 0.000 0.000 0.000 0.000 0.000 0.000 0.000 0.000 0.000 0.000 0.000 0.000 0.000 0.000 0.000 0.000 0.000 0.000 0.316 0.704 0.987 0.891 0.512 0.185 0.000 0.000 0.000 0.000 0.000 0.000 0.000 0.000 0.000 0.000 
0.000 0.000 0.000 0.000 0.000 0.000 0.000 0.000 0.000 0.000 0.000 0.000 0.000 0.000 0.000 0.000 0.000 0.000 0.000 0.000 0.000 0.000 0.000 0.000 0.000 0.000 0.000 0.000 0.000 0.000 0.000 0.000 0.000 0.000 0.000 0.000 0.000 0.336 0.727 0.993 0.874 0.488 0.172 0.000 0.000 0.000 0.000 0.000 0.000 0.000 
0.000 0.000 0.000 0.000 0.000 0.000 0.000 0.000 0.000 0.000 0.000 0.000 0.000 0.000 0.000 0.000 0.000 0.000 0.000 0.000 0.000 0.000 0.000 0.000 0.000 0.000 0.000 0.000 0.000 0.000 0.000 0.000 0.000 0.000 0.000 0.000 0.000 0.000 0.000 0.107 0.356 0.750 0.997 0.855 0.465 0.160 0.000 0.000 0.000 0.000 
0.000 0.000 0.000 0.000 0.000 0.000 0.000 0.000 0.000 0.000 0.000 0.000 0.000 0.000 0.000 0.000 0.000 0.000 0.000 0.000 0.000 0.000 0.000 0.000 0.000 0.000 0.000 0.000 0.000 0.000 0.000 0.000 0.000 0.000 0.000 0.000 0.000 0.000 0.000 0.000 0.000 0.000 0.116 0.377 0.772 0.999 0.836 0.442 0.148 0.000 
0.000 0.000 0.000 0.000 0.000 0.000 0.000 0.000 0.000 0.000 0.000 0.000 0.000 0.000 0.000 0.000 0.000 0.000 0.000 0.000 0.000 0.000 0.000 0.000 0.000 0.000 0.000 0.000 0.000 0.000 0.000 0.000 0.000 0.000 0.000 0.000 0.000 0.000 0.000 0.000 0.000 0.000 0.000 0.000 0.000 0.126 0.398 0.794 1.000 0.815 
# 1 0 50 26
-0.458 -0.611 -0.763 -0.892 -0.976 -0.999 -0.958 -0.859 -0.721 -0.566 -0.416 -0.286 -0.185 -0.111 0.000 0.000 0.000 0.000 0.000 0.000 0.000 0.000 0.000 0.000 0.000 0.000 
-0.464 -0.530 -0.686 -0.829 -0.939 -0.995 -0.987 -0.916 -0.796 -0.647 -0.493 -0.351 -0.234 -0.146 0.000 0.000 0.000 0.000 0.000 0.000 0.000 0.000 0.000 0.000 0.000 0.000 
-0.543 -0.452 -0.605 -0.757 -0.888 -0.974 -1.000 -0.960 -0.864 -0.727 -0.573 -0.422 -0.291 -0.188 -0.114 0.000 0.000 0.000 0.000 0.000 0.000 0.000 0.000 0.000 0.000 0.000 
-0.624 -0.470 -0.524 -0.679 -0.824 -0.936 -0.994 -0.989 -0.920 -0.802 -0.654 -0.499 -0.356 -0.238 -0.149 0.000 0.000 0.000 0.000 0.000 0.000 0.000 0.000 0.000 0.000 0.000 
-0.704 -0.549 -0.446 -0.599 -0.752 -0.883 -0.971 -1.000 -0.963 -0.868 -0.733 -0.579 -0.428 -0.296 -0.192 -0.116 0.000 0.000 0.000 0.000 0.000 0.000 0.000 0.000 0.000 0.000 
-0.780 -0.630 -0.476 -0.518 -0.673 -0.819 -0.932 -0.993 -0.990 -0.924 -0.807 -0.660 -0.505 -0.361 -0.242 -0.152 0.000 0.000 0.000 0.000 0.000 0.000 0.000 0.000 0.000 0.000 
-0.850 -0.710 -0.555 -0.440 -0.592 -0.746 -0.879 -0.969 -1.000 -0.966 -0.873 -0.739 -0.585 -0.434 -0.301 -0.195 -0.119 0.000 0.000 0.000 0.000 0.000 0.000 0.000 0.000 0.000 
-0.909 -0.786 -0.636 -0.482 -0.512 -0.667 -0.814 -0.929 -0.992 -0.992 -0.928 -0.813 -0.666 -0.511 -0.367 -0.246 -0.155 0.000 0.000 0.000 0.000 0.000 0.000 0.000 0.000 0.000 
-0.955 -0.855 -0.716 -0.561 -0.435 -0.586 -0.740 -0.874 -0.966 -1.000 -0.968 -0.878 -0.745 -0.591 -0.439 -0.306 -0.199 -0.121 0.000 0.000 0.000 0.000 0.000 0.000 0.000 0.000 
-0.986 -0.913 -0.792 -0.642 -0.488 -0.506 -0.661 -0.808 -0.925 -0.991 -0.993 -0.932 -0.818 -0.672 -0.517 -0.372 -0.251 -0.158 0.000 0.000 0.000 0.000 0.000 0.000 0.000 0.000 
-0.999 -0.958 -0.860 -0.722 -0.567 -0.429 -0.580 -0.734 -0.869 -0.964 -1.000 -0.971 -0.882 -0.751 -0.597 -0.445 -0.310 -0.203 -0.124 0.000 0.000 0.000 0.000 0.000 0.000 0.000 
-0.995 -0.988 -0.917 -0.797 -0.649 -0.494 -0.500 -0.655 -0.803 -0.921 -0.989 -0.994 -0.935 -0.823 -0.678 -0.523 -0.377 -0.255 -0.161 0.000 0.000 0.000 0.000 0.000 0.000 0.000 
-0.973 -1.000 -0.961 -0.865 -0.728 -0.574 -0.423 -0.574 -0.728 -0.865 -0.961 -1.000 -0.973 -0.887 -0.756 -0.604 -0.451 -0.315 -0.206 -0.126 0.000 0.000 0.000 0.000 0.000 0.000 
-0.935 -0.994 -0.989 -0.921 -0.803 -0.655 -0.500 -0.494 -0.649 -0.797 -0.917 -0.988 -0.995 -0.939 -0.828 -0.684 -0.529 -0.383 -0.259 -0.164 0.000 0.000 0.000 0.000 0.000 0.000 
-0.882 -0.971 -1.000 -0.964 -0.869 -0.734 -0.580 -0.429 -0.567 -0.722 -0.860 -0.958 -0.999 -0.976 -0.891 -0.762 -0.610 -0.457 -0.320 -0.210 -0.129 0.000 0.000 0.000 0.000 0.000 
-0.818 -0.932 -0.993 -0.991 -0.925 -0.808 -0.661 -0.506 -0.488 -0.642 -0.792 -0.913 -0.986 -0.996 -0.942 -0.834 -0.691 -0.535 -0.388 -0.264 -0.168 0.000 0.000 0.000 0.000 0.000 
-0.745 -0.878 -0.968 -1.000 -0.966 -0.874 -0.740 -0.586 -0.435 -0.561 -0.716 -0.855 -0.955 -0.999 -0.978 -0.896 -0.768 -0.616 -0.463 -0.325 -0.214 -0.132 0.000 0.000 0.000 0.000 
-0.666 -0.813 -0.928 -0.992 -0.992 -0.929 -0.814 -0.667 -0.512 -0.482 -0.636 -0.786 -0.909 -0.984 -0.997 -0.945 -0.839 -0.697 -0.542 -0.394 -0.268 -0.171 -0.102 0.000 0.000 0.000 
-0.585 -0.739 -0.873 -0.966 -1.000 -0.969 -0.879 -0.746 -0.592 -0.440 -0.555 -0.710 -0.850 -0.952 -0.998 -0.980 -0.900 -0.774 -0.622 -0.469 -0.330 -0.218 -0.134 0.000 0.000 0.000 
-0.505 -0.660 -0.807 -0.924 -0.990 -0.993 -0.932 -0.819 -0.673 -0.518 -0.476 -0.630 -0.780 -0.905 -0.982 -0.998 -0.948 -0.844 -0.703 -0.548 -0.399 -0.273 -0.174 -0.104 0.000 0.000 
-0.428 -0.579 -0.733 -0.868 -0.963 -1.000 -0.971 -0.883 -0.752 -0.599 -0.446 -0.549 -0.704 -0.845 -0.949 -0.998 -0.982 -0.904 -0.779 -0.629 -0.475 -0.335 -0.222 -0.137 0.000 0.000 
-0.356 -0.499 -0.654 -0.802 -0.920 -0.989 -0.994 -0.936 -0.824 -0.679 -0.524 -0.470 -0.624 -0.775 -0.901 -0.980 -0.998 -0.952 -0.849 -0.709 -0.554 -0.405 -0.277 -0.178 -0.106 0.000 
-0.291 -0.422 -0.573 -0.727 -0.864 -0.960 -1.000 -0.974 -0.888 -0.757 -0.605 -0.452 -0.543 -0.698 -0.840 -0.946 -0.997 -0.984 -0.908 -0.785 -0.635 -0.481 -0.340 -0.226 -0.140 0.000 
-0.234 -0.351 -0.493 -0.647 -0.796 -0.916 -0.987 -0.995 -0.939 -0.829 -0.686 -0.530 -0.464 -0.617 -0.769 -0.897 -0.978 -0.999 -0.955 -0.854 -0.715 -0.560 -0.411 -0.282 -0.181 -0.109 
-0.185 -0.286 -0.416 -0.566 -0.721 -0.859 -0.958 -0.999 -0.976 -0.892 -0.763 -0.611 -0.458 -0.537 -0.692 -0.835 -0.943 -0.996 -0.986 -0.912 -0.791 -0.641 -0.487 -0.346 -0.230 -0.143 
-0.143 -0.230 -0.346 -0.487 -0.641 -0.791 -0.912 -0.986 -0.996 -0.943 -0.835 -0.692 -0.537 -0.458 -0.611 -0.763 -0.892 -0.976 -0.999 -0.958 -0.859 -0.721 -0.566 -0.416 -0.286 -0.185 
-0.109 -0.181 -0.282 -0.411 -0.560 -0.715 -0.854 -0.955 -0.999 -0.978 -0.897 -0.769 -0.617 -0.464 -0.530 -0.686 -0.829 -0.939 -0.995 -0.987 -0.916 -0.796 -0.647 -0.493 -0.351 -0.234 
0.000 -0.140 -0.226 -0.340 -0.481 -0.635 -0.785 -0.908 -0.984 -0.997 -0.946 -0.840 -0.698 -0.543 -0.452 -0.605 -0.757 -0.888 -0.974 -1.000 -0.960 -0.864 -0.727 -0.573 -0.422 -0.291 
0.000 -0.106 -0.178 -0.277 -0.405 -0.554 -0.709 -0.849 -0.952 -0.998 -0.980 -0.901 -0.775 -0.624 -0.470 -0.524 -0.679 -0.824 -0.936 -0.994 -0.989 -0.920 -0.802 -0.654 -0.499 -0.356 
0.000 0.000 -0.137 -0.222 -0.335 -0.475 -0.629 -0.779 -0.904 -0.982 -0.998 -0.949 -0.845 -0.704 -0.549 -0.446 -0.599 -0.752 -0.883 -0.971 -1.000 -0.963 -0.868 -0.733 -0.579 -0.428 
0.000 0.000 -0.104 -0.174 -0.273 -0.399 -0.548 -0.703 -0.844 -0.948 -0.998 -0.982 -0.905 -0.780 -0.630 -0.476 -0.518 -0.673 -0.819 -0.932 -0.993 -0.990 -0.924 -0.807 -0.660 -0.505 
0.000 0.000 0.000 -0.134 -0.218 -0.330 -0.469 -0.622 -0.774 -0.900 -0.980 -0.998 -0.952 -0.850 -0.710 -0.555 -0.440 -0.592 -0.746 -0.879 -0.969 -1.000 -0.966 -0.873 -0.739 -0.585 
0.000 0.000 0.000 -0.102 -0.171 -0.268 -0.394 -0.542 -0.697 -0.839 -0.945 -0.997 -0.984 -0.909 -0.786 -0.636 -0.482 -0.512 -0.667 -0.814 -0.929 -0.992 -0.992 -0.928 -0.813 -0.666 
0.000 0.000 0.000 0.000 -0.132 -0.214 -0.325 -0.463 -0.616 -0.768 -0.896 -0.978 -0.999 -0.955 -0.855 -0.716 -0.561 -0.435 -0.586 -0.740 -0.874 -0.966 -1.000 -0.968 -0.878 -0.745 
0.000 0.000 0.000 0.000 0.000 -0.168 -0.264 -0.388 -0.535 -0.691 -0.834 -0.942 -0.996 -0.986 -0.913 -0.792 -0.642 -0.488 -0.506 -0.661 -0.808 -0.925 -0.991 -0.993 -0.932 -0.818 
0.000 0.000 0.000 0.000 0.000 -0.129 -0.210 -0.320 -0.457 -0.610 -0.762 -0.891 -0.976 -0.999 -0.958 -0.860 -0.722 -0.567 -0.429 -0.580 -0.734 -0.869 -0.964 -1.000 -0.971 -0.882 
0.000 0.000 0.000 0.000 0.000 0.000 -0.164 -0.259 -0.383 -0.529 -0.684 -0.828 -0.939 -0.995 -0.988 -0.917 -0.797 -0.649 -0.494 -0.500 -0.655 -0.803 -0.921 -0.989 -0.994 -0.935 
0.000 0.000 0.000 0.000 0.000 0.000 -0.126 -0.206 -0.315 -0.451 -0.604 -0.756 -0.887 -0.973 -1.000 -0.961 -0.865 -0.728 -0.574 -0.423 -0.574 -0.728 -0.865 -0.961 -1.000 -0.973 
0.000 0.000 0.000 0.000 0.000 0.000 0.000 -0.161 -0.255 -0.377 -0.523 -0.678 -0.823 -0.935 -0.994 -0.989 -0.921 -0.803 -0.655 -0.500 -0.494 -0.649 -0.797 -0.917 -0.988 -0.995 
0.000 0.000 0.000 0.000 0.000 0.000 0.000 -0.124 -0.203 -0.310 -0.445 -0.597 -0.751 -0.882 -0.971 -1.000 -0.964 -0.869 -0.734 -0.580 -0.429 -0.567 -0.722 -0.860 -0.958 -0.999 
0.000 0.000 0.000 0.000 0.000 0.000 0.000 0.000 -0.158 -0.251 -0.372 -0.517 -0.672 -0.818 -0.932 -0.993 -0.991 -0.925 -0.808 -0.661 -0.506 -0.488 -0.642 -0.792 -0.913 -0.986 
0.000 0.000 0.000 0.000 0.000 0.000 0.000 0.000 -0.121 -0.199 -0.306 -0.439 -0.591 -0.745 -0.878 -0.968 -1.000 -0.966 -0.874 -0.740 -0.586 -0.435 -0.561 -0.716 -0.855 -0.955 
0.000 0.000 0.000 0.000 0.000 0.000 0.000 0.000 0.000 -0.155 -0.246 -0.367 -0.511 -0.666 -0.813 -0.928 -0.992 -0.992 -0.929 -0.814 -0.667 -0.512 -0.482 -0.636 -0.786 -0.909 
0.000 0.000 0.000 0.000 0.000 0.000 0.000 0.000 0.000 -0.119 -0.195 -0.301 -0.434 -0.585 -0.739 -0.873 -0.966 -1.000 -0.969 -0.879 -0.746 -0.592 -0.440 -0.555 -0.710 -0.850 
0.000 0.000 0.000 0.000 0.000 0.000 0.000 0.000 0.000 0.000 -0.152 -0.242 -0.361 -0.505 -0.660 -0.807 -0.924 -0.990 -0.993 -0.932 -0.819 -0.673 -0.518 -0.476 -0.630 -0.780 
0.000 0.000 0.000 0.000 0.000 0.000 0.000 0.000 0.000 0.000 -0.116 -0.192 -0.296 -0.428 -0.579 -0.733 -0.868 -0.963 -1.000 -0.971 -0.883 -0.752 -0.599 -0.446 -0.549 -0.704 
0.000 0.000 0.000 0.000 0.000 0.000 0.000 0.000 0.000 0.000 0.000 -0.149 -0.238 -0.356 -0.499 -0.654 -0.802 -0.920 -0.989 -0.994 -0.936 -0.824 -0.679 -0.524 -0.470 -0.624 
0.000 0.000 0.000 0.000 0.000 0.000 0.000 0.000 0.000 0.000 0.000 -0.114 -0.188 -0.291 -0.422 -0.573 -0.727 -0.864 -0.960 -1.000 -0.974 -0.888 -0.757 -0.605 -0.452 -0.543 
0.000 0.000 0.000 0.000 0.000 0.000 0.000 0.000 0.000 0.000 0.000 0.000 -0.146 -0.234 -0.351 -0.493 -0.647 -0.796 -0.916 -0.987 -0.995 -0.939 -0.829 -0.686 -0.530 -0.464 
0.000 0.000 0.000 0.000 0.000 0.000 0.000 0.000 0.000 0.000 0.000 0.000 -0.111 -0.185 -0.286 -0.416 -0.566 -0.721 -0.859 -0.958 -0.999 -0.976 -0.892 -0.763 -0.611 -0.458 
# 1 2 22 26
-0.436 -0.560 -0.714 -0.854 -0.954 -0.999 -0.978 -0.897 -0.769 -0.618 -0.464 -0.327 -0.215 -0.132 0.000 0.000 0.000 0.000 0.000 0.000 0.000 0.000 0.000 0.000 0.000 0.000 
-0.616 -0.463 -0.531 -0.687 -0.830 -0.940 -0.996 -0.987 -0.916 -0.795 -0.646 -0.492 -0.350 -0.233 -0.145 0.000 0.000 0.000 0.000 0.000 0.000 0.000 0.000 0.000 0.000 0.000 
-0.794 -0.645 -0.490 -0.504 -0.659 -0.806 -0.923 -0.990 -0.993 -0.933 -0.820 -0.674 -0.519 -0.374 -0.252 -0.159 0.000 0.000 0.000 0.000 0.000 0.000 0.000 0.000 0.000 0.000 
-0.932 -0.818 -0.673 -0.518 -0.476 -0.630 -0.781 -0.905 -0.982 -0.998 -0.948 -0.843 -0.702 -0.547 -0.399 -0.272 -0.174 -0.104 0.000 0.000 0.000 0.000 0.000 0.000 0.000 0.000 
-0.997 -0.947 -0.842 -0.701 -0.545 -0.449 -0.602 -0.755 -0.886 -0.973 -1.000 -0.962 -0.866 -0.730 -0.575 -0.425 -0.293 -0.190 -0.115 0.000 0.000 0.000 0.000 0.000 0.000 0.000 
-0.973 -1.000 -0.961 -0.865 -0.728 -0.574 -0.423 -0.574 -0.728 -0.865 -0.961 -1.000 -0.973 -0.887 -0.756 -0.604 -0.451 -0.315 -0.206 -0.126 0.000 0.000 0.000 0.000 0.000 0.000 
-0.866 -0.962 -1.000 -0.973 -0.886 -0.755 -0.602 -0.449 -0.545 -0.701 -0.842 -0.947 -0.997 -0.983 -0.906 -0.782 -0.632 -0.478 -0.338 -0.224 -0.139 0.000 0.000 0.000 0.000 0.000 
-0.702 -0.843 -0.948 -0.998 -0.982 -0.905 -0.781 -0.630 -0.476 -0.518 -0.673 -0.818 -0.932 -0.993 -0.990 -0.924 -0.808 -0.660 -0.505 -0.362 -0.243 -0.152 0.000 0.000 0.000 0.000 
-0.519 -0.674 -0.820 -0.933 -0.993 -0.990 -0.923 -0.806 -0.659 -0.504 -0.490 -0.645 -0.794 -0.915 -0.986 -0.996 -0.941 -0.832 -0.688 -0.533 -0.386 -0.262 -0.166 0.000 0.000 0.000 
-0.350 -0.492 -0.646 -0.795 -0.916 -0.987 -0.996 -0.940 -0.830 -0.687 -0.531 -0.463 -0.616 -0.768 -0.896 -0.978 -0.999 -0.955 -0.855 -0.716 -0.561 -0.412 -0.283 -0.182 -0.109 0.000 
-0.215 -0.327 -0.464 -0.618 -0.769 -0.897 -0.978 -0.999 -0.954 -0.854 -0.714 -0.560 -0.436 -0.588 -0.741 -0.875 -0.967 -1.000 -0.968 -0.877 -0.743 -0.590 -0.438 -0.304 -0.198 -0.120 
-0.120 -0.198 -0.304 -0.438 -0.590 -0.743 -0.877 -0.968 -1.000 -0.967 -0.875 -0.741 -0.588 -0.436 -0.560 -0.714 -0.854 -0.954 -0.999 -0.978 -0.897 -0.769 -0.618 -0.464 -0.327 -0.215 
0.000 -0.109 -0.182 -0.283 -0.412 -0.561 -0.716 -0.855 -0.955 -0.999 -0.978 -0.896 -0.768 -0.616 -0.463 -0.531 -0.687 -0.830 -0.940 -0.996 -0.987 -0.916 -0.795 -0.646 -0.492 -0.350 
0.000 0.000 0.000 -0.166 -0.262 -0.386 -0.533 -0.688 -0.832 -0.941 -0.996 -0.986 -0.915 -0.794 -0.645 -0.490 -0.504 -0.659 -0.806 -0.923 -0.990 -0.993 -0.933 -0.820 -0.674 -0.519 
0.000 0.000 0.000 0.000 -0.152 -0.243 -0.362 -0.505 -0.660 -0.808 -0.924 -0.990 -0.993 -0.932 -0.818 -0.673 -0.518 -0.476 -0.630 -0.781 -0.905 -0.982 -0.998 -0.948 -0.843 -0.702 
0.000 0.000 0.000 0.000 0.000 -0.139 -0.224 -0.338 -0.478 -0.632 -0.782 -0.906 -0.983 -0.997 -0.947 -0.842 -0.701 -0.545 -0.449 -0.602 -0.755 -0.886 -0.973 -1.000 -0.962 -0.866 
0.000 0.000 0.000 0.000 0.000 0.000 -0.126 -0.206 -0.315 -0.451 -0.604 -0.756 -0.887 -0.973 -1.000 -0.961 -0.865 -0.728 -0.574 -0.423 -0.574 -0.728 -0.865 -0.961 -1.000 -0.973 
0.000 0.000 0.000 0.000 0.000 0.000 0.000 -0.115 -0.190 -0.293 -0.425 -0.575 -0.730 -0.866 -0.962 -1.000 -0.973 -0.886 -0.755 -0.602 -0.449 -0.545 -0.701 -0.842 -0.947 -0.997 
0.000 0.000 0.000 0.000 0.000 0.000 0.000 0.000 -0.104 -0.174 -0.272 -0.399 -0.547 -0.702 -0.843 -0.948 -0.998 -0.982 -0.905 -0.781 -0.630 -0.476 -0.518 -0.673 -0.818 -0.932 
0.000 0.000 0.000 0.000 0.000 0.000 0.000 0.000 0.000 0.000 -0.159 -0.252 -0.374 -0.519 -0.674 -0.820 -0.933 -0.993 -0.990 -0.923 -0.806 -0.659 -0.504 -0.490 -0.645 -0.794 
0.000 0.000 0.000 0.000 0.000 0.000 0.000 0.000 0.000 0.000 0.000 -0.145 -0.233 -0.350 -0.492 -0.646 -0.795 -0.916 -0.987 -0.996 -0.940 -0.830 -0.687 -0.531 -0.463 -0.616 
0.000 0.000 0.000 0.000 0.000 0.000 0.000 0.000 0.000 0.000 0.000 0.000 -0.132 -0.215 -0.327 -0.464 -0.618 -0.769 -0.897 -0.978 -0.999 -0.954 -0.854 -0.714 -0.560 -0.436 
# 2 0 50 22
0.000 0.000 0.000 0.000 -0.439 -0.979 -0.237 0.000 0.000 0.000 0.000 0.000 0.000 0.000 0.000 0.000 0.000 0.000 0.000 0.000 0.000 0.000 
0.000 0.000 0.000 0.000 -0.153 -0.905 -0.582 0.000 0.000 0.000 0.000 0.000 0.000 0.000 0.000 0.000 0.000 0.000 0.000 0.000 0.000 0.000 
0.000 0.000 0.000 0.000 0.000 -0.544 -0.929 -0.172 0.000 0.000 0.000 0.000 0.000 0.000 0.000 0.000 0.000 0.000 0.000 0.000 0.000 0.000 
0.000 0.000 0.000 0.000 0.000 -0.213 -0.965 -0.475 0.000 0.000 0.000 0.000 0.000 0.000 0.000 0.000 0.000 0.000 0.000 0.000 0.000 0.000 
0.000 0.000 0.000 0.000 0.000 0.000 -0.652 -0.853 -0.121 0.000 0.000 0.000 0.000 0.000 0.000 0.000 0.000 0.000 0.000 0.000 0.000 0.000 
0.000 0.000 0.000 0.000 0.000 0.000 -0.287 -0.996 -0.376 0.000 0.000 0.000 0.000 0.000 0.000 0.000 0.000 0.000 0.000 0.000 0.000 0.000 
0.000 0.000 0.000 0.000 0.000 0.000 0.000 -0.757 -0.759 0.000 0.000 0.000 0.000 0.000 0.000 0.000 0.000 0.000 0.000 0.000 0.000 0.000 
0.000 0.000 0.000 0.000 0.000 0.000 0.000 -0.374 -0.997 -0.288 0.000 0.000 0.000 0.000 0.000 0.000 0.000 0.000 0.000 0.000 0.000 0.000 
0.000 0.000 0.000 0.000 0.000 0.000 0.000 -0.120 -0.851 -0.654 0.000 0.000 0.000 0.000 0.000 0.000 0.000 0.000 0.000 0.000 0.000 0.000 
0.000 0.000 0.000 0.000 0.000 0.000 0.000 0.000 -0.473 -0.965 -0.214 0.000 0.000 0.000 0.000 0.000 0.000 0.000 0.000 0.000 0.000 0.000 
-0.314 0.000 0.000 0.000 0.000 0.000 0.000 0.000 -0.171 -0.927 -0.546 0.000 0.000 0.000 0.000 0.000 0.000 0.000 0.000 0.000 0.000 0.000 
-0.688 0.000 0.000 0.000 0.000 0.000 0.000 0.000 0.000 -0.580 -0.906 -0.154 0.000 0.000 0.000 0.000 0.000 0.000 0.000 0.000 0.000 0.000 
-0.979 -0.236 0.000 0.000 0.000 0.000 0.000 0.000 0.000 -0.236 -0.979 -0.441 0.000 0.000 0.000 0.000 0.000 0.000 0.000 0.000 0.000 0.000 
-0.906 -0.580 0.000 0.000 0.000 0.000 0.000 0.000 0.000 0.000 -0.688 -0.823 -0.107 0.000 0.000 0.000 0.000 0.000 0.000 0.000 0.000 0.000 
-0.546 -0.927 -0.171 0.000 0.000 0.000 0.000 0.000 0.000 0.000 -0.314 -1.000 -0.345 0.000 0.000 0.000 0.000 0.000 0.000 0.000 0.000 0.000 
-0.214 -0.965 -0.473 0.000 0.000 0.000 0.000 0.000 0.000 0.000 0.000 -0.790 -0.725 0.000 0.000 0.000 0.000 0.000 0.000 0.000 0.000 0.000 
0.000 -0.654 -0.851 -0.120 0.000 0.000 0.000 0.000 0.000 0.000 0.000 -0.406 -0.990 -0.262 0.000 0.000 0.000 0.000 0.000 0.000 0.000 0.000 
0.000 -0.288 -0.997 -0.374 0.000 0.000 0.000 0.000 0.000 0.000 0.000 -0.136 -0.879 -0.618 0.000 0.000 0.000 0.000 0.000 0.000 0.000 0.000 
0.000 0.000 -0.759 -0.757 0.000 0.000 0.000 0.000 0.000 0.000 0.000 0.000 -0.508 -0.949 -0.192 0.000 0.000 0.000 0.000 0.000 0.000 0.000 
0.000 0.000 -0.376 -0.996 -0.287 0.000 0.000 0.000 0.000 0.000 0.000 0.000 -0.191 -0.948 -0.510 0.000 0.000 0.000 0.000 0.000 0.000 0.000 
0.000 0.000 -0.121 -0.853 -0.652 0.000 0.000 0.000 0.000 0.000 0.000 0.000 0.000 -0.616 -0.881 -0.137 0.000 0.000 0.000 0.000 0.000 0.000 
0.000 0.000 0.000 -0.475 -0.965 -0.213 0.000 0.000 0.000 0.000 0.000 0.000 0.000 -0.260 -0.989 -0.408 0.000 0.000 0.000 0.000 0.000 0.000 
0.000 0.000 0.000 -0.172 -0.929 -0.544 0.000 0.000 0.000 0.000 0.000 0.000 0.000 0.000 -0.723 -0.792 0.000 0.000 0.000 0.000 0.000 0.000 
0.000 0.000 0.000 0.000 -0.582 -0.905 -0.153 0.000 0.000 0.000 0.000 0.000 0.000 0.000 -0.344 -1.000 -0.316 0.000 0.000 0.000 0.000 0.000 
0.000 0.000 0.000 0.000 -0.237 -0.979 -0.439 0.000 0.000 0.000 0.000 0.000 0.000 0.000 -0.106 -0.822 -0.690 0.000 0.000 0.000 0.000 0.000 
0.000 0.000 0.000 0.000 0.000 -0.690 -0.822 -0.106 0.000 0.000 0.000 0.000 0.000 0.000 0.000 -0.439 -0.979 -0.237 0.000 0.000 0.000 0.000 
0.000 0.000 0.000 0.000 0.000 -0.316 -1.000 -0.344 0.000 0.000 0.000 0.000 0.000 0.000 0.000 -0.153 -0.905 -0.582 0.000 0.000 0.000 0.000 
0.000 0.000 0.000 0.000 0.000 0.000 -0.792 -0.723 0.000 0.000 0.000 0.000 0.000 0.000 0.000 0.000 -0.544 -0.929 -0.172 0.000 0.000 0.000 
0.000 0.000 0.000 0.000 0.000 0.000 -0.408 -0.989 -0.260 0.000 0.000 0.000 0.000 0.000 0.000 0.000 -0.213 -0.965 -0.475 0.000 0.000 0.000 
0.000 0.000 0.000 0.000 0.000 0.000 -0.137 -0.881 -0.616 0.000 0.000 0.000 0.000 0.000 0.000 0.000 0.000 -0.652 -0.853 -0.121 0.000 0.000 
0.000 0.000 0.000 0.000 0.000 0.000 0.000 -0.510 -0.948 -0.191 0.000 0.000 0.000 0.000 0.000 0.000 0.000 -0.287 -0.996 -0.376 0.000 0.000 
0.000 0.000 0.000 0.000 0.000 0.000 0.000 -0.192 -0.949 -0.508 0.000 0.000 0.000 0.000 0.000 0.000 0.000 0.000 -0.757 -0.759 0.000 0.000 
0.000 0.000 0.000 0.000 0.000 0.000 0.000 0.000 -0.618 -0.879 -0.136 0.000 0.000 0.000 0.000 0.000 0.000 0.000 -0.374 -0.997 -0.288 0.000 
0.000 0.000 0.000 0.000 0.000 0.000 0.000 0.000 -0.262 -0.990 -0.406 0.000 0.000 0.000 0.000 0.000 0.000 0.000 -0.120 -0.851 -0.654 0.000 
0.000 0.000 0.000 0.000 0.000 0.000 0.000 0.000 0.000 -0.725 -0.790 0.000 0.000 0.000 0.000 0.000 0.000 0.000 0.000 -0.473 -0.965 -0.214 
0.000 0.000 0.000 0.000 0.000 0.000 0.000 0.000 0.000 -0.345 -1.000 -0.314 0.000 0.000 0.000 0.000 0.000 0.000 0.000 -0.171 -0.927 -0.546 
0.000 0.000 0.000 0.000 0.000 0.000 0.000 0.000 0.000 -0.107 -0.823 -0.688 0.000 0.000 0.000 0.000 0.000 0.000 0.000 0.000 -0.580 -0.906 
0.000 0.000 0.000 0.000 0.000 0.000 0.000 0.000 0.000 0.000 -0.441 -0.979 -0.236 0.000 0.000 0.000 0.000 0.000 0.000 0.000 -0.236 -0.979 
0.000 0.000 0.000 0.000 0.000 0.000 0.000 0.000 0.000 0.000 -0.154 -0.906 -0.580 0.000 0.000 0.000 0.000 0.000 0.000 0.000 0.000 -0.688 
0.000 0.000 0.000 0.000 0.000 0.000 0.000 0.000 0.000 0.000 0.000 -0.546 -0.927 -0.171 0.000 0.000 0.000 0.000 0.000 0.000 0.000 -0.314 
0.000 0.000 0.000 0.000 0.000 0.000 0.000 0.000 0.000 0.000 0.000 -0.214 -0.965 -0.473 0.000 0.000 0.000 0.000 0.000 0.000 0.000 0.000 
0.000 0.000 0.000 0.000 0.000 0.000 0.000 0.000 0.000 0.000 0.000 0.000 -0.654 -0.851 -0.120 0.000 0.000 0.000 0.000 0.000 0.000 0.000 
0.000 0.000 0.000 0.000 0.000 0.000 0.000 0.000 0.000 0.000 0.000 0.000 -0.288 -0.997 -0.374 0.000 0.000 0.000 0.000 0.000 0.000 0.000 
0.000 0.000 0.000 0.000 0.000 0.000 0.000 0.000 0.000 0.000 0.000 0.000 0.000 -0.759 -0.757 0.000 0.000 0.000 0.000 0.000 0.000 0.000 
0.000 0.000 0.000 0.000 0.000 0.000 0.000 0.000 0.000 0.000 0.000 0.000 0.000 -0.376 -0.996 -0.287 0.000 0.000 0.000 0.000 0.000 0.000 
0.000 0.000 0.000 0.000 0.000 0.000 0.000 0.000 0.000 0.000 0.000 0.000 0.000 -0.121 -0.853 -0.652 0.000 0.000 0.000 0.000 0.000 0.000 
0.000 0.000 0.000 0.000 0.000 0.000 0.000 0.000 0.000 0.000 0.000 0.000 0.000 0.000 -0.475 -0.965 -0.213 0.000 0.000 0.000 0.000 0.000 
0.000 0.000 0.000 0.000 0.000 0.000 0.000 0.000 0.000 0.000 0.000 0.000 0.000 0.000 -0.172 -0.929 -0.544 0.000 0.000 0.000 0.000 0.000 
0.000 0.000 0.000 0.000 0.000 0.000 0.000 0.000 0.000 0.000 0.000 0.000 0.000 0.000 0.000 -0.582 -0.905 -0.153 0.000 0.000 0.000 0.000 
0.000 0.000 0.000 0.000 0.000 0.000 0.000 0.000 0.000 0.000 0.000 0.000 0.000 0.000 0.000 -0.237 -0.979 -0.439 0.000 0.000 0.000 0.000 
# 2 1 26 22
0.000 0.000 0.000 0.000 -0.285 -0.996 -0.378 0.000 0.000 0.000 0.000 0.000 0.000 0.000 0.000 0.000 0.000 0.000 0.000 0.000 0.000 0.000 
0.000 0.000 0.000 0.000 0.000 -0.399 -0.991 -0.268 0.000 0.000 0.000 0.000 0.000 0.000 0.000 0.000 0.000 0.000 0.000 0.000 0.000 0.000 
0.000 0.000 0.000 0.000 0.000 0.000 -0.530 -0.936 -0.180 0.000 0.000 0.000 0.000 0.000 0.000 0.000 0.000 0.000 0.000 0.000 0.000 0.000 
0.000 0.000 0.000 0.000 0.000 0.000 0.000 -0.668 -0.839 -0.115 0.000 0.000 0.000 0.000 0.000 0.000 0.000 0.000 0.000 0.000 0.000 0.000 
0.000 0.000 0.000 0.000 0.000 0.000 0.000 0.000 -0.800 -0.714 0.000 0.000 0.000 0.000 0.000 0.000 0.000 0.000 0.000 0.000 0.000 0.000 
-0.339 0.000 0.000 0.000 0.000 0.000 0.000 0.000 -0.156 -0.908 -0.576 0.000 0.000 0.000 0.000 0.000 0.000 0.000 0.000 0.000 0.000 0.000 
-0.978 -0.236 0.000 0.000 0.000 0.000 0.000 0.000 0.000 -0.236 -0.978 -0.441 0.000 0.000 0.000 0.000 0.000 0.000 0.000 0.000 0.000 0.000 
-0.576 -0.908 -0.156 0.000 0.000 0.000 0.000 0.000 0.000 0.000 -0.339 -1.000 -0.320 0.000 0.000 0.000 0.000 0.000 0.000 0.000 0.000 0.000 
0.000 -0.714 -0.800 0.000 0.000 0.000 0.000 0.000 0.000 0.000 0.000 -0.463 -0.970 -0.221 0.000 0.000 0.000 0.000 0.000 0.000 0.000 0.000 
0.000 -0.115 -0.839 -0.668 0.000 0.000 0.000 0.000 0.000 0.000 0.000 0.000 -0.599 -0.892 -0.144 0.000 0.000 0.000 0.000 0.000 0.000 0.000 
0.000 0.000 -0.180 -0.936 -0.530 0.000 0.000 0.000 0.000 0.000 0.000 0.000 0.000 -0.736 -0.779 0.000 0.000 0.000 0.000 0.000 0.000 0.000 
0.000 0.000 0.000 -0.268 -0.991 -0.399 0.000 0.000 0.000 0.000 0.000 0.000 0.000 -0.124 -0.858 -0.646 0.000 0.000 0.000 0.000 0.000 0.000 
0.000 0.000 0.000 0.000 -0.378 -0.996 -0.285 0.000 0.000 0.000 0.000 0.000 0.000 0.000 -0.193 -0.949 -0.507 0.000 0.000 0.000 0.000 0.000 
0.000 0.000 0.000 0.000 0.000 -0.507 -0.949 -0.193 0.000 0.000 0.000 0.000 0.000 0.000 0.000 -0.285 -0.996 -0.378 0.000 0.000 0.000 0.000 
0.000 0.000 0.000 0.000 0.000 0.000 -0.646 -0.858 -0.124 0.000 0.000 0.000 0.000 0.000 0.000 0.000 -0.399 -0.991 -0.268 0.000 0.000 0.000 
0.000 0.000 0.000 0.000 0.000 0.000 0.000 -0.779 -0.736 0.000 0.000 0.000 0.000 0.000 0.000 0.000 0.000 -0.530 -0.936 -0.180 0.000 0.000 
0.000 0.000 0.000 0.000 0.000 0.000 0.000 -0.144 -0.892 -0.599 0.000 0.000 0.000 0.000 0.000 0.000 0.000 0.000 -0.668 -0.839 -0.115 0.000 
0.000 0.000 0.000 0.000 0.000 0.000 0.000 0.000 -0.221 -0.970 -0.463 0.000 0.000 0.000 0.000 0.000 0.000 0.000 0.000 -0.800 -0.714 0.000 
0.000 0.000 0.000 0.000 0.000 0.000 0.000 0.000 0.000 -0.320 -1.000 -0.339 0.000 0.000 0.000 0.000 0.000 0.000 0.000 -0.156 -0.908 -0.576 
0.000 0.000 0.000 0.000 0.000 0.000 0.000 0.000 0.000 0.000 -0.441 -0.978 -0.236 0.000 0.000 0.000 0.000 0.000 0.000 0.000 -0.236 -0.978 
0.000 0.000 0.000 0.000 0.000 0.000 0.000 0.000 0.000 0.000 0.000 -0.576 -0.908 -0.156 0.000 0.000 0.000 0.000 0.000 0.000 0.000 -0.339 
0.000 0.000 0.000 0.000 0.000 0.000 0.000 0.000 0.000 0.000 0.000 0.000 -0.714 -0.800 0.000 0.000 0.000 0.000 0.000 0.000 0.000 0.000 
0.000 0.000 0.000 0.000 0.000 0.000 0.000 0.000 0.000 0.000 0.000 0.000 -0.115 -0.839 -0.668 0.000 0.000 0.000 0.000 0.000 0.000 0.000 
0.000 0.000 0.000 0.000 0.000 0.000 0.000 0.000 0.000 0.000 0.000 0.000 0.000 -0.180 -0.936 -0.530 0.000 0.000 0.000 0.000 0.000 0.000 
0.000 0.000 0.000 0.000 0.000 0.000 0.000 0.000 0.000 0.000 0.000 0.000 0.000 0.000 -0.268 -0.991 -0.399 0.000 0.000 0.000 0.000 0.000 
0.000 0.000 0.000 0.000 0.000 0.000 0.000 0.000 0.000 0.000 0.000 0.000 0.000 0.000 0.000 -0.378 -0.996 -0.285 0.000 0.000 0.000 0.000 
