3.615689
6
# 0 1 4 50
0.541 0.702 0.849 0.955 1.000 0.975 0.937 0.996 0.986 0.908 0.779 0.622 0.462 0.319 0.206 0.123 0.000 0.000 0.000 0.000 0.000 0.000 0.000 0.000 0.000 0.000 0.000 0.000 0.000 0.000 0.000 0.000 0.000 0.000 0.000 0.000 0.000 0.000 0.000 0.000 0.000 0.000 0.000 0.000 0.000 0.000 0.000 0.000 0.000 0.000 
0.000 0.000 0.000 0.000 0.000 0.000 0.000 0.000 0.000 0.123 0.206 0.319 0.462 0.622 0.779 0.908 0.986 0.996 0.937 0.975 1.000 0.955 0.849 0.702 0.541 0.388 0.259 0.161 0.000 0.000 0.000 0.000 0.000 0.000 0.000 0.000 0.000 0.000 0.000 0.000 0.000 0.000 0.000 0.000 0.000 0.000 0.000 0.000 0.000 0.000 
0.000 0.000 0.000 0.000 0.000 0.000 0.000 0.000 0.000 0.000 0.000 0.000 0.000 0.000 0.000 0.000 0.000 0.000 0.000 0.000 0.000 0.000 0.161 0.259 0.388 0.541 0.702 0.849 0.955 1.000 0.975 0.937 0.996 0.986 0.908 0.779 0.622 0.462 0.319 0.206 0.123 0.000 0.000 0.000 0.000 0.000 0.000 0.000 0.000 0.000 
0.000 0.000 0.000 0.000 0.000 0.000 0.000 0.000 0.000 0.000 0.000 0.000 0.000 0.000 0.000 0.000 0.000 0.000 0.000 0.000 0.000 0.000 0.000 0.000 0.000 0.000 0.000 0.000 0.000 0.000 0.000 0.000 0.000 0.000 0.123 0.206 0.319 0.462 0.622 0.779 0.908 0.986 0.996 0.937 0.975 1.000 0.955 0.849 0.702 0.541 
# 0 2 42 50
0.921 0.982 0.997 0.941 0.828 0.677 0.516 0.366 0.241 0.148 0.000 0.000 0.000 0.000 0.000 0.000 0.000 0.000 0.000 0.000 0.000 0.000 0.000 0.000 0.000 0.000 0.000 0.000 0.000 0.000 0.000 0.000 0.000 0.000 0.000 0.000 0.000 0.000 0.000 0.000 0.000 0.000 0.000 0.000 0.000 0.000 0.000 0.000 0.000 0.000 
0.996 0.939 0.972 1.000 0.957 0.853 0.707 0.546 0.392 0.262 0.163 0.000 0.000 0.000 0.000 0.000 0.000 0.000 0.000 0.000 0.000 0.000 0.000 0.000 0.000 0.000 0.000 0.000 0.000 0.000 0.000 0.000 0.000 0.000 0.000 0.000 0.000 0.000 0.000 0.000 0.000 0.000 0.000 0.000 0.000 0.000 0.000 0.000 0.000 0.000 
0.973 0.999 0.955 0.959 1.000 0.970 0.877 0.737 0.577 0.420 0.285 0.180 0.106 0.000 0.000 0.000 0.000 0.000 0.000 0.000 0.000 0.000 0.000 0.000 0.000 0.000 0.000 0.000 0.000 0.000 0.000 0.000 0.000 0.000 0.000 0.000 0.000 0.000 0.000 0.000 0.000 0.000 0.000 0.000 0.000 0.000 0.000 0.000 0.000 0.000 
0.859 0.961 1.000 0.969 0.943 0.997 0.981 0.899 0.766 0.608 0.449 0.309 0.197 0.118 0.000 0.000 0.000 0.000 0.000 0.000 0.000 0.000 0.000 0.000 0.000 0.000 0.000 0.000 0.000 0.000 0.000 0.000 0.000 0.000 0.000 0.000 0.000 0.000 0.000 0.000 0.000 0.000 0.000 0.000 0.000 0.000 0.000 0.000 0.000 0.000 
0.685 0.834 0.946 0.998 0.980 0.926 0.992 0.990 0.919 0.794 0.639 0.478 0.333 0.216 0.130 0.000 0.000 0.000 0.000 0.000 0.000 0.000 0.000 0.000 0.000 0.000 0.000 0.000 0.000 0.000 0.000 0.000 0.000 0.000 0.000 0.000 0.000 0.000 0.000 0.000 0.000 0.000 0.000 0.000 0.000 0.000 0.000 0.000 0.000 0.000 
0.493 0.654 0.808 0.928 0.993 0.989 0.916 0.985 0.996 0.937 0.821 0.669 0.508 0.359 0.236 0.144 0.000 0.000 0.000 0.000 0.000 0.000 0.000 0.000 0.000 0.000 0.000 0.000 0.000 0.000 0.000 0.000 0.000 0.000 0.000 0.000 0.000 0.000 0.000 0.000 0.000 0.000 0.000 0.000 0.000 0.000 0.000 0.000 0.000 0.000 
0.321 0.463 0.623 0.780 0.909 0.986 0.995 0.935 0.975 0.999 0.953 0.847 0.700 0.538 0.386 0.257 0.159 0.000 0.000 0.000 0.000 0.000 0.000 0.000 0.000 0.000 0.000 0.000 0.000 0.000 0.000 0.000 0.000 0.000 0.000 0.000 0.000 0.000 0.000 0.000 0.000 0.000 0.000 0.000 0.000 0.000 0.000 0.000 0.000 0.000 
0.188 0.297 0.434 0.592 0.752 0.888 0.976 0.999 0.951 0.962 1.000 0.967 0.871 0.730 0.569 0.413 0.279 0.176 0.103 0.000 0.000 0.000 0.000 0.000 0.000 0.000 0.000 0.000 0.000 0.000 0.000 0.000 0.000 0.000 0.000 0.000 0.000 0.000 0.000 0.000 0.000 0.000 0.000 0.000 0.000 0.000 0.000 0.000 0.000 0.000 
0.100 0.171 0.274 0.406 0.561 0.722 0.865 0.964 1.000 0.966 0.947 0.998 0.979 0.893 0.759 0.600 0.442 0.303 0.193 0.114 0.000 0.000 0.000 0.000 0.000 0.000 0.000 0.000 0.000 0.000 0.000 0.000 0.000 0.000 0.000 0.000 0.000 0.000 0.000 0.000 0.000 0.000 0.000 0.000 0.000 0.000 0.000 0.000 0.000 0.000 
0.000 0.000 0.156 0.252 0.379 0.531 0.692 0.840 0.950 0.999 0.977 0.931 0.994 0.988 0.914 0.787 0.631 0.471 0.327 0.211 0.127 0.000 0.000 0.000 0.000 0.000 0.000 0.000 0.000 0.000 0.000 0.000 0.000 0.000 0.000 0.000 0.000 0.000 0.000 0.000 0.000 0.000 0.000 0.000 0.000 0.000 0.000 0.000 0.000 0.000 
0.000 0.000 0.000 0.141 0.231 0.352 0.501 0.662 0.814 0.933 0.994 0.987 0.911 0.987 0.994 0.933 0.814 0.662 0.501 0.352 0.231 0.141 0.000 0.000 0.000 0.000 0.000 0.000 0.000 0.000 0.000 0.000 0.000 0.000 0.000 0.000 0.000 0.000 0.000 0.000 0.000 0.000 0.000 0.000 0.000 0.000 0.000 0.000 0.000 0.000 
0.000 0.000 0.000 0.000 0.127 0.211 0.327 0.471 0.631 0.787 0.914 0.988 0.994 0.931 0.977 0.999 0.950 0.840 0.692 0.531 0.379 0.252 0.156 0.000 0.000 0.000 0.000 0.000 0.000 0.000 0.000 0.000 0.000 0.000 0.000 0.000 0.000 0.000 0.000 0.000 0.000 0.000 0.000 0.000 0.000 0.000 0.000 0.000 0.000 0.000 
0.000 0.000 0.000 0.000 0.000 0.114 0.193 0.303 0.442 0.600 0.759 0.893 0.979 0.998 0.947 0.966 1.000 0.964 0.865 0.722 0.561 0.406 0.274 0.171 0.100 0.000 0.000 0.000 0.000 0.000 0.000 0.000 0.000 0.000 0.000 0.000 0.000 0.000 0.000 0.000 0.000 0.000 0.000 0.000 0.000 0.000 0.000 0.000 0.000 0.000 
0.000 0.000 0.000 0.000 0.000 0.000 0.103 0.176 0.279 0.413 0.569 0.730 0.871 0.967 1.000 0.962 0.951 0.999 0.976 0.888 0.752 0.592 0.434 0.297 0.188 0.111 0.000 0.000 0.000 0.000 0.000 0.000 0.000 0.000 0.000 0.000 0.000 0.000 0.000 0.000 0.000 0.000 0.000 0.000 0.000 0.000 0.000 0.000 0.000 0.000 
0.000 0.000 0.000 0.000 0.000 0.000 0.000 0.000 0.159 0.257 0.386 0.538 0.700 0.847 0.953 0.999 0.975 0.935 0.995 0.986 0.909 0.780 0.623 0.463 0.321 0.207 0.124 0.000 0.000 0.000 0.000 0.000 0.000 0.000 0.000 0.000 0.000 0.000 0.000 0.000 0.000 0.000 0.000 0.000 0.000 0.000 0.000 0.000 0.000 0.000 
0.000 0.000 0.000 0.000 0.000 0.000 0.000 0.000 0.000 0.144 0.236 0.359 0.508 0.669 0.821 0.937 0.996 0.985 0.916 0.989 0.993 0.928 0.808 0.654 0.493 0.346 0.226 0.137 0.000 0.000 0.000 0.000 0.000 0.000 0.000 0.000 0.000 0.000 0.000 0.000 0.000 0.000 0.000 0.000 0.000 0.000 0.000 0.000 0.000 0.000 
0.000 0.000 0.000 0.000 0.000 0.000 0.000 0.000 0.000 0.000 0.130 0.216 0.333 0.478 0.639 0.794 0.919 0.990 0.992 0.926 0.980 0.998 0.946 0.834 0.685 0.523 0.372 0.246 0.152 0.000 0.000 0.000 0.000 0.000 0.000 0.000 0.000 0.000 0.000 0.000 0.000 0.000 0.000 0.000 0.000 0.000 0.000 0.000 0.000 0.000 
0.000 0.000 0.000 0.000 0.000 0.000 0.000 0.000 0.000 0.000 0.000 0.118 0.197 0.309 0.449 0.608 0.766 0.899 0.981 0.997 0.943 0.969 1.000 0.961 0.859 0.715 0.554 0.399 0.268 0.167 0.000 0.000 0.000 0.000 0.000 0.000 0.000 0.000 0.000 0.000 0.000 0.000 0.000 0.000 0.000 0.000 0.000 0.000 0.000 0.000 
0.000 0.000 0.000 0.000 0.000 0.000 0.000 0.000 0.000 0.000 0.000 0.000 0.106 0.180 0.285 0.420 0.577 0.737 0.877 0.970 1.000 0.959 0.955 0.999 0.973 0.882 0.744 0.585 0.427 0.291 0.184 0.109 0.000 0.000 0.000 0.000 0.000 0.000 0.000 0.000 0.000 0.000 0.000 0.000 0.000 0.000 0.000 0.000 0.000 0.000 
0.000 0.000 0.000 0.000 0.000 0.000 0.000 0.000 0.000 0.000 0.000 0.000 0.000 0.000 0.163 0.262 0.392 0.546 0.707 0.853 0.957 1.000 0.972 0.939 0.996 0.984 0.904 0.773 0.616 0.456 0.315 0.202 0.121 0.000 0.000 0.000 0.000 0.000 0.000 0.000 0.000 0.000 0.000 0.000 0.000 0.000 0.000 0.000 0.000 0.000 
0.000 0.000 0.000 0.000 0.000 0.000 0.000 0.000 0.000 0.000 0.000 0.000 0.000 0.000 0.000 0.148 0.241 0.366 0.516 0.677 0.828 0.941 0.997 0.982 0.921 0.991 0.992 0.924 0.801 0.646 0.486 0.340 0.221 0.134 0.000 0.000 0.000 0.000 0.000 0.000 0.000 0.000 0.000 0.000 0.000 0.000 0.000 0.000 0.000 0.000 
0.000 0.000 0.000 0.000 0.000 0.000 0.000 0.000 0.000 0.000 0.000 0.000 0.000 0.000 0.000 0.000 0.134 0.221 0.340 0.486 0.646 0.801 0.924 0.992 0.991 0.921 0.982 0.997 0.941 0.828 0.677 0.516 0.366 0.241 0.148 0.000 0.000 0.000 0.000 0.000 0.000 0.000 0.000 0.000 0.000 0.000 0.000 0.000 0.000 0.000 
0.000 0.000 0.000 0.000 0.000 0.000 0.000 0.000 0.000 0.000 0.000 0.000 0.000 0.000 0.000 0.000 0.000 0.121 0.202 0.315 0.456 0.616 0.773 0.904 0.984 0.996 0.939 0.972 1.000 0.957 0.853 0.707 0.546 0.392 0.262 0.163 0.000 0.000 0.000 0.000 0.000 0.000 0.000 0.000 0.000 0.000 0.000 0.000 0.000 0.000 
0.000 0.000 0.000 0.000 0.000 0.000 0.000 0.000 0.000 0.000 0.000 0.000 0.000 0.000 0.000 0.000 0.000 0.000 0.109 0.184 0.291 0.427 0.585 0.744 0.882 0.973 0.999 0.955 0.959 1.000 0.970 0.877 0.737 0.577 0.420 0.285 0.180 0.106 0.000 0.000 0.000 0.000 0.000 0.000 0.000 0.000 0.000 0.000 0.000 0.000 
0.000 0.000 0.000 0.000 0.000 0.000 0.000 0.000 0.000 0.000 0.000 0.000 0.000 0.000 0.000 0.000 0.000 0.000 0.000 0.000 0.167 0.268 0.399 0.554 0.715 0.859 0.961 1.000 0.969 0.943 0.997 0.981 0.899 0.766 0.608 0.449 0.309 0.197 0.118 0.000 0.000 0.000 0.000 0.000 0.000 0.000 0.000 0.000 0.000 0.000 
0.000 0.000 0.000 0.000 0.000 0.000 0.000 0.000 0.000 0.000 0.000 0.000 0.000 0.000 0.000 0.000 0.000 0.000 0.000 0.000 0.000 0.152 0.246 0.372 0.523 0.685 0.834 0.946 0.998 0.980 0.926 0.992 0.990 0.919 0.794 0.639 0.478 0.333 0.216 0.130 0.000 0.000 0.000 0.000 0.000 0.000 0.000 0.000 0.000 0.000 
0.000 0.000 0.000 0.000 0.000 0.000 0.000 0.000 0.000 0.000 0.000 0.000 0.000 0.000 0.000 0.000 0.000 0.000 0.000 0.000 0.000 0.000 0.137 0.226 0.346 0.493 0.654 0.808 0.928 0.993 0.989 0.916 0.985 0.996 0.937 0.821 0.669 0.508 0.359 0.236 0.144 0.000 0.000 0.000 0.000 0.000 0.000 0.000 0.000 0.000 
0.000 0.000 0.000 0.000 0.000 0.000 0.000 0.000 0.000 0.000 0.000 0.000 0.000 0.000 0.000 0.000 0.000 0.000 0.000 0.000 0.000 0.000 0.000 0.124 0.207 0.321 0.463 0.623 0.780 0.909 0.986 0.995 0.935 0.975 0.999 0.953 0.847 0.700 0.538 0.386 0.257 0.159 0.000 0.000 0.000 0.000 0.000 0.000 0.000 0.000 
0.000 0.000 0.000 0.000 0.000 0.000 0.000 0.000 0.000 0.000 0.000 0.000 0.000 0.000 0.000 0.000 0.000 0.000 0.000 0.000 0.000 0.000 0.000 0.000 0.111 0.188 0.297 0.434 0.592 0.752 0.888 0.976 0.999 0.951 0.962 1.000 0.967 0.871 0.730 0.569 0.413 0.279 0.176 0.103 0.000 0.000 0.000 0.000 0.000 0.000 
0.000 0.000 0.000 0.000 0.000 0.000 0.000 0.000 0.000 0.000 0.000 0.000 0.000 0.000 0.000 0.000 0.000 0.000 0.000 0.000 0.000 0.000 0.000 0.000 0.000 0.100 0.171 0.274 0.406 0.561 0.722 0.865 0.964 1.000 0.966 0.947 0.998 0.979 0.893 0.759 0.600 0.442 0.303 0.193 0.114 0.000 0.000 0.000 0.000 0.000 
0.000 0.000 0.000 0.000 0.000 0.000 0.000 0.000 0.000 0.000 0.000 0.000 0.000 0.000 0.000 0.000 0.000 0.000 0.000 0.000 0.000 0.000 0.000 0.000 0.000 0.000 0.000 0.156 0.252 0.379 0.531 0.692 0.840 0.950 0.999 0.977 0.931 0.994 0.988 0.914 0.787 0.631 0.471 0.327 0.211 0.127 0.000 0.000 0.000 0.000 
0.000 0.000 0.000 0.000 0.000 0.000 0.000 0.000 0.000 0.000 0.000 0.000 0.000 0.000 0.000 0.000 0.000 0.000 0.000 0.000 0.000 0.000 0.000 0.000 0.000 0.000 0.000 0.000 0.141 0.231 0.352 0.501 0.662 0.814 0.933 0.994 0.987 0.911 0.987 0.994 0.933 0.814 0.662 0.501 0.352 0.231 0.141 0.000 0.000 0.000 
0.000 0.000 0.000 0.000 0.000 0.000 0.000 0.000 0.000 0.000 0.000 0.000 0.000 0.000 0.000 0.000 0.000 0.000 0.000 0.000 0.000 0.000 0.000 0.000 0.000 0.000 0.000 0.000 0.000 0.127 0.211 0.327 0.471 0.631 0.787 0.914 0.988 0.994 0.931 0.977 0.999 0.950 0.840 0.692 0.531 0.379 0.252 0.156 0.000 0.000 
0.000 0.000 0.000 0.000 0.000 0.000 0.000 0.000 0.000 0.000 0.000 0.000 0.000 0.000 0.000 0.000 0.000 0.000 0.000 0.000 0.000 0.000 0.000 0.000 0.000 0.000 0.000 0.000 0.000 0.000 0.114 0.193 0.303 0.442 0.600 0.759 0.893 0.979 0.998 0.947 0.966 1.000 0.964 0.865 0.722 0.561 0.406 0.274 0.171 0.100 
0.000 0.000 0.000 0.000 0.000 0.000 0.000 0.000 0.000 0.000 0.000 0.000 0.000 0.000 0.000 0.000 0.000 0.000 0.000 0.000 0.000 0.000 0.000 0.000 0.000 0.000 0.000 0.000 0.000 0.000 0.000 0.103 0.176 0.279 0.413 0.569 0.730 0.871 0.967 1.000 0.962 0.951 0.999 0.976 0.888 0.752 0.592 0.434 0.297 0.188 
0.000 0.000 0.000 0.000 0.000 0.000 0.000 0.000 0.000 0.000 0.000 0.000 0.000 0.000 0.000 0.000 0.000 0.000 0.000 0.000 0.000 0.000 0.000 0.000 0.000 0.000 0.000 0.000 0.000 0.000 0.000 0.000 0.000 0.159 0.257 0.386 0.538 0.700 0.847 0.953 0.999 0.975 0.935 0.995 0.986 0.909 0.780 0.623 0.463 0.321 
0.000 0.000 0.000 0.000 0.000 0.000 0.000 0.000 0.000 0.000 0.000 0.000 0.000 0.000 0.000 0.000 0.000 0.000 0.000 0.000 0.000 0.000 0.000 0.000 0.000 0.000 0.000 0.000 0.000 0.000 0.000 0.000 0.000 0.000 0.144 0.236 0.359 0.508 0.669 0.821 0.937 0.996 0.985 0.916 0.989 0.993 0.928 0.808 0.654 0.493 
0.000 0.000 0.000 0.000 0.000 0.000 0.000 0.000 0.000 0.000 0.000 0.000 0.000 0.000 0.000 0.000 0.000 0.000 0.000 0.000 0.000 0.000 0.000 0.000 0.000 0.000 0.000 0.000 0.000 0.000 0.000 0.000 0.000 0.000 0.000 0.130 0.216 0.333 0.478 0.639 0.794 0.919 0.990 0.992 0.926 0.980 0.998 0.946 0.834 0.685 
0.000 0.000 0.000 0.000 0.000 0.000 0.000 0.000 0.000 0.000 0.000 0.000 0.000 0.000 0.000 0.000 0.000 0.000 0.000 0.000 0.000 0.000 0.000 0.000 0.000 0.000 0.000 0.000 0.000 0.000 0.000 0.000 0.000 0.000 0.000 0.000 0.118 0.197 0.309 0.449 0.608 0.766 0.899 0.981 0.997 0.943 0.969 1.000 0.961 0.859 
0.000 0.000 0.000 0.000 0.000 0.000 0.000 0.000 0.000 0.000 0.000 0.000 0.000 0.000 0.000 0.000 0.000 0.000 0.000 0.000 0.000 0.000 0.000 0.000 0.000 0.000 0.000 0.000 0.000 0.000 0.000 0.000 0.000 0.000 0.000 0.000 0.000 0.106 0.180 0.285 0.420 0.577 0.737 0.877 0.970 1.000 0.959 0.955 0.999 0.973 
0.000 0.000 0.000 0.000 0.000 0.000 0.000 0.000 0.000 0.000 0.000 0.000 0.000 0.000 0.000 0.000 0.000 0.000 0.000 0.000 0.000 0.000 0.000 0.000 0.000 0.000 0.000 0.000 0.000 0.000 0.000 0.000 0.000 0.000 0.000 0.000 0.000 0.000 0.000 0.163 0.262 0.392 0.546 0.707 0.853 0.957 1.000 0.972 0.939 0.996 
0.000 0.000 0.000 0.000 0.000 0.000 0.000 0.000 0.000 0.000 0.000 0.000 0.000 0.000 0.000 0.000 0.000 0.000 0.000 0.000 0.000 0.000 0.000 0.000 0.000 0.000 0.000 0.000 0.000 0.000 0.000 0.000 0.000 0.000 0.000 0.000 0.000 0.000 0.000 0.000 0.148 0.241 0.366 0.516 0.677 0.828 0.941 0.997 0.982 0.921 
# 0 3 7 50
0.926 0.992 0.990 0.919 0.984 0.996 0.939 0.824 0.673 0.512 0.362 0.239 0.146 0.000 0.000 0.000 0.000 0.000 0.000 0.000 0.000 0.000 0.000 0.000 0.000 0.000 0.000 0.000 0.000 0.000 0.000 0.000 0.000 0.000 0.000 0.000 0.000 0.000 0.000 0.000 0.000 0.000 0.000 0.000 0.000 0.000 0.000 0.000 0.000 0.000 
0.000 0.126 0.209 0.324 0.467 0.627 0.784 0.912 0.987 0.995 0.933 0.976 0.999 0.951 0.844 0.696 0.535 0.382 0.254 0.158 0.000 0.000 0.000 0.000 0.000 0.000 0.000 0.000 0.000 0.000 0.000 0.000 0.000 0.000 0.000 0.000 0.000 0.000 0.000 0.000 0.000 0.000 0.000 0.000 0.000 0.000 0.000 0.000 0.000 0.000 
0.000 0.000 0.000 0.000 0.000 0.000 0.000 0.000 0.116 0.195 0.306 0.445 0.604 0.763 0.896 0.980 0.998 0.946 0.967 1.000 0.962 0.862 0.719 0.558 0.403 0.271 0.169 0.000 0.000 0.000 0.000 0.000 0.000 0.000 0.000 0.000 0.000 0.000 0.000 0.000 0.000 0.000 0.000 0.000 0.000 0.000 0.000 0.000 0.000 0.000 
0.000 0.000 0.000 0.000 0.000 0.000 0.000 0.000 0.000 0.000 0.000 0.000 0.000 0.000 0.000 0.107 0.182 0.288 0.424 0.581 0.741 0.879 0.972 1.000 0.957 0.957 1.000 0.972 0.879 0.741 0.581 0.424 0.288 0.182 0.107 0.000 0.000 0.000 0.000 0.000 0.000 0.000 0.000 0.000 0.000 0.000 0.000 0.000 0.000 0.000 
0.000 0.000 0.000 0.000 0.000 0.000 0.000 0.000 0.000 0.000 0.000 0.000 0.000 0.000 0.000 0.000 0.000 0.000 0.000 0.000 0.000 0.000 0.000 0.169 0.271 0.403 0.558 0.719 0.862 0.962 1.000 0.967 0.946 0.998 0.980 0.896 0.763 0.604 0.445 0.306 0.195 0.116 0.000 0.000 0.000 0.000 0.000 0.000 0.000 0.000 
0.000 0.000 0.000 0.000 0.000 0.000 0.000 0.000 0.000 0.000 0.000 0.000 0.000 0.000 0.000 0.000 0.000 0.000 0.000 0.000 0.000 0.000 0.000 0.000 0.000 0.000 0.000 0.000 0.000 0.000 0.158 0.254 0.382 0.535 0.696 0.844 0.951 0.999 0.976 0.933 0.995 0.987 0.912 0.784 0.627 0.467 0.324 0.209 0.126 0.000 
0.000 0.000 0.000 0.000 0.000 0.000 0.000 0.000 0.000 0.000 0.000 0.000 0.000 0.000 0.000 0.000 0.000 0.000 0.000 0.000 0.000 0.000 0.000 0.000 0.000 0.000 0.000 0.000 0.000 0.000 0.000 0.000 0.000 0.000 0.000 0.000 0.000 0.146 0.239 0.362 0.512 0.673 0.824 0.939 0.996 0.984 0.919 0.990 0.992 0.926 
# 0 4 7 50
0.926 0.992 0.990 0.919 0.984 0.996 0.939 0.824 0.673 0.512 0.362 0.239 0.146 0.000 0.000 0.000 0.000 0.000 0.000 0.000 0.000 0.000 0.000 0.000 0.000 0.000 0.000 0.000 0.000 0.000 0.000 0.000 0.000 0.000 0.000 0.000 0.000 0.000 0.000 0.000 0.000 0.000 0.000 0.000 0.000 0.000 0.000 0.000 0.000 0.000 
0.000 0.126 0.209 0.324 0.467 0.627 0.784 0.912 0.987 0.995 0.933 0.976 0.999 0.951 0.844 0.696 0.535 0.382 0.254 0.158 0.000 0.000 0.000 0.000 0.000 0.000 0.000 0.000 0.000 0.000 0.000 0.000 0.000 0.000 0.000 0.000 0.000 0.000 0.000 0.000 0.000 0.000 0.000 0.000 0.000 0.000 0.000 0.000 0.000 0.000 
0.000 0.000 0.000 0.000 0.000 0.000 0.000 0.000 0.116 0.195 0.306 0.445 0.604 0.763 0.896 0.980 0.998 0.946 0.967 1.000 0.962 0.862 0.719 0.558 0.403 0.271 0.169 0.000 0.000 0.000 0.000 0.000 0.000 0.000 0.000 0.000 0.000 0.000 0.000 0.000 0.000 0.000 0.000 0.000 0.000 0.000 0.000 0.000 0.000 0.000 
0.000 0.000 0.000 0.000 0.000 0.000 0.000 0.000 0.000 0.000 0.000 0.000 0.000 0.000 0.000 0.107 0.182 0.288 0.424 0.581 0.741 0.879 0.972 1.000 0.957 0.957 1.000 0.972 0.879 0.741 0.581 0.424 0.288 0.182 0.107 0.000 0.000 0.000 0.000 0.000 0.000 0.000 0.000 0.000 0.000 0.000 0.000 0.000 0.000 0.000 
0.000 0.000 0.000 0.000 0.000 0.000 0.000 0.000 0.000 0.000 0.000 0.000 0.000 0.000 0.000 0.000 0.000 0.000 0.000 0.000 0.000 0.000 0.000 0.169 0.271 0.403 0.558 0.719 0.862 0.962 1.000 0.967 0.946 0.998 0.980 0.896 0.763 0.604 0.445 0.306 0.195 0.116 0.000 0.000 0.000 0.000 0.000 0.000 0.000 0.000 
0.000 0.000 0.000 0.000 0.000 0.000 0.000 0.000 0.000 0.000 0.000 0.000 0.000 0.000 0.000 0.000 0.000 0.000 0.000 0.000 0.000 0.000 0.000 0.000 0.000 0.000 0.000 0.000 0.000 0.000 0.158 0.254 0.382 0.535 0.696 0.844 0.951 0.999 0.976 0.933 0.995 0.987 0.912 0.784 0.627 0.467 0.324 0.209 0.126 0.000 
0.000 0.000 0.000 0.000 0.000 0.000 0.000 0.000 0.000 0.000 0.000 0.000 0.000 0.000 0.000 0.000 0.000 0.000 0.000 0.000 0.000 0.000 0.000 0.000 0.000 0.000 0.000 0.000 0.000 0.000 0.000 0.000 0.000 0.000 0.000 0.000 0.000 0.146 0.239 0.362 0.512 0.673 0.824 0.939 0.996 0.984 0.919 0.990 0.992 0.926 
# 0 5 9 50
0.984 0.996 0.939 0.972 1.000 0.956 0.852 0.706 0.545 0.391 0.262 0.163 0.000 0.000 0.000 0.000 0.000 0.000 0.000 0.000 0.000 0.000 0.000 0.000 0.000 0.000 0.000 0.000 0.000 0.000 0.000 0.000 0.000 0.000 0.000 0.000 0.000 0.000 0.000 0.000 0.000 0.000 0.000 0.000 0.000 0.000 0.000 0.000 0.000 0.000 
0.249 0.376 0.527 0.689 0.837 0.948 0.998 0.979 0.928 0.993 0.989 0.917 0.791 0.635 0.474 0.330 0.214 0.129 0.000 0.000 0.000 0.000 0.000 0.000 0.000 0.000 0.000 0.000 0.000 0.000 0.000 0.000 0.000 0.000 0.000 0.000 0.000 0.000 0.000 0.000 0.000 0.000 0.000 0.000 0.000 0.000 0.000 0.000 0.000 0.000 
0.000 0.000 0.000 0.000 0.114 0.192 0.302 0.440 0.599 0.758 0.892 0.978 0.998 0.948 0.965 1.000 0.965 0.866 0.724 0.563 0.407 0.275 0.172 0.101 0.000 0.000 0.000 0.000 0.000 0.000 0.000 0.000 0.000 0.000 0.000 0.000 0.000 0.000 0.000 0.000 0.000 0.000 0.000 0.000 0.000 0.000 0.000 0.000 0.000 0.000 
0.000 0.000 0.000 0.000 0.000 0.000 0.000 0.000 0.000 0.000 0.145 0.237 0.360 0.509 0.671 0.822 0.938 0.996 0.984 0.917 0.989 0.993 0.928 0.807 0.653 0.492 0.345 0.225 0.137 0.000 0.000 0.000 0.000 0.000 0.000 0.000 0.000 0.000 0.000 0.000 0.000 0.000 0.000 0.000 0.000 0.000 0.000 0.000 0.000 0.000 
0.000 0.000 0.000 0.000 0.000 0.000 0.000 0.000 0.000 0.000 0.000 0.000 0.000 0.000 0.000 0.107 0.182 0.288 0.424 0.581 0.741 0.879 0.972 1.000 0.957 0.957 1.000 0.972 0.879 0.741 0.581 0.424 0.288 0.182 0.107 0.000 0.000 0.000 0.000 0.000 0.000 0.000 0.000 0.000 0.000 0.000 0.000 0.000 0.000 0.000 
0.000 0.000 0.000 0.000 0.000 0.000 0.000 0.000 0.000 0.000 0.000 0.000 0.000 0.000 0.000 0.000 0.000 0.000 0.000 0.000 0.000 0.137 0.225 0.345 0.492 0.653 0.807 0.928 0.993 0.989 0.917 0.984 0.996 0.938 0.822 0.671 0.509 0.360 0.237 0.145 0.000 0.000 0.000 0.000 0.000 0.000 0.000 0.000 0.000 0.000 
0.000 0.000 0.000 0.000 0.000 0.000 0.000 0.000 0.000 0.000 0.000 0.000 0.000 0.000 0.000 0.000 0.000 0.000 0.000 0.000 0.000 0.000 0.000 0.000 0.000 0.000 0.101 0.172 0.275 0.407 0.563 0.724 0.866 0.965 1.000 0.965 0.948 0.998 0.978 0.892 0.758 0.599 0.440 0.302 0.192 0.114 0.000 0.000 0.000 0.000 
0.000 0.000 0.000 0.000 0.000 0.000 0.000 0.000 0.000 0.000 0.000 0.000 0.000 0.000 0.000 0.000 0.000 0.000 0.000 0.000 0.000 0.000 0.000 0.000 0.000 0.000 0.000 0.000 0.000 0.000 0.000 0.000 0.129 0.214 0.330 0.474 0.635 0.791 0.917 0.989 0.993 0.928 0.979 0.998 0.948 0.837 0.689 0.527 0.376 0.249 
0.000 0.000 0.000 0.000 0.000 0.000 0.000 0.000 0.000 0.000 0.000 0.000 0.000 0.000 0.000 0.000 0.000 0.000 0.000 0.000 0.000 0.000 0.000 0.000 0.000 0.000 0.000 0.000 0.000 0.000 0.000 0.000 0.000 0.000 0.000 0.000 0.000 0.000 0.163 0.262 0.391 0.545 0.706 0.852 0.956 1.000 0.972 0.939 0.996 0.984 
# 1 0 50 4
0.000 0.782 0.764 0.000 
0.000 0.717 0.826 0.107 
0.000 0.648 0.881 0.140 
0.000 0.578 0.927 0.179 
0.000 0.508 0.963 0.223 
0.000 0.440 0.987 0.273 
0.000 0.376 0.999 0.329 
0.000 0.316 0.998 0.390 
0.000 0.262 0.983 0.455 
0.000 0.213 0.956 0.523 
0.000 0.170 0.918 0.593 
0.000 0.133 0.870 0.663 
0.101 0.101 0.813 0.732 
0.133 0.000 0.750 0.796 
0.170 0.000 0.683 0.855 
0.213 0.000 0.613 0.906 
0.262 0.000 0.543 0.947 
0.316 0.000 0.474 0.977 
0.376 0.000 0.408 0.995 
0.440 0.000 0.346 1.000 
0.508 0.000 0.288 0.992 
0.578 0.000 0.237 0.971 
0.648 0.000 0.191 0.939 
0.717 0.000 0.150 0.895 
0.782 0.000 0.116 0.842 
0.842 0.116 0.000 0.782 
0.895 0.150 0.000 0.717 
0.939 0.191 0.000 0.648 
0.971 0.237 0.000 0.578 
0.992 0.288 0.000 0.508 
1.000 0.346 0.000 0.440 
0.995 0.408 0.000 0.376 
0.977 0.474 0.000 0.316 
0.947 0.543 0.000 0.262 
0.906 0.613 0.000 0.213 
0.855 0.683 0.000 0.170 
0.796 0.750 0.000 0.133 
0.732 0.813 0.101 0.101 
0.663 0.870 0.133 0.000 
0.593 0.918 0.170 0.000 
0.523 0.956 0.213 0.000 
0.455 0.983 0.262 0.000 
0.390 0.998 0.316 0.000 
0.329 0.999 0.376 0.000 
0.273 0.987 0.440 0.000 
0.223 0.963 0.508 0.000 
0.179 0.927 0.578 0.000 
0.140 0.881 0.648 0.000 
0.107 0.826 0.717 0.000 
0.000 0.764 0.782 0.000 
# 1 2 42 4
0.000 0.776 0.771 0.000 
0.000 0.697 0.843 0.116 
0.000 0.615 0.905 0.158 
0.000 0.531 0.953 0.208 
0.000 0.450 0.985 0.266 
0.000 0.373 1.000 0.332 
0.000 0.303 0.996 0.405 
0.000 0.240 0.973 0.484 
0.000 0.185 0.934 0.567 
0.000 0.139 0.880 0.650 
0.100 0.100 0.813 0.732 
0.139 0.000 0.738 0.808 
0.185 0.000 0.656 0.875 
0.240 0.000 0.573 0.931 
0.303 0.000 0.490 0.971 
0.373 0.000 0.411 0.995 
0.450 0.000 0.337 1.000 
0.531 0.000 0.270 0.987 
0.615 0.000 0.212 0.956 
0.697 0.000 0.161 0.909 
0.776 0.000 0.119 0.848 
0.848 0.119 0.000 0.776 
0.909 0.161 0.000 0.697 
0.956 0.212 0.000 0.615 
0.987 0.270 0.000 0.531 
1.000 0.337 0.000 0.450 
0.995 0.411 0.000 0.373 
0.971 0.490 0.000 0.303 
0.931 0.573 0.000 0.240 
0.875 0.656 0.000 0.185 
0.808 0.738 0.000 0.139 
0.732 0.813 0.100 0.100 
0.650 0.880 0.139 0.000 
0.567 0.934 0.185 0.000 
0.484 0.973 0.240 0.000 
0.405 0.996 0.303 0.000 
0.332 1.000 0.373 0.000 
0.266 0.985 0.450 0.000 
0.208 0.953 0.531 0.000 
0.158 0.905 0.615 0.000 
0.116 0.843 0.697 0.000 
0.000 0.771 0.776 0.000 
# 1 3 7 4
0.000 0.579 0.944 0.180 
0.000 0.159 0.922 0.616 
0.339 0.000 0.454 1.000 
0.825 0.000 0.000 0.825 
1.000 0.454 0.000 0.339 
0.616 0.922 0.159 0.000 
0.180 0.944 0.579 0.000 
# 1 4 7 4
0.000 0.579 0.944 0.180 
0.000 0.159 0.922 0.616 
0.339 0.000 0.454 1.000 
0.825 0.000 0.000 0.825 
1.000 0.454 0.000 0.339 
0.616 0.922 0.159 0.000 
0.180 0.944 0.579 0.000 
# 2 0 50 42
0.000 0.000 0.000 0.000 0.000 0.000 0.000 0.000 -0.103 -0.198 -0.340 -0.522 -0.721 -0.892 -0.989 -0.984 -0.877 -0.702 -0.503 -0.324 -0.187 0.000 0.000 0.000 0.000 0.000 0.000 0.000 0.000 0.000 0.000 0.000 0.000 0.000 0.000 0.000 0.000 0.000 0.000 0.000 0.000 0.000 
0.000 0.000 0.000 0.000 0.000 0.000 0.000 0.000 0.000 -0.116 -0.217 -0.367 -0.554 -0.751 -0.913 -0.995 -0.973 -0.853 -0.670 -0.472 -0.299 -0.169 0.000 0.000 0.000 0.000 0.000 0.000 0.000 0.000 0.000 0.000 0.000 0.000 0.000 0.000 0.000 0.000 0.000 0.000 0.000 0.000 
0.000 0.000 0.000 0.000 0.000 0.000 0.000 0.000 0.000 0.000 -0.129 -0.238 -0.394 -0.586 -0.781 -0.933 -0.999 -0.960 -0.827 -0.638 -0.442 -0.275 -0.153 0.000 0.000 0.000 0.000 0.000 0.000 0.000 0.000 0.000 0.000 0.000 0.000 0.000 0.000 0.000 0.000 0.000 0.000 0.000 
0.000 0.000 0.000 0.000 0.000 0.000 0.000 0.000 0.000 0.000 0.000 -0.143 -0.260 -0.423 -0.618 -0.809 -0.950 -1.000 -0.944 -0.799 -0.606 -0.413 -0.252 -0.138 0.000 0.000 0.000 0.000 0.000 0.000 0.000 0.000 0.000 0.000 0.000 0.000 0.000 0.000 0.000 0.000 0.000 0.000 
0.000 0.000 0.000 0.000 0.000 0.000 0.000 0.000 0.000 0.000 0.000 0.000 -0.159 -0.283 -0.453 -0.650 -0.836 -0.965 -0.998 -0.926 -0.770 -0.574 -0.384 -0.230 -0.124 0.000 0.000 0.000 0.000 0.000 0.000 0.000 0.000 0.000 0.000 0.000 0.000 0.000 0.000 0.000 0.000 0.000 
0.000 0.000 0.000 0.000 0.000 0.000 0.000 0.000 0.000 0.000 0.000 0.000 0.000 -0.175 -0.308 -0.484 -0.682 -0.862 -0.977 -0.993 -0.906 -0.740 -0.543 -0.357 -0.210 -0.111 0.000 0.000 0.000 0.000 0.000 0.000 0.000 0.000 0.000 0.000 0.000 0.000 0.000 0.000 0.000 0.000 
0.000 0.000 0.000 0.000 0.000 0.000 0.000 0.000 0.000 0.000 0.000 0.000 0.000 -0.101 -0.193 -0.333 -0.515 -0.713 -0.886 -0.987 -0.986 -0.883 -0.710 -0.511 -0.330 -0.191 0.000 0.000 0.000 0.000 0.000 0.000 0.000 0.000 0.000 0.000 0.000 0.000 0.000 0.000 0.000 0.000 
0.000 0.000 0.000 0.000 0.000 0.000 0.000 0.000 0.000 0.000 0.000 0.000 0.000 0.000 -0.112 -0.212 -0.360 -0.546 -0.744 -0.908 -0.994 -0.976 -0.859 -0.678 -0.480 -0.305 -0.173 0.000 0.000 0.000 0.000 0.000 0.000 0.000 0.000 0.000 0.000 0.000 0.000 0.000 0.000 0.000 
0.000 0.000 0.000 0.000 0.000 0.000 0.000 0.000 0.000 0.000 0.000 0.000 0.000 0.000 0.000 -0.125 -0.233 -0.387 -0.578 -0.773 -0.928 -0.998 -0.963 -0.833 -0.646 -0.450 -0.280 -0.157 0.000 0.000 0.000 0.000 0.000 0.000 0.000 0.000 0.000 0.000 0.000 0.000 0.000 0.000 
0.000 0.000 0.000 0.000 0.000 0.000 0.000 0.000 0.000 0.000 0.000 0.000 0.000 0.000 0.000 0.000 -0.140 -0.254 -0.416 -0.610 -0.802 -0.946 -1.000 -0.948 -0.806 -0.614 -0.420 -0.257 -0.142 0.000 0.000 0.000 0.000 0.000 0.000 0.000 0.000 0.000 0.000 0.000 0.000 0.000 
-0.122 0.000 0.000 0.000 0.000 0.000 0.000 0.000 0.000 0.000 0.000 0.000 0.000 0.000 0.000 0.000 0.000 -0.155 -0.277 -0.446 -0.642 -0.830 -0.961 -0.999 -0.931 -0.777 -0.582 -0.391 -0.236 -0.127 0.000 0.000 0.000 0.000 0.000 0.000 0.000 0.000 0.000 0.000 0.000 0.000 
-0.208 -0.109 0.000 0.000 0.000 0.000 0.000 0.000 0.000 0.000 0.000 0.000 0.000 0.000 0.000 0.000 0.000 0.000 -0.171 -0.301 -0.476 -0.674 -0.856 -0.974 -0.995 -0.911 -0.748 -0.551 -0.363 -0.215 -0.114 0.000 0.000 0.000 0.000 0.000 0.000 0.000 0.000 0.000 0.000 0.000 
-0.327 -0.189 0.000 0.000 0.000 0.000 0.000 0.000 0.000 0.000 0.000 0.000 0.000 0.000 0.000 0.000 0.000 0.000 0.000 -0.189 -0.327 -0.507 -0.705 -0.880 -0.985 -0.988 -0.889 -0.717 -0.519 -0.337 -0.196 -0.102 0.000 0.000 0.000 0.000 0.000 0.000 0.000 0.000 0.000 0.000 
-0.476 -0.301 -0.171 0.000 0.000 0.000 0.000 0.000 0.000 0.000 0.000 0.000 0.000 0.000 0.000 0.000 0.000 0.000 0.000 -0.109 -0.208 -0.353 -0.538 -0.736 -0.903 -0.993 -0.979 -0.865 -0.686 -0.488 -0.311 -0.178 0.000 0.000 0.000 0.000 0.000 0.000 0.000 0.000 0.000 0.000 
-0.642 -0.446 -0.277 -0.155 0.000 0.000 0.000 0.000 0.000 0.000 0.000 0.000 0.000 0.000 0.000 0.000 0.000 0.000 0.000 0.000 -0.122 -0.228 -0.380 -0.570 -0.766 -0.923 -0.998 -0.967 -0.840 -0.654 -0.457 -0.286 -0.161 0.000 0.000 0.000 0.000 0.000 0.000 0.000 0.000 0.000 
-0.802 -0.610 -0.416 -0.254 -0.140 0.000 0.000 0.000 0.000 0.000 0.000 0.000 0.000 0.000 0.000 0.000 0.000 0.000 0.000 0.000 0.000 -0.136 -0.249 -0.409 -0.602 -0.795 -0.942 -1.000 -0.952 -0.813 -0.622 -0.427 -0.263 -0.145 0.000 0.000 0.000 0.000 0.000 0.000 0.000 0.000 
-0.928 -0.773 -0.578 -0.387 -0.233 -0.125 0.000 0.000 0.000 0.000 0.000 0.000 0.000 0.000 0.000 0.000 0.000 0.000 0.000 0.000 0.000 0.000 -0.151 -0.271 -0.438 -0.634 -0.823 -0.958 -0.999 -0.935 -0.785 -0.590 -0.398 -0.241 -0.131 0.000 0.000 0.000 0.000 0.000 0.000 0.000 
-0.994 -0.908 -0.744 -0.546 -0.360 -0.212 -0.112 0.000 0.000 0.000 0.000 0.000 0.000 0.000 0.000 0.000 0.000 0.000 0.000 0.000 0.000 0.000 0.000 -0.167 -0.295 -0.468 -0.666 -0.849 -0.971 -0.996 -0.916 -0.755 -0.558 -0.370 -0.220 -0.117 0.000 0.000 0.000 0.000 0.000 0.000 
-0.986 -0.987 -0.886 -0.713 -0.515 -0.333 -0.193 -0.101 0.000 0.000 0.000 0.000 0.000 0.000 0.000 0.000 0.000 0.000 0.000 0.000 0.000 0.000 0.000 0.000 -0.184 -0.320 -0.499 -0.697 -0.874 -0.982 -0.990 -0.895 -0.725 -0.527 -0.343 -0.201 -0.105 0.000 0.000 0.000 0.000 0.000 
-0.906 -0.993 -0.977 -0.862 -0.682 -0.484 -0.308 -0.175 0.000 0.000 0.000 0.000 0.000 0.000 0.000 0.000 0.000 0.000 0.000 0.000 0.000 0.000 0.000 0.000 -0.106 -0.203 -0.346 -0.530 -0.728 -0.897 -0.991 -0.981 -0.871 -0.694 -0.496 -0.317 -0.182 0.000 0.000 0.000 0.000 0.000 
-0.770 -0.926 -0.998 -0.965 -0.836 -0.650 -0.453 -0.283 -0.159 0.000 0.000 0.000 0.000 0.000 0.000 0.000 0.000 0.000 0.000 0.000 0.000 0.000 0.000 0.000 0.000 -0.119 -0.222 -0.373 -0.562 -0.759 -0.918 -0.997 -0.970 -0.846 -0.662 -0.465 -0.292 -0.165 0.000 0.000 0.000 0.000 
-0.606 -0.799 -0.944 -1.000 -0.950 -0.809 -0.618 -0.423 -0.260 -0.143 0.000 0.000 0.000 0.000 0.000 0.000 0.000 0.000 0.000 0.000 0.000 0.000 0.000 0.000 0.000 0.000 -0.132 -0.243 -0.402 -0.594 -0.788 -0.937 -1.000 -0.956 -0.820 -0.630 -0.435 -0.269 -0.149 0.000 0.000 0.000 
-0.442 -0.638 -0.827 -0.960 -0.999 -0.933 -0.781 -0.586 -0.394 -0.238 -0.129 0.000 0.000 0.000 0.000 0.000 0.000 0.000 0.000 0.000 0.000 0.000 0.000 0.000 0.000 0.000 0.000 -0.147 -0.266 -0.431 -0.626 -0.816 -0.954 -1.000 -0.940 -0.792 -0.598 -0.406 -0.246 -0.134 0.000 0.000 
-0.299 -0.472 -0.670 -0.853 -0.973 -0.995 -0.913 -0.751 -0.554 -0.367 -0.217 -0.116 0.000 0.000 0.000 0.000 0.000 0.000 0.000 0.000 0.000 0.000 0.000 0.000 0.000 0.000 0.000 0.000 -0.163 -0.289 -0.461 -0.658 -0.843 -0.968 -0.997 -0.921 -0.763 -0.566 -0.377 -0.225 -0.121 0.000 
-0.187 -0.324 -0.503 -0.702 -0.877 -0.984 -0.989 -0.892 -0.721 -0.522 -0.340 -0.198 -0.103 0.000 0.000 0.000 0.000 0.000 0.000 0.000 0.000 0.000 0.000 0.000 0.000 0.000 0.000 0.000 0.000 -0.180 -0.314 -0.491 -0.690 -0.868 -0.980 -0.992 -0.900 -0.733 -0.535 -0.350 -0.205 -0.108 
-0.108 -0.205 -0.350 -0.535 -0.733 -0.900 -0.992 -0.980 -0.868 -0.690 -0.491 -0.314 -0.180 0.000 0.000 0.000 0.000 0.000 0.000 0.000 0.000 0.000 0.000 0.000 0.000 0.000 0.000 0.000 0.000 -0.103 -0.198 -0.340 -0.522 -0.721 -0.892 -0.989 -0.984 -0.877 -0.702 -0.503 -0.324 -0.187 
0.000 -0.121 -0.225 -0.377 -0.566 -0.763 -0.921 -0.997 -0.968 -0.843 -0.658 -0.461 -0.289 -0.163 0.000 0.000 0.000 0.000 0.000 0.000 0.000 0.000 0.000 0.000 0.000 0.000 0.000 0.000 0.000 0.000 -0.116 -0.217 -0.367 -0.554 -0.751 -0.913 -0.995 -0.973 -0.853 -0.670 -0.472 -0.299 
0.000 0.000 -0.134 -0.246 -0.406 -0.598 -0.792 -0.940 -1.000 -0.954 -0.816 -0.626 -0.431 -0.266 -0.147 0.000 0.000 0.000 0.000 0.000 0.000 0.000 0.000 0.000 0.000 0.000 0.000 0.000 0.000 0.000 0.000 -0.129 -0.238 -0.394 -0.586 -0.781 -0.933 -0.999 -0.960 -0.827 -0.638 -0.442 
0.000 0.000 0.000 -0.149 -0.269 -0.435 -0.630 -0.820 -0.956 -1.000 -0.937 -0.788 -0.594 -0.402 -0.243 -0.132 0.000 0.000 0.000 0.000 0.000 0.000 0.000 0.000 0.000 0.000 0.000 0.000 0.000 0.000 0.000 0.000 -0.143 -0.260 -0.423 -0.618 -0.809 -0.950 -1.000 -0.944 -0.799 -0.606 
0.000 0.000 0.000 0.000 -0.165 -0.292 -0.465 -0.662 -0.846 -0.970 -0.997 -0.918 -0.759 -0.562 -0.373 -0.222 -0.119 0.000 0.000 0.000 0.000 0.000 0.000 0.000 0.000 0.000 0.000 0.000 0.000 0.000 0.000 0.000 0.000 -0.159 -0.283 -0.453 -0.650 -0.836 -0.965 -0.998 -0.926 -0.770 
0.000 0.000 0.000 0.000 0.000 -0.182 -0.317 -0.496 -0.694 -0.871 -0.981 -0.991 -0.897 -0.728 -0.530 -0.346 -0.203 -0.106 0.000 0.000 0.000 0.000 0.000 0.000 0.000 0.000 0.000 0.000 0.000 0.000 0.000 0.000 0.000 0.000 -0.175 -0.308 -0.484 -0.682 -0.862 -0.977 -0.993 -0.906 
0.000 0.000 0.000 0.000 0.000 -0.105 -0.201 -0.343 -0.527 -0.725 -0.895 -0.990 -0.982 -0.874 -0.697 -0.499 -0.320 -0.184 0.000 0.000 0.000 0.000 0.000 0.000 0.000 0.000 0.000 0.000 0.000 0.000 0.000 0.000 0.000 0.000 -0.101 -0.193 -0.333 -0.515 -0.713 -0.886 -0.987 -0.986 
0.000 0.000 0.000 0.000 0.000 0.000 -0.117 -0.220 -0.370 -0.558 -0.755 -0.916 -0.996 -0.971 -0.849 -0.666 -0.468 -0.295 -0.167 0.000 0.000 0.000 0.000 0.000 0.000 0.000 0.000 0.000 0.000 0.000 0.000 0.000 0.000 0.000 0.000 -0.112 -0.212 -0.360 -0.546 -0.744 -0.908 -0.994 
0.000 0.000 0.000 0.000 0.000 0.000 0.000 -0.131 -0.241 -0.398 -0.590 -0.785 -0.935 -0.999 -0.958 -0.823 -0.634 -0.438 -0.271 -0.151 0.000 0.000 0.000 0.000 0.000 0.000 0.000 0.000 0.000 0.000 0.000 0.000 0.000 0.000 0.000 0.000 -0.125 -0.233 -0.387 -0.578 -0.773 -0.928 
0.000 0.000 0.000 0.000 0.000 0.000 0.000 0.000 -0.145 -0.263 -0.427 -0.622 -0.813 -0.952 -1.000 -0.942 -0.795 -0.602 -0.409 -0.249 -0.136 0.000 0.000 0.000 0.000 0.000 0.000 0.000 0.000 0.000 0.000 0.000 0.000 0.000 0.000 0.000 0.000 -0.140 -0.254 -0.416 -0.610 -0.802 
0.000 0.000 0.000 0.000 0.000 0.000 0.000 0.000 0.000 -0.161 -0.286 -0.457 -0.654 -0.840 -0.967 -0.998 -0.923 -0.766 -0.570 -0.380 -0.228 -0.122 0.000 0.000 0.000 0.000 0.000 0.000 0.000 0.000 0.000 0.000 0.000 0.000 0.000 0.000 0.000 0.000 -0.155 -0.277 -0.446 -0.642 
0.000 0.000 0.000 0.000 0.000 0.000 0.000 0.000 0.000 0.000 -0.178 -0.311 -0.488 -0.686 -0.865 -0.979 -0.993 -0.903 -0.736 -0.538 -0.353 -0.208 -0.109 0.000 0.000 0.000 0.000 0.000 0.000 0.000 0.000 0.000 0.000 0.000 0.000 0.000 0.000 0.000 0.000 -0.171 -0.301 -0.476 
0.000 0.000 0.000 0.000 0.000 0.000 0.000 0.000 0.000 0.000 -0.102 -0.196 -0.337 -0.519 -0.717 -0.889 -0.988 -0.985 -0.880 -0.705 -0.507 -0.327 -0.189 0.000 0.000 0.000 0.000 0.000 0.000 0.000 0.000 0.000 0.000 0.000 0.000 0.000 0.000 0.000 0.000 0.000 -0.189 -0.327 
0.000 0.000 0.000 0.000 0.000 0.000 0.000 0.000 0.000 0.000 0.000 -0.114 -0.215 -0.363 -0.551 -0.748 -0.911 -0.995 -0.974 -0.856 -0.674 -0.476 -0.301 -0.171 0.000 0.000 0.000 0.000 0.000 0.000 0.000 0.000 0.000 0.000 0.000 0.000 0.000 0.000 0.000 0.000 -0.109 -0.208 
0.000 0.000 0.000 0.000 0.000 0.000 0.000 0.000 0.000 0.000 0.000 0.000 -0.127 -0.236 -0.391 -0.582 -0.777 -0.931 -0.999 -0.961 -0.830 -0.642 -0.446 -0.277 -0.155 0.000 0.000 0.000 0.000 0.000 0.000 0.000 0.000 0.000 0.000 0.000 0.000 0.000 0.000 0.000 0.000 -0.122 
0.000 0.000 0.000 0.000 0.000 0.000 0.000 0.000 0.000 0.000 0.000 0.000 0.000 -0.142 -0.257 -0.420 -0.614 -0.806 -0.948 -1.000 -0.946 -0.802 -0.610 -0.416 -0.254 -0.140 0.000 0.000 0.000 0.000 0.000 0.000 0.000 0.000 0.000 0.000 0.000 0.000 0.000 0.000 0.000 0.000 
0.000 0.000 0.000 0.000 0.000 0.000 0.000 0.000 0.000 0.000 0.000 0.000 0.000 0.000 -0.157 -0.280 -0.450 -0.646 -0.833 -0.963 -0.998 -0.928 -0.773 -0.578 -0.387 -0.233 -0.125 0.000 0.000 0.000 0.000 0.000 0.000 0.000 0.000 0.000 0.000 0.000 0.000 0.000 0.000 0.000 
0.000 0.000 0.000 0.000 0.000 0.000 0.000 0.000 0.000 0.000 0.000 0.000 0.000 0.000 0.000 -0.173 -0.305 -0.480 -0.678 -0.859 -0.976 -0.994 -0.908 -0.744 -0.546 -0.360 -0.212 -0.112 0.000 0.000 0.000 0.000 0.000 0.000 0.000 0.000 0.000 0.000 0.000 0.000 0.000 0.000 
0.000 0.000 0.000 0.000 0.000 0.000 0.000 0.000 0.000 0.000 0.000 0.000 0.000 0.000 0.000 0.000 -0.191 -0.330 -0.511 -0.710 -0.883 -0.986 -0.987 -0.886 -0.713 -0.515 -0.333 -0.193 -0.101 0.000 0.000 0.000 0.000 0.000 0.000 0.000 0.000 0.000 0.000 0.000 0.000 0.000 
0.000 0.000 0.000 0.000 0.000 0.000 0.000 0.000 0.000 0.000 0.000 0.000 0.000 0.000 0.000 0.000 -0.111 -0.210 -0.357 -0.543 -0.740 -0.906 -0.993 -0.977 -0.862 -0.682 -0.484 -0.308 -0.175 0.000 0.000 0.000 0.000 0.000 0.000 0.000 0.000 0.000 0.000 0.000 0.000 0.000 
0.000 0.000 0.000 0.000 0.000 0.000 0.000 0.000 0.000 0.000 0.000 0.000 0.000 0.000 0.000 0.000 0.000 -0.124 -0.230 -0.384 -0.574 -0.770 -0.926 -0.998 -0.965 -0.836 -0.650 -0.453 -0.283 -0.159 0.000 0.000 0.000 0.000 0.000 0.000 0.000 0.000 0.000 0.000 0.000 0.000 
0.000 0.000 0.000 0.000 0.000 0.000 0.000 0.000 0.000 0.000 0.000 0.000 0.000 0.000 0.000 0.000 0.000 0.000 -0.138 -0.252 -0.413 -0.606 -0.799 -0.944 -1.000 -0.950 -0.809 -0.618 -0.423 -0.260 -0.143 0.000 0.000 0.000 0.000 0.000 0.000 0.000 0.000 0.000 0.000 0.000 
0.000 0.000 0.000 0.000 0.000 0.000 0.000 0.000 0.000 0.000 0.000 0.000 0.000 0.000 0.000 0.000 0.000 0.000 0.000 -0.153 -0.275 -0.442 -0.638 -0.827 -0.960 -0.999 -0.933 -0.781 -0.586 -0.394 -0.238 -0.129 0.000 0.000 0.000 0.000 0.000 0.000 0.000 0.000 0.000 0.000 
0.000 0.000 0.000 0.000 0.000 0.000 0.000 0.000 0.000 0.000 0.000 0.000 0.000 0.000 0.000 0.000 0.000 0.000 0.000 0.000 -0.169 -0.299 -0.472 -0.670 -0.853 -0.973 -0.995 -0.913 -0.751 -0.554 -0.367 -0.217 -0.116 0.000 0.000 0.000 0.000 0.000 0.000 0.000 0.000 0.000 
0.000 0.000 0.000 0.000 0.000 0.000 0.000 0.000 0.000 0.000 0.000 0.000 0.000 0.000 0.000 0.000 0.000 0.000 0.000 0.000 0.000 -0.187 -0.324 -0.503 -0.702 -0.877 -0.984 -0.989 -0.892 -0.721 -0.522 -0.340 -0.198 -0.103 0.000 0.000 0.000 0.000 0.000 0.000 0.000 0.000 
# 2 1 4 42
0.000 0.000 0.000 0.000 0.000 0.000 0.000 0.000 0.000 0.000 0.000 0.000 0.000 -0.117 -0.219 -0.369 -0.558 -0.755 -0.917 -0.998 -0.975 -0.853 -0.670 -0.472 -0.298 -0.169 0.000 0.000 0.000 0.000 0.000 0.000 0.000 0.000 0.000 0.000 0.000 0.000 0.000 0.000 0.000 0.000 
-0.975 -0.998 -0.917 -0.755 -0.558 -0.369 -0.219 -0.117 0.000 0.000 0.000 0.000 0.000 0.000 0.000 0.000 0.000 0.000 0.000 0.000 0.000 0.000 0.000 0.000 -0.162 -0.288 -0.460 -0.658 -0.843 -0.970 -1.000 -0.925 -0.767 -0.570 -0.380 -0.227 -0.122 0.000 0.000 0.000 0.000 0.000 
0.000 0.000 0.000 0.000 0.000 -0.122 -0.227 -0.380 -0.570 -0.767 -0.925 -1.000 -0.970 -0.843 -0.658 -0.460 -0.288 -0.162 0.000 0.000 0.000 0.000 0.000 0.000 0.000 0.000 0.000 0.000 0.000 0.000 0.000 0.000 0.000 0.000 -0.117 -0.219 -0.369 -0.558 -0.755 -0.917 -0.998 -0.975 
0.000 0.000 0.000 0.000 0.000 0.000 0.000 0.000 0.000 0.000 0.000 0.000 0.000 0.000 0.000 0.000 -0.169 -0.298 -0.472 -0.670 -0.853 -0.975 -0.998 -0.917 -0.755 -0.558 -0.369 -0.219 -0.117 0.000 0.000 0.000 0.000 0.000 0.000 0.000 0.000 0.000 0.000 0.000 0.000 0.000 
# 2 3 7 42
0.000 0.000 0.000 0.000 0.000 0.000 0.000 0.000 0.000 0.000 0.000 -0.138 -0.252 -0.412 -0.606 -0.799 -0.944 -1.000 -0.950 -0.810 -0.618 -0.424 -0.260 -0.143 0.000 0.000 0.000 0.000 0.000 0.000 0.000 0.000 0.000 0.000 0.000 0.000 0.000 0.000 0.000 0.000 0.000 0.000 
-0.138 0.000 0.000 0.000 0.000 0.000 0.000 0.000 0.000 0.000 0.000 0.000 0.000 0.000 0.000 0.000 0.000 -0.138 -0.252 -0.412 -0.606 -0.799 -0.944 -1.000 -0.950 -0.810 -0.618 -0.424 -0.260 -0.143 0.000 0.000 0.000 0.000 0.000 0.000 0.000 0.000 0.000 0.000 0.000 0.000 
-1.000 -0.944 -0.799 -0.606 -0.412 -0.252 -0.138 0.000 0.000 0.000 0.000 0.000 0.000 0.000 0.000 0.000 0.000 0.000 0.000 0.000 0.000 0.000 0.000 -0.138 -0.252 -0.412 -0.606 -0.799 -0.944 -1.000 -0.950 -0.810 -0.618 -0.424 -0.260 -0.143 0.000 0.000 0.000 0.000 0.000 0.000 
-0.143 -0.260 -0.424 -0.618 -0.810 -0.950 -1.000 -0.944 -0.799 -0.606 -0.412 -0.252 -0.138 0.000 0.000 0.000 0.000 0.000 0.000 0.000 0.000 0.000 0.000 0.000 0.000 0.000 0.000 0.000 0.000 -0.138 -0.252 -0.412 -0.606 -0.799 -0.944 -1.000 -0.950 -0.810 -0.618 -0.424 -0.260 -0.143 
0.000 0.000 0.000 0.000 0.000 0.000 -0.143 -0.260 -0.424 -0.618 -0.810 -0.950 -1.000 -0.944 -0.799 -0.606 -0.412 -0.252 -0.138 0.000 0.000 0.000 0.000 0.000 0.000 0.000 0.000 0.000 0.000 0.000 0.000 0.000 0.000 0.000 0.000 -0.138 -0.252 -0.412 -0.606 -0.799 -0.944 -1.000 
0.000 0.000 0.000 0.000 0.000 0.000 0.000 0.000 0.000 0.000 0.000 0.000 -0.143 -0.260 -0.424 -0.618 -0.810 -0.950 -1.000 -0.944 -0.799 -0.606 -0.412 -0.252 -0.138 0.000 0.000 0.000 0.000 0.000 0.000 0.000 0.000 0.000 0.000 0.000 0.000 0.000 0.000 0.000 0.000 -0.138 
0.000 0.000 0.000 0.000 0.000 0.000 0.000 0.000 0.000 0.000 0.000 0.000 0.000 0.000 0.000 0.000 0.000 0.000 -0.143 -0.260 -0.424 -0.618 -0.810 -0.950 -1.000 -0.944 -0.799 -0.606 -0.412 -0.252 -0.138 0.000 0.000 0.000 0.000 0.000 0.000 0.000 0.000 0.000 0.000 0.000 
# 2 4 7 42
0.000 0.000 0.000 0.000 0.000 0.000 0.000 0.000 0.000 0.000 0.000 -0.138 -0.252 -0.412 -0.606 -0.799 -0.944 -1.000 -0.950 -0.810 -0.618 -0.424 -0.260 -0.143 0.000 0.000 0.000 0.000 0.000 0.000 0.000 0.000 0.000 0.000 0.000 0.000 0.000 0.000 0.000 0.000 0.000 0.000 
-0.138 0.000 0.000 0.000 0.000 0.000 0.000 0.000 0.000 0.000 0.000 0.000 0.000 0.000 0.000 0.000 0.000 -0.138 -0.252 -0.412 -0.606 -0.799 -0.944 -1.000 -0.950 -0.810 -0.618 -0.424 -0.260 -0.143 0.000 0.000 0.000 0.000 0.000 0.000 0.000 0.000 0.000 0.000 0.000 0.000 
-1.000 -0.944 -0.799 -0.606 -0.412 -0.252 -0.138 0.000 0.000 0.000 0.000 0.000 0.000 0.000 0.000 0.000 0.000 0.000 0.000 0.000 0.000 0.000 0.000 -0.138 -0.252 -0.412 -0.606 -0.799 -0.944 -1.000 -0.950 -0.810 -0.618 -0.424 -0.260 -0.143 0.000 0.000 0.000 0.000 0.000 0.000 
-0.143 -0.260 -0.424 -0.618 -0.810 -0.950 -1.000 -0.944 -0.799 -0.606 -0.412 -0.252 -0.138 0.000 0.000 0.000 0.000 0.000 0.000 0.000 0.000 0.000 0.000 0.000 0.000 0.000 0.000 0.000 0.000 -0.138 -0.252 -0.412 -0.606 -0.799 -0.944 -1.000 -0.950 -0.810 -0.618 -0.424 -0.260 -0.143 
0.000 0.000 0.000 0.000 0.000 0.000 -0.143 -0.260 -0.424 -0.618 -0.810 -0.950 -1.000 -0.944 -0.799 -0.606 -0.412 -0.252 -0.138 0.000 0.000 0.000 0.000 0.000 0.000 0.000 0.000 0.000 0.000 0.000 0.000 0.000 0.000 0.000 0.000 -0.138 -0.252 -0.412 -0.606 -0.799 -0.944 -1.000 
0.000 0.000 0.000 0.000 0.000 0.000 0.000 0.000 0.000 0.000 0.000 0.000 -0.143 -0.260 -0.424 -0.618 -0.810 -0.950 -1.000 -0.944 -0.799 -0.606 -0.412 -0.252 -0.138 0.000 0.000 0.000 0.000 0.000 0.000 0.000 0.000 0.000 0.000 0.000 0.000 0.000 0.000 0.000 0.000 -0.138 
0.000 0.000 0.000 0.000 0.000 0.000 0.000 0.000 0.000 0.000 0.000 0.000 0.000 0.000 0.000 0.000 0.000 0.000 -0.143 -0.260 -0.424 -0.618 -0.810 -0.950 -1.000 -0.944 -0.799 -0.606 -0.412 -0.252 -0.138 0.000 0.000 0.000 0.000 0.000 0.000 0.000 0.000 0.000 0.000 0.000 
# 3 0 50 7
-0.938 -0.482 -0.120 0.000 0.000 0.000 0.000 
-0.972 -0.553 -0.152 0.000 0.000 0.000 0.000 
-0.993 -0.625 -0.191 0.000 0.000 0.000 0.000 
-1.000 -0.697 -0.235 0.000 0.000 0.000 0.000 
-0.995 -0.765 -0.286 0.000 0.000 0.000 0.000 
-0.976 -0.829 -0.343 0.000 0.000 0.000 0.000 
-0.944 -0.886 -0.405 0.000 0.000 0.000 0.000 
-0.900 -0.933 -0.472 -0.116 0.000 0.000 0.000 
-0.846 -0.968 -0.543 -0.147 0.000 0.000 0.000 
-0.784 -0.991 -0.615 -0.185 0.000 0.000 0.000 
-0.717 -1.000 -0.686 -0.228 0.000 0.000 0.000 
-0.646 -0.996 -0.756 -0.278 0.000 0.000 0.000 
-0.573 -0.979 -0.820 -0.334 0.000 0.000 0.000 
-0.502 -0.949 -0.878 -0.396 0.000 0.000 0.000 
-0.433 -0.907 -0.926 -0.462 -0.112 0.000 0.000 
-0.369 -0.854 -0.964 -0.532 -0.143 0.000 0.000 
-0.310 -0.793 -0.988 -0.604 -0.179 0.000 0.000 
-0.256 -0.727 -0.999 -0.676 -0.222 0.000 0.000 
-0.209 -0.656 -0.998 -0.746 -0.271 0.000 0.000 
-0.168 -0.584 -0.983 -0.812 -0.326 0.000 0.000 
-0.133 -0.512 -0.954 -0.870 -0.387 0.000 0.000 
-0.104 -0.443 -0.914 -0.920 -0.453 -0.108 0.000 
0.000 -0.378 -0.862 -0.959 -0.522 -0.138 0.000 
0.000 -0.318 -0.803 -0.986 -0.594 -0.173 0.000 
0.000 -0.263 -0.736 -0.999 -0.666 -0.215 0.000 
0.000 -0.215 -0.666 -0.999 -0.736 -0.263 0.000 
0.000 -0.173 -0.594 -0.986 -0.803 -0.318 0.000 
0.000 -0.138 -0.522 -0.959 -0.862 -0.378 0.000 
0.000 -0.108 -0.453 -0.920 -0.914 -0.443 -0.104 
0.000 0.000 -0.387 -0.870 -0.954 -0.512 -0.133 
0.000 0.000 -0.326 -0.812 -0.983 -0.584 -0.168 
0.000 0.000 -0.271 -0.746 -0.998 -0.656 -0.209 
0.000 0.000 -0.222 -0.676 -0.999 -0.727 -0.256 
0.000 0.000 -0.179 -0.604 -0.988 -0.793 -0.310 
0.000 0.000 -0.143 -0.532 -0.964 -0.854 -0.369 
0.000 0.000 -0.112 -0.462 -0.926 -0.907 -0.433 
0.000 0.000 0.000 -0.396 -0.878 -0.949 -0.502 
0.000 0.000 0.000 -0.334 -0.820 -0.979 -0.573 
0.000 0.000 0.000 -0.278 -0.756 -0.996 -0.646 
0.000 0.000 0.000 -0.228 -0.686 -1.000 -0.717 
0.000 0.000 0.000 -0.185 -0.615 -0.991 -0.784 
0.000 0.000 0.000 -0.147 -0.543 -0.968 -0.846 
0.000 0.000 0.000 -0.116 -0.472 -0.933 -0.900 
0.000 0.000 0.000 0.000 -0.405 -0.886 -0.944 
0.000 0.000 0.000 0.000 -0.343 -0.829 -0.976 
0.000 0.000 0.000 0.000 -0.286 -0.765 -0.995 
0.000 0.000 0.000 0.000 -0.235 -0.697 -1.000 
0.000 0.000 0.000 0.000 -0.191 -0.625 -0.993 
0.000 0.000 0.000 0.000 -0.152 -0.553 -0.972 
0.000 0.000 0.000 0.000 -0.120 -0.482 -0.938 
# 3 1 4 7
-0.958 -0.876 -0.391 0.000 0.000 0.000 0.000 
-0.199 -0.641 -1.000 -0.767 -0.285 0.000 0.000 
0.000 0.000 -0.285 -0.767 -1.000 -0.641 -0.199 
0.000 0.000 0.000 0.000 -0.391 -0.876 -0.958 
# 3 2 42 7
-0.944 -0.490 -0.123 0.000 0.000 0.000 0.000 
-0.981 -0.574 -0.163 0.000 0.000 0.000 0.000 
-1.000 -0.661 -0.211 0.000 0.000 0.000 0.000 
-1.000 -0.744 -0.269 0.000 0.000 0.000 0.000 
-0.981 -0.822 -0.335 0.000 0.000 0.000 0.000 
-0.944 -0.890 -0.409 0.000 0.000 0.000 0.000 
-0.890 -0.944 -0.490 -0.123 0.000 0.000 0.000 
-0.822 -0.981 -0.574 -0.163 0.000 0.000 0.000 
-0.744 -1.000 -0.661 -0.211 0.000 0.000 0.000 
-0.661 -1.000 -0.744 -0.269 0.000 0.000 0.000 
-0.574 -0.981 -0.822 -0.335 0.000 0.000 0.000 
-0.490 -0.944 -0.890 -0.409 0.000 0.000 0.000 
-0.409 -0.890 -0.944 -0.490 -0.123 0.000 0.000 
-0.335 -0.822 -0.981 -0.574 -0.163 0.000 0.000 
-0.269 -0.744 -1.000 -0.661 -0.211 0.000 0.000 
-0.211 -0.661 -1.000 -0.744 -0.269 0.000 0.000 
-0.163 -0.574 -0.981 -0.822 -0.335 0.000 0.000 
-0.123 -0.490 -0.944 -0.890 -0.409 0.000 0.000 
0.000 -0.409 -0.890 -0.944 -0.490 -0.123 0.000 
0.000 -0.335 -0.822 -0.981 -0.574 -0.163 0.000 
0.000 -0.269 -0.744 -1.000 -0.661 -0.211 0.000 
0.000 -0.211 -0.661 -1.000 -0.744 -0.269 0.000 
0.000 -0.163 -0.574 -0.981 -0.822 -0.335 0.000 
0.000 -0.123 -0.490 -0.944 -0.890 -0.409 0.000 
0.000 0.000 -0.409 -0.890 -0.944 -0.490 -0.123 
0.000 0.000 -0.335 -0.822 -0.981 -0.574 -0.163 
0.000 0.000 -0.269 -0.744 -1.000 -0.661 -0.211 
0.000 0.000 -0.211 -0.661 -1.000 -0.744 -0.269 
0.000 0.000 -0.163 -0.574 -0.981 -0.822 -0.335 
0.000 0.000 -0.123 -0.490 -0.944 -0.890 -0.409 
0.000 0.000 0.000 -0.409 -0.890 -0.944 -0.490 
0.000 0.000 0.000 -0.335 -0.822 -0.981 -0.574 
0.000 0.000 0.000 -0.269 -0.744 -1.000 -0.661 
0.000 0.000 0.000 -0.211 -0.661 -1.000 -0.744 
0.000 0.000 0.000 -0.163 -0.574 -0.981 -0.822 
0.000 0.000 0.000 -0.123 -0.490 -0.944 -0.890 
0.000 0.000 0.000 0.000 -0.409 -0.890 -0.944 
0.000 0.000 0.000 0.000 -0.335 -0.822 -0.981 
0.000 0.000 0.000 0.000 -0.269 -0.744 -1.000 
0.000 0.000 0.000 0.000 -0.211 -0.661 -1.000 
0.000 0.000 0.000 0.000 -0.163 -0.574 -0.981 
0.000 0.000 0.000 0.000 -0.123 -0.490 -0.944 
# 3 4 7 7
-1.000 -0.702 -0.239 0.000 0.000 0.000 0.000 
-0.702 -1.000 -0.702 -0.239 0.000 0.000 0.000 
-0.239 -0.702 -1.000 -0.702 -0.239 0.000 0.000 
0.000 -0.239 -0.702 -1.000 -0.702 -0.239 0.000 
0.000 0.000 -0.239 -0.702 -1.000 -0.702 -0.239 
0.000 0.000 0.000 -0.239 -0.702 -1.000 -0.702 
0.000 0.000 0.000 0.000 -0.239 -0.702 -1.000 
# 4 0 50 7
-0.939 -0.484 -0.121 0.000 0.000 0.000 0.000 
-0.973 -0.555 -0.153 0.000 0.000 0.000 0.000 
-0.993 -0.627 -0.192 0.000 0.000 0.000 0.000 
-1.000 -0.698 -0.236 0.000 0.000 0.000 0.000 
-0.995 -0.767 -0.287 0.000 0.000 0.000 0.000 
-0.976 -0.831 -0.344 0.000 0.000 0.000 0.000 
-0.945 -0.887 -0.407 0.000 0.000 0.000 0.000 
-0.901 -0.933 -0.474 -0.117 0.000 0.000 0.000 
-0.847 -0.969 -0.544 -0.148 0.000 0.000 0.000 
-0.786 -0.991 -0.616 -0.186 0.000 0.000 0.000 
-0.718 -1.000 -0.688 -0.230 0.000 0.000 0.000 
-0.647 -0.997 -0.757 -0.280 0.000 0.000 0.000 
-0.575 -0.980 -0.822 -0.336 0.000 0.000 0.000 
-0.504 -0.950 -0.879 -0.398 0.000 0.000 0.000 
-0.435 -0.908 -0.927 -0.464 -0.113 0.000 0.000 
-0.371 -0.856 -0.964 -0.534 -0.144 0.000 0.000 
-0.311 -0.795 -0.989 -0.606 -0.180 0.000 0.000 
-0.258 -0.728 -1.000 -0.678 -0.223 0.000 0.000 
-0.210 -0.658 -0.998 -0.748 -0.272 0.000 0.000 
-0.169 -0.585 -0.983 -0.813 -0.328 0.000 0.000 
-0.134 -0.514 -0.955 -0.872 -0.389 0.000 0.000 
-0.105 -0.445 -0.915 -0.921 -0.454 -0.109 0.000 
0.000 -0.380 -0.864 -0.960 -0.524 -0.139 0.000 
0.000 -0.319 -0.804 -0.986 -0.596 -0.175 0.000 
0.000 -0.265 -0.738 -0.999 -0.668 -0.217 0.000 
0.000 -0.217 -0.668 -0.999 -0.738 -0.265 0.000 
0.000 -0.175 -0.596 -0.986 -0.804 -0.319 0.000 
0.000 -0.139 -0.524 -0.960 -0.864 -0.380 0.000 
0.000 -0.109 -0.454 -0.921 -0.915 -0.445 -0.105 
0.000 0.000 -0.389 -0.872 -0.955 -0.514 -0.134 
0.000 0.000 -0.328 -0.813 -0.983 -0.585 -0.169 
0.000 0.000 -0.272 -0.748 -0.998 -0.658 -0.210 
0.000 0.000 -0.223 -0.678 -1.000 -0.728 -0.258 
0.000 0.000 -0.180 -0.606 -0.989 -0.795 -0.311 
0.000 0.000 -0.144 -0.534 -0.964 -0.856 -0.371 
0.000 0.000 -0.113 -0.464 -0.927 -0.908 -0.435 
0.000 0.000 0.000 -0.398 -0.879 -0.950 -0.504 
0.000 0.000 0.000 -0.336 -0.822 -0.980 -0.575 
0.000 0.000 0.000 -0.280 -0.757 -0.997 -0.647 
0.000 0.000 0.000 -0.230 -0.688 -1.000 -0.718 
0.000 0.000 0.000 -0.186 -0.616 -0.991 -0.786 
0.000 0.000 0.000 -0.148 -0.544 -0.969 -0.847 
0.000 0.000 0.000 -0.117 -0.474 -0.933 -0.901 
0.000 0.000 0.000 0.000 -0.407 -0.887 -0.945 
0.000 0.000 0.000 0.000 -0.344 -0.831 -0.976 
0.000 0.000 0.000 0.000 -0.287 -0.767 -0.995 
0.000 0.000 0.000 0.000 -0.236 -0.698 -1.000 
0.000 0.000 0.000 0.000 -0.192 -0.627 -0.993 
0.000 0.000 0.000 0.000 -0.153 -0.555 -0.973 
0.000 0.000 0.000 0.000 -0.121 -0.484 -0.939 
# 4 1 4 7
-0.958 -0.877 -0.393 0.000 0.000 0.000 0.000 
-0.200 -0.642 -1.000 -0.768 -0.287 0.000 0.000 
0.000 0.000 -0.287 -0.768 -1.000 -0.642 -0.200 
0.000 0.000 0.000 0.000 -0.393 -0.877 -0.958 
# 4 2 42 7
-0.945 -0.491 -0.124 0.000 0.000 0.000 0.000 
-0.982 -0.576 -0.164 0.000 0.000 0.000 0.000 
-1.000 -0.662 -0.213 0.000 0.000 0.000 0.000 
-1.000 -0.746 -0.270 0.000 0.000 0.000 0.000 
-0.982 -0.823 -0.337 0.000 0.000 0.000 0.000 
-0.945 -0.891 -0.411 0.000 0.000 0.000 0.000 
-0.891 -0.945 -0.491 -0.124 0.000 0.000 0.000 
-0.823 -0.982 -0.576 -0.164 0.000 0.000 0.000 
-0.746 -1.000 -0.662 -0.213 0.000 0.000 0.000 
-0.662 -1.000 -0.746 -0.270 0.000 0.000 0.000 
-0.576 -0.982 -0.823 -0.337 0.000 0.000 0.000 
-0.491 -0.945 -0.891 -0.411 0.000 0.000 0.000 
-0.411 -0.891 -0.945 -0.491 -0.124 0.000 0.000 
-0.337 -0.823 -0.982 -0.576 -0.164 0.000 0.000 
-0.270 -0.746 -1.000 -0.662 -0.213 0.000 0.000 
-0.213 -0.662 -1.000 -0.746 -0.270 0.000 0.000 
-0.164 -0.576 -0.982 -0.823 -0.337 0.000 0.000 
-0.124 -0.491 -0.945 -0.891 -0.411 0.000 0.000 
0.000 -0.411 -0.891 -0.945 -0.491 -0.124 0.000 
0.000 -0.337 -0.823 -0.982 -0.576 -0.164 0.000 
0.000 -0.270 -0.746 -1.000 -0.662 -0.213 0.000 
0.000 -0.213 -0.662 -1.000 -0.746 -0.270 0.000 
0.000 -0.164 -0.576 -0.982 -0.823 -0.337 0.000 
0.000 -0.124 -0.491 -0.945 -0.891 -0.411 0.000 
0.000 0.000 -0.411 -0.891 -0.945 -0.491 -0.124 
0.000 0.000 -0.337 -0.823 -0.982 -0.576 -0.164 
0.000 0.000 -0.270 -0.746 -1.000 -0.662 -0.213 
0.000 0.000 -0.213 -0.662 -1.000 -0.746 -0.270 
0.000 0.000 -0.164 -0.576 -0.982 -0.823 -0.337 
0.000 0.000 -0.124 -0.491 -0.945 -0.891 -0.411 
0.000 0.000 0.000 -0.411 -0.891 -0.945 -0.491 
0.000 0.000 0.000 -0.337 -0.823 -0.982 -0.576 
0.000 0.000 0.000 -0.270 -0.746 -1.000 -0.662 
0.000 0.000 0.000 -0.213 -0.662 -1.000 -0.746 
0.000 0.000 0.000 -0.164 -0.576 -0.982 -0.823 
0.000 0.000 0.000 -0.124 -0.491 -0.945 -0.891 
0.000 0.000 0.000 0.000 -0.411 -0.891 -0.945 
0.000 0.000 0.000 0.000 -0.337 -0.823 -0.982 
0.000 0.000 0.000 0.000 -0.270 -0.746 -1.000 
0.000 0.000 0.000 0.000 -0.213 -0.662 -1.000 
0.000 0.000 0.000 0.000 -0.164 -0.576 -0.982 
0.000 0.000 0.000 0.000 -0.124 -0.491 -0.945 
# 4 3 7 7
-1.000 -0.703 -0.240 0.000 0.000 0.000 0.000 
-0.703 -1.000 -0.703 -0.240 0.000 0.000 0.000 
-0.240 -0.703 -1.000 -0.703 -0.240 0.000 0.000 
0.000 -0.240 -0.703 -1.000 -0.703 -0.240 0.000 
0.000 0.000 -0.240 -0.703 -1.000 -0.703 -0.240 
0.000 0.000 0.000 -0.240 -0.703 -1.000 -0.703 
0.000 0.000 0.000 0.000 -0.240 -0.703 -1.000 
