3.654026
4
# 0 1 23 50
0.000 0.000 0.000 0.000 0.000 0.104 0.169 0.258 0.372 0.507 0.652 0.792 0.907 0.980 0.999 0.962 0.874 0.749 0.606 0.463 0.333 0.227 0.145 0.000 0.000 0.000 0.000 0.000 0.000 0.000 0.000 0.000 0.000 0.000 0.000 0.000 0.000 0.000 0.000 0.000 0.000 0.000 0.000 0.000 0.000 0.000 0.000 0.000 0.000 0.000 
0.000 0.000 0.000 0.000 0.000 0.000 0.000 0.000 0.156 0.241 0.351 0.483 0.627 0.769 0.889 0.971 1.000 0.972 0.892 0.772 0.631 0.487 0.354 0.243 0.158 0.000 0.000 0.000 0.000 0.000 0.000 0.000 0.000 0.000 0.000 0.000 0.000 0.000 0.000 0.000 0.000 0.000 0.000 0.000 0.000 0.000 0.000 0.000 0.000 0.000 
0.135 0.000 0.000 0.000 0.000 0.000 0.000 0.000 0.000 0.000 0.144 0.224 0.330 0.459 0.602 0.745 0.871 0.960 0.999 0.981 0.909 0.795 0.657 0.511 0.376 0.261 0.171 0.106 0.000 0.000 0.000 0.000 0.000 0.000 0.000 0.000 0.000 0.000 0.000 0.000 0.000 0.000 0.000 0.000 0.000 0.000 0.000 0.000 0.000 0.000 
0.335 0.228 0.146 0.000 0.000 0.000 0.000 0.000 0.000 0.000 0.000 0.000 0.132 0.208 0.310 0.435 0.576 0.721 0.851 0.948 0.996 0.988 0.925 0.817 0.682 0.536 0.398 0.279 0.185 0.115 0.000 0.000 0.000 0.000 0.000 0.000 0.000 0.000 0.000 0.000 0.000 0.000 0.000 0.000 0.000 0.000 0.000 0.000 0.000 0.000 
0.633 0.489 0.356 0.245 0.159 0.000 0.000 0.000 0.000 0.000 0.000 0.000 0.000 0.000 0.121 0.193 0.290 0.412 0.551 0.696 0.830 0.934 0.992 0.994 0.940 0.839 0.706 0.562 0.421 0.298 0.199 0.126 0.000 0.000 0.000 0.000 0.000 0.000 0.000 0.000 0.000 0.000 0.000 0.000 0.000 0.000 0.000 0.000 0.000 0.000 
0.911 0.797 0.659 0.514 0.378 0.262 0.172 0.106 0.000 0.000 0.000 0.000 0.000 0.000 0.000 0.000 0.111 0.179 0.272 0.389 0.526 0.671 0.808 0.919 0.986 0.998 0.953 0.859 0.731 0.587 0.445 0.318 0.215 0.137 0.000 0.000 0.000 0.000 0.000 0.000 0.000 0.000 0.000 0.000 0.000 0.000 0.000 0.000 0.000 0.000 
0.996 0.989 0.927 0.819 0.684 0.539 0.400 0.281 0.186 0.116 0.000 0.000 0.000 0.000 0.000 0.000 0.000 0.000 0.102 0.165 0.254 0.367 0.501 0.646 0.786 0.902 0.978 1.000 0.965 0.878 0.755 0.612 0.469 0.338 0.231 0.148 0.000 0.000 0.000 0.000 0.000 0.000 0.000 0.000 0.000 0.000 0.000 0.000 0.000 0.000 
0.828 0.933 0.991 0.994 0.941 0.841 0.709 0.564 0.423 0.300 0.201 0.127 0.000 0.000 0.000 0.000 0.000 0.000 0.000 0.000 0.000 0.153 0.236 0.346 0.477 0.621 0.763 0.885 0.968 1.000 0.975 0.896 0.778 0.638 0.493 0.360 0.248 0.161 0.000 0.000 0.000 0.000 0.000 0.000 0.000 0.000 0.000 0.000 0.000 0.000 
0.524 0.669 0.807 0.917 0.985 0.998 0.954 0.861 0.733 0.589 0.447 0.320 0.216 0.138 0.000 0.000 0.000 0.000 0.000 0.000 0.000 0.000 0.000 0.141 0.220 0.325 0.453 0.595 0.739 0.866 0.957 0.998 0.983 0.913 0.801 0.663 0.518 0.382 0.265 0.174 0.108 0.000 0.000 0.000 0.000 0.000 0.000 0.000 0.000 0.000 
0.252 0.365 0.499 0.644 0.784 0.901 0.977 1.000 0.966 0.880 0.757 0.614 0.471 0.340 0.232 0.150 0.000 0.000 0.000 0.000 0.000 0.000 0.000 0.000 0.000 0.129 0.204 0.305 0.429 0.570 0.715 0.846 0.944 0.995 0.990 0.929 0.823 0.688 0.543 0.404 0.284 0.188 0.118 0.000 0.000 0.000 0.000 0.000 0.000 0.000 
0.000 0.151 0.235 0.344 0.475 0.619 0.761 0.883 0.967 1.000 0.975 0.898 0.780 0.640 0.495 0.362 0.249 0.162 0.000 0.000 0.000 0.000 0.000 0.000 0.000 0.000 0.000 0.119 0.189 0.286 0.406 0.545 0.690 0.825 0.930 0.990 0.995 0.943 0.844 0.713 0.568 0.427 0.303 0.203 0.128 0.000 0.000 0.000 0.000 0.000 
0.000 0.000 0.000 0.140 0.219 0.323 0.451 0.593 0.737 0.864 0.956 0.998 0.984 0.915 0.803 0.665 0.520 0.383 0.267 0.175 0.109 0.000 0.000 0.000 0.000 0.000 0.000 0.000 0.000 0.109 0.175 0.267 0.383 0.520 0.665 0.803 0.915 0.984 0.998 0.956 0.864 0.737 0.593 0.451 0.323 0.219 0.140 0.000 0.000 0.000 
0.000 0.000 0.000 0.000 0.000 0.128 0.203 0.303 0.427 0.568 0.713 0.844 0.943 0.995 0.990 0.930 0.825 0.690 0.545 0.406 0.286 0.189 0.119 0.000 0.000 0.000 0.000 0.000 0.000 0.000 0.000 0.000 0.162 0.249 0.362 0.495 0.640 0.780 0.898 0.975 1.000 0.967 0.883 0.761 0.619 0.475 0.344 0.235 0.151 0.000 
0.000 0.000 0.000 0.000 0.000 0.000 0.000 0.118 0.188 0.284 0.404 0.543 0.688 0.823 0.929 0.990 0.995 0.944 0.846 0.715 0.570 0.429 0.305 0.204 0.129 0.000 0.000 0.000 0.000 0.000 0.000 0.000 0.000 0.000 0.150 0.232 0.340 0.471 0.614 0.757 0.880 0.966 1.000 0.977 0.901 0.784 0.644 0.499 0.365 0.252 
0.000 0.000 0.000 0.000 0.000 0.000 0.000 0.000 0.000 0.108 0.174 0.265 0.382 0.518 0.663 0.801 0.913 0.983 0.998 0.957 0.866 0.739 0.595 0.453 0.325 0.220 0.141 0.000 0.000 0.000 0.000 0.000 0.000 0.000 0.000 0.000 0.138 0.216 0.320 0.447 0.589 0.733 0.861 0.954 0.998 0.985 0.917 0.807 0.669 0.524 
0.000 0.000 0.000 0.000 0.000 0.000 0.000 0.000 0.000 0.000 0.000 0.000 0.161 0.248 0.360 0.493 0.638 0.778 0.896 0.975 1.000 0.968 0.885 0.763 0.621 0.477 0.346 0.236 0.153 0.000 0.000 0.000 0.000 0.000 0.000 0.000 0.000 0.000 0.127 0.201 0.300 0.423 0.564 0.709 0.841 0.941 0.994 0.991 0.933 0.828 
0.000 0.000 0.000 0.000 0.000 0.000 0.000 0.000 0.000 0.000 0.000 0.000 0.000 0.000 0.148 0.231 0.338 0.469 0.612 0.755 0.878 0.965 1.000 0.978 0.902 0.786 0.646 0.501 0.367 0.254 0.165 0.102 0.000 0.000 0.000 0.000 0.000 0.000 0.000 0.000 0.116 0.186 0.281 0.400 0.539 0.684 0.819 0.927 0.989 0.996 
0.000 0.000 0.000 0.000 0.000 0.000 0.000 0.000 0.000 0.000 0.000 0.000 0.000 0.000 0.000 0.000 0.137 0.215 0.318 0.445 0.587 0.731 0.859 0.953 0.998 0.986 0.919 0.808 0.671 0.526 0.389 0.272 0.179 0.111 0.000 0.000 0.000 0.000 0.000 0.000 0.000 0.000 0.106 0.172 0.262 0.378 0.514 0.659 0.797 0.911 
0.000 0.000 0.000 0.000 0.000 0.000 0.000 0.000 0.000 0.000 0.000 0.000 0.000 0.000 0.000 0.000 0.000 0.000 0.126 0.199 0.298 0.421 0.562 0.706 0.839 0.940 0.994 0.992 0.934 0.830 0.696 0.551 0.412 0.290 0.193 0.121 0.000 0.000 0.000 0.000 0.000 0.000 0.000 0.000 0.000 0.159 0.245 0.356 0.489 0.633 
0.000 0.000 0.000 0.000 0.000 0.000 0.000 0.000 0.000 0.000 0.000 0.000 0.000 0.000 0.000 0.000 0.000 0.000 0.000 0.000 0.115 0.185 0.279 0.398 0.536 0.682 0.817 0.925 0.988 0.996 0.948 0.851 0.721 0.576 0.435 0.310 0.208 0.132 0.000 0.000 0.000 0.000 0.000 0.000 0.000 0.000 0.000 0.146 0.228 0.335 
0.000 0.000 0.000 0.000 0.000 0.000 0.000 0.000 0.000 0.000 0.000 0.000 0.000 0.000 0.000 0.000 0.000 0.000 0.000 0.000 0.000 0.000 0.106 0.171 0.261 0.376 0.511 0.657 0.795 0.909 0.981 0.999 0.960 0.871 0.745 0.602 0.459 0.330 0.224 0.144 0.000 0.000 0.000 0.000 0.000 0.000 0.000 0.000 0.000 0.135 
0.000 0.000 0.000 0.000 0.000 0.000 0.000 0.000 0.000 0.000 0.000 0.000 0.000 0.000 0.000 0.000 0.000 0.000 0.000 0.000 0.000 0.000 0.000 0.000 0.000 0.158 0.243 0.354 0.487 0.631 0.772 0.892 0.972 1.000 0.971 0.889 0.769 0.627 0.483 0.351 0.241 0.156 0.000 0.000 0.000 0.000 0.000 0.000 0.000 0.000 
0.000 0.000 0.000 0.000 0.000 0.000 0.000 0.000 0.000 0.000 0.000 0.000 0.000 0.000 0.000 0.000 0.000 0.000 0.000 0.000 0.000 0.000 0.000 0.000 0.000 0.000 0.000 0.145 0.227 0.333 0.463 0.606 0.749 0.874 0.962 0.999 0.980 0.907 0.792 0.652 0.507 0.372 0.258 0.169 0.104 0.000 0.000 0.000 0.000 0.000 
# 0 2 7 50
0.000 0.000 0.000 0.000 0.000 0.000 0.000 0.000 0.134 0.212 0.314 0.440 0.582 0.726 0.855 0.951 0.997 0.987 0.922 0.813 0.676 0.531 0.394 0.275 0.182 0.113 0.000 0.000 0.000 0.000 0.000 0.000 0.000 0.000 0.000 0.000 0.000 0.000 0.000 0.000 0.000 0.000 0.000 0.000 0.000 0.000 0.000 0.000 0.000 0.000 
0.766 0.624 0.480 0.348 0.238 0.154 0.000 0.000 0.000 0.000 0.000 0.000 0.000 0.000 0.000 0.125 0.199 0.298 0.421 0.561 0.706 0.839 0.940 0.994 0.992 0.935 0.831 0.697 0.552 0.412 0.291 0.193 0.121 0.000 0.000 0.000 0.000 0.000 0.000 0.000 0.000 0.000 0.000 0.000 0.000 0.000 0.000 0.000 0.000 0.000 
0.614 0.757 0.880 0.966 1.000 0.977 0.901 0.785 0.645 0.500 0.366 0.252 0.164 0.101 0.000 0.000 0.000 0.000 0.000 0.000 0.000 0.000 0.117 0.187 0.282 0.402 0.541 0.686 0.821 0.928 0.990 0.996 0.946 0.848 0.717 0.573 0.431 0.307 0.206 0.130 0.000 0.000 0.000 0.000 0.000 0.000 0.000 0.000 0.000 0.000 
0.000 0.000 0.000 0.140 0.219 0.323 0.451 0.593 0.737 0.864 0.956 0.999 0.984 0.915 0.803 0.665 0.520 0.384 0.267 0.175 0.109 0.000 0.000 0.000 0.000 0.000 0.000 0.000 0.000 0.109 0.175 0.267 0.384 0.520 0.665 0.803 0.915 0.984 0.999 0.956 0.864 0.737 0.593 0.451 0.323 0.219 0.140 0.000 0.000 0.000 
0.000 0.000 0.000 0.000 0.000 0.000 0.000 0.000 0.000 0.000 0.130 0.206 0.307 0.431 0.573 0.717 0.848 0.946 0.996 0.990 0.928 0.821 0.686 0.541 0.402 0.282 0.187 0.117 0.000 0.000 0.000 0.000 0.000 0.000 0.000 0.000 0.101 0.164 0.252 0.366 0.500 0.645 0.785 0.901 0.977 1.000 0.966 0.880 0.757 0.614 
0.000 0.000 0.000 0.000 0.000 0.000 0.000 0.000 0.000 0.000 0.000 0.000 0.000 0.000 0.000 0.000 0.000 0.121 0.193 0.291 0.412 0.552 0.697 0.831 0.935 0.992 0.994 0.940 0.839 0.706 0.561 0.421 0.298 0.199 0.125 0.000 0.000 0.000 0.000 0.000 0.000 0.000 0.000 0.000 0.154 0.238 0.348 0.480 0.624 0.766 
0.000 0.000 0.000 0.000 0.000 0.000 0.000 0.000 0.000 0.000 0.000 0.000 0.000 0.000 0.000 0.000 0.000 0.000 0.000 0.000 0.000 0.000 0.000 0.000 0.113 0.182 0.275 0.394 0.531 0.676 0.813 0.922 0.987 0.997 0.951 0.855 0.726 0.582 0.440 0.314 0.212 0.134 0.000 0.000 0.000 0.000 0.000 0.000 0.000 0.000 
# 0 3 9 50
0.000 0.000 0.000 0.000 0.000 0.000 0.000 0.122 0.194 0.291 0.412 0.552 0.697 0.831 0.935 0.992 0.994 0.940 0.838 0.706 0.561 0.421 0.298 0.199 0.125 0.000 0.000 0.000 0.000 0.000 0.000 0.000 0.000 0.000 0.000 0.000 0.000 0.000 0.000 0.000 0.000 0.000 0.000 0.000 0.000 0.000 0.000 0.000 0.000 0.000 
0.427 0.303 0.203 0.128 0.000 0.000 0.000 0.000 0.000 0.000 0.000 0.000 0.000 0.151 0.234 0.342 0.473 0.617 0.759 0.882 0.967 1.000 0.976 0.900 0.782 0.642 0.497 0.363 0.251 0.163 0.100 0.000 0.000 0.000 0.000 0.000 0.000 0.000 0.000 0.000 0.000 0.000 0.000 0.000 0.000 0.000 0.000 0.000 0.000 0.000 
1.000 0.979 0.904 0.789 0.649 0.504 0.369 0.256 0.167 0.103 0.000 0.000 0.000 0.000 0.000 0.000 0.000 0.000 0.115 0.184 0.279 0.398 0.536 0.681 0.817 0.925 0.988 0.997 0.948 0.851 0.722 0.577 0.436 0.310 0.209 0.132 0.000 0.000 0.000 0.000 0.000 0.000 0.000 0.000 0.000 0.000 0.000 0.000 0.000 0.000 
0.391 0.529 0.674 0.811 0.921 0.986 0.997 0.952 0.857 0.728 0.584 0.442 0.316 0.213 0.135 0.000 0.000 0.000 0.000 0.000 0.000 0.000 0.000 0.000 0.143 0.223 0.329 0.457 0.600 0.744 0.870 0.960 0.999 0.982 0.910 0.797 0.658 0.513 0.377 0.262 0.172 0.106 0.000 0.000 0.000 0.000 0.000 0.000 0.000 0.000 
0.000 0.000 0.000 0.140 0.219 0.323 0.451 0.593 0.737 0.864 0.956 0.998 0.984 0.915 0.803 0.665 0.520 0.384 0.267 0.175 0.109 0.000 0.000 0.000 0.000 0.000 0.000 0.000 0.000 0.109 0.175 0.267 0.384 0.520 0.665 0.803 0.915 0.984 0.998 0.956 0.864 0.737 0.593 0.451 0.323 0.219 0.140 0.000 0.000 0.000 
0.000 0.000 0.000 0.000 0.000 0.000 0.000 0.000 0.106 0.172 0.262 0.377 0.513 0.658 0.797 0.910 0.982 0.999 0.960 0.870 0.744 0.600 0.457 0.329 0.223 0.143 0.000 0.000 0.000 0.000 0.000 0.000 0.000 0.000 0.000 0.135 0.213 0.316 0.442 0.584 0.728 0.857 0.952 0.997 0.986 0.921 0.811 0.674 0.529 0.391 
0.000 0.000 0.000 0.000 0.000 0.000 0.000 0.000 0.000 0.000 0.000 0.000 0.000 0.000 0.132 0.209 0.310 0.436 0.577 0.722 0.851 0.948 0.997 0.988 0.925 0.817 0.681 0.536 0.398 0.279 0.184 0.115 0.000 0.000 0.000 0.000 0.000 0.000 0.000 0.000 0.103 0.167 0.256 0.369 0.504 0.649 0.789 0.904 0.979 1.000 
0.000 0.000 0.000 0.000 0.000 0.000 0.000 0.000 0.000 0.000 0.000 0.000 0.000 0.000 0.000 0.000 0.000 0.000 0.000 0.100 0.163 0.251 0.363 0.497 0.642 0.782 0.900 0.976 1.000 0.967 0.882 0.759 0.617 0.473 0.342 0.234 0.151 0.000 0.000 0.000 0.000 0.000 0.000 0.000 0.000 0.000 0.128 0.203 0.303 0.427 
0.000 0.000 0.000 0.000 0.000 0.000 0.000 0.000 0.000 0.000 0.000 0.000 0.000 0.000 0.000 0.000 0.000 0.000 0.000 0.000 0.000 0.000 0.000 0.000 0.000 0.125 0.199 0.298 0.421 0.561 0.706 0.838 0.940 0.994 0.992 0.935 0.831 0.697 0.552 0.412 0.291 0.194 0.122 0.000 0.000 0.000 0.000 0.000 0.000 0.000 
# 1 0 50 23
-0.919 -0.982 -0.730 -0.377 -0.136 0.000 0.000 0.000 0.000 0.000 0.000 0.000 0.000 0.000 0.000 0.000 0.000 0.000 0.000 0.000 0.000 0.000 0.000 
-0.900 -0.996 -0.875 -0.535 -0.227 0.000 0.000 0.000 0.000 0.000 0.000 0.000 0.000 0.000 0.000 0.000 0.000 0.000 0.000 0.000 0.000 0.000 0.000 
-0.983 -0.936 -0.972 -0.702 -0.352 -0.123 0.000 0.000 0.000 0.000 0.000 0.000 0.000 0.000 0.000 0.000 0.000 0.000 0.000 0.000 0.000 0.000 0.000 
-0.996 -0.879 -0.999 -0.853 -0.506 -0.209 0.000 0.000 0.000 0.000 0.000 0.000 0.000 0.000 0.000 0.000 0.000 0.000 0.000 0.000 0.000 0.000 0.000 
-0.933 -0.974 -0.952 -0.960 -0.673 -0.328 -0.111 0.000 0.000 0.000 0.000 0.000 0.000 0.000 0.000 0.000 0.000 0.000 0.000 0.000 0.000 0.000 0.000 
-0.810 -0.999 -0.857 -1.000 -0.829 -0.478 -0.192 0.000 0.000 0.000 0.000 0.000 0.000 0.000 0.000 0.000 0.000 0.000 0.000 0.000 0.000 0.000 0.000 
-0.651 -0.949 -0.962 -0.965 -0.945 -0.644 -0.305 -0.101 0.000 0.000 0.000 0.000 0.000 0.000 0.000 0.000 0.000 0.000 0.000 0.000 0.000 0.000 0.000 
-0.485 -0.835 -1.000 -0.862 -0.998 -0.804 -0.450 -0.175 0.000 0.000 0.000 0.000 0.000 0.000 0.000 0.000 0.000 0.000 0.000 0.000 0.000 0.000 0.000 
-0.334 -0.680 -0.963 -0.948 -0.976 -0.929 -0.615 -0.283 0.000 0.000 0.000 0.000 0.000 0.000 0.000 0.000 0.000 0.000 0.000 0.000 0.000 0.000 0.000 
-0.213 -0.513 -0.858 -0.999 -0.884 -0.994 -0.778 -0.423 -0.160 0.000 0.000 0.000 0.000 0.000 0.000 0.000 0.000 0.000 0.000 0.000 0.000 0.000 0.000 
-0.126 -0.358 -0.709 -0.975 -0.932 -0.986 -0.911 -0.585 -0.262 0.000 0.000 0.000 0.000 0.000 0.000 0.000 0.000 0.000 0.000 0.000 0.000 0.000 0.000 
0.000 -0.232 -0.542 -0.881 -0.995 -0.905 -0.988 -0.751 -0.397 -0.146 0.000 0.000 0.000 0.000 0.000 0.000 0.000 0.000 0.000 0.000 0.000 0.000 0.000 
0.000 -0.139 -0.384 -0.737 -0.984 -0.914 -0.993 -0.891 -0.556 -0.242 0.000 0.000 0.000 0.000 0.000 0.000 0.000 0.000 0.000 0.000 0.000 0.000 0.000 
0.000 0.000 -0.252 -0.571 -0.901 -0.989 -0.923 -0.980 -0.723 -0.371 -0.132 0.000 0.000 0.000 0.000 0.000 0.000 0.000 0.000 0.000 0.000 0.000 0.000 
0.000 0.000 -0.153 -0.410 -0.764 -0.991 -0.895 -0.997 -0.870 -0.527 -0.222 0.000 0.000 0.000 0.000 0.000 0.000 0.000 0.000 0.000 0.000 0.000 0.000 
0.000 0.000 0.000 -0.272 -0.600 -0.920 -0.981 -0.940 -0.969 -0.694 -0.346 -0.120 0.000 0.000 0.000 0.000 0.000 0.000 0.000 0.000 0.000 0.000 0.000 
0.000 0.000 0.000 -0.167 -0.436 -0.791 -0.997 -0.874 -1.000 -0.847 -0.499 -0.204 0.000 0.000 0.000 0.000 0.000 0.000 0.000 0.000 0.000 0.000 0.000 
0.000 0.000 0.000 0.000 -0.294 -0.629 -0.937 -0.971 -0.955 -0.956 -0.666 -0.322 -0.109 0.000 0.000 0.000 0.000 0.000 0.000 0.000 0.000 0.000 0.000 
0.000 0.000 0.000 0.000 -0.183 -0.464 -0.816 -0.999 -0.851 -1.000 -0.823 -0.471 -0.187 0.000 0.000 0.000 0.000 0.000 0.000 0.000 0.000 0.000 0.000 
0.000 0.000 0.000 0.000 -0.106 -0.317 -0.658 -0.953 -0.959 -0.968 -0.941 -0.637 -0.299 0.000 0.000 0.000 0.000 0.000 0.000 0.000 0.000 0.000 0.000 
0.000 0.000 0.000 0.000 0.000 -0.200 -0.492 -0.841 -1.000 -0.868 -0.998 -0.797 -0.443 -0.171 0.000 0.000 0.000 0.000 0.000 0.000 0.000 0.000 0.000 
0.000 0.000 0.000 0.000 0.000 -0.117 -0.340 -0.687 -0.966 -0.944 -0.979 -0.925 -0.607 -0.278 0.000 0.000 0.000 0.000 0.000 0.000 0.000 0.000 0.000 
0.000 0.000 0.000 0.000 0.000 0.000 -0.218 -0.520 -0.864 -0.998 -0.890 -0.993 -0.771 -0.416 -0.156 0.000 0.000 0.000 0.000 0.000 0.000 0.000 0.000 
0.000 0.000 0.000 0.000 0.000 0.000 -0.129 -0.365 -0.716 -0.977 -0.928 -0.988 -0.906 -0.578 -0.257 0.000 0.000 0.000 0.000 0.000 0.000 0.000 0.000 
0.000 0.000 0.000 0.000 0.000 0.000 0.000 -0.237 -0.549 -0.886 -0.994 -0.909 -0.986 -0.744 -0.390 -0.142 0.000 0.000 0.000 0.000 0.000 0.000 0.000 
0.000 0.000 0.000 0.000 0.000 0.000 0.000 -0.142 -0.390 -0.744 -0.986 -0.909 -0.994 -0.886 -0.549 -0.237 0.000 0.000 0.000 0.000 0.000 0.000 0.000 
0.000 0.000 0.000 0.000 0.000 0.000 0.000 0.000 -0.257 -0.578 -0.906 -0.988 -0.928 -0.977 -0.716 -0.365 -0.129 0.000 0.000 0.000 0.000 0.000 0.000 
0.000 0.000 0.000 0.000 0.000 0.000 0.000 0.000 -0.156 -0.416 -0.771 -0.993 -0.890 -0.998 -0.864 -0.520 -0.218 0.000 0.000 0.000 0.000 0.000 0.000 
0.000 0.000 0.000 0.000 0.000 0.000 0.000 0.000 0.000 -0.278 -0.607 -0.925 -0.979 -0.944 -0.966 -0.687 -0.340 -0.117 0.000 0.000 0.000 0.000 0.000 
0.000 0.000 0.000 0.000 0.000 0.000 0.000 0.000 0.000 -0.171 -0.443 -0.797 -0.998 -0.868 -1.000 -0.841 -0.492 -0.200 0.000 0.000 0.000 0.000 0.000 
0.000 0.000 0.000 0.000 0.000 0.000 0.000 0.000 0.000 0.000 -0.299 -0.637 -0.941 -0.968 -0.959 -0.953 -0.658 -0.317 -0.106 0.000 0.000 0.000 0.000 
0.000 0.000 0.000 0.000 0.000 0.000 0.000 0.000 0.000 0.000 -0.187 -0.471 -0.823 -1.000 -0.851 -0.999 -0.816 -0.464 -0.183 0.000 0.000 0.000 0.000 
0.000 0.000 0.000 0.000 0.000 0.000 0.000 0.000 0.000 0.000 -0.109 -0.322 -0.666 -0.956 -0.955 -0.971 -0.937 -0.629 -0.294 0.000 0.000 0.000 0.000 
0.000 0.000 0.000 0.000 0.000 0.000 0.000 0.000 0.000 0.000 0.000 -0.204 -0.499 -0.847 -1.000 -0.874 -0.997 -0.791 -0.436 -0.167 0.000 0.000 0.000 
0.000 0.000 0.000 0.000 0.000 0.000 0.000 0.000 0.000 0.000 0.000 -0.120 -0.346 -0.694 -0.969 -0.940 -0.981 -0.920 -0.600 -0.272 0.000 0.000 0.000 
0.000 0.000 0.000 0.000 0.000 0.000 0.000 0.000 0.000 0.000 0.000 0.000 -0.222 -0.527 -0.870 -0.997 -0.895 -0.991 -0.764 -0.410 -0.153 0.000 0.000 
0.000 0.000 0.000 0.000 0.000 0.000 0.000 0.000 0.000 0.000 0.000 0.000 -0.132 -0.371 -0.723 -0.980 -0.923 -0.989 -0.901 -0.571 -0.252 0.000 0.000 
0.000 0.000 0.000 0.000 0.000 0.000 0.000 0.000 0.000 0.000 0.000 0.000 0.000 -0.242 -0.556 -0.891 -0.993 -0.914 -0.984 -0.737 -0.384 -0.139 0.000 
0.000 0.000 0.000 0.000 0.000 0.000 0.000 0.000 0.000 0.000 0.000 0.000 0.000 -0.146 -0.397 -0.751 -0.988 -0.905 -0.995 -0.881 -0.542 -0.232 0.000 
0.000 0.000 0.000 0.000 0.000 0.000 0.000 0.000 0.000 0.000 0.000 0.000 0.000 0.000 -0.262 -0.585 -0.911 -0.986 -0.932 -0.975 -0.709 -0.358 -0.126 
0.000 0.000 0.000 0.000 0.000 0.000 0.000 0.000 0.000 0.000 0.000 0.000 0.000 0.000 -0.160 -0.423 -0.778 -0.994 -0.884 -0.999 -0.858 -0.513 -0.213 
0.000 0.000 0.000 0.000 0.000 0.000 0.000 0.000 0.000 0.000 0.000 0.000 0.000 0.000 0.000 -0.283 -0.615 -0.929 -0.976 -0.948 -0.963 -0.680 -0.334 
0.000 0.000 0.000 0.000 0.000 0.000 0.000 0.000 0.000 0.000 0.000 0.000 0.000 0.000 0.000 -0.175 -0.450 -0.804 -0.998 -0.862 -1.000 -0.835 -0.485 
0.000 0.000 0.000 0.000 0.000 0.000 0.000 0.000 0.000 0.000 0.000 0.000 0.000 0.000 0.000 -0.101 -0.305 -0.644 -0.945 -0.965 -0.962 -0.949 -0.651 
0.000 0.000 0.000 0.000 0.000 0.000 0.000 0.000 0.000 0.000 0.000 0.000 0.000 0.000 0.000 0.000 -0.192 -0.478 -0.829 -1.000 -0.857 -0.999 -0.810 
0.000 0.000 0.000 0.000 0.000 0.000 0.000 0.000 0.000 0.000 0.000 0.000 0.000 0.000 0.000 0.000 -0.111 -0.328 -0.673 -0.960 -0.952 -0.974 -0.933 
0.000 0.000 0.000 0.000 0.000 0.000 0.000 0.000 0.000 0.000 0.000 0.000 0.000 0.000 0.000 0.000 0.000 -0.209 -0.506 -0.853 -0.999 -0.879 -0.996 
0.000 0.000 0.000 0.000 0.000 0.000 0.000 0.000 0.000 0.000 0.000 0.000 0.000 0.000 0.000 0.000 0.000 -0.123 -0.352 -0.702 -0.972 -0.936 -0.983 
0.000 0.000 0.000 0.000 0.000 0.000 0.000 0.000 0.000 0.000 0.000 0.000 0.000 0.000 0.000 0.000 0.000 0.000 -0.227 -0.535 -0.875 -0.996 -0.900 
0.000 0.000 0.000 0.000 0.000 0.000 0.000 0.000 0.000 0.000 0.000 0.000 0.000 0.000 0.000 0.000 0.000 0.000 -0.136 -0.377 -0.730 -0.982 -0.919 
# 1 2 7 23
-0.994 -0.888 -0.999 -0.862 -0.518 -0.216 0.000 0.000 0.000 0.000 0.000 0.000 0.000 0.000 0.000 0.000 0.000 0.000 0.000 0.000 0.000 0.000 0.000 
-0.112 -0.329 -0.674 -0.960 -0.952 -0.974 -0.933 -0.622 -0.288 0.000 0.000 0.000 0.000 0.000 0.000 0.000 0.000 0.000 0.000 0.000 0.000 0.000 0.000 
0.000 0.000 0.000 0.000 -0.251 -0.570 -0.900 -0.990 -0.923 -0.980 -0.725 -0.372 -0.133 0.000 0.000 0.000 0.000 0.000 0.000 0.000 0.000 0.000 0.000 
0.000 0.000 0.000 0.000 0.000 0.000 0.000 -0.185 -0.467 -0.820 -1.000 -0.848 -1.000 -0.820 -0.467 -0.185 0.000 0.000 0.000 0.000 0.000 0.000 0.000 
0.000 0.000 0.000 0.000 0.000 0.000 0.000 0.000 0.000 0.000 -0.133 -0.372 -0.725 -0.980 -0.923 -0.990 -0.900 -0.570 -0.251 0.000 0.000 0.000 0.000 
0.000 0.000 0.000 0.000 0.000 0.000 0.000 0.000 0.000 0.000 0.000 0.000 0.000 0.000 -0.288 -0.622 -0.933 -0.974 -0.952 -0.960 -0.674 -0.329 -0.112 
0.000 0.000 0.000 0.000 0.000 0.000 0.000 0.000 0.000 0.000 0.000 0.000 0.000 0.000 0.000 0.000 0.000 -0.216 -0.518 -0.862 -0.999 -0.888 -0.994 
# 2 0 50 7
0.000 0.502 0.741 0.000 0.000 0.000 0.000 
0.000 0.351 0.882 0.000 0.000 0.000 0.000 
0.000 0.228 0.974 0.000 0.000 0.000 0.000 
0.000 0.138 0.999 0.164 0.000 0.000 0.000 
0.000 0.000 0.951 0.265 0.000 0.000 0.000 
0.000 0.000 0.841 0.398 0.000 0.000 0.000 
0.000 0.000 0.690 0.555 0.000 0.000 0.000 
0.000 0.000 0.525 0.719 0.000 0.000 0.000 
0.000 0.000 0.372 0.864 0.000 0.000 0.000 
0.000 0.000 0.244 0.965 0.000 0.000 0.000 
0.118 0.000 0.149 1.000 0.152 0.000 0.000 
0.199 0.000 0.000 0.962 0.248 0.000 0.000 
0.313 0.000 0.000 0.859 0.377 0.000 0.000 
0.457 0.000 0.000 0.713 0.532 0.000 0.000 
0.619 0.000 0.000 0.549 0.696 0.000 0.000 
0.779 0.000 0.000 0.392 0.846 0.000 0.000 
0.910 0.000 0.000 0.260 0.954 0.000 0.000 
0.987 0.108 0.000 0.160 0.999 0.141 0.000 
0.994 0.186 0.000 0.000 0.972 0.233 0.000 
0.929 0.295 0.000 0.000 0.877 0.357 0.000 
0.806 0.435 0.000 0.000 0.735 0.509 0.000 
0.649 0.596 0.000 0.000 0.572 0.673 0.000 
0.486 0.758 0.000 0.000 0.413 0.826 0.000 
0.337 0.894 0.000 0.000 0.277 0.942 0.000 
0.217 0.980 0.000 0.000 0.173 0.997 0.130 
0.130 0.997 0.173 0.000 0.000 0.980 0.217 
0.000 0.942 0.277 0.000 0.000 0.894 0.337 
0.000 0.826 0.413 0.000 0.000 0.758 0.486 
0.000 0.673 0.572 0.000 0.000 0.596 0.649 
0.000 0.509 0.735 0.000 0.000 0.435 0.806 
0.000 0.357 0.877 0.000 0.000 0.295 0.929 
0.000 0.233 0.972 0.000 0.000 0.186 0.994 
0.000 0.141 0.999 0.160 0.000 0.108 0.987 
0.000 0.000 0.954 0.260 0.000 0.000 0.910 
0.000 0.000 0.846 0.392 0.000 0.000 0.779 
0.000 0.000 0.696 0.549 0.000 0.000 0.619 
0.000 0.000 0.532 0.713 0.000 0.000 0.457 
0.000 0.000 0.377 0.859 0.000 0.000 0.313 
0.000 0.000 0.248 0.962 0.000 0.000 0.199 
0.000 0.000 0.152 1.000 0.149 0.000 0.118 
0.000 0.000 0.000 0.965 0.244 0.000 0.000 
0.000 0.000 0.000 0.864 0.372 0.000 0.000 
0.000 0.000 0.000 0.719 0.525 0.000 0.000 
0.000 0.000 0.000 0.555 0.690 0.000 0.000 
0.000 0.000 0.000 0.398 0.841 0.000 0.000 
0.000 0.000 0.000 0.265 0.951 0.000 0.000 
0.000 0.000 0.000 0.164 0.999 0.138 0.000 
0.000 0.000 0.000 0.000 0.974 0.228 0.000 
0.000 0.000 0.000 0.000 0.882 0.351 0.000 
0.000 0.000 0.000 0.000 0.741 0.502 0.000 
# 2 1 23 7
0.000 0.411 0.829 0.000 0.000 0.000 0.000 
0.000 0.157 1.000 0.144 0.000 0.000 0.000 
0.000 0.000 0.849 0.388 0.000 0.000 0.000 
0.000 0.000 0.508 0.736 0.000 0.000 0.000 
0.000 0.000 0.214 0.982 0.102 0.000 0.000 
0.247 0.000 0.000 0.922 0.303 0.000 0.000 
0.558 0.000 0.000 0.610 0.636 0.000 0.000 
0.888 0.000 0.000 0.284 0.938 0.000 0.000 
0.995 0.184 0.000 0.000 0.973 0.230 0.000 
0.784 0.459 0.000 0.000 0.711 0.533 0.000 
0.435 0.806 0.000 0.000 0.366 0.870 0.000 
0.170 0.998 0.132 0.000 0.132 0.998 0.170 
0.000 0.870 0.366 0.000 0.000 0.806 0.435 
0.000 0.533 0.711 0.000 0.000 0.459 0.784 
0.000 0.230 0.973 0.000 0.000 0.184 0.995 
0.000 0.000 0.938 0.284 0.000 0.000 0.888 
0.000 0.000 0.636 0.610 0.000 0.000 0.558 
0.000 0.000 0.303 0.922 0.000 0.000 0.247 
0.000 0.000 0.102 0.982 0.214 0.000 0.000 
0.000 0.000 0.000 0.736 0.508 0.000 0.000 
0.000 0.000 0.000 0.388 0.849 0.000 0.000 
0.000 0.000 0.000 0.144 1.000 0.157 0.000 
0.000 0.000 0.000 0.000 0.829 0.411 0.000 
