3.691542
4
# 0 1 18 50
0.964 0.987 0.925 0.633 0.317 0.116 0.000 0.000 0.000 0.000 0.000 0.000 0.000 0.000 0.000 0.000 0.000 0.000 0.000 0.000 0.000 0.000 0.000 0.000 0.000 0.000 0.000 0.000 0.000 0.000 0.000 0.000 0.000 0.000 0.000 0.000 0.000 0.000 0.000 0.000 0.000 0.000 0.000 0.000 0.000 0.000 0.000 0.000 0.000 0.000 
0.188 0.448 0.779 0.990 0.999 0.874 0.558 0.260 0.000 0.000 0.000 0.000 0.000 0.000 0.000 0.000 0.000 0.000 0.000 0.000 0.000 0.000 0.000 0.000 0.000 0.000 0.000 0.000 0.000 0.000 0.000 0.000 0.000 0.000 0.000 0.000 0.000 0.000 0.000 0.000 0.000 0.000 0.000 0.000 0.000 0.000 0.000 0.000 0.000 0.000 
0.000 0.000 0.000 0.234 0.520 0.844 1.000 0.997 0.813 0.484 0.210 0.000 0.000 0.000 0.000 0.000 0.000 0.000 0.000 0.000 0.000 0.000 0.000 0.000 0.000 0.000 0.000 0.000 0.000 0.000 0.000 0.000 0.000 0.000 0.000 0.000 0.000 0.000 0.000 0.000 0.000 0.000 0.000 0.000 0.000 0.000 0.000 0.000 0.000 0.000 
0.000 0.000 0.000 0.000 0.000 0.101 0.287 0.595 0.901 0.995 0.979 0.744 0.413 0.167 0.000 0.000 0.000 0.000 0.000 0.000 0.000 0.000 0.000 0.000 0.000 0.000 0.000 0.000 0.000 0.000 0.000 0.000 0.000 0.000 0.000 0.000 0.000 0.000 0.000 0.000 0.000 0.000 0.000 0.000 0.000 0.000 0.000 0.000 0.000 0.000 
0.000 0.000 0.000 0.000 0.000 0.000 0.000 0.000 0.131 0.347 0.671 0.946 0.975 0.946 0.671 0.347 0.131 0.000 0.000 0.000 0.000 0.000 0.000 0.000 0.000 0.000 0.000 0.000 0.000 0.000 0.000 0.000 0.000 0.000 0.000 0.000 0.000 0.000 0.000 0.000 0.000 0.000 0.000 0.000 0.000 0.000 0.000 0.000 0.000 0.000 
0.000 0.000 0.000 0.000 0.000 0.000 0.000 0.000 0.000 0.000 0.000 0.167 0.413 0.744 0.979 0.995 0.901 0.595 0.287 0.101 0.000 0.000 0.000 0.000 0.000 0.000 0.000 0.000 0.000 0.000 0.000 0.000 0.000 0.000 0.000 0.000 0.000 0.000 0.000 0.000 0.000 0.000 0.000 0.000 0.000 0.000 0.000 0.000 0.000 0.000 
0.000 0.000 0.000 0.000 0.000 0.000 0.000 0.000 0.000 0.000 0.000 0.000 0.000 0.000 0.210 0.484 0.813 0.997 1.000 0.844 0.520 0.234 0.000 0.000 0.000 0.000 0.000 0.000 0.000 0.000 0.000 0.000 0.000 0.000 0.000 0.000 0.000 0.000 0.000 0.000 0.000 0.000 0.000 0.000 0.000 0.000 0.000 0.000 0.000 0.000 
0.000 0.000 0.000 0.000 0.000 0.000 0.000 0.000 0.000 0.000 0.000 0.000 0.000 0.000 0.000 0.000 0.000 0.260 0.558 0.874 0.999 0.990 0.779 0.448 0.188 0.000 0.000 0.000 0.000 0.000 0.000 0.000 0.000 0.000 0.000 0.000 0.000 0.000 0.000 0.000 0.000 0.000 0.000 0.000 0.000 0.000 0.000 0.000 0.000 0.000 
0.000 0.000 0.000 0.000 0.000 0.000 0.000 0.000 0.000 0.000 0.000 0.000 0.000 0.000 0.000 0.000 0.000 0.000 0.000 0.116 0.317 0.633 0.925 0.987 0.964 0.708 0.379 0.149 0.000 0.000 0.000 0.000 0.000 0.000 0.000 0.000 0.000 0.000 0.000 0.000 0.000 0.000 0.000 0.000 0.000 0.000 0.000 0.000 0.000 0.000 
0.000 0.000 0.000 0.000 0.000 0.000 0.000 0.000 0.000 0.000 0.000 0.000 0.000 0.000 0.000 0.000 0.000 0.000 0.000 0.000 0.000 0.000 0.149 0.379 0.708 0.964 0.987 0.925 0.633 0.317 0.116 0.000 0.000 0.000 0.000 0.000 0.000 0.000 0.000 0.000 0.000 0.000 0.000 0.000 0.000 0.000 0.000 0.000 0.000 0.000 
0.000 0.000 0.000 0.000 0.000 0.000 0.000 0.000 0.000 0.000 0.000 0.000 0.000 0.000 0.000 0.000 0.000 0.000 0.000 0.000 0.000 0.000 0.000 0.000 0.000 0.188 0.448 0.779 0.990 0.999 0.874 0.558 0.260 0.000 0.000 0.000 0.000 0.000 0.000 0.000 0.000 0.000 0.000 0.000 0.000 0.000 0.000 0.000 0.000 0.000 
0.000 0.000 0.000 0.000 0.000 0.000 0.000 0.000 0.000 0.000 0.000 0.000 0.000 0.000 0.000 0.000 0.000 0.000 0.000 0.000 0.000 0.000 0.000 0.000 0.000 0.000 0.000 0.000 0.234 0.520 0.844 1.000 0.997 0.813 0.484 0.210 0.000 0.000 0.000 0.000 0.000 0.000 0.000 0.000 0.000 0.000 0.000 0.000 0.000 0.000 
0.000 0.000 0.000 0.000 0.000 0.000 0.000 0.000 0.000 0.000 0.000 0.000 0.000 0.000 0.000 0.000 0.000 0.000 0.000 0.000 0.000 0.000 0.000 0.000 0.000 0.000 0.000 0.000 0.000 0.000 0.101 0.287 0.595 0.901 0.995 0.979 0.744 0.413 0.167 0.000 0.000 0.000 0.000 0.000 0.000 0.000 0.000 0.000 0.000 0.000 
0.000 0.000 0.000 0.000 0.000 0.000 0.000 0.000 0.000 0.000 0.000 0.000 0.000 0.000 0.000 0.000 0.000 0.000 0.000 0.000 0.000 0.000 0.000 0.000 0.000 0.000 0.000 0.000 0.000 0.000 0.000 0.000 0.000 0.131 0.347 0.671 0.946 0.975 0.946 0.671 0.347 0.131 0.000 0.000 0.000 0.000 0.000 0.000 0.000 0.000 
0.000 0.000 0.000 0.000 0.000 0.000 0.000 0.000 0.000 0.000 0.000 0.000 0.000 0.000 0.000 0.000 0.000 0.000 0.000 0.000 0.000 0.000 0.000 0.000 0.000 0.000 0.000 0.000 0.000 0.000 0.000 0.000 0.000 0.000 0.000 0.000 0.167 0.413 0.744 0.979 0.995 0.901 0.595 0.287 0.101 0.000 0.000 0.000 0.000 0.000 
0.000 0.000 0.000 0.000 0.000 0.000 0.000 0.000 0.000 0.000 0.000 0.000 0.000 0.000 0.000 0.000 0.000 0.000 0.000 0.000 0.000 0.000 0.000 0.000 0.000 0.000 0.000 0.000 0.000 0.000 0.000 0.000 0.000 0.000 0.000 0.000 0.000 0.000 0.000 0.210 0.484 0.813 0.997 1.000 0.844 0.520 0.234 0.000 0.000 0.000 
0.000 0.000 0.000 0.000 0.000 0.000 0.000 0.000 0.000 0.000 0.000 0.000 0.000 0.000 0.000 0.000 0.000 0.000 0.000 0.000 0.000 0.000 0.000 0.000 0.000 0.000 0.000 0.000 0.000 0.000 0.000 0.000 0.000 0.000 0.000 0.000 0.000 0.000 0.000 0.000 0.000 0.000 0.260 0.558 0.874 0.999 0.990 0.779 0.448 0.188 
0.000 0.000 0.000 0.000 0.000 0.000 0.000 0.000 0.000 0.000 0.000 0.000 0.000 0.000 0.000 0.000 0.000 0.000 0.000 0.000 0.000 0.000 0.000 0.000 0.000 0.000 0.000 0.000 0.000 0.000 0.000 0.000 0.000 0.000 0.000 0.000 0.000 0.000 0.000 0.000 0.000 0.000 0.000 0.000 0.116 0.317 0.633 0.925 0.987 0.964 
# 0 2 4 50
0.000 0.000 0.173 0.423 0.756 0.985 1.000 0.897 0.588 0.281 0.000 0.000 0.000 0.000 0.000 0.000 0.000 0.000 0.000 0.000 0.000 0.000 0.000 0.000 0.000 0.000 0.000 0.000 0.000 0.000 0.000 0.000 0.000 0.000 0.000 0.000 0.000 0.000 0.000 0.000 0.000 0.000 0.000 0.000 0.000 0.000 0.000 0.000 0.000 0.000 
0.000 0.000 0.000 0.000 0.000 0.000 0.000 0.000 0.000 0.000 0.000 0.000 0.000 0.000 0.000 0.281 0.588 0.897 1.000 0.985 0.756 0.423 0.173 0.000 0.000 0.000 0.000 0.000 0.000 0.000 0.000 0.000 0.000 0.000 0.000 0.000 0.000 0.000 0.000 0.000 0.000 0.000 0.000 0.000 0.000 0.000 0.000 0.000 0.000 0.000 
0.000 0.000 0.000 0.000 0.000 0.000 0.000 0.000 0.000 0.000 0.000 0.000 0.000 0.000 0.000 0.000 0.000 0.000 0.000 0.000 0.000 0.000 0.000 0.000 0.000 0.000 0.000 0.173 0.423 0.756 0.985 1.000 0.897 0.588 0.281 0.000 0.000 0.000 0.000 0.000 0.000 0.000 0.000 0.000 0.000 0.000 0.000 0.000 0.000 0.000 
0.000 0.000 0.000 0.000 0.000 0.000 0.000 0.000 0.000 0.000 0.000 0.000 0.000 0.000 0.000 0.000 0.000 0.000 0.000 0.000 0.000 0.000 0.000 0.000 0.000 0.000 0.000 0.000 0.000 0.000 0.000 0.000 0.000 0.000 0.000 0.000 0.000 0.000 0.000 0.000 0.281 0.588 0.897 1.000 0.985 0.756 0.423 0.173 0.000 0.000 
# 0 3 8 50
0.461 0.792 0.993 1.000 0.863 0.544 0.250 0.000 0.000 0.000 0.000 0.000 0.000 0.000 0.000 0.000 0.000 0.000 0.000 0.000 0.000 0.000 0.000 0.000 0.000 0.000 0.000 0.000 0.000 0.000 0.000 0.000 0.000 0.000 0.000 0.000 0.000 0.000 0.000 0.000 0.000 0.000 0.000 0.000 0.000 0.000 0.000 0.000 0.000 0.000 
0.000 0.000 0.000 0.000 0.000 0.151 0.384 0.712 0.966 0.988 0.922 0.628 0.313 0.114 0.000 0.000 0.000 0.000 0.000 0.000 0.000 0.000 0.000 0.000 0.000 0.000 0.000 0.000 0.000 0.000 0.000 0.000 0.000 0.000 0.000 0.000 0.000 0.000 0.000 0.000 0.000 0.000 0.000 0.000 0.000 0.000 0.000 0.000 0.000 0.000 
0.000 0.000 0.000 0.000 0.000 0.000 0.000 0.000 0.000 0.000 0.000 0.114 0.313 0.628 0.922 0.988 0.966 0.712 0.384 0.151 0.000 0.000 0.000 0.000 0.000 0.000 0.000 0.000 0.000 0.000 0.000 0.000 0.000 0.000 0.000 0.000 0.000 0.000 0.000 0.000 0.000 0.000 0.000 0.000 0.000 0.000 0.000 0.000 0.000 0.000 
0.000 0.000 0.000 0.000 0.000 0.000 0.000 0.000 0.000 0.000 0.000 0.000 0.000 0.000 0.000 0.000 0.000 0.000 0.250 0.544 0.863 1.000 0.993 0.792 0.461 0.196 0.000 0.000 0.000 0.000 0.000 0.000 0.000 0.000 0.000 0.000 0.000 0.000 0.000 0.000 0.000 0.000 0.000 0.000 0.000 0.000 0.000 0.000 0.000 0.000 
0.000 0.000 0.000 0.000 0.000 0.000 0.000 0.000 0.000 0.000 0.000 0.000 0.000 0.000 0.000 0.000 0.000 0.000 0.000 0.000 0.000 0.000 0.000 0.000 0.196 0.461 0.792 0.993 1.000 0.863 0.544 0.250 0.000 0.000 0.000 0.000 0.000 0.000 0.000 0.000 0.000 0.000 0.000 0.000 0.000 0.000 0.000 0.000 0.000 0.000 
0.000 0.000 0.000 0.000 0.000 0.000 0.000 0.000 0.000 0.000 0.000 0.000 0.000 0.000 0.000 0.000 0.000 0.000 0.000 0.000 0.000 0.000 0.000 0.000 0.000 0.000 0.000 0.000 0.000 0.000 0.151 0.384 0.712 0.966 0.988 0.922 0.628 0.313 0.114 0.000 0.000 0.000 0.000 0.000 0.000 0.000 0.000 0.000 0.000 0.000 
0.000 0.000 0.000 0.000 0.000 0.000 0.000 0.000 0.000 0.000 0.000 0.000 0.000 0.000 0.000 0.000 0.000 0.000 0.000 0.000 0.000 0.000 0.000 0.000 0.000 0.000 0.000 0.000 0.000 0.000 0.000 0.000 0.000 0.000 0.000 0.000 0.114 0.313 0.628 0.922 0.988 0.966 0.712 0.384 0.151 0.000 0.000 0.000 0.000 0.000 
0.000 0.000 0.000 0.000 0.000 0.000 0.000 0.000 0.000 0.000 0.000 0.000 0.000 0.000 0.000 0.000 0.000 0.000 0.000 0.000 0.000 0.000 0.000 0.000 0.000 0.000 0.000 0.000 0.000 0.000 0.000 0.000 0.000 0.000 0.000 0.000 0.000 0.000 0.000 0.000 0.000 0.000 0.000 0.250 0.544 0.863 1.000 0.993 0.792 0.461 
# 1 0 50 18
-0.340 -0.543 -0.760 -0.931 -1.000 -0.941 -0.776 -0.560 -0.355 -0.197 0.000 0.000 0.000 0.000 0.000 0.000 0.000 0.000 
-0.291 -0.466 -0.683 -0.879 -0.989 -0.976 -0.844 -0.640 -0.425 -0.247 -0.126 0.000 0.000 0.000 0.000 0.000 0.000 0.000 
-0.355 -0.393 -0.604 -0.815 -0.963 -0.996 -0.903 -0.718 -0.500 -0.305 -0.163 0.000 0.000 0.000 0.000 0.000 0.000 0.000 
-0.425 -0.326 -0.526 -0.743 -0.920 -0.999 -0.950 -0.792 -0.578 -0.370 -0.207 -0.102 0.000 0.000 0.000 0.000 0.000 0.000 
-0.500 -0.305 -0.449 -0.666 -0.865 -0.985 -0.982 -0.858 -0.657 -0.441 -0.259 -0.133 0.000 0.000 0.000 0.000 0.000 0.000 
-0.578 -0.370 -0.377 -0.587 -0.800 -0.954 -0.998 -0.915 -0.735 -0.517 -0.319 -0.172 0.000 0.000 0.000 0.000 0.000 0.000 
-0.657 -0.441 -0.312 -0.508 -0.726 -0.909 -0.997 -0.959 -0.807 -0.596 -0.385 -0.218 -0.108 0.000 0.000 0.000 0.000 0.000 
-0.735 -0.517 -0.319 -0.433 -0.649 -0.851 -0.980 -0.987 -0.872 -0.675 -0.457 -0.272 -0.141 0.000 0.000 0.000 0.000 0.000 
-0.807 -0.596 -0.385 -0.362 -0.569 -0.784 -0.946 -1.000 -0.926 -0.751 -0.534 -0.333 -0.182 0.000 0.000 0.000 0.000 0.000 
-0.872 -0.675 -0.458 -0.298 -0.491 -0.709 -0.897 -0.995 -0.966 -0.822 -0.613 -0.401 -0.229 -0.115 0.000 0.000 0.000 0.000 
-0.926 -0.751 -0.534 -0.333 -0.417 -0.631 -0.837 -0.973 -0.991 -0.885 -0.692 -0.474 -0.285 -0.150 0.000 0.000 0.000 0.000 
-0.966 -0.822 -0.613 -0.401 -0.347 -0.552 -0.768 -0.936 -1.000 -0.936 -0.768 -0.552 -0.347 -0.192 0.000 0.000 0.000 0.000 
-0.991 -0.885 -0.692 -0.474 -0.285 -0.474 -0.692 -0.885 -0.991 -0.973 -0.837 -0.631 -0.417 -0.241 -0.122 0.000 0.000 0.000 
-1.000 -0.936 -0.768 -0.552 -0.347 -0.401 -0.613 -0.822 -0.966 -0.995 -0.897 -0.709 -0.491 -0.298 -0.158 0.000 0.000 0.000 
-0.991 -0.973 -0.837 -0.631 -0.417 -0.333 -0.534 -0.751 -0.926 -1.000 -0.946 -0.784 -0.569 -0.362 -0.202 0.000 0.000 0.000 
-0.966 -0.995 -0.897 -0.709 -0.491 -0.298 -0.458 -0.675 -0.872 -0.987 -0.979 -0.851 -0.648 -0.433 -0.253 -0.130 0.000 0.000 
-0.926 -1.000 -0.946 -0.784 -0.569 -0.362 -0.385 -0.596 -0.807 -0.959 -0.997 -0.909 -0.726 -0.508 -0.312 -0.167 0.000 0.000 
-0.872 -0.987 -0.980 -0.851 -0.649 -0.433 -0.319 -0.517 -0.735 -0.915 -0.998 -0.954 -0.799 -0.587 -0.377 -0.213 -0.105 0.000 
-0.807 -0.959 -0.997 -0.909 -0.726 -0.508 -0.312 -0.441 -0.657 -0.858 -0.982 -0.985 -0.865 -0.666 -0.449 -0.265 -0.137 0.000 
-0.735 -0.915 -0.998 -0.954 -0.800 -0.587 -0.377 -0.370 -0.578 -0.792 -0.950 -0.999 -0.920 -0.743 -0.525 -0.326 -0.177 0.000 
-0.657 -0.858 -0.982 -0.985 -0.865 -0.666 -0.449 -0.305 -0.500 -0.718 -0.903 -0.996 -0.963 -0.815 -0.604 -0.393 -0.224 -0.112 
-0.578 -0.792 -0.950 -0.999 -0.920 -0.743 -0.526 -0.326 -0.425 -0.640 -0.844 -0.977 -0.989 -0.878 -0.683 -0.466 -0.278 -0.146 
-0.500 -0.718 -0.903 -0.996 -0.963 -0.815 -0.604 -0.393 -0.355 -0.560 -0.776 -0.941 -1.000 -0.931 -0.760 -0.543 -0.340 -0.187 
-0.425 -0.640 -0.844 -0.976 -0.989 -0.879 -0.683 -0.466 -0.291 -0.483 -0.701 -0.891 -0.993 -0.970 -0.830 -0.622 -0.409 -0.235 
-0.355 -0.560 -0.776 -0.941 -1.000 -0.931 -0.760 -0.543 -0.340 -0.409 -0.622 -0.830 -0.970 -0.993 -0.891 -0.701 -0.483 -0.291 
-0.291 -0.483 -0.701 -0.891 -0.993 -0.970 -0.830 -0.622 -0.409 -0.340 -0.543 -0.760 -0.931 -1.000 -0.941 -0.776 -0.560 -0.355 
-0.235 -0.409 -0.622 -0.830 -0.970 -0.993 -0.891 -0.701 -0.483 -0.291 -0.466 -0.683 -0.879 -0.989 -0.976 -0.844 -0.640 -0.425 
-0.187 -0.340 -0.543 -0.760 -0.931 -1.000 -0.941 -0.776 -0.560 -0.355 -0.393 -0.604 -0.815 -0.963 -0.996 -0.903 -0.718 -0.500 
-0.146 -0.278 -0.466 -0.683 -0.878 -0.989 -0.977 -0.844 -0.640 -0.425 -0.326 -0.526 -0.743 -0.920 -0.999 -0.950 -0.792 -0.578 
-0.112 -0.224 -0.393 -0.604 -0.815 -0.963 -0.996 -0.903 -0.718 -0.500 -0.305 -0.449 -0.666 -0.865 -0.985 -0.982 -0.858 -0.657 
0.000 -0.177 -0.326 -0.525 -0.743 -0.920 -0.999 -0.950 -0.792 -0.578 -0.370 -0.377 -0.587 -0.800 -0.954 -0.998 -0.915 -0.735 
0.000 -0.137 -0.265 -0.449 -0.666 -0.865 -0.985 -0.982 -0.858 -0.657 -0.441 -0.312 -0.508 -0.726 -0.909 -0.997 -0.959 -0.807 
0.000 -0.105 -0.213 -0.377 -0.587 -0.799 -0.954 -0.998 -0.915 -0.735 -0.517 -0.319 -0.433 -0.649 -0.851 -0.980 -0.987 -0.872 
0.000 0.000 -0.167 -0.312 -0.508 -0.726 -0.909 -0.997 -0.959 -0.807 -0.596 -0.385 -0.362 -0.569 -0.784 -0.946 -1.000 -0.926 
0.000 0.000 -0.130 -0.253 -0.433 -0.648 -0.851 -0.979 -0.987 -0.872 -0.675 -0.458 -0.298 -0.491 -0.709 -0.897 -0.995 -0.966 
0.000 0.000 0.000 -0.202 -0.362 -0.569 -0.784 -0.946 -1.000 -0.926 -0.751 -0.534 -0.333 -0.417 -0.631 -0.837 -0.973 -0.991 
0.000 0.000 0.000 -0.158 -0.298 -0.491 -0.709 -0.897 -0.995 -0.966 -0.822 -0.613 -0.401 -0.347 -0.552 -0.768 -0.936 -1.000 
0.000 0.000 0.000 -0.122 -0.241 -0.417 -0.631 -0.837 -0.973 -0.991 -0.885 -0.692 -0.474 -0.285 -0.474 -0.692 -0.885 -0.991 
0.000 0.000 0.000 0.000 -0.192 -0.347 -0.552 -0.768 -0.936 -1.000 -0.936 -0.768 -0.552 -0.347 -0.401 -0.613 -0.822 -0.966 
0.000 0.000 0.000 0.000 -0.150 -0.285 -0.474 -0.692 -0.885 -0.991 -0.973 -0.837 -0.631 -0.417 -0.333 -0.534 -0.751 -0.926 
0.000 0.000 0.000 0.000 -0.115 -0.229 -0.401 -0.613 -0.822 -0.966 -0.995 -0.897 -0.709 -0.491 -0.298 -0.458 -0.675 -0.872 
0.000 0.000 0.000 0.000 0.000 -0.182 -0.333 -0.534 -0.751 -0.926 -1.000 -0.946 -0.784 -0.569 -0.362 -0.385 -0.596 -0.807 
0.000 0.000 0.000 0.000 0.000 -0.141 -0.272 -0.457 -0.675 -0.872 -0.987 -0.980 -0.851 -0.649 -0.433 -0.319 -0.517 -0.735 
0.000 0.000 0.000 0.000 0.000 -0.108 -0.218 -0.385 -0.596 -0.807 -0.959 -0.997 -0.909 -0.726 -0.508 -0.312 -0.441 -0.657 
0.000 0.000 0.000 0.000 0.000 0.000 -0.172 -0.319 -0.517 -0.735 -0.915 -0.998 -0.954 -0.800 -0.587 -0.377 -0.370 -0.578 
0.000 0.000 0.000 0.000 0.000 0.000 -0.133 -0.259 -0.441 -0.657 -0.858 -0.982 -0.985 -0.865 -0.666 -0.449 -0.305 -0.500 
0.000 0.000 0.000 0.000 0.000 0.000 -0.102 -0.207 -0.370 -0.578 -0.792 -0.950 -0.999 -0.920 -0.743 -0.526 -0.326 -0.425 
0.000 0.000 0.000 0.000 0.000 0.000 0.000 -0.163 -0.305 -0.500 -0.718 -0.903 -0.996 -0.963 -0.815 -0.604 -0.393 -0.355 
0.000 0.000 0.000 0.000 0.000 0.000 0.000 -0.126 -0.247 -0.425 -0.640 -0.844 -0.976 -0.989 -0.879 -0.683 -0.466 -0.291 
0.000 0.000 0.000 0.000 0.000 0.000 0.000 0.000 -0.197 -0.355 -0.560 -0.776 -0.941 -1.000 -0.931 -0.760 -0.543 -0.340 
# 1 2 4 18
-0.638 -0.423 -0.328 -0.528 -0.746 -0.923 -1.000 -0.950 -0.790 -0.576 -0.368 -0.206 -0.101 0.000 0.000 0.000 0.000 0.000 
-0.790 -0.950 -1.000 -0.923 -0.746 -0.528 -0.328 -0.423 -0.638 -0.843 -0.976 -0.991 -0.881 -0.686 -0.468 -0.280 -0.146 0.000 
0.000 -0.146 -0.280 -0.468 -0.686 -0.881 -0.991 -0.976 -0.843 -0.638 -0.423 -0.328 -0.528 -0.746 -0.923 -1.000 -0.950 -0.790 
0.000 0.000 0.000 0.000 0.000 -0.101 -0.206 -0.368 -0.576 -0.790 -0.950 -1.000 -0.923 -0.746 -0.528 -0.328 -0.423 -0.638 
# 2 0 50 4
-0.992 0.000 0.000 0.000 
-0.926 0.000 0.000 0.000 
-0.804 0.000 0.000 0.000 
-0.650 0.000 0.000 0.000 
-0.490 0.000 0.000 0.000 
-0.343 -0.170 0.000 0.000 
-0.280 -0.271 0.000 0.000 
-0.413 -0.403 0.000 0.000 
-0.569 -0.558 0.000 0.000 
-0.730 -0.719 0.000 0.000 
-0.871 -0.862 0.000 0.000 
-0.967 -0.962 0.000 0.000 
-1.000 -1.000 0.000 0.000 
-0.962 -0.967 0.000 0.000 
-0.862 -0.871 0.000 0.000 
-0.719 -0.730 0.000 0.000 
-0.558 -0.569 0.000 0.000 
-0.403 -0.413 -0.131 0.000 
-0.271 -0.280 -0.217 0.000 
-0.170 -0.343 -0.334 0.000 
0.000 -0.490 -0.479 0.000 
0.000 -0.650 -0.639 0.000 
0.000 -0.804 -0.794 0.000 
0.000 -0.926 -0.919 0.000 
0.000 -0.992 -0.990 0.000 
0.000 -0.990 -0.992 0.000 
0.000 -0.919 -0.926 0.000 
0.000 -0.794 -0.804 0.000 
0.000 -0.639 -0.650 0.000 
0.000 -0.479 -0.490 0.000 
0.000 -0.334 -0.343 -0.170 
0.000 -0.217 -0.280 -0.271 
0.000 -0.131 -0.413 -0.403 
0.000 0.000 -0.569 -0.558 
0.000 0.000 -0.730 -0.719 
0.000 0.000 -0.871 -0.862 
0.000 0.000 -0.967 -0.962 
0.000 0.000 -1.000 -1.000 
0.000 0.000 -0.962 -0.967 
0.000 0.000 -0.862 -0.871 
0.000 0.000 -0.719 -0.730 
0.000 0.000 -0.558 -0.569 
0.000 0.000 -0.403 -0.413 
0.000 0.000 -0.271 -0.280 
0.000 0.000 -0.170 -0.343 
0.000 0.000 0.000 -0.490 
0.000 0.000 0.000 -0.650 
0.000 0.000 0.000 -0.804 
0.000 0.000 0.000 -0.926 
0.000 0.000 0.000 -0.992 
# 2 1 18 4
-0.936 0.000 0.000 0.000 
-0.543 0.000 0.000 0.000 
-0.336 -0.326 0.000 0.000 
-0.764 -0.753 0.000 0.000 
-1.000 -1.000 0.000 0.000 
-0.753 -0.764 0.000 0.000 
-0.326 -0.336 -0.175 0.000 
0.000 -0.543 -0.531 0.000 
0.000 -0.936 -0.930 0.000 
0.000 -0.930 -0.936 0.000 
0.000 -0.531 -0.543 0.000 
0.000 -0.175 -0.336 -0.326 
0.000 0.000 -0.764 -0.753 
0.000 0.000 -1.000 -1.000 
0.000 0.000 -0.753 -0.764 
0.000 0.000 -0.326 -0.336 
0.000 0.000 0.000 -0.543 
0.000 0.000 0.000 -0.936 
