3.695708
3
# 0 1 32 50
0.990 1.000 0.970 0.875 0.733 0.572 0.414 0.279 0.174 0.101 0.000 0.000 0.000 0.000 0.000 0.000 0.000 0.000 0.000 0.000 0.000 0.000 0.000 0.000 0.000 0.000 0.000 0.000 0.000 0.000 0.000 0.000 0.000 0.000 0.000 0.000 0.000 0.000 0.000 0.000 0.000 0.000 0.000 0.000 0.000 0.000 0.000 0.000 0.000 0.000 
0.961 1.000 0.985 0.996 0.936 0.817 0.664 0.501 0.351 0.229 0.139 0.000 0.000 0.000 0.000 0.000 0.000 0.000 0.000 0.000 0.000 0.000 0.000 0.000 0.000 0.000 0.000 0.000 0.000 0.000 0.000 0.000 0.000 0.000 0.000 0.000 0.000 0.000 0.000 0.000 0.000 0.000 0.000 0.000 0.000 0.000 0.000 0.000 0.000 0.000 
0.781 0.911 0.987 0.994 0.998 0.978 0.890 0.753 0.592 0.433 0.294 0.186 0.109 0.000 0.000 0.000 0.000 0.000 0.000 0.000 0.000 0.000 0.000 0.000 0.000 0.000 0.000 0.000 0.000 0.000 0.000 0.000 0.000 0.000 0.000 0.000 0.000 0.000 0.000 0.000 0.000 0.000 0.000 0.000 0.000 0.000 0.000 0.000 0.000 0.000 
0.531 0.694 0.843 0.952 0.999 0.978 0.998 0.947 0.834 0.684 0.521 0.369 0.243 0.148 0.000 0.000 0.000 0.000 0.000 0.000 0.000 0.000 0.000 0.000 0.000 0.000 0.000 0.000 0.000 0.000 0.000 0.000 0.000 0.000 0.000 0.000 0.000 0.000 0.000 0.000 0.000 0.000 0.000 0.000 0.000 0.000 0.000 0.000 0.000 0.000 
0.302 0.442 0.602 0.762 0.897 0.981 0.997 0.996 0.984 0.904 0.772 0.612 0.452 0.310 0.197 0.117 0.000 0.000 0.000 0.000 0.000 0.000 0.000 0.000 0.000 0.000 0.000 0.000 0.000 0.000 0.000 0.000 0.000 0.000 0.000 0.000 0.000 0.000 0.000 0.000 0.000 0.000 0.000 0.000 0.000 0.000 0.000 0.000 0.000 0.000 
0.144 0.236 0.360 0.511 0.674 0.826 0.941 0.997 0.982 1.000 0.957 0.851 0.704 0.541 0.387 0.257 0.158 0.000 0.000 0.000 0.000 0.000 0.000 0.000 0.000 0.000 0.000 0.000 0.000 0.000 0.000 0.000 0.000 0.000 0.000 0.000 0.000 0.000 0.000 0.000 0.000 0.000 0.000 0.000 0.000 0.000 0.000 0.000 0.000 0.000 
0.000 0.105 0.180 0.286 0.423 0.582 0.743 0.882 0.974 0.999 0.992 0.990 0.917 0.790 0.633 0.471 0.326 0.210 0.125 0.000 0.000 0.000 0.000 0.000 0.000 0.000 0.000 0.000 0.000 0.000 0.000 0.000 0.000 0.000 0.000 0.000 0.000 0.000 0.000 0.000 0.000 0.000 0.000 0.000 0.000 0.000 0.000 0.000 0.000 0.000 
0.000 0.000 0.000 0.134 0.223 0.343 0.491 0.653 0.808 0.930 0.994 0.988 1.000 0.966 0.867 0.724 0.561 0.405 0.271 0.169 0.000 0.000 0.000 0.000 0.000 0.000 0.000 0.000 0.000 0.000 0.000 0.000 0.000 0.000 0.000 0.000 0.000 0.000 0.000 0.000 0.000 0.000 0.000 0.000 0.000 0.000 0.000 0.000 0.000 0.000 
0.000 0.000 0.000 0.000 0.000 0.169 0.271 0.405 0.561 0.724 0.867 0.966 1.000 0.988 0.994 0.930 0.808 0.653 0.491 0.343 0.223 0.134 0.000 0.000 0.000 0.000 0.000 0.000 0.000 0.000 0.000 0.000 0.000 0.000 0.000 0.000 0.000 0.000 0.000 0.000 0.000 0.000 0.000 0.000 0.000 0.000 0.000 0.000 0.000 0.000 
0.000 0.000 0.000 0.000 0.000 0.000 0.125 0.210 0.326 0.471 0.633 0.790 0.917 0.990 0.992 0.999 0.974 0.882 0.743 0.582 0.423 0.286 0.180 0.105 0.000 0.000 0.000 0.000 0.000 0.000 0.000 0.000 0.000 0.000 0.000 0.000 0.000 0.000 0.000 0.000 0.000 0.000 0.000 0.000 0.000 0.000 0.000 0.000 0.000 0.000 
0.000 0.000 0.000 0.000 0.000 0.000 0.000 0.000 0.158 0.257 0.387 0.541 0.704 0.851 0.957 1.000 0.982 0.997 0.941 0.826 0.674 0.511 0.360 0.236 0.144 0.000 0.000 0.000 0.000 0.000 0.000 0.000 0.000 0.000 0.000 0.000 0.000 0.000 0.000 0.000 0.000 0.000 0.000 0.000 0.000 0.000 0.000 0.000 0.000 0.000 
0.000 0.000 0.000 0.000 0.000 0.000 0.000 0.000 0.000 0.117 0.197 0.310 0.452 0.612 0.772 0.904 0.984 0.996 0.997 0.981 0.897 0.762 0.602 0.442 0.302 0.192 0.113 0.000 0.000 0.000 0.000 0.000 0.000 0.000 0.000 0.000 0.000 0.000 0.000 0.000 0.000 0.000 0.000 0.000 0.000 0.000 0.000 0.000 0.000 0.000 
0.000 0.000 0.000 0.000 0.000 0.000 0.000 0.000 0.000 0.000 0.000 0.148 0.243 0.369 0.521 0.684 0.834 0.947 0.998 0.978 0.999 0.952 0.843 0.694 0.531 0.378 0.250 0.153 0.000 0.000 0.000 0.000 0.000 0.000 0.000 0.000 0.000 0.000 0.000 0.000 0.000 0.000 0.000 0.000 0.000 0.000 0.000 0.000 0.000 0.000 
0.000 0.000 0.000 0.000 0.000 0.000 0.000 0.000 0.000 0.000 0.000 0.000 0.109 0.186 0.294 0.433 0.592 0.753 0.890 0.978 0.998 0.994 0.987 0.911 0.781 0.623 0.461 0.318 0.204 0.121 0.000 0.000 0.000 0.000 0.000 0.000 0.000 0.000 0.000 0.000 0.000 0.000 0.000 0.000 0.000 0.000 0.000 0.000 0.000 0.000 
0.000 0.000 0.000 0.000 0.000 0.000 0.000 0.000 0.000 0.000 0.000 0.000 0.000 0.000 0.139 0.229 0.351 0.501 0.664 0.817 0.936 0.996 0.985 1.000 0.961 0.859 0.714 0.551 0.396 0.264 0.164 0.000 0.000 0.000 0.000 0.000 0.000 0.000 0.000 0.000 0.000 0.000 0.000 0.000 0.000 0.000 0.000 0.000 0.000 0.000 
0.000 0.000 0.000 0.000 0.000 0.000 0.000 0.000 0.000 0.000 0.000 0.000 0.000 0.000 0.000 0.101 0.174 0.279 0.414 0.572 0.733 0.875 0.970 1.000 0.990 0.992 0.924 0.799 0.643 0.481 0.334 0.216 0.130 0.000 0.000 0.000 0.000 0.000 0.000 0.000 0.000 0.000 0.000 0.000 0.000 0.000 0.000 0.000 0.000 0.000 
0.000 0.000 0.000 0.000 0.000 0.000 0.000 0.000 0.000 0.000 0.000 0.000 0.000 0.000 0.000 0.000 0.000 0.130 0.216 0.334 0.481 0.643 0.799 0.924 0.992 0.990 1.000 0.970 0.875 0.733 0.572 0.414 0.279 0.174 0.101 0.000 0.000 0.000 0.000 0.000 0.000 0.000 0.000 0.000 0.000 0.000 0.000 0.000 0.000 0.000 
0.000 0.000 0.000 0.000 0.000 0.000 0.000 0.000 0.000 0.000 0.000 0.000 0.000 0.000 0.000 0.000 0.000 0.000 0.000 0.164 0.264 0.396 0.551 0.714 0.859 0.961 1.000 0.985 0.996 0.936 0.817 0.664 0.501 0.351 0.229 0.139 0.000 0.000 0.000 0.000 0.000 0.000 0.000 0.000 0.000 0.000 0.000 0.000 0.000 0.000 
0.000 0.000 0.000 0.000 0.000 0.000 0.000 0.000 0.000 0.000 0.000 0.000 0.000 0.000 0.000 0.000 0.000 0.000 0.000 0.000 0.121 0.204 0.318 0.461 0.623 0.781 0.911 0.987 0.994 0.998 0.978 0.890 0.753 0.592 0.433 0.294 0.186 0.109 0.000 0.000 0.000 0.000 0.000 0.000 0.000 0.000 0.000 0.000 0.000 0.000 
0.000 0.000 0.000 0.000 0.000 0.000 0.000 0.000 0.000 0.000 0.000 0.000 0.000 0.000 0.000 0.000 0.000 0.000 0.000 0.000 0.000 0.000 0.153 0.250 0.378 0.531 0.694 0.843 0.952 0.999 0.978 0.998 0.947 0.834 0.684 0.521 0.369 0.243 0.148 0.000 0.000 0.000 0.000 0.000 0.000 0.000 0.000 0.000 0.000 0.000 
0.000 0.000 0.000 0.000 0.000 0.000 0.000 0.000 0.000 0.000 0.000 0.000 0.000 0.000 0.000 0.000 0.000 0.000 0.000 0.000 0.000 0.000 0.000 0.113 0.192 0.302 0.442 0.602 0.762 0.897 0.981 0.997 0.996 0.984 0.904 0.772 0.612 0.452 0.310 0.197 0.117 0.000 0.000 0.000 0.000 0.000 0.000 0.000 0.000 0.000 
0.000 0.000 0.000 0.000 0.000 0.000 0.000 0.000 0.000 0.000 0.000 0.000 0.000 0.000 0.000 0.000 0.000 0.000 0.000 0.000 0.000 0.000 0.000 0.000 0.000 0.144 0.236 0.360 0.511 0.674 0.826 0.941 0.997 0.982 1.000 0.957 0.851 0.704 0.541 0.387 0.257 0.158 0.000 0.000 0.000 0.000 0.000 0.000 0.000 0.000 
0.000 0.000 0.000 0.000 0.000 0.000 0.000 0.000 0.000 0.000 0.000 0.000 0.000 0.000 0.000 0.000 0.000 0.000 0.000 0.000 0.000 0.000 0.000 0.000 0.000 0.000 0.105 0.180 0.286 0.423 0.582 0.743 0.882 0.974 0.999 0.992 0.990 0.917 0.790 0.633 0.471 0.326 0.210 0.125 0.000 0.000 0.000 0.000 0.000 0.000 
0.000 0.000 0.000 0.000 0.000 0.000 0.000 0.000 0.000 0.000 0.000 0.000 0.000 0.000 0.000 0.000 0.000 0.000 0.000 0.000 0.000 0.000 0.000 0.000 0.000 0.000 0.000 0.000 0.134 0.223 0.343 0.491 0.653 0.808 0.930 0.994 0.988 1.000 0.966 0.867 0.724 0.561 0.405 0.271 0.169 0.000 0.000 0.000 0.000 0.000 
0.000 0.000 0.000 0.000 0.000 0.000 0.000 0.000 0.000 0.000 0.000 0.000 0.000 0.000 0.000 0.000 0.000 0.000 0.000 0.000 0.000 0.000 0.000 0.000 0.000 0.000 0.000 0.000 0.000 0.000 0.169 0.271 0.405 0.561 0.724 0.867 0.966 1.000 0.988 0.994 0.930 0.808 0.653 0.491 0.343 0.223 0.134 0.000 0.000 0.000 
0.000 0.000 0.000 0.000 0.000 0.000 0.000 0.000 0.000 0.000 0.000 0.000 0.000 0.000 0.000 0.000 0.000 0.000 0.000 0.000 0.000 0.000 0.000 0.000 0.000 0.000 0.000 0.000 0.000 0.000 0.000 0.125 0.210 0.326 0.471 0.633 0.790 0.917 0.990 0.992 0.999 0.974 0.882 0.743 0.582 0.423 0.286 0.180 0.105 0.000 
0.000 0.000 0.000 0.000 0.000 0.000 0.000 0.000 0.000 0.000 0.000 0.000 0.000 0.000 0.000 0.000 0.000 0.000 0.000 0.000 0.000 0.000 0.000 0.000 0.000 0.000 0.000 0.000 0.000 0.000 0.000 0.000 0.000 0.158 0.257 0.387 0.541 0.704 0.851 0.957 1.000 0.982 0.997 0.941 0.826 0.674 0.511 0.360 0.236 0.144 
0.000 0.000 0.000 0.000 0.000 0.000 0.000 0.000 0.000 0.000 0.000 0.000 0.000 0.000 0.000 0.000 0.000 0.000 0.000 0.000 0.000 0.000 0.000 0.000 0.000 0.000 0.000 0.000 0.000 0.000 0.000 0.000 0.000 0.000 0.117 0.197 0.310 0.452 0.612 0.772 0.904 0.984 0.996 0.997 0.981 0.897 0.762 0.602 0.442 0.302 
0.000 0.000 0.000 0.000 0.000 0.000 0.000 0.000 0.000 0.000 0.000 0.000 0.000 0.000 0.000 0.000 0.000 0.000 0.000 0.000 0.000 0.000 0.000 0.000 0.000 0.000 0.000 0.000 0.000 0.000 0.000 0.000 0.000 0.000 0.000 0.000 0.148 0.243 0.369 0.521 0.684 0.834 0.947 0.998 0.978 0.999 0.952 0.843 0.694 0.531 
0.000 0.000 0.000 0.000 0.000 0.000 0.000 0.000 0.000 0.000 0.000 0.000 0.000 0.000 0.000 0.000 0.000 0.000 0.000 0.000 0.000 0.000 0.000 0.000 0.000 0.000 0.000 0.000 0.000 0.000 0.000 0.000 0.000 0.000 0.000 0.000 0.000 0.109 0.186 0.294 0.433 0.592 0.753 0.890 0.978 0.998 0.994 0.987 0.911 0.781 
0.000 0.000 0.000 0.000 0.000 0.000 0.000 0.000 0.000 0.000 0.000 0.000 0.000 0.000 0.000 0.000 0.000 0.000 0.000 0.000 0.000 0.000 0.000 0.000 0.000 0.000 0.000 0.000 0.000 0.000 0.000 0.000 0.000 0.000 0.000 0.000 0.000 0.000 0.000 0.139 0.229 0.351 0.501 0.664 0.817 0.936 0.996 0.985 1.000 0.961 
0.000 0.000 0.000 0.000 0.000 0.000 0.000 0.000 0.000 0.000 0.000 0.000 0.000 0.000 0.000 0.000 0.000 0.000 0.000 0.000 0.000 0.000 0.000 0.000 0.000 0.000 0.000 0.000 0.000 0.000 0.000 0.000 0.000 0.000 0.000 0.000 0.000 0.000 0.000 0.000 0.101 0.174 0.279 0.414 0.572 0.733 0.875 0.970 1.000 0.990 
# 0 2 6 50
0.742 0.882 0.974 1.000 0.993 0.991 0.919 0.792 0.635 0.473 0.328 0.211 0.126 0.000 0.000 0.000 0.000 0.000 0.000 0.000 0.000 0.000 0.000 0.000 0.000 0.000 0.000 0.000 0.000 0.000 0.000 0.000 0.000 0.000 0.000 0.000 0.000 0.000 0.000 0.000 0.000 0.000 0.000 0.000 0.000 0.000 0.000 0.000 0.000 0.000 
0.000 0.000 0.000 0.000 0.151 0.246 0.373 0.526 0.689 0.839 0.950 0.999 0.977 0.999 0.950 0.839 0.689 0.526 0.373 0.246 0.151 0.000 0.000 0.000 0.000 0.000 0.000 0.000 0.000 0.000 0.000 0.000 0.000 0.000 0.000 0.000 0.000 0.000 0.000 0.000 0.000 0.000 0.000 0.000 0.000 0.000 0.000 0.000 0.000 0.000 
0.000 0.000 0.000 0.000 0.000 0.000 0.000 0.000 0.000 0.000 0.000 0.000 0.126 0.211 0.328 0.473 0.635 0.792 0.919 0.991 0.993 1.000 0.974 0.882 0.742 0.580 0.422 0.285 0.179 0.105 0.000 0.000 0.000 0.000 0.000 0.000 0.000 0.000 0.000 0.000 0.000 0.000 0.000 0.000 0.000 0.000 0.000 0.000 0.000 0.000 
0.000 0.000 0.000 0.000 0.000 0.000 0.000 0.000 0.000 0.000 0.000 0.000 0.000 0.000 0.000 0.000 0.000 0.000 0.000 0.000 0.105 0.179 0.285 0.422 0.580 0.742 0.882 0.974 1.000 0.993 0.991 0.919 0.792 0.635 0.473 0.328 0.211 0.126 0.000 0.000 0.000 0.000 0.000 0.000 0.000 0.000 0.000 0.000 0.000 0.000 
0.000 0.000 0.000 0.000 0.000 0.000 0.000 0.000 0.000 0.000 0.000 0.000 0.000 0.000 0.000 0.000 0.000 0.000 0.000 0.000 0.000 0.000 0.000 0.000 0.000 0.000 0.000 0.000 0.000 0.151 0.246 0.373 0.526 0.689 0.839 0.950 0.999 0.977 0.999 0.950 0.839 0.689 0.526 0.373 0.246 0.151 0.000 0.000 0.000 0.000 
0.000 0.000 0.000 0.000 0.000 0.000 0.000 0.000 0.000 0.000 0.000 0.000 0.000 0.000 0.000 0.000 0.000 0.000 0.000 0.000 0.000 0.000 0.000 0.000 0.000 0.000 0.000 0.000 0.000 0.000 0.000 0.000 0.000 0.000 0.000 0.000 0.000 0.126 0.211 0.328 0.473 0.635 0.792 0.919 0.991 0.993 1.000 0.974 0.882 0.742 
# 1 0 50 32
-0.728 -0.939 -0.996 -0.869 -0.624 -0.368 -0.179 0.000 0.000 0.000 0.000 0.000 0.000 0.000 0.000 0.000 0.000 0.000 0.000 0.000 0.000 0.000 0.000 0.000 0.000 0.000 0.000 0.000 0.000 0.000 0.000 0.000 
-0.797 -0.816 -0.981 -0.970 -0.789 -0.528 -0.290 -0.131 0.000 0.000 0.000 0.000 0.000 0.000 0.000 0.000 0.000 0.000 0.000 0.000 0.000 0.000 0.000 0.000 0.000 0.000 0.000 0.000 0.000 0.000 0.000 0.000 
-0.927 -0.707 -0.892 -0.999 -0.921 -0.698 -0.435 -0.223 0.000 0.000 0.000 0.000 0.000 0.000 0.000 0.000 0.000 0.000 0.000 0.000 0.000 0.000 0.000 0.000 0.000 0.000 0.000 0.000 0.000 0.000 0.000 0.000 
-0.994 -0.860 -0.748 -0.950 -0.992 -0.852 -0.602 -0.350 -0.167 0.000 0.000 0.000 0.000 0.000 0.000 0.000 0.000 0.000 0.000 0.000 0.000 0.000 0.000 0.000 0.000 0.000 0.000 0.000 0.000 0.000 0.000 0.000 
-0.985 -0.965 -0.778 -0.834 -0.987 -0.961 -0.769 -0.507 -0.274 -0.122 0.000 0.000 0.000 0.000 0.000 0.000 0.000 0.000 0.000 0.000 0.000 0.000 0.000 0.000 0.000 0.000 0.000 0.000 0.000 0.000 0.000 0.000 
-0.900 -1.000 -0.914 -0.687 -0.907 -1.000 -0.907 -0.677 -0.415 -0.210 0.000 0.000 0.000 0.000 0.000 0.000 0.000 0.000 0.000 0.000 0.000 0.000 0.000 0.000 0.000 0.000 0.000 0.000 0.000 0.000 0.000 0.000 
-0.759 -0.956 -0.990 -0.843 -0.768 -0.961 -0.988 -0.835 -0.581 -0.332 -0.156 0.000 0.000 0.000 0.000 0.000 0.000 0.000 0.000 0.000 0.000 0.000 0.000 0.000 0.000 0.000 0.000 0.000 0.000 0.000 0.000 0.000 
-0.592 -0.844 -0.990 -0.956 -0.759 -0.852 -0.992 -0.951 -0.749 -0.486 -0.259 -0.114 0.000 0.000 0.000 0.000 0.000 0.000 0.000 0.000 0.000 0.000 0.000 0.000 0.000 0.000 0.000 0.000 0.000 0.000 0.000 0.000 
-0.425 -0.688 -0.914 -1.000 -0.899 -0.697 -0.920 -0.999 -0.893 -0.656 -0.396 -0.197 0.000 0.000 0.000 0.000 0.000 0.000 0.000 0.000 0.000 0.000 0.000 0.000 0.000 0.000 0.000 0.000 0.000 0.000 0.000 0.000 
-0.282 -0.517 -0.779 -0.966 -0.984 -0.825 -0.788 -0.970 -0.981 -0.817 -0.559 -0.315 -0.146 0.000 0.000 0.000 0.000 0.000 0.000 0.000 0.000 0.000 0.000 0.000 0.000 0.000 0.000 0.000 0.000 0.000 0.000 0.000 
-0.173 -0.359 -0.613 -0.861 -0.994 -0.945 -0.738 -0.868 -0.996 -0.940 -0.729 -0.465 -0.244 -0.105 0.000 0.000 0.000 0.000 0.000 0.000 0.000 0.000 0.000 0.000 0.000 0.000 0.000 0.000 0.000 0.000 0.000 0.000 
0.000 -0.230 -0.445 -0.708 -0.927 -0.999 -0.884 -0.718 -0.933 -0.998 -0.877 -0.634 -0.377 -0.185 0.000 0.000 0.000 0.000 0.000 0.000 0.000 0.000 0.000 0.000 0.000 0.000 0.000 0.000 0.000 0.000 0.000 0.000 
0.000 -0.136 -0.298 -0.538 -0.798 -0.974 -0.978 -0.807 -0.807 -0.978 -0.974 -0.798 -0.538 -0.298 -0.136 0.000 0.000 0.000 0.000 0.000 0.000 0.000 0.000 0.000 0.000 0.000 0.000 0.000 0.000 0.000 0.000 0.000 
0.000 0.000 -0.185 -0.377 -0.634 -0.877 -0.998 -0.933 -0.718 -0.884 -0.999 -0.927 -0.708 -0.445 -0.230 0.000 0.000 0.000 0.000 0.000 0.000 0.000 0.000 0.000 0.000 0.000 0.000 0.000 0.000 0.000 0.000 0.000 
0.000 0.000 -0.105 -0.244 -0.465 -0.729 -0.940 -0.996 -0.868 -0.738 -0.945 -0.994 -0.861 -0.613 -0.359 -0.173 0.000 0.000 0.000 0.000 0.000 0.000 0.000 0.000 0.000 0.000 0.000 0.000 0.000 0.000 0.000 0.000 
0.000 0.000 0.000 -0.146 -0.315 -0.559 -0.817 -0.981 -0.970 -0.788 -0.825 -0.984 -0.966 -0.779 -0.517 -0.282 -0.127 0.000 0.000 0.000 0.000 0.000 0.000 0.000 0.000 0.000 0.000 0.000 0.000 0.000 0.000 0.000 
0.000 0.000 0.000 0.000 -0.197 -0.396 -0.656 -0.893 -0.999 -0.920 -0.697 -0.899 -1.000 -0.914 -0.688 -0.425 -0.216 0.000 0.000 0.000 0.000 0.000 0.000 0.000 0.000 0.000 0.000 0.000 0.000 0.000 0.000 0.000 
0.000 0.000 0.000 0.000 -0.114 -0.259 -0.486 -0.749 -0.951 -0.992 -0.852 -0.759 -0.956 -0.990 -0.844 -0.592 -0.341 -0.162 0.000 0.000 0.000 0.000 0.000 0.000 0.000 0.000 0.000 0.000 0.000 0.000 0.000 0.000 
0.000 0.000 0.000 0.000 0.000 -0.156 -0.332 -0.581 -0.835 -0.988 -0.961 -0.768 -0.843 -0.990 -0.956 -0.759 -0.496 -0.267 -0.118 0.000 0.000 0.000 0.000 0.000 0.000 0.000 0.000 0.000 0.000 0.000 0.000 0.000 
0.000 0.000 0.000 0.000 0.000 0.000 -0.210 -0.415 -0.677 -0.907 -1.000 -0.907 -0.687 -0.914 -1.000 -0.900 -0.666 -0.406 -0.203 0.000 0.000 0.000 0.000 0.000 0.000 0.000 0.000 0.000 0.000 0.000 0.000 0.000 
0.000 0.000 0.000 0.000 0.000 0.000 -0.122 -0.274 -0.507 -0.769 -0.961 -0.987 -0.834 -0.778 -0.965 -0.985 -0.826 -0.570 -0.324 -0.151 0.000 0.000 0.000 0.000 0.000 0.000 0.000 0.000 0.000 0.000 0.000 0.000 
0.000 0.000 0.000 0.000 0.000 0.000 0.000 -0.167 -0.350 -0.602 -0.852 -0.992 -0.950 -0.748 -0.860 -0.994 -0.945 -0.739 -0.476 -0.252 -0.109 0.000 0.000 0.000 0.000 0.000 0.000 0.000 0.000 0.000 0.000 0.000 
0.000 0.000 0.000 0.000 0.000 0.000 0.000 0.000 -0.223 -0.435 -0.698 -0.921 -0.999 -0.892 -0.707 -0.927 -0.999 -0.885 -0.645 -0.387 -0.191 0.000 0.000 0.000 0.000 0.000 0.000 0.000 0.000 0.000 0.000 0.000 
0.000 0.000 0.000 0.000 0.000 0.000 0.000 0.000 -0.131 -0.290 -0.528 -0.789 -0.970 -0.981 -0.816 -0.797 -0.974 -0.978 -0.808 -0.549 -0.307 -0.141 0.000 0.000 0.000 0.000 0.000 0.000 0.000 0.000 0.000 0.000 
0.000 0.000 0.000 0.000 0.000 0.000 0.000 0.000 0.000 -0.179 -0.368 -0.624 -0.869 -0.996 -0.939 -0.728 -0.876 -0.997 -0.934 -0.719 -0.455 -0.237 -0.102 0.000 0.000 0.000 0.000 0.000 0.000 0.000 0.000 0.000 
0.000 0.000 0.000 0.000 0.000 0.000 0.000 0.000 0.000 -0.102 -0.237 -0.455 -0.719 -0.934 -0.997 -0.876 -0.728 -0.939 -0.996 -0.869 -0.624 -0.368 -0.179 0.000 0.000 0.000 0.000 0.000 0.000 0.000 0.000 0.000 
0.000 0.000 0.000 0.000 0.000 0.000 0.000 0.000 0.000 0.000 -0.141 -0.307 -0.549 -0.808 -0.978 -0.974 -0.797 -0.816 -0.981 -0.970 -0.789 -0.528 -0.290 -0.131 0.000 0.000 0.000 0.000 0.000 0.000 0.000 0.000 
0.000 0.000 0.000 0.000 0.000 0.000 0.000 0.000 0.000 0.000 0.000 -0.191 -0.387 -0.645 -0.885 -0.999 -0.927 -0.707 -0.892 -0.999 -0.921 -0.698 -0.435 -0.223 0.000 0.000 0.000 0.000 0.000 0.000 0.000 0.000 
0.000 0.000 0.000 0.000 0.000 0.000 0.000 0.000 0.000 0.000 0.000 -0.109 -0.252 -0.476 -0.739 -0.945 -0.994 -0.860 -0.748 -0.950 -0.992 -0.852 -0.602 -0.350 -0.167 0.000 0.000 0.000 0.000 0.000 0.000 0.000 
0.000 0.000 0.000 0.000 0.000 0.000 0.000 0.000 0.000 0.000 0.000 0.000 -0.151 -0.324 -0.570 -0.826 -0.985 -0.965 -0.778 -0.834 -0.987 -0.961 -0.769 -0.507 -0.274 -0.122 0.000 0.000 0.000 0.000 0.000 0.000 
0.000 0.000 0.000 0.000 0.000 0.000 0.000 0.000 0.000 0.000 0.000 0.000 0.000 -0.203 -0.406 -0.666 -0.900 -1.000 -0.914 -0.687 -0.907 -1.000 -0.907 -0.677 -0.415 -0.210 0.000 0.000 0.000 0.000 0.000 0.000 
0.000 0.000 0.000 0.000 0.000 0.000 0.000 0.000 0.000 0.000 0.000 0.000 0.000 -0.118 -0.267 -0.496 -0.759 -0.956 -0.990 -0.843 -0.768 -0.961 -0.988 -0.835 -0.581 -0.332 -0.156 0.000 0.000 0.000 0.000 0.000 
0.000 0.000 0.000 0.000 0.000 0.000 0.000 0.000 0.000 0.000 0.000 0.000 0.000 0.000 -0.162 -0.341 -0.592 -0.844 -0.990 -0.956 -0.759 -0.852 -0.992 -0.951 -0.749 -0.486 -0.259 -0.114 0.000 0.000 0.000 0.000 
0.000 0.000 0.000 0.000 0.000 0.000 0.000 0.000 0.000 0.000 0.000 0.000 0.000 0.000 0.000 -0.216 -0.425 -0.688 -0.914 -1.000 -0.899 -0.697 -0.920 -0.999 -0.893 -0.656 -0.396 -0.197 0.000 0.000 0.000 0.000 
0.000 0.000 0.000 0.000 0.000 0.000 0.000 0.000 0.000 0.000 0.000 0.000 0.000 0.000 0.000 -0.127 -0.282 -0.517 -0.779 -0.966 -0.984 -0.825 -0.788 -0.970 -0.981 -0.817 -0.559 -0.315 -0.146 0.000 0.000 0.000 
0.000 0.000 0.000 0.000 0.000 0.000 0.000 0.000 0.000 0.000 0.000 0.000 0.000 0.000 0.000 0.000 -0.173 -0.359 -0.613 -0.861 -0.994 -0.945 -0.738 -0.868 -0.996 -0.940 -0.729 -0.465 -0.244 -0.105 0.000 0.000 
0.000 0.000 0.000 0.000 0.000 0.000 0.000 0.000 0.000 0.000 0.000 0.000 0.000 0.000 0.000 0.000 0.000 -0.230 -0.445 -0.708 -0.927 -0.999 -0.884 -0.718 -0.933 -0.998 -0.877 -0.634 -0.377 -0.185 0.000 0.000 
0.000 0.000 0.000 0.000 0.000 0.000 0.000 0.000 0.000 0.000 0.000 0.000 0.000 0.000 0.000 0.000 0.000 -0.136 -0.298 -0.538 -0.798 -0.974 -0.978 -0.807 -0.807 -0.978 -0.974 -0.798 -0.538 -0.298 -0.136 0.000 
0.000 0.000 0.000 0.000 0.000 0.000 0.000 0.000 0.000 0.000 0.000 0.000 0.000 0.000 0.000 0.000 0.000 0.000 -0.185 -0.377 -0.634 -0.877 -0.998 -0.933 -0.718 -0.884 -0.999 -0.927 -0.708 -0.445 -0.230 0.000 
0.000 0.000 0.000 0.000 0.000 0.000 0.000 0.000 0.000 0.000 0.000 0.000 0.000 0.000 0.000 0.000 0.000 0.000 -0.105 -0.244 -0.465 -0.729 -0.940 -0.996 -0.868 -0.738 -0.945 -0.994 -0.861 -0.613 -0.359 -0.173 
0.000 0.000 0.000 0.000 0.000 0.000 0.000 0.000 0.000 0.000 0.000 0.000 0.000 0.000 0.000 0.000 0.000 0.000 0.000 -0.146 -0.315 -0.559 -0.817 -0.981 -0.970 -0.788 -0.825 -0.984 -0.966 -0.779 -0.517 -0.282 
0.000 0.000 0.000 0.000 0.000 0.000 0.000 0.000 0.000 0.000 0.000 0.000 0.000 0.000 0.000 0.000 0.000 0.000 0.000 0.000 -0.197 -0.396 -0.656 -0.893 -0.999 -0.920 -0.697 -0.899 -1.000 -0.914 -0.688 -0.425 
0.000 0.000 0.000 0.000 0.000 0.000 0.000 0.000 0.000 0.000 0.000 0.000 0.000 0.000 0.000 0.000 0.000 0.000 0.000 0.000 -0.114 -0.259 -0.486 -0.749 -0.951 -0.992 -0.852 -0.759 -0.956 -0.990 -0.844 -0.592 
0.000 0.000 0.000 0.000 0.000 0.000 0.000 0.000 0.000 0.000 0.000 0.000 0.000 0.000 0.000 0.000 0.000 0.000 0.000 0.000 0.000 -0.156 -0.332 -0.581 -0.835 -0.988 -0.961 -0.768 -0.843 -0.990 -0.956 -0.759 
0.000 0.000 0.000 0.000 0.000 0.000 0.000 0.000 0.000 0.000 0.000 0.000 0.000 0.000 0.000 0.000 0.000 0.000 0.000 0.000 0.000 0.000 -0.210 -0.415 -0.677 -0.907 -1.000 -0.907 -0.687 -0.914 -1.000 -0.900 
0.000 0.000 0.000 0.000 0.000 0.000 0.000 0.000 0.000 0.000 0.000 0.000 0.000 0.000 0.000 0.000 0.000 0.000 0.000 0.000 0.000 0.000 -0.122 -0.274 -0.507 -0.769 -0.961 -0.987 -0.834 -0.778 -0.965 -0.985 
0.000 0.000 0.000 0.000 0.000 0.000 0.000 0.000 0.000 0.000 0.000 0.000 0.000 0.000 0.000 0.000 0.000 0.000 0.000 0.000 0.000 0.000 0.000 -0.167 -0.350 -0.602 -0.852 -0.992 -0.950 -0.748 -0.860 -0.994 
0.000 0.000 0.000 0.000 0.000 0.000 0.000 0.000 0.000 0.000 0.000 0.000 0.000 0.000 0.000 0.000 0.000 0.000 0.000 0.000 0.000 0.000 0.000 0.000 -0.223 -0.435 -0.698 -0.921 -0.999 -0.892 -0.707 -0.927 
0.000 0.000 0.000 0.000 0.000 0.000 0.000 0.000 0.000 0.000 0.000 0.000 0.000 0.000 0.000 0.000 0.000 0.000 0.000 0.000 0.000 0.000 0.000 0.000 -0.131 -0.290 -0.528 -0.789 -0.970 -0.981 -0.816 -0.797 
0.000 0.000 0.000 0.000 0.000 0.000 0.000 0.000 0.000 0.000 0.000 0.000 0.000 0.000 0.000 0.000 0.000 0.000 0.000 0.000 0.000 0.000 0.000 0.000 0.000 -0.179 -0.368 -0.624 -0.869 -0.996 -0.939 -0.728 
