3.714797
5
# 0 1 43 50
0.000 0.000 0.000 0.000 0.000 0.126 0.201 0.303 0.430 0.574 0.722 0.854 0.951 0.998 0.985 0.915 0.800 0.659 0.511 0.373 0.256 0.166 0.101 0.000 0.000 0.000 0.000 0.000 0.000 0.000 0.000 0.000 0.000 0.000 0.000 0.000 0.000 0.000 0.000 0.000 0.000 0.000 0.000 0.000 0.000 0.000 0.000 0.000 0.000 0.000 
0.000 0.000 0.000 0.000 0.000 0.000 0.116 0.187 0.285 0.408 0.550 0.698 0.834 0.939 0.994 0.991 0.930 0.821 0.683 0.535 0.394 0.273 0.179 0.110 0.000 0.000 0.000 0.000 0.000 0.000 0.000 0.000 0.000 0.000 0.000 0.000 0.000 0.000 0.000 0.000 0.000 0.000 0.000 0.000 0.000 0.000 0.000 0.000 0.000 0.000 
0.000 0.000 0.000 0.000 0.000 0.000 0.000 0.107 0.174 0.267 0.387 0.526 0.675 0.814 0.925 0.989 0.995 0.943 0.842 0.707 0.559 0.416 0.291 0.192 0.119 0.000 0.000 0.000 0.000 0.000 0.000 0.000 0.000 0.000 0.000 0.000 0.000 0.000 0.000 0.000 0.000 0.000 0.000 0.000 0.000 0.000 0.000 0.000 0.000 0.000 
0.000 0.000 0.000 0.000 0.000 0.000 0.000 0.000 0.000 0.161 0.250 0.365 0.503 0.651 0.793 0.909 0.982 0.998 0.956 0.861 0.730 0.583 0.438 0.310 0.207 0.130 0.000 0.000 0.000 0.000 0.000 0.000 0.000 0.000 0.000 0.000 0.000 0.000 0.000 0.000 0.000 0.000 0.000 0.000 0.000 0.000 0.000 0.000 0.000 0.000 
0.115 0.000 0.000 0.000 0.000 0.000 0.000 0.000 0.000 0.000 0.149 0.234 0.345 0.479 0.626 0.771 0.893 0.974 1.000 0.966 0.879 0.753 0.607 0.461 0.329 0.222 0.140 0.000 0.000 0.000 0.000 0.000 0.000 0.000 0.000 0.000 0.000 0.000 0.000 0.000 0.000 0.000 0.000 0.000 0.000 0.000 0.000 0.000 0.000 0.000 
0.199 0.124 0.000 0.000 0.000 0.000 0.000 0.000 0.000 0.000 0.000 0.138 0.218 0.325 0.456 0.602 0.748 0.875 0.964 1.000 0.976 0.897 0.776 0.632 0.484 0.349 0.237 0.152 0.000 0.000 0.000 0.000 0.000 0.000 0.000 0.000 0.000 0.000 0.000 0.000 0.000 0.000 0.000 0.000 0.000 0.000 0.000 0.000 0.000 0.000 
0.320 0.214 0.135 0.000 0.000 0.000 0.000 0.000 0.000 0.000 0.000 0.000 0.127 0.203 0.306 0.433 0.578 0.725 0.857 0.953 0.998 0.984 0.913 0.797 0.656 0.508 0.370 0.254 0.164 0.000 0.000 0.000 0.000 0.000 0.000 0.000 0.000 0.000 0.000 0.000 0.000 0.000 0.000 0.000 0.000 0.000 0.000 0.000 0.000 0.000 
0.472 0.339 0.229 0.146 0.000 0.000 0.000 0.000 0.000 0.000 0.000 0.000 0.000 0.117 0.189 0.288 0.411 0.554 0.702 0.837 0.941 0.995 0.990 0.928 0.818 0.680 0.531 0.391 0.271 0.177 0.109 0.000 0.000 0.000 0.000 0.000 0.000 0.000 0.000 0.000 0.000 0.000 0.000 0.000 0.000 0.000 0.000 0.000 0.000 0.000 
0.644 0.496 0.360 0.245 0.158 0.000 0.000 0.000 0.000 0.000 0.000 0.000 0.000 0.000 0.108 0.176 0.270 0.390 0.530 0.678 0.817 0.927 0.990 0.995 0.942 0.839 0.703 0.555 0.413 0.289 0.190 0.118 0.000 0.000 0.000 0.000 0.000 0.000 0.000 0.000 0.000 0.000 0.000 0.000 0.000 0.000 0.000 0.000 0.000 0.000 
0.808 0.668 0.519 0.380 0.262 0.170 0.104 0.000 0.000 0.000 0.000 0.000 0.000 0.000 0.000 0.000 0.163 0.253 0.368 0.506 0.654 0.796 0.912 0.983 0.998 0.954 0.858 0.727 0.580 0.435 0.307 0.204 0.128 0.000 0.000 0.000 0.000 0.000 0.000 0.000 0.000 0.000 0.000 0.000 0.000 0.000 0.000 0.000 0.000 0.000 
0.935 0.829 0.692 0.543 0.402 0.280 0.183 0.113 0.000 0.000 0.000 0.000 0.000 0.000 0.000 0.000 0.000 0.151 0.236 0.348 0.482 0.630 0.774 0.895 0.975 1.000 0.965 0.877 0.750 0.604 0.458 0.327 0.219 0.139 0.000 0.000 0.000 0.000 0.000 0.000 0.000 0.000 0.000 0.000 0.000 0.000 0.000 0.000 0.000 0.000 
0.997 0.948 0.849 0.715 0.567 0.424 0.298 0.197 0.123 0.000 0.000 0.000 0.000 0.000 0.000 0.000 0.000 0.000 0.140 0.220 0.328 0.459 0.606 0.752 0.878 0.966 1.000 0.975 0.894 0.772 0.628 0.481 0.346 0.235 0.150 0.000 0.000 0.000 0.000 0.000 0.000 0.000 0.000 0.000 0.000 0.000 0.000 0.000 0.000 0.000 
0.979 0.999 0.960 0.868 0.738 0.592 0.446 0.317 0.212 0.133 0.000 0.000 0.000 0.000 0.000 0.000 0.000 0.000 0.000 0.129 0.206 0.309 0.437 0.581 0.729 0.860 0.955 0.998 0.983 0.911 0.794 0.652 0.504 0.367 0.251 0.162 0.000 0.000 0.000 0.000 0.000 0.000 0.000 0.000 0.000 0.000 0.000 0.000 0.000 0.000 
0.887 0.971 1.000 0.970 0.886 0.761 0.616 0.469 0.336 0.227 0.144 0.000 0.000 0.000 0.000 0.000 0.000 0.000 0.000 0.000 0.119 0.191 0.290 0.414 0.557 0.705 0.840 0.942 0.995 0.989 0.926 0.815 0.676 0.528 0.388 0.268 0.175 0.107 0.000 0.000 0.000 0.000 0.000 0.000 0.000 0.000 0.000 0.000 0.000 0.000 
0.740 0.869 0.960 0.999 0.979 0.903 0.783 0.640 0.492 0.357 0.243 0.156 0.000 0.000 0.000 0.000 0.000 0.000 0.000 0.000 0.000 0.109 0.178 0.272 0.393 0.533 0.681 0.820 0.929 0.990 0.994 0.940 0.836 0.700 0.552 0.410 0.286 0.188 0.117 0.000 0.000 0.000 0.000 0.000 0.000 0.000 0.000 0.000 0.000 0.000 
0.569 0.717 0.850 0.949 0.997 0.986 0.918 0.805 0.664 0.516 0.377 0.260 0.168 0.103 0.000 0.000 0.000 0.000 0.000 0.000 0.000 0.000 0.100 0.165 0.255 0.371 0.509 0.657 0.799 0.914 0.984 0.998 0.952 0.856 0.724 0.576 0.432 0.305 0.202 0.127 0.000 0.000 0.000 0.000 0.000 0.000 0.000 0.000 0.000 0.000 
0.403 0.545 0.693 0.830 0.936 0.993 0.992 0.933 0.826 0.688 0.540 0.399 0.277 0.181 0.112 0.000 0.000 0.000 0.000 0.000 0.000 0.000 0.000 0.000 0.153 0.238 0.351 0.486 0.633 0.777 0.898 0.976 1.000 0.963 0.874 0.747 0.600 0.454 0.324 0.217 0.137 0.000 0.000 0.000 0.000 0.000 0.000 0.000 0.000 0.000 
0.264 0.382 0.521 0.669 0.810 0.922 0.988 0.996 0.946 0.846 0.712 0.564 0.421 0.295 0.195 0.121 0.000 0.000 0.000 0.000 0.000 0.000 0.000 0.000 0.000 0.141 0.223 0.331 0.463 0.609 0.755 0.881 0.967 1.000 0.973 0.892 0.769 0.625 0.477 0.344 0.233 0.148 0.000 0.000 0.000 0.000 0.000 0.000 0.000 0.000 
0.159 0.247 0.361 0.498 0.645 0.788 0.906 0.980 0.999 0.958 0.865 0.735 0.588 0.443 0.314 0.210 0.132 0.000 0.000 0.000 0.000 0.000 0.000 0.000 0.000 0.000 0.130 0.208 0.311 0.440 0.585 0.732 0.862 0.956 0.999 0.982 0.908 0.791 0.649 0.501 0.364 0.249 0.160 0.000 0.000 0.000 0.000 0.000 0.000 0.000 
0.000 0.147 0.231 0.341 0.474 0.621 0.766 0.889 0.972 1.000 0.969 0.883 0.758 0.612 0.466 0.334 0.225 0.143 0.000 0.000 0.000 0.000 0.000 0.000 0.000 0.000 0.000 0.120 0.193 0.293 0.418 0.561 0.709 0.843 0.944 0.996 0.988 0.924 0.813 0.673 0.525 0.385 0.266 0.173 0.106 0.000 0.000 0.000 0.000 0.000 
0.000 0.000 0.136 0.215 0.321 0.451 0.597 0.743 0.872 0.962 0.999 0.978 0.900 0.780 0.637 0.489 0.354 0.241 0.154 0.000 0.000 0.000 0.000 0.000 0.000 0.000 0.000 0.000 0.110 0.180 0.275 0.396 0.537 0.685 0.823 0.931 0.991 0.994 0.938 0.833 0.697 0.549 0.407 0.284 0.186 0.115 0.000 0.000 0.000 0.000 
0.000 0.000 0.000 0.125 0.200 0.302 0.429 0.573 0.720 0.853 0.951 0.997 0.985 0.916 0.802 0.661 0.513 0.374 0.257 0.167 0.102 0.000 0.000 0.000 0.000 0.000 0.000 0.000 0.000 0.102 0.167 0.257 0.374 0.513 0.661 0.802 0.916 0.985 0.997 0.951 0.853 0.720 0.573 0.429 0.302 0.200 0.125 0.000 0.000 0.000 
0.000 0.000 0.000 0.000 0.115 0.186 0.284 0.407 0.549 0.697 0.833 0.938 0.994 0.991 0.931 0.823 0.685 0.537 0.396 0.275 0.180 0.110 0.000 0.000 0.000 0.000 0.000 0.000 0.000 0.000 0.000 0.154 0.241 0.354 0.489 0.637 0.780 0.900 0.978 0.999 0.962 0.872 0.743 0.597 0.451 0.321 0.215 0.136 0.000 0.000 
0.000 0.000 0.000 0.000 0.000 0.106 0.173 0.266 0.385 0.525 0.673 0.813 0.924 0.988 0.996 0.944 0.843 0.709 0.561 0.418 0.293 0.193 0.120 0.000 0.000 0.000 0.000 0.000 0.000 0.000 0.000 0.000 0.143 0.225 0.334 0.466 0.612 0.758 0.883 0.969 1.000 0.972 0.889 0.766 0.621 0.474 0.341 0.231 0.147 0.000 
0.000 0.000 0.000 0.000 0.000 0.000 0.000 0.160 0.249 0.364 0.501 0.649 0.791 0.908 0.982 0.999 0.956 0.862 0.732 0.585 0.440 0.311 0.208 0.130 0.000 0.000 0.000 0.000 0.000 0.000 0.000 0.000 0.000 0.132 0.210 0.314 0.443 0.588 0.735 0.865 0.958 0.999 0.980 0.906 0.788 0.645 0.498 0.361 0.247 0.159 
0.000 0.000 0.000 0.000 0.000 0.000 0.000 0.000 0.148 0.233 0.344 0.477 0.625 0.769 0.892 0.973 1.000 0.967 0.881 0.755 0.609 0.463 0.331 0.223 0.141 0.000 0.000 0.000 0.000 0.000 0.000 0.000 0.000 0.000 0.121 0.195 0.295 0.421 0.564 0.712 0.846 0.946 0.996 0.988 0.922 0.810 0.669 0.521 0.382 0.264 
0.000 0.000 0.000 0.000 0.000 0.000 0.000 0.000 0.000 0.137 0.217 0.324 0.454 0.600 0.747 0.874 0.963 1.000 0.976 0.898 0.777 0.633 0.486 0.351 0.238 0.153 0.000 0.000 0.000 0.000 0.000 0.000 0.000 0.000 0.000 0.112 0.181 0.277 0.399 0.540 0.688 0.826 0.933 0.992 0.993 0.936 0.830 0.693 0.545 0.403 
0.000 0.000 0.000 0.000 0.000 0.000 0.000 0.000 0.000 0.000 0.127 0.202 0.305 0.432 0.576 0.724 0.856 0.952 0.998 0.984 0.914 0.799 0.657 0.509 0.371 0.255 0.165 0.100 0.000 0.000 0.000 0.000 0.000 0.000 0.000 0.000 0.103 0.168 0.260 0.377 0.516 0.664 0.805 0.918 0.986 0.997 0.949 0.850 0.717 0.569 
0.000 0.000 0.000 0.000 0.000 0.000 0.000 0.000 0.000 0.000 0.000 0.117 0.188 0.286 0.410 0.552 0.700 0.836 0.940 0.994 0.990 0.929 0.820 0.681 0.533 0.393 0.272 0.178 0.109 0.000 0.000 0.000 0.000 0.000 0.000 0.000 0.000 0.000 0.156 0.243 0.357 0.492 0.640 0.783 0.903 0.979 0.999 0.960 0.869 0.740 
0.000 0.000 0.000 0.000 0.000 0.000 0.000 0.000 0.000 0.000 0.000 0.000 0.107 0.175 0.268 0.388 0.528 0.676 0.815 0.926 0.989 0.995 0.942 0.840 0.705 0.557 0.414 0.290 0.191 0.119 0.000 0.000 0.000 0.000 0.000 0.000 0.000 0.000 0.000 0.144 0.227 0.336 0.469 0.616 0.761 0.886 0.970 1.000 0.971 0.887 
0.000 0.000 0.000 0.000 0.000 0.000 0.000 0.000 0.000 0.000 0.000 0.000 0.000 0.000 0.162 0.251 0.367 0.504 0.652 0.794 0.911 0.983 0.998 0.955 0.860 0.729 0.581 0.437 0.309 0.206 0.129 0.000 0.000 0.000 0.000 0.000 0.000 0.000 0.000 0.000 0.133 0.212 0.317 0.446 0.592 0.738 0.868 0.960 0.999 0.979 
0.000 0.000 0.000 0.000 0.000 0.000 0.000 0.000 0.000 0.000 0.000 0.000 0.000 0.000 0.000 0.150 0.235 0.346 0.481 0.628 0.772 0.894 0.975 1.000 0.966 0.878 0.752 0.606 0.459 0.328 0.220 0.140 0.000 0.000 0.000 0.000 0.000 0.000 0.000 0.000 0.000 0.123 0.197 0.298 0.424 0.567 0.715 0.849 0.948 0.997 
0.000 0.000 0.000 0.000 0.000 0.000 0.000 0.000 0.000 0.000 0.000 0.000 0.000 0.000 0.000 0.000 0.139 0.219 0.327 0.458 0.604 0.750 0.877 0.965 1.000 0.975 0.895 0.774 0.630 0.482 0.348 0.236 0.151 0.000 0.000 0.000 0.000 0.000 0.000 0.000 0.000 0.000 0.113 0.183 0.280 0.402 0.543 0.692 0.829 0.935 
0.000 0.000 0.000 0.000 0.000 0.000 0.000 0.000 0.000 0.000 0.000 0.000 0.000 0.000 0.000 0.000 0.000 0.128 0.204 0.307 0.435 0.580 0.727 0.858 0.954 0.998 0.983 0.912 0.796 0.654 0.506 0.368 0.253 0.163 0.000 0.000 0.000 0.000 0.000 0.000 0.000 0.000 0.000 0.104 0.170 0.262 0.380 0.519 0.668 0.808 
0.000 0.000 0.000 0.000 0.000 0.000 0.000 0.000 0.000 0.000 0.000 0.000 0.000 0.000 0.000 0.000 0.000 0.000 0.118 0.190 0.289 0.413 0.555 0.703 0.839 0.942 0.995 0.990 0.927 0.817 0.678 0.530 0.390 0.270 0.176 0.108 0.000 0.000 0.000 0.000 0.000 0.000 0.000 0.000 0.000 0.158 0.245 0.360 0.496 0.644 
0.000 0.000 0.000 0.000 0.000 0.000 0.000 0.000 0.000 0.000 0.000 0.000 0.000 0.000 0.000 0.000 0.000 0.000 0.000 0.109 0.177 0.271 0.391 0.531 0.680 0.818 0.928 0.990 0.995 0.941 0.837 0.702 0.554 0.411 0.288 0.189 0.117 0.000 0.000 0.000 0.000 0.000 0.000 0.000 0.000 0.000 0.146 0.229 0.339 0.472 
0.000 0.000 0.000 0.000 0.000 0.000 0.000 0.000 0.000 0.000 0.000 0.000 0.000 0.000 0.000 0.000 0.000 0.000 0.000 0.000 0.000 0.164 0.254 0.370 0.508 0.656 0.797 0.913 0.984 0.998 0.953 0.857 0.725 0.578 0.433 0.306 0.203 0.127 0.000 0.000 0.000 0.000 0.000 0.000 0.000 0.000 0.000 0.135 0.214 0.320 
0.000 0.000 0.000 0.000 0.000 0.000 0.000 0.000 0.000 0.000 0.000 0.000 0.000 0.000 0.000 0.000 0.000 0.000 0.000 0.000 0.000 0.000 0.152 0.237 0.349 0.484 0.632 0.776 0.897 0.976 1.000 0.964 0.875 0.748 0.602 0.456 0.325 0.218 0.138 0.000 0.000 0.000 0.000 0.000 0.000 0.000 0.000 0.000 0.124 0.199 
0.000 0.000 0.000 0.000 0.000 0.000 0.000 0.000 0.000 0.000 0.000 0.000 0.000 0.000 0.000 0.000 0.000 0.000 0.000 0.000 0.000 0.000 0.000 0.140 0.222 0.329 0.461 0.607 0.753 0.879 0.966 1.000 0.974 0.893 0.771 0.626 0.479 0.345 0.234 0.149 0.000 0.000 0.000 0.000 0.000 0.000 0.000 0.000 0.000 0.115 
0.000 0.000 0.000 0.000 0.000 0.000 0.000 0.000 0.000 0.000 0.000 0.000 0.000 0.000 0.000 0.000 0.000 0.000 0.000 0.000 0.000 0.000 0.000 0.000 0.130 0.207 0.310 0.438 0.583 0.730 0.861 0.956 0.998 0.982 0.909 0.793 0.651 0.503 0.365 0.250 0.161 0.000 0.000 0.000 0.000 0.000 0.000 0.000 0.000 0.000 
0.000 0.000 0.000 0.000 0.000 0.000 0.000 0.000 0.000 0.000 0.000 0.000 0.000 0.000 0.000 0.000 0.000 0.000 0.000 0.000 0.000 0.000 0.000 0.000 0.000 0.119 0.192 0.291 0.416 0.559 0.707 0.842 0.943 0.995 0.989 0.925 0.814 0.675 0.526 0.387 0.267 0.174 0.107 0.000 0.000 0.000 0.000 0.000 0.000 0.000 
0.000 0.000 0.000 0.000 0.000 0.000 0.000 0.000 0.000 0.000 0.000 0.000 0.000 0.000 0.000 0.000 0.000 0.000 0.000 0.000 0.000 0.000 0.000 0.000 0.000 0.000 0.110 0.179 0.273 0.394 0.535 0.683 0.821 0.930 0.991 0.994 0.939 0.834 0.698 0.550 0.408 0.285 0.187 0.116 0.000 0.000 0.000 0.000 0.000 0.000 
0.000 0.000 0.000 0.000 0.000 0.000 0.000 0.000 0.000 0.000 0.000 0.000 0.000 0.000 0.000 0.000 0.000 0.000 0.000 0.000 0.000 0.000 0.000 0.000 0.000 0.000 0.000 0.101 0.166 0.256 0.373 0.511 0.659 0.800 0.915 0.985 0.998 0.951 0.854 0.722 0.574 0.430 0.303 0.201 0.126 0.000 0.000 0.000 0.000 0.000 
# 0 2 2 50
0.958 0.865 0.734 0.587 0.442 0.313 0.209 0.131 0.000 0.000 0.000 0.000 0.000 0.000 0.000 0.000 0.000 0.131 0.209 0.313 0.442 0.587 0.734 0.865 0.958 1.000 0.982 0.908 0.791 0.648 0.500 0.363 0.248 0.160 0.000 0.000 0.000 0.000 0.000 0.000 0.000 0.000 0.000 0.000 0.000 0.000 0.000 0.000 0.000 0.000 
0.000 0.000 0.000 0.000 0.000 0.000 0.000 0.000 0.000 0.000 0.000 0.000 0.000 0.000 0.000 0.000 0.160 0.248 0.363 0.500 0.648 0.791 0.908 0.982 1.000 0.958 0.865 0.734 0.587 0.442 0.313 0.209 0.131 0.000 0.000 0.000 0.000 0.000 0.000 0.000 0.000 0.000 0.131 0.209 0.313 0.442 0.587 0.734 0.865 0.958 
# 0 3 17 50
0.000 0.000 0.000 0.000 0.000 0.000 0.133 0.211 0.316 0.446 0.591 0.738 0.867 0.959 0.999 0.980 0.904 0.786 0.643 0.495 0.359 0.245 0.157 0.000 0.000 0.000 0.000 0.000 0.000 0.000 0.000 0.000 0.000 0.000 0.000 0.000 0.000 0.000 0.000 0.000 0.000 0.000 0.000 0.000 0.000 0.000 0.000 0.000 0.000 0.000 
0.000 0.000 0.000 0.000 0.000 0.000 0.000 0.000 0.000 0.137 0.217 0.323 0.454 0.600 0.746 0.874 0.963 1.000 0.977 0.898 0.778 0.634 0.486 0.351 0.239 0.153 0.000 0.000 0.000 0.000 0.000 0.000 0.000 0.000 0.000 0.000 0.000 0.000 0.000 0.000 0.000 0.000 0.000 0.000 0.000 0.000 0.000 0.000 0.000 0.000 
0.296 0.196 0.122 0.000 0.000 0.000 0.000 0.000 0.000 0.000 0.000 0.000 0.141 0.222 0.330 0.462 0.608 0.754 0.880 0.967 1.000 0.973 0.892 0.770 0.625 0.478 0.344 0.233 0.149 0.000 0.000 0.000 0.000 0.000 0.000 0.000 0.000 0.000 0.000 0.000 0.000 0.000 0.000 0.000 0.000 0.000 0.000 0.000 0.000 0.000 
0.704 0.556 0.413 0.289 0.191 0.118 0.000 0.000 0.000 0.000 0.000 0.000 0.000 0.000 0.000 0.145 0.228 0.337 0.470 0.617 0.762 0.886 0.970 1.000 0.970 0.886 0.762 0.616 0.470 0.337 0.227 0.145 0.000 0.000 0.000 0.000 0.000 0.000 0.000 0.000 0.000 0.000 0.000 0.000 0.000 0.000 0.000 0.000 0.000 0.000 
0.993 0.937 0.832 0.695 0.547 0.405 0.283 0.186 0.115 0.000 0.000 0.000 0.000 0.000 0.000 0.000 0.000 0.000 0.149 0.234 0.345 0.479 0.626 0.770 0.893 0.974 1.000 0.967 0.880 0.754 0.608 0.461 0.330 0.222 0.141 0.000 0.000 0.000 0.000 0.000 0.000 0.000 0.000 0.000 0.000 0.000 0.000 0.000 0.000 0.000 
0.831 0.937 0.993 0.992 0.932 0.825 0.687 0.539 0.398 0.276 0.181 0.111 0.000 0.000 0.000 0.000 0.000 0.000 0.000 0.000 0.000 0.153 0.239 0.352 0.487 0.635 0.778 0.899 0.977 1.000 0.963 0.873 0.745 0.599 0.453 0.323 0.216 0.137 0.000 0.000 0.000 0.000 0.000 0.000 0.000 0.000 0.000 0.000 0.000 0.000 
0.413 0.555 0.703 0.839 0.941 0.995 0.990 0.927 0.817 0.678 0.530 0.390 0.270 0.176 0.108 0.000 0.000 0.000 0.000 0.000 0.000 0.000 0.000 0.000 0.158 0.245 0.359 0.496 0.643 0.786 0.905 0.980 0.999 0.959 0.866 0.737 0.590 0.445 0.316 0.211 0.133 0.000 0.000 0.000 0.000 0.000 0.000 0.000 0.000 0.000 
0.121 0.195 0.295 0.421 0.564 0.712 0.846 0.946 0.996 0.988 0.922 0.810 0.670 0.521 0.382 0.264 0.171 0.105 0.000 0.000 0.000 0.000 0.000 0.000 0.000 0.000 0.000 0.162 0.251 0.367 0.504 0.652 0.794 0.910 0.983 0.998 0.955 0.860 0.729 0.581 0.437 0.309 0.206 0.129 0.000 0.000 0.000 0.000 0.000 0.000 
0.000 0.000 0.000 0.125 0.200 0.302 0.429 0.573 0.720 0.853 0.951 0.997 0.985 0.916 0.802 0.661 0.513 0.374 0.257 0.167 0.102 0.000 0.000 0.000 0.000 0.000 0.000 0.000 0.000 0.102 0.167 0.257 0.374 0.513 0.661 0.802 0.916 0.985 0.997 0.951 0.853 0.720 0.573 0.429 0.302 0.200 0.125 0.000 0.000 0.000 
0.000 0.000 0.000 0.000 0.000 0.000 0.129 0.206 0.309 0.437 0.581 0.729 0.860 0.955 0.998 0.983 0.910 0.794 0.652 0.504 0.367 0.251 0.162 0.000 0.000 0.000 0.000 0.000 0.000 0.000 0.000 0.000 0.105 0.171 0.264 0.382 0.521 0.670 0.810 0.922 0.988 0.996 0.946 0.846 0.712 0.564 0.421 0.295 0.195 0.121 
0.000 0.000 0.000 0.000 0.000 0.000 0.000 0.000 0.000 0.133 0.211 0.316 0.445 0.590 0.737 0.866 0.959 0.999 0.980 0.905 0.786 0.643 0.496 0.359 0.245 0.158 0.000 0.000 0.000 0.000 0.000 0.000 0.000 0.000 0.000 0.108 0.176 0.270 0.390 0.530 0.678 0.817 0.927 0.990 0.995 0.941 0.839 0.703 0.555 0.413 
0.000 0.000 0.000 0.000 0.000 0.000 0.000 0.000 0.000 0.000 0.000 0.000 0.137 0.216 0.323 0.453 0.599 0.745 0.873 0.963 1.000 0.977 0.899 0.778 0.635 0.487 0.352 0.239 0.153 0.000 0.000 0.000 0.000 0.000 0.000 0.000 0.000 0.000 0.111 0.181 0.276 0.398 0.539 0.687 0.825 0.932 0.992 0.993 0.937 0.831 
0.000 0.000 0.000 0.000 0.000 0.000 0.000 0.000 0.000 0.000 0.000 0.000 0.000 0.000 0.000 0.141 0.222 0.330 0.461 0.608 0.754 0.880 0.967 1.000 0.974 0.893 0.770 0.626 0.479 0.345 0.234 0.149 0.000 0.000 0.000 0.000 0.000 0.000 0.000 0.000 0.000 0.115 0.186 0.283 0.405 0.547 0.695 0.832 0.937 0.993 
0.000 0.000 0.000 0.000 0.000 0.000 0.000 0.000 0.000 0.000 0.000 0.000 0.000 0.000 0.000 0.000 0.000 0.000 0.145 0.227 0.337 0.470 0.616 0.762 0.886 0.970 1.000 0.970 0.886 0.762 0.617 0.470 0.337 0.228 0.145 0.000 0.000 0.000 0.000 0.000 0.000 0.000 0.000 0.000 0.118 0.191 0.289 0.413 0.556 0.704 
0.000 0.000 0.000 0.000 0.000 0.000 0.000 0.000 0.000 0.000 0.000 0.000 0.000 0.000 0.000 0.000 0.000 0.000 0.000 0.000 0.000 0.149 0.233 0.344 0.478 0.625 0.770 0.892 0.973 1.000 0.967 0.880 0.754 0.608 0.462 0.330 0.222 0.141 0.000 0.000 0.000 0.000 0.000 0.000 0.000 0.000 0.000 0.122 0.196 0.296 
0.000 0.000 0.000 0.000 0.000 0.000 0.000 0.000 0.000 0.000 0.000 0.000 0.000 0.000 0.000 0.000 0.000 0.000 0.000 0.000 0.000 0.000 0.000 0.000 0.153 0.239 0.351 0.486 0.634 0.778 0.898 0.977 1.000 0.963 0.874 0.746 0.600 0.454 0.323 0.217 0.137 0.000 0.000 0.000 0.000 0.000 0.000 0.000 0.000 0.000 
0.000 0.000 0.000 0.000 0.000 0.000 0.000 0.000 0.000 0.000 0.000 0.000 0.000 0.000 0.000 0.000 0.000 0.000 0.000 0.000 0.000 0.000 0.000 0.000 0.000 0.000 0.000 0.157 0.245 0.359 0.495 0.643 0.786 0.904 0.980 0.999 0.959 0.867 0.738 0.591 0.446 0.316 0.211 0.133 0.000 0.000 0.000 0.000 0.000 0.000 
# 0 4 9 50
0.000 0.000 0.000 0.000 0.000 0.000 0.000 0.114 0.184 0.281 0.404 0.545 0.694 0.830 0.936 0.993 0.992 0.933 0.826 0.688 0.540 0.399 0.277 0.181 0.112 0.000 0.000 0.000 0.000 0.000 0.000 0.000 0.000 0.000 0.000 0.000 0.000 0.000 0.000 0.000 0.000 0.000 0.000 0.000 0.000 0.000 0.000 0.000 0.000 0.000 
0.419 0.294 0.194 0.121 0.000 0.000 0.000 0.000 0.000 0.000 0.000 0.000 0.000 0.142 0.224 0.333 0.465 0.611 0.757 0.882 0.968 1.000 0.972 0.890 0.767 0.622 0.475 0.342 0.231 0.147 0.000 0.000 0.000 0.000 0.000 0.000 0.000 0.000 0.000 0.000 0.000 0.000 0.000 0.000 0.000 0.000 0.000 0.000 0.000 0.000 
0.999 0.980 0.905 0.787 0.644 0.497 0.360 0.246 0.158 0.000 0.000 0.000 0.000 0.000 0.000 0.000 0.000 0.000 0.108 0.175 0.269 0.389 0.529 0.677 0.816 0.926 0.989 0.995 0.942 0.839 0.704 0.556 0.414 0.289 0.191 0.118 0.000 0.000 0.000 0.000 0.000 0.000 0.000 0.000 0.000 0.000 0.000 0.000 0.000 0.000 
0.370 0.507 0.655 0.797 0.913 0.984 0.998 0.953 0.857 0.726 0.578 0.434 0.306 0.204 0.127 0.000 0.000 0.000 0.000 0.000 0.000 0.000 0.000 0.000 0.135 0.214 0.319 0.449 0.595 0.741 0.870 0.961 0.999 0.978 0.902 0.782 0.639 0.491 0.356 0.242 0.155 0.000 0.000 0.000 0.000 0.000 0.000 0.000 0.000 0.000 
0.000 0.000 0.000 0.125 0.200 0.302 0.429 0.573 0.720 0.853 0.951 0.997 0.985 0.916 0.802 0.661 0.513 0.374 0.257 0.167 0.102 0.000 0.000 0.000 0.000 0.000 0.000 0.000 0.000 0.102 0.167 0.257 0.374 0.513 0.661 0.802 0.916 0.985 0.997 0.951 0.853 0.720 0.573 0.429 0.302 0.200 0.125 0.000 0.000 0.000 
0.000 0.000 0.000 0.000 0.000 0.000 0.000 0.000 0.000 0.155 0.242 0.356 0.491 0.639 0.782 0.902 0.978 0.999 0.961 0.870 0.741 0.595 0.449 0.319 0.214 0.135 0.000 0.000 0.000 0.000 0.000 0.000 0.000 0.000 0.000 0.127 0.204 0.306 0.434 0.578 0.726 0.857 0.953 0.998 0.984 0.913 0.797 0.655 0.507 0.370 
0.000 0.000 0.000 0.000 0.000 0.000 0.000 0.000 0.000 0.000 0.000 0.000 0.000 0.000 0.118 0.191 0.289 0.414 0.556 0.704 0.839 0.942 0.995 0.989 0.926 0.816 0.677 0.529 0.389 0.269 0.175 0.108 0.000 0.000 0.000 0.000 0.000 0.000 0.000 0.000 0.000 0.158 0.246 0.360 0.497 0.644 0.787 0.905 0.980 0.999 
0.000 0.000 0.000 0.000 0.000 0.000 0.000 0.000 0.000 0.000 0.000 0.000 0.000 0.000 0.000 0.000 0.000 0.000 0.000 0.000 0.147 0.231 0.342 0.475 0.622 0.767 0.890 0.972 1.000 0.968 0.882 0.757 0.611 0.465 0.333 0.224 0.142 0.000 0.000 0.000 0.000 0.000 0.000 0.000 0.000 0.000 0.121 0.194 0.294 0.419 
0.000 0.000 0.000 0.000 0.000 0.000 0.000 0.000 0.000 0.000 0.000 0.000 0.000 0.000 0.000 0.000 0.000 0.000 0.000 0.000 0.000 0.000 0.000 0.000 0.000 0.112 0.181 0.277 0.399 0.540 0.688 0.826 0.933 0.992 0.993 0.936 0.830 0.694 0.545 0.404 0.281 0.184 0.114 0.000 0.000 0.000 0.000 0.000 0.000 0.000 
# 1 0 50 43
0.000 0.000 0.000 0.000 0.000 0.000 0.000 0.000 -0.109 -0.204 -0.344 -0.523 -0.717 -0.885 -0.985 -0.989 -0.894 -0.729 -0.536 -0.355 -0.212 -0.114 0.000 0.000 0.000 0.000 0.000 0.000 0.000 0.000 0.000 0.000 0.000 0.000 0.000 0.000 0.000 0.000 0.000 0.000 0.000 0.000 0.000 
0.000 0.000 0.000 0.000 0.000 0.000 0.000 0.000 0.000 -0.120 -0.221 -0.367 -0.550 -0.743 -0.904 -0.992 -0.981 -0.874 -0.703 -0.509 -0.332 -0.196 -0.104 0.000 0.000 0.000 0.000 0.000 0.000 0.000 0.000 0.000 0.000 0.000 0.000 0.000 0.000 0.000 0.000 0.000 0.000 0.000 0.000 
0.000 0.000 0.000 0.000 0.000 0.000 0.000 0.000 0.000 0.000 -0.131 -0.239 -0.391 -0.577 -0.768 -0.922 -0.997 -0.971 -0.853 -0.676 -0.482 -0.310 -0.180 0.000 0.000 0.000 0.000 0.000 0.000 0.000 0.000 0.000 0.000 0.000 0.000 0.000 0.000 0.000 0.000 0.000 0.000 0.000 0.000 
0.000 0.000 0.000 0.000 0.000 0.000 0.000 0.000 0.000 0.000 0.000 -0.144 -0.257 -0.416 -0.605 -0.793 -0.938 -0.999 -0.960 -0.831 -0.649 -0.456 -0.289 -0.165 0.000 0.000 0.000 0.000 0.000 0.000 0.000 0.000 0.000 0.000 0.000 0.000 0.000 0.000 0.000 0.000 0.000 0.000 0.000 
0.000 0.000 0.000 0.000 0.000 0.000 0.000 0.000 0.000 0.000 0.000 0.000 -0.157 -0.277 -0.441 -0.632 -0.817 -0.952 -1.000 -0.947 -0.808 -0.621 -0.431 -0.269 -0.152 0.000 0.000 0.000 0.000 0.000 0.000 0.000 0.000 0.000 0.000 0.000 0.000 0.000 0.000 0.000 0.000 0.000 0.000 
0.000 0.000 0.000 0.000 0.000 0.000 0.000 0.000 0.000 0.000 0.000 0.000 0.000 -0.171 -0.298 -0.467 -0.659 -0.840 -0.965 -0.999 -0.932 -0.784 -0.594 -0.406 -0.250 -0.139 0.000 0.000 0.000 0.000 0.000 0.000 0.000 0.000 0.000 0.000 0.000 0.000 0.000 0.000 0.000 0.000 0.000 
0.000 0.000 0.000 0.000 0.000 0.000 0.000 0.000 0.000 0.000 0.000 0.000 0.000 0.000 -0.186 -0.319 -0.493 -0.686 -0.862 -0.975 -0.995 -0.915 -0.759 -0.567 -0.382 -0.232 -0.127 0.000 0.000 0.000 0.000 0.000 0.000 0.000 0.000 0.000 0.000 0.000 0.000 0.000 0.000 0.000 0.000 
0.000 0.000 0.000 0.000 0.000 0.000 0.000 0.000 0.000 0.000 0.000 0.000 0.000 0.000 -0.108 -0.202 -0.341 -0.519 -0.713 -0.882 -0.984 -0.990 -0.897 -0.733 -0.540 -0.358 -0.214 -0.116 0.000 0.000 0.000 0.000 0.000 0.000 0.000 0.000 0.000 0.000 0.000 0.000 0.000 0.000 0.000 
0.000 0.000 0.000 0.000 0.000 0.000 0.000 0.000 0.000 0.000 0.000 0.000 0.000 0.000 0.000 -0.118 -0.219 -0.364 -0.546 -0.739 -0.902 -0.991 -0.982 -0.877 -0.706 -0.513 -0.335 -0.198 -0.105 0.000 0.000 0.000 0.000 0.000 0.000 0.000 0.000 0.000 0.000 0.000 0.000 0.000 0.000 
0.000 0.000 0.000 0.000 0.000 0.000 0.000 0.000 0.000 0.000 0.000 0.000 0.000 0.000 0.000 0.000 -0.130 -0.236 -0.388 -0.574 -0.765 -0.919 -0.996 -0.973 -0.857 -0.680 -0.486 -0.313 -0.182 0.000 0.000 0.000 0.000 0.000 0.000 0.000 0.000 0.000 0.000 0.000 0.000 0.000 0.000 
-0.147 0.000 0.000 0.000 0.000 0.000 0.000 0.000 0.000 0.000 0.000 0.000 0.000 0.000 0.000 0.000 0.000 -0.142 -0.255 -0.412 -0.601 -0.790 -0.936 -0.999 -0.962 -0.834 -0.653 -0.460 -0.292 -0.167 0.000 0.000 0.000 0.000 0.000 0.000 0.000 0.000 0.000 0.000 0.000 0.000 0.000 
-0.244 -0.135 0.000 0.000 0.000 0.000 0.000 0.000 0.000 0.000 0.000 0.000 0.000 0.000 0.000 0.000 0.000 0.000 -0.155 -0.274 -0.437 -0.628 -0.814 -0.950 -1.000 -0.949 -0.811 -0.625 -0.434 -0.272 -0.154 0.000 0.000 0.000 0.000 0.000 0.000 0.000 0.000 0.000 0.000 0.000 0.000 
-0.374 -0.226 -0.123 0.000 0.000 0.000 0.000 0.000 0.000 0.000 0.000 0.000 0.000 0.000 0.000 0.000 0.000 0.000 0.000 -0.169 -0.295 -0.463 -0.655 -0.837 -0.963 -0.999 -0.934 -0.787 -0.598 -0.409 -0.253 -0.141 0.000 0.000 0.000 0.000 0.000 0.000 0.000 0.000 0.000 0.000 0.000 
-0.531 -0.351 -0.209 -0.112 0.000 0.000 0.000 0.000 0.000 0.000 0.000 0.000 0.000 0.000 0.000 0.000 0.000 0.000 0.000 0.000 -0.184 -0.316 -0.489 -0.683 -0.859 -0.974 -0.996 -0.918 -0.762 -0.571 -0.385 -0.234 -0.128 0.000 0.000 0.000 0.000 0.000 0.000 0.000 0.000 0.000 0.000 
-0.698 -0.504 -0.328 -0.193 -0.102 0.000 0.000 0.000 0.000 0.000 0.000 0.000 0.000 0.000 0.000 0.000 0.000 0.000 0.000 0.000 -0.106 -0.200 -0.338 -0.516 -0.709 -0.880 -0.983 -0.991 -0.900 -0.737 -0.543 -0.362 -0.217 -0.117 0.000 0.000 0.000 0.000 0.000 0.000 0.000 0.000 0.000 
-0.850 -0.671 -0.478 -0.307 -0.177 0.000 0.000 0.000 0.000 0.000 0.000 0.000 0.000 0.000 0.000 0.000 0.000 0.000 0.000 0.000 0.000 -0.117 -0.216 -0.361 -0.542 -0.736 -0.899 -0.990 -0.983 -0.880 -0.710 -0.517 -0.339 -0.200 -0.107 0.000 0.000 0.000 0.000 0.000 0.000 0.000 0.000 
-0.958 -0.827 -0.644 -0.452 -0.286 -0.163 0.000 0.000 0.000 0.000 0.000 0.000 0.000 0.000 0.000 0.000 0.000 0.000 0.000 0.000 0.000 0.000 -0.128 -0.234 -0.384 -0.570 -0.761 -0.917 -0.996 -0.974 -0.860 -0.684 -0.490 -0.317 -0.184 0.000 0.000 0.000 0.000 0.000 0.000 0.000 0.000 
-1.000 -0.944 -0.804 -0.617 -0.426 -0.266 -0.149 0.000 0.000 0.000 0.000 0.000 0.000 0.000 0.000 0.000 0.000 0.000 0.000 0.000 0.000 0.000 0.000 -0.140 -0.252 -0.409 -0.597 -0.786 -0.933 -0.999 -0.963 -0.838 -0.657 -0.464 -0.295 -0.170 0.000 0.000 0.000 0.000 0.000 0.000 0.000 
-0.967 -0.998 -0.929 -0.779 -0.589 -0.402 -0.247 -0.137 0.000 0.000 0.000 0.000 0.000 0.000 0.000 0.000 0.000 0.000 0.000 0.000 0.000 0.000 0.000 0.000 -0.153 -0.271 -0.434 -0.624 -0.810 -0.948 -1.000 -0.951 -0.815 -0.629 -0.438 -0.275 -0.156 0.000 0.000 0.000 0.000 0.000 0.000 
-0.866 -0.977 -0.994 -0.912 -0.754 -0.562 -0.377 -0.229 -0.125 0.000 0.000 0.000 0.000 0.000 0.000 0.000 0.000 0.000 0.000 0.000 0.000 0.000 0.000 0.000 0.000 -0.167 -0.292 -0.459 -0.652 -0.834 -0.961 -0.999 -0.936 -0.791 -0.602 -0.413 -0.255 -0.142 0.000 0.000 0.000 0.000 0.000 
-0.718 -0.886 -0.986 -0.988 -0.894 -0.728 -0.535 -0.354 -0.211 -0.114 0.000 0.000 0.000 0.000 0.000 0.000 0.000 0.000 0.000 0.000 0.000 0.000 0.000 0.000 0.000 0.000 -0.182 -0.313 -0.485 -0.679 -0.856 -0.973 -0.996 -0.920 -0.766 -0.575 -0.389 -0.237 -0.130 0.000 0.000 0.000 0.000 
-0.551 -0.744 -0.905 -0.992 -0.981 -0.874 -0.702 -0.508 -0.331 -0.195 -0.103 0.000 0.000 0.000 0.000 0.000 0.000 0.000 0.000 0.000 0.000 0.000 0.000 0.000 0.000 0.000 -0.105 -0.197 -0.335 -0.512 -0.705 -0.877 -0.982 -0.991 -0.902 -0.740 -0.547 -0.365 -0.219 -0.119 0.000 0.000 0.000 
-0.392 -0.578 -0.769 -0.922 -0.997 -0.971 -0.853 -0.675 -0.481 -0.310 -0.179 0.000 0.000 0.000 0.000 0.000 0.000 0.000 0.000 0.000 0.000 0.000 0.000 0.000 0.000 0.000 0.000 -0.115 -0.214 -0.357 -0.539 -0.732 -0.896 -0.989 -0.985 -0.883 -0.714 -0.520 -0.342 -0.202 -0.108 0.000 0.000 
-0.258 -0.417 -0.606 -0.794 -0.938 -0.999 -0.959 -0.830 -0.648 -0.455 -0.289 -0.165 0.000 0.000 0.000 0.000 0.000 0.000 0.000 0.000 0.000 0.000 0.000 0.000 0.000 0.000 0.000 0.000 -0.126 -0.231 -0.381 -0.566 -0.758 -0.914 -0.995 -0.976 -0.863 -0.687 -0.494 -0.320 -0.187 0.000 0.000 
-0.157 -0.278 -0.442 -0.633 -0.818 -0.953 -1.000 -0.946 -0.807 -0.620 -0.430 -0.269 -0.151 0.000 0.000 0.000 0.000 0.000 0.000 0.000 0.000 0.000 0.000 0.000 0.000 0.000 0.000 0.000 0.000 -0.138 -0.249 -0.405 -0.593 -0.783 -0.931 -0.998 -0.965 -0.841 -0.660 -0.467 -0.298 -0.172 0.000 
0.000 -0.172 -0.298 -0.467 -0.660 -0.841 -0.965 -0.998 -0.931 -0.783 -0.593 -0.405 -0.249 -0.138 0.000 0.000 0.000 0.000 0.000 0.000 0.000 0.000 0.000 0.000 0.000 0.000 0.000 0.000 0.000 0.000 -0.151 -0.269 -0.430 -0.620 -0.807 -0.946 -1.000 -0.953 -0.818 -0.633 -0.442 -0.278 -0.157 
0.000 0.000 -0.187 -0.320 -0.494 -0.687 -0.863 -0.976 -0.995 -0.914 -0.758 -0.566 -0.381 -0.231 -0.126 0.000 0.000 0.000 0.000 0.000 0.000 0.000 0.000 0.000 0.000 0.000 0.000 0.000 0.000 0.000 0.000 -0.165 -0.289 -0.455 -0.648 -0.830 -0.959 -0.999 -0.938 -0.794 -0.606 -0.417 -0.258 
0.000 0.000 -0.108 -0.202 -0.342 -0.520 -0.714 -0.883 -0.985 -0.989 -0.896 -0.732 -0.539 -0.357 -0.214 -0.115 0.000 0.000 0.000 0.000 0.000 0.000 0.000 0.000 0.000 0.000 0.000 0.000 0.000 0.000 0.000 0.000 -0.179 -0.310 -0.481 -0.675 -0.853 -0.971 -0.997 -0.922 -0.769 -0.578 -0.392 
0.000 0.000 0.000 -0.119 -0.219 -0.365 -0.547 -0.740 -0.902 -0.991 -0.982 -0.877 -0.705 -0.512 -0.335 -0.197 -0.105 0.000 0.000 0.000 0.000 0.000 0.000 0.000 0.000 0.000 0.000 0.000 0.000 0.000 0.000 0.000 -0.103 -0.195 -0.331 -0.508 -0.702 -0.874 -0.981 -0.992 -0.905 -0.744 -0.551 
0.000 0.000 0.000 0.000 -0.130 -0.237 -0.389 -0.575 -0.766 -0.920 -0.996 -0.973 -0.856 -0.679 -0.485 -0.313 -0.182 0.000 0.000 0.000 0.000 0.000 0.000 0.000 0.000 0.000 0.000 0.000 0.000 0.000 0.000 0.000 0.000 -0.114 -0.211 -0.354 -0.535 -0.728 -0.894 -0.988 -0.986 -0.886 -0.718 
0.000 0.000 0.000 0.000 0.000 -0.142 -0.255 -0.413 -0.602 -0.791 -0.936 -0.999 -0.961 -0.834 -0.652 -0.459 -0.292 -0.167 0.000 0.000 0.000 0.000 0.000 0.000 0.000 0.000 0.000 0.000 0.000 0.000 0.000 0.000 0.000 0.000 -0.125 -0.229 -0.377 -0.562 -0.754 -0.912 -0.994 -0.977 -0.866 
0.000 0.000 0.000 0.000 0.000 0.000 -0.156 -0.275 -0.438 -0.629 -0.815 -0.951 -1.000 -0.948 -0.810 -0.624 -0.434 -0.271 -0.153 0.000 0.000 0.000 0.000 0.000 0.000 0.000 0.000 0.000 0.000 0.000 0.000 0.000 0.000 0.000 0.000 -0.137 -0.247 -0.402 -0.589 -0.779 -0.929 -0.998 -0.967 
0.000 0.000 0.000 0.000 0.000 0.000 0.000 -0.170 -0.295 -0.464 -0.657 -0.838 -0.963 -0.999 -0.933 -0.786 -0.597 -0.409 -0.252 -0.140 0.000 0.000 0.000 0.000 0.000 0.000 0.000 0.000 0.000 0.000 0.000 0.000 0.000 0.000 0.000 0.000 -0.149 -0.266 -0.426 -0.617 -0.804 -0.944 -1.000 
0.000 0.000 0.000 0.000 0.000 0.000 0.000 0.000 -0.184 -0.317 -0.490 -0.684 -0.860 -0.974 -0.996 -0.917 -0.761 -0.570 -0.384 -0.234 -0.128 0.000 0.000 0.000 0.000 0.000 0.000 0.000 0.000 0.000 0.000 0.000 0.000 0.000 0.000 0.000 0.000 -0.163 -0.286 -0.452 -0.644 -0.827 -0.958 
0.000 0.000 0.000 0.000 0.000 0.000 0.000 0.000 -0.107 -0.200 -0.339 -0.517 -0.710 -0.880 -0.983 -0.990 -0.899 -0.736 -0.542 -0.361 -0.216 -0.117 0.000 0.000 0.000 0.000 0.000 0.000 0.000 0.000 0.000 0.000 0.000 0.000 0.000 0.000 0.000 0.000 -0.177 -0.307 -0.478 -0.671 -0.850 
0.000 0.000 0.000 0.000 0.000 0.000 0.000 0.000 0.000 -0.117 -0.217 -0.362 -0.543 -0.737 -0.900 -0.991 -0.983 -0.880 -0.709 -0.516 -0.338 -0.200 -0.106 0.000 0.000 0.000 0.000 0.000 0.000 0.000 0.000 0.000 0.000 0.000 0.000 0.000 0.000 0.000 -0.102 -0.193 -0.328 -0.504 -0.698 
0.000 0.000 0.000 0.000 0.000 0.000 0.000 0.000 0.000 0.000 -0.128 -0.234 -0.385 -0.571 -0.762 -0.918 -0.996 -0.974 -0.859 -0.683 -0.489 -0.316 -0.184 0.000 0.000 0.000 0.000 0.000 0.000 0.000 0.000 0.000 0.000 0.000 0.000 0.000 0.000 0.000 0.000 -0.112 -0.209 -0.351 -0.531 
0.000 0.000 0.000 0.000 0.000 0.000 0.000 0.000 0.000 0.000 0.000 -0.141 -0.253 -0.409 -0.598 -0.787 -0.934 -0.999 -0.963 -0.837 -0.655 -0.463 -0.295 -0.169 0.000 0.000 0.000 0.000 0.000 0.000 0.000 0.000 0.000 0.000 0.000 0.000 0.000 0.000 0.000 0.000 -0.123 -0.226 -0.374 
0.000 0.000 0.000 0.000 0.000 0.000 0.000 0.000 0.000 0.000 0.000 0.000 -0.154 -0.272 -0.434 -0.625 -0.811 -0.949 -1.000 -0.950 -0.814 -0.628 -0.437 -0.274 -0.155 0.000 0.000 0.000 0.000 0.000 0.000 0.000 0.000 0.000 0.000 0.000 0.000 0.000 0.000 0.000 0.000 -0.135 -0.244 
0.000 0.000 0.000 0.000 0.000 0.000 0.000 0.000 0.000 0.000 0.000 0.000 0.000 -0.167 -0.292 -0.460 -0.653 -0.834 -0.962 -0.999 -0.936 -0.790 -0.601 -0.412 -0.255 -0.142 0.000 0.000 0.000 0.000 0.000 0.000 0.000 0.000 0.000 0.000 0.000 0.000 0.000 0.000 0.000 0.000 -0.147 
0.000 0.000 0.000 0.000 0.000 0.000 0.000 0.000 0.000 0.000 0.000 0.000 0.000 0.000 -0.182 -0.313 -0.486 -0.680 -0.857 -0.973 -0.996 -0.919 -0.765 -0.574 -0.388 -0.236 -0.130 0.000 0.000 0.000 0.000 0.000 0.000 0.000 0.000 0.000 0.000 0.000 0.000 0.000 0.000 0.000 0.000 
0.000 0.000 0.000 0.000 0.000 0.000 0.000 0.000 0.000 0.000 0.000 0.000 0.000 0.000 -0.105 -0.198 -0.335 -0.513 -0.706 -0.877 -0.982 -0.991 -0.902 -0.739 -0.546 -0.364 -0.219 -0.118 0.000 0.000 0.000 0.000 0.000 0.000 0.000 0.000 0.000 0.000 0.000 0.000 0.000 0.000 0.000 
0.000 0.000 0.000 0.000 0.000 0.000 0.000 0.000 0.000 0.000 0.000 0.000 0.000 0.000 0.000 -0.116 -0.214 -0.358 -0.540 -0.733 -0.897 -0.990 -0.984 -0.882 -0.713 -0.519 -0.341 -0.202 -0.108 0.000 0.000 0.000 0.000 0.000 0.000 0.000 0.000 0.000 0.000 0.000 0.000 0.000 0.000 
0.000 0.000 0.000 0.000 0.000 0.000 0.000 0.000 0.000 0.000 0.000 0.000 0.000 0.000 0.000 0.000 -0.127 -0.232 -0.382 -0.567 -0.759 -0.915 -0.995 -0.975 -0.862 -0.686 -0.493 -0.319 -0.186 0.000 0.000 0.000 0.000 0.000 0.000 0.000 0.000 0.000 0.000 0.000 0.000 0.000 0.000 
0.000 0.000 0.000 0.000 0.000 0.000 0.000 0.000 0.000 0.000 0.000 0.000 0.000 0.000 0.000 0.000 0.000 -0.139 -0.250 -0.406 -0.594 -0.784 -0.932 -0.999 -0.965 -0.840 -0.659 -0.467 -0.298 -0.171 0.000 0.000 0.000 0.000 0.000 0.000 0.000 0.000 0.000 0.000 0.000 0.000 0.000 
0.000 0.000 0.000 0.000 0.000 0.000 0.000 0.000 0.000 0.000 0.000 0.000 0.000 0.000 0.000 0.000 0.000 0.000 -0.152 -0.269 -0.431 -0.621 -0.808 -0.947 -1.000 -0.952 -0.817 -0.632 -0.441 -0.277 -0.157 0.000 0.000 0.000 0.000 0.000 0.000 0.000 0.000 0.000 0.000 0.000 0.000 
0.000 0.000 0.000 0.000 0.000 0.000 0.000 0.000 0.000 0.000 0.000 0.000 0.000 0.000 0.000 0.000 0.000 0.000 0.000 -0.165 -0.289 -0.456 -0.649 -0.831 -0.960 -0.999 -0.938 -0.793 -0.605 -0.416 -0.257 -0.144 0.000 0.000 0.000 0.000 0.000 0.000 0.000 0.000 0.000 0.000 0.000 
0.000 0.000 0.000 0.000 0.000 0.000 0.000 0.000 0.000 0.000 0.000 0.000 0.000 0.000 0.000 0.000 0.000 0.000 0.000 0.000 -0.180 -0.310 -0.482 -0.676 -0.853 -0.971 -0.997 -0.922 -0.768 -0.577 -0.391 -0.239 -0.131 0.000 0.000 0.000 0.000 0.000 0.000 0.000 0.000 0.000 0.000 
0.000 0.000 0.000 0.000 0.000 0.000 0.000 0.000 0.000 0.000 0.000 0.000 0.000 0.000 0.000 0.000 0.000 0.000 0.000 0.000 -0.104 -0.196 -0.332 -0.509 -0.703 -0.874 -0.981 -0.992 -0.904 -0.743 -0.550 -0.367 -0.221 -0.120 0.000 0.000 0.000 0.000 0.000 0.000 0.000 0.000 0.000 
0.000 0.000 0.000 0.000 0.000 0.000 0.000 0.000 0.000 0.000 0.000 0.000 0.000 0.000 0.000 0.000 0.000 0.000 0.000 0.000 0.000 -0.114 -0.212 -0.355 -0.536 -0.729 -0.894 -0.989 -0.985 -0.885 -0.717 -0.523 -0.344 -0.204 -0.109 0.000 0.000 0.000 0.000 0.000 0.000 0.000 0.000 
# 1 2 2 43
-0.374 -0.226 -0.123 0.000 0.000 0.000 0.000 0.000 0.000 0.000 0.000 0.000 0.000 0.000 0.000 0.000 0.000 0.000 0.000 -0.169 -0.295 -0.463 -0.656 -0.838 -0.964 -1.000 -0.935 -0.788 -0.599 -0.410 -0.253 -0.141 0.000 0.000 0.000 0.000 0.000 0.000 0.000 0.000 0.000 0.000 0.000 
0.000 0.000 0.000 0.000 0.000 0.000 0.000 0.000 0.000 0.000 0.000 -0.141 -0.253 -0.410 -0.599 -0.788 -0.935 -1.000 -0.964 -0.838 -0.656 -0.463 -0.295 -0.169 0.000 0.000 0.000 0.000 0.000 0.000 0.000 0.000 0.000 0.000 0.000 0.000 0.000 0.000 0.000 0.000 -0.123 -0.226 -0.374 
# 1 3 17 43
0.000 0.000 0.000 0.000 0.000 0.000 0.000 0.000 0.000 -0.122 -0.224 -0.372 -0.555 -0.748 -0.908 -0.993 -0.979 -0.871 -0.698 -0.504 -0.328 -0.193 -0.102 0.000 0.000 0.000 0.000 0.000 0.000 0.000 0.000 0.000 0.000 0.000 0.000 0.000 0.000 0.000 0.000 0.000 0.000 0.000 0.000 
0.000 0.000 0.000 0.000 0.000 0.000 0.000 0.000 0.000 0.000 0.000 0.000 -0.164 -0.288 -0.455 -0.647 -0.830 -0.959 -0.999 -0.939 -0.795 -0.607 -0.417 -0.259 -0.145 0.000 0.000 0.000 0.000 0.000 0.000 0.000 0.000 0.000 0.000 0.000 0.000 0.000 0.000 0.000 0.000 0.000 0.000 
0.000 0.000 0.000 0.000 0.000 0.000 0.000 0.000 0.000 0.000 0.000 0.000 0.000 0.000 -0.117 -0.217 -0.362 -0.544 -0.737 -0.900 -0.991 -0.983 -0.879 -0.709 -0.515 -0.338 -0.199 -0.106 0.000 0.000 0.000 0.000 0.000 0.000 0.000 0.000 0.000 0.000 0.000 0.000 0.000 0.000 0.000 
-0.132 0.000 0.000 0.000 0.000 0.000 0.000 0.000 0.000 0.000 0.000 0.000 0.000 0.000 0.000 0.000 0.000 -0.159 -0.280 -0.444 -0.635 -0.820 -0.954 -1.000 -0.945 -0.805 -0.618 -0.428 -0.267 -0.150 0.000 0.000 0.000 0.000 0.000 0.000 0.000 0.000 0.000 0.000 0.000 0.000 0.000 
-0.488 -0.315 -0.183 0.000 0.000 0.000 0.000 0.000 0.000 0.000 0.000 0.000 0.000 0.000 0.000 0.000 0.000 0.000 0.000 -0.113 -0.210 -0.352 -0.532 -0.726 -0.892 -0.988 -0.986 -0.888 -0.720 -0.527 -0.347 -0.206 -0.110 0.000 0.000 0.000 0.000 0.000 0.000 0.000 0.000 0.000 0.000 
-0.929 -0.779 -0.589 -0.402 -0.247 -0.137 0.000 0.000 0.000 0.000 0.000 0.000 0.000 0.000 0.000 0.000 0.000 0.000 0.000 0.000 0.000 0.000 -0.153 -0.271 -0.433 -0.624 -0.810 -0.948 -1.000 -0.951 -0.815 -0.630 -0.438 -0.275 -0.156 0.000 0.000 0.000 0.000 0.000 0.000 0.000 0.000 
-0.911 -0.994 -0.978 -0.867 -0.692 -0.499 -0.324 -0.189 0.000 0.000 0.000 0.000 0.000 0.000 0.000 0.000 0.000 0.000 0.000 0.000 0.000 0.000 0.000 0.000 -0.108 -0.203 -0.342 -0.521 -0.715 -0.884 -0.985 -0.989 -0.896 -0.731 -0.538 -0.357 -0.213 -0.115 0.000 0.000 0.000 0.000 0.000 
-0.460 -0.653 -0.834 -0.962 -0.999 -0.936 -0.790 -0.601 -0.412 -0.255 -0.142 0.000 0.000 0.000 0.000 0.000 0.000 0.000 0.000 0.000 0.000 0.000 0.000 0.000 0.000 0.000 0.000 -0.147 -0.263 -0.423 -0.612 -0.800 -0.942 -1.000 -0.956 -0.825 -0.641 -0.449 -0.284 -0.161 0.000 0.000 0.000 
-0.120 -0.220 -0.367 -0.549 -0.742 -0.904 -0.992 -0.981 -0.875 -0.704 -0.510 -0.333 -0.196 -0.104 0.000 0.000 0.000 0.000 0.000 0.000 0.000 0.000 0.000 0.000 0.000 0.000 0.000 0.000 0.000 -0.104 -0.196 -0.333 -0.510 -0.704 -0.875 -0.981 -0.992 -0.904 -0.742 -0.549 -0.367 -0.220 -0.120 
0.000 0.000 0.000 -0.161 -0.284 -0.449 -0.641 -0.825 -0.956 -1.000 -0.942 -0.800 -0.612 -0.423 -0.263 -0.147 0.000 0.000 0.000 0.000 0.000 0.000 0.000 0.000 0.000 0.000 0.000 0.000 0.000 0.000 0.000 0.000 -0.142 -0.255 -0.412 -0.601 -0.790 -0.936 -0.999 -0.962 -0.834 -0.653 -0.460 
0.000 0.000 0.000 0.000 0.000 -0.115 -0.213 -0.357 -0.538 -0.731 -0.896 -0.989 -0.985 -0.884 -0.715 -0.521 -0.342 -0.203 -0.108 0.000 0.000 0.000 0.000 0.000 0.000 0.000 0.000 0.000 0.000 0.000 0.000 0.000 0.000 0.000 0.000 -0.189 -0.324 -0.499 -0.692 -0.867 -0.978 -0.994 -0.911 
0.000 0.000 0.000 0.000 0.000 0.000 0.000 0.000 -0.156 -0.275 -0.438 -0.630 -0.815 -0.951 -1.000 -0.948 -0.810 -0.624 -0.433 -0.271 -0.153 0.000 0.000 0.000 0.000 0.000 0.000 0.000 0.000 0.000 0.000 0.000 0.000 0.000 0.000 0.000 0.000 -0.137 -0.247 -0.402 -0.589 -0.779 -0.929 
0.000 0.000 0.000 0.000 0.000 0.000 0.000 0.000 0.000 0.000 -0.110 -0.206 -0.347 -0.527 -0.720 -0.888 -0.986 -0.988 -0.892 -0.726 -0.532 -0.352 -0.210 -0.113 0.000 0.000 0.000 0.000 0.000 0.000 0.000 0.000 0.000 0.000 0.000 0.000 0.000 0.000 0.000 0.000 -0.183 -0.315 -0.488 
0.000 0.000 0.000 0.000 0.000 0.000 0.000 0.000 0.000 0.000 0.000 0.000 0.000 -0.150 -0.267 -0.428 -0.618 -0.805 -0.945 -1.000 -0.954 -0.820 -0.635 -0.444 -0.280 -0.159 0.000 0.000 0.000 0.000 0.000 0.000 0.000 0.000 0.000 0.000 0.000 0.000 0.000 0.000 0.000 0.000 -0.132 
0.000 0.000 0.000 0.000 0.000 0.000 0.000 0.000 0.000 0.000 0.000 0.000 0.000 0.000 0.000 -0.106 -0.199 -0.338 -0.515 -0.709 -0.879 -0.983 -0.991 -0.900 -0.737 -0.544 -0.362 -0.217 -0.117 0.000 0.000 0.000 0.000 0.000 0.000 0.000 0.000 0.000 0.000 0.000 0.000 0.000 0.000 
0.000 0.000 0.000 0.000 0.000 0.000 0.000 0.000 0.000 0.000 0.000 0.000 0.000 0.000 0.000 0.000 0.000 0.000 -0.145 -0.259 -0.417 -0.607 -0.795 -0.939 -0.999 -0.959 -0.830 -0.647 -0.455 -0.288 -0.164 0.000 0.000 0.000 0.000 0.000 0.000 0.000 0.000 0.000 0.000 0.000 0.000 
0.000 0.000 0.000 0.000 0.000 0.000 0.000 0.000 0.000 0.000 0.000 0.000 0.000 0.000 0.000 0.000 0.000 0.000 0.000 0.000 -0.102 -0.193 -0.328 -0.504 -0.698 -0.871 -0.979 -0.993 -0.908 -0.748 -0.555 -0.372 -0.224 -0.122 0.000 0.000 0.000 0.000 0.000 0.000 0.000 0.000 0.000 
# 2 0 50 2
-0.543 0.000 
-0.648 0.000 
-0.750 0.000 
-0.844 0.000 
-0.920 0.000 
-0.974 0.000 
-1.000 0.000 
-0.997 0.000 
-0.964 0.000 
-0.904 0.000 
-0.823 0.000 
-0.727 0.000 
-0.624 0.000 
-0.727 0.000 
-0.823 0.000 
-0.904 0.000 
-0.964 0.000 
-0.997 0.000 
-1.000 0.000 
-0.974 0.000 
-0.920 -0.143 
-0.844 -0.198 
-0.750 -0.266 
-0.648 -0.348 
-0.543 -0.441 
-0.441 -0.543 
-0.348 -0.648 
-0.266 -0.750 
-0.198 -0.844 
-0.143 -0.920 
0.000 -0.974 
0.000 -1.000 
0.000 -0.997 
0.000 -0.964 
0.000 -0.904 
0.000 -0.823 
0.000 -0.727 
0.000 -0.624 
0.000 -0.727 
0.000 -0.823 
0.000 -0.904 
0.000 -0.964 
0.000 -0.997 
0.000 -1.000 
0.000 -0.974 
0.000 -0.920 
0.000 -0.844 
0.000 -0.750 
0.000 -0.648 
0.000 -0.543 
# 2 1 43 2
-0.550 0.000 
-0.672 0.000 
-0.788 0.000 
-0.888 0.000 
-0.960 0.000 
-0.997 0.000 
-0.993 0.000 
-0.951 0.000 
-0.874 0.000 
-0.771 0.000 
-0.653 0.000 
-0.713 0.000 
-0.825 0.000 
-0.916 0.000 
-0.977 0.000 
-1.000 0.000 
-0.983 0.000 
-0.928 -0.135 
-0.841 -0.198 
-0.732 -0.279 
-0.611 -0.377 
-0.490 -0.490 
-0.377 -0.611 
-0.279 -0.732 
-0.198 -0.841 
-0.135 -0.928 
0.000 -0.983 
0.000 -1.000 
0.000 -0.977 
0.000 -0.916 
0.000 -0.825 
0.000 -0.713 
0.000 -0.653 
0.000 -0.771 
0.000 -0.874 
0.000 -0.951 
0.000 -0.993 
0.000 -0.997 
0.000 -0.960 
0.000 -0.888 
0.000 -0.788 
0.000 -0.672 
0.000 -0.550 
# 2 3 17 2
-0.645 0.000 
-0.915 0.000 
-1.000 0.000 
-0.842 0.000 
-0.701 0.000 
-0.948 0.000 
-0.988 0.000 
-0.794 -0.235 
-0.492 -0.492 
-0.235 -0.794 
0.000 -0.988 
0.000 -0.948 
0.000 -0.701 
0.000 -0.842 
0.000 -1.000 
0.000 -0.915 
0.000 -0.645 
# 3 0 50 17
-0.862 -0.985 -0.981 -0.853 -0.646 -0.427 -0.246 -0.124 0.000 0.000 0.000 0.000 0.000 0.000 0.000 0.000 0.000 
-0.802 -0.956 -0.998 -0.908 -0.721 -0.499 -0.301 -0.159 0.000 0.000 0.000 0.000 0.000 0.000 0.000 0.000 0.000 
-0.865 -0.913 -0.998 -0.952 -0.792 -0.574 -0.363 -0.200 0.000 0.000 0.000 0.000 0.000 0.000 0.000 0.000 0.000 
-0.919 -0.858 -0.983 -0.983 -0.856 -0.650 -0.431 -0.249 -0.125 0.000 0.000 0.000 0.000 0.000 0.000 0.000 0.000 
-0.960 -0.806 -0.954 -0.998 -0.911 -0.725 -0.503 -0.305 -0.161 0.000 0.000 0.000 0.000 0.000 0.000 0.000 0.000 
-0.987 -0.869 -0.910 -0.998 -0.954 -0.796 -0.579 -0.367 -0.203 0.000 0.000 0.000 0.000 0.000 0.000 0.000 0.000 
-0.999 -0.921 -0.855 -0.982 -0.984 -0.860 -0.655 -0.435 -0.252 -0.127 0.000 0.000 0.000 0.000 0.000 0.000 0.000 
-0.996 -0.962 -0.810 -0.951 -0.999 -0.914 -0.730 -0.508 -0.308 -0.163 0.000 0.000 0.000 0.000 0.000 0.000 0.000 
-0.977 -0.988 -0.872 -0.907 -0.997 -0.956 -0.800 -0.583 -0.371 -0.206 0.000 0.000 0.000 0.000 0.000 0.000 0.000 
-0.943 -1.000 -0.924 -0.851 -0.981 -0.985 -0.863 -0.659 -0.439 -0.255 -0.129 0.000 0.000 0.000 0.000 0.000 0.000 
-0.896 -0.995 -0.964 -0.814 -0.949 -0.999 -0.917 -0.734 -0.512 -0.312 -0.165 0.000 0.000 0.000 0.000 0.000 0.000 
-0.838 -0.975 -0.989 -0.876 -0.904 -0.997 -0.959 -0.804 -0.588 -0.375 -0.208 -0.101 0.000 0.000 0.000 0.000 0.000 
-0.772 -0.941 -1.000 -0.927 -0.848 -0.979 -0.986 -0.867 -0.664 -0.443 -0.258 -0.131 0.000 0.000 0.000 0.000 0.000 
-0.699 -0.893 -0.994 -0.966 -0.818 -0.947 -0.999 -0.920 -0.738 -0.517 -0.315 -0.168 0.000 0.000 0.000 0.000 0.000 
-0.624 -0.834 -0.973 -0.990 -0.879 -0.901 -0.996 -0.961 -0.808 -0.592 -0.379 -0.211 -0.103 0.000 0.000 0.000 0.000 
-0.548 -0.767 -0.938 -1.000 -0.929 -0.844 -0.978 -0.988 -0.870 -0.668 -0.448 -0.262 -0.133 0.000 0.000 0.000 0.000 
-0.473 -0.695 -0.890 -0.994 -0.968 -0.822 -0.944 -0.999 -0.922 -0.742 -0.521 -0.319 -0.170 0.000 0.000 0.000 0.000 
-0.402 -0.619 -0.831 -0.972 -0.991 -0.882 -0.898 -0.996 -0.963 -0.812 -0.597 -0.383 -0.214 -0.104 0.000 0.000 0.000 
-0.337 -0.543 -0.763 -0.936 -1.000 -0.932 -0.840 -0.976 -0.989 -0.873 -0.673 -0.452 -0.265 -0.135 0.000 0.000 0.000 
-0.278 -0.469 -0.690 -0.887 -0.993 -0.969 -0.826 -0.942 -1.000 -0.925 -0.747 -0.525 -0.322 -0.173 0.000 0.000 0.000 
-0.225 -0.398 -0.615 -0.827 -0.970 -0.992 -0.885 -0.895 -0.995 -0.965 -0.815 -0.601 -0.387 -0.217 -0.106 0.000 0.000 
-0.180 -0.333 -0.539 -0.759 -0.933 -1.000 -0.935 -0.837 -0.975 -0.990 -0.877 -0.677 -0.456 -0.268 -0.137 0.000 0.000 
-0.141 -0.274 -0.465 -0.686 -0.883 -0.992 -0.971 -0.829 -0.940 -1.000 -0.928 -0.751 -0.530 -0.326 -0.175 0.000 0.000 
-0.109 -0.222 -0.394 -0.610 -0.823 -0.968 -0.993 -0.889 -0.892 -0.994 -0.966 -0.819 -0.606 -0.390 -0.220 -0.108 0.000 
0.000 -0.177 -0.330 -0.534 -0.755 -0.930 -1.000 -0.937 -0.833 -0.973 -0.991 -0.880 -0.682 -0.460 -0.271 -0.139 0.000 
0.000 -0.139 -0.271 -0.460 -0.682 -0.880 -0.991 -0.973 -0.833 -0.937 -1.000 -0.930 -0.755 -0.534 -0.330 -0.177 0.000 
0.000 -0.108 -0.220 -0.390 -0.606 -0.819 -0.966 -0.994 -0.892 -0.889 -0.993 -0.968 -0.823 -0.610 -0.394 -0.222 -0.109 
0.000 0.000 -0.175 -0.326 -0.530 -0.751 -0.928 -1.000 -0.940 -0.829 -0.971 -0.992 -0.883 -0.686 -0.465 -0.274 -0.141 
0.000 0.000 -0.137 -0.268 -0.456 -0.677 -0.877 -0.990 -0.975 -0.837 -0.935 -1.000 -0.933 -0.759 -0.539 -0.333 -0.180 
0.000 0.000 -0.106 -0.217 -0.387 -0.601 -0.815 -0.965 -0.995 -0.895 -0.885 -0.992 -0.970 -0.827 -0.615 -0.398 -0.225 
0.000 0.000 0.000 -0.173 -0.322 -0.525 -0.747 -0.925 -1.000 -0.942 -0.826 -0.969 -0.993 -0.887 -0.690 -0.469 -0.278 
0.000 0.000 0.000 -0.135 -0.265 -0.452 -0.673 -0.873 -0.989 -0.976 -0.840 -0.932 -1.000 -0.936 -0.763 -0.543 -0.337 
0.000 0.000 0.000 -0.104 -0.214 -0.383 -0.597 -0.812 -0.963 -0.996 -0.898 -0.882 -0.991 -0.972 -0.831 -0.619 -0.402 
0.000 0.000 0.000 0.000 -0.170 -0.319 -0.521 -0.742 -0.922 -0.999 -0.944 -0.822 -0.968 -0.994 -0.890 -0.695 -0.473 
0.000 0.000 0.000 0.000 -0.133 -0.262 -0.448 -0.668 -0.870 -0.988 -0.978 -0.844 -0.929 -1.000 -0.938 -0.767 -0.548 
0.000 0.000 0.000 0.000 -0.103 -0.211 -0.379 -0.592 -0.808 -0.961 -0.996 -0.901 -0.879 -0.990 -0.973 -0.834 -0.624 
0.000 0.000 0.000 0.000 0.000 -0.168 -0.315 -0.517 -0.738 -0.920 -0.999 -0.947 -0.818 -0.966 -0.994 -0.893 -0.699 
0.000 0.000 0.000 0.000 0.000 -0.131 -0.258 -0.443 -0.664 -0.867 -0.986 -0.979 -0.848 -0.927 -1.000 -0.941 -0.772 
0.000 0.000 0.000 0.000 0.000 -0.101 -0.208 -0.375 -0.588 -0.804 -0.959 -0.997 -0.904 -0.876 -0.989 -0.975 -0.838 
0.000 0.000 0.000 0.000 0.000 0.000 -0.165 -0.312 -0.512 -0.734 -0.917 -0.999 -0.949 -0.814 -0.964 -0.995 -0.896 
0.000 0.000 0.000 0.000 0.000 0.000 -0.129 -0.255 -0.439 -0.659 -0.863 -0.985 -0.981 -0.851 -0.924 -1.000 -0.943 
0.000 0.000 0.000 0.000 0.000 0.000 0.000 -0.206 -0.371 -0.583 -0.800 -0.956 -0.997 -0.907 -0.872 -0.988 -0.977 
0.000 0.000 0.000 0.000 0.000 0.000 0.000 -0.163 -0.308 -0.508 -0.730 -0.914 -0.999 -0.951 -0.810 -0.962 -0.996 
0.000 0.000 0.000 0.000 0.000 0.000 0.000 -0.127 -0.252 -0.435 -0.655 -0.860 -0.984 -0.982 -0.855 -0.921 -0.999 
0.000 0.000 0.000 0.000 0.000 0.000 0.000 0.000 -0.203 -0.367 -0.579 -0.796 -0.954 -0.998 -0.910 -0.869 -0.987 
0.000 0.000 0.000 0.000 0.000 0.000 0.000 0.000 -0.161 -0.305 -0.503 -0.725 -0.911 -0.998 -0.954 -0.806 -0.960 
0.000 0.000 0.000 0.000 0.000 0.000 0.000 0.000 -0.125 -0.249 -0.431 -0.650 -0.856 -0.983 -0.983 -0.858 -0.919 
0.000 0.000 0.000 0.000 0.000 0.000 0.000 0.000 0.000 -0.200 -0.363 -0.574 -0.792 -0.952 -0.998 -0.913 -0.865 
0.000 0.000 0.000 0.000 0.000 0.000 0.000 0.000 0.000 -0.159 -0.301 -0.499 -0.721 -0.908 -0.998 -0.956 -0.802 
0.000 0.000 0.000 0.000 0.000 0.000 0.000 0.000 0.000 -0.124 -0.246 -0.427 -0.646 -0.853 -0.981 -0.985 -0.862 
# 3 1 43 17
-0.857 -0.983 -0.983 -0.857 -0.652 -0.433 -0.250 -0.126 0.000 0.000 0.000 0.000 0.000 0.000 0.000 0.000 0.000 
-0.818 -0.946 -0.999 -0.920 -0.739 -0.517 -0.316 -0.168 0.000 0.000 0.000 0.000 0.000 0.000 0.000 0.000 0.000 
-0.888 -0.892 -0.994 -0.966 -0.819 -0.605 -0.390 -0.219 -0.107 0.000 0.000 0.000 0.000 0.000 0.000 0.000 0.000 
-0.944 -0.823 -0.968 -0.993 -0.889 -0.693 -0.472 -0.280 -0.145 0.000 0.000 0.000 0.000 0.000 0.000 0.000 0.000 
-0.981 -0.853 -0.923 -1.000 -0.944 -0.778 -0.558 -0.350 -0.191 0.000 0.000 0.000 0.000 0.000 0.000 0.000 0.000 
-0.999 -0.916 -0.861 -0.984 -0.982 -0.853 -0.647 -0.428 -0.247 -0.124 0.000 0.000 0.000 0.000 0.000 0.000 0.000 
-0.995 -0.964 -0.814 -0.949 -0.999 -0.917 -0.734 -0.512 -0.312 -0.165 0.000 0.000 0.000 0.000 0.000 0.000 0.000 
-0.970 -0.992 -0.885 -0.896 -0.995 -0.964 -0.814 -0.600 -0.386 -0.216 -0.106 0.000 0.000 0.000 0.000 0.000 0.000 
-0.926 -1.000 -0.941 -0.827 -0.970 -0.992 -0.885 -0.688 -0.467 -0.276 -0.142 0.000 0.000 0.000 0.000 0.000 0.000 
-0.866 -0.986 -0.980 -0.849 -0.926 -1.000 -0.941 -0.773 -0.553 -0.345 -0.188 0.000 0.000 0.000 0.000 0.000 0.000 
-0.792 -0.952 -0.998 -0.913 -0.865 -0.986 -0.980 -0.849 -0.642 -0.423 -0.243 -0.122 0.000 0.000 0.000 0.000 0.000 
-0.709 -0.900 -0.996 -0.962 -0.810 -0.952 -0.998 -0.913 -0.729 -0.507 -0.308 -0.163 0.000 0.000 0.000 0.000 0.000 
-0.621 -0.832 -0.973 -0.991 -0.881 -0.899 -0.996 -0.962 -0.810 -0.595 -0.381 -0.213 -0.104 0.000 0.000 0.000 0.000 
-0.533 -0.753 -0.929 -1.000 -0.938 -0.832 -0.972 -0.991 -0.881 -0.683 -0.462 -0.272 -0.140 0.000 0.000 0.000 0.000 
-0.447 -0.668 -0.870 -0.987 -0.978 -0.845 -0.929 -1.000 -0.938 -0.768 -0.548 -0.341 -0.185 0.000 0.000 0.000 0.000 
-0.367 -0.579 -0.796 -0.955 -0.998 -0.910 -0.869 -0.987 -0.978 -0.845 -0.637 -0.418 -0.240 -0.120 0.000 0.000 0.000 
-0.296 -0.492 -0.714 -0.903 -0.997 -0.959 -0.805 -0.954 -0.998 -0.910 -0.724 -0.502 -0.304 -0.160 0.000 0.000 0.000 
-0.233 -0.409 -0.626 -0.836 -0.974 -0.990 -0.877 -0.903 -0.997 -0.959 -0.805 -0.590 -0.376 -0.210 -0.102 0.000 0.000 
-0.179 -0.333 -0.538 -0.758 -0.933 -1.000 -0.935 -0.836 -0.974 -0.990 -0.877 -0.678 -0.457 -0.269 -0.138 0.000 0.000 
-0.135 -0.265 -0.452 -0.673 -0.873 -0.989 -0.976 -0.840 -0.932 -1.000 -0.935 -0.763 -0.543 -0.337 -0.182 0.000 0.000 
0.000 -0.206 -0.372 -0.584 -0.801 -0.957 -0.997 -0.906 -0.873 -0.989 -0.976 -0.841 -0.631 -0.413 -0.236 -0.118 0.000 
0.000 -0.157 -0.300 -0.497 -0.719 -0.907 -0.997 -0.957 -0.800 -0.957 -0.997 -0.907 -0.719 -0.497 -0.300 -0.157 0.000 
0.000 -0.118 -0.236 -0.413 -0.631 -0.841 -0.976 -0.989 -0.873 -0.906 -0.997 -0.957 -0.801 -0.584 -0.372 -0.206 0.000 
0.000 0.000 -0.182 -0.337 -0.543 -0.763 -0.935 -1.000 -0.932 -0.840 -0.976 -0.989 -0.873 -0.673 -0.452 -0.265 -0.135 
0.000 0.000 -0.138 -0.269 -0.457 -0.678 -0.877 -0.990 -0.974 -0.836 -0.935 -1.000 -0.933 -0.758 -0.538 -0.333 -0.179 
0.000 0.000 -0.102 -0.210 -0.376 -0.590 -0.805 -0.959 -0.997 -0.903 -0.877 -0.990 -0.974 -0.836 -0.626 -0.409 -0.233 
0.000 0.000 0.000 -0.160 -0.304 -0.502 -0.724 -0.910 -0.998 -0.954 -0.805 -0.959 -0.997 -0.903 -0.714 -0.492 -0.296 
0.000 0.000 0.000 -0.120 -0.240 -0.418 -0.637 -0.845 -0.978 -0.987 -0.869 -0.910 -0.998 -0.955 -0.796 -0.579 -0.367 
0.000 0.000 0.000 0.000 -0.185 -0.341 -0.548 -0.768 -0.938 -1.000 -0.929 -0.845 -0.978 -0.987 -0.870 -0.668 -0.447 
0.000 0.000 0.000 0.000 -0.140 -0.272 -0.462 -0.683 -0.881 -0.991 -0.972 -0.832 -0.938 -1.000 -0.929 -0.753 -0.533 
0.000 0.000 0.000 0.000 -0.104 -0.213 -0.381 -0.595 -0.810 -0.962 -0.996 -0.899 -0.881 -0.991 -0.973 -0.832 -0.621 
0.000 0.000 0.000 0.000 0.000 -0.163 -0.308 -0.507 -0.729 -0.913 -0.998 -0.952 -0.810 -0.962 -0.996 -0.900 -0.709 
0.000 0.000 0.000 0.000 0.000 -0.122 -0.243 -0.423 -0.642 -0.849 -0.980 -0.986 -0.865 -0.913 -0.998 -0.952 -0.792 
0.000 0.000 0.000 0.000 0.000 0.000 -0.188 -0.345 -0.553 -0.773 -0.941 -1.000 -0.926 -0.849 -0.980 -0.986 -0.866 
0.000 0.000 0.000 0.000 0.000 0.000 -0.142 -0.276 -0.467 -0.688 -0.885 -0.992 -0.970 -0.827 -0.941 -1.000 -0.926 
0.000 0.000 0.000 0.000 0.000 0.000 -0.106 -0.216 -0.386 -0.600 -0.814 -0.964 -0.995 -0.896 -0.885 -0.992 -0.970 
0.000 0.000 0.000 0.000 0.000 0.000 0.000 -0.165 -0.312 -0.512 -0.734 -0.917 -0.999 -0.949 -0.814 -0.964 -0.995 
0.000 0.000 0.000 0.000 0.000 0.000 0.000 -0.124 -0.247 -0.428 -0.647 -0.853 -0.982 -0.984 -0.861 -0.916 -0.999 
0.000 0.000 0.000 0.000 0.000 0.000 0.000 0.000 -0.191 -0.350 -0.558 -0.778 -0.944 -1.000 -0.923 -0.853 -0.981 
0.000 0.000 0.000 0.000 0.000 0.000 0.000 0.000 -0.145 -0.280 -0.472 -0.693 -0.889 -0.993 -0.968 -0.823 -0.944 
0.000 0.000 0.000 0.000 0.000 0.000 0.000 0.000 -0.107 -0.219 -0.390 -0.605 -0.819 -0.966 -0.994 -0.892 -0.888 
0.000 0.000 0.000 0.000 0.000 0.000 0.000 0.000 0.000 -0.168 -0.316 -0.517 -0.739 -0.920 -0.999 -0.946 -0.818 
0.000 0.000 0.000 0.000 0.000 0.000 0.000 0.000 0.000 -0.126 -0.250 -0.433 -0.652 -0.857 -0.983 -0.983 -0.857 
# 3 2 2 17
-0.772 -0.941 -1.000 -0.927 -0.848 -0.979 -0.987 -0.867 -0.664 -0.443 -0.258 -0.131 0.000 0.000 0.000 0.000 0.000 
0.000 0.000 0.000 0.000 0.000 -0.131 -0.258 -0.443 -0.664 -0.867 -0.987 -0.979 -0.848 -0.927 -1.000 -0.941 -0.772 
