3.723341
4
# 0 1 32 50
0.995 0.999 0.993 0.966 0.918 0.854 0.777 0.691 0.601 0.511 0.425 0.346 0.275 0.214 0.163 0.122 0.000 0.000 0.000 0.000 0.000 0.000 0.000 0.000 0.000 0.000 0.000 0.000 0.000 0.000 0.000 0.000 0.000 0.000 0.000 0.000 0.000 0.000 0.000 0.000 0.000 0.000 0.000 0.000 0.000 0.000 0.000 0.000 0.000 0.000 
0.991 1.000 0.993 1.000 0.984 0.947 0.892 0.821 0.740 0.652 0.561 0.473 0.390 0.314 0.248 0.191 0.144 0.106 0.000 0.000 0.000 0.000 0.000 0.000 0.000 0.000 0.000 0.000 0.000 0.000 0.000 0.000 0.000 0.000 0.000 0.000 0.000 0.000 0.000 0.000 0.000 0.000 0.000 0.000 0.000 0.000 0.000 0.000 0.000 0.000 
0.935 0.977 0.998 0.997 0.999 0.995 0.970 0.925 0.863 0.787 0.702 0.612 0.522 0.436 0.356 0.284 0.221 0.169 0.126 0.000 0.000 0.000 0.000 0.000 0.000 0.000 0.000 0.000 0.000 0.000 0.000 0.000 0.000 0.000 0.000 0.000 0.000 0.000 0.000 0.000 0.000 0.000 0.000 0.000 0.000 0.000 0.000 0.000 0.000 0.000 
0.836 0.904 0.956 0.989 1.000 0.991 1.000 0.987 0.953 0.900 0.831 0.750 0.663 0.573 0.484 0.400 0.323 0.255 0.197 0.149 0.110 0.000 0.000 0.000 0.000 0.000 0.000 0.000 0.000 0.000 0.000 0.000 0.000 0.000 0.000 0.000 0.000 0.000 0.000 0.000 0.000 0.000 0.000 0.000 0.000 0.000 0.000 0.000 0.000 0.000 
0.707 0.792 0.867 0.929 0.973 0.996 0.998 0.997 0.997 0.975 0.932 0.871 0.797 0.713 0.623 0.533 0.446 0.365 0.292 0.229 0.175 0.131 0.000 0.000 0.000 0.000 0.000 0.000 0.000 0.000 0.000 0.000 0.000 0.000 0.000 0.000 0.000 0.000 0.000 0.000 0.000 0.000 0.000 0.000 0.000 0.000 0.000 0.000 0.000 0.000 
0.567 0.657 0.745 0.826 0.896 0.950 0.986 1.000 0.992 1.000 0.990 0.958 0.907 0.840 0.761 0.674 0.584 0.495 0.410 0.332 0.263 0.204 0.155 0.115 0.000 0.000 0.000 0.000 0.000 0.000 0.000 0.000 0.000 0.000 0.000 0.000 0.000 0.000 0.000 0.000 0.000 0.000 0.000 0.000 0.000 0.000 0.000 0.000 0.000 0.000 
0.430 0.517 0.606 0.696 0.782 0.858 0.922 0.968 0.994 0.999 0.996 0.998 0.979 0.938 0.880 0.807 0.724 0.635 0.545 0.457 0.375 0.301 0.236 0.181 0.136 0.000 0.000 0.000 0.000 0.000 0.000 0.000 0.000 0.000 0.000 0.000 0.000 0.000 0.000 0.000 0.000 0.000 0.000 0.000 0.000 0.000 0.000 0.000 0.000 0.000 
0.310 0.385 0.468 0.556 0.646 0.734 0.817 0.888 0.944 0.982 0.999 0.994 1.000 0.992 0.963 0.915 0.849 0.771 0.685 0.595 0.506 0.420 0.341 0.271 0.211 0.160 0.119 0.000 0.000 0.000 0.000 0.000 0.000 0.000 0.000 0.000 0.000 0.000 0.000 0.000 0.000 0.000 0.000 0.000 0.000 0.000 0.000 0.000 0.000 0.000 
0.211 0.271 0.341 0.420 0.506 0.595 0.685 0.771 0.849 0.915 0.963 0.992 1.000 0.994 0.999 0.982 0.944 0.888 0.817 0.734 0.646 0.556 0.468 0.385 0.310 0.244 0.188 0.141 0.104 0.000 0.000 0.000 0.000 0.000 0.000 0.000 0.000 0.000 0.000 0.000 0.000 0.000 0.000 0.000 0.000 0.000 0.000 0.000 0.000 0.000 
0.136 0.181 0.236 0.301 0.375 0.457 0.545 0.635 0.724 0.807 0.880 0.938 0.979 0.998 0.996 0.999 0.994 0.968 0.922 0.858 0.782 0.696 0.606 0.517 0.430 0.351 0.280 0.218 0.166 0.124 0.000 0.000 0.000 0.000 0.000 0.000 0.000 0.000 0.000 0.000 0.000 0.000 0.000 0.000 0.000 0.000 0.000 0.000 0.000 0.000 
0.000 0.115 0.155 0.204 0.263 0.332 0.410 0.495 0.584 0.674 0.761 0.840 0.907 0.958 0.990 1.000 0.992 1.000 0.986 0.950 0.896 0.826 0.745 0.657 0.567 0.478 0.395 0.319 0.251 0.194 0.146 0.108 0.000 0.000 0.000 0.000 0.000 0.000 0.000 0.000 0.000 0.000 0.000 0.000 0.000 0.000 0.000 0.000 0.000 0.000 
0.000 0.000 0.000 0.131 0.175 0.229 0.292 0.365 0.446 0.533 0.623 0.713 0.797 0.871 0.932 0.975 0.997 0.997 0.998 0.996 0.973 0.929 0.867 0.792 0.707 0.618 0.528 0.441 0.360 0.288 0.225 0.172 0.129 0.000 0.000 0.000 0.000 0.000 0.000 0.000 0.000 0.000 0.000 0.000 0.000 0.000 0.000 0.000 0.000 0.000 
0.000 0.000 0.000 0.000 0.110 0.149 0.197 0.255 0.323 0.400 0.484 0.573 0.663 0.750 0.831 0.900 0.953 0.987 1.000 0.991 1.000 0.989 0.956 0.904 0.836 0.756 0.668 0.578 0.489 0.405 0.328 0.259 0.201 0.152 0.112 0.000 0.000 0.000 0.000 0.000 0.000 0.000 0.000 0.000 0.000 0.000 0.000 0.000 0.000 0.000 
0.000 0.000 0.000 0.000 0.000 0.000 0.126 0.169 0.221 0.284 0.356 0.436 0.522 0.612 0.702 0.787 0.863 0.925 0.970 0.995 0.999 0.997 0.998 0.977 0.935 0.876 0.802 0.718 0.629 0.539 0.452 0.370 0.297 0.232 0.178 0.134 0.000 0.000 0.000 0.000 0.000 0.000 0.000 0.000 0.000 0.000 0.000 0.000 0.000 0.000 
0.000 0.000 0.000 0.000 0.000 0.000 0.000 0.106 0.144 0.191 0.248 0.314 0.390 0.473 0.561 0.652 0.740 0.821 0.892 0.947 0.984 1.000 0.993 1.000 0.991 0.961 0.911 0.845 0.766 0.680 0.590 0.500 0.415 0.337 0.267 0.207 0.157 0.117 0.000 0.000 0.000 0.000 0.000 0.000 0.000 0.000 0.000 0.000 0.000 0.000 
0.000 0.000 0.000 0.000 0.000 0.000 0.000 0.000 0.000 0.122 0.163 0.214 0.275 0.346 0.425 0.511 0.601 0.691 0.777 0.854 0.918 0.966 0.993 0.999 0.995 0.999 0.980 0.941 0.884 0.812 0.729 0.640 0.550 0.462 0.380 0.305 0.240 0.184 0.139 0.102 0.000 0.000 0.000 0.000 0.000 0.000 0.000 0.000 0.000 0.000 
0.000 0.000 0.000 0.000 0.000 0.000 0.000 0.000 0.000 0.000 0.102 0.139 0.184 0.240 0.305 0.380 0.462 0.550 0.640 0.729 0.812 0.884 0.941 0.980 0.999 0.995 0.999 0.993 0.966 0.918 0.854 0.777 0.691 0.601 0.511 0.425 0.346 0.275 0.214 0.163 0.122 0.000 0.000 0.000 0.000 0.000 0.000 0.000 0.000 0.000 
0.000 0.000 0.000 0.000 0.000 0.000 0.000 0.000 0.000 0.000 0.000 0.000 0.117 0.157 0.207 0.267 0.337 0.415 0.500 0.590 0.680 0.766 0.845 0.911 0.961 0.991 1.000 0.993 1.000 0.984 0.947 0.892 0.821 0.740 0.652 0.561 0.473 0.390 0.314 0.248 0.191 0.144 0.106 0.000 0.000 0.000 0.000 0.000 0.000 0.000 
0.000 0.000 0.000 0.000 0.000 0.000 0.000 0.000 0.000 0.000 0.000 0.000 0.000 0.000 0.134 0.178 0.232 0.297 0.370 0.452 0.539 0.629 0.718 0.802 0.876 0.935 0.977 0.998 0.997 0.999 0.995 0.970 0.925 0.863 0.787 0.702 0.612 0.522 0.436 0.356 0.284 0.221 0.169 0.126 0.000 0.000 0.000 0.000 0.000 0.000 
0.000 0.000 0.000 0.000 0.000 0.000 0.000 0.000 0.000 0.000 0.000 0.000 0.000 0.000 0.000 0.112 0.152 0.201 0.259 0.328 0.405 0.489 0.578 0.668 0.756 0.836 0.904 0.956 0.989 1.000 0.991 1.000 0.987 0.953 0.900 0.831 0.750 0.663 0.573 0.484 0.400 0.323 0.255 0.197 0.149 0.110 0.000 0.000 0.000 0.000 
0.000 0.000 0.000 0.000 0.000 0.000 0.000 0.000 0.000 0.000 0.000 0.000 0.000 0.000 0.000 0.000 0.000 0.129 0.172 0.225 0.288 0.360 0.441 0.528 0.618 0.707 0.792 0.867 0.929 0.973 0.996 0.998 0.997 0.997 0.975 0.932 0.871 0.797 0.713 0.623 0.533 0.446 0.365 0.292 0.229 0.175 0.131 0.000 0.000 0.000 
0.000 0.000 0.000 0.000 0.000 0.000 0.000 0.000 0.000 0.000 0.000 0.000 0.000 0.000 0.000 0.000 0.000 0.000 0.108 0.146 0.194 0.251 0.319 0.395 0.478 0.567 0.657 0.745 0.826 0.896 0.950 0.986 1.000 0.992 1.000 0.990 0.958 0.907 0.840 0.761 0.674 0.584 0.495 0.410 0.332 0.263 0.204 0.155 0.115 0.000 
0.000 0.000 0.000 0.000 0.000 0.000 0.000 0.000 0.000 0.000 0.000 0.000 0.000 0.000 0.000 0.000 0.000 0.000 0.000 0.000 0.124 0.166 0.218 0.280 0.351 0.430 0.517 0.606 0.696 0.782 0.858 0.922 0.968 0.994 0.999 0.996 0.998 0.979 0.938 0.880 0.807 0.724 0.635 0.545 0.457 0.375 0.301 0.236 0.181 0.136 
0.000 0.000 0.000 0.000 0.000 0.000 0.000 0.000 0.000 0.000 0.000 0.000 0.000 0.000 0.000 0.000 0.000 0.000 0.000 0.000 0.000 0.104 0.141 0.188 0.244 0.310 0.385 0.468 0.556 0.646 0.734 0.817 0.888 0.944 0.982 0.999 0.994 1.000 0.992 0.963 0.915 0.849 0.771 0.685 0.595 0.506 0.420 0.341 0.271 0.211 
0.000 0.000 0.000 0.000 0.000 0.000 0.000 0.000 0.000 0.000 0.000 0.000 0.000 0.000 0.000 0.000 0.000 0.000 0.000 0.000 0.000 0.000 0.000 0.119 0.160 0.211 0.271 0.341 0.420 0.506 0.595 0.685 0.771 0.849 0.915 0.963 0.992 1.000 0.994 0.999 0.982 0.944 0.888 0.817 0.734 0.646 0.556 0.468 0.385 0.310 
0.000 0.000 0.000 0.000 0.000 0.000 0.000 0.000 0.000 0.000 0.000 0.000 0.000 0.000 0.000 0.000 0.000 0.000 0.000 0.000 0.000 0.000 0.000 0.000 0.000 0.136 0.181 0.236 0.301 0.375 0.457 0.545 0.635 0.724 0.807 0.880 0.938 0.979 0.998 0.996 0.999 0.994 0.968 0.922 0.858 0.782 0.696 0.606 0.517 0.430 
0.000 0.000 0.000 0.000 0.000 0.000 0.000 0.000 0.000 0.000 0.000 0.000 0.000 0.000 0.000 0.000 0.000 0.000 0.000 0.000 0.000 0.000 0.000 0.000 0.000 0.000 0.115 0.155 0.204 0.263 0.332 0.410 0.495 0.584 0.674 0.761 0.840 0.907 0.958 0.990 1.000 0.992 1.000 0.986 0.950 0.896 0.826 0.745 0.657 0.567 
0.000 0.000 0.000 0.000 0.000 0.000 0.000 0.000 0.000 0.000 0.000 0.000 0.000 0.000 0.000 0.000 0.000 0.000 0.000 0.000 0.000 0.000 0.000 0.000 0.000 0.000 0.000 0.000 0.131 0.175 0.229 0.292 0.365 0.446 0.533 0.623 0.713 0.797 0.871 0.932 0.975 0.997 0.997 0.998 0.996 0.973 0.929 0.867 0.792 0.707 
0.000 0.000 0.000 0.000 0.000 0.000 0.000 0.000 0.000 0.000 0.000 0.000 0.000 0.000 0.000 0.000 0.000 0.000 0.000 0.000 0.000 0.000 0.000 0.000 0.000 0.000 0.000 0.000 0.000 0.110 0.149 0.197 0.255 0.323 0.400 0.484 0.573 0.663 0.750 0.831 0.900 0.953 0.987 1.000 0.991 1.000 0.989 0.956 0.904 0.836 
0.000 0.000 0.000 0.000 0.000 0.000 0.000 0.000 0.000 0.000 0.000 0.000 0.000 0.000 0.000 0.000 0.000 0.000 0.000 0.000 0.000 0.000 0.000 0.000 0.000 0.000 0.000 0.000 0.000 0.000 0.000 0.126 0.169 0.221 0.284 0.356 0.436 0.522 0.612 0.702 0.787 0.863 0.925 0.970 0.995 0.999 0.997 0.998 0.977 0.935 
0.000 0.000 0.000 0.000 0.000 0.000 0.000 0.000 0.000 0.000 0.000 0.000 0.000 0.000 0.000 0.000 0.000 0.000 0.000 0.000 0.000 0.000 0.000 0.000 0.000 0.000 0.000 0.000 0.000 0.000 0.000 0.000 0.106 0.144 0.191 0.248 0.314 0.390 0.473 0.561 0.652 0.740 0.821 0.892 0.947 0.984 1.000 0.993 1.000 0.991 
0.000 0.000 0.000 0.000 0.000 0.000 0.000 0.000 0.000 0.000 0.000 0.000 0.000 0.000 0.000 0.000 0.000 0.000 0.000 0.000 0.000 0.000 0.000 0.000 0.000 0.000 0.000 0.000 0.000 0.000 0.000 0.000 0.000 0.000 0.122 0.163 0.214 0.275 0.346 0.425 0.511 0.601 0.691 0.777 0.854 0.918 0.966 0.993 0.999 0.995 
# 0 2 26 50
0.997 0.998 0.996 0.972 0.928 0.867 0.791 0.707 0.617 0.527 0.440 0.360 0.287 0.225 0.172 0.128 0.000 0.000 0.000 0.000 0.000 0.000 0.000 0.000 0.000 0.000 0.000 0.000 0.000 0.000 0.000 0.000 0.000 0.000 0.000 0.000 0.000 0.000 0.000 0.000 0.000 0.000 0.000 0.000 0.000 0.000 0.000 0.000 0.000 0.000 
0.977 0.998 0.996 0.999 0.995 0.970 0.924 0.861 0.785 0.700 0.610 0.520 0.434 0.354 0.282 0.220 0.168 0.125 0.000 0.000 0.000 0.000 0.000 0.000 0.000 0.000 0.000 0.000 0.000 0.000 0.000 0.000 0.000 0.000 0.000 0.000 0.000 0.000 0.000 0.000 0.000 0.000 0.000 0.000 0.000 0.000 0.000 0.000 0.000 0.000 
0.882 0.940 0.980 0.999 0.995 0.999 0.994 0.967 0.920 0.856 0.779 0.693 0.603 0.513 0.427 0.348 0.277 0.216 0.164 0.123 0.000 0.000 0.000 0.000 0.000 0.000 0.000 0.000 0.000 0.000 0.000 0.000 0.000 0.000 0.000 0.000 0.000 0.000 0.000 0.000 0.000 0.000 0.000 0.000 0.000 0.000 0.000 0.000 0.000 0.000 
0.733 0.816 0.887 0.944 0.982 0.999 0.994 1.000 0.993 0.964 0.915 0.850 0.772 0.686 0.596 0.507 0.421 0.342 0.272 0.212 0.161 0.120 0.000 0.000 0.000 0.000 0.000 0.000 0.000 0.000 0.000 0.000 0.000 0.000 0.000 0.000 0.000 0.000 0.000 0.000 0.000 0.000 0.000 0.000 0.000 0.000 0.000 0.000 0.000 0.000 
0.562 0.652 0.740 0.822 0.892 0.947 0.984 1.000 0.993 1.000 0.991 0.961 0.911 0.845 0.766 0.679 0.589 0.500 0.415 0.337 0.267 0.207 0.157 0.117 0.000 0.000 0.000 0.000 0.000 0.000 0.000 0.000 0.000 0.000 0.000 0.000 0.000 0.000 0.000 0.000 0.000 0.000 0.000 0.000 0.000 0.000 0.000 0.000 0.000 0.000 
0.396 0.480 0.568 0.659 0.747 0.827 0.897 0.951 0.986 1.000 0.992 1.000 0.990 0.958 0.906 0.839 0.760 0.673 0.582 0.493 0.409 0.331 0.262 0.203 0.154 0.114 0.000 0.000 0.000 0.000 0.000 0.000 0.000 0.000 0.000 0.000 0.000 0.000 0.000 0.000 0.000 0.000 0.000 0.000 0.000 0.000 0.000 0.000 0.000 0.000 
0.257 0.325 0.402 0.486 0.575 0.666 0.753 0.833 0.902 0.954 0.988 1.000 0.990 1.000 0.988 0.954 0.902 0.833 0.753 0.666 0.575 0.486 0.402 0.325 0.257 0.199 0.151 0.111 0.000 0.000 0.000 0.000 0.000 0.000 0.000 0.000 0.000 0.000 0.000 0.000 0.000 0.000 0.000 0.000 0.000 0.000 0.000 0.000 0.000 0.000 
0.154 0.203 0.262 0.331 0.409 0.493 0.582 0.673 0.760 0.839 0.906 0.958 0.990 1.000 0.992 1.000 0.986 0.951 0.897 0.827 0.747 0.659 0.568 0.480 0.396 0.320 0.252 0.195 0.147 0.109 0.000 0.000 0.000 0.000 0.000 0.000 0.000 0.000 0.000 0.000 0.000 0.000 0.000 0.000 0.000 0.000 0.000 0.000 0.000 0.000 
0.000 0.117 0.157 0.207 0.267 0.337 0.415 0.500 0.589 0.679 0.766 0.845 0.911 0.961 0.991 1.000 0.993 1.000 0.984 0.947 0.892 0.822 0.740 0.652 0.562 0.473 0.390 0.314 0.248 0.191 0.144 0.106 0.000 0.000 0.000 0.000 0.000 0.000 0.000 0.000 0.000 0.000 0.000 0.000 0.000 0.000 0.000 0.000 0.000 0.000 
0.000 0.000 0.000 0.120 0.161 0.212 0.272 0.342 0.421 0.507 0.596 0.686 0.772 0.850 0.915 0.964 0.993 1.000 0.994 0.999 0.982 0.944 0.887 0.816 0.733 0.645 0.555 0.467 0.384 0.309 0.243 0.187 0.141 0.104 0.000 0.000 0.000 0.000 0.000 0.000 0.000 0.000 0.000 0.000 0.000 0.000 0.000 0.000 0.000 0.000 
0.000 0.000 0.000 0.000 0.000 0.123 0.164 0.216 0.277 0.348 0.427 0.513 0.603 0.693 0.779 0.856 0.920 0.967 0.994 0.999 0.995 0.999 0.980 0.940 0.882 0.810 0.727 0.638 0.548 0.460 0.378 0.303 0.238 0.183 0.138 0.101 0.000 0.000 0.000 0.000 0.000 0.000 0.000 0.000 0.000 0.000 0.000 0.000 0.000 0.000 
0.000 0.000 0.000 0.000 0.000 0.000 0.000 0.125 0.168 0.220 0.282 0.354 0.434 0.520 0.610 0.700 0.785 0.861 0.924 0.970 0.995 0.999 0.996 0.998 0.977 0.936 0.877 0.804 0.720 0.631 0.541 0.453 0.372 0.298 0.234 0.179 0.134 0.000 0.000 0.000 0.000 0.000 0.000 0.000 0.000 0.000 0.000 0.000 0.000 0.000 
0.000 0.000 0.000 0.000 0.000 0.000 0.000 0.000 0.000 0.128 0.172 0.225 0.287 0.360 0.440 0.527 0.617 0.707 0.791 0.867 0.928 0.972 0.996 0.998 0.997 0.997 0.975 0.932 0.872 0.797 0.713 0.624 0.534 0.447 0.366 0.293 0.229 0.175 0.131 0.000 0.000 0.000 0.000 0.000 0.000 0.000 0.000 0.000 0.000 0.000 
0.000 0.000 0.000 0.000 0.000 0.000 0.000 0.000 0.000 0.000 0.000 0.131 0.175 0.229 0.293 0.366 0.447 0.534 0.624 0.713 0.797 0.872 0.932 0.975 0.997 0.997 0.998 0.996 0.972 0.928 0.867 0.791 0.707 0.617 0.527 0.440 0.360 0.287 0.225 0.172 0.128 0.000 0.000 0.000 0.000 0.000 0.000 0.000 0.000 0.000 
0.000 0.000 0.000 0.000 0.000 0.000 0.000 0.000 0.000 0.000 0.000 0.000 0.000 0.134 0.179 0.234 0.298 0.372 0.453 0.541 0.631 0.720 0.804 0.877 0.936 0.977 0.998 0.996 0.999 0.995 0.970 0.924 0.861 0.785 0.700 0.610 0.520 0.434 0.354 0.282 0.220 0.168 0.125 0.000 0.000 0.000 0.000 0.000 0.000 0.000 
0.000 0.000 0.000 0.000 0.000 0.000 0.000 0.000 0.000 0.000 0.000 0.000 0.000 0.000 0.101 0.138 0.183 0.238 0.303 0.378 0.460 0.548 0.638 0.727 0.810 0.882 0.940 0.980 0.999 0.995 0.999 0.994 0.967 0.920 0.856 0.779 0.693 0.603 0.513 0.427 0.348 0.277 0.216 0.164 0.123 0.000 0.000 0.000 0.000 0.000 
0.000 0.000 0.000 0.000 0.000 0.000 0.000 0.000 0.000 0.000 0.000 0.000 0.000 0.000 0.000 0.000 0.104 0.141 0.187 0.243 0.309 0.384 0.467 0.555 0.645 0.733 0.816 0.887 0.944 0.982 0.999 0.994 1.000 0.993 0.964 0.915 0.850 0.772 0.686 0.596 0.507 0.421 0.342 0.272 0.212 0.161 0.120 0.000 0.000 0.000 
0.000 0.000 0.000 0.000 0.000 0.000 0.000 0.000 0.000 0.000 0.000 0.000 0.000 0.000 0.000 0.000 0.000 0.000 0.106 0.144 0.191 0.248 0.314 0.390 0.473 0.562 0.652 0.740 0.822 0.892 0.947 0.984 1.000 0.993 1.000 0.991 0.961 0.911 0.845 0.766 0.679 0.589 0.500 0.415 0.337 0.267 0.207 0.157 0.117 0.000 
0.000 0.000 0.000 0.000 0.000 0.000 0.000 0.000 0.000 0.000 0.000 0.000 0.000 0.000 0.000 0.000 0.000 0.000 0.000 0.000 0.109 0.147 0.195 0.252 0.320 0.396 0.480 0.568 0.659 0.747 0.827 0.897 0.951 0.986 1.000 0.992 1.000 0.990 0.958 0.906 0.839 0.760 0.673 0.582 0.493 0.409 0.331 0.262 0.203 0.154 
0.000 0.000 0.000 0.000 0.000 0.000 0.000 0.000 0.000 0.000 0.000 0.000 0.000 0.000 0.000 0.000 0.000 0.000 0.000 0.000 0.000 0.000 0.111 0.151 0.199 0.257 0.325 0.402 0.486 0.575 0.666 0.753 0.833 0.902 0.954 0.988 1.000 0.990 1.000 0.988 0.954 0.902 0.833 0.753 0.666 0.575 0.486 0.402 0.325 0.257 
0.000 0.000 0.000 0.000 0.000 0.000 0.000 0.000 0.000 0.000 0.000 0.000 0.000 0.000 0.000 0.000 0.000 0.000 0.000 0.000 0.000 0.000 0.000 0.000 0.114 0.154 0.203 0.262 0.331 0.409 0.493 0.582 0.673 0.760 0.839 0.906 0.958 0.990 1.000 0.992 1.000 0.986 0.951 0.897 0.827 0.747 0.659 0.568 0.480 0.396 
0.000 0.000 0.000 0.000 0.000 0.000 0.000 0.000 0.000 0.000 0.000 0.000 0.000 0.000 0.000 0.000 0.000 0.000 0.000 0.000 0.000 0.000 0.000 0.000 0.000 0.000 0.117 0.157 0.207 0.267 0.337 0.415 0.500 0.589 0.679 0.766 0.845 0.911 0.961 0.991 1.000 0.993 1.000 0.984 0.947 0.892 0.822 0.740 0.652 0.562 
0.000 0.000 0.000 0.000 0.000 0.000 0.000 0.000 0.000 0.000 0.000 0.000 0.000 0.000 0.000 0.000 0.000 0.000 0.000 0.000 0.000 0.000 0.000 0.000 0.000 0.000 0.000 0.000 0.120 0.161 0.212 0.272 0.342 0.421 0.507 0.596 0.686 0.772 0.850 0.915 0.964 0.993 1.000 0.994 0.999 0.982 0.944 0.887 0.816 0.733 
0.000 0.000 0.000 0.000 0.000 0.000 0.000 0.000 0.000 0.000 0.000 0.000 0.000 0.000 0.000 0.000 0.000 0.000 0.000 0.000 0.000 0.000 0.000 0.000 0.000 0.000 0.000 0.000 0.000 0.000 0.123 0.164 0.216 0.277 0.348 0.427 0.513 0.603 0.693 0.779 0.856 0.920 0.967 0.994 0.999 0.995 0.999 0.980 0.940 0.882 
0.000 0.000 0.000 0.000 0.000 0.000 0.000 0.000 0.000 0.000 0.000 0.000 0.000 0.000 0.000 0.000 0.000 0.000 0.000 0.000 0.000 0.000 0.000 0.000 0.000 0.000 0.000 0.000 0.000 0.000 0.000 0.000 0.125 0.168 0.220 0.282 0.354 0.434 0.520 0.610 0.700 0.785 0.861 0.924 0.970 0.995 0.999 0.996 0.998 0.977 
0.000 0.000 0.000 0.000 0.000 0.000 0.000 0.000 0.000 0.000 0.000 0.000 0.000 0.000 0.000 0.000 0.000 0.000 0.000 0.000 0.000 0.000 0.000 0.000 0.000 0.000 0.000 0.000 0.000 0.000 0.000 0.000 0.000 0.000 0.128 0.172 0.225 0.287 0.360 0.440 0.527 0.617 0.707 0.791 0.867 0.928 0.972 0.996 0.998 0.997 
# 0 3 14 50
0.999 0.995 0.999 0.994 0.966 0.919 0.854 0.777 0.691 0.601 0.512 0.426 0.346 0.276 0.215 0.163 0.122 0.000 0.000 0.000 0.000 0.000 0.000 0.000 0.000 0.000 0.000 0.000 0.000 0.000 0.000 0.000 0.000 0.000 0.000 0.000 0.000 0.000 0.000 0.000 0.000 0.000 0.000 0.000 0.000 0.000 0.000 0.000 0.000 0.000 
0.844 0.910 0.960 0.991 1.000 0.993 1.000 0.984 0.948 0.893 0.822 0.741 0.653 0.563 0.474 0.391 0.315 0.248 0.191 0.144 0.107 0.000 0.000 0.000 0.000 0.000 0.000 0.000 0.000 0.000 0.000 0.000 0.000 0.000 0.000 0.000 0.000 0.000 0.000 0.000 0.000 0.000 0.000 0.000 0.000 0.000 0.000 0.000 0.000 0.000 
0.537 0.627 0.716 0.800 0.874 0.934 0.976 0.997 0.997 0.998 0.996 0.971 0.926 0.864 0.789 0.704 0.614 0.524 0.438 0.357 0.285 0.223 0.170 0.127 0.000 0.000 0.000 0.000 0.000 0.000 0.000 0.000 0.000 0.000 0.000 0.000 0.000 0.000 0.000 0.000 0.000 0.000 0.000 0.000 0.000 0.000 0.000 0.000 0.000 0.000 
0.257 0.325 0.402 0.486 0.575 0.666 0.753 0.833 0.902 0.954 0.988 1.000 0.990 1.000 0.988 0.954 0.902 0.833 0.753 0.666 0.575 0.486 0.402 0.325 0.257 0.199 0.151 0.111 0.000 0.000 0.000 0.000 0.000 0.000 0.000 0.000 0.000 0.000 0.000 0.000 0.000 0.000 0.000 0.000 0.000 0.000 0.000 0.000 0.000 0.000 
0.000 0.127 0.170 0.223 0.285 0.357 0.438 0.524 0.614 0.704 0.789 0.864 0.926 0.971 0.996 0.998 0.997 0.997 0.976 0.934 0.874 0.800 0.716 0.627 0.537 0.450 0.368 0.295 0.231 0.177 0.133 0.000 0.000 0.000 0.000 0.000 0.000 0.000 0.000 0.000 0.000 0.000 0.000 0.000 0.000 0.000 0.000 0.000 0.000 0.000 
0.000 0.000 0.000 0.000 0.107 0.144 0.191 0.248 0.315 0.391 0.474 0.563 0.653 0.741 0.822 0.893 0.948 0.984 1.000 0.993 1.000 0.991 0.960 0.910 0.844 0.765 0.678 0.588 0.499 0.414 0.336 0.266 0.207 0.157 0.116 0.000 0.000 0.000 0.000 0.000 0.000 0.000 0.000 0.000 0.000 0.000 0.000 0.000 0.000 0.000 
0.000 0.000 0.000 0.000 0.000 0.000 0.000 0.000 0.122 0.163 0.215 0.276 0.346 0.426 0.512 0.601 0.691 0.777 0.854 0.919 0.966 0.994 0.999 0.995 0.999 0.980 0.941 0.884 0.811 0.729 0.640 0.550 0.462 0.379 0.305 0.240 0.184 0.138 0.102 0.000 0.000 0.000 0.000 0.000 0.000 0.000 0.000 0.000 0.000 0.000 
0.000 0.000 0.000 0.000 0.000 0.000 0.000 0.000 0.000 0.000 0.000 0.102 0.138 0.184 0.240 0.305 0.379 0.462 0.550 0.640 0.729 0.811 0.884 0.941 0.980 0.999 0.995 0.999 0.994 0.966 0.919 0.854 0.777 0.691 0.601 0.512 0.426 0.346 0.276 0.215 0.163 0.122 0.000 0.000 0.000 0.000 0.000 0.000 0.000 0.000 
0.000 0.000 0.000 0.000 0.000 0.000 0.000 0.000 0.000 0.000 0.000 0.000 0.000 0.000 0.000 0.116 0.157 0.207 0.266 0.336 0.414 0.499 0.588 0.678 0.765 0.844 0.910 0.960 0.991 1.000 0.993 1.000 0.984 0.948 0.893 0.822 0.741 0.653 0.563 0.474 0.391 0.315 0.248 0.191 0.144 0.107 0.000 0.000 0.000 0.000 
0.000 0.000 0.000 0.000 0.000 0.000 0.000 0.000 0.000 0.000 0.000 0.000 0.000 0.000 0.000 0.000 0.000 0.000 0.000 0.133 0.177 0.231 0.295 0.368 0.450 0.537 0.627 0.716 0.800 0.874 0.934 0.976 0.997 0.997 0.998 0.996 0.971 0.926 0.864 0.789 0.704 0.614 0.524 0.438 0.357 0.285 0.223 0.170 0.127 0.000 
0.000 0.000 0.000 0.000 0.000 0.000 0.000 0.000 0.000 0.000 0.000 0.000 0.000 0.000 0.000 0.000 0.000 0.000 0.000 0.000 0.000 0.000 0.111 0.151 0.199 0.257 0.325 0.402 0.486 0.575 0.666 0.753 0.833 0.902 0.954 0.988 1.000 0.990 1.000 0.988 0.954 0.902 0.833 0.753 0.666 0.575 0.486 0.402 0.325 0.257 
0.000 0.000 0.000 0.000 0.000 0.000 0.000 0.000 0.000 0.000 0.000 0.000 0.000 0.000 0.000 0.000 0.000 0.000 0.000 0.000 0.000 0.000 0.000 0.000 0.000 0.000 0.127 0.170 0.223 0.285 0.357 0.438 0.524 0.614 0.704 0.789 0.864 0.926 0.971 0.996 0.998 0.997 0.997 0.976 0.934 0.874 0.800 0.716 0.627 0.537 
0.000 0.000 0.000 0.000 0.000 0.000 0.000 0.000 0.000 0.000 0.000 0.000 0.000 0.000 0.000 0.000 0.000 0.000 0.000 0.000 0.000 0.000 0.000 0.000 0.000 0.000 0.000 0.000 0.000 0.107 0.144 0.191 0.248 0.315 0.391 0.474 0.563 0.653 0.741 0.822 0.893 0.948 0.984 1.000 0.993 1.000 0.991 0.960 0.910 0.844 
0.000 0.000 0.000 0.000 0.000 0.000 0.000 0.000 0.000 0.000 0.000 0.000 0.000 0.000 0.000 0.000 0.000 0.000 0.000 0.000 0.000 0.000 0.000 0.000 0.000 0.000 0.000 0.000 0.000 0.000 0.000 0.000 0.000 0.122 0.163 0.215 0.276 0.346 0.426 0.512 0.601 0.691 0.777 0.854 0.919 0.966 0.994 0.999 0.995 0.999 
# 1 0 50 32
-0.689 -0.914 -1.000 -0.902 -0.670 -0.411 -0.208 0.000 0.000 0.000 0.000 0.000 0.000 0.000 0.000 0.000 0.000 0.000 0.000 0.000 0.000 0.000 0.000 0.000 0.000 0.000 0.000 0.000 0.000 0.000 0.000 0.000 
-0.760 -0.780 -0.965 -0.985 -0.829 -0.575 -0.329 -0.155 0.000 0.000 0.000 0.000 0.000 0.000 0.000 0.000 0.000 0.000 0.000 0.000 0.000 0.000 0.000 0.000 0.000 0.000 0.000 0.000 0.000 0.000 0.000 0.000 
-0.900 -0.668 -0.861 -0.994 -0.946 -0.743 -0.480 -0.256 -0.113 0.000 0.000 0.000 0.000 0.000 0.000 0.000 0.000 0.000 0.000 0.000 0.000 0.000 0.000 0.000 0.000 0.000 0.000 0.000 0.000 0.000 0.000 0.000 
-0.984 -0.827 -0.710 -0.927 -0.999 -0.887 -0.649 -0.392 -0.195 0.000 0.000 0.000 0.000 0.000 0.000 0.000 0.000 0.000 0.000 0.000 0.000 0.000 0.000 0.000 0.000 0.000 0.000 0.000 0.000 0.000 0.000 0.000 
-0.995 -0.945 -0.740 -0.799 -0.974 -0.978 -0.810 -0.553 -0.312 -0.145 0.000 0.000 0.000 0.000 0.000 0.000 0.000 0.000 0.000 0.000 0.000 0.000 0.000 0.000 0.000 0.000 0.000 0.000 0.000 0.000 0.000 0.000 
-0.929 -0.999 -0.885 -0.647 -0.877 -0.997 -0.935 -0.722 -0.460 -0.242 -0.105 0.000 0.000 0.000 0.000 0.000 0.000 0.000 0.000 0.000 0.000 0.000 0.000 0.000 0.000 0.000 0.000 0.000 0.000 0.000 0.000 0.000 
-0.801 -0.975 -0.978 -0.808 -0.730 -0.939 -0.996 -0.871 -0.628 -0.373 -0.183 0.000 0.000 0.000 0.000 0.000 0.000 0.000 0.000 0.000 0.000 0.000 0.000 0.000 0.000 0.000 0.000 0.000 0.000 0.000 0.000 0.000 
-0.639 -0.879 -0.998 -0.933 -0.720 -0.818 -0.981 -0.971 -0.792 -0.532 -0.295 -0.135 0.000 0.000 0.000 0.000 0.000 0.000 0.000 0.000 0.000 0.000 0.000 0.000 0.000 0.000 0.000 0.000 0.000 0.000 0.000 0.000 
-0.470 -0.733 -0.941 -0.996 -0.869 -0.657 -0.893 -0.999 -0.922 -0.702 -0.440 -0.228 0.000 0.000 0.000 0.000 0.000 0.000 0.000 0.000 0.000 0.000 0.000 0.000 0.000 0.000 0.000 0.000 0.000 0.000 0.000 0.000 
-0.320 -0.564 -0.820 -0.982 -0.970 -0.790 -0.750 -0.951 -0.993 -0.855 -0.607 -0.355 -0.171 0.000 0.000 0.000 0.000 0.000 0.000 0.000 0.000 0.000 0.000 0.000 0.000 0.000 0.000 0.000 0.000 0.000 0.000 0.000 
-0.201 -0.401 -0.660 -0.894 -0.999 -0.921 -0.699 -0.836 -0.987 -0.962 -0.772 -0.511 -0.279 -0.126 0.000 0.000 0.000 0.000 0.000 0.000 0.000 0.000 0.000 0.000 0.000 0.000 0.000 0.000 0.000 0.000 0.000 0.000 
-0.117 -0.264 -0.491 -0.753 -0.952 -0.992 -0.853 -0.679 -0.907 -1.000 -0.909 -0.681 -0.421 -0.214 0.000 0.000 0.000 0.000 0.000 0.000 0.000 0.000 0.000 0.000 0.000 0.000 0.000 0.000 0.000 0.000 0.000 0.000 
0.000 -0.160 -0.337 -0.585 -0.837 -0.988 -0.961 -0.770 -0.770 -0.961 -0.988 -0.837 -0.585 -0.337 -0.160 0.000 0.000 0.000 0.000 0.000 0.000 0.000 0.000 0.000 0.000 0.000 0.000 0.000 0.000 0.000 0.000 0.000 
0.000 0.000 -0.214 -0.421 -0.681 -0.909 -1.000 -0.907 -0.679 -0.853 -0.992 -0.952 -0.753 -0.491 -0.264 -0.117 0.000 0.000 0.000 0.000 0.000 0.000 0.000 0.000 0.000 0.000 0.000 0.000 0.000 0.000 0.000 0.000 
0.000 0.000 -0.126 -0.279 -0.511 -0.772 -0.962 -0.987 -0.836 -0.699 -0.921 -0.999 -0.894 -0.660 -0.401 -0.201 0.000 0.000 0.000 0.000 0.000 0.000 0.000 0.000 0.000 0.000 0.000 0.000 0.000 0.000 0.000 0.000 
0.000 0.000 0.000 -0.171 -0.355 -0.607 -0.855 -0.993 -0.951 -0.750 -0.790 -0.970 -0.982 -0.820 -0.564 -0.320 -0.150 0.000 0.000 0.000 0.000 0.000 0.000 0.000 0.000 0.000 0.000 0.000 0.000 0.000 0.000 0.000 
0.000 0.000 0.000 0.000 -0.228 -0.440 -0.702 -0.922 -0.999 -0.893 -0.657 -0.869 -0.996 -0.941 -0.733 -0.470 -0.249 -0.109 0.000 0.000 0.000 0.000 0.000 0.000 0.000 0.000 0.000 0.000 0.000 0.000 0.000 0.000 
0.000 0.000 0.000 0.000 -0.135 -0.295 -0.532 -0.792 -0.971 -0.981 -0.818 -0.720 -0.933 -0.998 -0.879 -0.639 -0.382 -0.189 0.000 0.000 0.000 0.000 0.000 0.000 0.000 0.000 0.000 0.000 0.000 0.000 0.000 0.000 
0.000 0.000 0.000 0.000 0.000 -0.183 -0.373 -0.628 -0.871 -0.996 -0.939 -0.730 -0.808 -0.978 -0.975 -0.801 -0.543 -0.303 -0.140 0.000 0.000 0.000 0.000 0.000 0.000 0.000 0.000 0.000 0.000 0.000 0.000 0.000 
0.000 0.000 0.000 0.000 0.000 -0.105 -0.242 -0.460 -0.722 -0.935 -0.997 -0.877 -0.647 -0.885 -0.999 -0.929 -0.712 -0.450 -0.235 -0.101 0.000 0.000 0.000 0.000 0.000 0.000 0.000 0.000 0.000 0.000 0.000 0.000 
0.000 0.000 0.000 0.000 0.000 0.000 -0.145 -0.312 -0.553 -0.810 -0.978 -0.974 -0.799 -0.740 -0.945 -0.995 -0.863 -0.617 -0.364 -0.177 0.000 0.000 0.000 0.000 0.000 0.000 0.000 0.000 0.000 0.000 0.000 0.000 
0.000 0.000 0.000 0.000 0.000 0.000 0.000 -0.195 -0.392 -0.649 -0.887 -0.999 -0.927 -0.710 -0.827 -0.984 -0.966 -0.782 -0.522 -0.287 -0.130 0.000 0.000 0.000 0.000 0.000 0.000 0.000 0.000 0.000 0.000 0.000 
0.000 0.000 0.000 0.000 0.000 0.000 0.000 -0.113 -0.256 -0.480 -0.743 -0.946 -0.994 -0.861 -0.668 -0.900 -1.000 -0.916 -0.691 -0.430 -0.221 0.000 0.000 0.000 0.000 0.000 0.000 0.000 0.000 0.000 0.000 0.000 
0.000 0.000 0.000 0.000 0.000 0.000 0.000 0.000 -0.155 -0.329 -0.575 -0.829 -0.985 -0.965 -0.780 -0.760 -0.956 -0.990 -0.846 -0.596 -0.346 -0.166 0.000 0.000 0.000 0.000 0.000 0.000 0.000 0.000 0.000 0.000 
0.000 0.000 0.000 0.000 0.000 0.000 0.000 0.000 0.000 -0.208 -0.411 -0.670 -0.902 -1.000 -0.914 -0.689 -0.844 -0.990 -0.957 -0.763 -0.501 -0.271 -0.121 0.000 0.000 0.000 0.000 0.000 0.000 0.000 0.000 0.000 
0.000 0.000 0.000 0.000 0.000 0.000 0.000 0.000 0.000 -0.121 -0.271 -0.501 -0.763 -0.957 -0.990 -0.844 -0.689 -0.914 -1.000 -0.902 -0.670 -0.411 -0.208 0.000 0.000 0.000 0.000 0.000 0.000 0.000 0.000 0.000 
0.000 0.000 0.000 0.000 0.000 0.000 0.000 0.000 0.000 0.000 -0.166 -0.346 -0.596 -0.846 -0.990 -0.956 -0.760 -0.780 -0.965 -0.985 -0.829 -0.575 -0.329 -0.155 0.000 0.000 0.000 0.000 0.000 0.000 0.000 0.000 
0.000 0.000 0.000 0.000 0.000 0.000 0.000 0.000 0.000 0.000 0.000 -0.221 -0.430 -0.691 -0.916 -1.000 -0.900 -0.668 -0.861 -0.994 -0.946 -0.743 -0.480 -0.256 -0.113 0.000 0.000 0.000 0.000 0.000 0.000 0.000 
0.000 0.000 0.000 0.000 0.000 0.000 0.000 0.000 0.000 0.000 0.000 -0.130 -0.287 -0.522 -0.782 -0.966 -0.984 -0.827 -0.710 -0.927 -0.999 -0.887 -0.649 -0.392 -0.195 0.000 0.000 0.000 0.000 0.000 0.000 0.000 
0.000 0.000 0.000 0.000 0.000 0.000 0.000 0.000 0.000 0.000 0.000 0.000 -0.177 -0.364 -0.617 -0.863 -0.995 -0.945 -0.740 -0.799 -0.974 -0.978 -0.810 -0.553 -0.312 -0.145 0.000 0.000 0.000 0.000 0.000 0.000 
0.000 0.000 0.000 0.000 0.000 0.000 0.000 0.000 0.000 0.000 0.000 0.000 -0.101 -0.235 -0.450 -0.712 -0.929 -0.999 -0.885 -0.647 -0.877 -0.997 -0.935 -0.722 -0.460 -0.242 -0.105 0.000 0.000 0.000 0.000 0.000 
0.000 0.000 0.000 0.000 0.000 0.000 0.000 0.000 0.000 0.000 0.000 0.000 0.000 -0.140 -0.303 -0.543 -0.801 -0.975 -0.978 -0.808 -0.730 -0.939 -0.996 -0.871 -0.628 -0.373 -0.183 0.000 0.000 0.000 0.000 0.000 
0.000 0.000 0.000 0.000 0.000 0.000 0.000 0.000 0.000 0.000 0.000 0.000 0.000 0.000 -0.189 -0.382 -0.639 -0.879 -0.998 -0.933 -0.720 -0.818 -0.981 -0.971 -0.792 -0.532 -0.295 -0.135 0.000 0.000 0.000 0.000 
0.000 0.000 0.000 0.000 0.000 0.000 0.000 0.000 0.000 0.000 0.000 0.000 0.000 0.000 -0.109 -0.249 -0.470 -0.733 -0.941 -0.996 -0.869 -0.657 -0.893 -0.999 -0.922 -0.702 -0.440 -0.228 0.000 0.000 0.000 0.000 
0.000 0.000 0.000 0.000 0.000 0.000 0.000 0.000 0.000 0.000 0.000 0.000 0.000 0.000 0.000 -0.150 -0.320 -0.564 -0.820 -0.982 -0.970 -0.790 -0.750 -0.951 -0.993 -0.855 -0.607 -0.355 -0.171 0.000 0.000 0.000 
0.000 0.000 0.000 0.000 0.000 0.000 0.000 0.000 0.000 0.000 0.000 0.000 0.000 0.000 0.000 0.000 -0.201 -0.401 -0.660 -0.894 -0.999 -0.921 -0.699 -0.836 -0.987 -0.962 -0.772 -0.511 -0.279 -0.126 0.000 0.000 
0.000 0.000 0.000 0.000 0.000 0.000 0.000 0.000 0.000 0.000 0.000 0.000 0.000 0.000 0.000 0.000 -0.117 -0.264 -0.491 -0.753 -0.952 -0.992 -0.853 -0.679 -0.907 -1.000 -0.909 -0.681 -0.421 -0.214 0.000 0.000 
0.000 0.000 0.000 0.000 0.000 0.000 0.000 0.000 0.000 0.000 0.000 0.000 0.000 0.000 0.000 0.000 0.000 -0.160 -0.337 -0.585 -0.837 -0.988 -0.961 -0.770 -0.770 -0.961 -0.988 -0.837 -0.585 -0.337 -0.160 0.000 
0.000 0.000 0.000 0.000 0.000 0.000 0.000 0.000 0.000 0.000 0.000 0.000 0.000 0.000 0.000 0.000 0.000 0.000 -0.214 -0.421 -0.681 -0.909 -1.000 -0.907 -0.679 -0.853 -0.992 -0.952 -0.753 -0.491 -0.264 -0.117 
0.000 0.000 0.000 0.000 0.000 0.000 0.000 0.000 0.000 0.000 0.000 0.000 0.000 0.000 0.000 0.000 0.000 0.000 -0.126 -0.279 -0.511 -0.772 -0.962 -0.987 -0.836 -0.699 -0.921 -0.999 -0.894 -0.660 -0.401 -0.201 
0.000 0.000 0.000 0.000 0.000 0.000 0.000 0.000 0.000 0.000 0.000 0.000 0.000 0.000 0.000 0.000 0.000 0.000 0.000 -0.171 -0.355 -0.607 -0.855 -0.993 -0.951 -0.750 -0.790 -0.970 -0.982 -0.820 -0.564 -0.320 
0.000 0.000 0.000 0.000 0.000 0.000 0.000 0.000 0.000 0.000 0.000 0.000 0.000 0.000 0.000 0.000 0.000 0.000 0.000 0.000 -0.228 -0.440 -0.702 -0.922 -0.999 -0.893 -0.657 -0.869 -0.996 -0.941 -0.733 -0.470 
0.000 0.000 0.000 0.000 0.000 0.000 0.000 0.000 0.000 0.000 0.000 0.000 0.000 0.000 0.000 0.000 0.000 0.000 0.000 0.000 -0.135 -0.295 -0.532 -0.792 -0.971 -0.981 -0.818 -0.720 -0.933 -0.998 -0.879 -0.639 
0.000 0.000 0.000 0.000 0.000 0.000 0.000 0.000 0.000 0.000 0.000 0.000 0.000 0.000 0.000 0.000 0.000 0.000 0.000 0.000 0.000 -0.183 -0.373 -0.628 -0.871 -0.996 -0.939 -0.730 -0.808 -0.978 -0.975 -0.801 
0.000 0.000 0.000 0.000 0.000 0.000 0.000 0.000 0.000 0.000 0.000 0.000 0.000 0.000 0.000 0.000 0.000 0.000 0.000 0.000 0.000 -0.105 -0.242 -0.460 -0.722 -0.935 -0.997 -0.877 -0.647 -0.885 -0.999 -0.929 
0.000 0.000 0.000 0.000 0.000 0.000 0.000 0.000 0.000 0.000 0.000 0.000 0.000 0.000 0.000 0.000 0.000 0.000 0.000 0.000 0.000 0.000 -0.145 -0.312 -0.553 -0.810 -0.978 -0.974 -0.799 -0.740 -0.945 -0.995 
0.000 0.000 0.000 0.000 0.000 0.000 0.000 0.000 0.000 0.000 0.000 0.000 0.000 0.000 0.000 0.000 0.000 0.000 0.000 0.000 0.000 0.000 0.000 -0.195 -0.392 -0.649 -0.887 -0.999 -0.927 -0.710 -0.827 -0.984 
0.000 0.000 0.000 0.000 0.000 0.000 0.000 0.000 0.000 0.000 0.000 0.000 0.000 0.000 0.000 0.000 0.000 0.000 0.000 0.000 0.000 0.000 0.000 -0.113 -0.256 -0.480 -0.743 -0.946 -0.994 -0.861 -0.668 -0.900 
0.000 0.000 0.000 0.000 0.000 0.000 0.000 0.000 0.000 0.000 0.000 0.000 0.000 0.000 0.000 0.000 0.000 0.000 0.000 0.000 0.000 0.000 0.000 0.000 -0.155 -0.329 -0.575 -0.829 -0.985 -0.965 -0.780 -0.760 
0.000 0.000 0.000 0.000 0.000 0.000 0.000 0.000 0.000 0.000 0.000 0.000 0.000 0.000 0.000 0.000 0.000 0.000 0.000 0.000 0.000 0.000 0.000 0.000 0.000 -0.208 -0.411 -0.670 -0.902 -1.000 -0.914 -0.689 
# 1 2 26 32
-0.672 -0.858 -0.994 -0.949 -0.747 -0.484 -0.259 -0.114 0.000 0.000 0.000 0.000 0.000 0.000 0.000 0.000 0.000 0.000 0.000 0.000 0.000 0.000 0.000 0.000 0.000 0.000 0.000 0.000 0.000 0.000 0.000 0.000 
-0.940 -0.732 -0.807 -0.977 -0.975 -0.803 -0.545 -0.305 -0.140 0.000 0.000 0.000 0.000 0.000 0.000 0.000 0.000 0.000 0.000 0.000 0.000 0.000 0.000 0.000 0.000 0.000 0.000 0.000 0.000 0.000 0.000 0.000 
-0.982 -0.969 -0.789 -0.751 -0.951 -0.993 -0.854 -0.606 -0.354 -0.171 0.000 0.000 0.000 0.000 0.000 0.000 0.000 0.000 0.000 0.000 0.000 0.000 0.000 0.000 0.000 0.000 0.000 0.000 0.000 0.000 0.000 0.000 
-0.766 -0.959 -0.989 -0.842 -0.692 -0.916 -1.000 -0.900 -0.667 -0.408 -0.206 0.000 0.000 0.000 0.000 0.000 0.000 0.000 0.000 0.000 0.000 0.000 0.000 0.000 0.000 0.000 0.000 0.000 0.000 0.000 0.000 0.000 
-0.446 -0.707 -0.926 -0.999 -0.889 -0.652 -0.874 -0.997 -0.938 -0.727 -0.465 -0.245 -0.106 0.000 0.000 0.000 0.000 0.000 0.000 0.000 0.000 0.000 0.000 0.000 0.000 0.000 0.000 0.000 0.000 0.000 0.000 0.000 
-0.194 -0.390 -0.647 -0.885 -0.999 -0.929 -0.712 -0.825 -0.984 -0.967 -0.784 -0.524 -0.289 -0.131 0.000 0.000 0.000 0.000 0.000 0.000 0.000 0.000 0.000 0.000 0.000 0.000 0.000 0.000 0.000 0.000 0.000 0.000 
0.000 -0.160 -0.337 -0.585 -0.838 -0.988 -0.961 -0.770 -0.770 -0.961 -0.988 -0.838 -0.585 -0.337 -0.160 0.000 0.000 0.000 0.000 0.000 0.000 0.000 0.000 0.000 0.000 0.000 0.000 0.000 0.000 0.000 0.000 0.000 
0.000 0.000 -0.131 -0.289 -0.524 -0.784 -0.967 -0.984 -0.825 -0.712 -0.929 -0.999 -0.885 -0.647 -0.390 -0.194 0.000 0.000 0.000 0.000 0.000 0.000 0.000 0.000 0.000 0.000 0.000 0.000 0.000 0.000 0.000 0.000 
0.000 0.000 0.000 -0.106 -0.245 -0.465 -0.727 -0.938 -0.997 -0.874 -0.652 -0.889 -0.999 -0.926 -0.707 -0.446 -0.231 0.000 0.000 0.000 0.000 0.000 0.000 0.000 0.000 0.000 0.000 0.000 0.000 0.000 0.000 0.000 
0.000 0.000 0.000 0.000 0.000 -0.206 -0.408 -0.667 -0.900 -1.000 -0.916 -0.692 -0.842 -0.989 -0.959 -0.766 -0.504 -0.274 -0.123 0.000 0.000 0.000 0.000 0.000 0.000 0.000 0.000 0.000 0.000 0.000 0.000 0.000 
0.000 0.000 0.000 0.000 0.000 0.000 -0.171 -0.354 -0.606 -0.854 -0.993 -0.951 -0.751 -0.789 -0.969 -0.982 -0.820 -0.565 -0.321 -0.150 0.000 0.000 0.000 0.000 0.000 0.000 0.000 0.000 0.000 0.000 0.000 0.000 
0.000 0.000 0.000 0.000 0.000 0.000 0.000 -0.140 -0.305 -0.545 -0.803 -0.975 -0.977 -0.807 -0.732 -0.940 -0.996 -0.870 -0.626 -0.372 -0.182 0.000 0.000 0.000 0.000 0.000 0.000 0.000 0.000 0.000 0.000 0.000 
0.000 0.000 0.000 0.000 0.000 0.000 0.000 0.000 -0.114 -0.259 -0.484 -0.747 -0.949 -0.994 -0.858 -0.672 -0.903 -1.000 -0.913 -0.687 -0.427 -0.218 0.000 0.000 0.000 0.000 0.000 0.000 0.000 0.000 0.000 0.000 
0.000 0.000 0.000 0.000 0.000 0.000 0.000 0.000 0.000 0.000 -0.218 -0.427 -0.687 -0.913 -1.000 -0.903 -0.672 -0.858 -0.994 -0.949 -0.747 -0.484 -0.259 -0.114 0.000 0.000 0.000 0.000 0.000 0.000 0.000 0.000 
0.000 0.000 0.000 0.000 0.000 0.000 0.000 0.000 0.000 0.000 0.000 -0.182 -0.372 -0.626 -0.870 -0.996 -0.940 -0.732 -0.807 -0.977 -0.975 -0.803 -0.545 -0.305 -0.140 0.000 0.000 0.000 0.000 0.000 0.000 0.000 
0.000 0.000 0.000 0.000 0.000 0.000 0.000 0.000 0.000 0.000 0.000 0.000 -0.150 -0.321 -0.565 -0.820 -0.982 -0.969 -0.789 -0.751 -0.951 -0.993 -0.854 -0.606 -0.354 -0.171 0.000 0.000 0.000 0.000 0.000 0.000 
0.000 0.000 0.000 0.000 0.000 0.000 0.000 0.000 0.000 0.000 0.000 0.000 0.000 -0.123 -0.274 -0.504 -0.766 -0.959 -0.989 -0.842 -0.692 -0.916 -1.000 -0.900 -0.667 -0.408 -0.206 0.000 0.000 0.000 0.000 0.000 
0.000 0.000 0.000 0.000 0.000 0.000 0.000 0.000 0.000 0.000 0.000 0.000 0.000 0.000 0.000 -0.231 -0.446 -0.707 -0.926 -0.999 -0.889 -0.652 -0.874 -0.997 -0.938 -0.727 -0.465 -0.245 -0.106 0.000 0.000 0.000 
0.000 0.000 0.000 0.000 0.000 0.000 0.000 0.000 0.000 0.000 0.000 0.000 0.000 0.000 0.000 0.000 -0.194 -0.390 -0.647 -0.885 -0.999 -0.929 -0.712 -0.825 -0.984 -0.967 -0.784 -0.524 -0.289 -0.131 0.000 0.000 
0.000 0.000 0.000 0.000 0.000 0.000 0.000 0.000 0.000 0.000 0.000 0.000 0.000 0.000 0.000 0.000 0.000 -0.160 -0.337 -0.585 -0.838 -0.988 -0.961 -0.770 -0.770 -0.961 -0.988 -0.838 -0.585 -0.337 -0.160 0.000 
0.000 0.000 0.000 0.000 0.000 0.000 0.000 0.000 0.000 0.000 0.000 0.000 0.000 0.000 0.000 0.000 0.000 0.000 -0.131 -0.289 -0.524 -0.784 -0.967 -0.984 -0.825 -0.712 -0.929 -0.999 -0.885 -0.647 -0.390 -0.194 
0.000 0.000 0.000 0.000 0.000 0.000 0.000 0.000 0.000 0.000 0.000 0.000 0.000 0.000 0.000 0.000 0.000 0.000 0.000 -0.106 -0.245 -0.465 -0.727 -0.938 -0.997 -0.874 -0.652 -0.889 -0.999 -0.926 -0.707 -0.446 
0.000 0.000 0.000 0.000 0.000 0.000 0.000 0.000 0.000 0.000 0.000 0.000 0.000 0.000 0.000 0.000 0.000 0.000 0.000 0.000 0.000 -0.206 -0.408 -0.667 -0.900 -1.000 -0.916 -0.692 -0.842 -0.989 -0.959 -0.766 
0.000 0.000 0.000 0.000 0.000 0.000 0.000 0.000 0.000 0.000 0.000 0.000 0.000 0.000 0.000 0.000 0.000 0.000 0.000 0.000 0.000 0.000 -0.171 -0.354 -0.606 -0.854 -0.993 -0.951 -0.751 -0.789 -0.969 -0.982 
0.000 0.000 0.000 0.000 0.000 0.000 0.000 0.000 0.000 0.000 0.000 0.000 0.000 0.000 0.000 0.000 0.000 0.000 0.000 0.000 0.000 0.000 0.000 -0.140 -0.305 -0.545 -0.803 -0.975 -0.977 -0.807 -0.732 -0.940 
0.000 0.000 0.000 0.000 0.000 0.000 0.000 0.000 0.000 0.000 0.000 0.000 0.000 0.000 0.000 0.000 0.000 0.000 0.000 0.000 0.000 0.000 0.000 0.000 -0.114 -0.259 -0.484 -0.747 -0.949 -0.994 -0.858 -0.672 
# 2 0 50 26
-0.453 -0.607 -0.761 -0.892 -0.976 -0.999 -0.956 -0.855 -0.714 -0.558 -0.408 -0.278 -0.177 -0.106 0.000 0.000 0.000 0.000 0.000 0.000 0.000 0.000 0.000 0.000 0.000 0.000 
-0.459 -0.526 -0.682 -0.828 -0.939 -0.996 -0.986 -0.914 -0.791 -0.640 -0.484 -0.342 -0.226 -0.140 0.000 0.000 0.000 0.000 0.000 0.000 0.000 0.000 0.000 0.000 0.000 0.000 
-0.538 -0.447 -0.601 -0.755 -0.887 -0.974 -1.000 -0.959 -0.860 -0.721 -0.564 -0.413 -0.283 -0.181 -0.108 0.000 0.000 0.000 0.000 0.000 0.000 0.000 0.000 0.000 0.000 0.000 
-0.620 -0.465 -0.520 -0.676 -0.823 -0.936 -0.995 -0.988 -0.918 -0.797 -0.646 -0.490 -0.347 -0.230 -0.143 0.000 0.000 0.000 0.000 0.000 0.000 0.000 0.000 0.000 0.000 0.000 
-0.701 -0.544 -0.441 -0.595 -0.749 -0.883 -0.972 -1.000 -0.962 -0.865 -0.727 -0.571 -0.419 -0.288 -0.184 -0.111 0.000 0.000 0.000 0.000 0.000 0.000 0.000 0.000 0.000 0.000 
-0.778 -0.626 -0.471 -0.513 -0.670 -0.817 -0.932 -0.993 -0.990 -0.922 -0.802 -0.653 -0.496 -0.353 -0.234 -0.146 0.000 0.000 0.000 0.000 0.000 0.000 0.000 0.000 0.000 0.000 
-0.849 -0.707 -0.551 -0.435 -0.588 -0.743 -0.878 -0.969 -1.000 -0.964 -0.869 -0.733 -0.577 -0.425 -0.292 -0.188 -0.113 0.000 0.000 0.000 0.000 0.000 0.000 0.000 0.000 0.000 
-0.909 -0.784 -0.632 -0.477 -0.507 -0.664 -0.812 -0.928 -0.992 -0.991 -0.925 -0.808 -0.659 -0.502 -0.358 -0.238 -0.149 0.000 0.000 0.000 0.000 0.000 0.000 0.000 0.000 0.000 
-0.955 -0.854 -0.713 -0.557 -0.429 -0.582 -0.737 -0.873 -0.967 -1.000 -0.967 -0.874 -0.739 -0.583 -0.431 -0.297 -0.192 -0.115 0.000 0.000 0.000 0.000 0.000 0.000 0.000 0.000 
-0.986 -0.913 -0.790 -0.639 -0.483 -0.501 -0.658 -0.806 -0.925 -0.991 -0.992 -0.929 -0.813 -0.665 -0.508 -0.363 -0.243 -0.152 0.000 0.000 0.000 0.000 0.000 0.000 0.000 0.000 
-0.999 -0.958 -0.859 -0.719 -0.563 -0.424 -0.576 -0.731 -0.868 -0.964 -1.000 -0.970 -0.879 -0.745 -0.590 -0.436 -0.302 -0.195 -0.118 0.000 0.000 0.000 0.000 0.000 0.000 0.000 
-0.995 -0.988 -0.917 -0.795 -0.645 -0.489 -0.495 -0.651 -0.801 -0.921 -0.989 -0.994 -0.933 -0.818 -0.671 -0.515 -0.369 -0.247 -0.155 0.000 0.000 0.000 0.000 0.000 0.000 0.000 
-0.972 -1.000 -0.961 -0.864 -0.725 -0.569 -0.418 -0.569 -0.725 -0.864 -0.961 -1.000 -0.972 -0.883 -0.750 -0.596 -0.442 -0.307 -0.199 -0.121 0.000 0.000 0.000 0.000 0.000 0.000 
-0.933 -0.994 -0.989 -0.921 -0.801 -0.651 -0.495 -0.489 -0.645 -0.795 -0.917 -0.988 -0.995 -0.936 -0.824 -0.678 -0.521 -0.374 -0.251 -0.158 0.000 0.000 0.000 0.000 0.000 0.000 
-0.879 -0.970 -1.000 -0.964 -0.868 -0.731 -0.576 -0.424 -0.563 -0.719 -0.859 -0.958 -0.999 -0.974 -0.888 -0.756 -0.602 -0.448 -0.312 -0.203 -0.123 0.000 0.000 0.000 0.000 0.000 
-0.813 -0.929 -0.992 -0.991 -0.925 -0.806 -0.658 -0.501 -0.483 -0.639 -0.790 -0.913 -0.986 -0.996 -0.940 -0.829 -0.684 -0.527 -0.380 -0.256 -0.161 0.000 0.000 0.000 0.000 0.000 
-0.739 -0.874 -0.967 -1.000 -0.967 -0.873 -0.737 -0.582 -0.429 -0.557 -0.713 -0.854 -0.955 -0.999 -0.977 -0.892 -0.762 -0.608 -0.454 -0.317 -0.206 -0.126 0.000 0.000 0.000 0.000 
-0.659 -0.808 -0.925 -0.991 -0.992 -0.928 -0.812 -0.664 -0.507 -0.477 -0.632 -0.784 -0.909 -0.984 -0.997 -0.943 -0.834 -0.690 -0.533 -0.385 -0.260 -0.164 0.000 0.000 0.000 0.000 
-0.577 -0.733 -0.869 -0.964 -1.000 -0.969 -0.878 -0.743 -0.588 -0.435 -0.551 -0.707 -0.849 -0.952 -0.999 -0.979 -0.897 -0.768 -0.615 -0.460 -0.322 -0.210 -0.128 0.000 0.000 0.000 
-0.496 -0.653 -0.802 -0.922 -0.990 -0.993 -0.932 -0.817 -0.670 -0.513 -0.471 -0.626 -0.778 -0.905 -0.982 -0.997 -0.947 -0.840 -0.696 -0.539 -0.391 -0.265 -0.167 0.000 0.000 0.000 
-0.419 -0.571 -0.727 -0.865 -0.962 -1.000 -0.972 -0.883 -0.749 -0.595 -0.441 -0.544 -0.701 -0.844 -0.949 -0.998 -0.981 -0.901 -0.774 -0.621 -0.466 -0.327 -0.214 -0.131 0.000 0.000 
-0.347 -0.490 -0.646 -0.797 -0.918 -0.988 -0.995 -0.936 -0.823 -0.676 -0.520 -0.465 -0.620 -0.773 -0.900 -0.980 -0.998 -0.950 -0.845 -0.702 -0.546 -0.396 -0.269 -0.171 -0.101 0.000 
-0.283 -0.413 -0.564 -0.721 -0.860 -0.959 -1.000 -0.974 -0.887 -0.755 -0.601 -0.447 -0.538 -0.695 -0.839 -0.946 -0.997 -0.983 -0.905 -0.780 -0.627 -0.472 -0.332 -0.218 -0.134 0.000 
-0.226 -0.342 -0.484 -0.640 -0.791 -0.914 -0.986 -0.996 -0.939 -0.828 -0.682 -0.526 -0.459 -0.614 -0.767 -0.896 -0.978 -0.999 -0.953 -0.850 -0.708 -0.552 -0.402 -0.274 -0.174 -0.104 
-0.177 -0.278 -0.408 -0.558 -0.714 -0.855 -0.956 -0.999 -0.976 -0.892 -0.761 -0.607 -0.453 -0.532 -0.689 -0.833 -0.943 -0.996 -0.985 -0.910 -0.785 -0.634 -0.478 -0.337 -0.222 -0.137 
-0.137 -0.222 -0.337 -0.478 -0.634 -0.785 -0.910 -0.985 -0.996 -0.943 -0.833 -0.689 -0.532 -0.453 -0.607 -0.761 -0.892 -0.976 -0.999 -0.956 -0.855 -0.714 -0.558 -0.408 -0.278 -0.177 
-0.104 -0.174 -0.274 -0.402 -0.552 -0.708 -0.850 -0.953 -0.999 -0.978 -0.896 -0.767 -0.614 -0.459 -0.526 -0.682 -0.828 -0.939 -0.996 -0.986 -0.914 -0.791 -0.640 -0.484 -0.342 -0.226 
0.000 -0.134 -0.218 -0.332 -0.472 -0.627 -0.780 -0.905 -0.983 -0.997 -0.946 -0.839 -0.695 -0.538 -0.447 -0.601 -0.755 -0.887 -0.974 -1.000 -0.959 -0.860 -0.721 -0.564 -0.413 -0.283 
0.000 -0.101 -0.171 -0.269 -0.396 -0.546 -0.702 -0.845 -0.950 -0.998 -0.980 -0.900 -0.773 -0.620 -0.465 -0.520 -0.676 -0.823 -0.936 -0.995 -0.988 -0.918 -0.797 -0.646 -0.490 -0.347 
0.000 0.000 -0.131 -0.214 -0.327 -0.466 -0.621 -0.774 -0.901 -0.981 -0.998 -0.949 -0.844 -0.701 -0.544 -0.441 -0.595 -0.749 -0.883 -0.972 -1.000 -0.962 -0.865 -0.727 -0.571 -0.419 
0.000 0.000 0.000 -0.167 -0.265 -0.391 -0.539 -0.696 -0.840 -0.947 -0.997 -0.982 -0.905 -0.778 -0.626 -0.471 -0.513 -0.670 -0.817 -0.932 -0.993 -0.990 -0.922 -0.802 -0.653 -0.496 
0.000 0.000 0.000 -0.128 -0.210 -0.322 -0.460 -0.615 -0.768 -0.897 -0.979 -0.999 -0.952 -0.849 -0.707 -0.551 -0.435 -0.588 -0.743 -0.878 -0.969 -1.000 -0.964 -0.869 -0.733 -0.577 
0.000 0.000 0.000 0.000 -0.164 -0.260 -0.385 -0.533 -0.690 -0.834 -0.943 -0.997 -0.984 -0.909 -0.784 -0.632 -0.477 -0.507 -0.664 -0.812 -0.928 -0.992 -0.991 -0.925 -0.808 -0.659 
0.000 0.000 0.000 0.000 -0.126 -0.206 -0.317 -0.454 -0.608 -0.762 -0.892 -0.977 -0.999 -0.955 -0.854 -0.713 -0.557 -0.429 -0.582 -0.737 -0.873 -0.967 -1.000 -0.967 -0.874 -0.739 
0.000 0.000 0.000 0.000 0.000 -0.161 -0.256 -0.380 -0.527 -0.684 -0.829 -0.940 -0.996 -0.986 -0.913 -0.790 -0.639 -0.483 -0.501 -0.658 -0.806 -0.925 -0.991 -0.992 -0.929 -0.813 
0.000 0.000 0.000 0.000 0.000 -0.123 -0.203 -0.312 -0.448 -0.602 -0.756 -0.888 -0.974 -0.999 -0.958 -0.859 -0.719 -0.563 -0.424 -0.576 -0.731 -0.868 -0.964 -1.000 -0.970 -0.879 
0.000 0.000 0.000 0.000 0.000 0.000 -0.158 -0.251 -0.374 -0.521 -0.678 -0.824 -0.936 -0.995 -0.988 -0.917 -0.795 -0.645 -0.489 -0.495 -0.651 -0.801 -0.921 -0.989 -0.994 -0.933 
0.000 0.000 0.000 0.000 0.000 0.000 -0.121 -0.199 -0.307 -0.442 -0.596 -0.750 -0.883 -0.972 -1.000 -0.961 -0.864 -0.725 -0.569 -0.418 -0.569 -0.725 -0.864 -0.961 -1.000 -0.972 
0.000 0.000 0.000 0.000 0.000 0.000 0.000 -0.155 -0.247 -0.369 -0.515 -0.671 -0.818 -0.933 -0.994 -0.989 -0.921 -0.801 -0.651 -0.495 -0.489 -0.645 -0.795 -0.917 -0.988 -0.995 
0.000 0.000 0.000 0.000 0.000 0.000 0.000 -0.118 -0.195 -0.302 -0.436 -0.590 -0.745 -0.879 -0.970 -1.000 -0.964 -0.868 -0.731 -0.576 -0.424 -0.563 -0.719 -0.859 -0.958 -0.999 
0.000 0.000 0.000 0.000 0.000 0.000 0.000 0.000 -0.152 -0.243 -0.363 -0.508 -0.665 -0.813 -0.929 -0.992 -0.991 -0.925 -0.806 -0.658 -0.501 -0.483 -0.639 -0.790 -0.913 -0.986 
0.000 0.000 0.000 0.000 0.000 0.000 0.000 0.000 -0.115 -0.192 -0.297 -0.431 -0.583 -0.739 -0.874 -0.967 -1.000 -0.967 -0.873 -0.737 -0.582 -0.429 -0.557 -0.713 -0.854 -0.955 
0.000 0.000 0.000 0.000 0.000 0.000 0.000 0.000 0.000 -0.149 -0.238 -0.358 -0.502 -0.659 -0.808 -0.925 -0.991 -0.992 -0.928 -0.812 -0.664 -0.507 -0.477 -0.632 -0.784 -0.909 
0.000 0.000 0.000 0.000 0.000 0.000 0.000 0.000 0.000 -0.113 -0.188 -0.292 -0.425 -0.577 -0.733 -0.869 -0.964 -1.000 -0.969 -0.878 -0.743 -0.588 -0.435 -0.551 -0.707 -0.849 
0.000 0.000 0.000 0.000 0.000 0.000 0.000 0.000 0.000 0.000 -0.146 -0.234 -0.353 -0.496 -0.653 -0.802 -0.922 -0.990 -0.993 -0.932 -0.817 -0.670 -0.513 -0.471 -0.626 -0.778 
0.000 0.000 0.000 0.000 0.000 0.000 0.000 0.000 0.000 0.000 -0.111 -0.184 -0.288 -0.419 -0.571 -0.727 -0.865 -0.962 -1.000 -0.972 -0.883 -0.749 -0.595 -0.441 -0.544 -0.701 
0.000 0.000 0.000 0.000 0.000 0.000 0.000 0.000 0.000 0.000 0.000 -0.143 -0.230 -0.347 -0.490 -0.646 -0.797 -0.918 -0.988 -0.995 -0.936 -0.823 -0.676 -0.520 -0.465 -0.620 
0.000 0.000 0.000 0.000 0.000 0.000 0.000 0.000 0.000 0.000 0.000 -0.108 -0.181 -0.283 -0.413 -0.564 -0.721 -0.860 -0.959 -1.000 -0.974 -0.887 -0.755 -0.601 -0.447 -0.538 
0.000 0.000 0.000 0.000 0.000 0.000 0.000 0.000 0.000 0.000 0.000 0.000 -0.140 -0.226 -0.342 -0.484 -0.640 -0.791 -0.914 -0.986 -0.996 -0.939 -0.828 -0.682 -0.526 -0.459 
0.000 0.000 0.000 0.000 0.000 0.000 0.000 0.000 0.000 0.000 0.000 0.000 -0.106 -0.177 -0.278 -0.408 -0.558 -0.714 -0.855 -0.956 -0.999 -0.976 -0.892 -0.761 -0.607 -0.453 
# 2 1 32 26
-0.431 -0.584 -0.739 -0.875 -0.967 -1.000 -0.966 -0.873 -0.737 -0.581 -0.429 -0.295 -0.190 -0.115 0.000 0.000 0.000 0.000 0.000 0.000 0.000 0.000 0.000 0.000 0.000 0.000 
-0.526 -0.459 -0.614 -0.767 -0.896 -0.978 -0.999 -0.953 -0.850 -0.708 -0.552 -0.402 -0.273 -0.174 -0.103 0.000 0.000 0.000 0.000 0.000 0.000 0.000 0.000 0.000 0.000 0.000 
-0.653 -0.497 -0.487 -0.643 -0.794 -0.916 -0.987 -0.995 -0.937 -0.825 -0.679 -0.523 -0.376 -0.253 -0.159 0.000 0.000 0.000 0.000 0.000 0.000 0.000 0.000 0.000 0.000 0.000 
-0.776 -0.624 -0.468 -0.516 -0.673 -0.820 -0.933 -0.994 -0.989 -0.920 -0.800 -0.650 -0.494 -0.351 -0.233 -0.144 0.000 0.000 0.000 0.000 0.000 0.000 0.000 0.000 0.000 0.000 
-0.882 -0.749 -0.594 -0.441 -0.545 -0.702 -0.844 -0.949 -0.998 -0.981 -0.901 -0.773 -0.621 -0.465 -0.326 -0.214 -0.131 0.000 0.000 0.000 0.000 0.000 0.000 0.000 0.000 0.000 
-0.959 -0.860 -0.721 -0.565 -0.422 -0.574 -0.730 -0.867 -0.963 -1.000 -0.970 -0.880 -0.746 -0.591 -0.438 -0.303 -0.196 -0.119 0.000 0.000 0.000 0.000 0.000 0.000 0.000 0.000 
-0.997 -0.944 -0.836 -0.692 -0.535 -0.450 -0.604 -0.758 -0.889 -0.975 -0.999 -0.957 -0.857 -0.718 -0.561 -0.411 -0.281 -0.179 -0.107 0.000 0.000 0.000 0.000 0.000 0.000 0.000 
-0.991 -0.992 -0.928 -0.811 -0.663 -0.506 -0.478 -0.633 -0.785 -0.909 -0.985 -0.997 -0.943 -0.834 -0.689 -0.532 -0.384 -0.259 -0.164 0.000 0.000 0.000 0.000 0.000 0.000 0.000 
-0.943 -0.997 -0.985 -0.909 -0.785 -0.633 -0.478 -0.506 -0.663 -0.811 -0.928 -0.992 -0.991 -0.926 -0.808 -0.660 -0.503 -0.359 -0.239 -0.149 0.000 0.000 0.000 0.000 0.000 0.000 
-0.857 -0.957 -0.999 -0.975 -0.889 -0.758 -0.604 -0.450 -0.535 -0.692 -0.836 -0.944 -0.997 -0.984 -0.907 -0.782 -0.630 -0.475 -0.334 -0.220 -0.135 0.000 0.000 0.000 0.000 0.000 
-0.746 -0.880 -0.970 -1.000 -0.963 -0.867 -0.730 -0.574 -0.422 -0.565 -0.721 -0.860 -0.959 -1.000 -0.974 -0.887 -0.755 -0.601 -0.447 -0.311 -0.202 -0.123 0.000 0.000 0.000 0.000 
-0.621 -0.773 -0.901 -0.981 -0.998 -0.949 -0.844 -0.702 -0.545 -0.441 -0.594 -0.749 -0.882 -0.971 -1.000 -0.962 -0.865 -0.727 -0.571 -0.420 -0.288 -0.185 -0.111 0.000 0.000 0.000 
-0.494 -0.650 -0.800 -0.920 -0.989 -0.994 -0.933 -0.820 -0.673 -0.516 -0.468 -0.624 -0.776 -0.903 -0.982 -0.998 -0.948 -0.842 -0.699 -0.542 -0.393 -0.266 -0.169 0.000 0.000 0.000 
-0.376 -0.523 -0.679 -0.825 -0.937 -0.995 -0.987 -0.916 -0.794 -0.643 -0.487 -0.497 -0.653 -0.803 -0.922 -0.990 -0.993 -0.932 -0.817 -0.670 -0.513 -0.367 -0.246 -0.154 0.000 0.000 
-0.273 -0.402 -0.552 -0.708 -0.850 -0.953 -0.999 -0.978 -0.896 -0.767 -0.614 -0.459 -0.526 -0.682 -0.828 -0.939 -0.996 -0.986 -0.914 -0.791 -0.640 -0.484 -0.342 -0.226 -0.140 0.000 
-0.190 -0.295 -0.429 -0.581 -0.737 -0.873 -0.966 -1.000 -0.967 -0.875 -0.739 -0.584 -0.431 -0.555 -0.711 -0.852 -0.954 -0.999 -0.977 -0.894 -0.764 -0.611 -0.456 -0.318 -0.208 -0.127 
-0.127 -0.208 -0.318 -0.456 -0.611 -0.764 -0.894 -0.977 -0.999 -0.954 -0.852 -0.711 -0.555 -0.431 -0.584 -0.739 -0.875 -0.967 -1.000 -0.966 -0.873 -0.737 -0.581 -0.429 -0.295 -0.190 
0.000 -0.140 -0.226 -0.342 -0.484 -0.640 -0.791 -0.914 -0.986 -0.996 -0.939 -0.828 -0.682 -0.526 -0.459 -0.614 -0.767 -0.896 -0.978 -0.999 -0.953 -0.850 -0.708 -0.552 -0.402 -0.273 
0.000 0.000 -0.154 -0.246 -0.367 -0.513 -0.670 -0.817 -0.932 -0.993 -0.990 -0.922 -0.803 -0.653 -0.497 -0.487 -0.643 -0.794 -0.916 -0.987 -0.995 -0.937 -0.825 -0.679 -0.523 -0.376 
0.000 0.000 0.000 -0.169 -0.266 -0.393 -0.542 -0.699 -0.842 -0.948 -0.998 -0.982 -0.903 -0.776 -0.624 -0.468 -0.516 -0.673 -0.820 -0.933 -0.994 -0.989 -0.920 -0.800 -0.650 -0.494 
0.000 0.000 0.000 -0.111 -0.185 -0.288 -0.420 -0.571 -0.727 -0.865 -0.962 -1.000 -0.971 -0.882 -0.749 -0.594 -0.441 -0.545 -0.702 -0.844 -0.949 -0.998 -0.981 -0.901 -0.773 -0.621 
0.000 0.000 0.000 0.000 -0.123 -0.202 -0.311 -0.447 -0.601 -0.755 -0.887 -0.974 -1.000 -0.959 -0.860 -0.721 -0.565 -0.422 -0.574 -0.730 -0.867 -0.963 -1.000 -0.970 -0.880 -0.746 
0.000 0.000 0.000 0.000 0.000 -0.135 -0.220 -0.334 -0.475 -0.630 -0.782 -0.907 -0.984 -0.997 -0.944 -0.836 -0.692 -0.535 -0.450 -0.604 -0.758 -0.889 -0.975 -0.999 -0.957 -0.857 
0.000 0.000 0.000 0.000 0.000 0.000 -0.149 -0.239 -0.359 -0.503 -0.660 -0.808 -0.926 -0.991 -0.992 -0.928 -0.811 -0.663 -0.506 -0.478 -0.633 -0.785 -0.909 -0.985 -0.997 -0.943 
0.000 0.000 0.000 0.000 0.000 0.000 0.000 -0.164 -0.259 -0.384 -0.532 -0.689 -0.834 -0.943 -0.997 -0.985 -0.909 -0.785 -0.633 -0.478 -0.506 -0.663 -0.811 -0.928 -0.992 -0.991 
0.000 0.000 0.000 0.000 0.000 0.000 0.000 -0.107 -0.179 -0.281 -0.411 -0.561 -0.718 -0.857 -0.957 -0.999 -0.975 -0.889 -0.758 -0.604 -0.450 -0.535 -0.692 -0.836 -0.944 -0.997 
0.000 0.000 0.000 0.000 0.000 0.000 0.000 0.000 -0.119 -0.196 -0.303 -0.438 -0.591 -0.746 -0.880 -0.970 -1.000 -0.963 -0.867 -0.730 -0.574 -0.422 -0.565 -0.721 -0.860 -0.959 
0.000 0.000 0.000 0.000 0.000 0.000 0.000 0.000 0.000 -0.131 -0.214 -0.326 -0.465 -0.621 -0.773 -0.901 -0.981 -0.998 -0.949 -0.844 -0.702 -0.545 -0.441 -0.594 -0.749 -0.882 
0.000 0.000 0.000 0.000 0.000 0.000 0.000 0.000 0.000 0.000 -0.144 -0.233 -0.351 -0.494 -0.650 -0.800 -0.920 -0.989 -0.994 -0.933 -0.820 -0.673 -0.516 -0.468 -0.624 -0.776 
0.000 0.000 0.000 0.000 0.000 0.000 0.000 0.000 0.000 0.000 0.000 -0.159 -0.253 -0.376 -0.523 -0.679 -0.825 -0.937 -0.995 -0.987 -0.916 -0.794 -0.643 -0.487 -0.497 -0.653 
0.000 0.000 0.000 0.000 0.000 0.000 0.000 0.000 0.000 0.000 0.000 -0.103 -0.174 -0.273 -0.402 -0.552 -0.708 -0.850 -0.953 -0.999 -0.978 -0.896 -0.767 -0.614 -0.459 -0.526 
0.000 0.000 0.000 0.000 0.000 0.000 0.000 0.000 0.000 0.000 0.000 0.000 -0.115 -0.190 -0.295 -0.429 -0.581 -0.737 -0.873 -0.966 -1.000 -0.967 -0.875 -0.739 -0.584 -0.431 
