3.743505
4
# 0 1 5 50
0.000 0.000 0.000 0.000 0.000 0.000 0.000 0.000 0.000 0.000 0.000 0.000 0.000 0.000 0.163 0.289 0.459 0.655 0.839 0.966 1.000 0.930 0.776 0.583 0.393 0.238 0.129 0.000 0.000 0.000 0.000 0.000 0.000 0.000 0.000 0.000 0.000 0.000 0.000 0.000 0.000 0.000 0.000 0.000 0.000 0.000 0.000 0.000 0.000 0.000 
0.966 0.839 0.655 0.459 0.289 0.163 0.000 0.000 0.000 0.000 0.000 0.000 0.000 0.000 0.000 0.000 0.000 0.000 0.000 0.000 0.000 0.000 0.000 0.000 0.163 0.289 0.459 0.655 0.839 0.966 1.000 0.930 0.776 0.583 0.393 0.238 0.129 0.000 0.000 0.000 0.000 0.000 0.000 0.000 0.000 0.000 0.000 0.000 0.000 0.000 
0.000 0.000 0.000 0.129 0.238 0.393 0.583 0.776 0.930 1.000 0.966 0.839 0.655 0.459 0.289 0.163 0.000 0.000 0.000 0.000 0.000 0.000 0.000 0.000 0.000 0.000 0.000 0.000 0.000 0.000 0.000 0.000 0.000 0.000 0.163 0.289 0.459 0.655 0.839 0.966 1.000 0.930 0.776 0.583 0.393 0.238 0.129 0.000 0.000 0.000 
0.000 0.000 0.000 0.000 0.000 0.000 0.000 0.000 0.000 0.000 0.000 0.000 0.000 0.129 0.238 0.393 0.583 0.776 0.930 1.000 0.966 0.839 0.655 0.459 0.289 0.163 0.000 0.000 0.000 0.000 0.000 0.000 0.000 0.000 0.000 0.000 0.000 0.000 0.000 0.000 0.000 0.000 0.000 0.000 0.163 0.289 0.459 0.655 0.839 0.966 
0.000 0.000 0.000 0.000 0.000 0.000 0.000 0.000 0.000 0.000 0.000 0.000 0.000 0.000 0.000 0.000 0.000 0.000 0.000 0.000 0.000 0.000 0.000 0.129 0.238 0.393 0.583 0.776 0.930 1.000 0.966 0.839 0.655 0.459 0.289 0.163 0.000 0.000 0.000 0.000 0.000 0.000 0.000 0.000 0.000 0.000 0.000 0.000 0.000 0.000 
# 0 2 43 50
0.000 0.000 0.000 0.000 0.000 0.000 0.000 0.000 0.000 0.111 0.210 0.354 0.538 0.734 0.900 0.991 0.981 0.872 0.696 0.500 0.322 0.186 0.000 0.000 0.000 0.000 0.000 0.000 0.000 0.000 0.000 0.000 0.000 0.000 0.000 0.000 0.000 0.000 0.000 0.000 0.000 0.000 0.000 0.000 0.000 0.000 0.000 0.000 0.000 0.000 
0.000 0.000 0.000 0.000 0.000 0.000 0.000 0.000 0.000 0.000 0.000 0.191 0.328 0.507 0.703 0.877 0.983 0.990 0.895 0.728 0.531 0.348 0.205 0.109 0.000 0.000 0.000 0.000 0.000 0.000 0.000 0.000 0.000 0.000 0.000 0.000 0.000 0.000 0.000 0.000 0.000 0.000 0.000 0.000 0.000 0.000 0.000 0.000 0.000 0.000 
0.000 0.000 0.000 0.000 0.000 0.000 0.000 0.000 0.000 0.000 0.000 0.000 0.173 0.302 0.475 0.672 0.853 0.972 0.996 0.917 0.758 0.563 0.376 0.225 0.121 0.000 0.000 0.000 0.000 0.000 0.000 0.000 0.000 0.000 0.000 0.000 0.000 0.000 0.000 0.000 0.000 0.000 0.000 0.000 0.000 0.000 0.000 0.000 0.000 0.000 
0.000 0.000 0.000 0.000 0.000 0.000 0.000 0.000 0.000 0.000 0.000 0.000 0.000 0.156 0.278 0.445 0.640 0.826 0.959 0.999 0.936 0.788 0.595 0.404 0.247 0.135 0.000 0.000 0.000 0.000 0.000 0.000 0.000 0.000 0.000 0.000 0.000 0.000 0.000 0.000 0.000 0.000 0.000 0.000 0.000 0.000 0.000 0.000 0.000 0.000 
0.000 0.000 0.000 0.000 0.000 0.000 0.000 0.000 0.000 0.000 0.000 0.000 0.000 0.000 0.141 0.255 0.415 0.607 0.798 0.943 1.000 0.953 0.816 0.628 0.434 0.269 0.150 0.000 0.000 0.000 0.000 0.000 0.000 0.000 0.000 0.000 0.000 0.000 0.000 0.000 0.000 0.000 0.000 0.000 0.000 0.000 0.000 0.000 0.000 0.000 
0.000 0.000 0.000 0.000 0.000 0.000 0.000 0.000 0.000 0.000 0.000 0.000 0.000 0.000 0.000 0.126 0.233 0.386 0.575 0.769 0.924 0.998 0.967 0.843 0.660 0.464 0.293 0.166 0.000 0.000 0.000 0.000 0.000 0.000 0.000 0.000 0.000 0.000 0.000 0.000 0.000 0.000 0.000 0.000 0.000 0.000 0.000 0.000 0.000 0.000 
0.000 0.000 0.000 0.000 0.000 0.000 0.000 0.000 0.000 0.000 0.000 0.000 0.000 0.000 0.000 0.000 0.113 0.213 0.358 0.543 0.739 0.903 0.992 0.979 0.868 0.692 0.495 0.318 0.184 0.000 0.000 0.000 0.000 0.000 0.000 0.000 0.000 0.000 0.000 0.000 0.000 0.000 0.000 0.000 0.000 0.000 0.000 0.000 0.000 0.000 
0.000 0.000 0.000 0.000 0.000 0.000 0.000 0.000 0.000 0.000 0.000 0.000 0.000 0.000 0.000 0.000 0.000 0.101 0.193 0.332 0.511 0.708 0.881 0.985 0.989 0.892 0.723 0.527 0.345 0.203 0.107 0.000 0.000 0.000 0.000 0.000 0.000 0.000 0.000 0.000 0.000 0.000 0.000 0.000 0.000 0.000 0.000 0.000 0.000 0.000 
0.152 0.000 0.000 0.000 0.000 0.000 0.000 0.000 0.000 0.000 0.000 0.000 0.000 0.000 0.000 0.000 0.000 0.000 0.000 0.175 0.306 0.480 0.676 0.856 0.974 0.995 0.914 0.754 0.559 0.372 0.222 0.120 0.000 0.000 0.000 0.000 0.000 0.000 0.000 0.000 0.000 0.000 0.000 0.000 0.000 0.000 0.000 0.000 0.000 0.000 
0.295 0.168 0.000 0.000 0.000 0.000 0.000 0.000 0.000 0.000 0.000 0.000 0.000 0.000 0.000 0.000 0.000 0.000 0.000 0.000 0.158 0.281 0.449 0.644 0.830 0.961 0.999 0.933 0.783 0.591 0.400 0.244 0.133 0.000 0.000 0.000 0.000 0.000 0.000 0.000 0.000 0.000 0.000 0.000 0.000 0.000 0.000 0.000 0.000 0.000 
0.498 0.320 0.185 0.000 0.000 0.000 0.000 0.000 0.000 0.000 0.000 0.000 0.000 0.000 0.000 0.000 0.000 0.000 0.000 0.000 0.000 0.143 0.258 0.419 0.612 0.802 0.945 1.000 0.951 0.812 0.623 0.430 0.266 0.148 0.000 0.000 0.000 0.000 0.000 0.000 0.000 0.000 0.000 0.000 0.000 0.000 0.000 0.000 0.000 0.000 
0.726 0.529 0.347 0.204 0.108 0.000 0.000 0.000 0.000 0.000 0.000 0.000 0.000 0.000 0.000 0.000 0.000 0.000 0.000 0.000 0.000 0.000 0.128 0.236 0.390 0.580 0.773 0.927 0.998 0.966 0.839 0.655 0.460 0.290 0.164 0.000 0.000 0.000 0.000 0.000 0.000 0.000 0.000 0.000 0.000 0.000 0.000 0.000 0.000 0.000 
0.915 0.756 0.561 0.374 0.224 0.121 0.000 0.000 0.000 0.000 0.000 0.000 0.000 0.000 0.000 0.000 0.000 0.000 0.000 0.000 0.000 0.000 0.000 0.115 0.215 0.362 0.547 0.743 0.907 0.993 0.978 0.865 0.687 0.491 0.315 0.181 0.000 0.000 0.000 0.000 0.000 0.000 0.000 0.000 0.000 0.000 0.000 0.000 0.000 0.000 
0.999 0.935 0.786 0.593 0.403 0.245 0.134 0.000 0.000 0.000 0.000 0.000 0.000 0.000 0.000 0.000 0.000 0.000 0.000 0.000 0.000 0.000 0.000 0.000 0.103 0.196 0.335 0.516 0.712 0.884 0.986 0.988 0.889 0.719 0.522 0.341 0.200 0.105 0.000 0.000 0.000 0.000 0.000 0.000 0.000 0.000 0.000 0.000 0.000 0.000 
0.944 1.000 0.952 0.814 0.626 0.432 0.268 0.149 0.000 0.000 0.000 0.000 0.000 0.000 0.000 0.000 0.000 0.000 0.000 0.000 0.000 0.000 0.000 0.000 0.000 0.000 0.178 0.310 0.484 0.681 0.860 0.976 0.995 0.911 0.749 0.554 0.368 0.220 0.118 0.000 0.000 0.000 0.000 0.000 0.000 0.000 0.000 0.000 0.000 0.000 
0.771 0.925 0.998 0.967 0.841 0.658 0.462 0.292 0.165 0.000 0.000 0.000 0.000 0.000 0.000 0.000 0.000 0.000 0.000 0.000 0.000 0.000 0.000 0.000 0.000 0.000 0.000 0.161 0.285 0.454 0.649 0.834 0.963 0.999 0.931 0.779 0.586 0.396 0.241 0.131 0.000 0.000 0.000 0.000 0.000 0.000 0.000 0.000 0.000 0.000 
0.545 0.741 0.905 0.993 0.979 0.867 0.690 0.493 0.317 0.183 0.000 0.000 0.000 0.000 0.000 0.000 0.000 0.000 0.000 0.000 0.000 0.000 0.000 0.000 0.000 0.000 0.000 0.000 0.145 0.261 0.424 0.617 0.806 0.947 1.000 0.948 0.808 0.618 0.425 0.263 0.146 0.000 0.000 0.000 0.000 0.000 0.000 0.000 0.000 0.000 
0.333 0.513 0.710 0.882 0.985 0.988 0.891 0.721 0.525 0.343 0.201 0.106 0.000 0.000 0.000 0.000 0.000 0.000 0.000 0.000 0.000 0.000 0.000 0.000 0.000 0.000 0.000 0.000 0.000 0.130 0.239 0.394 0.584 0.777 0.930 0.998 0.964 0.835 0.651 0.455 0.286 0.162 0.000 0.000 0.000 0.000 0.000 0.000 0.000 0.000 
0.176 0.307 0.482 0.678 0.858 0.975 0.995 0.913 0.752 0.557 0.370 0.221 0.119 0.000 0.000 0.000 0.000 0.000 0.000 0.000 0.000 0.000 0.000 0.000 0.000 0.000 0.000 0.000 0.000 0.000 0.117 0.218 0.366 0.552 0.748 0.910 0.994 0.976 0.861 0.683 0.486 0.311 0.179 0.000 0.000 0.000 0.000 0.000 0.000 0.000 
0.000 0.159 0.283 0.451 0.646 0.832 0.962 0.999 0.932 0.782 0.589 0.399 0.242 0.132 0.000 0.000 0.000 0.000 0.000 0.000 0.000 0.000 0.000 0.000 0.000 0.000 0.000 0.000 0.000 0.000 0.000 0.105 0.199 0.339 0.520 0.717 0.887 0.987 0.986 0.885 0.714 0.518 0.337 0.197 0.104 0.000 0.000 0.000 0.000 0.000 
0.000 0.000 0.144 0.260 0.421 0.614 0.804 0.946 1.000 0.950 0.810 0.621 0.428 0.265 0.147 0.000 0.000 0.000 0.000 0.000 0.000 0.000 0.000 0.000 0.000 0.000 0.000 0.000 0.000 0.000 0.000 0.000 0.000 0.180 0.313 0.489 0.685 0.863 0.977 0.994 0.908 0.745 0.549 0.364 0.217 0.116 0.000 0.000 0.000 0.000 
0.000 0.000 0.000 0.129 0.237 0.392 0.582 0.775 0.928 0.998 0.965 0.838 0.653 0.458 0.288 0.163 0.000 0.000 0.000 0.000 0.000 0.000 0.000 0.000 0.000 0.000 0.000 0.000 0.000 0.000 0.000 0.000 0.000 0.000 0.163 0.288 0.458 0.653 0.838 0.965 0.998 0.928 0.775 0.582 0.392 0.237 0.129 0.000 0.000 0.000 
0.000 0.000 0.000 0.000 0.116 0.217 0.364 0.549 0.745 0.908 0.994 0.977 0.863 0.685 0.489 0.313 0.180 0.000 0.000 0.000 0.000 0.000 0.000 0.000 0.000 0.000 0.000 0.000 0.000 0.000 0.000 0.000 0.000 0.000 0.000 0.147 0.265 0.428 0.621 0.810 0.950 1.000 0.946 0.804 0.614 0.421 0.260 0.144 0.000 0.000 
0.000 0.000 0.000 0.000 0.000 0.104 0.197 0.337 0.518 0.714 0.885 0.986 0.987 0.887 0.717 0.520 0.339 0.199 0.105 0.000 0.000 0.000 0.000 0.000 0.000 0.000 0.000 0.000 0.000 0.000 0.000 0.000 0.000 0.000 0.000 0.000 0.132 0.242 0.399 0.589 0.782 0.932 0.999 0.962 0.832 0.646 0.451 0.283 0.159 0.000 
0.000 0.000 0.000 0.000 0.000 0.000 0.000 0.179 0.311 0.486 0.683 0.861 0.976 0.994 0.910 0.748 0.552 0.366 0.218 0.117 0.000 0.000 0.000 0.000 0.000 0.000 0.000 0.000 0.000 0.000 0.000 0.000 0.000 0.000 0.000 0.000 0.000 0.119 0.221 0.370 0.557 0.752 0.913 0.995 0.975 0.858 0.678 0.482 0.307 0.176 
0.000 0.000 0.000 0.000 0.000 0.000 0.000 0.000 0.162 0.286 0.455 0.651 0.835 0.964 0.998 0.930 0.777 0.584 0.394 0.239 0.130 0.000 0.000 0.000 0.000 0.000 0.000 0.000 0.000 0.000 0.000 0.000 0.000 0.000 0.000 0.000 0.000 0.000 0.106 0.201 0.343 0.525 0.721 0.891 0.988 0.985 0.882 0.710 0.513 0.333 
0.000 0.000 0.000 0.000 0.000 0.000 0.000 0.000 0.000 0.146 0.263 0.425 0.618 0.808 0.948 1.000 0.947 0.806 0.617 0.424 0.261 0.145 0.000 0.000 0.000 0.000 0.000 0.000 0.000 0.000 0.000 0.000 0.000 0.000 0.000 0.000 0.000 0.000 0.000 0.000 0.183 0.317 0.493 0.690 0.867 0.979 0.993 0.905 0.741 0.545 
0.000 0.000 0.000 0.000 0.000 0.000 0.000 0.000 0.000 0.000 0.131 0.241 0.396 0.586 0.779 0.931 0.999 0.963 0.834 0.649 0.454 0.285 0.161 0.000 0.000 0.000 0.000 0.000 0.000 0.000 0.000 0.000 0.000 0.000 0.000 0.000 0.000 0.000 0.000 0.000 0.000 0.165 0.292 0.462 0.658 0.841 0.967 0.998 0.925 0.771 
0.000 0.000 0.000 0.000 0.000 0.000 0.000 0.000 0.000 0.000 0.000 0.118 0.220 0.368 0.554 0.749 0.911 0.995 0.976 0.860 0.681 0.484 0.310 0.178 0.000 0.000 0.000 0.000 0.000 0.000 0.000 0.000 0.000 0.000 0.000 0.000 0.000 0.000 0.000 0.000 0.000 0.000 0.149 0.268 0.432 0.626 0.814 0.952 1.000 0.944 
0.000 0.000 0.000 0.000 0.000 0.000 0.000 0.000 0.000 0.000 0.000 0.000 0.105 0.200 0.341 0.522 0.719 0.889 0.988 0.986 0.884 0.712 0.516 0.335 0.196 0.103 0.000 0.000 0.000 0.000 0.000 0.000 0.000 0.000 0.000 0.000 0.000 0.000 0.000 0.000 0.000 0.000 0.000 0.134 0.245 0.403 0.593 0.786 0.935 0.999 
0.000 0.000 0.000 0.000 0.000 0.000 0.000 0.000 0.000 0.000 0.000 0.000 0.000 0.000 0.181 0.315 0.491 0.687 0.865 0.978 0.993 0.907 0.743 0.547 0.362 0.215 0.115 0.000 0.000 0.000 0.000 0.000 0.000 0.000 0.000 0.000 0.000 0.000 0.000 0.000 0.000 0.000 0.000 0.000 0.121 0.224 0.374 0.561 0.756 0.915 
0.000 0.000 0.000 0.000 0.000 0.000 0.000 0.000 0.000 0.000 0.000 0.000 0.000 0.000 0.000 0.164 0.290 0.460 0.655 0.839 0.966 0.998 0.927 0.773 0.580 0.390 0.236 0.128 0.000 0.000 0.000 0.000 0.000 0.000 0.000 0.000 0.000 0.000 0.000 0.000 0.000 0.000 0.000 0.000 0.000 0.108 0.204 0.347 0.529 0.726 
0.000 0.000 0.000 0.000 0.000 0.000 0.000 0.000 0.000 0.000 0.000 0.000 0.000 0.000 0.000 0.000 0.148 0.266 0.430 0.623 0.812 0.951 1.000 0.945 0.802 0.612 0.419 0.258 0.143 0.000 0.000 0.000 0.000 0.000 0.000 0.000 0.000 0.000 0.000 0.000 0.000 0.000 0.000 0.000 0.000 0.000 0.000 0.185 0.320 0.498 
0.000 0.000 0.000 0.000 0.000 0.000 0.000 0.000 0.000 0.000 0.000 0.000 0.000 0.000 0.000 0.000 0.000 0.133 0.244 0.400 0.591 0.783 0.933 0.999 0.961 0.830 0.644 0.449 0.281 0.158 0.000 0.000 0.000 0.000 0.000 0.000 0.000 0.000 0.000 0.000 0.000 0.000 0.000 0.000 0.000 0.000 0.000 0.000 0.168 0.295 
0.000 0.000 0.000 0.000 0.000 0.000 0.000 0.000 0.000 0.000 0.000 0.000 0.000 0.000 0.000 0.000 0.000 0.000 0.120 0.222 0.372 0.559 0.754 0.914 0.995 0.974 0.856 0.676 0.480 0.306 0.175 0.000 0.000 0.000 0.000 0.000 0.000 0.000 0.000 0.000 0.000 0.000 0.000 0.000 0.000 0.000 0.000 0.000 0.000 0.152 
0.000 0.000 0.000 0.000 0.000 0.000 0.000 0.000 0.000 0.000 0.000 0.000 0.000 0.000 0.000 0.000 0.000 0.000 0.000 0.107 0.203 0.345 0.527 0.723 0.892 0.989 0.985 0.881 0.708 0.511 0.332 0.193 0.101 0.000 0.000 0.000 0.000 0.000 0.000 0.000 0.000 0.000 0.000 0.000 0.000 0.000 0.000 0.000 0.000 0.000 
0.000 0.000 0.000 0.000 0.000 0.000 0.000 0.000 0.000 0.000 0.000 0.000 0.000 0.000 0.000 0.000 0.000 0.000 0.000 0.000 0.000 0.184 0.318 0.495 0.692 0.868 0.979 0.992 0.903 0.739 0.543 0.358 0.213 0.113 0.000 0.000 0.000 0.000 0.000 0.000 0.000 0.000 0.000 0.000 0.000 0.000 0.000 0.000 0.000 0.000 
0.000 0.000 0.000 0.000 0.000 0.000 0.000 0.000 0.000 0.000 0.000 0.000 0.000 0.000 0.000 0.000 0.000 0.000 0.000 0.000 0.000 0.000 0.166 0.293 0.464 0.660 0.843 0.967 0.998 0.924 0.769 0.575 0.386 0.233 0.126 0.000 0.000 0.000 0.000 0.000 0.000 0.000 0.000 0.000 0.000 0.000 0.000 0.000 0.000 0.000 
0.000 0.000 0.000 0.000 0.000 0.000 0.000 0.000 0.000 0.000 0.000 0.000 0.000 0.000 0.000 0.000 0.000 0.000 0.000 0.000 0.000 0.000 0.000 0.150 0.269 0.434 0.628 0.816 0.953 1.000 0.943 0.798 0.607 0.415 0.255 0.141 0.000 0.000 0.000 0.000 0.000 0.000 0.000 0.000 0.000 0.000 0.000 0.000 0.000 0.000 
0.000 0.000 0.000 0.000 0.000 0.000 0.000 0.000 0.000 0.000 0.000 0.000 0.000 0.000 0.000 0.000 0.000 0.000 0.000 0.000 0.000 0.000 0.000 0.000 0.135 0.247 0.404 0.595 0.788 0.936 0.999 0.959 0.826 0.640 0.445 0.278 0.156 0.000 0.000 0.000 0.000 0.000 0.000 0.000 0.000 0.000 0.000 0.000 0.000 0.000 
0.000 0.000 0.000 0.000 0.000 0.000 0.000 0.000 0.000 0.000 0.000 0.000 0.000 0.000 0.000 0.000 0.000 0.000 0.000 0.000 0.000 0.000 0.000 0.000 0.000 0.121 0.225 0.376 0.563 0.758 0.917 0.996 0.972 0.853 0.672 0.475 0.302 0.173 0.000 0.000 0.000 0.000 0.000 0.000 0.000 0.000 0.000 0.000 0.000 0.000 
0.000 0.000 0.000 0.000 0.000 0.000 0.000 0.000 0.000 0.000 0.000 0.000 0.000 0.000 0.000 0.000 0.000 0.000 0.000 0.000 0.000 0.000 0.000 0.000 0.000 0.000 0.109 0.205 0.348 0.531 0.728 0.895 0.990 0.983 0.877 0.703 0.507 0.328 0.191 0.000 0.000 0.000 0.000 0.000 0.000 0.000 0.000 0.000 0.000 0.000 
0.000 0.000 0.000 0.000 0.000 0.000 0.000 0.000 0.000 0.000 0.000 0.000 0.000 0.000 0.000 0.000 0.000 0.000 0.000 0.000 0.000 0.000 0.000 0.000 0.000 0.000 0.000 0.000 0.186 0.322 0.500 0.696 0.872 0.981 0.991 0.900 0.734 0.538 0.354 0.210 0.111 0.000 0.000 0.000 0.000 0.000 0.000 0.000 0.000 0.000 
# 0 3 14 50
0.000 0.000 0.000 0.000 0.000 0.000 0.000 0.000 0.000 0.000 0.000 0.186 0.321 0.499 0.695 0.871 0.981 0.992 0.901 0.735 0.539 0.355 0.210 0.112 0.000 0.000 0.000 0.000 0.000 0.000 0.000 0.000 0.000 0.000 0.000 0.000 0.000 0.000 0.000 0.000 0.000 0.000 0.000 0.000 0.000 0.000 0.000 0.000 0.000 0.000 
0.000 0.000 0.000 0.000 0.000 0.000 0.000 0.000 0.000 0.000 0.000 0.000 0.000 0.000 0.130 0.238 0.393 0.583 0.776 0.929 0.998 0.964 0.837 0.652 0.457 0.288 0.163 0.000 0.000 0.000 0.000 0.000 0.000 0.000 0.000 0.000 0.000 0.000 0.000 0.000 0.000 0.000 0.000 0.000 0.000 0.000 0.000 0.000 0.000 0.000 
0.000 0.000 0.000 0.000 0.000 0.000 0.000 0.000 0.000 0.000 0.000 0.000 0.000 0.000 0.000 0.000 0.000 0.000 0.170 0.299 0.471 0.667 0.849 0.971 0.997 0.919 0.762 0.567 0.380 0.228 0.123 0.000 0.000 0.000 0.000 0.000 0.000 0.000 0.000 0.000 0.000 0.000 0.000 0.000 0.000 0.000 0.000 0.000 0.000 0.000 
0.554 0.368 0.220 0.118 0.000 0.000 0.000 0.000 0.000 0.000 0.000 0.000 0.000 0.000 0.000 0.000 0.000 0.000 0.000 0.000 0.000 0.118 0.220 0.368 0.554 0.750 0.911 0.995 0.976 0.860 0.680 0.484 0.309 0.178 0.000 0.000 0.000 0.000 0.000 0.000 0.000 0.000 0.000 0.000 0.000 0.000 0.000 0.000 0.000 0.000 
0.997 0.971 0.849 0.667 0.471 0.299 0.170 0.000 0.000 0.000 0.000 0.000 0.000 0.000 0.000 0.000 0.000 0.000 0.000 0.000 0.000 0.000 0.000 0.000 0.000 0.156 0.278 0.445 0.639 0.826 0.958 0.999 0.936 0.788 0.596 0.405 0.247 0.135 0.000 0.000 0.000 0.000 0.000 0.000 0.000 0.000 0.000 0.000 0.000 0.000 
0.457 0.652 0.837 0.964 0.998 0.929 0.776 0.583 0.393 0.238 0.130 0.000 0.000 0.000 0.000 0.000 0.000 0.000 0.000 0.000 0.000 0.000 0.000 0.000 0.000 0.000 0.000 0.000 0.107 0.202 0.344 0.526 0.723 0.892 0.989 0.985 0.881 0.708 0.511 0.332 0.193 0.101 0.000 0.000 0.000 0.000 0.000 0.000 0.000 0.000 
0.000 0.112 0.210 0.355 0.539 0.735 0.901 0.992 0.981 0.871 0.695 0.499 0.321 0.186 0.000 0.000 0.000 0.000 0.000 0.000 0.000 0.000 0.000 0.000 0.000 0.000 0.000 0.000 0.000 0.000 0.000 0.000 0.142 0.257 0.418 0.611 0.801 0.944 1.000 0.951 0.813 0.624 0.430 0.267 0.149 0.000 0.000 0.000 0.000 0.000 
0.000 0.000 0.000 0.000 0.000 0.149 0.267 0.430 0.624 0.813 0.951 1.000 0.944 0.801 0.611 0.418 0.257 0.142 0.000 0.000 0.000 0.000 0.000 0.000 0.000 0.000 0.000 0.000 0.000 0.000 0.000 0.000 0.000 0.000 0.000 0.000 0.186 0.321 0.499 0.695 0.871 0.981 0.992 0.901 0.735 0.539 0.355 0.210 0.112 0.000 
0.000 0.000 0.000 0.000 0.000 0.000 0.000 0.000 0.101 0.193 0.332 0.511 0.708 0.881 0.985 0.989 0.892 0.723 0.526 0.344 0.202 0.107 0.000 0.000 0.000 0.000 0.000 0.000 0.000 0.000 0.000 0.000 0.000 0.000 0.000 0.000 0.000 0.000 0.000 0.130 0.238 0.393 0.583 0.776 0.929 0.998 0.964 0.837 0.652 0.457 
0.000 0.000 0.000 0.000 0.000 0.000 0.000 0.000 0.000 0.000 0.000 0.000 0.135 0.247 0.405 0.596 0.788 0.936 0.999 0.958 0.826 0.639 0.445 0.278 0.156 0.000 0.000 0.000 0.000 0.000 0.000 0.000 0.000 0.000 0.000 0.000 0.000 0.000 0.000 0.000 0.000 0.000 0.000 0.170 0.299 0.471 0.667 0.849 0.971 0.997 
0.000 0.000 0.000 0.000 0.000 0.000 0.000 0.000 0.000 0.000 0.000 0.000 0.000 0.000 0.000 0.000 0.178 0.309 0.484 0.680 0.860 0.976 0.995 0.911 0.750 0.554 0.368 0.220 0.118 0.000 0.000 0.000 0.000 0.000 0.000 0.000 0.000 0.000 0.000 0.000 0.000 0.000 0.000 0.000 0.000 0.000 0.118 0.220 0.368 0.554 
0.000 0.000 0.000 0.000 0.000 0.000 0.000 0.000 0.000 0.000 0.000 0.000 0.000 0.000 0.000 0.000 0.000 0.000 0.000 0.123 0.228 0.380 0.567 0.762 0.919 0.997 0.971 0.849 0.667 0.471 0.299 0.170 0.000 0.000 0.000 0.000 0.000 0.000 0.000 0.000 0.000 0.000 0.000 0.000 0.000 0.000 0.000 0.000 0.000 0.000 
0.000 0.000 0.000 0.000 0.000 0.000 0.000 0.000 0.000 0.000 0.000 0.000 0.000 0.000 0.000 0.000 0.000 0.000 0.000 0.000 0.000 0.000 0.000 0.163 0.288 0.457 0.652 0.837 0.964 0.998 0.929 0.776 0.583 0.393 0.238 0.130 0.000 0.000 0.000 0.000 0.000 0.000 0.000 0.000 0.000 0.000 0.000 0.000 0.000 0.000 
0.000 0.000 0.000 0.000 0.000 0.000 0.000 0.000 0.000 0.000 0.000 0.000 0.000 0.000 0.000 0.000 0.000 0.000 0.000 0.000 0.000 0.000 0.000 0.000 0.000 0.000 0.112 0.210 0.355 0.539 0.735 0.901 0.992 0.981 0.871 0.695 0.499 0.321 0.186 0.000 0.000 0.000 0.000 0.000 0.000 0.000 0.000 0.000 0.000 0.000 
# 1 0 50 5
-0.909 -0.199 0.000 0.000 0.000 
-0.956 -0.252 0.000 0.000 0.000 
-0.987 -0.313 0.000 0.000 0.000 
-1.000 -0.381 0.000 0.000 0.000 
-0.995 -0.456 0.000 0.000 0.000 
-0.995 -0.536 0.000 0.000 0.000 
-1.000 -0.618 0.000 0.000 0.000 
-0.987 -0.700 0.000 0.000 0.000 
-0.956 -0.778 -0.118 0.000 0.000 
-0.909 -0.849 -0.154 0.000 0.000 
-0.849 -0.909 -0.199 0.000 0.000 
-0.778 -0.956 -0.252 0.000 0.000 
-0.700 -0.987 -0.313 0.000 0.000 
-0.618 -1.000 -0.381 0.000 0.000 
-0.536 -0.995 -0.456 0.000 0.000 
-0.456 -0.995 -0.536 0.000 0.000 
-0.381 -1.000 -0.618 0.000 0.000 
-0.313 -0.987 -0.700 0.000 0.000 
-0.252 -0.956 -0.778 -0.118 0.000 
-0.199 -0.909 -0.849 -0.154 0.000 
-0.154 -0.849 -0.909 -0.199 0.000 
-0.118 -0.778 -0.956 -0.252 0.000 
0.000 -0.700 -0.987 -0.313 0.000 
0.000 -0.618 -1.000 -0.381 0.000 
0.000 -0.536 -0.995 -0.456 0.000 
0.000 -0.456 -0.995 -0.536 0.000 
0.000 -0.381 -1.000 -0.618 0.000 
0.000 -0.313 -0.987 -0.700 0.000 
0.000 -0.252 -0.956 -0.778 -0.118 
0.000 -0.199 -0.909 -0.849 -0.154 
0.000 -0.154 -0.849 -0.909 -0.199 
0.000 -0.118 -0.778 -0.956 -0.252 
0.000 0.000 -0.700 -0.987 -0.313 
0.000 0.000 -0.618 -1.000 -0.381 
0.000 0.000 -0.536 -0.995 -0.456 
0.000 0.000 -0.456 -0.995 -0.536 
0.000 0.000 -0.381 -1.000 -0.618 
0.000 0.000 -0.313 -0.987 -0.700 
0.000 0.000 -0.252 -0.956 -0.778 
0.000 0.000 -0.199 -0.909 -0.849 
0.000 0.000 -0.154 -0.849 -0.909 
0.000 0.000 -0.118 -0.778 -0.956 
0.000 0.000 0.000 -0.700 -0.987 
0.000 0.000 0.000 -0.618 -1.000 
0.000 0.000 0.000 -0.536 -0.995 
0.000 0.000 0.000 -0.456 -0.995 
0.000 0.000 0.000 -0.381 -1.000 
0.000 0.000 0.000 -0.313 -0.987 
0.000 0.000 0.000 -0.252 -0.956 
0.000 0.000 0.000 -0.199 -0.909 
# 1 2 43 5
-0.913 -0.203 0.000 0.000 0.000 
-0.965 -0.266 0.000 0.000 0.000 
-0.994 -0.340 0.000 0.000 0.000 
-0.999 -0.423 0.000 0.000 0.000 
-0.990 -0.514 0.000 0.000 0.000 
-1.000 -0.609 0.000 0.000 0.000 
-0.985 -0.705 0.000 0.000 0.000 
-0.947 -0.794 -0.125 0.000 0.000 
-0.887 -0.873 -0.171 0.000 0.000 
-0.811 -0.936 -0.227 0.000 0.000 
-0.723 -0.979 -0.294 0.000 0.000 
-0.629 -0.999 -0.372 0.000 0.000 
-0.533 -0.994 -0.459 0.000 0.000 
-0.441 -0.997 -0.552 0.000 0.000 
-0.356 -0.997 -0.648 0.000 0.000 
-0.280 -0.973 -0.741 -0.103 0.000 
-0.215 -0.925 -0.827 -0.142 0.000 
-0.161 -0.859 -0.901 -0.192 0.000 
-0.117 -0.777 -0.956 -0.252 0.000 
0.000 -0.686 -0.990 -0.324 0.000 
0.000 -0.590 -1.000 -0.406 0.000 
0.000 -0.496 -0.985 -0.496 0.000 
0.000 -0.406 -1.000 -0.590 0.000 
0.000 -0.324 -0.990 -0.686 0.000 
0.000 -0.252 -0.956 -0.777 -0.117 
0.000 -0.192 -0.901 -0.859 -0.161 
0.000 -0.142 -0.827 -0.925 -0.215 
0.000 -0.103 -0.741 -0.973 -0.280 
0.000 0.000 -0.648 -0.997 -0.356 
0.000 0.000 -0.552 -0.997 -0.441 
0.000 0.000 -0.459 -0.994 -0.533 
0.000 0.000 -0.372 -0.999 -0.629 
0.000 0.000 -0.294 -0.979 -0.723 
0.000 0.000 -0.227 -0.936 -0.811 
0.000 0.000 -0.171 -0.873 -0.887 
0.000 0.000 -0.125 -0.794 -0.947 
0.000 0.000 0.000 -0.705 -0.985 
0.000 0.000 0.000 -0.609 -1.000 
0.000 0.000 0.000 -0.514 -0.990 
0.000 0.000 0.000 -0.423 -0.999 
0.000 0.000 0.000 -0.340 -0.994 
0.000 0.000 0.000 -0.266 -0.965 
0.000 0.000 0.000 -0.203 -0.913 
# 2 0 50 43
0.000 0.000 0.000 0.000 0.000 0.000 0.000 0.000 -0.110 -0.205 -0.344 -0.522 -0.714 -0.882 -0.984 -0.990 -0.900 -0.739 -0.547 -0.366 -0.221 -0.120 0.000 0.000 0.000 0.000 0.000 0.000 0.000 0.000 0.000 0.000 0.000 0.000 0.000 0.000 0.000 0.000 0.000 0.000 0.000 0.000 0.000 
0.000 0.000 0.000 0.000 0.000 0.000 0.000 0.000 0.000 -0.121 -0.222 -0.367 -0.548 -0.740 -0.901 -0.991 -0.983 -0.881 -0.713 -0.520 -0.343 -0.204 -0.110 0.000 0.000 0.000 0.000 0.000 0.000 0.000 0.000 0.000 0.000 0.000 0.000 0.000 0.000 0.000 0.000 0.000 0.000 0.000 0.000 
0.000 0.000 0.000 0.000 0.000 0.000 0.000 0.000 0.000 0.000 -0.132 -0.239 -0.391 -0.575 -0.765 -0.919 -0.996 -0.974 -0.861 -0.686 -0.494 -0.321 -0.188 0.000 0.000 0.000 0.000 0.000 0.000 0.000 0.000 0.000 0.000 0.000 0.000 0.000 0.000 0.000 0.000 0.000 0.000 0.000 0.000 
0.000 0.000 0.000 0.000 0.000 0.000 0.000 0.000 0.000 0.000 0.000 -0.145 -0.258 -0.415 -0.602 -0.790 -0.935 -0.999 -0.963 -0.839 -0.659 -0.468 -0.300 -0.173 0.000 0.000 0.000 0.000 0.000 0.000 0.000 0.000 0.000 0.000 0.000 0.000 0.000 0.000 0.000 0.000 0.000 0.000 0.000 
0.000 0.000 0.000 0.000 0.000 0.000 0.000 0.000 0.000 0.000 0.000 0.000 -0.158 -0.277 -0.440 -0.630 -0.814 -0.949 -1.000 -0.951 -0.816 -0.632 -0.442 -0.279 -0.159 0.000 0.000 0.000 0.000 0.000 0.000 0.000 0.000 0.000 0.000 0.000 0.000 0.000 0.000 0.000 0.000 0.000 0.000 
0.000 0.000 0.000 0.000 0.000 0.000 0.000 0.000 0.000 0.000 0.000 0.000 0.000 -0.172 -0.298 -0.465 -0.657 -0.837 -0.962 -0.999 -0.936 -0.792 -0.605 -0.417 -0.260 -0.146 0.000 0.000 0.000 0.000 0.000 0.000 0.000 0.000 0.000 0.000 0.000 0.000 0.000 0.000 0.000 0.000 0.000 
0.000 0.000 0.000 0.000 0.000 0.000 0.000 0.000 0.000 0.000 0.000 0.000 0.000 0.000 -0.187 -0.319 -0.491 -0.684 -0.858 -0.973 -0.996 -0.920 -0.768 -0.578 -0.393 -0.241 -0.134 0.000 0.000 0.000 0.000 0.000 0.000 0.000 0.000 0.000 0.000 0.000 0.000 0.000 0.000 0.000 0.000 
0.000 0.000 0.000 0.000 0.000 0.000 0.000 0.000 0.000 0.000 0.000 0.000 0.000 0.000 -0.109 -0.203 -0.341 -0.518 -0.710 -0.879 -0.983 -0.991 -0.903 -0.742 -0.551 -0.369 -0.223 -0.122 0.000 0.000 0.000 0.000 0.000 0.000 0.000 0.000 0.000 0.000 0.000 0.000 0.000 0.000 0.000 
0.000 0.000 0.000 0.000 0.000 0.000 0.000 0.000 0.000 0.000 0.000 0.000 0.000 0.000 0.000 -0.119 -0.219 -0.364 -0.545 -0.736 -0.898 -0.990 -0.984 -0.884 -0.716 -0.524 -0.346 -0.206 -0.111 0.000 0.000 0.000 0.000 0.000 0.000 0.000 0.000 0.000 0.000 0.000 0.000 0.000 0.000 
0.000 0.000 0.000 0.000 0.000 0.000 0.000 0.000 0.000 0.000 0.000 0.000 0.000 0.000 0.000 0.000 -0.131 -0.237 -0.387 -0.571 -0.762 -0.916 -0.995 -0.976 -0.864 -0.690 -0.498 -0.324 -0.191 -0.101 0.000 0.000 0.000 0.000 0.000 0.000 0.000 0.000 0.000 0.000 0.000 0.000 0.000 
-0.148 0.000 0.000 0.000 0.000 0.000 0.000 0.000 0.000 0.000 0.000 0.000 0.000 0.000 0.000 0.000 0.000 -0.143 -0.255 -0.411 -0.599 -0.786 -0.933 -0.999 -0.965 -0.842 -0.663 -0.472 -0.303 -0.175 0.000 0.000 0.000 0.000 0.000 0.000 0.000 0.000 0.000 0.000 0.000 0.000 0.000 
-0.245 -0.136 0.000 0.000 0.000 0.000 0.000 0.000 0.000 0.000 0.000 0.000 0.000 0.000 0.000 0.000 0.000 0.000 -0.156 -0.274 -0.436 -0.626 -0.810 -0.947 -1.000 -0.953 -0.819 -0.636 -0.446 -0.282 -0.161 0.000 0.000 0.000 0.000 0.000 0.000 0.000 0.000 0.000 0.000 0.000 0.000 
-0.374 -0.227 -0.124 0.000 0.000 0.000 0.000 0.000 0.000 0.000 0.000 0.000 0.000 0.000 0.000 0.000 0.000 0.000 0.000 -0.170 -0.295 -0.462 -0.653 -0.833 -0.961 -0.999 -0.939 -0.796 -0.609 -0.421 -0.263 -0.148 0.000 0.000 0.000 0.000 0.000 0.000 0.000 0.000 0.000 0.000 0.000 
-0.529 -0.350 -0.210 -0.113 0.000 0.000 0.000 0.000 0.000 0.000 0.000 0.000 0.000 0.000 0.000 0.000 0.000 0.000 0.000 0.000 -0.185 -0.316 -0.488 -0.680 -0.855 -0.972 -0.997 -0.923 -0.771 -0.582 -0.396 -0.244 -0.135 0.000 0.000 0.000 0.000 0.000 0.000 0.000 0.000 0.000 0.000 
-0.695 -0.503 -0.328 -0.193 -0.103 0.000 0.000 0.000 0.000 0.000 0.000 0.000 0.000 0.000 0.000 0.000 0.000 0.000 0.000 0.000 -0.107 -0.200 -0.338 -0.514 -0.706 -0.876 -0.981 -0.992 -0.906 -0.746 -0.555 -0.373 -0.226 -0.124 0.000 0.000 0.000 0.000 0.000 0.000 0.000 0.000 0.000 
-0.846 -0.668 -0.476 -0.307 -0.178 0.000 0.000 0.000 0.000 0.000 0.000 0.000 0.000 0.000 0.000 0.000 0.000 0.000 0.000 0.000 0.000 -0.118 -0.217 -0.360 -0.541 -0.732 -0.896 -0.989 -0.986 -0.887 -0.720 -0.528 -0.350 -0.209 -0.113 0.000 0.000 0.000 0.000 0.000 0.000 0.000 0.000 
-0.955 -0.824 -0.641 -0.451 -0.286 -0.164 0.000 0.000 0.000 0.000 0.000 0.000 0.000 0.000 0.000 0.000 0.000 0.000 0.000 0.000 0.000 0.000 -0.129 -0.234 -0.384 -0.568 -0.758 -0.914 -0.995 -0.977 -0.867 -0.694 -0.501 -0.327 -0.193 -0.102 0.000 0.000 0.000 0.000 0.000 0.000 0.000 
-1.000 -0.941 -0.800 -0.614 -0.425 -0.266 -0.150 0.000 0.000 0.000 0.000 0.000 0.000 0.000 0.000 0.000 0.000 0.000 0.000 0.000 0.000 0.000 0.000 -0.141 -0.252 -0.408 -0.595 -0.783 -0.930 -0.998 -0.967 -0.845 -0.667 -0.475 -0.306 -0.178 0.000 0.000 0.000 0.000 0.000 0.000 0.000 
-0.970 -0.997 -0.926 -0.776 -0.587 -0.401 -0.247 -0.138 0.000 0.000 0.000 0.000 0.000 0.000 0.000 0.000 0.000 0.000 0.000 0.000 0.000 0.000 0.000 0.000 -0.154 -0.272 -0.433 -0.622 -0.807 -0.945 -1.000 -0.955 -0.823 -0.640 -0.450 -0.285 -0.163 0.000 0.000 0.000 0.000 0.000 0.000 
-0.872 -0.980 -0.993 -0.909 -0.751 -0.560 -0.377 -0.229 -0.126 0.000 0.000 0.000 0.000 0.000 0.000 0.000 0.000 0.000 0.000 0.000 0.000 0.000 0.000 0.000 0.000 -0.168 -0.292 -0.458 -0.649 -0.830 -0.959 -1.000 -0.941 -0.799 -0.613 -0.424 -0.265 -0.150 0.000 0.000 0.000 0.000 0.000 
-0.728 -0.892 -0.988 -0.987 -0.890 -0.725 -0.533 -0.354 -0.212 -0.115 0.000 0.000 0.000 0.000 0.000 0.000 0.000 0.000 0.000 0.000 0.000 0.000 0.000 0.000 0.000 0.000 -0.182 -0.313 -0.484 -0.676 -0.852 -0.970 -0.997 -0.925 -0.775 -0.586 -0.400 -0.246 -0.137 0.000 0.000 0.000 0.000 
-0.563 -0.753 -0.911 -0.994 -0.979 -0.870 -0.699 -0.506 -0.331 -0.196 -0.104 0.000 0.000 0.000 0.000 0.000 0.000 0.000 0.000 0.000 0.000 0.000 0.000 0.000 0.000 0.000 -0.106 -0.198 -0.334 -0.510 -0.703 -0.873 -0.980 -0.993 -0.908 -0.750 -0.559 -0.376 -0.228 -0.125 0.000 0.000 0.000 
-0.403 -0.590 -0.778 -0.927 -0.998 -0.969 -0.849 -0.672 -0.480 -0.310 -0.180 0.000 0.000 0.000 0.000 0.000 0.000 0.000 0.000 0.000 0.000 0.000 0.000 0.000 0.000 0.000 0.000 -0.116 -0.214 -0.357 -0.537 -0.729 -0.893 -0.988 -0.987 -0.889 -0.724 -0.532 -0.353 -0.211 -0.114 0.000 0.000 
-0.268 -0.428 -0.617 -0.803 -0.943 -1.000 -0.957 -0.827 -0.645 -0.454 -0.289 -0.166 0.000 0.000 0.000 0.000 0.000 0.000 0.000 0.000 0.000 0.000 0.000 0.000 0.000 0.000 0.000 0.000 -0.127 -0.232 -0.380 -0.564 -0.754 -0.911 -0.994 -0.978 -0.870 -0.698 -0.505 -0.330 -0.195 -0.104 0.000 
-0.165 -0.288 -0.453 -0.644 -0.826 -0.956 -1.000 -0.943 -0.804 -0.618 -0.429 -0.269 -0.152 0.000 0.000 0.000 0.000 0.000 0.000 0.000 0.000 0.000 0.000 0.000 0.000 0.000 0.000 0.000 0.000 -0.139 -0.250 -0.404 -0.591 -0.779 -0.928 -0.998 -0.968 -0.848 -0.671 -0.479 -0.309 -0.180 0.000 
0.000 -0.180 -0.309 -0.479 -0.671 -0.848 -0.968 -0.998 -0.928 -0.779 -0.591 -0.404 -0.250 -0.139 0.000 0.000 0.000 0.000 0.000 0.000 0.000 0.000 0.000 0.000 0.000 0.000 0.000 0.000 0.000 0.000 -0.152 -0.269 -0.429 -0.618 -0.804 -0.943 -1.000 -0.956 -0.826 -0.644 -0.453 -0.288 -0.165 
0.000 -0.104 -0.195 -0.330 -0.505 -0.698 -0.870 -0.978 -0.994 -0.911 -0.754 -0.564 -0.380 -0.232 -0.127 0.000 0.000 0.000 0.000 0.000 0.000 0.000 0.000 0.000 0.000 0.000 0.000 0.000 0.000 0.000 0.000 -0.166 -0.289 -0.454 -0.645 -0.827 -0.957 -1.000 -0.943 -0.803 -0.617 -0.428 -0.268 
0.000 0.000 -0.114 -0.211 -0.353 -0.532 -0.724 -0.889 -0.987 -0.988 -0.893 -0.729 -0.537 -0.357 -0.214 -0.116 0.000 0.000 0.000 0.000 0.000 0.000 0.000 0.000 0.000 0.000 0.000 0.000 0.000 0.000 0.000 0.000 -0.180 -0.310 -0.480 -0.672 -0.849 -0.969 -0.998 -0.927 -0.778 -0.590 -0.403 
0.000 0.000 0.000 -0.125 -0.228 -0.376 -0.559 -0.750 -0.908 -0.993 -0.980 -0.873 -0.703 -0.510 -0.334 -0.198 -0.106 0.000 0.000 0.000 0.000 0.000 0.000 0.000 0.000 0.000 0.000 0.000 0.000 0.000 0.000 0.000 -0.104 -0.196 -0.331 -0.506 -0.699 -0.870 -0.979 -0.994 -0.911 -0.753 -0.563 
0.000 0.000 0.000 0.000 -0.137 -0.246 -0.400 -0.586 -0.775 -0.925 -0.997 -0.970 -0.852 -0.676 -0.484 -0.313 -0.182 0.000 0.000 0.000 0.000 0.000 0.000 0.000 0.000 0.000 0.000 0.000 0.000 0.000 0.000 0.000 0.000 -0.115 -0.212 -0.354 -0.533 -0.725 -0.890 -0.987 -0.988 -0.892 -0.728 
0.000 0.000 0.000 0.000 0.000 -0.150 -0.265 -0.424 -0.613 -0.799 -0.941 -1.000 -0.959 -0.830 -0.649 -0.458 -0.292 -0.168 0.000 0.000 0.000 0.000 0.000 0.000 0.000 0.000 0.000 0.000 0.000 0.000 0.000 0.000 0.000 0.000 -0.126 -0.229 -0.377 -0.560 -0.751 -0.909 -0.993 -0.980 -0.872 
0.000 0.000 0.000 0.000 0.000 0.000 -0.163 -0.285 -0.450 -0.640 -0.823 -0.955 -1.000 -0.945 -0.807 -0.622 -0.433 -0.272 -0.154 0.000 0.000 0.000 0.000 0.000 0.000 0.000 0.000 0.000 0.000 0.000 0.000 0.000 0.000 0.000 0.000 -0.138 -0.247 -0.401 -0.587 -0.776 -0.926 -0.997 -0.970 
0.000 0.000 0.000 0.000 0.000 0.000 0.000 -0.178 -0.306 -0.475 -0.667 -0.845 -0.967 -0.998 -0.930 -0.783 -0.595 -0.408 -0.252 -0.141 0.000 0.000 0.000 0.000 0.000 0.000 0.000 0.000 0.000 0.000 0.000 0.000 0.000 0.000 0.000 0.000 -0.150 -0.266 -0.425 -0.614 -0.800 -0.941 -1.000 
0.000 0.000 0.000 0.000 0.000 0.000 0.000 -0.102 -0.193 -0.327 -0.501 -0.694 -0.867 -0.977 -0.995 -0.914 -0.758 -0.568 -0.384 -0.234 -0.129 0.000 0.000 0.000 0.000 0.000 0.000 0.000 0.000 0.000 0.000 0.000 0.000 0.000 0.000 0.000 0.000 -0.164 -0.286 -0.451 -0.641 -0.824 -0.955 
0.000 0.000 0.000 0.000 0.000 0.000 0.000 0.000 -0.113 -0.209 -0.350 -0.528 -0.720 -0.887 -0.986 -0.989 -0.896 -0.732 -0.541 -0.360 -0.217 -0.118 0.000 0.000 0.000 0.000 0.000 0.000 0.000 0.000 0.000 0.000 0.000 0.000 0.000 0.000 0.000 0.000 -0.178 -0.307 -0.476 -0.668 -0.846 
0.000 0.000 0.000 0.000 0.000 0.000 0.000 0.000 0.000 -0.124 -0.226 -0.373 -0.555 -0.746 -0.906 -0.992 -0.981 -0.876 -0.706 -0.514 -0.338 -0.200 -0.107 0.000 0.000 0.000 0.000 0.000 0.000 0.000 0.000 0.000 0.000 0.000 0.000 0.000 0.000 0.000 -0.103 -0.193 -0.328 -0.503 -0.695 
0.000 0.000 0.000 0.000 0.000 0.000 0.000 0.000 0.000 0.000 -0.135 -0.244 -0.396 -0.582 -0.771 -0.923 -0.997 -0.972 -0.855 -0.680 -0.488 -0.316 -0.185 0.000 0.000 0.000 0.000 0.000 0.000 0.000 0.000 0.000 0.000 0.000 0.000 0.000 0.000 0.000 0.000 -0.113 -0.210 -0.350 -0.529 
0.000 0.000 0.000 0.000 0.000 0.000 0.000 0.000 0.000 0.000 0.000 -0.148 -0.263 -0.421 -0.609 -0.796 -0.939 -0.999 -0.961 -0.833 -0.653 -0.462 -0.295 -0.170 0.000 0.000 0.000 0.000 0.000 0.000 0.000 0.000 0.000 0.000 0.000 0.000 0.000 0.000 0.000 0.000 -0.124 -0.227 -0.374 
0.000 0.000 0.000 0.000 0.000 0.000 0.000 0.000 0.000 0.000 0.000 0.000 -0.161 -0.282 -0.446 -0.636 -0.819 -0.953 -1.000 -0.947 -0.810 -0.626 -0.436 -0.274 -0.156 0.000 0.000 0.000 0.000 0.000 0.000 0.000 0.000 0.000 0.000 0.000 0.000 0.000 0.000 0.000 0.000 -0.136 -0.245 
0.000 0.000 0.000 0.000 0.000 0.000 0.000 0.000 0.000 0.000 0.000 0.000 0.000 -0.175 -0.303 -0.472 -0.663 -0.842 -0.965 -0.999 -0.933 -0.786 -0.599 -0.411 -0.255 -0.143 0.000 0.000 0.000 0.000 0.000 0.000 0.000 0.000 0.000 0.000 0.000 0.000 0.000 0.000 0.000 0.000 -0.148 
0.000 0.000 0.000 0.000 0.000 0.000 0.000 0.000 0.000 0.000 0.000 0.000 0.000 -0.101 -0.191 -0.324 -0.498 -0.690 -0.864 -0.976 -0.995 -0.916 -0.762 -0.571 -0.387 -0.237 -0.131 0.000 0.000 0.000 0.000 0.000 0.000 0.000 0.000 0.000 0.000 0.000 0.000 0.000 0.000 0.000 0.000 
0.000 0.000 0.000 0.000 0.000 0.000 0.000 0.000 0.000 0.000 0.000 0.000 0.000 0.000 -0.111 -0.206 -0.346 -0.524 -0.716 -0.884 -0.984 -0.990 -0.898 -0.736 -0.545 -0.364 -0.219 -0.119 0.000 0.000 0.000 0.000 0.000 0.000 0.000 0.000 0.000 0.000 0.000 0.000 0.000 0.000 0.000 
0.000 0.000 0.000 0.000 0.000 0.000 0.000 0.000 0.000 0.000 0.000 0.000 0.000 0.000 0.000 -0.122 -0.223 -0.369 -0.551 -0.742 -0.903 -0.991 -0.983 -0.879 -0.710 -0.518 -0.341 -0.203 -0.109 0.000 0.000 0.000 0.000 0.000 0.000 0.000 0.000 0.000 0.000 0.000 0.000 0.000 0.000 
0.000 0.000 0.000 0.000 0.000 0.000 0.000 0.000 0.000 0.000 0.000 0.000 0.000 0.000 0.000 0.000 -0.134 -0.241 -0.393 -0.578 -0.768 -0.920 -0.996 -0.973 -0.858 -0.684 -0.491 -0.319 -0.187 0.000 0.000 0.000 0.000 0.000 0.000 0.000 0.000 0.000 0.000 0.000 0.000 0.000 0.000 
0.000 0.000 0.000 0.000 0.000 0.000 0.000 0.000 0.000 0.000 0.000 0.000 0.000 0.000 0.000 0.000 0.000 -0.146 -0.260 -0.417 -0.605 -0.792 -0.936 -0.999 -0.962 -0.837 -0.657 -0.465 -0.298 -0.172 0.000 0.000 0.000 0.000 0.000 0.000 0.000 0.000 0.000 0.000 0.000 0.000 0.000 
0.000 0.000 0.000 0.000 0.000 0.000 0.000 0.000 0.000 0.000 0.000 0.000 0.000 0.000 0.000 0.000 0.000 0.000 -0.159 -0.279 -0.442 -0.632 -0.816 -0.951 -1.000 -0.949 -0.814 -0.630 -0.440 -0.277 -0.158 0.000 0.000 0.000 0.000 0.000 0.000 0.000 0.000 0.000 0.000 0.000 0.000 
0.000 0.000 0.000 0.000 0.000 0.000 0.000 0.000 0.000 0.000 0.000 0.000 0.000 0.000 0.000 0.000 0.000 0.000 0.000 -0.173 -0.300 -0.468 -0.659 -0.839 -0.963 -0.999 -0.935 -0.790 -0.602 -0.415 -0.258 -0.145 0.000 0.000 0.000 0.000 0.000 0.000 0.000 0.000 0.000 0.000 0.000 
0.000 0.000 0.000 0.000 0.000 0.000 0.000 0.000 0.000 0.000 0.000 0.000 0.000 0.000 0.000 0.000 0.000 0.000 0.000 0.000 -0.188 -0.321 -0.494 -0.686 -0.861 -0.974 -0.996 -0.919 -0.765 -0.575 -0.391 -0.239 -0.132 0.000 0.000 0.000 0.000 0.000 0.000 0.000 0.000 0.000 0.000 
0.000 0.000 0.000 0.000 0.000 0.000 0.000 0.000 0.000 0.000 0.000 0.000 0.000 0.000 0.000 0.000 0.000 0.000 0.000 0.000 -0.110 -0.204 -0.343 -0.520 -0.713 -0.881 -0.983 -0.991 -0.901 -0.740 -0.548 -0.367 -0.222 -0.121 0.000 0.000 0.000 0.000 0.000 0.000 0.000 0.000 0.000 
0.000 0.000 0.000 0.000 0.000 0.000 0.000 0.000 0.000 0.000 0.000 0.000 0.000 0.000 0.000 0.000 0.000 0.000 0.000 0.000 0.000 -0.120 -0.221 -0.366 -0.547 -0.739 -0.900 -0.990 -0.984 -0.882 -0.714 -0.522 -0.344 -0.205 -0.110 0.000 0.000 0.000 0.000 0.000 0.000 0.000 0.000 
# 2 1 5 43
0.000 0.000 0.000 0.000 0.000 0.000 0.000 0.000 0.000 0.000 0.000 0.000 -0.120 -0.220 -0.365 -0.546 -0.738 -0.900 -0.990 -0.984 -0.883 -0.715 -0.522 -0.345 -0.205 -0.110 0.000 0.000 0.000 0.000 0.000 0.000 0.000 0.000 0.000 0.000 0.000 0.000 0.000 0.000 0.000 0.000 0.000 
-0.774 -0.585 -0.399 -0.246 -0.137 0.000 0.000 0.000 0.000 0.000 0.000 0.000 0.000 0.000 0.000 0.000 0.000 0.000 0.000 0.000 0.000 -0.155 -0.273 -0.434 -0.624 -0.809 -0.947 -1.000 -0.954 -0.821 -0.638 -0.448 -0.284 -0.162 0.000 0.000 0.000 0.000 0.000 0.000 0.000 0.000 0.000 
-0.126 -0.230 -0.378 -0.561 -0.752 -0.909 -0.993 -0.980 -0.872 -0.701 -0.508 -0.333 -0.197 -0.105 0.000 0.000 0.000 0.000 0.000 0.000 0.000 0.000 0.000 0.000 0.000 0.000 0.000 0.000 0.000 -0.105 -0.197 -0.333 -0.508 -0.701 -0.872 -0.980 -0.993 -0.909 -0.752 -0.561 -0.378 -0.230 -0.126 
0.000 0.000 0.000 0.000 0.000 0.000 0.000 0.000 0.000 -0.162 -0.284 -0.448 -0.638 -0.821 -0.954 -1.000 -0.947 -0.809 -0.624 -0.434 -0.273 -0.155 0.000 0.000 0.000 0.000 0.000 0.000 0.000 0.000 0.000 0.000 0.000 0.000 0.000 0.000 0.000 0.000 -0.137 -0.246 -0.399 -0.585 -0.774 
0.000 0.000 0.000 0.000 0.000 0.000 0.000 0.000 0.000 0.000 0.000 0.000 0.000 0.000 0.000 0.000 0.000 -0.110 -0.205 -0.345 -0.522 -0.715 -0.883 -0.984 -0.990 -0.900 -0.738 -0.546 -0.365 -0.220 -0.120 0.000 0.000 0.000 0.000 0.000 0.000 0.000 0.000 0.000 0.000 0.000 0.000 
