3.752431
4
# 0 1 14 50
0.733 0.989 0.915 0.569 0.236 0.000 0.000 0.000 0.000 0.000 0.000 0.000 0.000 0.000 0.000 0.000 0.000 0.000 0.000 0.000 0.000 0.000 0.000 0.000 0.000 0.000 0.000 0.000 0.000 0.000 0.000 0.000 0.000 0.000 0.000 0.000 0.000 0.000 0.000 0.000 0.000 0.000 0.000 0.000 0.000 0.000 0.000 0.000 0.000 0.000 
0.000 0.000 0.201 0.514 0.876 0.999 0.785 0.410 0.143 0.000 0.000 0.000 0.000 0.000 0.000 0.000 0.000 0.000 0.000 0.000 0.000 0.000 0.000 0.000 0.000 0.000 0.000 0.000 0.000 0.000 0.000 0.000 0.000 0.000 0.000 0.000 0.000 0.000 0.000 0.000 0.000 0.000 0.000 0.000 0.000 0.000 0.000 0.000 0.000 0.000 
0.000 0.000 0.000 0.000 0.000 0.000 0.316 0.679 0.972 0.947 0.624 0.274 0.000 0.000 0.000 0.000 0.000 0.000 0.000 0.000 0.000 0.000 0.000 0.000 0.000 0.000 0.000 0.000 0.000 0.000 0.000 0.000 0.000 0.000 0.000 0.000 0.000 0.000 0.000 0.000 0.000 0.000 0.000 0.000 0.000 0.000 0.000 0.000 0.000 0.000 
0.000 0.000 0.000 0.000 0.000 0.000 0.000 0.000 0.000 0.170 0.461 0.833 1.000 0.833 0.461 0.170 0.000 0.000 0.000 0.000 0.000 0.000 0.000 0.000 0.000 0.000 0.000 0.000 0.000 0.000 0.000 0.000 0.000 0.000 0.000 0.000 0.000 0.000 0.000 0.000 0.000 0.000 0.000 0.000 0.000 0.000 0.000 0.000 0.000 0.000 
0.000 0.000 0.000 0.000 0.000 0.000 0.000 0.000 0.000 0.000 0.000 0.000 0.000 0.274 0.624 0.947 0.972 0.679 0.316 0.000 0.000 0.000 0.000 0.000 0.000 0.000 0.000 0.000 0.000 0.000 0.000 0.000 0.000 0.000 0.000 0.000 0.000 0.000 0.000 0.000 0.000 0.000 0.000 0.000 0.000 0.000 0.000 0.000 0.000 0.000 
0.000 0.000 0.000 0.000 0.000 0.000 0.000 0.000 0.000 0.000 0.000 0.000 0.000 0.000 0.000 0.000 0.143 0.410 0.785 0.999 0.876 0.514 0.201 0.000 0.000 0.000 0.000 0.000 0.000 0.000 0.000 0.000 0.000 0.000 0.000 0.000 0.000 0.000 0.000 0.000 0.000 0.000 0.000 0.000 0.000 0.000 0.000 0.000 0.000 0.000 
0.000 0.000 0.000 0.000 0.000 0.000 0.000 0.000 0.000 0.000 0.000 0.000 0.000 0.000 0.000 0.000 0.000 0.000 0.000 0.000 0.236 0.569 0.915 0.989 0.733 0.361 0.119 0.000 0.000 0.000 0.000 0.000 0.000 0.000 0.000 0.000 0.000 0.000 0.000 0.000 0.000 0.000 0.000 0.000 0.000 0.000 0.000 0.000 0.000 0.000 
0.000 0.000 0.000 0.000 0.000 0.000 0.000 0.000 0.000 0.000 0.000 0.000 0.000 0.000 0.000 0.000 0.000 0.000 0.000 0.000 0.000 0.000 0.000 0.119 0.361 0.733 0.989 0.915 0.569 0.236 0.000 0.000 0.000 0.000 0.000 0.000 0.000 0.000 0.000 0.000 0.000 0.000 0.000 0.000 0.000 0.000 0.000 0.000 0.000 0.000 
0.000 0.000 0.000 0.000 0.000 0.000 0.000 0.000 0.000 0.000 0.000 0.000 0.000 0.000 0.000 0.000 0.000 0.000 0.000 0.000 0.000 0.000 0.000 0.000 0.000 0.000 0.000 0.201 0.514 0.876 0.999 0.785 0.410 0.143 0.000 0.000 0.000 0.000 0.000 0.000 0.000 0.000 0.000 0.000 0.000 0.000 0.000 0.000 0.000 0.000 
0.000 0.000 0.000 0.000 0.000 0.000 0.000 0.000 0.000 0.000 0.000 0.000 0.000 0.000 0.000 0.000 0.000 0.000 0.000 0.000 0.000 0.000 0.000 0.000 0.000 0.000 0.000 0.000 0.000 0.000 0.000 0.316 0.679 0.972 0.947 0.624 0.274 0.000 0.000 0.000 0.000 0.000 0.000 0.000 0.000 0.000 0.000 0.000 0.000 0.000 
0.000 0.000 0.000 0.000 0.000 0.000 0.000 0.000 0.000 0.000 0.000 0.000 0.000 0.000 0.000 0.000 0.000 0.000 0.000 0.000 0.000 0.000 0.000 0.000 0.000 0.000 0.000 0.000 0.000 0.000 0.000 0.000 0.000 0.000 0.170 0.461 0.833 1.000 0.833 0.461 0.170 0.000 0.000 0.000 0.000 0.000 0.000 0.000 0.000 0.000 
0.000 0.000 0.000 0.000 0.000 0.000 0.000 0.000 0.000 0.000 0.000 0.000 0.000 0.000 0.000 0.000 0.000 0.000 0.000 0.000 0.000 0.000 0.000 0.000 0.000 0.000 0.000 0.000 0.000 0.000 0.000 0.000 0.000 0.000 0.000 0.000 0.000 0.000 0.274 0.624 0.947 0.972 0.679 0.316 0.000 0.000 0.000 0.000 0.000 0.000 
0.000 0.000 0.000 0.000 0.000 0.000 0.000 0.000 0.000 0.000 0.000 0.000 0.000 0.000 0.000 0.000 0.000 0.000 0.000 0.000 0.000 0.000 0.000 0.000 0.000 0.000 0.000 0.000 0.000 0.000 0.000 0.000 0.000 0.000 0.000 0.000 0.000 0.000 0.000 0.000 0.000 0.143 0.410 0.785 0.999 0.876 0.514 0.201 0.000 0.000 
0.000 0.000 0.000 0.000 0.000 0.000 0.000 0.000 0.000 0.000 0.000 0.000 0.000 0.000 0.000 0.000 0.000 0.000 0.000 0.000 0.000 0.000 0.000 0.000 0.000 0.000 0.000 0.000 0.000 0.000 0.000 0.000 0.000 0.000 0.000 0.000 0.000 0.000 0.000 0.000 0.000 0.000 0.000 0.000 0.000 0.236 0.569 0.915 0.989 0.733 
# 0 2 27 50
0.972 0.946 0.623 0.273 0.000 0.000 0.000 0.000 0.000 0.000 0.000 0.000 0.000 0.000 0.000 0.000 0.000 0.000 0.000 0.000 0.000 0.000 0.000 0.000 0.000 0.000 0.000 0.000 0.000 0.000 0.000 0.000 0.000 0.000 0.000 0.000 0.000 0.000 0.000 0.000 0.000 0.000 0.000 0.000 0.000 0.000 0.000 0.000 0.000 0.000 
0.364 0.736 0.990 0.912 0.566 0.233 0.000 0.000 0.000 0.000 0.000 0.000 0.000 0.000 0.000 0.000 0.000 0.000 0.000 0.000 0.000 0.000 0.000 0.000 0.000 0.000 0.000 0.000 0.000 0.000 0.000 0.000 0.000 0.000 0.000 0.000 0.000 0.000 0.000 0.000 0.000 0.000 0.000 0.000 0.000 0.000 0.000 0.000 0.000 0.000 
0.000 0.145 0.414 0.789 0.999 0.872 0.509 0.198 0.000 0.000 0.000 0.000 0.000 0.000 0.000 0.000 0.000 0.000 0.000 0.000 0.000 0.000 0.000 0.000 0.000 0.000 0.000 0.000 0.000 0.000 0.000 0.000 0.000 0.000 0.000 0.000 0.000 0.000 0.000 0.000 0.000 0.000 0.000 0.000 0.000 0.000 0.000 0.000 0.000 0.000 
0.000 0.000 0.000 0.174 0.468 0.838 1.000 0.826 0.454 0.166 0.000 0.000 0.000 0.000 0.000 0.000 0.000 0.000 0.000 0.000 0.000 0.000 0.000 0.000 0.000 0.000 0.000 0.000 0.000 0.000 0.000 0.000 0.000 0.000 0.000 0.000 0.000 0.000 0.000 0.000 0.000 0.000 0.000 0.000 0.000 0.000 0.000 0.000 0.000 0.000 
0.000 0.000 0.000 0.000 0.000 0.206 0.523 0.883 0.997 0.776 0.401 0.138 0.000 0.000 0.000 0.000 0.000 0.000 0.000 0.000 0.000 0.000 0.000 0.000 0.000 0.000 0.000 0.000 0.000 0.000 0.000 0.000 0.000 0.000 0.000 0.000 0.000 0.000 0.000 0.000 0.000 0.000 0.000 0.000 0.000 0.000 0.000 0.000 0.000 0.000 
0.000 0.000 0.000 0.000 0.000 0.000 0.000 0.243 0.580 0.921 0.986 0.722 0.352 0.114 0.000 0.000 0.000 0.000 0.000 0.000 0.000 0.000 0.000 0.000 0.000 0.000 0.000 0.000 0.000 0.000 0.000 0.000 0.000 0.000 0.000 0.000 0.000 0.000 0.000 0.000 0.000 0.000 0.000 0.000 0.000 0.000 0.000 0.000 0.000 0.000 
0.000 0.000 0.000 0.000 0.000 0.000 0.000 0.000 0.000 0.284 0.637 0.953 0.966 0.666 0.305 0.000 0.000 0.000 0.000 0.000 0.000 0.000 0.000 0.000 0.000 0.000 0.000 0.000 0.000 0.000 0.000 0.000 0.000 0.000 0.000 0.000 0.000 0.000 0.000 0.000 0.000 0.000 0.000 0.000 0.000 0.000 0.000 0.000 0.000 0.000 
0.000 0.000 0.000 0.000 0.000 0.000 0.000 0.000 0.000 0.000 0.103 0.328 0.694 0.977 0.938 0.609 0.263 0.000 0.000 0.000 0.000 0.000 0.000 0.000 0.000 0.000 0.000 0.000 0.000 0.000 0.000 0.000 0.000 0.000 0.000 0.000 0.000 0.000 0.000 0.000 0.000 0.000 0.000 0.000 0.000 0.000 0.000 0.000 0.000 0.000 
0.000 0.000 0.000 0.000 0.000 0.000 0.000 0.000 0.000 0.000 0.000 0.000 0.126 0.376 0.749 0.993 0.903 0.552 0.224 0.000 0.000 0.000 0.000 0.000 0.000 0.000 0.000 0.000 0.000 0.000 0.000 0.000 0.000 0.000 0.000 0.000 0.000 0.000 0.000 0.000 0.000 0.000 0.000 0.000 0.000 0.000 0.000 0.000 0.000 0.000 
0.000 0.000 0.000 0.000 0.000 0.000 0.000 0.000 0.000 0.000 0.000 0.000 0.000 0.000 0.152 0.428 0.802 1.000 0.861 0.495 0.190 0.000 0.000 0.000 0.000 0.000 0.000 0.000 0.000 0.000 0.000 0.000 0.000 0.000 0.000 0.000 0.000 0.000 0.000 0.000 0.000 0.000 0.000 0.000 0.000 0.000 0.000 0.000 0.000 0.000 
0.000 0.000 0.000 0.000 0.000 0.000 0.000 0.000 0.000 0.000 0.000 0.000 0.000 0.000 0.000 0.000 0.181 0.481 0.850 1.000 0.814 0.441 0.159 0.000 0.000 0.000 0.000 0.000 0.000 0.000 0.000 0.000 0.000 0.000 0.000 0.000 0.000 0.000 0.000 0.000 0.000 0.000 0.000 0.000 0.000 0.000 0.000 0.000 0.000 0.000 
0.000 0.000 0.000 0.000 0.000 0.000 0.000 0.000 0.000 0.000 0.000 0.000 0.000 0.000 0.000 0.000 0.000 0.000 0.215 0.537 0.893 0.995 0.763 0.389 0.132 0.000 0.000 0.000 0.000 0.000 0.000 0.000 0.000 0.000 0.000 0.000 0.000 0.000 0.000 0.000 0.000 0.000 0.000 0.000 0.000 0.000 0.000 0.000 0.000 0.000 
0.000 0.000 0.000 0.000 0.000 0.000 0.000 0.000 0.000 0.000 0.000 0.000 0.000 0.000 0.000 0.000 0.000 0.000 0.000 0.000 0.253 0.594 0.930 0.982 0.708 0.340 0.108 0.000 0.000 0.000 0.000 0.000 0.000 0.000 0.000 0.000 0.000 0.000 0.000 0.000 0.000 0.000 0.000 0.000 0.000 0.000 0.000 0.000 0.000 0.000 
0.000 0.000 0.000 0.000 0.000 0.000 0.000 0.000 0.000 0.000 0.000 0.000 0.000 0.000 0.000 0.000 0.000 0.000 0.000 0.000 0.000 0.000 0.294 0.652 0.960 0.960 0.652 0.294 0.000 0.000 0.000 0.000 0.000 0.000 0.000 0.000 0.000 0.000 0.000 0.000 0.000 0.000 0.000 0.000 0.000 0.000 0.000 0.000 0.000 0.000 
0.000 0.000 0.000 0.000 0.000 0.000 0.000 0.000 0.000 0.000 0.000 0.000 0.000 0.000 0.000 0.000 0.000 0.000 0.000 0.000 0.000 0.000 0.000 0.108 0.340 0.708 0.982 0.930 0.594 0.253 0.000 0.000 0.000 0.000 0.000 0.000 0.000 0.000 0.000 0.000 0.000 0.000 0.000 0.000 0.000 0.000 0.000 0.000 0.000 0.000 
0.000 0.000 0.000 0.000 0.000 0.000 0.000 0.000 0.000 0.000 0.000 0.000 0.000 0.000 0.000 0.000 0.000 0.000 0.000 0.000 0.000 0.000 0.000 0.000 0.000 0.132 0.389 0.763 0.995 0.893 0.537 0.215 0.000 0.000 0.000 0.000 0.000 0.000 0.000 0.000 0.000 0.000 0.000 0.000 0.000 0.000 0.000 0.000 0.000 0.000 
0.000 0.000 0.000 0.000 0.000 0.000 0.000 0.000 0.000 0.000 0.000 0.000 0.000 0.000 0.000 0.000 0.000 0.000 0.000 0.000 0.000 0.000 0.000 0.000 0.000 0.000 0.000 0.159 0.441 0.814 1.000 0.850 0.481 0.181 0.000 0.000 0.000 0.000 0.000 0.000 0.000 0.000 0.000 0.000 0.000 0.000 0.000 0.000 0.000 0.000 
0.000 0.000 0.000 0.000 0.000 0.000 0.000 0.000 0.000 0.000 0.000 0.000 0.000 0.000 0.000 0.000 0.000 0.000 0.000 0.000 0.000 0.000 0.000 0.000 0.000 0.000 0.000 0.000 0.000 0.190 0.495 0.861 1.000 0.802 0.428 0.152 0.000 0.000 0.000 0.000 0.000 0.000 0.000 0.000 0.000 0.000 0.000 0.000 0.000 0.000 
0.000 0.000 0.000 0.000 0.000 0.000 0.000 0.000 0.000 0.000 0.000 0.000 0.000 0.000 0.000 0.000 0.000 0.000 0.000 0.000 0.000 0.000 0.000 0.000 0.000 0.000 0.000 0.000 0.000 0.000 0.000 0.224 0.552 0.903 0.993 0.749 0.376 0.126 0.000 0.000 0.000 0.000 0.000 0.000 0.000 0.000 0.000 0.000 0.000 0.000 
0.000 0.000 0.000 0.000 0.000 0.000 0.000 0.000 0.000 0.000 0.000 0.000 0.000 0.000 0.000 0.000 0.000 0.000 0.000 0.000 0.000 0.000 0.000 0.000 0.000 0.000 0.000 0.000 0.000 0.000 0.000 0.000 0.000 0.263 0.609 0.938 0.977 0.694 0.328 0.103 0.000 0.000 0.000 0.000 0.000 0.000 0.000 0.000 0.000 0.000 
0.000 0.000 0.000 0.000 0.000 0.000 0.000 0.000 0.000 0.000 0.000 0.000 0.000 0.000 0.000 0.000 0.000 0.000 0.000 0.000 0.000 0.000 0.000 0.000 0.000 0.000 0.000 0.000 0.000 0.000 0.000 0.000 0.000 0.000 0.000 0.305 0.666 0.966 0.953 0.637 0.284 0.000 0.000 0.000 0.000 0.000 0.000 0.000 0.000 0.000 
0.000 0.000 0.000 0.000 0.000 0.000 0.000 0.000 0.000 0.000 0.000 0.000 0.000 0.000 0.000 0.000 0.000 0.000 0.000 0.000 0.000 0.000 0.000 0.000 0.000 0.000 0.000 0.000 0.000 0.000 0.000 0.000 0.000 0.000 0.000 0.000 0.114 0.352 0.722 0.986 0.921 0.580 0.243 0.000 0.000 0.000 0.000 0.000 0.000 0.000 
0.000 0.000 0.000 0.000 0.000 0.000 0.000 0.000 0.000 0.000 0.000 0.000 0.000 0.000 0.000 0.000 0.000 0.000 0.000 0.000 0.000 0.000 0.000 0.000 0.000 0.000 0.000 0.000 0.000 0.000 0.000 0.000 0.000 0.000 0.000 0.000 0.000 0.000 0.138 0.401 0.776 0.997 0.883 0.523 0.206 0.000 0.000 0.000 0.000 0.000 
0.000 0.000 0.000 0.000 0.000 0.000 0.000 0.000 0.000 0.000 0.000 0.000 0.000 0.000 0.000 0.000 0.000 0.000 0.000 0.000 0.000 0.000 0.000 0.000 0.000 0.000 0.000 0.000 0.000 0.000 0.000 0.000 0.000 0.000 0.000 0.000 0.000 0.000 0.000 0.000 0.166 0.454 0.826 1.000 0.838 0.468 0.174 0.000 0.000 0.000 
0.000 0.000 0.000 0.000 0.000 0.000 0.000 0.000 0.000 0.000 0.000 0.000 0.000 0.000 0.000 0.000 0.000 0.000 0.000 0.000 0.000 0.000 0.000 0.000 0.000 0.000 0.000 0.000 0.000 0.000 0.000 0.000 0.000 0.000 0.000 0.000 0.000 0.000 0.000 0.000 0.000 0.000 0.198 0.509 0.872 0.999 0.789 0.414 0.145 0.000 
0.000 0.000 0.000 0.000 0.000 0.000 0.000 0.000 0.000 0.000 0.000 0.000 0.000 0.000 0.000 0.000 0.000 0.000 0.000 0.000 0.000 0.000 0.000 0.000 0.000 0.000 0.000 0.000 0.000 0.000 0.000 0.000 0.000 0.000 0.000 0.000 0.000 0.000 0.000 0.000 0.000 0.000 0.000 0.000 0.233 0.566 0.912 0.990 0.736 0.364 
0.000 0.000 0.000 0.000 0.000 0.000 0.000 0.000 0.000 0.000 0.000 0.000 0.000 0.000 0.000 0.000 0.000 0.000 0.000 0.000 0.000 0.000 0.000 0.000 0.000 0.000 0.000 0.000 0.000 0.000 0.000 0.000 0.000 0.000 0.000 0.000 0.000 0.000 0.000 0.000 0.000 0.000 0.000 0.000 0.000 0.000 0.273 0.623 0.946 0.972 
# 0 3 8 50
0.259 0.604 0.936 0.980 0.700 0.333 0.105 0.000 0.000 0.000 0.000 0.000 0.000 0.000 0.000 0.000 0.000 0.000 0.000 0.000 0.000 0.000 0.000 0.000 0.000 0.000 0.000 0.000 0.000 0.000 0.000 0.000 0.000 0.000 0.000 0.000 0.000 0.000 0.000 0.000 0.000 0.000 0.000 0.000 0.000 0.000 0.000 0.000 0.000 0.000 
0.000 0.000 0.000 0.000 0.000 0.000 0.197 0.508 0.872 1.000 0.791 0.417 0.146 0.000 0.000 0.000 0.000 0.000 0.000 0.000 0.000 0.000 0.000 0.000 0.000 0.000 0.000 0.000 0.000 0.000 0.000 0.000 0.000 0.000 0.000 0.000 0.000 0.000 0.000 0.000 0.000 0.000 0.000 0.000 0.000 0.000 0.000 0.000 0.000 0.000 
0.000 0.000 0.000 0.000 0.000 0.000 0.000 0.000 0.000 0.000 0.000 0.000 0.146 0.417 0.791 1.000 0.872 0.508 0.197 0.000 0.000 0.000 0.000 0.000 0.000 0.000 0.000 0.000 0.000 0.000 0.000 0.000 0.000 0.000 0.000 0.000 0.000 0.000 0.000 0.000 0.000 0.000 0.000 0.000 0.000 0.000 0.000 0.000 0.000 0.000 
0.000 0.000 0.000 0.000 0.000 0.000 0.000 0.000 0.000 0.000 0.000 0.000 0.000 0.000 0.000 0.000 0.000 0.000 0.105 0.333 0.700 0.980 0.936 0.604 0.259 0.000 0.000 0.000 0.000 0.000 0.000 0.000 0.000 0.000 0.000 0.000 0.000 0.000 0.000 0.000 0.000 0.000 0.000 0.000 0.000 0.000 0.000 0.000 0.000 0.000 
0.000 0.000 0.000 0.000 0.000 0.000 0.000 0.000 0.000 0.000 0.000 0.000 0.000 0.000 0.000 0.000 0.000 0.000 0.000 0.000 0.000 0.000 0.000 0.000 0.000 0.259 0.604 0.936 0.980 0.700 0.333 0.105 0.000 0.000 0.000 0.000 0.000 0.000 0.000 0.000 0.000 0.000 0.000 0.000 0.000 0.000 0.000 0.000 0.000 0.000 
0.000 0.000 0.000 0.000 0.000 0.000 0.000 0.000 0.000 0.000 0.000 0.000 0.000 0.000 0.000 0.000 0.000 0.000 0.000 0.000 0.000 0.000 0.000 0.000 0.000 0.000 0.000 0.000 0.000 0.000 0.000 0.197 0.508 0.872 1.000 0.791 0.417 0.146 0.000 0.000 0.000 0.000 0.000 0.000 0.000 0.000 0.000 0.000 0.000 0.000 
0.000 0.000 0.000 0.000 0.000 0.000 0.000 0.000 0.000 0.000 0.000 0.000 0.000 0.000 0.000 0.000 0.000 0.000 0.000 0.000 0.000 0.000 0.000 0.000 0.000 0.000 0.000 0.000 0.000 0.000 0.000 0.000 0.000 0.000 0.000 0.000 0.000 0.146 0.417 0.791 1.000 0.872 0.508 0.197 0.000 0.000 0.000 0.000 0.000 0.000 
0.000 0.000 0.000 0.000 0.000 0.000 0.000 0.000 0.000 0.000 0.000 0.000 0.000 0.000 0.000 0.000 0.000 0.000 0.000 0.000 0.000 0.000 0.000 0.000 0.000 0.000 0.000 0.000 0.000 0.000 0.000 0.000 0.000 0.000 0.000 0.000 0.000 0.000 0.000 0.000 0.000 0.000 0.000 0.105 0.333 0.700 0.980 0.936 0.604 0.259 
# 1 0 50 14
-0.356 -0.710 -0.977 -0.926 -0.606 -0.273 0.000 0.000 0.000 0.000 0.000 0.000 0.000 0.000 
-0.275 -0.608 -0.927 -0.976 -0.708 -0.354 -0.122 0.000 0.000 0.000 0.000 0.000 0.000 0.000 
-0.308 -0.505 -0.855 -0.999 -0.804 -0.447 -0.171 0.000 0.000 0.000 0.000 0.000 0.000 0.000 
-0.395 -0.408 -0.766 -0.993 -0.887 -0.547 -0.232 0.000 0.000 0.000 0.000 0.000 0.000 0.000 
-0.491 -0.320 -0.667 -0.959 -0.950 -0.650 -0.306 0.000 0.000 0.000 0.000 0.000 0.000 0.000 
-0.593 -0.264 -0.564 -0.899 -0.989 -0.750 -0.393 -0.142 0.000 0.000 0.000 0.000 0.000 0.000 
-0.696 -0.344 -0.463 -0.819 -1.000 -0.842 -0.489 -0.196 0.000 0.000 0.000 0.000 0.000 0.000 
-0.793 -0.435 -0.369 -0.725 -0.982 -0.917 -0.591 -0.262 0.000 0.000 0.000 0.000 0.000 0.000 
-0.878 -0.534 -0.286 -0.623 -0.936 -0.970 -0.694 -0.342 -0.116 0.000 0.000 0.000 0.000 0.000 
-0.944 -0.637 -0.297 -0.520 -0.867 -0.997 -0.791 -0.433 -0.163 0.000 0.000 0.000 0.000 0.000 
-0.986 -0.739 -0.382 -0.421 -0.780 -0.995 -0.876 -0.532 -0.223 0.000 0.000 0.000 0.000 0.000 
-1.000 -0.831 -0.477 -0.332 -0.681 -0.965 -0.943 -0.635 -0.295 0.000 0.000 0.000 0.000 0.000 
-0.985 -0.909 -0.578 -0.254 -0.578 -0.909 -0.985 -0.736 -0.380 -0.135 0.000 0.000 0.000 0.000 
-0.943 -0.965 -0.681 -0.332 -0.477 -0.831 -1.000 -0.829 -0.474 -0.187 0.000 0.000 0.000 0.000 
-0.876 -0.995 -0.780 -0.421 -0.382 -0.739 -0.986 -0.907 -0.576 -0.252 0.000 0.000 0.000 0.000 
-0.791 -0.997 -0.867 -0.520 -0.297 -0.637 -0.944 -0.964 -0.679 -0.330 -0.111 0.000 0.000 0.000 
-0.694 -0.970 -0.936 -0.623 -0.286 -0.534 -0.878 -0.995 -0.778 -0.419 -0.156 0.000 0.000 0.000 
-0.591 -0.917 -0.982 -0.725 -0.369 -0.435 -0.793 -0.997 -0.865 -0.517 -0.213 0.000 0.000 0.000 
-0.489 -0.842 -1.000 -0.819 -0.463 -0.344 -0.696 -0.971 -0.935 -0.620 -0.284 0.000 0.000 0.000 
-0.393 -0.750 -0.989 -0.899 -0.564 -0.264 -0.593 -0.918 -0.981 -0.722 -0.367 -0.129 0.000 0.000 
-0.306 -0.650 -0.950 -0.959 -0.667 -0.320 -0.491 -0.844 -1.000 -0.817 -0.460 -0.179 0.000 0.000 
-0.232 -0.547 -0.887 -0.993 -0.766 -0.408 -0.395 -0.753 -0.990 -0.897 -0.561 -0.242 0.000 0.000 
-0.171 -0.447 -0.804 -0.999 -0.855 -0.505 -0.308 -0.652 -0.952 -0.958 -0.664 -0.318 -0.105 0.000 
-0.122 -0.354 -0.708 -0.976 -0.927 -0.608 -0.275 -0.549 -0.889 -0.992 -0.764 -0.406 -0.149 0.000 
0.000 -0.273 -0.606 -0.926 -0.977 -0.710 -0.356 -0.449 -0.806 -0.999 -0.854 -0.503 -0.204 0.000 
0.000 -0.204 -0.503 -0.854 -0.999 -0.806 -0.449 -0.356 -0.710 -0.977 -0.926 -0.606 -0.273 0.000 
0.000 -0.149 -0.406 -0.764 -0.992 -0.889 -0.549 -0.275 -0.608 -0.927 -0.976 -0.708 -0.354 -0.122 
0.000 -0.105 -0.318 -0.664 -0.958 -0.952 -0.652 -0.308 -0.505 -0.855 -0.999 -0.804 -0.447 -0.171 
0.000 0.000 -0.242 -0.561 -0.897 -0.990 -0.753 -0.395 -0.408 -0.766 -0.993 -0.887 -0.547 -0.232 
0.000 0.000 -0.179 -0.460 -0.817 -1.000 -0.844 -0.491 -0.320 -0.667 -0.959 -0.950 -0.650 -0.306 
0.000 0.000 -0.129 -0.367 -0.722 -0.981 -0.918 -0.593 -0.264 -0.564 -0.899 -0.989 -0.750 -0.393 
0.000 0.000 0.000 -0.284 -0.620 -0.935 -0.971 -0.696 -0.344 -0.463 -0.819 -1.000 -0.842 -0.489 
0.000 0.000 0.000 -0.213 -0.517 -0.865 -0.997 -0.793 -0.435 -0.369 -0.725 -0.982 -0.917 -0.591 
0.000 0.000 0.000 -0.156 -0.419 -0.778 -0.995 -0.878 -0.534 -0.286 -0.623 -0.936 -0.970 -0.694 
0.000 0.000 0.000 -0.111 -0.330 -0.679 -0.964 -0.944 -0.637 -0.297 -0.520 -0.867 -0.997 -0.791 
0.000 0.000 0.000 0.000 -0.252 -0.576 -0.907 -0.986 -0.739 -0.382 -0.421 -0.780 -0.995 -0.876 
0.000 0.000 0.000 0.000 -0.187 -0.474 -0.829 -1.000 -0.831 -0.477 -0.332 -0.681 -0.965 -0.943 
0.000 0.000 0.000 0.000 -0.135 -0.380 -0.736 -0.985 -0.909 -0.578 -0.254 -0.578 -0.909 -0.985 
0.000 0.000 0.000 0.000 0.000 -0.295 -0.635 -0.943 -0.965 -0.681 -0.332 -0.477 -0.831 -1.000 
0.000 0.000 0.000 0.000 0.000 -0.223 -0.532 -0.876 -0.995 -0.780 -0.421 -0.382 -0.739 -0.986 
0.000 0.000 0.000 0.000 0.000 -0.163 -0.433 -0.791 -0.997 -0.867 -0.520 -0.297 -0.637 -0.944 
0.000 0.000 0.000 0.000 0.000 -0.116 -0.342 -0.694 -0.970 -0.936 -0.623 -0.286 -0.534 -0.878 
0.000 0.000 0.000 0.000 0.000 0.000 -0.262 -0.591 -0.917 -0.982 -0.725 -0.369 -0.435 -0.793 
0.000 0.000 0.000 0.000 0.000 0.000 -0.196 -0.489 -0.842 -1.000 -0.819 -0.463 -0.344 -0.696 
0.000 0.000 0.000 0.000 0.000 0.000 -0.142 -0.393 -0.750 -0.989 -0.899 -0.564 -0.264 -0.593 
0.000 0.000 0.000 0.000 0.000 0.000 0.000 -0.306 -0.650 -0.950 -0.959 -0.667 -0.320 -0.491 
0.000 0.000 0.000 0.000 0.000 0.000 0.000 -0.232 -0.547 -0.887 -0.993 -0.766 -0.408 -0.395 
0.000 0.000 0.000 0.000 0.000 0.000 0.000 -0.171 -0.447 -0.804 -0.999 -0.855 -0.505 -0.308 
0.000 0.000 0.000 0.000 0.000 0.000 0.000 -0.122 -0.354 -0.708 -0.976 -0.927 -0.608 -0.275 
0.000 0.000 0.000 0.000 0.000 0.000 0.000 0.000 -0.273 -0.606 -0.926 -0.977 -0.710 -0.356 
# 1 2 27 14
-0.320 -0.667 -0.959 -0.950 -0.650 -0.306 0.000 0.000 0.000 0.000 0.000 0.000 0.000 0.000 
-0.331 -0.478 -0.832 -1.000 -0.829 -0.474 -0.187 0.000 0.000 0.000 0.000 0.000 0.000 0.000 
-0.504 -0.309 -0.654 -0.952 -0.957 -0.663 -0.317 -0.104 0.000 0.000 0.000 0.000 0.000 0.000 
-0.694 -0.342 -0.465 -0.821 -1.000 -0.840 -0.487 -0.195 0.000 0.000 0.000 0.000 0.000 0.000 
-0.865 -0.517 -0.299 -0.640 -0.945 -0.963 -0.677 -0.328 -0.110 0.000 0.000 0.000 0.000 0.000 
-0.976 -0.707 -0.354 -0.452 -0.809 -0.999 -0.851 -0.500 -0.203 0.000 0.000 0.000 0.000 0.000 
-0.996 -0.875 -0.531 -0.288 -0.626 -0.938 -0.969 -0.690 -0.339 -0.115 0.000 0.000 0.000 0.000 
-0.920 -0.980 -0.721 -0.365 -0.439 -0.797 -0.998 -0.862 -0.513 -0.211 0.000 0.000 0.000 0.000 
-0.768 -0.993 -0.885 -0.544 -0.278 -0.613 -0.930 -0.974 -0.704 -0.350 -0.120 0.000 0.000 0.000 
-0.581 -0.911 -0.984 -0.734 -0.377 -0.426 -0.785 -0.996 -0.872 -0.527 -0.219 0.000 0.000 0.000 
-0.398 -0.756 -0.990 -0.895 -0.558 -0.268 -0.599 -0.922 -0.979 -0.717 -0.362 -0.126 0.000 0.000 
-0.246 -0.568 -0.902 -0.988 -0.747 -0.389 -0.414 -0.772 -0.994 -0.882 -0.540 -0.228 0.000 0.000 
-0.138 -0.386 -0.743 -0.987 -0.904 -0.572 -0.259 -0.585 -0.913 -0.983 -0.730 -0.374 -0.132 0.000 
0.000 -0.237 -0.554 -0.892 -0.991 -0.760 -0.401 -0.401 -0.760 -0.991 -0.892 -0.554 -0.237 0.000 
0.000 -0.132 -0.374 -0.730 -0.983 -0.913 -0.585 -0.259 -0.572 -0.904 -0.987 -0.743 -0.386 -0.138 
0.000 0.000 -0.228 -0.540 -0.882 -0.994 -0.772 -0.414 -0.389 -0.747 -0.988 -0.902 -0.568 -0.246 
0.000 0.000 -0.126 -0.362 -0.717 -0.979 -0.922 -0.599 -0.268 -0.558 -0.895 -0.990 -0.756 -0.398 
0.000 0.000 0.000 -0.219 -0.527 -0.872 -0.996 -0.785 -0.426 -0.377 -0.734 -0.984 -0.911 -0.581 
0.000 0.000 0.000 -0.120 -0.350 -0.704 -0.974 -0.930 -0.613 -0.278 -0.544 -0.885 -0.993 -0.768 
0.000 0.000 0.000 0.000 -0.211 -0.513 -0.862 -0.998 -0.797 -0.439 -0.365 -0.721 -0.980 -0.920 
0.000 0.000 0.000 0.000 -0.115 -0.339 -0.690 -0.969 -0.938 -0.626 -0.288 -0.531 -0.875 -0.996 
0.000 0.000 0.000 0.000 0.000 -0.203 -0.500 -0.851 -0.999 -0.809 -0.452 -0.354 -0.707 -0.976 
0.000 0.000 0.000 0.000 0.000 -0.110 -0.328 -0.677 -0.963 -0.945 -0.640 -0.299 -0.517 -0.865 
0.000 0.000 0.000 0.000 0.000 0.000 -0.195 -0.487 -0.840 -1.000 -0.821 -0.465 -0.342 -0.694 
0.000 0.000 0.000 0.000 0.000 0.000 -0.104 -0.317 -0.663 -0.957 -0.952 -0.654 -0.309 -0.504 
0.000 0.000 0.000 0.000 0.000 0.000 0.000 -0.187 -0.474 -0.829 -1.000 -0.832 -0.478 -0.331 
0.000 0.000 0.000 0.000 0.000 0.000 0.000 0.000 -0.306 -0.650 -0.950 -0.959 -0.667 -0.320 
# 2 0 50 27
-0.546 -0.779 -0.952 -0.997 -0.894 -0.687 -0.453 -0.255 -0.123 0.000 0.000 0.000 0.000 0.000 0.000 0.000 0.000 0.000 0.000 0.000 0.000 0.000 0.000 0.000 0.000 0.000 0.000 
-0.565 -0.655 -0.871 -0.991 -0.967 -0.808 -0.578 -0.355 -0.186 0.000 0.000 0.000 0.000 0.000 0.000 0.000 0.000 0.000 0.000 0.000 0.000 0.000 0.000 0.000 0.000 0.000 0.000 
-0.693 -0.527 -0.761 -0.942 -0.999 -0.907 -0.706 -0.471 -0.269 -0.132 0.000 0.000 0.000 0.000 0.000 0.000 0.000 0.000 0.000 0.000 0.000 0.000 0.000 0.000 0.000 0.000 0.000 
-0.813 -0.584 -0.636 -0.856 -0.987 -0.974 -0.824 -0.597 -0.371 -0.197 0.000 0.000 0.000 0.000 0.000 0.000 0.000 0.000 0.000 0.000 0.000 0.000 0.000 0.000 0.000 0.000 0.000 
-0.911 -0.711 -0.508 -0.743 -0.931 -1.000 -0.920 -0.724 -0.489 -0.283 -0.140 0.000 0.000 0.000 0.000 0.000 0.000 0.000 0.000 0.000 0.000 0.000 0.000 0.000 0.000 0.000 0.000 
-0.976 -0.829 -0.603 -0.617 -0.841 -0.981 -0.981 -0.840 -0.616 -0.387 -0.209 0.000 0.000 0.000 0.000 0.000 0.000 0.000 0.000 0.000 0.000 0.000 0.000 0.000 0.000 0.000 0.000 
-1.000 -0.923 -0.730 -0.494 -0.725 -0.920 -1.000 -0.931 -0.743 -0.507 -0.297 -0.149 0.000 0.000 0.000 0.000 0.000 0.000 0.000 0.000 0.000 0.000 0.000 0.000 0.000 0.000 0.000 
-0.979 -0.982 -0.845 -0.622 -0.598 -0.825 -0.974 -0.986 -0.855 -0.635 -0.404 -0.220 -0.103 0.000 0.000 0.000 0.000 0.000 0.000 0.000 0.000 0.000 0.000 0.000 0.000 0.000 0.000 
-0.917 -1.000 -0.934 -0.748 -0.513 -0.707 -0.908 -0.999 -0.942 -0.760 -0.526 -0.312 -0.158 0.000 0.000 0.000 0.000 0.000 0.000 0.000 0.000 0.000 0.000 0.000 0.000 0.000 0.000 
-0.820 -0.972 -0.988 -0.860 -0.641 -0.579 -0.808 -0.967 -0.991 -0.870 -0.654 -0.422 -0.233 -0.110 0.000 0.000 0.000 0.000 0.000 0.000 0.000 0.000 0.000 0.000 0.000 0.000 0.000 
-0.701 -0.904 -0.998 -0.945 -0.766 -0.532 -0.688 -0.895 -0.997 -0.952 -0.778 -0.545 -0.327 -0.168 0.000 0.000 0.000 0.000 0.000 0.000 0.000 0.000 0.000 0.000 0.000 0.000 0.000 
-0.573 -0.804 -0.965 -0.992 -0.874 -0.660 -0.560 -0.792 -0.959 -0.995 -0.884 -0.673 -0.439 -0.245 -0.118 0.000 0.000 0.000 0.000 0.000 0.000 0.000 0.000 0.000 0.000 0.000 0.000 
-0.448 -0.683 -0.891 -0.996 -0.954 -0.783 -0.551 -0.669 -0.881 -0.994 -0.961 -0.795 -0.564 -0.343 -0.178 0.000 0.000 0.000 0.000 0.000 0.000 0.000 0.000 0.000 0.000 0.000 0.000 
-0.335 -0.554 -0.787 -0.956 -0.996 -0.888 -0.679 -0.541 -0.774 -0.950 -0.997 -0.898 -0.692 -0.457 -0.259 -0.125 0.000 0.000 0.000 0.000 0.000 0.000 0.000 0.000 0.000 0.000 0.000 
-0.239 -0.430 -0.664 -0.877 -0.993 -0.963 -0.800 -0.569 -0.650 -0.867 -0.990 -0.969 -0.812 -0.583 -0.359 -0.189 0.000 0.000 0.000 0.000 0.000 0.000 0.000 0.000 0.000 0.000 0.000 
-0.163 -0.319 -0.536 -0.769 -0.947 -0.998 -0.901 -0.698 -0.522 -0.757 -0.940 -0.999 -0.910 -0.711 -0.475 -0.272 -0.134 0.000 0.000 0.000 0.000 0.000 0.000 0.000 0.000 0.000 0.000 
-0.106 -0.227 -0.413 -0.645 -0.863 -0.989 -0.971 -0.817 -0.589 -0.631 -0.852 -0.985 -0.976 -0.828 -0.602 -0.375 -0.200 0.000 0.000 0.000 0.000 0.000 0.000 0.000 0.000 0.000 0.000 
0.000 -0.154 -0.304 -0.517 -0.752 -0.936 -1.000 -0.914 -0.716 -0.504 -0.739 -0.929 -1.000 -0.922 -0.729 -0.494 -0.286 -0.142 0.000 0.000 0.000 0.000 0.000 0.000 0.000 0.000 0.000 
0.000 0.000 -0.215 -0.396 -0.626 -0.848 -0.984 -0.978 -0.833 -0.608 -0.612 -0.837 -0.979 -0.982 -0.844 -0.621 -0.392 -0.212 0.000 0.000 0.000 0.000 0.000 0.000 0.000 0.000 0.000 
0.000 0.000 -0.144 -0.290 -0.498 -0.734 -0.925 -1.000 -0.926 -0.734 -0.499 -0.721 -0.917 -1.000 -0.934 -0.747 -0.512 -0.301 -0.151 0.000 0.000 0.000 0.000 0.000 0.000 0.000 0.000 
0.000 0.000 0.000 -0.203 -0.379 -0.607 -0.832 -0.978 -0.984 -0.848 -0.627 -0.593 -0.821 -0.973 -0.988 -0.859 -0.640 -0.409 -0.224 -0.105 0.000 0.000 0.000 0.000 0.000 0.000 0.000 
0.000 0.000 0.000 -0.136 -0.276 -0.480 -0.715 -0.913 -0.999 -0.937 -0.752 -0.518 -0.702 -0.905 -0.999 -0.944 -0.765 -0.531 -0.316 -0.161 0.000 0.000 0.000 0.000 0.000 0.000 0.000 
0.000 0.000 0.000 0.000 -0.192 -0.363 -0.588 -0.816 -0.971 -0.989 -0.863 -0.646 -0.574 -0.804 -0.965 -0.992 -0.874 -0.659 -0.426 -0.236 -0.112 0.000 0.000 0.000 0.000 0.000 0.000 
0.000 0.000 0.000 0.000 -0.127 -0.262 -0.462 -0.697 -0.901 -0.998 -0.947 -0.770 -0.536 -0.683 -0.892 -0.996 -0.954 -0.782 -0.550 -0.331 -0.171 0.000 0.000 0.000 0.000 0.000 0.000 
0.000 0.000 0.000 0.000 0.000 -0.181 -0.347 -0.569 -0.799 -0.963 -0.993 -0.878 -0.665 -0.555 -0.787 -0.957 -0.995 -0.888 -0.678 -0.444 -0.249 -0.119 0.000 0.000 0.000 0.000 0.000 
0.000 0.000 0.000 0.000 0.000 -0.119 -0.249 -0.444 -0.678 -0.888 -0.995 -0.957 -0.787 -0.555 -0.665 -0.878 -0.993 -0.963 -0.799 -0.569 -0.347 -0.181 0.000 0.000 0.000 0.000 0.000 
0.000 0.000 0.000 0.000 0.000 0.000 -0.171 -0.331 -0.550 -0.782 -0.954 -0.996 -0.892 -0.683 -0.536 -0.770 -0.947 -0.998 -0.901 -0.697 -0.462 -0.262 -0.127 0.000 0.000 0.000 0.000 
0.000 0.000 0.000 0.000 0.000 0.000 -0.112 -0.236 -0.426 -0.659 -0.874 -0.992 -0.965 -0.804 -0.574 -0.646 -0.863 -0.989 -0.971 -0.816 -0.588 -0.363 -0.192 0.000 0.000 0.000 0.000 
0.000 0.000 0.000 0.000 0.000 0.000 0.000 -0.161 -0.316 -0.531 -0.765 -0.944 -0.999 -0.905 -0.702 -0.518 -0.752 -0.937 -0.999 -0.913 -0.715 -0.480 -0.276 -0.136 0.000 0.000 0.000 
0.000 0.000 0.000 0.000 0.000 0.000 0.000 -0.105 -0.224 -0.409 -0.640 -0.859 -0.988 -0.973 -0.821 -0.593 -0.627 -0.848 -0.984 -0.978 -0.832 -0.607 -0.379 -0.203 0.000 0.000 0.000 
0.000 0.000 0.000 0.000 0.000 0.000 0.000 0.000 -0.151 -0.301 -0.512 -0.747 -0.934 -1.000 -0.917 -0.721 -0.499 -0.734 -0.926 -1.000 -0.925 -0.734 -0.498 -0.290 -0.144 0.000 0.000 
0.000 0.000 0.000 0.000 0.000 0.000 0.000 0.000 0.000 -0.212 -0.392 -0.621 -0.844 -0.982 -0.979 -0.837 -0.612 -0.608 -0.833 -0.978 -0.984 -0.848 -0.626 -0.396 -0.215 0.000 0.000 
0.000 0.000 0.000 0.000 0.000 0.000 0.000 0.000 0.000 -0.142 -0.286 -0.494 -0.729 -0.922 -1.000 -0.929 -0.739 -0.504 -0.716 -0.914 -1.000 -0.936 -0.752 -0.517 -0.304 -0.154 0.000 
0.000 0.000 0.000 0.000 0.000 0.000 0.000 0.000 0.000 0.000 -0.200 -0.375 -0.602 -0.828 -0.976 -0.985 -0.852 -0.631 -0.589 -0.817 -0.971 -0.989 -0.863 -0.645 -0.413 -0.227 -0.106 
0.000 0.000 0.000 0.000 0.000 0.000 0.000 0.000 0.000 0.000 -0.134 -0.272 -0.475 -0.711 -0.910 -0.999 -0.940 -0.757 -0.522 -0.698 -0.901 -0.998 -0.947 -0.769 -0.536 -0.319 -0.163 
0.000 0.000 0.000 0.000 0.000 0.000 0.000 0.000 0.000 0.000 0.000 -0.189 -0.359 -0.583 -0.812 -0.969 -0.990 -0.867 -0.650 -0.569 -0.800 -0.963 -0.993 -0.877 -0.664 -0.430 -0.239 
0.000 0.000 0.000 0.000 0.000 0.000 0.000 0.000 0.000 0.000 0.000 -0.125 -0.259 -0.457 -0.692 -0.898 -0.997 -0.950 -0.774 -0.541 -0.679 -0.888 -0.996 -0.956 -0.787 -0.554 -0.335 
0.000 0.000 0.000 0.000 0.000 0.000 0.000 0.000 0.000 0.000 0.000 0.000 -0.178 -0.343 -0.564 -0.795 -0.961 -0.994 -0.881 -0.669 -0.551 -0.783 -0.954 -0.996 -0.891 -0.683 -0.448 
0.000 0.000 0.000 0.000 0.000 0.000 0.000 0.000 0.000 0.000 0.000 0.000 -0.118 -0.245 -0.439 -0.673 -0.884 -0.995 -0.959 -0.792 -0.560 -0.660 -0.874 -0.992 -0.965 -0.804 -0.573 
0.000 0.000 0.000 0.000 0.000 0.000 0.000 0.000 0.000 0.000 0.000 0.000 0.000 -0.168 -0.327 -0.545 -0.778 -0.952 -0.997 -0.895 -0.688 -0.532 -0.766 -0.945 -0.998 -0.904 -0.701 
0.000 0.000 0.000 0.000 0.000 0.000 0.000 0.000 0.000 0.000 0.000 0.000 0.000 -0.110 -0.233 -0.422 -0.654 -0.870 -0.991 -0.967 -0.808 -0.579 -0.641 -0.860 -0.988 -0.972 -0.820 
0.000 0.000 0.000 0.000 0.000 0.000 0.000 0.000 0.000 0.000 0.000 0.000 0.000 0.000 -0.158 -0.312 -0.526 -0.760 -0.942 -0.999 -0.908 -0.707 -0.513 -0.748 -0.934 -1.000 -0.917 
0.000 0.000 0.000 0.000 0.000 0.000 0.000 0.000 0.000 0.000 0.000 0.000 0.000 0.000 -0.103 -0.220 -0.404 -0.635 -0.855 -0.986 -0.974 -0.825 -0.598 -0.622 -0.845 -0.982 -0.979 
0.000 0.000 0.000 0.000 0.000 0.000 0.000 0.000 0.000 0.000 0.000 0.000 0.000 0.000 0.000 -0.149 -0.297 -0.507 -0.743 -0.931 -1.000 -0.920 -0.725 -0.494 -0.730 -0.923 -1.000 
0.000 0.000 0.000 0.000 0.000 0.000 0.000 0.000 0.000 0.000 0.000 0.000 0.000 0.000 0.000 0.000 -0.209 -0.387 -0.616 -0.840 -0.981 -0.981 -0.841 -0.617 -0.603 -0.829 -0.976 
0.000 0.000 0.000 0.000 0.000 0.000 0.000 0.000 0.000 0.000 0.000 0.000 0.000 0.000 0.000 0.000 -0.140 -0.283 -0.489 -0.724 -0.920 -1.000 -0.931 -0.743 -0.508 -0.711 -0.911 
0.000 0.000 0.000 0.000 0.000 0.000 0.000 0.000 0.000 0.000 0.000 0.000 0.000 0.000 0.000 0.000 0.000 -0.197 -0.371 -0.597 -0.824 -0.974 -0.987 -0.856 -0.636 -0.584 -0.813 
0.000 0.000 0.000 0.000 0.000 0.000 0.000 0.000 0.000 0.000 0.000 0.000 0.000 0.000 0.000 0.000 0.000 -0.132 -0.269 -0.471 -0.706 -0.907 -0.999 -0.942 -0.761 -0.527 -0.693 
0.000 0.000 0.000 0.000 0.000 0.000 0.000 0.000 0.000 0.000 0.000 0.000 0.000 0.000 0.000 0.000 0.000 0.000 -0.186 -0.355 -0.578 -0.808 -0.967 -0.991 -0.871 -0.655 -0.565 
0.000 0.000 0.000 0.000 0.000 0.000 0.000 0.000 0.000 0.000 0.000 0.000 0.000 0.000 0.000 0.000 0.000 0.000 -0.123 -0.255 -0.453 -0.687 -0.894 -0.997 -0.952 -0.779 -0.546 
# 2 1 14 27
-0.601 -0.618 -0.842 -0.981 -0.980 -0.839 -0.615 -0.386 -0.208 0.000 0.000 0.000 0.000 0.000 0.000 0.000 0.000 0.000 0.000 0.000 0.000 0.000 0.000 0.000 0.000 0.000 0.000 
-0.969 -0.813 -0.584 -0.636 -0.855 -0.986 -0.974 -0.825 -0.598 -0.371 -0.198 0.000 0.000 0.000 0.000 0.000 0.000 0.000 0.000 0.000 0.000 0.000 0.000 0.000 0.000 0.000 0.000 
-0.879 -0.993 -0.962 -0.798 -0.567 -0.652 -0.869 -0.991 -0.968 -0.810 -0.581 -0.357 -0.188 0.000 0.000 0.000 0.000 0.000 0.000 0.000 0.000 0.000 0.000 0.000 0.000 0.000 0.000 
-0.448 -0.683 -0.891 -0.996 -0.954 -0.783 -0.551 -0.669 -0.881 -0.994 -0.961 -0.795 -0.564 -0.343 -0.178 0.000 0.000 0.000 0.000 0.000 0.000 0.000 0.000 0.000 0.000 0.000 0.000 
-0.129 -0.264 -0.464 -0.699 -0.903 -0.998 -0.946 -0.768 -0.534 -0.686 -0.893 -0.997 -0.953 -0.780 -0.547 -0.329 -0.169 0.000 0.000 0.000 0.000 0.000 0.000 0.000 0.000 0.000 0.000 
0.000 0.000 -0.136 -0.276 -0.480 -0.716 -0.914 -1.000 -0.936 -0.752 -0.517 -0.703 -0.905 -0.999 -0.944 -0.764 -0.530 -0.315 -0.160 0.000 0.000 0.000 0.000 0.000 0.000 0.000 0.000 
0.000 0.000 0.000 0.000 -0.144 -0.289 -0.497 -0.732 -0.925 -1.000 -0.927 -0.736 -0.500 -0.719 -0.916 -1.000 -0.934 -0.748 -0.513 -0.302 -0.152 0.000 0.000 0.000 0.000 0.000 0.000 
0.000 0.000 0.000 0.000 0.000 0.000 -0.152 -0.302 -0.513 -0.748 -0.934 -1.000 -0.916 -0.719 -0.500 -0.736 -0.927 -1.000 -0.925 -0.732 -0.497 -0.289 -0.144 0.000 0.000 0.000 0.000 
0.000 0.000 0.000 0.000 0.000 0.000 0.000 0.000 -0.160 -0.315 -0.530 -0.764 -0.944 -0.999 -0.905 -0.703 -0.517 -0.752 -0.936 -1.000 -0.914 -0.716 -0.480 -0.276 -0.136 0.000 0.000 
0.000 0.000 0.000 0.000 0.000 0.000 0.000 0.000 0.000 0.000 -0.169 -0.329 -0.547 -0.780 -0.953 -0.997 -0.893 -0.686 -0.534 -0.768 -0.946 -0.998 -0.903 -0.699 -0.464 -0.264 -0.129 
0.000 0.000 0.000 0.000 0.000 0.000 0.000 0.000 0.000 0.000 0.000 0.000 -0.178 -0.343 -0.564 -0.795 -0.961 -0.994 -0.881 -0.669 -0.551 -0.783 -0.954 -0.996 -0.891 -0.683 -0.448 
0.000 0.000 0.000 0.000 0.000 0.000 0.000 0.000 0.000 0.000 0.000 0.000 0.000 0.000 -0.188 -0.357 -0.581 -0.810 -0.968 -0.991 -0.869 -0.652 -0.567 -0.798 -0.962 -0.993 -0.879 
0.000 0.000 0.000 0.000 0.000 0.000 0.000 0.000 0.000 0.000 0.000 0.000 0.000 0.000 0.000 0.000 -0.198 -0.371 -0.598 -0.825 -0.974 -0.986 -0.855 -0.636 -0.584 -0.813 -0.969 
0.000 0.000 0.000 0.000 0.000 0.000 0.000 0.000 0.000 0.000 0.000 0.000 0.000 0.000 0.000 0.000 0.000 0.000 -0.208 -0.386 -0.615 -0.839 -0.980 -0.981 -0.842 -0.618 -0.601 
