3.765360
4
# 0 1 26 50
0.599 0.623 0.901 0.999 0.849 0.553 0.277 0.106 0.000 0.000 0.000 0.000 0.000 0.000 0.000 0.000 0.000 0.000 0.000 0.000 0.000 0.000 0.000 0.000 0.000 0.000 0.000 0.000 0.000 0.000 0.000 0.000 0.000 0.000 0.000 0.000 0.000 0.000 0.000 0.000 0.000 0.000 0.000 0.000 0.000 0.000 0.000 0.000 0.000 0.000 
1.000 0.866 0.575 0.647 0.917 0.995 0.829 0.530 0.259 0.000 0.000 0.000 0.000 0.000 0.000 0.000 0.000 0.000 0.000 0.000 0.000 0.000 0.000 0.000 0.000 0.000 0.000 0.000 0.000 0.000 0.000 0.000 0.000 0.000 0.000 0.000 0.000 0.000 0.000 0.000 0.000 0.000 0.000 0.000 0.000 0.000 0.000 0.000 0.000 0.000 
0.625 0.902 0.998 0.847 0.551 0.671 0.931 0.991 0.809 0.506 0.243 0.000 0.000 0.000 0.000 0.000 0.000 0.000 0.000 0.000 0.000 0.000 0.000 0.000 0.000 0.000 0.000 0.000 0.000 0.000 0.000 0.000 0.000 0.000 0.000 0.000 0.000 0.000 0.000 0.000 0.000 0.000 0.000 0.000 0.000 0.000 0.000 0.000 0.000 0.000 
0.147 0.352 0.649 0.918 0.995 0.827 0.527 0.695 0.944 0.985 0.787 0.483 0.227 0.000 0.000 0.000 0.000 0.000 0.000 0.000 0.000 0.000 0.000 0.000 0.000 0.000 0.000 0.000 0.000 0.000 0.000 0.000 0.000 0.000 0.000 0.000 0.000 0.000 0.000 0.000 0.000 0.000 0.000 0.000 0.000 0.000 0.000 0.000 0.000 0.000 
0.000 0.000 0.158 0.373 0.673 0.932 0.990 0.807 0.504 0.718 0.956 0.977 0.766 0.460 0.212 0.000 0.000 0.000 0.000 0.000 0.000 0.000 0.000 0.000 0.000 0.000 0.000 0.000 0.000 0.000 0.000 0.000 0.000 0.000 0.000 0.000 0.000 0.000 0.000 0.000 0.000 0.000 0.000 0.000 0.000 0.000 0.000 0.000 0.000 0.000 
0.000 0.000 0.000 0.000 0.171 0.394 0.697 0.946 0.984 0.785 0.481 0.741 0.967 0.968 0.743 0.437 0.197 0.000 0.000 0.000 0.000 0.000 0.000 0.000 0.000 0.000 0.000 0.000 0.000 0.000 0.000 0.000 0.000 0.000 0.000 0.000 0.000 0.000 0.000 0.000 0.000 0.000 0.000 0.000 0.000 0.000 0.000 0.000 0.000 0.000 
0.000 0.000 0.000 0.000 0.000 0.000 0.184 0.415 0.720 0.957 0.976 0.763 0.458 0.763 0.976 0.957 0.720 0.415 0.184 0.000 0.000 0.000 0.000 0.000 0.000 0.000 0.000 0.000 0.000 0.000 0.000 0.000 0.000 0.000 0.000 0.000 0.000 0.000 0.000 0.000 0.000 0.000 0.000 0.000 0.000 0.000 0.000 0.000 0.000 0.000 
0.000 0.000 0.000 0.000 0.000 0.000 0.000 0.000 0.197 0.437 0.743 0.968 0.967 0.741 0.481 0.785 0.984 0.946 0.697 0.394 0.171 0.000 0.000 0.000 0.000 0.000 0.000 0.000 0.000 0.000 0.000 0.000 0.000 0.000 0.000 0.000 0.000 0.000 0.000 0.000 0.000 0.000 0.000 0.000 0.000 0.000 0.000 0.000 0.000 0.000 
0.000 0.000 0.000 0.000 0.000 0.000 0.000 0.000 0.000 0.000 0.212 0.460 0.766 0.977 0.956 0.718 0.504 0.807 0.990 0.932 0.673 0.373 0.158 0.000 0.000 0.000 0.000 0.000 0.000 0.000 0.000 0.000 0.000 0.000 0.000 0.000 0.000 0.000 0.000 0.000 0.000 0.000 0.000 0.000 0.000 0.000 0.000 0.000 0.000 0.000 
0.000 0.000 0.000 0.000 0.000 0.000 0.000 0.000 0.000 0.000 0.000 0.000 0.227 0.483 0.787 0.985 0.944 0.695 0.527 0.827 0.995 0.918 0.649 0.352 0.147 0.000 0.000 0.000 0.000 0.000 0.000 0.000 0.000 0.000 0.000 0.000 0.000 0.000 0.000 0.000 0.000 0.000 0.000 0.000 0.000 0.000 0.000 0.000 0.000 0.000 
0.000 0.000 0.000 0.000 0.000 0.000 0.000 0.000 0.000 0.000 0.000 0.000 0.000 0.000 0.243 0.506 0.809 0.991 0.931 0.671 0.551 0.847 0.998 0.902 0.625 0.332 0.136 0.000 0.000 0.000 0.000 0.000 0.000 0.000 0.000 0.000 0.000 0.000 0.000 0.000 0.000 0.000 0.000 0.000 0.000 0.000 0.000 0.000 0.000 0.000 
0.000 0.000 0.000 0.000 0.000 0.000 0.000 0.000 0.000 0.000 0.000 0.000 0.000 0.000 0.000 0.000 0.259 0.530 0.829 0.995 0.917 0.647 0.575 0.866 1.000 0.885 0.601 0.313 0.125 0.000 0.000 0.000 0.000 0.000 0.000 0.000 0.000 0.000 0.000 0.000 0.000 0.000 0.000 0.000 0.000 0.000 0.000 0.000 0.000 0.000 
0.000 0.000 0.000 0.000 0.000 0.000 0.000 0.000 0.000 0.000 0.000 0.000 0.000 0.000 0.000 0.000 0.000 0.106 0.277 0.553 0.849 0.999 0.901 0.623 0.599 0.884 1.000 0.868 0.577 0.295 0.115 0.000 0.000 0.000 0.000 0.000 0.000 0.000 0.000 0.000 0.000 0.000 0.000 0.000 0.000 0.000 0.000 0.000 0.000 0.000 
0.000 0.000 0.000 0.000 0.000 0.000 0.000 0.000 0.000 0.000 0.000 0.000 0.000 0.000 0.000 0.000 0.000 0.000 0.000 0.115 0.295 0.577 0.868 1.000 0.884 0.599 0.623 0.901 0.999 0.849 0.553 0.277 0.106 0.000 0.000 0.000 0.000 0.000 0.000 0.000 0.000 0.000 0.000 0.000 0.000 0.000 0.000 0.000 0.000 0.000 
0.000 0.000 0.000 0.000 0.000 0.000 0.000 0.000 0.000 0.000 0.000 0.000 0.000 0.000 0.000 0.000 0.000 0.000 0.000 0.000 0.000 0.125 0.313 0.601 0.885 1.000 0.866 0.575 0.647 0.917 0.995 0.829 0.530 0.259 0.000 0.000 0.000 0.000 0.000 0.000 0.000 0.000 0.000 0.000 0.000 0.000 0.000 0.000 0.000 0.000 
0.000 0.000 0.000 0.000 0.000 0.000 0.000 0.000 0.000 0.000 0.000 0.000 0.000 0.000 0.000 0.000 0.000 0.000 0.000 0.000 0.000 0.000 0.000 0.136 0.332 0.625 0.902 0.998 0.847 0.551 0.671 0.931 0.991 0.809 0.506 0.243 0.000 0.000 0.000 0.000 0.000 0.000 0.000 0.000 0.000 0.000 0.000 0.000 0.000 0.000 
0.000 0.000 0.000 0.000 0.000 0.000 0.000 0.000 0.000 0.000 0.000 0.000 0.000 0.000 0.000 0.000 0.000 0.000 0.000 0.000 0.000 0.000 0.000 0.000 0.000 0.147 0.352 0.649 0.918 0.995 0.827 0.527 0.695 0.944 0.985 0.787 0.483 0.227 0.000 0.000 0.000 0.000 0.000 0.000 0.000 0.000 0.000 0.000 0.000 0.000 
0.000 0.000 0.000 0.000 0.000 0.000 0.000 0.000 0.000 0.000 0.000 0.000 0.000 0.000 0.000 0.000 0.000 0.000 0.000 0.000 0.000 0.000 0.000 0.000 0.000 0.000 0.000 0.158 0.373 0.673 0.932 0.990 0.807 0.504 0.718 0.956 0.977 0.766 0.460 0.212 0.000 0.000 0.000 0.000 0.000 0.000 0.000 0.000 0.000 0.000 
0.000 0.000 0.000 0.000 0.000 0.000 0.000 0.000 0.000 0.000 0.000 0.000 0.000 0.000 0.000 0.000 0.000 0.000 0.000 0.000 0.000 0.000 0.000 0.000 0.000 0.000 0.000 0.000 0.000 0.171 0.394 0.697 0.946 0.984 0.785 0.481 0.741 0.967 0.968 0.743 0.437 0.197 0.000 0.000 0.000 0.000 0.000 0.000 0.000 0.000 
0.000 0.000 0.000 0.000 0.000 0.000 0.000 0.000 0.000 0.000 0.000 0.000 0.000 0.000 0.000 0.000 0.000 0.000 0.000 0.000 0.000 0.000 0.000 0.000 0.000 0.000 0.000 0.000 0.000 0.000 0.000 0.184 0.415 0.720 0.957 0.976 0.763 0.458 0.763 0.976 0.957 0.720 0.415 0.184 0.000 0.000 0.000 0.000 0.000 0.000 
0.000 0.000 0.000 0.000 0.000 0.000 0.000 0.000 0.000 0.000 0.000 0.000 0.000 0.000 0.000 0.000 0.000 0.000 0.000 0.000 0.000 0.000 0.000 0.000 0.000 0.000 0.000 0.000 0.000 0.000 0.000 0.000 0.000 0.197 0.437 0.743 0.968 0.967 0.741 0.481 0.785 0.984 0.946 0.697 0.394 0.171 0.000 0.000 0.000 0.000 
0.000 0.000 0.000 0.000 0.000 0.000 0.000 0.000 0.000 0.000 0.000 0.000 0.000 0.000 0.000 0.000 0.000 0.000 0.000 0.000 0.000 0.000 0.000 0.000 0.000 0.000 0.000 0.000 0.000 0.000 0.000 0.000 0.000 0.000 0.000 0.212 0.460 0.766 0.977 0.956 0.718 0.504 0.807 0.990 0.932 0.673 0.373 0.158 0.000 0.000 
0.000 0.000 0.000 0.000 0.000 0.000 0.000 0.000 0.000 0.000 0.000 0.000 0.000 0.000 0.000 0.000 0.000 0.000 0.000 0.000 0.000 0.000 0.000 0.000 0.000 0.000 0.000 0.000 0.000 0.000 0.000 0.000 0.000 0.000 0.000 0.000 0.000 0.227 0.483 0.787 0.985 0.944 0.695 0.527 0.827 0.995 0.918 0.649 0.352 0.147 
0.000 0.000 0.000 0.000 0.000 0.000 0.000 0.000 0.000 0.000 0.000 0.000 0.000 0.000 0.000 0.000 0.000 0.000 0.000 0.000 0.000 0.000 0.000 0.000 0.000 0.000 0.000 0.000 0.000 0.000 0.000 0.000 0.000 0.000 0.000 0.000 0.000 0.000 0.000 0.243 0.506 0.809 0.991 0.931 0.671 0.551 0.847 0.998 0.902 0.625 
0.000 0.000 0.000 0.000 0.000 0.000 0.000 0.000 0.000 0.000 0.000 0.000 0.000 0.000 0.000 0.000 0.000 0.000 0.000 0.000 0.000 0.000 0.000 0.000 0.000 0.000 0.000 0.000 0.000 0.000 0.000 0.000 0.000 0.000 0.000 0.000 0.000 0.000 0.000 0.000 0.000 0.259 0.530 0.829 0.995 0.917 0.647 0.575 0.866 1.000 
0.000 0.000 0.000 0.000 0.000 0.000 0.000 0.000 0.000 0.000 0.000 0.000 0.000 0.000 0.000 0.000 0.000 0.000 0.000 0.000 0.000 0.000 0.000 0.000 0.000 0.000 0.000 0.000 0.000 0.000 0.000 0.000 0.000 0.000 0.000 0.000 0.000 0.000 0.000 0.000 0.000 0.000 0.106 0.277 0.553 0.849 0.999 0.901 0.623 0.599 
# 0 2 26 50
0.599 0.623 0.901 0.999 0.849 0.553 0.277 0.106 0.000 0.000 0.000 0.000 0.000 0.000 0.000 0.000 0.000 0.000 0.000 0.000 0.000 0.000 0.000 0.000 0.000 0.000 0.000 0.000 0.000 0.000 0.000 0.000 0.000 0.000 0.000 0.000 0.000 0.000 0.000 0.000 0.000 0.000 0.000 0.000 0.000 0.000 0.000 0.000 0.000 0.000 
1.000 0.866 0.575 0.647 0.917 0.995 0.829 0.530 0.259 0.000 0.000 0.000 0.000 0.000 0.000 0.000 0.000 0.000 0.000 0.000 0.000 0.000 0.000 0.000 0.000 0.000 0.000 0.000 0.000 0.000 0.000 0.000 0.000 0.000 0.000 0.000 0.000 0.000 0.000 0.000 0.000 0.000 0.000 0.000 0.000 0.000 0.000 0.000 0.000 0.000 
0.625 0.902 0.998 0.847 0.551 0.671 0.931 0.991 0.809 0.506 0.243 0.000 0.000 0.000 0.000 0.000 0.000 0.000 0.000 0.000 0.000 0.000 0.000 0.000 0.000 0.000 0.000 0.000 0.000 0.000 0.000 0.000 0.000 0.000 0.000 0.000 0.000 0.000 0.000 0.000 0.000 0.000 0.000 0.000 0.000 0.000 0.000 0.000 0.000 0.000 
0.147 0.352 0.649 0.918 0.995 0.827 0.527 0.695 0.944 0.985 0.787 0.483 0.227 0.000 0.000 0.000 0.000 0.000 0.000 0.000 0.000 0.000 0.000 0.000 0.000 0.000 0.000 0.000 0.000 0.000 0.000 0.000 0.000 0.000 0.000 0.000 0.000 0.000 0.000 0.000 0.000 0.000 0.000 0.000 0.000 0.000 0.000 0.000 0.000 0.000 
0.000 0.000 0.158 0.373 0.673 0.932 0.990 0.807 0.504 0.718 0.956 0.977 0.766 0.460 0.212 0.000 0.000 0.000 0.000 0.000 0.000 0.000 0.000 0.000 0.000 0.000 0.000 0.000 0.000 0.000 0.000 0.000 0.000 0.000 0.000 0.000 0.000 0.000 0.000 0.000 0.000 0.000 0.000 0.000 0.000 0.000 0.000 0.000 0.000 0.000 
0.000 0.000 0.000 0.000 0.171 0.394 0.697 0.946 0.984 0.785 0.481 0.741 0.967 0.968 0.743 0.437 0.197 0.000 0.000 0.000 0.000 0.000 0.000 0.000 0.000 0.000 0.000 0.000 0.000 0.000 0.000 0.000 0.000 0.000 0.000 0.000 0.000 0.000 0.000 0.000 0.000 0.000 0.000 0.000 0.000 0.000 0.000 0.000 0.000 0.000 
0.000 0.000 0.000 0.000 0.000 0.000 0.184 0.415 0.720 0.957 0.976 0.763 0.458 0.763 0.976 0.957 0.720 0.415 0.184 0.000 0.000 0.000 0.000 0.000 0.000 0.000 0.000 0.000 0.000 0.000 0.000 0.000 0.000 0.000 0.000 0.000 0.000 0.000 0.000 0.000 0.000 0.000 0.000 0.000 0.000 0.000 0.000 0.000 0.000 0.000 
0.000 0.000 0.000 0.000 0.000 0.000 0.000 0.000 0.197 0.437 0.743 0.968 0.967 0.741 0.481 0.785 0.984 0.946 0.697 0.394 0.171 0.000 0.000 0.000 0.000 0.000 0.000 0.000 0.000 0.000 0.000 0.000 0.000 0.000 0.000 0.000 0.000 0.000 0.000 0.000 0.000 0.000 0.000 0.000 0.000 0.000 0.000 0.000 0.000 0.000 
0.000 0.000 0.000 0.000 0.000 0.000 0.000 0.000 0.000 0.000 0.212 0.460 0.766 0.977 0.956 0.718 0.504 0.807 0.990 0.932 0.673 0.373 0.158 0.000 0.000 0.000 0.000 0.000 0.000 0.000 0.000 0.000 0.000 0.000 0.000 0.000 0.000 0.000 0.000 0.000 0.000 0.000 0.000 0.000 0.000 0.000 0.000 0.000 0.000 0.000 
0.000 0.000 0.000 0.000 0.000 0.000 0.000 0.000 0.000 0.000 0.000 0.000 0.227 0.483 0.787 0.985 0.944 0.695 0.527 0.827 0.995 0.918 0.649 0.352 0.147 0.000 0.000 0.000 0.000 0.000 0.000 0.000 0.000 0.000 0.000 0.000 0.000 0.000 0.000 0.000 0.000 0.000 0.000 0.000 0.000 0.000 0.000 0.000 0.000 0.000 
0.000 0.000 0.000 0.000 0.000 0.000 0.000 0.000 0.000 0.000 0.000 0.000 0.000 0.000 0.243 0.506 0.809 0.991 0.931 0.671 0.551 0.847 0.998 0.902 0.625 0.332 0.136 0.000 0.000 0.000 0.000 0.000 0.000 0.000 0.000 0.000 0.000 0.000 0.000 0.000 0.000 0.000 0.000 0.000 0.000 0.000 0.000 0.000 0.000 0.000 
0.000 0.000 0.000 0.000 0.000 0.000 0.000 0.000 0.000 0.000 0.000 0.000 0.000 0.000 0.000 0.000 0.259 0.530 0.829 0.995 0.917 0.647 0.575 0.866 1.000 0.885 0.601 0.313 0.125 0.000 0.000 0.000 0.000 0.000 0.000 0.000 0.000 0.000 0.000 0.000 0.000 0.000 0.000 0.000 0.000 0.000 0.000 0.000 0.000 0.000 
0.000 0.000 0.000 0.000 0.000 0.000 0.000 0.000 0.000 0.000 0.000 0.000 0.000 0.000 0.000 0.000 0.000 0.106 0.277 0.553 0.849 0.999 0.901 0.623 0.599 0.884 1.000 0.868 0.577 0.295 0.115 0.000 0.000 0.000 0.000 0.000 0.000 0.000 0.000 0.000 0.000 0.000 0.000 0.000 0.000 0.000 0.000 0.000 0.000 0.000 
0.000 0.000 0.000 0.000 0.000 0.000 0.000 0.000 0.000 0.000 0.000 0.000 0.000 0.000 0.000 0.000 0.000 0.000 0.000 0.115 0.295 0.577 0.868 1.000 0.884 0.599 0.623 0.901 0.999 0.849 0.553 0.277 0.106 0.000 0.000 0.000 0.000 0.000 0.000 0.000 0.000 0.000 0.000 0.000 0.000 0.000 0.000 0.000 0.000 0.000 
0.000 0.000 0.000 0.000 0.000 0.000 0.000 0.000 0.000 0.000 0.000 0.000 0.000 0.000 0.000 0.000 0.000 0.000 0.000 0.000 0.000 0.125 0.313 0.601 0.885 1.000 0.866 0.575 0.647 0.917 0.995 0.829 0.530 0.259 0.000 0.000 0.000 0.000 0.000 0.000 0.000 0.000 0.000 0.000 0.000 0.000 0.000 0.000 0.000 0.000 
0.000 0.000 0.000 0.000 0.000 0.000 0.000 0.000 0.000 0.000 0.000 0.000 0.000 0.000 0.000 0.000 0.000 0.000 0.000 0.000 0.000 0.000 0.000 0.136 0.332 0.625 0.902 0.998 0.847 0.551 0.671 0.931 0.991 0.809 0.506 0.243 0.000 0.000 0.000 0.000 0.000 0.000 0.000 0.000 0.000 0.000 0.000 0.000 0.000 0.000 
0.000 0.000 0.000 0.000 0.000 0.000 0.000 0.000 0.000 0.000 0.000 0.000 0.000 0.000 0.000 0.000 0.000 0.000 0.000 0.000 0.000 0.000 0.000 0.000 0.000 0.147 0.352 0.649 0.918 0.995 0.827 0.527 0.695 0.944 0.985 0.787 0.483 0.227 0.000 0.000 0.000 0.000 0.000 0.000 0.000 0.000 0.000 0.000 0.000 0.000 
0.000 0.000 0.000 0.000 0.000 0.000 0.000 0.000 0.000 0.000 0.000 0.000 0.000 0.000 0.000 0.000 0.000 0.000 0.000 0.000 0.000 0.000 0.000 0.000 0.000 0.000 0.000 0.158 0.373 0.673 0.932 0.990 0.807 0.504 0.718 0.956 0.977 0.766 0.460 0.212 0.000 0.000 0.000 0.000 0.000 0.000 0.000 0.000 0.000 0.000 
0.000 0.000 0.000 0.000 0.000 0.000 0.000 0.000 0.000 0.000 0.000 0.000 0.000 0.000 0.000 0.000 0.000 0.000 0.000 0.000 0.000 0.000 0.000 0.000 0.000 0.000 0.000 0.000 0.000 0.171 0.394 0.697 0.946 0.984 0.785 0.481 0.741 0.967 0.968 0.743 0.437 0.197 0.000 0.000 0.000 0.000 0.000 0.000 0.000 0.000 
0.000 0.000 0.000 0.000 0.000 0.000 0.000 0.000 0.000 0.000 0.000 0.000 0.000 0.000 0.000 0.000 0.000 0.000 0.000 0.000 0.000 0.000 0.000 0.000 0.000 0.000 0.000 0.000 0.000 0.000 0.000 0.184 0.415 0.720 0.957 0.976 0.763 0.458 0.763 0.976 0.957 0.720 0.415 0.184 0.000 0.000 0.000 0.000 0.000 0.000 
0.000 0.000 0.000 0.000 0.000 0.000 0.000 0.000 0.000 0.000 0.000 0.000 0.000 0.000 0.000 0.000 0.000 0.000 0.000 0.000 0.000 0.000 0.000 0.000 0.000 0.000 0.000 0.000 0.000 0.000 0.000 0.000 0.000 0.197 0.437 0.743 0.968 0.967 0.741 0.481 0.785 0.984 0.946 0.697 0.394 0.171 0.000 0.000 0.000 0.000 
0.000 0.000 0.000 0.000 0.000 0.000 0.000 0.000 0.000 0.000 0.000 0.000 0.000 0.000 0.000 0.000 0.000 0.000 0.000 0.000 0.000 0.000 0.000 0.000 0.000 0.000 0.000 0.000 0.000 0.000 0.000 0.000 0.000 0.000 0.000 0.212 0.460 0.766 0.977 0.956 0.718 0.504 0.807 0.990 0.932 0.673 0.373 0.158 0.000 0.000 
0.000 0.000 0.000 0.000 0.000 0.000 0.000 0.000 0.000 0.000 0.000 0.000 0.000 0.000 0.000 0.000 0.000 0.000 0.000 0.000 0.000 0.000 0.000 0.000 0.000 0.000 0.000 0.000 0.000 0.000 0.000 0.000 0.000 0.000 0.000 0.000 0.000 0.227 0.483 0.787 0.985 0.944 0.695 0.527 0.827 0.995 0.918 0.649 0.352 0.147 
0.000 0.000 0.000 0.000 0.000 0.000 0.000 0.000 0.000 0.000 0.000 0.000 0.000 0.000 0.000 0.000 0.000 0.000 0.000 0.000 0.000 0.000 0.000 0.000 0.000 0.000 0.000 0.000 0.000 0.000 0.000 0.000 0.000 0.000 0.000 0.000 0.000 0.000 0.000 0.243 0.506 0.809 0.991 0.931 0.671 0.551 0.847 0.998 0.902 0.625 
0.000 0.000 0.000 0.000 0.000 0.000 0.000 0.000 0.000 0.000 0.000 0.000 0.000 0.000 0.000 0.000 0.000 0.000 0.000 0.000 0.000 0.000 0.000 0.000 0.000 0.000 0.000 0.000 0.000 0.000 0.000 0.000 0.000 0.000 0.000 0.000 0.000 0.000 0.000 0.000 0.000 0.259 0.530 0.829 0.995 0.917 0.647 0.575 0.866 1.000 
0.000 0.000 0.000 0.000 0.000 0.000 0.000 0.000 0.000 0.000 0.000 0.000 0.000 0.000 0.000 0.000 0.000 0.000 0.000 0.000 0.000 0.000 0.000 0.000 0.000 0.000 0.000 0.000 0.000 0.000 0.000 0.000 0.000 0.000 0.000 0.000 0.000 0.000 0.000 0.000 0.000 0.000 0.106 0.277 0.553 0.849 0.999 0.901 0.623 0.599 
# 0 3 7 50
0.947 0.984 0.784 0.479 0.743 0.968 0.968 0.742 0.436 0.197 0.000 0.000 0.000 0.000 0.000 0.000 0.000 0.000 0.000 0.000 0.000 0.000 0.000 0.000 0.000 0.000 0.000 0.000 0.000 0.000 0.000 0.000 0.000 0.000 0.000 0.000 0.000 0.000 0.000 0.000 0.000 0.000 0.000 0.000 0.000 0.000 0.000 0.000 0.000 0.000 
0.000 0.000 0.000 0.000 0.149 0.357 0.655 0.922 0.995 0.823 0.523 0.700 0.948 0.984 0.783 0.478 0.224 0.000 0.000 0.000 0.000 0.000 0.000 0.000 0.000 0.000 0.000 0.000 0.000 0.000 0.000 0.000 0.000 0.000 0.000 0.000 0.000 0.000 0.000 0.000 0.000 0.000 0.000 0.000 0.000 0.000 0.000 0.000 0.000 0.000 
0.000 0.000 0.000 0.000 0.000 0.000 0.000 0.000 0.000 0.000 0.000 0.129 0.320 0.610 0.892 1.000 0.860 0.567 0.656 0.922 0.994 0.822 0.521 0.254 0.000 0.000 0.000 0.000 0.000 0.000 0.000 0.000 0.000 0.000 0.000 0.000 0.000 0.000 0.000 0.000 0.000 0.000 0.000 0.000 0.000 0.000 0.000 0.000 0.000 0.000 
0.000 0.000 0.000 0.000 0.000 0.000 0.000 0.000 0.000 0.000 0.000 0.000 0.000 0.000 0.000 0.000 0.000 0.000 0.111 0.286 0.566 0.859 1.000 0.893 0.611 0.611 0.893 1.000 0.859 0.566 0.286 0.111 0.000 0.000 0.000 0.000 0.000 0.000 0.000 0.000 0.000 0.000 0.000 0.000 0.000 0.000 0.000 0.000 0.000 0.000 
0.000 0.000 0.000 0.000 0.000 0.000 0.000 0.000 0.000 0.000 0.000 0.000 0.000 0.000 0.000 0.000 0.000 0.000 0.000 0.000 0.000 0.000 0.000 0.000 0.000 0.000 0.254 0.521 0.822 0.994 0.922 0.656 0.567 0.860 1.000 0.892 0.610 0.320 0.129 0.000 0.000 0.000 0.000 0.000 0.000 0.000 0.000 0.000 0.000 0.000 
0.000 0.000 0.000 0.000 0.000 0.000 0.000 0.000 0.000 0.000 0.000 0.000 0.000 0.000 0.000 0.000 0.000 0.000 0.000 0.000 0.000 0.000 0.000 0.000 0.000 0.000 0.000 0.000 0.000 0.000 0.000 0.000 0.000 0.224 0.478 0.783 0.984 0.948 0.700 0.523 0.823 0.995 0.922 0.655 0.357 0.149 0.000 0.000 0.000 0.000 
0.000 0.000 0.000 0.000 0.000 0.000 0.000 0.000 0.000 0.000 0.000 0.000 0.000 0.000 0.000 0.000 0.000 0.000 0.000 0.000 0.000 0.000 0.000 0.000 0.000 0.000 0.000 0.000 0.000 0.000 0.000 0.000 0.000 0.000 0.000 0.000 0.000 0.000 0.000 0.000 0.197 0.436 0.742 0.968 0.968 0.743 0.479 0.784 0.984 0.947 
# 1 0 50 26
-0.448 -0.603 -0.758 -0.890 -0.975 -0.999 -0.956 -0.855 -0.714 -0.557 -0.406 -0.276 -0.176 -0.104 0.000 0.000 0.000 0.000 0.000 0.000 0.000 0.000 0.000 0.000 0.000 0.000 
-0.454 -0.521 -0.679 -0.825 -0.938 -0.995 -0.987 -0.914 -0.791 -0.639 -0.482 -0.340 -0.224 -0.138 0.000 0.000 0.000 0.000 0.000 0.000 0.000 0.000 0.000 0.000 0.000 0.000 
-0.534 -0.442 -0.597 -0.752 -0.885 -0.973 -1.000 -0.959 -0.860 -0.720 -0.563 -0.411 -0.281 -0.179 -0.107 0.000 0.000 0.000 0.000 0.000 0.000 0.000 0.000 0.000 0.000 0.000 
-0.616 -0.460 -0.515 -0.672 -0.820 -0.934 -0.994 -0.988 -0.918 -0.796 -0.645 -0.488 -0.345 -0.228 -0.141 0.000 0.000 0.000 0.000 0.000 0.000 0.000 0.000 0.000 0.000 0.000 
-0.697 -0.540 -0.436 -0.590 -0.746 -0.880 -0.971 -1.000 -0.962 -0.865 -0.726 -0.569 -0.417 -0.285 -0.182 -0.109 0.000 0.000 0.000 0.000 0.000 0.000 0.000 0.000 0.000 0.000 
-0.775 -0.622 -0.466 -0.509 -0.666 -0.815 -0.931 -0.993 -0.990 -0.922 -0.802 -0.652 -0.495 -0.351 -0.232 -0.144 0.000 0.000 0.000 0.000 0.000 0.000 0.000 0.000 0.000 0.000 
-0.846 -0.703 -0.546 -0.431 -0.584 -0.740 -0.876 -0.968 -1.000 -0.965 -0.869 -0.732 -0.576 -0.423 -0.290 -0.186 -0.111 0.000 0.000 0.000 0.000 0.000 0.000 0.000 0.000 0.000 
-0.907 -0.781 -0.628 -0.472 -0.503 -0.660 -0.809 -0.927 -0.992 -0.991 -0.926 -0.807 -0.658 -0.501 -0.356 -0.236 -0.147 0.000 0.000 0.000 0.000 0.000 0.000 0.000 0.000 0.000 
-0.954 -0.851 -0.710 -0.552 -0.425 -0.578 -0.734 -0.871 -0.966 -1.000 -0.967 -0.874 -0.738 -0.582 -0.429 -0.295 -0.190 -0.114 0.000 0.000 0.000 0.000 0.000 0.000 0.000 0.000 
-0.986 -0.911 -0.787 -0.635 -0.478 -0.496 -0.654 -0.804 -0.923 -0.990 -0.993 -0.929 -0.813 -0.664 -0.507 -0.361 -0.241 -0.150 0.000 0.000 0.000 0.000 0.000 0.000 0.000 0.000 
-0.999 -0.957 -0.856 -0.716 -0.559 -0.419 -0.571 -0.728 -0.866 -0.963 -1.000 -0.970 -0.879 -0.744 -0.588 -0.435 -0.300 -0.193 -0.116 0.000 0.000 0.000 0.000 0.000 0.000 0.000 
-0.995 -0.987 -0.915 -0.792 -0.641 -0.484 -0.490 -0.647 -0.798 -0.919 -0.989 -0.994 -0.933 -0.818 -0.670 -0.513 -0.367 -0.245 -0.153 0.000 0.000 0.000 0.000 0.000 0.000 0.000 
-0.972 -1.000 -0.960 -0.861 -0.722 -0.565 -0.413 -0.565 -0.722 -0.861 -0.960 -1.000 -0.972 -0.884 -0.750 -0.595 -0.440 -0.305 -0.197 -0.119 0.000 0.000 0.000 0.000 0.000 0.000 
-0.933 -0.994 -0.989 -0.919 -0.798 -0.647 -0.490 -0.484 -0.641 -0.792 -0.915 -0.987 -0.995 -0.937 -0.824 -0.677 -0.519 -0.372 -0.249 -0.156 0.000 0.000 0.000 0.000 0.000 0.000 
-0.879 -0.970 -1.000 -0.963 -0.866 -0.728 -0.571 -0.419 -0.559 -0.716 -0.856 -0.957 -0.999 -0.975 -0.888 -0.756 -0.601 -0.446 -0.310 -0.201 -0.121 0.000 0.000 0.000 0.000 0.000 
-0.813 -0.929 -0.993 -0.990 -0.923 -0.804 -0.654 -0.496 -0.478 -0.635 -0.787 -0.911 -0.986 -0.996 -0.940 -0.829 -0.683 -0.525 -0.378 -0.254 -0.159 0.000 0.000 0.000 0.000 0.000 
-0.738 -0.874 -0.967 -1.000 -0.966 -0.871 -0.734 -0.578 -0.425 -0.552 -0.710 -0.851 -0.954 -0.999 -0.977 -0.893 -0.762 -0.607 -0.452 -0.315 -0.204 -0.124 0.000 0.000 0.000 0.000 
-0.658 -0.807 -0.926 -0.991 -0.992 -0.927 -0.809 -0.660 -0.503 -0.472 -0.628 -0.781 -0.907 -0.984 -0.997 -0.944 -0.834 -0.689 -0.532 -0.383 -0.258 -0.162 0.000 0.000 0.000 0.000 
-0.576 -0.732 -0.869 -0.965 -1.000 -0.968 -0.876 -0.740 -0.584 -0.431 -0.546 -0.703 -0.846 -0.951 -0.998 -0.979 -0.897 -0.768 -0.614 -0.458 -0.320 -0.208 -0.127 0.000 0.000 0.000 
-0.495 -0.652 -0.802 -0.922 -0.990 -0.993 -0.931 -0.815 -0.666 -0.509 -0.466 -0.622 -0.775 -0.903 -0.982 -0.998 -0.947 -0.839 -0.695 -0.538 -0.389 -0.262 -0.165 0.000 0.000 0.000 
-0.417 -0.569 -0.726 -0.865 -0.962 -1.000 -0.971 -0.880 -0.746 -0.590 -0.436 -0.540 -0.697 -0.841 -0.948 -0.998 -0.981 -0.901 -0.773 -0.620 -0.464 -0.325 -0.212 -0.129 0.000 0.000 
-0.345 -0.488 -0.645 -0.796 -0.918 -0.988 -0.994 -0.934 -0.820 -0.672 -0.515 -0.460 -0.616 -0.769 -0.898 -0.980 -0.998 -0.950 -0.845 -0.701 -0.544 -0.394 -0.267 -0.169 0.000 0.000 
-0.281 -0.411 -0.563 -0.720 -0.860 -0.959 -1.000 -0.973 -0.885 -0.752 -0.597 -0.442 -0.534 -0.691 -0.836 -0.945 -0.997 -0.983 -0.906 -0.779 -0.626 -0.470 -0.330 -0.216 -0.132 0.000 
-0.224 -0.340 -0.482 -0.639 -0.791 -0.914 -0.987 -0.995 -0.938 -0.825 -0.679 -0.521 -0.454 -0.609 -0.764 -0.894 -0.978 -0.999 -0.953 -0.850 -0.708 -0.550 -0.400 -0.271 -0.172 -0.102 
-0.176 -0.276 -0.406 -0.557 -0.714 -0.855 -0.956 -0.999 -0.975 -0.890 -0.758 -0.603 -0.448 -0.527 -0.685 -0.831 -0.941 -0.996 -0.985 -0.910 -0.785 -0.633 -0.476 -0.335 -0.220 -0.135 
-0.135 -0.220 -0.335 -0.476 -0.633 -0.785 -0.910 -0.985 -0.996 -0.941 -0.831 -0.685 -0.527 -0.448 -0.603 -0.758 -0.890 -0.975 -0.999 -0.956 -0.855 -0.714 -0.557 -0.406 -0.276 -0.176 
-0.102 -0.172 -0.271 -0.400 -0.550 -0.708 -0.850 -0.953 -0.999 -0.978 -0.894 -0.764 -0.609 -0.454 -0.521 -0.679 -0.825 -0.938 -0.995 -0.987 -0.914 -0.791 -0.639 -0.482 -0.340 -0.224 
0.000 -0.132 -0.216 -0.330 -0.470 -0.626 -0.779 -0.906 -0.983 -0.997 -0.945 -0.836 -0.691 -0.534 -0.442 -0.597 -0.752 -0.885 -0.973 -1.000 -0.959 -0.860 -0.720 -0.563 -0.411 -0.281 
0.000 0.000 -0.169 -0.267 -0.394 -0.544 -0.701 -0.845 -0.950 -0.998 -0.980 -0.898 -0.769 -0.616 -0.460 -0.515 -0.672 -0.820 -0.934 -0.994 -0.988 -0.918 -0.796 -0.645 -0.488 -0.345 
0.000 0.000 -0.129 -0.212 -0.325 -0.464 -0.620 -0.773 -0.901 -0.981 -0.998 -0.948 -0.841 -0.697 -0.540 -0.436 -0.590 -0.746 -0.880 -0.971 -1.000 -0.962 -0.865 -0.726 -0.569 -0.417 
0.000 0.000 0.000 -0.165 -0.262 -0.389 -0.538 -0.695 -0.839 -0.947 -0.998 -0.982 -0.903 -0.775 -0.622 -0.466 -0.509 -0.666 -0.815 -0.931 -0.993 -0.990 -0.922 -0.802 -0.652 -0.495 
0.000 0.000 0.000 -0.127 -0.208 -0.320 -0.458 -0.614 -0.768 -0.897 -0.979 -0.998 -0.951 -0.846 -0.703 -0.546 -0.431 -0.584 -0.740 -0.876 -0.968 -1.000 -0.965 -0.869 -0.732 -0.576 
0.000 0.000 0.000 0.000 -0.162 -0.258 -0.383 -0.532 -0.689 -0.834 -0.944 -0.997 -0.984 -0.907 -0.781 -0.628 -0.472 -0.503 -0.660 -0.809 -0.927 -0.992 -0.991 -0.926 -0.807 -0.658 
0.000 0.000 0.000 0.000 -0.124 -0.204 -0.315 -0.452 -0.607 -0.762 -0.893 -0.977 -0.999 -0.954 -0.851 -0.710 -0.552 -0.425 -0.578 -0.734 -0.871 -0.966 -1.000 -0.967 -0.874 -0.738 
0.000 0.000 0.000 0.000 0.000 -0.159 -0.254 -0.378 -0.525 -0.683 -0.829 -0.940 -0.996 -0.986 -0.911 -0.787 -0.635 -0.478 -0.496 -0.654 -0.804 -0.923 -0.990 -0.993 -0.929 -0.813 
0.000 0.000 0.000 0.000 0.000 -0.121 -0.201 -0.310 -0.446 -0.601 -0.756 -0.888 -0.975 -0.999 -0.957 -0.856 -0.716 -0.559 -0.419 -0.571 -0.728 -0.866 -0.963 -1.000 -0.970 -0.879 
0.000 0.000 0.000 0.000 0.000 0.000 -0.156 -0.249 -0.372 -0.519 -0.677 -0.824 -0.937 -0.995 -0.987 -0.915 -0.792 -0.641 -0.484 -0.490 -0.647 -0.798 -0.919 -0.989 -0.994 -0.933 
0.000 0.000 0.000 0.000 0.000 0.000 -0.119 -0.197 -0.305 -0.440 -0.595 -0.750 -0.884 -0.972 -1.000 -0.960 -0.861 -0.722 -0.565 -0.413 -0.565 -0.722 -0.861 -0.960 -1.000 -0.972 
0.000 0.000 0.000 0.000 0.000 0.000 0.000 -0.153 -0.245 -0.367 -0.513 -0.670 -0.818 -0.933 -0.994 -0.989 -0.919 -0.798 -0.647 -0.490 -0.484 -0.641 -0.792 -0.915 -0.987 -0.995 
0.000 0.000 0.000 0.000 0.000 0.000 0.000 -0.116 -0.193 -0.300 -0.435 -0.588 -0.744 -0.879 -0.970 -1.000 -0.963 -0.866 -0.728 -0.571 -0.419 -0.559 -0.716 -0.856 -0.957 -0.999 
0.000 0.000 0.000 0.000 0.000 0.000 0.000 0.000 -0.150 -0.241 -0.361 -0.507 -0.664 -0.813 -0.929 -0.993 -0.990 -0.923 -0.804 -0.654 -0.496 -0.478 -0.635 -0.787 -0.911 -0.986 
0.000 0.000 0.000 0.000 0.000 0.000 0.000 0.000 -0.114 -0.190 -0.295 -0.429 -0.582 -0.738 -0.874 -0.967 -1.000 -0.966 -0.871 -0.734 -0.578 -0.425 -0.552 -0.710 -0.851 -0.954 
0.000 0.000 0.000 0.000 0.000 0.000 0.000 0.000 0.000 -0.147 -0.236 -0.356 -0.501 -0.658 -0.807 -0.926 -0.991 -0.992 -0.927 -0.809 -0.660 -0.503 -0.472 -0.628 -0.781 -0.907 
0.000 0.000 0.000 0.000 0.000 0.000 0.000 0.000 0.000 -0.111 -0.186 -0.290 -0.423 -0.576 -0.732 -0.869 -0.965 -1.000 -0.968 -0.876 -0.740 -0.584 -0.431 -0.546 -0.703 -0.846 
0.000 0.000 0.000 0.000 0.000 0.000 0.000 0.000 0.000 0.000 -0.144 -0.232 -0.351 -0.495 -0.652 -0.802 -0.922 -0.990 -0.993 -0.931 -0.815 -0.666 -0.509 -0.466 -0.622 -0.775 
0.000 0.000 0.000 0.000 0.000 0.000 0.000 0.000 0.000 0.000 -0.109 -0.182 -0.285 -0.417 -0.569 -0.726 -0.865 -0.962 -1.000 -0.971 -0.880 -0.746 -0.590 -0.436 -0.540 -0.697 
0.000 0.000 0.000 0.000 0.000 0.000 0.000 0.000 0.000 0.000 0.000 -0.141 -0.228 -0.345 -0.488 -0.645 -0.796 -0.918 -0.988 -0.994 -0.934 -0.820 -0.672 -0.515 -0.460 -0.616 
0.000 0.000 0.000 0.000 0.000 0.000 0.000 0.000 0.000 0.000 0.000 -0.107 -0.179 -0.281 -0.411 -0.563 -0.720 -0.860 -0.959 -1.000 -0.973 -0.885 -0.752 -0.597 -0.442 -0.534 
0.000 0.000 0.000 0.000 0.000 0.000 0.000 0.000 0.000 0.000 0.000 0.000 -0.138 -0.224 -0.340 -0.482 -0.639 -0.791 -0.914 -0.987 -0.995 -0.938 -0.825 -0.679 -0.521 -0.454 
0.000 0.000 0.000 0.000 0.000 0.000 0.000 0.000 0.000 0.000 0.000 0.000 -0.104 -0.176 -0.276 -0.406 -0.557 -0.714 -0.855 -0.956 -0.999 -0.975 -0.890 -0.758 -0.603 -0.448 
# 1 2 26 26
-0.413 -0.565 -0.722 -0.862 -0.960 -1.000 -0.973 -0.884 -0.750 -0.595 -0.441 -0.305 -0.197 -0.119 0.000 0.000 0.000 0.000 0.000 0.000 0.000 0.000 0.000 0.000 0.000 0.000 
-0.565 -0.413 -0.565 -0.722 -0.862 -0.960 -1.000 -0.973 -0.884 -0.750 -0.595 -0.441 -0.305 -0.197 -0.119 0.000 0.000 0.000 0.000 0.000 0.000 0.000 0.000 0.000 0.000 0.000 
-0.722 -0.565 -0.413 -0.565 -0.722 -0.862 -0.960 -1.000 -0.973 -0.884 -0.750 -0.595 -0.441 -0.305 -0.197 -0.119 0.000 0.000 0.000 0.000 0.000 0.000 0.000 0.000 0.000 0.000 
-0.862 -0.722 -0.565 -0.413 -0.565 -0.722 -0.862 -0.960 -1.000 -0.973 -0.884 -0.750 -0.595 -0.441 -0.305 -0.197 -0.119 0.000 0.000 0.000 0.000 0.000 0.000 0.000 0.000 0.000 
-0.960 -0.862 -0.722 -0.565 -0.413 -0.565 -0.722 -0.862 -0.960 -1.000 -0.973 -0.884 -0.750 -0.595 -0.441 -0.305 -0.197 -0.119 0.000 0.000 0.000 0.000 0.000 0.000 0.000 0.000 
-1.000 -0.960 -0.862 -0.722 -0.565 -0.413 -0.565 -0.722 -0.862 -0.960 -1.000 -0.973 -0.884 -0.750 -0.595 -0.441 -0.305 -0.197 -0.119 0.000 0.000 0.000 0.000 0.000 0.000 0.000 
-0.973 -1.000 -0.960 -0.862 -0.722 -0.565 -0.413 -0.565 -0.722 -0.862 -0.960 -1.000 -0.973 -0.884 -0.750 -0.595 -0.441 -0.305 -0.197 -0.119 0.000 0.000 0.000 0.000 0.000 0.000 
-0.884 -0.973 -1.000 -0.960 -0.862 -0.722 -0.565 -0.413 -0.565 -0.722 -0.862 -0.960 -1.000 -0.973 -0.884 -0.750 -0.595 -0.441 -0.305 -0.197 -0.119 0.000 0.000 0.000 0.000 0.000 
-0.750 -0.884 -0.973 -1.000 -0.960 -0.862 -0.722 -0.565 -0.413 -0.565 -0.722 -0.862 -0.960 -1.000 -0.973 -0.884 -0.750 -0.595 -0.441 -0.305 -0.197 -0.119 0.000 0.000 0.000 0.000 
-0.595 -0.750 -0.884 -0.973 -1.000 -0.960 -0.862 -0.722 -0.565 -0.413 -0.565 -0.722 -0.862 -0.960 -1.000 -0.973 -0.884 -0.750 -0.595 -0.441 -0.305 -0.197 -0.119 0.000 0.000 0.000 
-0.441 -0.595 -0.750 -0.884 -0.973 -1.000 -0.960 -0.862 -0.722 -0.565 -0.413 -0.565 -0.722 -0.862 -0.960 -1.000 -0.973 -0.884 -0.750 -0.595 -0.441 -0.305 -0.197 -0.119 0.000 0.000 
-0.305 -0.441 -0.595 -0.750 -0.884 -0.973 -1.000 -0.960 -0.862 -0.722 -0.565 -0.413 -0.565 -0.722 -0.862 -0.960 -1.000 -0.973 -0.884 -0.750 -0.595 -0.441 -0.305 -0.197 -0.119 0.000 
-0.197 -0.305 -0.441 -0.595 -0.750 -0.884 -0.973 -1.000 -0.960 -0.862 -0.722 -0.565 -0.413 -0.565 -0.722 -0.862 -0.960 -1.000 -0.973 -0.884 -0.750 -0.595 -0.441 -0.305 -0.197 -0.119 
-0.119 -0.197 -0.305 -0.441 -0.595 -0.750 -0.884 -0.973 -1.000 -0.960 -0.862 -0.722 -0.565 -0.413 -0.565 -0.722 -0.862 -0.960 -1.000 -0.973 -0.884 -0.750 -0.595 -0.441 -0.305 -0.197 
0.000 -0.119 -0.197 -0.305 -0.441 -0.595 -0.750 -0.884 -0.973 -1.000 -0.960 -0.862 -0.722 -0.565 -0.413 -0.565 -0.722 -0.862 -0.960 -1.000 -0.973 -0.884 -0.750 -0.595 -0.441 -0.305 
0.000 0.000 -0.119 -0.197 -0.305 -0.441 -0.595 -0.750 -0.884 -0.973 -1.000 -0.960 -0.862 -0.722 -0.565 -0.413 -0.565 -0.722 -0.862 -0.960 -1.000 -0.973 -0.884 -0.750 -0.595 -0.441 
0.000 0.000 0.000 -0.119 -0.197 -0.305 -0.441 -0.595 -0.750 -0.884 -0.973 -1.000 -0.960 -0.862 -0.722 -0.565 -0.413 -0.565 -0.722 -0.862 -0.960 -1.000 -0.973 -0.884 -0.750 -0.595 
0.000 0.000 0.000 0.000 -0.119 -0.197 -0.305 -0.441 -0.595 -0.750 -0.884 -0.973 -1.000 -0.960 -0.862 -0.722 -0.565 -0.413 -0.565 -0.722 -0.862 -0.960 -1.000 -0.973 -0.884 -0.750 
0.000 0.000 0.000 0.000 0.000 -0.119 -0.197 -0.305 -0.441 -0.595 -0.750 -0.884 -0.973 -1.000 -0.960 -0.862 -0.722 -0.565 -0.413 -0.565 -0.722 -0.862 -0.960 -1.000 -0.973 -0.884 
0.000 0.000 0.000 0.000 0.000 0.000 -0.119 -0.197 -0.305 -0.441 -0.595 -0.750 -0.884 -0.973 -1.000 -0.960 -0.862 -0.722 -0.565 -0.413 -0.565 -0.722 -0.862 -0.960 -1.000 -0.973 
0.000 0.000 0.000 0.000 0.000 0.000 0.000 -0.119 -0.197 -0.305 -0.441 -0.595 -0.750 -0.884 -0.973 -1.000 -0.960 -0.862 -0.722 -0.565 -0.413 -0.565 -0.722 -0.862 -0.960 -1.000 
0.000 0.000 0.000 0.000 0.000 0.000 0.000 0.000 -0.119 -0.197 -0.305 -0.441 -0.595 -0.750 -0.884 -0.973 -1.000 -0.960 -0.862 -0.722 -0.565 -0.413 -0.565 -0.722 -0.862 -0.960 
0.000 0.000 0.000 0.000 0.000 0.000 0.000 0.000 0.000 -0.119 -0.197 -0.305 -0.441 -0.595 -0.750 -0.884 -0.973 -1.000 -0.960 -0.862 -0.722 -0.565 -0.413 -0.565 -0.722 -0.862 
0.000 0.000 0.000 0.000 0.000 0.000 0.000 0.000 0.000 0.000 -0.119 -0.197 -0.305 -0.441 -0.595 -0.750 -0.884 -0.973 -1.000 -0.960 -0.862 -0.722 -0.565 -0.413 -0.565 -0.722 
0.000 0.000 0.000 0.000 0.000 0.000 0.000 0.000 0.000 0.000 0.000 -0.119 -0.197 -0.305 -0.441 -0.595 -0.750 -0.884 -0.973 -1.000 -0.960 -0.862 -0.722 -0.565 -0.413 -0.565 
0.000 0.000 0.000 0.000 0.000 0.000 0.000 0.000 0.000 0.000 0.000 0.000 -0.119 -0.197 -0.305 -0.441 -0.595 -0.750 -0.884 -0.973 -1.000 -0.960 -0.862 -0.722 -0.565 -0.413 
# 2 0 50 26
-0.441 -0.596 -0.752 -0.885 -0.973 -1.000 -0.958 -0.858 -0.717 -0.559 -0.408 -0.277 -0.176 -0.104 0.000 0.000 0.000 0.000 0.000 0.000 0.000 0.000 0.000 0.000 0.000 0.000 
-0.447 -0.514 -0.672 -0.820 -0.935 -0.994 -0.988 -0.916 -0.794 -0.642 -0.485 -0.342 -0.225 -0.138 0.000 0.000 0.000 0.000 0.000 0.000 0.000 0.000 0.000 0.000 0.000 0.000 
-0.526 -0.435 -0.590 -0.746 -0.881 -0.971 -1.000 -0.961 -0.863 -0.723 -0.566 -0.413 -0.282 -0.180 -0.107 0.000 0.000 0.000 0.000 0.000 0.000 0.000 0.000 0.000 0.000 0.000 
-0.609 -0.453 -0.508 -0.666 -0.815 -0.931 -0.993 -0.989 -0.920 -0.799 -0.648 -0.491 -0.347 -0.229 -0.141 0.000 0.000 0.000 0.000 0.000 0.000 0.000 0.000 0.000 0.000 0.000 
-0.691 -0.533 -0.429 -0.583 -0.740 -0.876 -0.969 -1.000 -0.964 -0.868 -0.729 -0.572 -0.419 -0.287 -0.183 -0.109 0.000 0.000 0.000 0.000 0.000 0.000 0.000 0.000 0.000 0.000 
-0.769 -0.615 -0.459 -0.502 -0.659 -0.809 -0.927 -0.992 -0.991 -0.924 -0.805 -0.655 -0.497 -0.352 -0.233 -0.144 0.000 0.000 0.000 0.000 0.000 0.000 0.000 0.000 0.000 0.000 
-0.841 -0.697 -0.539 -0.423 -0.577 -0.734 -0.871 -0.966 -1.000 -0.967 -0.872 -0.735 -0.578 -0.425 -0.291 -0.187 -0.112 0.000 0.000 0.000 0.000 0.000 0.000 0.000 0.000 0.000 
-0.903 -0.775 -0.621 -0.465 -0.495 -0.653 -0.804 -0.923 -0.991 -0.992 -0.928 -0.810 -0.661 -0.503 -0.358 -0.237 -0.147 0.000 0.000 0.000 0.000 0.000 0.000 0.000 0.000 0.000 
-0.951 -0.846 -0.703 -0.545 -0.418 -0.570 -0.728 -0.866 -0.963 -1.000 -0.969 -0.877 -0.741 -0.585 -0.431 -0.296 -0.190 -0.114 0.000 0.000 0.000 0.000 0.000 0.000 0.000 0.000 
-0.984 -0.907 -0.781 -0.628 -0.471 -0.489 -0.647 -0.798 -0.919 -0.989 -0.994 -0.932 -0.816 -0.667 -0.509 -0.363 -0.242 -0.150 0.000 0.000 0.000 0.000 0.000 0.000 0.000 0.000 
-0.999 -0.955 -0.851 -0.709 -0.552 -0.412 -0.564 -0.721 -0.861 -0.960 -1.000 -0.972 -0.882 -0.747 -0.591 -0.437 -0.301 -0.194 -0.117 0.000 0.000 0.000 0.000 0.000 0.000 0.000 
-0.996 -0.986 -0.911 -0.787 -0.634 -0.477 -0.483 -0.640 -0.792 -0.915 -0.988 -0.995 -0.935 -0.821 -0.673 -0.515 -0.368 -0.246 -0.153 0.000 0.000 0.000 0.000 0.000 0.000 0.000 
-0.974 -0.999 -0.958 -0.857 -0.715 -0.558 -0.406 -0.558 -0.715 -0.857 -0.958 -0.999 -0.974 -0.886 -0.753 -0.597 -0.443 -0.306 -0.198 -0.119 0.000 0.000 0.000 0.000 0.000 0.000 
-0.935 -0.995 -0.988 -0.915 -0.792 -0.640 -0.483 -0.477 -0.634 -0.787 -0.911 -0.986 -0.996 -0.939 -0.827 -0.680 -0.522 -0.374 -0.250 -0.156 0.000 0.000 0.000 0.000 0.000 0.000 
-0.882 -0.972 -1.000 -0.960 -0.861 -0.721 -0.564 -0.412 -0.552 -0.709 -0.851 -0.955 -0.999 -0.976 -0.891 -0.759 -0.604 -0.448 -0.311 -0.201 -0.122 0.000 0.000 0.000 0.000 0.000 
-0.816 -0.932 -0.994 -0.989 -0.919 -0.798 -0.647 -0.489 -0.471 -0.628 -0.781 -0.907 -0.984 -0.997 -0.942 -0.832 -0.686 -0.528 -0.379 -0.255 -0.160 0.000 0.000 0.000 0.000 0.000 
-0.741 -0.877 -0.969 -1.000 -0.963 -0.866 -0.728 -0.570 -0.418 -0.545 -0.703 -0.846 -0.951 -0.999 -0.979 -0.895 -0.765 -0.610 -0.454 -0.316 -0.205 -0.124 0.000 0.000 0.000 0.000 
-0.661 -0.810 -0.928 -0.992 -0.991 -0.923 -0.804 -0.653 -0.495 -0.465 -0.621 -0.775 -0.903 -0.982 -0.997 -0.946 -0.837 -0.692 -0.534 -0.385 -0.259 -0.163 0.000 0.000 0.000 0.000 
-0.578 -0.735 -0.872 -0.967 -1.000 -0.966 -0.871 -0.734 -0.577 -0.423 -0.539 -0.697 -0.841 -0.948 -0.998 -0.981 -0.900 -0.771 -0.617 -0.460 -0.321 -0.209 -0.127 0.000 0.000 0.000 
-0.497 -0.655 -0.805 -0.924 -0.991 -0.992 -0.927 -0.809 -0.659 -0.502 -0.459 -0.615 -0.769 -0.899 -0.980 -0.998 -0.949 -0.843 -0.698 -0.541 -0.391 -0.264 -0.166 0.000 0.000 0.000 
-0.419 -0.572 -0.729 -0.868 -0.964 -1.000 -0.969 -0.876 -0.740 -0.583 -0.429 -0.533 -0.691 -0.836 -0.945 -0.997 -0.983 -0.904 -0.777 -0.623 -0.466 -0.326 -0.213 -0.130 0.000 0.000 
-0.347 -0.491 -0.648 -0.799 -0.920 -0.989 -0.993 -0.931 -0.815 -0.666 -0.508 -0.453 -0.609 -0.763 -0.894 -0.978 -0.999 -0.952 -0.848 -0.705 -0.547 -0.396 -0.268 -0.169 0.000 0.000 
-0.282 -0.413 -0.566 -0.723 -0.863 -0.961 -1.000 -0.971 -0.881 -0.746 -0.590 -0.435 -0.526 -0.684 -0.831 -0.942 -0.996 -0.984 -0.908 -0.782 -0.629 -0.472 -0.331 -0.217 -0.133 0.000 
-0.225 -0.342 -0.485 -0.642 -0.794 -0.916 -0.988 -0.994 -0.935 -0.820 -0.672 -0.514 -0.447 -0.602 -0.758 -0.890 -0.976 -0.999 -0.955 -0.853 -0.711 -0.553 -0.402 -0.273 -0.173 -0.102 
-0.176 -0.277 -0.408 -0.559 -0.717 -0.858 -0.958 -1.000 -0.973 -0.885 -0.752 -0.596 -0.441 -0.520 -0.678 -0.825 -0.938 -0.995 -0.986 -0.912 -0.788 -0.636 -0.479 -0.336 -0.221 -0.135 
-0.135 -0.221 -0.336 -0.479 -0.636 -0.788 -0.912 -0.986 -0.995 -0.938 -0.825 -0.678 -0.520 -0.441 -0.596 -0.752 -0.885 -0.973 -1.000 -0.958 -0.858 -0.717 -0.559 -0.408 -0.277 -0.176 
-0.102 -0.173 -0.273 -0.402 -0.553 -0.711 -0.853 -0.955 -0.999 -0.976 -0.890 -0.758 -0.602 -0.447 -0.514 -0.672 -0.820 -0.935 -0.994 -0.988 -0.916 -0.794 -0.642 -0.485 -0.342 -0.225 
0.000 -0.133 -0.217 -0.331 -0.472 -0.629 -0.782 -0.908 -0.984 -0.996 -0.942 -0.831 -0.684 -0.526 -0.435 -0.590 -0.746 -0.881 -0.971 -1.000 -0.961 -0.863 -0.723 -0.566 -0.413 -0.282 
0.000 0.000 -0.169 -0.268 -0.396 -0.547 -0.705 -0.848 -0.952 -0.999 -0.978 -0.894 -0.763 -0.609 -0.453 -0.508 -0.666 -0.815 -0.931 -0.993 -0.989 -0.920 -0.799 -0.648 -0.491 -0.347 
0.000 0.000 -0.130 -0.213 -0.326 -0.466 -0.623 -0.777 -0.904 -0.983 -0.997 -0.945 -0.836 -0.691 -0.533 -0.429 -0.583 -0.740 -0.876 -0.969 -1.000 -0.964 -0.868 -0.729 -0.572 -0.419 
0.000 0.000 0.000 -0.166 -0.264 -0.391 -0.541 -0.698 -0.843 -0.949 -0.998 -0.980 -0.899 -0.769 -0.615 -0.459 -0.502 -0.659 -0.809 -0.927 -0.992 -0.991 -0.924 -0.805 -0.655 -0.497 
0.000 0.000 0.000 -0.127 -0.209 -0.321 -0.460 -0.617 -0.771 -0.900 -0.981 -0.998 -0.948 -0.841 -0.697 -0.539 -0.423 -0.577 -0.734 -0.871 -0.966 -1.000 -0.967 -0.872 -0.735 -0.578 
0.000 0.000 0.000 0.000 -0.163 -0.259 -0.385 -0.534 -0.692 -0.837 -0.946 -0.997 -0.982 -0.903 -0.775 -0.621 -0.465 -0.495 -0.653 -0.804 -0.923 -0.991 -0.992 -0.928 -0.810 -0.661 
0.000 0.000 0.000 0.000 -0.124 -0.205 -0.316 -0.454 -0.610 -0.765 -0.895 -0.979 -0.999 -0.951 -0.846 -0.703 -0.545 -0.418 -0.570 -0.728 -0.866 -0.963 -1.000 -0.969 -0.877 -0.741 
0.000 0.000 0.000 0.000 0.000 -0.160 -0.255 -0.379 -0.528 -0.686 -0.832 -0.942 -0.997 -0.984 -0.907 -0.781 -0.628 -0.471 -0.489 -0.647 -0.798 -0.919 -0.989 -0.994 -0.932 -0.816 
0.000 0.000 0.000 0.000 0.000 -0.122 -0.201 -0.311 -0.448 -0.604 -0.759 -0.891 -0.976 -0.999 -0.955 -0.851 -0.709 -0.552 -0.412 -0.564 -0.721 -0.861 -0.960 -1.000 -0.972 -0.882 
0.000 0.000 0.000 0.000 0.000 0.000 -0.156 -0.250 -0.374 -0.522 -0.680 -0.827 -0.939 -0.996 -0.986 -0.911 -0.787 -0.634 -0.477 -0.483 -0.640 -0.792 -0.915 -0.988 -0.995 -0.935 
0.000 0.000 0.000 0.000 0.000 0.000 -0.119 -0.198 -0.306 -0.443 -0.597 -0.753 -0.886 -0.974 -0.999 -0.958 -0.857 -0.715 -0.558 -0.406 -0.558 -0.715 -0.857 -0.958 -0.999 -0.974 
0.000 0.000 0.000 0.000 0.000 0.000 0.000 -0.153 -0.246 -0.368 -0.515 -0.673 -0.821 -0.935 -0.995 -0.988 -0.915 -0.792 -0.640 -0.483 -0.477 -0.634 -0.787 -0.911 -0.986 -0.996 
0.000 0.000 0.000 0.000 0.000 0.000 0.000 -0.117 -0.194 -0.301 -0.437 -0.591 -0.747 -0.882 -0.972 -1.000 -0.960 -0.861 -0.721 -0.564 -0.412 -0.552 -0.709 -0.851 -0.955 -0.999 
0.000 0.000 0.000 0.000 0.000 0.000 0.000 0.000 -0.150 -0.242 -0.363 -0.509 -0.667 -0.816 -0.932 -0.994 -0.989 -0.919 -0.798 -0.647 -0.489 -0.471 -0.628 -0.781 -0.907 -0.984 
0.000 0.000 0.000 0.000 0.000 0.000 0.000 0.000 -0.114 -0.190 -0.296 -0.431 -0.585 -0.741 -0.877 -0.969 -1.000 -0.963 -0.866 -0.728 -0.570 -0.418 -0.545 -0.703 -0.846 -0.951 
0.000 0.000 0.000 0.000 0.000 0.000 0.000 0.000 0.000 -0.147 -0.237 -0.358 -0.503 -0.661 -0.810 -0.928 -0.992 -0.991 -0.923 -0.804 -0.653 -0.495 -0.465 -0.621 -0.775 -0.903 
0.000 0.000 0.000 0.000 0.000 0.000 0.000 0.000 0.000 -0.112 -0.187 -0.291 -0.425 -0.578 -0.735 -0.872 -0.967 -1.000 -0.966 -0.871 -0.734 -0.577 -0.423 -0.539 -0.697 -0.841 
0.000 0.000 0.000 0.000 0.000 0.000 0.000 0.000 0.000 0.000 -0.144 -0.233 -0.352 -0.497 -0.655 -0.805 -0.924 -0.991 -0.992 -0.927 -0.809 -0.659 -0.502 -0.459 -0.615 -0.769 
0.000 0.000 0.000 0.000 0.000 0.000 0.000 0.000 0.000 0.000 -0.109 -0.183 -0.287 -0.419 -0.572 -0.729 -0.868 -0.964 -1.000 -0.969 -0.876 -0.740 -0.583 -0.429 -0.533 -0.691 
0.000 0.000 0.000 0.000 0.000 0.000 0.000 0.000 0.000 0.000 0.000 -0.141 -0.229 -0.347 -0.491 -0.648 -0.799 -0.920 -0.989 -0.993 -0.931 -0.815 -0.666 -0.508 -0.453 -0.609 
0.000 0.000 0.000 0.000 0.000 0.000 0.000 0.000 0.000 0.000 0.000 -0.107 -0.180 -0.282 -0.413 -0.566 -0.723 -0.863 -0.961 -1.000 -0.971 -0.881 -0.746 -0.590 -0.435 -0.526 
0.000 0.000 0.000 0.000 0.000 0.000 0.000 0.000 0.000 0.000 0.000 0.000 -0.138 -0.225 -0.342 -0.485 -0.642 -0.794 -0.916 -0.988 -0.994 -0.935 -0.820 -0.672 -0.514 -0.447 
0.000 0.000 0.000 0.000 0.000 0.000 0.000 0.000 0.000 0.000 0.000 0.000 -0.104 -0.176 -0.277 -0.408 -0.559 -0.717 -0.858 -0.958 -1.000 -0.973 -0.885 -0.752 -0.596 -0.441 
# 2 1 26 26
-0.406 -0.558 -0.716 -0.857 -0.958 -1.000 -0.975 -0.887 -0.754 -0.598 -0.443 -0.306 -0.198 -0.119 0.000 0.000 0.000 0.000 0.000 0.000 0.000 0.000 0.000 0.000 0.000 0.000 
-0.558 -0.406 -0.558 -0.716 -0.857 -0.958 -1.000 -0.975 -0.887 -0.754 -0.598 -0.443 -0.306 -0.198 -0.119 0.000 0.000 0.000 0.000 0.000 0.000 0.000 0.000 0.000 0.000 0.000 
-0.716 -0.558 -0.406 -0.558 -0.716 -0.857 -0.958 -1.000 -0.975 -0.887 -0.754 -0.598 -0.443 -0.306 -0.198 -0.119 0.000 0.000 0.000 0.000 0.000 0.000 0.000 0.000 0.000 0.000 
-0.857 -0.716 -0.558 -0.406 -0.558 -0.716 -0.857 -0.958 -1.000 -0.975 -0.887 -0.754 -0.598 -0.443 -0.306 -0.198 -0.119 0.000 0.000 0.000 0.000 0.000 0.000 0.000 0.000 0.000 
-0.958 -0.857 -0.716 -0.558 -0.406 -0.558 -0.716 -0.857 -0.958 -1.000 -0.975 -0.887 -0.754 -0.598 -0.443 -0.306 -0.198 -0.119 0.000 0.000 0.000 0.000 0.000 0.000 0.000 0.000 
-1.000 -0.958 -0.857 -0.716 -0.558 -0.406 -0.558 -0.716 -0.857 -0.958 -1.000 -0.975 -0.887 -0.754 -0.598 -0.443 -0.306 -0.198 -0.119 0.000 0.000 0.000 0.000 0.000 0.000 0.000 
-0.975 -1.000 -0.958 -0.857 -0.716 -0.558 -0.406 -0.558 -0.716 -0.857 -0.958 -1.000 -0.975 -0.887 -0.754 -0.598 -0.443 -0.306 -0.198 -0.119 0.000 0.000 0.000 0.000 0.000 0.000 
-0.887 -0.975 -1.000 -0.958 -0.857 -0.716 -0.558 -0.406 -0.558 -0.716 -0.857 -0.958 -1.000 -0.975 -0.887 -0.754 -0.598 -0.443 -0.306 -0.198 -0.119 0.000 0.000 0.000 0.000 0.000 
-0.754 -0.887 -0.975 -1.000 -0.958 -0.857 -0.716 -0.558 -0.406 -0.558 -0.716 -0.857 -0.958 -1.000 -0.975 -0.887 -0.754 -0.598 -0.443 -0.306 -0.198 -0.119 0.000 0.000 0.000 0.000 
-0.598 -0.754 -0.887 -0.975 -1.000 -0.958 -0.857 -0.716 -0.558 -0.406 -0.558 -0.716 -0.857 -0.958 -1.000 -0.975 -0.887 -0.754 -0.598 -0.443 -0.306 -0.198 -0.119 0.000 0.000 0.000 
-0.443 -0.598 -0.754 -0.887 -0.975 -1.000 -0.958 -0.857 -0.716 -0.558 -0.406 -0.558 -0.716 -0.857 -0.958 -1.000 -0.975 -0.887 -0.754 -0.598 -0.443 -0.306 -0.198 -0.119 0.000 0.000 
-0.306 -0.443 -0.598 -0.754 -0.887 -0.975 -1.000 -0.958 -0.857 -0.716 -0.558 -0.406 -0.558 -0.716 -0.857 -0.958 -1.000 -0.975 -0.887 -0.754 -0.598 -0.443 -0.306 -0.198 -0.119 0.000 
-0.198 -0.306 -0.443 -0.598 -0.754 -0.887 -0.975 -1.000 -0.958 -0.857 -0.716 -0.558 -0.406 -0.558 -0.716 -0.857 -0.958 -1.000 -0.975 -0.887 -0.754 -0.598 -0.443 -0.306 -0.198 -0.119 
-0.119 -0.198 -0.306 -0.443 -0.598 -0.754 -0.887 -0.975 -1.000 -0.958 -0.857 -0.716 -0.558 -0.406 -0.558 -0.716 -0.857 -0.958 -1.000 -0.975 -0.887 -0.754 -0.598 -0.443 -0.306 -0.198 
0.000 -0.119 -0.198 -0.306 -0.443 -0.598 -0.754 -0.887 -0.975 -1.000 -0.958 -0.857 -0.716 -0.558 -0.406 -0.558 -0.716 -0.857 -0.958 -1.000 -0.975 -0.887 -0.754 -0.598 -0.443 -0.306 
0.000 0.000 -0.119 -0.198 -0.306 -0.443 -0.598 -0.754 -0.887 -0.975 -1.000 -0.958 -0.857 -0.716 -0.558 -0.406 -0.558 -0.716 -0.857 -0.958 -1.000 -0.975 -0.887 -0.754 -0.598 -0.443 
0.000 0.000 0.000 -0.119 -0.198 -0.306 -0.443 -0.598 -0.754 -0.887 -0.975 -1.000 -0.958 -0.857 -0.716 -0.558 -0.406 -0.558 -0.716 -0.857 -0.958 -1.000 -0.975 -0.887 -0.754 -0.598 
0.000 0.000 0.000 0.000 -0.119 -0.198 -0.306 -0.443 -0.598 -0.754 -0.887 -0.975 -1.000 -0.958 -0.857 -0.716 -0.558 -0.406 -0.558 -0.716 -0.857 -0.958 -1.000 -0.975 -0.887 -0.754 
0.000 0.000 0.000 0.000 0.000 -0.119 -0.198 -0.306 -0.443 -0.598 -0.754 -0.887 -0.975 -1.000 -0.958 -0.857 -0.716 -0.558 -0.406 -0.558 -0.716 -0.857 -0.958 -1.000 -0.975 -0.887 
0.000 0.000 0.000 0.000 0.000 0.000 -0.119 -0.198 -0.306 -0.443 -0.598 -0.754 -0.887 -0.975 -1.000 -0.958 -0.857 -0.716 -0.558 -0.406 -0.558 -0.716 -0.857 -0.958 -1.000 -0.975 
0.000 0.000 0.000 0.000 0.000 0.000 0.000 -0.119 -0.198 -0.306 -0.443 -0.598 -0.754 -0.887 -0.975 -1.000 -0.958 -0.857 -0.716 -0.558 -0.406 -0.558 -0.716 -0.857 -0.958 -1.000 
0.000 0.000 0.000 0.000 0.000 0.000 0.000 0.000 -0.119 -0.198 -0.306 -0.443 -0.598 -0.754 -0.887 -0.975 -1.000 -0.958 -0.857 -0.716 -0.558 -0.406 -0.558 -0.716 -0.857 -0.958 
0.000 0.000 0.000 0.000 0.000 0.000 0.000 0.000 0.000 -0.119 -0.198 -0.306 -0.443 -0.598 -0.754 -0.887 -0.975 -1.000 -0.958 -0.857 -0.716 -0.558 -0.406 -0.558 -0.716 -0.857 
0.000 0.000 0.000 0.000 0.000 0.000 0.000 0.000 0.000 0.000 -0.119 -0.198 -0.306 -0.443 -0.598 -0.754 -0.887 -0.975 -1.000 -0.958 -0.857 -0.716 -0.558 -0.406 -0.558 -0.716 
0.000 0.000 0.000 0.000 0.000 0.000 0.000 0.000 0.000 0.000 0.000 -0.119 -0.198 -0.306 -0.443 -0.598 -0.754 -0.887 -0.975 -1.000 -0.958 -0.857 -0.716 -0.558 -0.406 -0.558 
0.000 0.000 0.000 0.000 0.000 0.000 0.000 0.000 0.000 0.000 0.000 0.000 -0.119 -0.198 -0.306 -0.443 -0.598 -0.754 -0.887 -0.975 -1.000 -0.958 -0.857 -0.716 -0.558 -0.406 
