3.373310
5
# 0 1 14 50
0.860 0.781 0.817 0.890 0.947 0.985 1.000 0.991 0.960 0.907 0.838 0.755 0.665 0.572 0.480 0.394 0.315 0.247 0.188 0.140 0.102 0.000 0.000 0.000 0.000 0.000 0.000 0.000 0.000 0.000 0.000 0.000 0.000 0.000 0.000 0.000 0.000 0.000 0.000 0.000 0.000 0.000 0.000 0.000 0.000 0.000 0.000 0.000 0.000 0.000 
1.000 0.988 0.954 0.899 0.828 0.769 0.850 0.917 0.966 0.994 0.999 0.980 0.939 0.879 0.804 0.717 0.625 0.532 0.442 0.359 0.285 0.220 0.167 0.123 0.000 0.000 0.000 0.000 0.000 0.000 0.000 0.000 0.000 0.000 0.000 0.000 0.000 0.000 0.000 0.000 0.000 0.000 0.000 0.000 0.000 0.000 0.000 0.000 0.000 0.000 
0.859 0.924 0.971 0.996 0.998 0.976 0.933 0.870 0.793 0.805 0.880 0.940 0.981 0.999 0.994 0.965 0.916 0.848 0.768 0.678 0.585 0.493 0.406 0.326 0.256 0.196 0.147 0.107 0.000 0.000 0.000 0.000 0.000 0.000 0.000 0.000 0.000 0.000 0.000 0.000 0.000 0.000 0.000 0.000 0.000 0.000 0.000 0.000 0.000 0.000 
0.545 0.638 0.730 0.815 0.889 0.947 0.984 1.000 0.992 0.960 0.908 0.839 0.757 0.839 0.908 0.960 0.992 1.000 0.984 0.947 0.889 0.815 0.730 0.638 0.545 0.455 0.370 0.295 0.229 0.174 0.129 0.000 0.000 0.000 0.000 0.000 0.000 0.000 0.000 0.000 0.000 0.000 0.000 0.000 0.000 0.000 0.000 0.000 0.000 0.000 
0.256 0.326 0.406 0.493 0.585 0.678 0.768 0.848 0.916 0.965 0.994 0.999 0.981 0.940 0.880 0.805 0.793 0.870 0.933 0.976 0.998 0.996 0.971 0.924 0.859 0.780 0.691 0.598 0.506 0.418 0.337 0.265 0.204 0.153 0.112 0.000 0.000 0.000 0.000 0.000 0.000 0.000 0.000 0.000 0.000 0.000 0.000 0.000 0.000 0.000 
0.000 0.123 0.167 0.220 0.285 0.359 0.442 0.532 0.625 0.717 0.804 0.879 0.939 0.980 0.999 0.994 0.966 0.917 0.850 0.769 0.828 0.899 0.954 0.988 1.000 0.988 0.953 0.898 0.827 0.743 0.652 0.559 0.467 0.382 0.305 0.238 0.181 0.134 0.000 0.000 0.000 0.000 0.000 0.000 0.000 0.000 0.000 0.000 0.000 0.000 
0.000 0.000 0.000 0.000 0.102 0.140 0.188 0.247 0.315 0.394 0.480 0.572 0.665 0.755 0.838 0.907 0.960 0.991 1.000 0.985 0.947 0.890 0.817 0.781 0.860 0.925 0.971 0.996 0.998 0.976 0.932 0.869 0.792 0.704 0.612 0.519 0.430 0.348 0.275 0.212 0.160 0.118 0.000 0.000 0.000 0.000 0.000 0.000 0.000 0.000 
0.000 0.000 0.000 0.000 0.000 0.000 0.000 0.000 0.118 0.160 0.212 0.275 0.348 0.430 0.519 0.612 0.704 0.792 0.869 0.932 0.976 0.998 0.996 0.971 0.925 0.860 0.781 0.817 0.890 0.947 0.985 1.000 0.991 0.960 0.907 0.838 0.755 0.665 0.572 0.480 0.394 0.315 0.247 0.188 0.140 0.102 0.000 0.000 0.000 0.000 
0.000 0.000 0.000 0.000 0.000 0.000 0.000 0.000 0.000 0.000 0.000 0.000 0.134 0.181 0.238 0.305 0.382 0.467 0.559 0.652 0.743 0.827 0.898 0.953 0.988 1.000 0.988 0.954 0.899 0.828 0.769 0.850 0.917 0.966 0.994 0.999 0.980 0.939 0.879 0.804 0.717 0.625 0.532 0.442 0.359 0.285 0.220 0.167 0.123 0.000 
0.000 0.000 0.000 0.000 0.000 0.000 0.000 0.000 0.000 0.000 0.000 0.000 0.000 0.000 0.000 0.112 0.153 0.204 0.265 0.337 0.418 0.506 0.598 0.691 0.780 0.859 0.924 0.971 0.996 0.998 0.976 0.933 0.870 0.793 0.805 0.880 0.940 0.981 0.999 0.994 0.965 0.916 0.848 0.768 0.678 0.585 0.493 0.406 0.326 0.256 
0.000 0.000 0.000 0.000 0.000 0.000 0.000 0.000 0.000 0.000 0.000 0.000 0.000 0.000 0.000 0.000 0.000 0.000 0.000 0.129 0.174 0.229 0.295 0.370 0.455 0.545 0.638 0.730 0.815 0.889 0.947 0.984 1.000 0.992 0.960 0.908 0.839 0.757 0.839 0.908 0.960 0.992 1.000 0.984 0.947 0.889 0.815 0.730 0.638 0.545 
0.000 0.000 0.000 0.000 0.000 0.000 0.000 0.000 0.000 0.000 0.000 0.000 0.000 0.000 0.000 0.000 0.000 0.000 0.000 0.000 0.000 0.000 0.107 0.147 0.196 0.256 0.326 0.406 0.493 0.585 0.678 0.768 0.848 0.916 0.965 0.994 0.999 0.981 0.940 0.880 0.805 0.793 0.870 0.933 0.976 0.998 0.996 0.971 0.924 0.859 
0.000 0.000 0.000 0.000 0.000 0.000 0.000 0.000 0.000 0.000 0.000 0.000 0.000 0.000 0.000 0.000 0.000 0.000 0.000 0.000 0.000 0.000 0.000 0.000 0.000 0.000 0.123 0.167 0.220 0.285 0.359 0.442 0.532 0.625 0.717 0.804 0.879 0.939 0.980 0.999 0.994 0.966 0.917 0.850 0.769 0.828 0.899 0.954 0.988 1.000 
0.000 0.000 0.000 0.000 0.000 0.000 0.000 0.000 0.000 0.000 0.000 0.000 0.000 0.000 0.000 0.000 0.000 0.000 0.000 0.000 0.000 0.000 0.000 0.000 0.000 0.000 0.000 0.000 0.000 0.102 0.140 0.188 0.247 0.315 0.394 0.480 0.572 0.665 0.755 0.838 0.907 0.960 0.991 1.000 0.985 0.947 0.890 0.817 0.781 0.860 
# 0 2 3 50
0.900 0.954 0.989 1.000 0.988 0.953 0.898 0.826 0.771 0.852 0.918 0.967 0.995 0.999 0.980 0.938 0.878 0.802 0.715 0.623 0.530 0.440 0.357 0.283 0.219 0.165 0.122 0.000 0.000 0.000 0.000 0.000 0.000 0.000 0.000 0.000 0.000 0.000 0.000 0.000 0.000 0.000 0.000 0.000 0.000 0.000 0.000 0.000 0.000 0.000 
0.000 0.000 0.000 0.000 0.000 0.000 0.110 0.150 0.200 0.260 0.331 0.412 0.499 0.592 0.685 0.774 0.854 0.920 0.968 0.995 0.999 0.979 0.937 0.876 0.799 0.799 0.876 0.937 0.979 0.999 0.995 0.968 0.920 0.854 0.774 0.685 0.592 0.499 0.412 0.331 0.260 0.200 0.150 0.110 0.000 0.000 0.000 0.000 0.000 0.000 
0.000 0.000 0.000 0.000 0.000 0.000 0.000 0.000 0.000 0.000 0.000 0.000 0.000 0.000 0.000 0.000 0.000 0.000 0.000 0.000 0.000 0.000 0.000 0.122 0.165 0.219 0.283 0.357 0.440 0.530 0.623 0.715 0.802 0.878 0.938 0.980 0.999 0.995 0.967 0.918 0.852 0.771 0.826 0.898 0.953 0.988 1.000 0.989 0.954 0.900 
# 0 3 20 50
0.819 0.778 0.858 0.923 0.970 0.996 0.998 0.977 0.934 0.872 0.795 0.708 0.615 0.522 0.433 0.351 0.277 0.214 0.161 0.119 0.000 0.000 0.000 0.000 0.000 0.000 0.000 0.000 0.000 0.000 0.000 0.000 0.000 0.000 0.000 0.000 0.000 0.000 0.000 0.000 0.000 0.000 0.000 0.000 0.000 0.000 0.000 0.000 0.000 0.000 
0.970 0.923 0.858 0.778 0.819 0.892 0.949 0.986 1.000 0.991 0.958 0.905 0.835 0.752 0.662 0.569 0.477 0.391 0.313 0.244 0.186 0.139 0.101 0.000 0.000 0.000 0.000 0.000 0.000 0.000 0.000 0.000 0.000 0.000 0.000 0.000 0.000 0.000 0.000 0.000 0.000 0.000 0.000 0.000 0.000 0.000 0.000 0.000 0.000 0.000 
0.991 1.000 0.986 0.949 0.892 0.819 0.778 0.858 0.923 0.970 0.996 0.998 0.977 0.934 0.872 0.795 0.708 0.615 0.522 0.433 0.351 0.277 0.214 0.161 0.119 0.000 0.000 0.000 0.000 0.000 0.000 0.000 0.000 0.000 0.000 0.000 0.000 0.000 0.000 0.000 0.000 0.000 0.000 0.000 0.000 0.000 0.000 0.000 0.000 0.000 
0.872 0.934 0.977 0.998 0.996 0.970 0.923 0.858 0.778 0.819 0.892 0.949 0.986 1.000 0.991 0.958 0.905 0.835 0.752 0.662 0.569 0.477 0.391 0.313 0.244 0.186 0.139 0.101 0.000 0.000 0.000 0.000 0.000 0.000 0.000 0.000 0.000 0.000 0.000 0.000 0.000 0.000 0.000 0.000 0.000 0.000 0.000 0.000 0.000 0.000 
0.662 0.752 0.835 0.905 0.958 0.991 1.000 0.986 0.949 0.892 0.819 0.778 0.858 0.923 0.970 0.996 0.998 0.977 0.934 0.872 0.795 0.708 0.615 0.522 0.433 0.351 0.277 0.214 0.161 0.119 0.000 0.000 0.000 0.000 0.000 0.000 0.000 0.000 0.000 0.000 0.000 0.000 0.000 0.000 0.000 0.000 0.000 0.000 0.000 0.000 
0.433 0.522 0.615 0.708 0.795 0.872 0.934 0.977 0.998 0.996 0.970 0.923 0.858 0.778 0.819 0.892 0.949 0.986 1.000 0.991 0.958 0.905 0.835 0.752 0.662 0.569 0.477 0.391 0.313 0.244 0.186 0.139 0.101 0.000 0.000 0.000 0.000 0.000 0.000 0.000 0.000 0.000 0.000 0.000 0.000 0.000 0.000 0.000 0.000 0.000 
0.244 0.313 0.391 0.477 0.569 0.662 0.752 0.835 0.905 0.958 0.991 1.000 0.986 0.949 0.892 0.819 0.778 0.858 0.923 0.970 0.996 0.998 0.977 0.934 0.872 0.795 0.708 0.615 0.522 0.433 0.351 0.277 0.214 0.161 0.119 0.000 0.000 0.000 0.000 0.000 0.000 0.000 0.000 0.000 0.000 0.000 0.000 0.000 0.000 0.000 
0.119 0.161 0.214 0.277 0.351 0.433 0.522 0.615 0.708 0.795 0.872 0.934 0.977 0.998 0.996 0.970 0.923 0.858 0.778 0.819 0.892 0.949 0.986 1.000 0.991 0.958 0.905 0.835 0.752 0.662 0.569 0.477 0.391 0.313 0.244 0.186 0.139 0.101 0.000 0.000 0.000 0.000 0.000 0.000 0.000 0.000 0.000 0.000 0.000 0.000 
0.000 0.000 0.101 0.139 0.186 0.244 0.313 0.391 0.477 0.569 0.662 0.752 0.835 0.905 0.958 0.991 1.000 0.986 0.949 0.892 0.819 0.778 0.858 0.923 0.970 0.996 0.998 0.977 0.934 0.872 0.795 0.708 0.615 0.522 0.433 0.351 0.277 0.214 0.161 0.119 0.000 0.000 0.000 0.000 0.000 0.000 0.000 0.000 0.000 0.000 
0.000 0.000 0.000 0.000 0.000 0.119 0.161 0.214 0.277 0.351 0.433 0.522 0.615 0.708 0.795 0.872 0.934 0.977 0.998 0.996 0.970 0.923 0.858 0.778 0.819 0.892 0.949 0.986 1.000 0.991 0.958 0.905 0.835 0.752 0.662 0.569 0.477 0.391 0.313 0.244 0.186 0.139 0.101 0.000 0.000 0.000 0.000 0.000 0.000 0.000 
0.000 0.000 0.000 0.000 0.000 0.000 0.000 0.101 0.139 0.186 0.244 0.313 0.391 0.477 0.569 0.662 0.752 0.835 0.905 0.958 0.991 1.000 0.986 0.949 0.892 0.819 0.778 0.858 0.923 0.970 0.996 0.998 0.977 0.934 0.872 0.795 0.708 0.615 0.522 0.433 0.351 0.277 0.214 0.161 0.119 0.000 0.000 0.000 0.000 0.000 
0.000 0.000 0.000 0.000 0.000 0.000 0.000 0.000 0.000 0.000 0.119 0.161 0.214 0.277 0.351 0.433 0.522 0.615 0.708 0.795 0.872 0.934 0.977 0.998 0.996 0.970 0.923 0.858 0.778 0.819 0.892 0.949 0.986 1.000 0.991 0.958 0.905 0.835 0.752 0.662 0.569 0.477 0.391 0.313 0.244 0.186 0.139 0.101 0.000 0.000 
0.000 0.000 0.000 0.000 0.000 0.000 0.000 0.000 0.000 0.000 0.000 0.000 0.101 0.139 0.186 0.244 0.313 0.391 0.477 0.569 0.662 0.752 0.835 0.905 0.958 0.991 1.000 0.986 0.949 0.892 0.819 0.778 0.858 0.923 0.970 0.996 0.998 0.977 0.934 0.872 0.795 0.708 0.615 0.522 0.433 0.351 0.277 0.214 0.161 0.119 
0.000 0.000 0.000 0.000 0.000 0.000 0.000 0.000 0.000 0.000 0.000 0.000 0.000 0.000 0.000 0.119 0.161 0.214 0.277 0.351 0.433 0.522 0.615 0.708 0.795 0.872 0.934 0.977 0.998 0.996 0.970 0.923 0.858 0.778 0.819 0.892 0.949 0.986 1.000 0.991 0.958 0.905 0.835 0.752 0.662 0.569 0.477 0.391 0.313 0.244 
0.000 0.000 0.000 0.000 0.000 0.000 0.000 0.000 0.000 0.000 0.000 0.000 0.000 0.000 0.000 0.000 0.000 0.101 0.139 0.186 0.244 0.313 0.391 0.477 0.569 0.662 0.752 0.835 0.905 0.958 0.991 1.000 0.986 0.949 0.892 0.819 0.778 0.858 0.923 0.970 0.996 0.998 0.977 0.934 0.872 0.795 0.708 0.615 0.522 0.433 
0.000 0.000 0.000 0.000 0.000 0.000 0.000 0.000 0.000 0.000 0.000 0.000 0.000 0.000 0.000 0.000 0.000 0.000 0.000 0.000 0.119 0.161 0.214 0.277 0.351 0.433 0.522 0.615 0.708 0.795 0.872 0.934 0.977 0.998 0.996 0.970 0.923 0.858 0.778 0.819 0.892 0.949 0.986 1.000 0.991 0.958 0.905 0.835 0.752 0.662 
0.000 0.000 0.000 0.000 0.000 0.000 0.000 0.000 0.000 0.000 0.000 0.000 0.000 0.000 0.000 0.000 0.000 0.000 0.000 0.000 0.000 0.000 0.101 0.139 0.186 0.244 0.313 0.391 0.477 0.569 0.662 0.752 0.835 0.905 0.958 0.991 1.000 0.986 0.949 0.892 0.819 0.778 0.858 0.923 0.970 0.996 0.998 0.977 0.934 0.872 
0.000 0.000 0.000 0.000 0.000 0.000 0.000 0.000 0.000 0.000 0.000 0.000 0.000 0.000 0.000 0.000 0.000 0.000 0.000 0.000 0.000 0.000 0.000 0.000 0.000 0.119 0.161 0.214 0.277 0.351 0.433 0.522 0.615 0.708 0.795 0.872 0.934 0.977 0.998 0.996 0.970 0.923 0.858 0.778 0.819 0.892 0.949 0.986 1.000 0.991 
0.000 0.000 0.000 0.000 0.000 0.000 0.000 0.000 0.000 0.000 0.000 0.000 0.000 0.000 0.000 0.000 0.000 0.000 0.000 0.000 0.000 0.000 0.000 0.000 0.000 0.000 0.000 0.101 0.139 0.186 0.244 0.313 0.391 0.477 0.569 0.662 0.752 0.835 0.905 0.958 0.991 1.000 0.986 0.949 0.892 0.819 0.778 0.858 0.923 0.970 
0.000 0.000 0.000 0.000 0.000 0.000 0.000 0.000 0.000 0.000 0.000 0.000 0.000 0.000 0.000 0.000 0.000 0.000 0.000 0.000 0.000 0.000 0.000 0.000 0.000 0.000 0.000 0.000 0.000 0.000 0.119 0.161 0.214 0.277 0.351 0.433 0.522 0.615 0.708 0.795 0.872 0.934 0.977 0.998 0.996 0.970 0.923 0.858 0.778 0.819 
# 0 4 7 50
0.963 0.913 0.844 0.763 0.833 0.904 0.957 0.990 1.000 0.986 0.950 0.894 0.821 0.736 0.645 0.552 0.461 0.376 0.300 0.233 0.177 0.131 0.000 0.000 0.000 0.000 0.000 0.000 0.000 0.000 0.000 0.000 0.000 0.000 0.000 0.000 0.000 0.000 0.000 0.000 0.000 0.000 0.000 0.000 0.000 0.000 0.000 0.000 0.000 0.000 
0.711 0.798 0.874 0.936 0.978 0.998 0.995 0.969 0.921 0.855 0.775 0.822 0.895 0.951 0.987 1.000 0.990 0.957 0.903 0.832 0.749 0.658 0.565 0.474 0.388 0.310 0.242 0.185 0.137 0.000 0.000 0.000 0.000 0.000 0.000 0.000 0.000 0.000 0.000 0.000 0.000 0.000 0.000 0.000 0.000 0.000 0.000 0.000 0.000 0.000 
0.156 0.208 0.270 0.342 0.424 0.512 0.605 0.698 0.786 0.864 0.928 0.973 0.997 0.997 0.974 0.929 0.865 0.787 0.811 0.885 0.944 0.983 1.000 0.993 0.963 0.912 0.843 0.761 0.672 0.578 0.487 0.400 0.321 0.251 0.192 0.144 0.105 0.000 0.000 0.000 0.000 0.000 0.000 0.000 0.000 0.000 0.000 0.000 0.000 0.000 
0.000 0.000 0.000 0.000 0.000 0.000 0.110 0.150 0.200 0.260 0.331 0.412 0.499 0.592 0.685 0.774 0.854 0.920 0.968 0.995 0.999 0.979 0.937 0.876 0.799 0.799 0.876 0.937 0.979 0.999 0.995 0.968 0.920 0.854 0.774 0.685 0.592 0.499 0.412 0.331 0.260 0.200 0.150 0.110 0.000 0.000 0.000 0.000 0.000 0.000 
0.000 0.000 0.000 0.000 0.000 0.000 0.000 0.000 0.000 0.000 0.000 0.000 0.000 0.105 0.144 0.192 0.251 0.321 0.400 0.487 0.578 0.672 0.761 0.843 0.912 0.963 0.993 1.000 0.983 0.944 0.885 0.811 0.787 0.865 0.929 0.974 0.997 0.997 0.973 0.928 0.864 0.786 0.698 0.605 0.512 0.424 0.342 0.270 0.208 0.156 
0.000 0.000 0.000 0.000 0.000 0.000 0.000 0.000 0.000 0.000 0.000 0.000 0.000 0.000 0.000 0.000 0.000 0.000 0.000 0.000 0.000 0.137 0.185 0.242 0.310 0.388 0.474 0.565 0.658 0.749 0.832 0.903 0.957 0.990 1.000 0.987 0.951 0.895 0.822 0.775 0.855 0.921 0.969 0.995 0.998 0.978 0.936 0.874 0.798 0.711 
0.000 0.000 0.000 0.000 0.000 0.000 0.000 0.000 0.000 0.000 0.000 0.000 0.000 0.000 0.000 0.000 0.000 0.000 0.000 0.000 0.000 0.000 0.000 0.000 0.000 0.000 0.000 0.000 0.131 0.177 0.233 0.300 0.376 0.461 0.552 0.645 0.736 0.821 0.894 0.950 0.986 1.000 0.990 0.957 0.904 0.833 0.763 0.844 0.913 0.963 
# 1 0 50 14
-0.820 -0.999 -0.861 -0.525 -0.226 0.000 0.000 0.000 0.000 0.000 0.000 0.000 0.000 0.000 
-0.729 -0.979 -0.930 -0.624 -0.297 0.000 0.000 0.000 0.000 0.000 0.000 0.000 0.000 0.000 
-0.769 -0.933 -0.977 -0.723 -0.378 -0.140 0.000 0.000 0.000 0.000 0.000 0.000 0.000 0.000 
-0.855 -0.866 -0.999 -0.814 -0.470 -0.192 0.000 0.000 0.000 0.000 0.000 0.000 0.000 0.000 
-0.925 -0.782 -0.994 -0.893 -0.567 -0.255 0.000 0.000 0.000 0.000 0.000 0.000 0.000 0.000 
-0.974 -0.715 -0.962 -0.953 -0.667 -0.330 -0.116 0.000 0.000 0.000 0.000 0.000 0.000 0.000 
-0.998 -0.808 -0.907 -0.989 -0.763 -0.417 -0.161 0.000 0.000 0.000 0.000 0.000 0.000 0.000 
-0.995 -0.887 -0.832 -1.000 -0.850 -0.511 -0.217 0.000 0.000 0.000 0.000 0.000 0.000 0.000 
-0.966 -0.949 -0.743 -0.983 -0.921 -0.610 -0.286 0.000 0.000 0.000 0.000 0.000 0.000 0.000 
-0.912 -0.987 -0.756 -0.941 -0.971 -0.709 -0.366 -0.134 0.000 0.000 0.000 0.000 0.000 0.000 
-0.838 -1.000 -0.844 -0.877 -0.997 -0.802 -0.456 -0.184 0.000 0.000 0.000 0.000 0.000 0.000 
-0.750 -0.986 -0.916 -0.795 -0.996 -0.883 -0.553 -0.245 0.000 0.000 0.000 0.000 0.000 0.000 
-0.653 -0.945 -0.968 -0.702 -0.968 -0.945 -0.653 -0.319 -0.110 0.000 0.000 0.000 0.000 0.000 
-0.553 -0.883 -0.996 -0.795 -0.916 -0.986 -0.750 -0.404 -0.154 0.000 0.000 0.000 0.000 0.000 
-0.456 -0.802 -0.997 -0.877 -0.844 -1.000 -0.838 -0.497 -0.209 0.000 0.000 0.000 0.000 0.000 
-0.366 -0.709 -0.971 -0.941 -0.756 -0.987 -0.912 -0.596 -0.275 0.000 0.000 0.000 0.000 0.000 
-0.286 -0.610 -0.921 -0.983 -0.743 -0.949 -0.966 -0.695 -0.354 -0.128 0.000 0.000 0.000 0.000 
-0.217 -0.511 -0.850 -1.000 -0.832 -0.887 -0.995 -0.789 -0.443 -0.176 0.000 0.000 0.000 0.000 
-0.161 -0.417 -0.763 -0.989 -0.907 -0.808 -0.998 -0.872 -0.539 -0.236 0.000 0.000 0.000 0.000 
-0.116 -0.330 -0.667 -0.953 -0.962 -0.715 -0.974 -0.938 -0.639 -0.308 -0.105 0.000 0.000 0.000 
0.000 -0.255 -0.567 -0.893 -0.994 -0.782 -0.925 -0.981 -0.736 -0.391 -0.147 0.000 0.000 0.000 
0.000 -0.192 -0.470 -0.814 -0.999 -0.866 -0.855 -1.000 -0.826 -0.483 -0.200 0.000 0.000 0.000 
0.000 -0.140 -0.378 -0.723 -0.977 -0.933 -0.769 -0.991 -0.903 -0.582 -0.265 0.000 0.000 0.000 
0.000 0.000 -0.297 -0.624 -0.930 -0.979 -0.729 -0.956 -0.959 -0.681 -0.342 -0.122 0.000 0.000 
0.000 0.000 -0.226 -0.525 -0.861 -0.999 -0.820 -0.897 -0.992 -0.776 -0.430 -0.168 0.000 0.000 
0.000 0.000 -0.168 -0.430 -0.776 -0.992 -0.897 -0.820 -0.999 -0.861 -0.525 -0.226 0.000 0.000 
0.000 0.000 -0.122 -0.342 -0.681 -0.959 -0.956 -0.729 -0.979 -0.930 -0.624 -0.297 0.000 0.000 
0.000 0.000 0.000 -0.265 -0.582 -0.903 -0.991 -0.769 -0.933 -0.977 -0.723 -0.378 -0.140 0.000 
0.000 0.000 0.000 -0.200 -0.483 -0.826 -1.000 -0.855 -0.866 -0.999 -0.814 -0.470 -0.192 0.000 
0.000 0.000 0.000 -0.147 -0.391 -0.736 -0.981 -0.925 -0.782 -0.994 -0.893 -0.567 -0.255 0.000 
0.000 0.000 0.000 -0.105 -0.308 -0.639 -0.938 -0.974 -0.715 -0.962 -0.953 -0.667 -0.330 -0.116 
0.000 0.000 0.000 0.000 -0.236 -0.539 -0.872 -0.998 -0.808 -0.907 -0.989 -0.763 -0.417 -0.161 
0.000 0.000 0.000 0.000 -0.176 -0.443 -0.789 -0.995 -0.887 -0.832 -1.000 -0.850 -0.511 -0.217 
0.000 0.000 0.000 0.000 -0.128 -0.354 -0.695 -0.966 -0.949 -0.743 -0.983 -0.921 -0.610 -0.286 
0.000 0.000 0.000 0.000 0.000 -0.275 -0.596 -0.912 -0.987 -0.756 -0.941 -0.971 -0.709 -0.366 
0.000 0.000 0.000 0.000 0.000 -0.209 -0.497 -0.838 -1.000 -0.844 -0.877 -0.997 -0.802 -0.456 
0.000 0.000 0.000 0.000 0.000 -0.154 -0.404 -0.750 -0.986 -0.916 -0.795 -0.996 -0.883 -0.553 
0.000 0.000 0.000 0.000 0.000 -0.110 -0.319 -0.653 -0.945 -0.968 -0.702 -0.968 -0.945 -0.653 
0.000 0.000 0.000 0.000 0.000 0.000 -0.245 -0.553 -0.883 -0.996 -0.795 -0.916 -0.986 -0.750 
0.000 0.000 0.000 0.000 0.000 0.000 -0.184 -0.456 -0.802 -0.997 -0.877 -0.844 -1.000 -0.838 
0.000 0.000 0.000 0.000 0.000 0.000 -0.134 -0.366 -0.709 -0.971 -0.941 -0.756 -0.987 -0.912 
0.000 0.000 0.000 0.000 0.000 0.000 0.000 -0.286 -0.610 -0.921 -0.983 -0.743 -0.949 -0.966 
0.000 0.000 0.000 0.000 0.000 0.000 0.000 -0.217 -0.511 -0.850 -1.000 -0.832 -0.887 -0.995 
0.000 0.000 0.000 0.000 0.000 0.000 0.000 -0.161 -0.417 -0.763 -0.989 -0.907 -0.808 -0.998 
0.000 0.000 0.000 0.000 0.000 0.000 0.000 -0.116 -0.330 -0.667 -0.953 -0.962 -0.715 -0.974 
0.000 0.000 0.000 0.000 0.000 0.000 0.000 0.000 -0.255 -0.567 -0.893 -0.994 -0.782 -0.925 
0.000 0.000 0.000 0.000 0.000 0.000 0.000 0.000 -0.192 -0.470 -0.814 -0.999 -0.866 -0.855 
0.000 0.000 0.000 0.000 0.000 0.000 0.000 0.000 -0.140 -0.378 -0.723 -0.977 -0.933 -0.769 
0.000 0.000 0.000 0.000 0.000 0.000 0.000 0.000 0.000 -0.297 -0.624 -0.930 -0.979 -0.729 
0.000 0.000 0.000 0.000 0.000 0.000 0.000 0.000 0.000 -0.226 -0.525 -0.861 -0.999 -0.820 
# 1 2 3 14
-0.973 -0.941 -0.759 -0.989 -0.911 -0.594 -0.274 0.000 0.000 0.000 0.000 0.000 0.000 0.000 
0.000 0.000 -0.196 -0.477 -0.821 -1.000 -0.861 -0.861 -1.000 -0.821 -0.477 -0.196 0.000 0.000 
0.000 0.000 0.000 0.000 0.000 0.000 0.000 -0.274 -0.594 -0.911 -0.989 -0.759 -0.941 -0.973 
# 1 3 20 14
-0.753 -0.987 -0.914 -0.600 -0.278 0.000 0.000 0.000 0.000 0.000 0.000 0.000 0.000 0.000 
-0.874 -0.847 -1.000 -0.835 -0.494 -0.206 0.000 0.000 0.000 0.000 0.000 0.000 0.000 0.000 
-0.994 -0.786 -0.923 -0.983 -0.740 -0.394 -0.148 0.000 0.000 0.000 0.000 0.000 0.000 0.000 
-0.954 -0.961 -0.719 -0.975 -0.936 -0.635 -0.305 -0.104 0.000 0.000 0.000 0.000 0.000 0.000 
-0.773 -0.992 -0.900 -0.817 -0.999 -0.864 -0.529 -0.229 0.000 0.000 0.000 0.000 0.000 0.000 
-0.529 -0.864 -0.999 -0.817 -0.900 -0.992 -0.773 -0.426 -0.166 0.000 0.000 0.000 0.000 0.000 
-0.305 -0.635 -0.936 -0.975 -0.719 -0.961 -0.954 -0.671 -0.333 -0.117 0.000 0.000 0.000 0.000 
-0.148 -0.394 -0.740 -0.983 -0.923 -0.786 -0.994 -0.890 -0.564 -0.253 0.000 0.000 0.000 0.000 
0.000 -0.206 -0.494 -0.835 -1.000 -0.847 -0.874 -0.998 -0.805 -0.460 -0.186 0.000 0.000 0.000 
0.000 0.000 -0.278 -0.600 -0.914 -0.987 -0.753 -0.943 -0.970 -0.706 -0.363 -0.132 0.000 0.000 
0.000 0.000 -0.132 -0.363 -0.706 -0.970 -0.943 -0.753 -0.987 -0.914 -0.600 -0.278 0.000 0.000 
0.000 0.000 0.000 -0.186 -0.460 -0.805 -0.998 -0.874 -0.847 -1.000 -0.835 -0.494 -0.206 0.000 
0.000 0.000 0.000 0.000 -0.253 -0.564 -0.890 -0.994 -0.786 -0.923 -0.983 -0.740 -0.394 -0.148 
0.000 0.000 0.000 0.000 -0.117 -0.333 -0.671 -0.954 -0.961 -0.719 -0.975 -0.936 -0.635 -0.305 
0.000 0.000 0.000 0.000 0.000 -0.166 -0.426 -0.773 -0.992 -0.900 -0.817 -0.999 -0.864 -0.529 
0.000 0.000 0.000 0.000 0.000 0.000 -0.229 -0.529 -0.864 -0.999 -0.817 -0.900 -0.992 -0.773 
0.000 0.000 0.000 0.000 0.000 0.000 -0.104 -0.305 -0.635 -0.936 -0.975 -0.719 -0.961 -0.954 
0.000 0.000 0.000 0.000 0.000 0.000 0.000 -0.148 -0.394 -0.740 -0.983 -0.923 -0.786 -0.994 
0.000 0.000 0.000 0.000 0.000 0.000 0.000 0.000 -0.206 -0.494 -0.835 -1.000 -0.847 -0.874 
0.000 0.000 0.000 0.000 0.000 0.000 0.000 0.000 0.000 -0.278 -0.600 -0.914 -0.987 -0.753 
# 2 0 50 3
-0.574 0.000 0.000 
-0.432 0.000 0.000 
-0.308 0.000 0.000 
-0.207 0.000 0.000 
-0.131 -0.137 0.000 
0.000 -0.215 0.000 
0.000 -0.319 0.000 
0.000 -0.446 0.000 
0.000 -0.588 0.000 
0.000 -0.732 0.000 
0.000 -0.860 0.000 
0.000 -0.953 0.000 
-0.153 -0.998 0.000 
-0.237 -0.985 0.000 
-0.347 -0.918 0.000 
-0.478 -0.808 0.000 
-0.622 -0.671 0.000 
-0.764 -0.525 0.000 
-0.886 -0.389 0.000 
-0.969 -0.271 0.000 
-1.000 -0.179 0.000 
-0.974 -0.111 -0.160 
-0.896 0.000 -0.247 
-0.777 0.000 -0.359 
-0.636 0.000 -0.492 
-0.492 0.000 -0.636 
-0.359 0.000 -0.777 
-0.247 0.000 -0.896 
-0.160 -0.111 -0.974 
0.000 -0.179 -1.000 
0.000 -0.271 -0.969 
0.000 -0.389 -0.886 
0.000 -0.525 -0.764 
0.000 -0.671 -0.622 
0.000 -0.808 -0.478 
0.000 -0.918 -0.347 
0.000 -0.985 -0.237 
0.000 -0.998 -0.153 
0.000 -0.953 0.000 
0.000 -0.860 0.000 
0.000 -0.732 0.000 
0.000 -0.588 0.000 
0.000 -0.446 0.000 
0.000 -0.319 0.000 
0.000 -0.215 0.000 
0.000 -0.137 -0.131 
0.000 0.000 -0.207 
0.000 0.000 -0.308 
0.000 0.000 -0.432 
0.000 0.000 -0.574 
# 2 1 14 3
-0.396 0.000 0.000 
0.000 -0.203 0.000 
0.000 -0.652 0.000 
-0.154 -1.000 0.000 
-0.561 -0.733 0.000 
-0.979 -0.257 0.000 
-0.816 0.000 -0.325 
-0.325 0.000 -0.816 
0.000 -0.257 -0.979 
0.000 -0.733 -0.561 
0.000 -1.000 -0.154 
0.000 -0.652 0.000 
0.000 -0.203 0.000 
0.000 0.000 -0.396 
# 2 3 20 3
-0.473 0.000 0.000 
-0.188 0.000 0.000 
0.000 -0.295 0.000 
0.000 -0.633 0.000 
0.000 -0.947 0.000 
-0.266 -0.987 0.000 
-0.594 -0.717 0.000 
-0.924 -0.362 0.000 
-1.000 -0.127 -0.145 
-0.754 0.000 -0.396 
-0.396 0.000 -0.754 
-0.145 -0.127 -1.000 
0.000 -0.362 -0.924 
0.000 -0.717 -0.594 
0.000 -0.987 -0.266 
0.000 -0.947 0.000 
0.000 -0.633 0.000 
0.000 -0.295 0.000 
0.000 0.000 -0.188 
0.000 0.000 -0.473 
# 3 0 50 20
-0.530 -0.704 -0.860 -0.967 -1.000 -0.951 -0.833 -0.671 -0.497 -0.339 -0.213 -0.123 0.000 0.000 0.000 0.000 0.000 0.000 0.000 0.000 
-0.496 -0.635 -0.802 -0.932 -0.997 -0.980 -0.887 -0.739 -0.566 -0.399 -0.259 -0.154 0.000 0.000 0.000 0.000 0.000 0.000 0.000 0.000 
-0.565 -0.565 -0.738 -0.886 -0.980 -0.997 -0.933 -0.803 -0.636 -0.464 -0.311 -0.192 -0.109 0.000 0.000 0.000 0.000 0.000 0.000 0.000 
-0.635 -0.496 -0.670 -0.832 -0.951 -1.000 -0.967 -0.861 -0.705 -0.531 -0.368 -0.235 -0.138 0.000 0.000 0.000 0.000 0.000 0.000 0.000 
-0.704 -0.530 -0.600 -0.771 -0.910 -0.990 -0.990 -0.911 -0.772 -0.601 -0.431 -0.284 -0.172 0.000 0.000 0.000 0.000 0.000 0.000 0.000 
-0.771 -0.600 -0.530 -0.704 -0.860 -0.967 -1.000 -0.951 -0.833 -0.671 -0.497 -0.339 -0.213 -0.123 0.000 0.000 0.000 0.000 0.000 0.000 
-0.832 -0.670 -0.496 -0.635 -0.802 -0.932 -0.997 -0.980 -0.887 -0.739 -0.566 -0.399 -0.259 -0.154 0.000 0.000 0.000 0.000 0.000 0.000 
-0.886 -0.738 -0.565 -0.565 -0.738 -0.886 -0.980 -0.997 -0.933 -0.803 -0.636 -0.464 -0.311 -0.192 -0.109 0.000 0.000 0.000 0.000 0.000 
-0.932 -0.802 -0.635 -0.496 -0.670 -0.832 -0.951 -1.000 -0.967 -0.861 -0.705 -0.531 -0.368 -0.235 -0.138 0.000 0.000 0.000 0.000 0.000 
-0.967 -0.860 -0.704 -0.530 -0.600 -0.771 -0.910 -0.990 -0.990 -0.911 -0.772 -0.601 -0.431 -0.284 -0.172 0.000 0.000 0.000 0.000 0.000 
-0.990 -0.910 -0.771 -0.600 -0.530 -0.704 -0.860 -0.967 -1.000 -0.951 -0.833 -0.671 -0.497 -0.339 -0.213 -0.123 0.000 0.000 0.000 0.000 
-1.000 -0.951 -0.832 -0.670 -0.496 -0.635 -0.802 -0.932 -0.997 -0.980 -0.887 -0.739 -0.566 -0.399 -0.259 -0.154 0.000 0.000 0.000 0.000 
-0.997 -0.980 -0.886 -0.738 -0.565 -0.565 -0.738 -0.886 -0.980 -0.997 -0.933 -0.803 -0.636 -0.464 -0.311 -0.192 -0.109 0.000 0.000 0.000 
-0.980 -0.997 -0.932 -0.802 -0.635 -0.496 -0.670 -0.832 -0.951 -1.000 -0.967 -0.861 -0.705 -0.531 -0.368 -0.235 -0.138 0.000 0.000 0.000 
-0.951 -1.000 -0.967 -0.860 -0.704 -0.530 -0.600 -0.771 -0.910 -0.990 -0.990 -0.911 -0.772 -0.601 -0.431 -0.284 -0.172 0.000 0.000 0.000 
-0.911 -0.990 -0.990 -0.910 -0.771 -0.600 -0.530 -0.704 -0.860 -0.967 -1.000 -0.951 -0.833 -0.671 -0.497 -0.339 -0.213 -0.123 0.000 0.000 
-0.861 -0.967 -1.000 -0.951 -0.832 -0.670 -0.496 -0.635 -0.802 -0.932 -0.997 -0.980 -0.887 -0.739 -0.566 -0.399 -0.259 -0.154 0.000 0.000 
-0.803 -0.933 -0.997 -0.980 -0.886 -0.738 -0.565 -0.565 -0.738 -0.886 -0.980 -0.997 -0.933 -0.803 -0.636 -0.464 -0.311 -0.192 -0.109 0.000 
-0.739 -0.887 -0.980 -0.997 -0.932 -0.802 -0.635 -0.496 -0.670 -0.832 -0.951 -1.000 -0.967 -0.861 -0.705 -0.531 -0.368 -0.235 -0.138 0.000 
-0.671 -0.833 -0.951 -1.000 -0.967 -0.860 -0.704 -0.530 -0.600 -0.771 -0.910 -0.990 -0.990 -0.911 -0.772 -0.601 -0.431 -0.284 -0.172 0.000 
-0.601 -0.772 -0.911 -0.990 -0.990 -0.910 -0.771 -0.600 -0.530 -0.704 -0.860 -0.967 -1.000 -0.951 -0.833 -0.671 -0.497 -0.339 -0.213 -0.123 
-0.531 -0.705 -0.861 -0.967 -1.000 -0.951 -0.832 -0.670 -0.496 -0.635 -0.802 -0.932 -0.997 -0.980 -0.887 -0.739 -0.566 -0.399 -0.259 -0.154 
-0.464 -0.636 -0.803 -0.933 -0.997 -0.980 -0.886 -0.738 -0.565 -0.565 -0.738 -0.886 -0.980 -0.997 -0.933 -0.803 -0.636 -0.464 -0.311 -0.192 
-0.399 -0.566 -0.739 -0.887 -0.980 -0.997 -0.932 -0.802 -0.635 -0.496 -0.670 -0.832 -0.951 -1.000 -0.967 -0.861 -0.705 -0.531 -0.368 -0.235 
-0.339 -0.497 -0.671 -0.833 -0.951 -1.000 -0.967 -0.860 -0.704 -0.530 -0.600 -0.771 -0.910 -0.990 -0.990 -0.911 -0.772 -0.601 -0.431 -0.284 
-0.284 -0.431 -0.601 -0.772 -0.911 -0.990 -0.990 -0.910 -0.771 -0.600 -0.530 -0.704 -0.860 -0.967 -1.000 -0.951 -0.833 -0.671 -0.497 -0.339 
-0.235 -0.368 -0.531 -0.705 -0.861 -0.967 -1.000 -0.951 -0.832 -0.670 -0.496 -0.635 -0.802 -0.932 -0.997 -0.980 -0.887 -0.739 -0.566 -0.399 
-0.192 -0.311 -0.464 -0.636 -0.803 -0.933 -0.997 -0.980 -0.886 -0.738 -0.565 -0.565 -0.738 -0.886 -0.980 -0.997 -0.933 -0.803 -0.636 -0.464 
-0.154 -0.259 -0.399 -0.566 -0.739 -0.887 -0.980 -0.997 -0.932 -0.802 -0.635 -0.496 -0.670 -0.832 -0.951 -1.000 -0.967 -0.861 -0.705 -0.531 
-0.123 -0.213 -0.339 -0.497 -0.671 -0.833 -0.951 -1.000 -0.967 -0.860 -0.704 -0.530 -0.600 -0.771 -0.910 -0.990 -0.990 -0.911 -0.772 -0.601 
0.000 -0.172 -0.284 -0.431 -0.601 -0.772 -0.911 -0.990 -0.990 -0.910 -0.771 -0.600 -0.530 -0.704 -0.860 -0.967 -1.000 -0.951 -0.833 -0.671 
0.000 -0.138 -0.235 -0.368 -0.531 -0.705 -0.861 -0.967 -1.000 -0.951 -0.832 -0.670 -0.496 -0.635 -0.802 -0.932 -0.997 -0.980 -0.887 -0.739 
0.000 -0.109 -0.192 -0.311 -0.464 -0.636 -0.803 -0.933 -0.997 -0.980 -0.886 -0.738 -0.565 -0.565 -0.738 -0.886 -0.980 -0.997 -0.933 -0.803 
0.000 0.000 -0.154 -0.259 -0.399 -0.566 -0.739 -0.887 -0.980 -0.997 -0.932 -0.802 -0.635 -0.496 -0.670 -0.832 -0.951 -1.000 -0.967 -0.861 
0.000 0.000 -0.123 -0.213 -0.339 -0.497 -0.671 -0.833 -0.951 -1.000 -0.967 -0.860 -0.704 -0.530 -0.600 -0.771 -0.910 -0.990 -0.990 -0.911 
0.000 0.000 0.000 -0.172 -0.284 -0.431 -0.601 -0.772 -0.911 -0.990 -0.990 -0.910 -0.771 -0.600 -0.530 -0.704 -0.860 -0.967 -1.000 -0.951 
0.000 0.000 0.000 -0.138 -0.235 -0.368 -0.531 -0.705 -0.861 -0.967 -1.000 -0.951 -0.832 -0.670 -0.496 -0.635 -0.802 -0.932 -0.997 -0.980 
0.000 0.000 0.000 -0.109 -0.192 -0.311 -0.464 -0.636 -0.803 -0.933 -0.997 -0.980 -0.886 -0.738 -0.565 -0.565 -0.738 -0.886 -0.980 -0.997 
0.000 0.000 0.000 0.000 -0.154 -0.259 -0.399 -0.566 -0.739 -0.887 -0.980 -0.997 -0.932 -0.802 -0.635 -0.496 -0.670 -0.832 -0.951 -1.000 
0.000 0.000 0.000 0.000 -0.123 -0.213 -0.339 -0.497 -0.671 -0.833 -0.951 -1.000 -0.967 -0.860 -0.704 -0.530 -0.600 -0.771 -0.910 -0.990 
0.000 0.000 0.000 0.000 0.000 -0.172 -0.284 -0.431 -0.601 -0.772 -0.911 -0.990 -0.990 -0.910 -0.771 -0.600 -0.530 -0.704 -0.860 -0.967 
0.000 0.000 0.000 0.000 0.000 -0.138 -0.235 -0.368 -0.531 -0.705 -0.861 -0.967 -1.000 -0.951 -0.832 -0.670 -0.496 -0.635 -0.802 -0.932 
0.000 0.000 0.000 0.000 0.000 -0.109 -0.192 -0.311 -0.464 -0.636 -0.803 -0.933 -0.997 -0.980 -0.886 -0.738 -0.565 -0.565 -0.738 -0.886 
0.000 0.000 0.000 0.000 0.000 0.000 -0.154 -0.259 -0.399 -0.566 -0.739 -0.887 -0.980 -0.997 -0.932 -0.802 -0.635 -0.496 -0.670 -0.832 
0.000 0.000 0.000 0.000 0.000 0.000 -0.123 -0.213 -0.339 -0.497 -0.671 -0.833 -0.951 -1.000 -0.967 -0.860 -0.704 -0.530 -0.600 -0.771 
0.000 0.000 0.000 0.000 0.000 0.000 0.000 -0.172 -0.284 -0.431 -0.601 -0.772 -0.911 -0.990 -0.990 -0.910 -0.771 -0.600 -0.530 -0.704 
0.000 0.000 0.000 0.000 0.000 0.000 0.000 -0.138 -0.235 -0.368 -0.531 -0.705 -0.861 -0.967 -1.000 -0.951 -0.832 -0.670 -0.496 -0.635 
0.000 0.000 0.000 0.000 0.000 0.000 0.000 -0.109 -0.192 -0.311 -0.464 -0.636 -0.803 -0.933 -0.997 -0.980 -0.886 -0.738 -0.565 -0.565 
0.000 0.000 0.000 0.000 0.000 0.000 0.000 0.000 -0.154 -0.259 -0.399 -0.566 -0.739 -0.887 -0.980 -0.997 -0.932 -0.802 -0.635 -0.496 
0.000 0.000 0.000 0.000 0.000 0.000 0.000 0.000 -0.123 -0.213 -0.339 -0.497 -0.671 -0.833 -0.951 -1.000 -0.967 -0.860 -0.704 -0.530 
# 3 1 14 20
-0.515 -0.615 -0.784 -0.920 -0.993 -0.986 -0.901 -0.757 -0.586 -0.417 -0.273 -0.164 0.000 0.000 0.000 0.000 0.000 0.000 0.000 0.000 
-0.761 -0.590 -0.540 -0.714 -0.868 -0.971 -0.999 -0.946 -0.824 -0.661 -0.487 -0.331 -0.206 -0.118 0.000 0.000 0.000 0.000 0.000 0.000 
-0.948 -0.827 -0.665 -0.491 -0.640 -0.806 -0.935 -0.997 -0.978 -0.883 -0.734 -0.561 -0.394 -0.255 -0.152 0.000 0.000 0.000 0.000 0.000 
-0.996 -0.980 -0.886 -0.737 -0.565 -0.565 -0.737 -0.886 -0.980 -0.996 -0.932 -0.803 -0.636 -0.463 -0.311 -0.192 -0.109 0.000 0.000 0.000 
-0.883 -0.978 -0.997 -0.935 -0.806 -0.640 -0.491 -0.665 -0.827 -0.948 -0.999 -0.969 -0.865 -0.710 -0.536 -0.372 -0.238 -0.140 0.000 0.000 
-0.661 -0.824 -0.946 -0.999 -0.971 -0.868 -0.714 -0.540 -0.590 -0.761 -0.904 -0.987 -0.992 -0.917 -0.780 -0.611 -0.440 -0.291 -0.178 0.000 
-0.417 -0.586 -0.757 -0.901 -0.986 -0.993 -0.920 -0.784 -0.615 -0.515 -0.689 -0.848 -0.960 -1.000 -0.958 -0.845 -0.685 -0.511 -0.351 -0.222 
-0.222 -0.351 -0.511 -0.685 -0.845 -0.958 -1.000 -0.960 -0.848 -0.689 -0.515 -0.615 -0.784 -0.920 -0.993 -0.986 -0.901 -0.757 -0.586 -0.417 
0.000 -0.178 -0.291 -0.440 -0.611 -0.780 -0.917 -0.992 -0.987 -0.904 -0.761 -0.590 -0.540 -0.714 -0.868 -0.971 -0.999 -0.946 -0.824 -0.661 
0.000 0.000 -0.140 -0.238 -0.372 -0.536 -0.710 -0.865 -0.969 -0.999 -0.948 -0.827 -0.665 -0.491 -0.640 -0.806 -0.935 -0.997 -0.978 -0.883 
0.000 0.000 0.000 -0.109 -0.192 -0.311 -0.463 -0.636 -0.803 -0.932 -0.996 -0.980 -0.886 -0.737 -0.565 -0.565 -0.737 -0.886 -0.980 -0.996 
0.000 0.000 0.000 0.000 0.000 -0.152 -0.255 -0.394 -0.561 -0.734 -0.883 -0.978 -0.997 -0.935 -0.806 -0.640 -0.491 -0.665 -0.827 -0.948 
0.000 0.000 0.000 0.000 0.000 0.000 -0.118 -0.206 -0.331 -0.487 -0.661 -0.824 -0.946 -0.999 -0.971 -0.868 -0.714 -0.540 -0.590 -0.761 
0.000 0.000 0.000 0.000 0.000 0.000 0.000 0.000 -0.164 -0.273 -0.417 -0.586 -0.757 -0.901 -0.986 -0.993 -0.920 -0.784 -0.615 -0.515 
# 3 2 3 20
-0.925 -0.791 -0.622 -0.506 -0.680 -0.841 -0.956 -1.000 -0.962 -0.851 -0.693 -0.518 -0.357 -0.225 -0.130 0.000 0.000 0.000 0.000 0.000 
-0.309 -0.462 -0.635 -0.802 -0.932 -0.996 -0.980 -0.886 -0.737 -0.564 -0.564 -0.737 -0.886 -0.980 -0.996 -0.932 -0.802 -0.635 -0.462 -0.309 
0.000 0.000 0.000 0.000 0.000 -0.130 -0.225 -0.357 -0.518 -0.693 -0.851 -0.962 -1.000 -0.956 -0.841 -0.680 -0.506 -0.622 -0.791 -0.925 
