3.443676
4
# 0 1 18 50
1.000 0.993 1.000 0.985 0.950 0.896 0.827 0.747 0.660 0.571 0.483 0.400 0.324 0.257 0.200 0.152 0.113 0.000 0.000 0.000 0.000 0.000 0.000 0.000 0.000 0.000 0.000 0.000 0.000 0.000 0.000 0.000 0.000 0.000 0.000 0.000 0.000 0.000 0.000 0.000 0.000 0.000 0.000 0.000 0.000 0.000 0.000 0.000 0.000 0.000 
0.922 0.968 0.994 0.999 0.996 0.998 0.979 0.939 0.882 0.810 0.728 0.641 0.551 0.464 0.383 0.309 0.244 0.188 0.142 0.105 0.000 0.000 0.000 0.000 0.000 0.000 0.000 0.000 0.000 0.000 0.000 0.000 0.000 0.000 0.000 0.000 0.000 0.000 0.000 0.000 0.000 0.000 0.000 0.000 0.000 0.000 0.000 0.000 0.000 0.000 
0.719 0.802 0.875 0.934 0.975 0.997 0.997 0.998 0.996 0.972 0.928 0.867 0.793 0.709 0.621 0.532 0.446 0.366 0.293 0.230 0.177 0.133 0.000 0.000 0.000 0.000 0.000 0.000 0.000 0.000 0.000 0.000 0.000 0.000 0.000 0.000 0.000 0.000 0.000 0.000 0.000 0.000 0.000 0.000 0.000 0.000 0.000 0.000 0.000 0.000 
0.474 0.561 0.651 0.738 0.819 0.889 0.945 0.982 0.999 0.995 1.000 0.992 0.964 0.916 0.852 0.775 0.690 0.601 0.512 0.427 0.349 0.279 0.218 0.166 0.125 0.000 0.000 0.000 0.000 0.000 0.000 0.000 0.000 0.000 0.000 0.000 0.000 0.000 0.000 0.000 0.000 0.000 0.000 0.000 0.000 0.000 0.000 0.000 0.000 0.000 
0.264 0.332 0.409 0.493 0.581 0.670 0.757 0.835 0.903 0.955 0.988 1.000 0.991 1.000 0.988 0.955 0.903 0.835 0.757 0.670 0.581 0.493 0.409 0.332 0.264 0.205 0.156 0.116 0.000 0.000 0.000 0.000 0.000 0.000 0.000 0.000 0.000 0.000 0.000 0.000 0.000 0.000 0.000 0.000 0.000 0.000 0.000 0.000 0.000 0.000 
0.125 0.166 0.218 0.279 0.349 0.427 0.512 0.601 0.690 0.775 0.852 0.916 0.964 0.992 1.000 0.995 0.999 0.982 0.945 0.889 0.819 0.738 0.651 0.561 0.474 0.392 0.316 0.250 0.194 0.147 0.109 0.000 0.000 0.000 0.000 0.000 0.000 0.000 0.000 0.000 0.000 0.000 0.000 0.000 0.000 0.000 0.000 0.000 0.000 0.000 
0.000 0.000 0.000 0.133 0.177 0.230 0.293 0.366 0.446 0.532 0.621 0.709 0.793 0.867 0.928 0.972 0.996 0.998 0.997 0.997 0.975 0.934 0.875 0.802 0.719 0.631 0.542 0.455 0.374 0.301 0.237 0.182 0.138 0.101 0.000 0.000 0.000 0.000 0.000 0.000 0.000 0.000 0.000 0.000 0.000 0.000 0.000 0.000 0.000 0.000 
0.000 0.000 0.000 0.000 0.000 0.105 0.142 0.188 0.244 0.309 0.383 0.464 0.551 0.641 0.728 0.810 0.882 0.939 0.979 0.998 0.996 0.999 0.994 0.968 0.922 0.859 0.784 0.700 0.611 0.522 0.437 0.357 0.286 0.224 0.172 0.129 0.000 0.000 0.000 0.000 0.000 0.000 0.000 0.000 0.000 0.000 0.000 0.000 0.000 0.000 
0.000 0.000 0.000 0.000 0.000 0.000 0.000 0.000 0.113 0.152 0.200 0.257 0.324 0.400 0.483 0.571 0.660 0.747 0.827 0.896 0.950 0.985 1.000 0.993 1.000 0.990 0.959 0.909 0.844 0.766 0.680 0.591 0.503 0.418 0.341 0.271 0.212 0.161 0.120 0.000 0.000 0.000 0.000 0.000 0.000 0.000 0.000 0.000 0.000 0.000 
0.000 0.000 0.000 0.000 0.000 0.000 0.000 0.000 0.000 0.000 0.000 0.120 0.161 0.212 0.271 0.341 0.418 0.503 0.591 0.680 0.766 0.844 0.909 0.959 0.990 1.000 0.993 1.000 0.985 0.950 0.896 0.827 0.747 0.660 0.571 0.483 0.400 0.324 0.257 0.200 0.152 0.113 0.000 0.000 0.000 0.000 0.000 0.000 0.000 0.000 
0.000 0.000 0.000 0.000 0.000 0.000 0.000 0.000 0.000 0.000 0.000 0.000 0.000 0.000 0.129 0.172 0.224 0.286 0.357 0.437 0.522 0.611 0.700 0.784 0.859 0.922 0.968 0.994 0.999 0.996 0.998 0.979 0.939 0.882 0.810 0.728 0.641 0.551 0.464 0.383 0.309 0.244 0.188 0.142 0.105 0.000 0.000 0.000 0.000 0.000 
0.000 0.000 0.000 0.000 0.000 0.000 0.000 0.000 0.000 0.000 0.000 0.000 0.000 0.000 0.000 0.000 0.101 0.138 0.182 0.237 0.301 0.374 0.455 0.542 0.631 0.719 0.802 0.875 0.934 0.975 0.997 0.997 0.998 0.996 0.972 0.928 0.867 0.793 0.709 0.621 0.532 0.446 0.366 0.293 0.230 0.177 0.133 0.000 0.000 0.000 
0.000 0.000 0.000 0.000 0.000 0.000 0.000 0.000 0.000 0.000 0.000 0.000 0.000 0.000 0.000 0.000 0.000 0.000 0.000 0.109 0.147 0.194 0.250 0.316 0.392 0.474 0.561 0.651 0.738 0.819 0.889 0.945 0.982 0.999 0.995 1.000 0.992 0.964 0.916 0.852 0.775 0.690 0.601 0.512 0.427 0.349 0.279 0.218 0.166 0.125 
0.000 0.000 0.000 0.000 0.000 0.000 0.000 0.000 0.000 0.000 0.000 0.000 0.000 0.000 0.000 0.000 0.000 0.000 0.000 0.000 0.000 0.000 0.116 0.156 0.205 0.264 0.332 0.409 0.493 0.581 0.670 0.757 0.835 0.903 0.955 0.988 1.000 0.991 1.000 0.988 0.955 0.903 0.835 0.757 0.670 0.581 0.493 0.409 0.332 0.264 
0.000 0.000 0.000 0.000 0.000 0.000 0.000 0.000 0.000 0.000 0.000 0.000 0.000 0.000 0.000 0.000 0.000 0.000 0.000 0.000 0.000 0.000 0.000 0.000 0.000 0.125 0.166 0.218 0.279 0.349 0.427 0.512 0.601 0.690 0.775 0.852 0.916 0.964 0.992 1.000 0.995 0.999 0.982 0.945 0.889 0.819 0.738 0.651 0.561 0.474 
0.000 0.000 0.000 0.000 0.000 0.000 0.000 0.000 0.000 0.000 0.000 0.000 0.000 0.000 0.000 0.000 0.000 0.000 0.000 0.000 0.000 0.000 0.000 0.000 0.000 0.000 0.000 0.000 0.133 0.177 0.230 0.293 0.366 0.446 0.532 0.621 0.709 0.793 0.867 0.928 0.972 0.996 0.998 0.997 0.997 0.975 0.934 0.875 0.802 0.719 
0.000 0.000 0.000 0.000 0.000 0.000 0.000 0.000 0.000 0.000 0.000 0.000 0.000 0.000 0.000 0.000 0.000 0.000 0.000 0.000 0.000 0.000 0.000 0.000 0.000 0.000 0.000 0.000 0.000 0.000 0.105 0.142 0.188 0.244 0.309 0.383 0.464 0.551 0.641 0.728 0.810 0.882 0.939 0.979 0.998 0.996 0.999 0.994 0.968 0.922 
0.000 0.000 0.000 0.000 0.000 0.000 0.000 0.000 0.000 0.000 0.000 0.000 0.000 0.000 0.000 0.000 0.000 0.000 0.000 0.000 0.000 0.000 0.000 0.000 0.000 0.000 0.000 0.000 0.000 0.000 0.000 0.000 0.000 0.113 0.152 0.200 0.257 0.324 0.400 0.483 0.571 0.660 0.747 0.827 0.896 0.950 0.985 1.000 0.993 1.000 
# 0 2 44 50
0.992 1.000 0.989 0.957 0.907 0.840 0.762 0.676 0.587 0.499 0.415 0.337 0.269 0.209 0.159 0.119 0.000 0.000 0.000 0.000 0.000 0.000 0.000 0.000 0.000 0.000 0.000 0.000 0.000 0.000 0.000 0.000 0.000 0.000 0.000 0.000 0.000 0.000 0.000 0.000 0.000 0.000 0.000 0.000 0.000 0.000 0.000 0.000 0.000 0.000 
0.999 0.994 1.000 0.992 0.963 0.915 0.850 0.773 0.688 0.599 0.511 0.426 0.347 0.277 0.217 0.166 0.124 0.000 0.000 0.000 0.000 0.000 0.000 0.000 0.000 0.000 0.000 0.000 0.000 0.000 0.000 0.000 0.000 0.000 0.000 0.000 0.000 0.000 0.000 0.000 0.000 0.000 0.000 0.000 0.000 0.000 0.000 0.000 0.000 0.000 
0.979 0.998 0.996 0.999 0.994 0.968 0.922 0.860 0.784 0.700 0.612 0.523 0.437 0.358 0.286 0.224 0.172 0.129 0.000 0.000 0.000 0.000 0.000 0.000 0.000 0.000 0.000 0.000 0.000 0.000 0.000 0.000 0.000 0.000 0.000 0.000 0.000 0.000 0.000 0.000 0.000 0.000 0.000 0.000 0.000 0.000 0.000 0.000 0.000 0.000 
0.932 0.974 0.997 0.998 0.998 0.996 0.973 0.930 0.869 0.795 0.712 0.624 0.535 0.448 0.368 0.296 0.232 0.179 0.134 0.000 0.000 0.000 0.000 0.000 0.000 0.000 0.000 0.000 0.000 0.000 0.000 0.000 0.000 0.000 0.000 0.000 0.000 0.000 0.000 0.000 0.000 0.000 0.000 0.000 0.000 0.000 0.000 0.000 0.000 0.000 
0.863 0.925 0.970 0.995 0.999 0.997 0.998 0.977 0.937 0.878 0.806 0.724 0.636 0.547 0.460 0.379 0.305 0.240 0.185 0.140 0.103 0.000 0.000 0.000 0.000 0.000 0.000 0.000 0.000 0.000 0.000 0.000 0.000 0.000 0.000 0.000 0.000 0.000 0.000 0.000 0.000 0.000 0.000 0.000 0.000 0.000 0.000 0.000 0.000 0.000 
0.777 0.854 0.917 0.965 0.993 1.000 0.995 0.999 0.981 0.943 0.887 0.817 0.735 0.648 0.559 0.472 0.389 0.315 0.249 0.192 0.146 0.108 0.000 0.000 0.000 0.000 0.000 0.000 0.000 0.000 0.000 0.000 0.000 0.000 0.000 0.000 0.000 0.000 0.000 0.000 0.000 0.000 0.000 0.000 0.000 0.000 0.000 0.000 0.000 0.000 
0.680 0.766 0.844 0.910 0.959 0.990 1.000 0.993 1.000 0.985 0.950 0.896 0.827 0.747 0.660 0.571 0.483 0.400 0.324 0.257 0.199 0.151 0.112 0.000 0.000 0.000 0.000 0.000 0.000 0.000 0.000 0.000 0.000 0.000 0.000 0.000 0.000 0.000 0.000 0.000 0.000 0.000 0.000 0.000 0.000 0.000 0.000 0.000 0.000 0.000 
0.579 0.668 0.755 0.834 0.901 0.954 0.987 1.000 0.991 1.000 0.988 0.956 0.904 0.837 0.758 0.672 0.583 0.495 0.411 0.334 0.266 0.207 0.157 0.117 0.000 0.000 0.000 0.000 0.000 0.000 0.000 0.000 0.000 0.000 0.000 0.000 0.000 0.000 0.000 0.000 0.000 0.000 0.000 0.000 0.000 0.000 0.000 0.000 0.000 0.000 
0.479 0.567 0.656 0.743 0.824 0.893 0.948 0.984 0.999 0.994 1.000 0.991 0.961 0.912 0.847 0.770 0.684 0.595 0.507 0.422 0.344 0.274 0.214 0.164 0.122 0.000 0.000 0.000 0.000 0.000 0.000 0.000 0.000 0.000 0.000 0.000 0.000 0.000 0.000 0.000 0.000 0.000 0.000 0.000 0.000 0.000 0.000 0.000 0.000 0.000 
0.386 0.468 0.555 0.644 0.732 0.813 0.884 0.941 0.980 0.999 0.996 0.999 0.994 0.966 0.920 0.857 0.781 0.696 0.608 0.519 0.433 0.354 0.283 0.222 0.170 0.127 0.000 0.000 0.000 0.000 0.000 0.000 0.000 0.000 0.000 0.000 0.000 0.000 0.000 0.000 0.000 0.000 0.000 0.000 0.000 0.000 0.000 0.000 0.000 0.000 
0.302 0.375 0.456 0.543 0.632 0.720 0.803 0.875 0.934 0.976 0.997 0.997 0.999 0.996 0.971 0.927 0.866 0.792 0.708 0.620 0.531 0.445 0.365 0.293 0.230 0.176 0.133 0.000 0.000 0.000 0.000 0.000 0.000 0.000 0.000 0.000 0.000 0.000 0.000 0.000 0.000 0.000 0.000 0.000 0.000 0.000 0.000 0.000 0.000 0.000 
0.230 0.293 0.365 0.445 0.531 0.620 0.708 0.792 0.866 0.927 0.971 0.996 0.999 0.997 0.997 0.976 0.934 0.875 0.803 0.720 0.632 0.543 0.456 0.375 0.302 0.238 0.183 0.138 0.102 0.000 0.000 0.000 0.000 0.000 0.000 0.000 0.000 0.000 0.000 0.000 0.000 0.000 0.000 0.000 0.000 0.000 0.000 0.000 0.000 0.000 
0.170 0.222 0.283 0.354 0.433 0.519 0.608 0.696 0.781 0.857 0.920 0.966 0.994 0.999 0.996 0.999 0.980 0.941 0.884 0.813 0.732 0.644 0.555 0.468 0.386 0.311 0.246 0.190 0.144 0.106 0.000 0.000 0.000 0.000 0.000 0.000 0.000 0.000 0.000 0.000 0.000 0.000 0.000 0.000 0.000 0.000 0.000 0.000 0.000 0.000 
0.122 0.164 0.214 0.274 0.344 0.422 0.507 0.595 0.684 0.770 0.847 0.912 0.961 0.991 1.000 0.994 0.999 0.984 0.948 0.893 0.824 0.743 0.656 0.567 0.479 0.397 0.321 0.254 0.197 0.149 0.111 0.000 0.000 0.000 0.000 0.000 0.000 0.000 0.000 0.000 0.000 0.000 0.000 0.000 0.000 0.000 0.000 0.000 0.000 0.000 
0.000 0.117 0.157 0.207 0.266 0.334 0.411 0.495 0.583 0.672 0.758 0.837 0.904 0.956 0.988 1.000 0.991 1.000 0.987 0.954 0.901 0.834 0.755 0.668 0.579 0.491 0.407 0.331 0.263 0.204 0.155 0.116 0.000 0.000 0.000 0.000 0.000 0.000 0.000 0.000 0.000 0.000 0.000 0.000 0.000 0.000 0.000 0.000 0.000 0.000 
0.000 0.000 0.112 0.151 0.199 0.257 0.324 0.400 0.483 0.571 0.660 0.747 0.827 0.896 0.950 0.985 1.000 0.993 1.000 0.990 0.959 0.910 0.844 0.766 0.680 0.591 0.503 0.418 0.341 0.272 0.212 0.161 0.121 0.000 0.000 0.000 0.000 0.000 0.000 0.000 0.000 0.000 0.000 0.000 0.000 0.000 0.000 0.000 0.000 0.000 
0.000 0.000 0.000 0.108 0.146 0.192 0.249 0.315 0.389 0.472 0.559 0.648 0.735 0.817 0.887 0.943 0.981 0.999 0.995 1.000 0.993 0.965 0.917 0.854 0.777 0.692 0.603 0.515 0.430 0.351 0.280 0.219 0.168 0.126 0.000 0.000 0.000 0.000 0.000 0.000 0.000 0.000 0.000 0.000 0.000 0.000 0.000 0.000 0.000 0.000 
0.000 0.000 0.000 0.000 0.103 0.140 0.185 0.240 0.305 0.379 0.460 0.547 0.636 0.724 0.806 0.878 0.937 0.977 0.998 0.997 0.999 0.995 0.970 0.925 0.863 0.788 0.704 0.616 0.527 0.441 0.361 0.289 0.227 0.174 0.131 0.000 0.000 0.000 0.000 0.000 0.000 0.000 0.000 0.000 0.000 0.000 0.000 0.000 0.000 0.000 
0.000 0.000 0.000 0.000 0.000 0.000 0.134 0.179 0.232 0.296 0.368 0.448 0.535 0.624 0.712 0.795 0.869 0.930 0.973 0.996 0.998 0.998 0.997 0.974 0.932 0.872 0.799 0.716 0.628 0.539 0.452 0.372 0.299 0.235 0.181 0.136 0.100 0.000 0.000 0.000 0.000 0.000 0.000 0.000 0.000 0.000 0.000 0.000 0.000 0.000 
0.000 0.000 0.000 0.000 0.000 0.000 0.000 0.129 0.172 0.224 0.286 0.358 0.437 0.523 0.612 0.700 0.784 0.860 0.922 0.968 0.994 0.999 0.996 0.998 0.979 0.939 0.881 0.810 0.728 0.640 0.551 0.464 0.382 0.308 0.243 0.188 0.142 0.105 0.000 0.000 0.000 0.000 0.000 0.000 0.000 0.000 0.000 0.000 0.000 0.000 
0.000 0.000 0.000 0.000 0.000 0.000 0.000 0.000 0.124 0.166 0.217 0.277 0.347 0.426 0.511 0.599 0.688 0.773 0.850 0.915 0.963 0.992 1.000 0.994 0.999 0.983 0.945 0.890 0.820 0.739 0.652 0.563 0.475 0.393 0.318 0.251 0.195 0.147 0.109 0.000 0.000 0.000 0.000 0.000 0.000 0.000 0.000 0.000 0.000 0.000 
0.000 0.000 0.000 0.000 0.000 0.000 0.000 0.000 0.000 0.119 0.159 0.209 0.269 0.337 0.415 0.499 0.587 0.676 0.762 0.840 0.907 0.957 0.989 1.000 0.992 1.000 0.986 0.952 0.899 0.830 0.751 0.664 0.575 0.487 0.404 0.327 0.260 0.202 0.153 0.114 0.000 0.000 0.000 0.000 0.000 0.000 0.000 0.000 0.000 0.000 
0.000 0.000 0.000 0.000 0.000 0.000 0.000 0.000 0.000 0.000 0.114 0.153 0.202 0.260 0.327 0.404 0.487 0.575 0.664 0.751 0.830 0.899 0.952 0.986 1.000 0.992 1.000 0.989 0.957 0.907 0.840 0.762 0.676 0.587 0.499 0.415 0.337 0.269 0.209 0.159 0.119 0.000 0.000 0.000 0.000 0.000 0.000 0.000 0.000 0.000 
0.000 0.000 0.000 0.000 0.000 0.000 0.000 0.000 0.000 0.000 0.000 0.109 0.147 0.195 0.251 0.318 0.393 0.475 0.563 0.652 0.739 0.820 0.890 0.945 0.983 0.999 0.994 1.000 0.992 0.963 0.915 0.850 0.773 0.688 0.599 0.511 0.426 0.347 0.277 0.217 0.166 0.124 0.000 0.000 0.000 0.000 0.000 0.000 0.000 0.000 
0.000 0.000 0.000 0.000 0.000 0.000 0.000 0.000 0.000 0.000 0.000 0.000 0.105 0.142 0.188 0.243 0.308 0.382 0.464 0.551 0.640 0.728 0.810 0.881 0.939 0.979 0.998 0.996 0.999 0.994 0.968 0.922 0.860 0.784 0.700 0.612 0.523 0.437 0.358 0.286 0.224 0.172 0.129 0.000 0.000 0.000 0.000 0.000 0.000 0.000 
0.000 0.000 0.000 0.000 0.000 0.000 0.000 0.000 0.000 0.000 0.000 0.000 0.000 0.100 0.136 0.181 0.235 0.299 0.372 0.452 0.539 0.628 0.716 0.799 0.872 0.932 0.974 0.997 0.998 0.998 0.996 0.973 0.930 0.869 0.795 0.712 0.624 0.535 0.448 0.368 0.296 0.232 0.179 0.134 0.000 0.000 0.000 0.000 0.000 0.000 
0.000 0.000 0.000 0.000 0.000 0.000 0.000 0.000 0.000 0.000 0.000 0.000 0.000 0.000 0.000 0.131 0.174 0.227 0.289 0.361 0.441 0.527 0.616 0.704 0.788 0.863 0.925 0.970 0.995 0.999 0.997 0.998 0.977 0.937 0.878 0.806 0.724 0.636 0.547 0.460 0.379 0.305 0.240 0.185 0.140 0.103 0.000 0.000 0.000 0.000 
0.000 0.000 0.000 0.000 0.000 0.000 0.000 0.000 0.000 0.000 0.000 0.000 0.000 0.000 0.000 0.000 0.126 0.168 0.219 0.280 0.351 0.430 0.515 0.603 0.692 0.777 0.854 0.917 0.965 0.993 1.000 0.995 0.999 0.981 0.943 0.887 0.817 0.735 0.648 0.559 0.472 0.389 0.315 0.249 0.192 0.146 0.108 0.000 0.000 0.000 
0.000 0.000 0.000 0.000 0.000 0.000 0.000 0.000 0.000 0.000 0.000 0.000 0.000 0.000 0.000 0.000 0.000 0.121 0.161 0.212 0.272 0.341 0.418 0.503 0.591 0.680 0.766 0.844 0.910 0.959 0.990 1.000 0.993 1.000 0.985 0.950 0.896 0.827 0.747 0.660 0.571 0.483 0.400 0.324 0.257 0.199 0.151 0.112 0.000 0.000 
0.000 0.000 0.000 0.000 0.000 0.000 0.000 0.000 0.000 0.000 0.000 0.000 0.000 0.000 0.000 0.000 0.000 0.000 0.116 0.155 0.204 0.263 0.331 0.407 0.491 0.579 0.668 0.755 0.834 0.901 0.954 0.987 1.000 0.991 1.000 0.988 0.956 0.904 0.837 0.758 0.672 0.583 0.495 0.411 0.334 0.266 0.207 0.157 0.117 0.000 
0.000 0.000 0.000 0.000 0.000 0.000 0.000 0.000 0.000 0.000 0.000 0.000 0.000 0.000 0.000 0.000 0.000 0.000 0.000 0.111 0.149 0.197 0.254 0.321 0.397 0.479 0.567 0.656 0.743 0.824 0.893 0.948 0.984 0.999 0.994 1.000 0.991 0.961 0.912 0.847 0.770 0.684 0.595 0.507 0.422 0.344 0.274 0.214 0.164 0.122 
0.000 0.000 0.000 0.000 0.000 0.000 0.000 0.000 0.000 0.000 0.000 0.000 0.000 0.000 0.000 0.000 0.000 0.000 0.000 0.000 0.106 0.144 0.190 0.246 0.311 0.386 0.468 0.555 0.644 0.732 0.813 0.884 0.941 0.980 0.999 0.996 0.999 0.994 0.966 0.920 0.857 0.781 0.696 0.608 0.519 0.433 0.354 0.283 0.222 0.170 
0.000 0.000 0.000 0.000 0.000 0.000 0.000 0.000 0.000 0.000 0.000 0.000 0.000 0.000 0.000 0.000 0.000 0.000 0.000 0.000 0.000 0.102 0.138 0.183 0.238 0.302 0.375 0.456 0.543 0.632 0.720 0.803 0.875 0.934 0.976 0.997 0.997 0.999 0.996 0.971 0.927 0.866 0.792 0.708 0.620 0.531 0.445 0.365 0.293 0.230 
0.000 0.000 0.000 0.000 0.000 0.000 0.000 0.000 0.000 0.000 0.000 0.000 0.000 0.000 0.000 0.000 0.000 0.000 0.000 0.000 0.000 0.000 0.000 0.133 0.176 0.230 0.293 0.365 0.445 0.531 0.620 0.708 0.792 0.866 0.927 0.971 0.996 0.999 0.997 0.997 0.976 0.934 0.875 0.803 0.720 0.632 0.543 0.456 0.375 0.302 
0.000 0.000 0.000 0.000 0.000 0.000 0.000 0.000 0.000 0.000 0.000 0.000 0.000 0.000 0.000 0.000 0.000 0.000 0.000 0.000 0.000 0.000 0.000 0.000 0.127 0.170 0.222 0.283 0.354 0.433 0.519 0.608 0.696 0.781 0.857 0.920 0.966 0.994 0.999 0.996 0.999 0.980 0.941 0.884 0.813 0.732 0.644 0.555 0.468 0.386 
0.000 0.000 0.000 0.000 0.000 0.000 0.000 0.000 0.000 0.000 0.000 0.000 0.000 0.000 0.000 0.000 0.000 0.000 0.000 0.000 0.000 0.000 0.000 0.000 0.000 0.122 0.164 0.214 0.274 0.344 0.422 0.507 0.595 0.684 0.770 0.847 0.912 0.961 0.991 1.000 0.994 0.999 0.984 0.948 0.893 0.824 0.743 0.656 0.567 0.479 
0.000 0.000 0.000 0.000 0.000 0.000 0.000 0.000 0.000 0.000 0.000 0.000 0.000 0.000 0.000 0.000 0.000 0.000 0.000 0.000 0.000 0.000 0.000 0.000 0.000 0.000 0.117 0.157 0.207 0.266 0.334 0.411 0.495 0.583 0.672 0.758 0.837 0.904 0.956 0.988 1.000 0.991 1.000 0.987 0.954 0.901 0.834 0.755 0.668 0.579 
0.000 0.000 0.000 0.000 0.000 0.000 0.000 0.000 0.000 0.000 0.000 0.000 0.000 0.000 0.000 0.000 0.000 0.000 0.000 0.000 0.000 0.000 0.000 0.000 0.000 0.000 0.000 0.112 0.151 0.199 0.257 0.324 0.400 0.483 0.571 0.660 0.747 0.827 0.896 0.950 0.985 1.000 0.993 1.000 0.990 0.959 0.910 0.844 0.766 0.680 
0.000 0.000 0.000 0.000 0.000 0.000 0.000 0.000 0.000 0.000 0.000 0.000 0.000 0.000 0.000 0.000 0.000 0.000 0.000 0.000 0.000 0.000 0.000 0.000 0.000 0.000 0.000 0.000 0.108 0.146 0.192 0.249 0.315 0.389 0.472 0.559 0.648 0.735 0.817 0.887 0.943 0.981 0.999 0.995 1.000 0.993 0.965 0.917 0.854 0.777 
0.000 0.000 0.000 0.000 0.000 0.000 0.000 0.000 0.000 0.000 0.000 0.000 0.000 0.000 0.000 0.000 0.000 0.000 0.000 0.000 0.000 0.000 0.000 0.000 0.000 0.000 0.000 0.000 0.000 0.103 0.140 0.185 0.240 0.305 0.379 0.460 0.547 0.636 0.724 0.806 0.878 0.937 0.977 0.998 0.997 0.999 0.995 0.970 0.925 0.863 
0.000 0.000 0.000 0.000 0.000 0.000 0.000 0.000 0.000 0.000 0.000 0.000 0.000 0.000 0.000 0.000 0.000 0.000 0.000 0.000 0.000 0.000 0.000 0.000 0.000 0.000 0.000 0.000 0.000 0.000 0.000 0.134 0.179 0.232 0.296 0.368 0.448 0.535 0.624 0.712 0.795 0.869 0.930 0.973 0.996 0.998 0.998 0.997 0.974 0.932 
0.000 0.000 0.000 0.000 0.000 0.000 0.000 0.000 0.000 0.000 0.000 0.000 0.000 0.000 0.000 0.000 0.000 0.000 0.000 0.000 0.000 0.000 0.000 0.000 0.000 0.000 0.000 0.000 0.000 0.000 0.000 0.000 0.129 0.172 0.224 0.286 0.358 0.437 0.523 0.612 0.700 0.784 0.860 0.922 0.968 0.994 0.999 0.996 0.998 0.979 
0.000 0.000 0.000 0.000 0.000 0.000 0.000 0.000 0.000 0.000 0.000 0.000 0.000 0.000 0.000 0.000 0.000 0.000 0.000 0.000 0.000 0.000 0.000 0.000 0.000 0.000 0.000 0.000 0.000 0.000 0.000 0.000 0.000 0.124 0.166 0.217 0.277 0.347 0.426 0.511 0.599 0.688 0.773 0.850 0.915 0.963 0.992 1.000 0.994 0.999 
0.000 0.000 0.000 0.000 0.000 0.000 0.000 0.000 0.000 0.000 0.000 0.000 0.000 0.000 0.000 0.000 0.000 0.000 0.000 0.000 0.000 0.000 0.000 0.000 0.000 0.000 0.000 0.000 0.000 0.000 0.000 0.000 0.000 0.000 0.119 0.159 0.209 0.269 0.337 0.415 0.499 0.587 0.676 0.762 0.840 0.907 0.957 0.989 1.000 0.992 
# 0 3 8 50
0.969 0.995 0.999 0.997 0.998 0.978 0.937 0.879 0.807 0.725 0.637 0.548 0.461 0.380 0.306 0.241 0.186 0.140 0.104 0.000 0.000 0.000 0.000 0.000 0.000 0.000 0.000 0.000 0.000 0.000 0.000 0.000 0.000 0.000 0.000 0.000 0.000 0.000 0.000 0.000 0.000 0.000 0.000 0.000 0.000 0.000 0.000 0.000 0.000 0.000 
0.504 0.592 0.681 0.767 0.845 0.910 0.960 0.990 1.000 0.993 1.000 0.985 0.949 0.895 0.826 0.746 0.659 0.570 0.482 0.399 0.323 0.256 0.199 0.151 0.112 0.000 0.000 0.000 0.000 0.000 0.000 0.000 0.000 0.000 0.000 0.000 0.000 0.000 0.000 0.000 0.000 0.000 0.000 0.000 0.000 0.000 0.000 0.000 0.000 0.000 
0.112 0.151 0.199 0.256 0.323 0.399 0.482 0.570 0.659 0.746 0.826 0.895 0.949 0.985 1.000 0.993 1.000 0.990 0.960 0.910 0.845 0.767 0.681 0.592 0.504 0.419 0.342 0.272 0.212 0.162 0.121 0.000 0.000 0.000 0.000 0.000 0.000 0.000 0.000 0.000 0.000 0.000 0.000 0.000 0.000 0.000 0.000 0.000 0.000 0.000 
0.000 0.000 0.000 0.000 0.000 0.000 0.104 0.140 0.186 0.241 0.306 0.380 0.461 0.548 0.637 0.725 0.807 0.879 0.937 0.978 0.998 0.997 0.999 0.995 0.969 0.924 0.862 0.787 0.703 0.615 0.526 0.440 0.360 0.289 0.226 0.174 0.130 0.000 0.000 0.000 0.000 0.000 0.000 0.000 0.000 0.000 0.000 0.000 0.000 0.000 
0.000 0.000 0.000 0.000 0.000 0.000 0.000 0.000 0.000 0.000 0.000 0.000 0.000 0.130 0.174 0.226 0.289 0.360 0.440 0.526 0.615 0.703 0.787 0.862 0.924 0.969 0.995 0.999 0.997 0.998 0.978 0.937 0.879 0.807 0.725 0.637 0.548 0.461 0.380 0.306 0.241 0.186 0.140 0.104 0.000 0.000 0.000 0.000 0.000 0.000 
0.000 0.000 0.000 0.000 0.000 0.000 0.000 0.000 0.000 0.000 0.000 0.000 0.000 0.000 0.000 0.000 0.000 0.000 0.000 0.121 0.162 0.212 0.272 0.342 0.419 0.504 0.592 0.681 0.767 0.845 0.910 0.960 0.990 1.000 0.993 1.000 0.985 0.949 0.895 0.826 0.746 0.659 0.570 0.482 0.399 0.323 0.256 0.199 0.151 0.112 
0.000 0.000 0.000 0.000 0.000 0.000 0.000 0.000 0.000 0.000 0.000 0.000 0.000 0.000 0.000 0.000 0.000 0.000 0.000 0.000 0.000 0.000 0.000 0.000 0.000 0.112 0.151 0.199 0.256 0.323 0.399 0.482 0.570 0.659 0.746 0.826 0.895 0.949 0.985 1.000 0.993 1.000 0.990 0.960 0.910 0.845 0.767 0.681 0.592 0.504 
0.000 0.000 0.000 0.000 0.000 0.000 0.000 0.000 0.000 0.000 0.000 0.000 0.000 0.000 0.000 0.000 0.000 0.000 0.000 0.000 0.000 0.000 0.000 0.000 0.000 0.000 0.000 0.000 0.000 0.000 0.000 0.104 0.140 0.186 0.241 0.306 0.380 0.461 0.548 0.637 0.725 0.807 0.879 0.937 0.978 0.998 0.997 0.999 0.995 0.969 
# 1 0 50 18
-0.339 -0.542 -0.759 -0.931 -1.000 -0.941 -0.775 -0.560 -0.354 -0.196 0.000 0.000 0.000 0.000 0.000 0.000 0.000 0.000 
-0.290 -0.465 -0.683 -0.878 -0.989 -0.976 -0.844 -0.639 -0.424 -0.246 -0.125 0.000 0.000 0.000 0.000 0.000 0.000 0.000 
-0.354 -0.392 -0.604 -0.814 -0.962 -0.996 -0.903 -0.717 -0.499 -0.304 -0.162 0.000 0.000 0.000 0.000 0.000 0.000 0.000 
-0.424 -0.325 -0.525 -0.742 -0.920 -0.999 -0.950 -0.791 -0.577 -0.369 -0.206 -0.101 0.000 0.000 0.000 0.000 0.000 0.000 
-0.499 -0.304 -0.448 -0.665 -0.865 -0.985 -0.982 -0.858 -0.657 -0.440 -0.258 -0.133 0.000 0.000 0.000 0.000 0.000 0.000 
-0.577 -0.369 -0.376 -0.586 -0.799 -0.954 -0.998 -0.915 -0.734 -0.516 -0.318 -0.171 0.000 0.000 0.000 0.000 0.000 0.000 
-0.656 -0.440 -0.311 -0.507 -0.726 -0.909 -0.997 -0.958 -0.807 -0.595 -0.384 -0.217 -0.108 0.000 0.000 0.000 0.000 0.000 
-0.734 -0.516 -0.318 -0.432 -0.648 -0.851 -0.979 -0.987 -0.872 -0.674 -0.456 -0.271 -0.141 0.000 0.000 0.000 0.000 0.000 
-0.807 -0.595 -0.384 -0.361 -0.568 -0.783 -0.945 -1.000 -0.926 -0.751 -0.533 -0.332 -0.181 0.000 0.000 0.000 0.000 0.000 
-0.872 -0.674 -0.456 -0.297 -0.490 -0.709 -0.897 -0.995 -0.966 -0.822 -0.612 -0.400 -0.228 -0.114 0.000 0.000 0.000 0.000 
-0.926 -0.751 -0.533 -0.332 -0.416 -0.630 -0.837 -0.973 -0.991 -0.885 -0.691 -0.473 -0.284 -0.149 0.000 0.000 0.000 0.000 
-0.966 -0.822 -0.612 -0.400 -0.346 -0.551 -0.767 -0.936 -1.000 -0.936 -0.767 -0.551 -0.346 -0.191 0.000 0.000 0.000 0.000 
-0.991 -0.885 -0.691 -0.473 -0.284 -0.473 -0.691 -0.885 -0.991 -0.973 -0.837 -0.630 -0.416 -0.240 -0.121 0.000 0.000 0.000 
-1.000 -0.936 -0.767 -0.551 -0.346 -0.400 -0.612 -0.822 -0.966 -0.995 -0.897 -0.709 -0.490 -0.297 -0.158 0.000 0.000 0.000 
-0.991 -0.973 -0.837 -0.630 -0.416 -0.332 -0.533 -0.751 -0.926 -1.000 -0.945 -0.783 -0.568 -0.361 -0.201 0.000 0.000 0.000 
-0.966 -0.995 -0.897 -0.709 -0.490 -0.297 -0.456 -0.674 -0.872 -0.987 -0.979 -0.851 -0.648 -0.432 -0.252 -0.129 0.000 0.000 
-0.926 -1.000 -0.945 -0.783 -0.568 -0.361 -0.384 -0.595 -0.807 -0.958 -0.997 -0.909 -0.726 -0.507 -0.311 -0.167 0.000 0.000 
-0.872 -0.987 -0.979 -0.851 -0.648 -0.432 -0.318 -0.516 -0.734 -0.915 -0.998 -0.954 -0.799 -0.586 -0.376 -0.212 -0.104 0.000 
-0.807 -0.958 -0.997 -0.909 -0.726 -0.507 -0.311 -0.440 -0.656 -0.858 -0.982 -0.985 -0.865 -0.665 -0.448 -0.264 -0.137 0.000 
-0.734 -0.915 -0.998 -0.954 -0.799 -0.586 -0.376 -0.369 -0.577 -0.791 -0.950 -0.999 -0.920 -0.742 -0.525 -0.325 -0.176 0.000 
-0.657 -0.858 -0.982 -0.985 -0.865 -0.665 -0.448 -0.304 -0.499 -0.717 -0.903 -0.996 -0.962 -0.814 -0.604 -0.392 -0.223 -0.111 
-0.577 -0.791 -0.950 -0.999 -0.920 -0.742 -0.525 -0.325 -0.424 -0.639 -0.844 -0.976 -0.989 -0.878 -0.683 -0.465 -0.277 -0.145 
-0.499 -0.717 -0.903 -0.996 -0.962 -0.814 -0.604 -0.392 -0.354 -0.559 -0.775 -0.941 -1.000 -0.931 -0.759 -0.542 -0.339 -0.186 
-0.424 -0.639 -0.844 -0.976 -0.989 -0.878 -0.683 -0.465 -0.290 -0.482 -0.700 -0.891 -0.993 -0.970 -0.829 -0.621 -0.408 -0.234 
-0.354 -0.560 -0.775 -0.941 -1.000 -0.931 -0.759 -0.542 -0.339 -0.408 -0.621 -0.829 -0.970 -0.993 -0.891 -0.700 -0.482 -0.290 
-0.290 -0.482 -0.700 -0.891 -0.993 -0.970 -0.829 -0.621 -0.408 -0.339 -0.542 -0.759 -0.931 -1.000 -0.941 -0.775 -0.560 -0.354 
-0.234 -0.408 -0.621 -0.829 -0.970 -0.993 -0.891 -0.700 -0.482 -0.290 -0.465 -0.683 -0.878 -0.989 -0.976 -0.844 -0.639 -0.424 
-0.186 -0.339 -0.542 -0.759 -0.931 -1.000 -0.941 -0.775 -0.559 -0.354 -0.392 -0.604 -0.814 -0.962 -0.996 -0.903 -0.717 -0.499 
-0.145 -0.277 -0.465 -0.683 -0.878 -0.989 -0.976 -0.844 -0.639 -0.424 -0.325 -0.525 -0.742 -0.920 -0.999 -0.950 -0.791 -0.577 
-0.111 -0.223 -0.392 -0.604 -0.814 -0.962 -0.996 -0.903 -0.717 -0.499 -0.304 -0.448 -0.665 -0.865 -0.985 -0.982 -0.858 -0.657 
0.000 -0.176 -0.325 -0.525 -0.742 -0.920 -0.999 -0.950 -0.791 -0.577 -0.369 -0.376 -0.586 -0.799 -0.954 -0.998 -0.915 -0.734 
0.000 -0.137 -0.264 -0.448 -0.665 -0.865 -0.985 -0.982 -0.858 -0.656 -0.440 -0.311 -0.507 -0.726 -0.909 -0.997 -0.958 -0.807 
0.000 -0.104 -0.212 -0.376 -0.586 -0.799 -0.954 -0.998 -0.915 -0.734 -0.516 -0.318 -0.432 -0.648 -0.851 -0.979 -0.987 -0.872 
0.000 0.000 -0.167 -0.311 -0.507 -0.726 -0.909 -0.997 -0.958 -0.807 -0.595 -0.384 -0.361 -0.568 -0.783 -0.945 -1.000 -0.926 
0.000 0.000 -0.129 -0.252 -0.432 -0.648 -0.851 -0.979 -0.987 -0.872 -0.674 -0.456 -0.297 -0.490 -0.709 -0.897 -0.995 -0.966 
0.000 0.000 0.000 -0.201 -0.361 -0.568 -0.783 -0.945 -1.000 -0.926 -0.751 -0.533 -0.332 -0.416 -0.630 -0.837 -0.973 -0.991 
0.000 0.000 0.000 -0.158 -0.297 -0.490 -0.709 -0.897 -0.995 -0.966 -0.822 -0.612 -0.400 -0.346 -0.551 -0.767 -0.936 -1.000 
0.000 0.000 0.000 -0.121 -0.240 -0.416 -0.630 -0.837 -0.973 -0.991 -0.885 -0.691 -0.473 -0.284 -0.473 -0.691 -0.885 -0.991 
0.000 0.000 0.000 0.000 -0.191 -0.346 -0.551 -0.767 -0.936 -1.000 -0.936 -0.767 -0.551 -0.346 -0.400 -0.612 -0.822 -0.966 
0.000 0.000 0.000 0.000 -0.149 -0.284 -0.473 -0.691 -0.885 -0.991 -0.973 -0.837 -0.630 -0.416 -0.332 -0.533 -0.751 -0.926 
0.000 0.000 0.000 0.000 -0.114 -0.228 -0.400 -0.612 -0.822 -0.966 -0.995 -0.897 -0.709 -0.490 -0.297 -0.456 -0.674 -0.872 
0.000 0.000 0.000 0.000 0.000 -0.181 -0.332 -0.533 -0.751 -0.926 -1.000 -0.945 -0.783 -0.568 -0.361 -0.384 -0.595 -0.807 
0.000 0.000 0.000 0.000 0.000 -0.141 -0.271 -0.456 -0.674 -0.872 -0.987 -0.979 -0.851 -0.648 -0.432 -0.318 -0.516 -0.734 
0.000 0.000 0.000 0.000 0.000 -0.108 -0.217 -0.384 -0.595 -0.807 -0.958 -0.997 -0.909 -0.726 -0.507 -0.311 -0.440 -0.656 
0.000 0.000 0.000 0.000 0.000 0.000 -0.171 -0.318 -0.516 -0.734 -0.915 -0.998 -0.954 -0.799 -0.586 -0.376 -0.369 -0.577 
0.000 0.000 0.000 0.000 0.000 0.000 -0.133 -0.258 -0.440 -0.657 -0.858 -0.982 -0.985 -0.865 -0.665 -0.448 -0.304 -0.499 
0.000 0.000 0.000 0.000 0.000 0.000 -0.101 -0.206 -0.369 -0.577 -0.791 -0.950 -0.999 -0.920 -0.742 -0.525 -0.325 -0.424 
0.000 0.000 0.000 0.000 0.000 0.000 0.000 -0.162 -0.304 -0.499 -0.717 -0.903 -0.996 -0.962 -0.814 -0.604 -0.392 -0.354 
0.000 0.000 0.000 0.000 0.000 0.000 0.000 -0.125 -0.246 -0.424 -0.639 -0.844 -0.976 -0.989 -0.878 -0.683 -0.465 -0.290 
0.000 0.000 0.000 0.000 0.000 0.000 0.000 0.000 -0.196 -0.354 -0.560 -0.775 -0.941 -1.000 -0.931 -0.759 -0.542 -0.339 
# 1 2 44 18
-0.335 -0.537 -0.754 -0.928 -1.000 -0.944 -0.780 -0.565 -0.358 -0.199 0.000 0.000 0.000 0.000 0.000 0.000 0.000 0.000 
-0.303 -0.449 -0.667 -0.866 -0.985 -0.982 -0.857 -0.655 -0.439 -0.257 -0.132 0.000 0.000 0.000 0.000 0.000 0.000 0.000 
-0.377 -0.368 -0.576 -0.791 -0.950 -0.999 -0.921 -0.743 -0.525 -0.325 -0.176 0.000 0.000 0.000 0.000 0.000 0.000 0.000 
-0.459 -0.295 -0.488 -0.706 -0.895 -0.994 -0.967 -0.824 -0.615 -0.402 -0.230 -0.115 0.000 0.000 0.000 0.000 0.000 0.000 
-0.547 -0.343 -0.403 -0.617 -0.825 -0.968 -0.994 -0.894 -0.705 -0.486 -0.294 -0.156 0.000 0.000 0.000 0.000 0.000 0.000 
-0.637 -0.422 -0.326 -0.527 -0.744 -0.922 -0.999 -0.949 -0.789 -0.575 -0.367 -0.205 -0.100 0.000 0.000 0.000 0.000 0.000 
-0.725 -0.507 -0.310 -0.440 -0.657 -0.858 -0.982 -0.985 -0.865 -0.665 -0.448 -0.264 -0.137 0.000 0.000 0.000 0.000 0.000 
-0.808 -0.597 -0.386 -0.360 -0.566 -0.782 -0.944 -1.000 -0.927 -0.752 -0.535 -0.333 -0.182 0.000 0.000 0.000 0.000 0.000 
-0.881 -0.686 -0.468 -0.287 -0.478 -0.696 -0.888 -0.993 -0.971 -0.833 -0.625 -0.411 -0.237 -0.119 0.000 0.000 0.000 0.000 
-0.939 -0.772 -0.556 -0.351 -0.394 -0.607 -0.817 -0.964 -0.996 -0.901 -0.714 -0.496 -0.301 -0.161 0.000 0.000 0.000 0.000 
-0.979 -0.850 -0.647 -0.431 -0.318 -0.517 -0.735 -0.915 -0.998 -0.954 -0.798 -0.585 -0.375 -0.211 -0.104 0.000 0.000 0.000 
-0.998 -0.915 -0.735 -0.517 -0.318 -0.431 -0.647 -0.850 -0.979 -0.988 -0.872 -0.675 -0.457 -0.272 -0.141 0.000 0.000 0.000 
-0.996 -0.964 -0.817 -0.607 -0.394 -0.351 -0.556 -0.772 -0.939 -1.000 -0.933 -0.762 -0.545 -0.342 -0.187 0.000 0.000 0.000 
-0.971 -0.993 -0.888 -0.696 -0.478 -0.287 -0.468 -0.686 -0.881 -0.990 -0.975 -0.841 -0.635 -0.420 -0.243 -0.124 0.000 0.000 
-0.927 -1.000 -0.944 -0.782 -0.566 -0.360 -0.386 -0.597 -0.808 -0.959 -0.997 -0.908 -0.724 -0.506 -0.309 -0.166 0.000 0.000 
-0.865 -0.985 -0.982 -0.858 -0.657 -0.440 -0.310 -0.507 -0.725 -0.909 -0.997 -0.959 -0.807 -0.595 -0.384 -0.217 -0.108 0.000 
-0.789 -0.949 -0.999 -0.922 -0.744 -0.527 -0.326 -0.422 -0.637 -0.842 -0.976 -0.990 -0.880 -0.685 -0.467 -0.279 -0.146 0.000 
-0.705 -0.894 -0.994 -0.968 -0.825 -0.617 -0.403 -0.343 -0.547 -0.763 -0.933 -1.000 -0.938 -0.771 -0.555 -0.350 -0.193 0.000 
-0.615 -0.824 -0.967 -0.994 -0.895 -0.706 -0.488 -0.295 -0.459 -0.676 -0.874 -0.988 -0.979 -0.849 -0.645 -0.429 -0.250 -0.128 
-0.525 -0.743 -0.921 -0.999 -0.950 -0.791 -0.576 -0.368 -0.377 -0.586 -0.800 -0.955 -0.998 -0.914 -0.734 -0.515 -0.317 -0.171 
-0.439 -0.655 -0.857 -0.982 -0.985 -0.866 -0.667 -0.449 -0.303 -0.497 -0.716 -0.902 -0.996 -0.963 -0.816 -0.605 -0.393 -0.224 
-0.358 -0.565 -0.780 -0.944 -1.000 -0.928 -0.754 -0.537 -0.335 -0.412 -0.627 -0.834 -0.972 -0.992 -0.887 -0.695 -0.477 -0.286 
-0.286 -0.477 -0.695 -0.887 -0.992 -0.972 -0.834 -0.627 -0.412 -0.335 -0.537 -0.754 -0.928 -1.000 -0.944 -0.780 -0.565 -0.358 
-0.224 -0.393 -0.605 -0.816 -0.963 -0.996 -0.902 -0.716 -0.497 -0.303 -0.449 -0.667 -0.866 -0.985 -0.982 -0.857 -0.655 -0.439 
-0.171 -0.317 -0.515 -0.734 -0.914 -0.998 -0.955 -0.800 -0.586 -0.377 -0.368 -0.576 -0.791 -0.950 -0.999 -0.921 -0.743 -0.525 
-0.128 -0.250 -0.429 -0.645 -0.849 -0.979 -0.988 -0.874 -0.676 -0.459 -0.295 -0.488 -0.706 -0.895 -0.994 -0.967 -0.824 -0.615 
0.000 -0.193 -0.350 -0.555 -0.771 -0.938 -1.000 -0.933 -0.763 -0.547 -0.343 -0.403 -0.617 -0.825 -0.968 -0.994 -0.894 -0.705 
0.000 -0.146 -0.279 -0.467 -0.685 -0.880 -0.990 -0.976 -0.842 -0.637 -0.422 -0.326 -0.527 -0.744 -0.922 -0.999 -0.949 -0.789 
0.000 -0.108 -0.217 -0.384 -0.595 -0.807 -0.959 -0.997 -0.909 -0.725 -0.507 -0.310 -0.440 -0.657 -0.858 -0.982 -0.985 -0.865 
0.000 0.000 -0.166 -0.309 -0.506 -0.724 -0.908 -0.997 -0.959 -0.808 -0.597 -0.386 -0.360 -0.566 -0.782 -0.944 -1.000 -0.927 
0.000 0.000 -0.124 -0.243 -0.420 -0.635 -0.841 -0.975 -0.990 -0.881 -0.686 -0.468 -0.287 -0.478 -0.696 -0.888 -0.993 -0.971 
0.000 0.000 0.000 -0.187 -0.342 -0.545 -0.762 -0.933 -1.000 -0.939 -0.772 -0.556 -0.351 -0.394 -0.607 -0.817 -0.964 -0.996 
0.000 0.000 0.000 -0.141 -0.272 -0.457 -0.675 -0.872 -0.988 -0.979 -0.850 -0.647 -0.431 -0.318 -0.517 -0.735 -0.915 -0.998 
0.000 0.000 0.000 -0.104 -0.211 -0.375 -0.585 -0.798 -0.954 -0.998 -0.915 -0.735 -0.517 -0.318 -0.431 -0.647 -0.850 -0.979 
0.000 0.000 0.000 0.000 -0.161 -0.301 -0.496 -0.714 -0.901 -0.996 -0.964 -0.817 -0.607 -0.394 -0.351 -0.556 -0.772 -0.939 
0.000 0.000 0.000 0.000 -0.119 -0.237 -0.411 -0.625 -0.833 -0.971 -0.993 -0.888 -0.696 -0.478 -0.287 -0.468 -0.686 -0.881 
0.000 0.000 0.000 0.000 0.000 -0.182 -0.333 -0.535 -0.752 -0.927 -1.000 -0.944 -0.782 -0.566 -0.360 -0.386 -0.597 -0.808 
0.000 0.000 0.000 0.000 0.000 -0.137 -0.264 -0.448 -0.665 -0.865 -0.985 -0.982 -0.858 -0.657 -0.440 -0.310 -0.507 -0.725 
0.000 0.000 0.000 0.000 0.000 -0.100 -0.205 -0.367 -0.575 -0.789 -0.949 -0.999 -0.922 -0.744 -0.527 -0.326 -0.422 -0.637 
0.000 0.000 0.000 0.000 0.000 0.000 -0.156 -0.294 -0.486 -0.705 -0.894 -0.994 -0.968 -0.825 -0.617 -0.403 -0.343 -0.547 
0.000 0.000 0.000 0.000 0.000 0.000 -0.115 -0.230 -0.402 -0.615 -0.824 -0.967 -0.994 -0.895 -0.706 -0.488 -0.295 -0.459 
0.000 0.000 0.000 0.000 0.000 0.000 0.000 -0.176 -0.325 -0.525 -0.743 -0.921 -0.999 -0.950 -0.791 -0.576 -0.368 -0.377 
0.000 0.000 0.000 0.000 0.000 0.000 0.000 -0.132 -0.257 -0.439 -0.655 -0.857 -0.982 -0.985 -0.866 -0.667 -0.449 -0.303 
0.000 0.000 0.000 0.000 0.000 0.000 0.000 0.000 -0.199 -0.358 -0.565 -0.780 -0.944 -1.000 -0.928 -0.754 -0.537 -0.335 
# 2 0 50 44
-0.952 -0.999 -0.926 -0.757 -0.547 -0.349 -0.196 0.000 0.000 0.000 0.000 0.000 0.000 0.000 0.000 0.000 0.000 0.000 0.000 0.000 0.000 0.000 0.000 0.000 0.000 0.000 0.000 0.000 0.000 0.000 0.000 0.000 0.000 0.000 0.000 0.000 0.000 0.000 0.000 0.000 0.000 0.000 0.000 0.000 
-0.999 -0.964 -0.997 -0.909 -0.733 -0.521 -0.327 -0.182 0.000 0.000 0.000 0.000 0.000 0.000 0.000 0.000 0.000 0.000 0.000 0.000 0.000 0.000 0.000 0.000 0.000 0.000 0.000 0.000 0.000 0.000 0.000 0.000 0.000 0.000 0.000 0.000 0.000 0.000 0.000 0.000 0.000 0.000 0.000 0.000 
-0.965 -0.996 -0.974 -0.992 -0.892 -0.708 -0.496 -0.307 -0.168 0.000 0.000 0.000 0.000 0.000 0.000 0.000 0.000 0.000 0.000 0.000 0.000 0.000 0.000 0.000 0.000 0.000 0.000 0.000 0.000 0.000 0.000 0.000 0.000 0.000 0.000 0.000 0.000 0.000 0.000 0.000 0.000 0.000 0.000 0.000 
-0.847 -0.975 -0.992 -0.983 -0.986 -0.873 -0.683 -0.472 -0.288 -0.155 0.000 0.000 0.000 0.000 0.000 0.000 0.000 0.000 0.000 0.000 0.000 0.000 0.000 0.000 0.000 0.000 0.000 0.000 0.000 0.000 0.000 0.000 0.000 0.000 0.000 0.000 0.000 0.000 0.000 0.000 0.000 0.000 0.000 0.000 
-0.675 -0.867 -0.984 -0.985 -0.990 -0.978 -0.854 -0.658 -0.447 -0.269 -0.142 0.000 0.000 0.000 0.000 0.000 0.000 0.000 0.000 0.000 0.000 0.000 0.000 0.000 0.000 0.000 0.000 0.000 0.000 0.000 0.000 0.000 0.000 0.000 0.000 0.000 0.000 0.000 0.000 0.000 0.000 0.000 0.000 0.000 
-0.488 -0.700 -0.886 -0.990 -0.977 -0.995 -0.969 -0.833 -0.632 -0.424 -0.251 -0.131 0.000 0.000 0.000 0.000 0.000 0.000 0.000 0.000 0.000 0.000 0.000 0.000 0.000 0.000 0.000 0.000 0.000 0.000 0.000 0.000 0.000 0.000 0.000 0.000 0.000 0.000 0.000 0.000 0.000 0.000 0.000 0.000 
-0.321 -0.513 -0.725 -0.904 -0.995 -0.968 -0.998 -0.958 -0.811 -0.606 -0.400 -0.233 -0.120 0.000 0.000 0.000 0.000 0.000 0.000 0.000 0.000 0.000 0.000 0.000 0.000 0.000 0.000 0.000 0.000 0.000 0.000 0.000 0.000 0.000 0.000 0.000 0.000 0.000 0.000 0.000 0.000 0.000 0.000 0.000 
-0.191 -0.341 -0.538 -0.749 -0.920 -0.999 -0.956 -1.000 -0.945 -0.788 -0.581 -0.378 -0.217 -0.110 0.000 0.000 0.000 0.000 0.000 0.000 0.000 0.000 0.000 0.000 0.000 0.000 0.000 0.000 0.000 0.000 0.000 0.000 0.000 0.000 0.000 0.000 0.000 0.000 0.000 0.000 0.000 0.000 0.000 0.000 
-0.104 -0.206 -0.363 -0.564 -0.773 -0.936 -1.000 -0.948 -1.000 -0.931 -0.765 -0.555 -0.356 -0.201 -0.101 0.000 0.000 0.000 0.000 0.000 0.000 0.000 0.000 0.000 0.000 0.000 0.000 0.000 0.000 0.000 0.000 0.000 0.000 0.000 0.000 0.000 0.000 0.000 0.000 0.000 0.000 0.000 0.000 0.000 
0.000 -0.113 -0.222 -0.385 -0.589 -0.796 -0.949 -1.000 -0.960 -0.998 -0.915 -0.741 -0.530 -0.334 -0.186 0.000 0.000 0.000 0.000 0.000 0.000 0.000 0.000 0.000 0.000 0.000 0.000 0.000 0.000 0.000 0.000 0.000 0.000 0.000 0.000 0.000 0.000 0.000 0.000 0.000 0.000 0.000 0.000 0.000 
0.000 0.000 -0.124 -0.239 -0.408 -0.615 -0.818 -0.961 -0.997 -0.971 -0.994 -0.898 -0.716 -0.505 -0.314 -0.172 0.000 0.000 0.000 0.000 0.000 0.000 0.000 0.000 0.000 0.000 0.000 0.000 0.000 0.000 0.000 0.000 0.000 0.000 0.000 0.000 0.000 0.000 0.000 0.000 0.000 0.000 0.000 0.000 
0.000 0.000 0.000 -0.135 -0.257 -0.431 -0.641 -0.840 -0.972 -0.993 -0.980 -0.988 -0.880 -0.691 -0.480 -0.294 -0.159 0.000 0.000 0.000 0.000 0.000 0.000 0.000 0.000 0.000 0.000 0.000 0.000 0.000 0.000 0.000 0.000 0.000 0.000 0.000 0.000 0.000 0.000 0.000 0.000 0.000 0.000 0.000 
0.000 0.000 0.000 0.000 -0.146 -0.275 -0.455 -0.666 -0.860 -0.981 -0.988 -0.988 -0.981 -0.860 -0.666 -0.455 -0.275 -0.146 0.000 0.000 0.000 0.000 0.000 0.000 0.000 0.000 0.000 0.000 0.000 0.000 0.000 0.000 0.000 0.000 0.000 0.000 0.000 0.000 0.000 0.000 0.000 0.000 0.000 0.000 
0.000 0.000 0.000 0.000 0.000 -0.159 -0.294 -0.480 -0.691 -0.880 -0.988 -0.980 -0.993 -0.972 -0.840 -0.641 -0.431 -0.257 -0.135 0.000 0.000 0.000 0.000 0.000 0.000 0.000 0.000 0.000 0.000 0.000 0.000 0.000 0.000 0.000 0.000 0.000 0.000 0.000 0.000 0.000 0.000 0.000 0.000 0.000 
0.000 0.000 0.000 0.000 0.000 0.000 -0.172 -0.314 -0.505 -0.716 -0.898 -0.994 -0.971 -0.997 -0.961 -0.818 -0.615 -0.408 -0.239 -0.124 0.000 0.000 0.000 0.000 0.000 0.000 0.000 0.000 0.000 0.000 0.000 0.000 0.000 0.000 0.000 0.000 0.000 0.000 0.000 0.000 0.000 0.000 0.000 0.000 
0.000 0.000 0.000 0.000 0.000 0.000 0.000 -0.186 -0.334 -0.530 -0.741 -0.915 -0.998 -0.960 -1.000 -0.949 -0.796 -0.589 -0.385 -0.222 -0.113 0.000 0.000 0.000 0.000 0.000 0.000 0.000 0.000 0.000 0.000 0.000 0.000 0.000 0.000 0.000 0.000 0.000 0.000 0.000 0.000 0.000 0.000 0.000 
0.000 0.000 0.000 0.000 0.000 0.000 0.000 -0.101 -0.201 -0.356 -0.555 -0.765 -0.931 -1.000 -0.948 -1.000 -0.936 -0.773 -0.564 -0.363 -0.206 -0.104 0.000 0.000 0.000 0.000 0.000 0.000 0.000 0.000 0.000 0.000 0.000 0.000 0.000 0.000 0.000 0.000 0.000 0.000 0.000 0.000 0.000 0.000 
0.000 0.000 0.000 0.000 0.000 0.000 0.000 0.000 -0.110 -0.217 -0.378 -0.581 -0.788 -0.945 -1.000 -0.956 -0.999 -0.920 -0.749 -0.538 -0.341 -0.191 0.000 0.000 0.000 0.000 0.000 0.000 0.000 0.000 0.000 0.000 0.000 0.000 0.000 0.000 0.000 0.000 0.000 0.000 0.000 0.000 0.000 0.000 
0.000 0.000 0.000 0.000 0.000 0.000 0.000 0.000 0.000 -0.120 -0.233 -0.400 -0.606 -0.811 -0.958 -0.998 -0.968 -0.995 -0.904 -0.725 -0.513 -0.321 -0.177 0.000 0.000 0.000 0.000 0.000 0.000 0.000 0.000 0.000 0.000 0.000 0.000 0.000 0.000 0.000 0.000 0.000 0.000 0.000 0.000 0.000 
0.000 0.000 0.000 0.000 0.000 0.000 0.000 0.000 0.000 0.000 -0.131 -0.251 -0.424 -0.632 -0.833 -0.969 -0.995 -0.977 -0.990 -0.886 -0.700 -0.488 -0.301 -0.163 0.000 0.000 0.000 0.000 0.000 0.000 0.000 0.000 0.000 0.000 0.000 0.000 0.000 0.000 0.000 0.000 0.000 0.000 0.000 0.000 
0.000 0.000 0.000 0.000 0.000 0.000 0.000 0.000 0.000 0.000 0.000 -0.142 -0.269 -0.447 -0.658 -0.854 -0.978 -0.990 -0.985 -0.984 -0.867 -0.675 -0.463 -0.281 -0.151 0.000 0.000 0.000 0.000 0.000 0.000 0.000 0.000 0.000 0.000 0.000 0.000 0.000 0.000 0.000 0.000 0.000 0.000 0.000 
0.000 0.000 0.000 0.000 0.000 0.000 0.000 0.000 0.000 0.000 0.000 0.000 -0.155 -0.288 -0.472 -0.683 -0.873 -0.986 -0.983 -0.992 -0.975 -0.847 -0.649 -0.439 -0.263 -0.139 0.000 0.000 0.000 0.000 0.000 0.000 0.000 0.000 0.000 0.000 0.000 0.000 0.000 0.000 0.000 0.000 0.000 0.000 
0.000 0.000 0.000 0.000 0.000 0.000 0.000 0.000 0.000 0.000 0.000 0.000 0.000 -0.168 -0.307 -0.496 -0.708 -0.892 -0.992 -0.974 -0.996 -0.965 -0.826 -0.624 -0.416 -0.245 -0.127 0.000 0.000 0.000 0.000 0.000 0.000 0.000 0.000 0.000 0.000 0.000 0.000 0.000 0.000 0.000 0.000 0.000 
0.000 0.000 0.000 0.000 0.000 0.000 0.000 0.000 0.000 0.000 0.000 0.000 0.000 0.000 -0.182 -0.327 -0.521 -0.733 -0.909 -0.997 -0.964 -0.999 -0.954 -0.804 -0.598 -0.393 -0.228 -0.117 0.000 0.000 0.000 0.000 0.000 0.000 0.000 0.000 0.000 0.000 0.000 0.000 0.000 0.000 0.000 0.000 
0.000 0.000 0.000 0.000 0.000 0.000 0.000 0.000 0.000 0.000 0.000 0.000 0.000 0.000 0.000 -0.196 -0.349 -0.547 -0.757 -0.926 -0.999 -0.952 -1.000 -0.940 -0.781 -0.572 -0.370 -0.212 -0.107 0.000 0.000 0.000 0.000 0.000 0.000 0.000 0.000 0.000 0.000 0.000 0.000 0.000 0.000 0.000 
0.000 0.000 0.000 0.000 0.000 0.000 0.000 0.000 0.000 0.000 0.000 0.000 0.000 0.000 0.000 -0.107 -0.212 -0.370 -0.572 -0.781 -0.940 -1.000 -0.952 -0.999 -0.926 -0.757 -0.547 -0.349 -0.196 0.000 0.000 0.000 0.000 0.000 0.000 0.000 0.000 0.000 0.000 0.000 0.000 0.000 0.000 0.000 
0.000 0.000 0.000 0.000 0.000 0.000 0.000 0.000 0.000 0.000 0.000 0.000 0.000 0.000 0.000 0.000 -0.117 -0.228 -0.393 -0.598 -0.804 -0.954 -0.999 -0.964 -0.997 -0.909 -0.733 -0.521 -0.327 -0.182 0.000 0.000 0.000 0.000 0.000 0.000 0.000 0.000 0.000 0.000 0.000 0.000 0.000 0.000 
0.000 0.000 0.000 0.000 0.000 0.000 0.000 0.000 0.000 0.000 0.000 0.000 0.000 0.000 0.000 0.000 0.000 -0.127 -0.245 -0.416 -0.624 -0.826 -0.965 -0.996 -0.974 -0.992 -0.892 -0.708 -0.496 -0.307 -0.168 0.000 0.000 0.000 0.000 0.000 0.000 0.000 0.000 0.000 0.000 0.000 0.000 0.000 
0.000 0.000 0.000 0.000 0.000 0.000 0.000 0.000 0.000 0.000 0.000 0.000 0.000 0.000 0.000 0.000 0.000 0.000 -0.139 -0.263 -0.439 -0.649 -0.847 -0.975 -0.992 -0.983 -0.986 -0.873 -0.683 -0.472 -0.288 -0.155 0.000 0.000 0.000 0.000 0.000 0.000 0.000 0.000 0.000 0.000 0.000 0.000 
0.000 0.000 0.000 0.000 0.000 0.000 0.000 0.000 0.000 0.000 0.000 0.000 0.000 0.000 0.000 0.000 0.000 0.000 0.000 -0.151 -0.281 -0.463 -0.675 -0.867 -0.984 -0.985 -0.990 -0.978 -0.854 -0.658 -0.447 -0.269 -0.142 0.000 0.000 0.000 0.000 0.000 0.000 0.000 0.000 0.000 0.000 0.000 
0.000 0.000 0.000 0.000 0.000 0.000 0.000 0.000 0.000 0.000 0.000 0.000 0.000 0.000 0.000 0.000 0.000 0.000 0.000 0.000 -0.163 -0.301 -0.488 -0.700 -0.886 -0.990 -0.977 -0.995 -0.969 -0.833 -0.632 -0.424 -0.251 -0.131 0.000 0.000 0.000 0.000 0.000 0.000 0.000 0.000 0.000 0.000 
0.000 0.000 0.000 0.000 0.000 0.000 0.000 0.000 0.000 0.000 0.000 0.000 0.000 0.000 0.000 0.000 0.000 0.000 0.000 0.000 0.000 -0.177 -0.321 -0.513 -0.725 -0.904 -0.995 -0.968 -0.998 -0.958 -0.811 -0.606 -0.400 -0.233 -0.120 0.000 0.000 0.000 0.000 0.000 0.000 0.000 0.000 0.000 
0.000 0.000 0.000 0.000 0.000 0.000 0.000 0.000 0.000 0.000 0.000 0.000 0.000 0.000 0.000 0.000 0.000 0.000 0.000 0.000 0.000 0.000 -0.191 -0.341 -0.538 -0.749 -0.920 -0.999 -0.956 -1.000 -0.945 -0.788 -0.581 -0.378 -0.217 -0.110 0.000 0.000 0.000 0.000 0.000 0.000 0.000 0.000 
0.000 0.000 0.000 0.000 0.000 0.000 0.000 0.000 0.000 0.000 0.000 0.000 0.000 0.000 0.000 0.000 0.000 0.000 0.000 0.000 0.000 0.000 -0.104 -0.206 -0.363 -0.564 -0.773 -0.936 -1.000 -0.948 -1.000 -0.931 -0.765 -0.555 -0.356 -0.201 -0.101 0.000 0.000 0.000 0.000 0.000 0.000 0.000 
0.000 0.000 0.000 0.000 0.000 0.000 0.000 0.000 0.000 0.000 0.000 0.000 0.000 0.000 0.000 0.000 0.000 0.000 0.000 0.000 0.000 0.000 0.000 -0.113 -0.222 -0.385 -0.589 -0.796 -0.949 -1.000 -0.960 -0.998 -0.915 -0.741 -0.530 -0.334 -0.186 0.000 0.000 0.000 0.000 0.000 0.000 0.000 
0.000 0.000 0.000 0.000 0.000 0.000 0.000 0.000 0.000 0.000 0.000 0.000 0.000 0.000 0.000 0.000 0.000 0.000 0.000 0.000 0.000 0.000 0.000 0.000 -0.124 -0.239 -0.408 -0.615 -0.818 -0.961 -0.997 -0.971 -0.994 -0.898 -0.716 -0.505 -0.314 -0.172 0.000 0.000 0.000 0.000 0.000 0.000 
0.000 0.000 0.000 0.000 0.000 0.000 0.000 0.000 0.000 0.000 0.000 0.000 0.000 0.000 0.000 0.000 0.000 0.000 0.000 0.000 0.000 0.000 0.000 0.000 0.000 -0.135 -0.257 -0.431 -0.641 -0.840 -0.972 -0.993 -0.980 -0.988 -0.880 -0.691 -0.480 -0.294 -0.159 0.000 0.000 0.000 0.000 0.000 
0.000 0.000 0.000 0.000 0.000 0.000 0.000 0.000 0.000 0.000 0.000 0.000 0.000 0.000 0.000 0.000 0.000 0.000 0.000 0.000 0.000 0.000 0.000 0.000 0.000 0.000 -0.146 -0.275 -0.455 -0.666 -0.860 -0.981 -0.988 -0.988 -0.981 -0.860 -0.666 -0.455 -0.275 -0.146 0.000 0.000 0.000 0.000 
0.000 0.000 0.000 0.000 0.000 0.000 0.000 0.000 0.000 0.000 0.000 0.000 0.000 0.000 0.000 0.000 0.000 0.000 0.000 0.000 0.000 0.000 0.000 0.000 0.000 0.000 0.000 -0.159 -0.294 -0.480 -0.691 -0.880 -0.988 -0.980 -0.993 -0.972 -0.840 -0.641 -0.431 -0.257 -0.135 0.000 0.000 0.000 
0.000 0.000 0.000 0.000 0.000 0.000 0.000 0.000 0.000 0.000 0.000 0.000 0.000 0.000 0.000 0.000 0.000 0.000 0.000 0.000 0.000 0.000 0.000 0.000 0.000 0.000 0.000 0.000 -0.172 -0.314 -0.505 -0.716 -0.898 -0.994 -0.971 -0.997 -0.961 -0.818 -0.615 -0.408 -0.239 -0.124 0.000 0.000 
0.000 0.000 0.000 0.000 0.000 0.000 0.000 0.000 0.000 0.000 0.000 0.000 0.000 0.000 0.000 0.000 0.000 0.000 0.000 0.000 0.000 0.000 0.000 0.000 0.000 0.000 0.000 0.000 0.000 -0.186 -0.334 -0.530 -0.741 -0.915 -0.998 -0.960 -1.000 -0.949 -0.796 -0.589 -0.385 -0.222 -0.113 0.000 
0.000 0.000 0.000 0.000 0.000 0.000 0.000 0.000 0.000 0.000 0.000 0.000 0.000 0.000 0.000 0.000 0.000 0.000 0.000 0.000 0.000 0.000 0.000 0.000 0.000 0.000 0.000 0.000 0.000 -0.101 -0.201 -0.356 -0.555 -0.765 -0.931 -1.000 -0.948 -1.000 -0.936 -0.773 -0.564 -0.363 -0.206 -0.104 
0.000 0.000 0.000 0.000 0.000 0.000 0.000 0.000 0.000 0.000 0.000 0.000 0.000 0.000 0.000 0.000 0.000 0.000 0.000 0.000 0.000 0.000 0.000 0.000 0.000 0.000 0.000 0.000 0.000 0.000 -0.110 -0.217 -0.378 -0.581 -0.788 -0.945 -1.000 -0.956 -0.999 -0.920 -0.749 -0.538 -0.341 -0.191 
0.000 0.000 0.000 0.000 0.000 0.000 0.000 0.000 0.000 0.000 0.000 0.000 0.000 0.000 0.000 0.000 0.000 0.000 0.000 0.000 0.000 0.000 0.000 0.000 0.000 0.000 0.000 0.000 0.000 0.000 0.000 -0.120 -0.233 -0.400 -0.606 -0.811 -0.958 -0.998 -0.968 -0.995 -0.904 -0.725 -0.513 -0.321 
0.000 0.000 0.000 0.000 0.000 0.000 0.000 0.000 0.000 0.000 0.000 0.000 0.000 0.000 0.000 0.000 0.000 0.000 0.000 0.000 0.000 0.000 0.000 0.000 0.000 0.000 0.000 0.000 0.000 0.000 0.000 0.000 -0.131 -0.251 -0.424 -0.632 -0.833 -0.969 -0.995 -0.977 -0.990 -0.886 -0.700 -0.488 
0.000 0.000 0.000 0.000 0.000 0.000 0.000 0.000 0.000 0.000 0.000 0.000 0.000 0.000 0.000 0.000 0.000 0.000 0.000 0.000 0.000 0.000 0.000 0.000 0.000 0.000 0.000 0.000 0.000 0.000 0.000 0.000 0.000 -0.142 -0.269 -0.447 -0.658 -0.854 -0.978 -0.990 -0.985 -0.984 -0.867 -0.675 
0.000 0.000 0.000 0.000 0.000 0.000 0.000 0.000 0.000 0.000 0.000 0.000 0.000 0.000 0.000 0.000 0.000 0.000 0.000 0.000 0.000 0.000 0.000 0.000 0.000 0.000 0.000 0.000 0.000 0.000 0.000 0.000 0.000 0.000 -0.155 -0.288 -0.472 -0.683 -0.873 -0.986 -0.983 -0.992 -0.975 -0.847 
0.000 0.000 0.000 0.000 0.000 0.000 0.000 0.000 0.000 0.000 0.000 0.000 0.000 0.000 0.000 0.000 0.000 0.000 0.000 0.000 0.000 0.000 0.000 0.000 0.000 0.000 0.000 0.000 0.000 0.000 0.000 0.000 0.000 0.000 0.000 -0.168 -0.307 -0.496 -0.708 -0.892 -0.992 -0.974 -0.996 -0.965 
0.000 0.000 0.000 0.000 0.000 0.000 0.000 0.000 0.000 0.000 0.000 0.000 0.000 0.000 0.000 0.000 0.000 0.000 0.000 0.000 0.000 0.000 0.000 0.000 0.000 0.000 0.000 0.000 0.000 0.000 0.000 0.000 0.000 0.000 0.000 0.000 -0.182 -0.327 -0.521 -0.733 -0.909 -0.997 -0.964 -0.999 
0.000 0.000 0.000 0.000 0.000 0.000 0.000 0.000 0.000 0.000 0.000 0.000 0.000 0.000 0.000 0.000 0.000 0.000 0.000 0.000 0.000 0.000 0.000 0.000 0.000 0.000 0.000 0.000 0.000 0.000 0.000 0.000 0.000 0.000 0.000 0.000 0.000 -0.196 -0.349 -0.547 -0.757 -0.926 -0.999 -0.952 
# 2 1 18 44
-0.997 -0.973 -0.993 -0.895 -0.713 -0.501 -0.311 -0.170 0.000 0.000 0.000 0.000 0.000 0.000 0.000 0.000 0.000 0.000 0.000 0.000 0.000 0.000 0.000 0.000 0.000 0.000 0.000 0.000 0.000 0.000 0.000 0.000 0.000 0.000 0.000 0.000 0.000 0.000 0.000 0.000 0.000 0.000 0.000 0.000 
-0.736 -0.911 -0.997 -0.963 -0.999 -0.952 -0.801 -0.595 -0.390 -0.226 -0.116 0.000 0.000 0.000 0.000 0.000 0.000 0.000 0.000 0.000 0.000 0.000 0.000 0.000 0.000 0.000 0.000 0.000 0.000 0.000 0.000 0.000 0.000 0.000 0.000 0.000 0.000 0.000 0.000 0.000 0.000 0.000 0.000 0.000 
-0.258 -0.433 -0.643 -0.841 -0.973 -0.993 -0.981 -0.988 -0.878 -0.690 -0.478 -0.293 -0.158 0.000 0.000 0.000 0.000 0.000 0.000 0.000 0.000 0.000 0.000 0.000 0.000 0.000 0.000 0.000 0.000 0.000 0.000 0.000 0.000 0.000 0.000 0.000 0.000 0.000 0.000 0.000 0.000 0.000 0.000 0.000 
0.000 0.000 -0.197 -0.349 -0.548 -0.758 -0.926 -0.999 -0.952 -1.000 -0.940 -0.780 -0.571 -0.370 -0.211 -0.106 0.000 0.000 0.000 0.000 0.000 0.000 0.000 0.000 0.000 0.000 0.000 0.000 0.000 0.000 0.000 0.000 0.000 0.000 0.000 0.000 0.000 0.000 0.000 0.000 0.000 0.000 0.000 0.000 
0.000 0.000 0.000 0.000 -0.146 -0.275 -0.455 -0.666 -0.860 -0.981 -0.988 -0.988 -0.981 -0.860 -0.666 -0.455 -0.275 -0.146 0.000 0.000 0.000 0.000 0.000 0.000 0.000 0.000 0.000 0.000 0.000 0.000 0.000 0.000 0.000 0.000 0.000 0.000 0.000 0.000 0.000 0.000 0.000 0.000 0.000 0.000 
0.000 0.000 0.000 0.000 0.000 0.000 -0.106 -0.211 -0.370 -0.571 -0.780 -0.940 -1.000 -0.952 -0.999 -0.926 -0.758 -0.548 -0.349 -0.197 0.000 0.000 0.000 0.000 0.000 0.000 0.000 0.000 0.000 0.000 0.000 0.000 0.000 0.000 0.000 0.000 0.000 0.000 0.000 0.000 0.000 0.000 0.000 0.000 
0.000 0.000 0.000 0.000 0.000 0.000 0.000 0.000 0.000 -0.158 -0.293 -0.478 -0.690 -0.878 -0.988 -0.981 -0.993 -0.973 -0.841 -0.643 -0.433 -0.258 -0.136 0.000 0.000 0.000 0.000 0.000 0.000 0.000 0.000 0.000 0.000 0.000 0.000 0.000 0.000 0.000 0.000 0.000 0.000 0.000 0.000 0.000 
0.000 0.000 0.000 0.000 0.000 0.000 0.000 0.000 0.000 0.000 0.000 -0.116 -0.226 -0.390 -0.595 -0.801 -0.952 -0.999 -0.963 -0.997 -0.911 -0.736 -0.524 -0.330 -0.183 0.000 0.000 0.000 0.000 0.000 0.000 0.000 0.000 0.000 0.000 0.000 0.000 0.000 0.000 0.000 0.000 0.000 0.000 0.000 
0.000 0.000 0.000 0.000 0.000 0.000 0.000 0.000 0.000 0.000 0.000 0.000 0.000 0.000 -0.170 -0.311 -0.501 -0.713 -0.895 -0.993 -0.973 -0.997 -0.963 -0.822 -0.619 -0.411 -0.242 -0.125 0.000 0.000 0.000 0.000 0.000 0.000 0.000 0.000 0.000 0.000 0.000 0.000 0.000 0.000 0.000 0.000 
0.000 0.000 0.000 0.000 0.000 0.000 0.000 0.000 0.000 0.000 0.000 0.000 0.000 0.000 0.000 0.000 -0.125 -0.242 -0.411 -0.619 -0.822 -0.963 -0.997 -0.973 -0.993 -0.895 -0.713 -0.501 -0.311 -0.170 0.000 0.000 0.000 0.000 0.000 0.000 0.000 0.000 0.000 0.000 0.000 0.000 0.000 0.000 
0.000 0.000 0.000 0.000 0.000 0.000 0.000 0.000 0.000 0.000 0.000 0.000 0.000 0.000 0.000 0.000 0.000 0.000 0.000 -0.183 -0.330 -0.524 -0.736 -0.911 -0.997 -0.963 -0.999 -0.952 -0.801 -0.595 -0.390 -0.226 -0.116 0.000 0.000 0.000 0.000 0.000 0.000 0.000 0.000 0.000 0.000 0.000 
0.000 0.000 0.000 0.000 0.000 0.000 0.000 0.000 0.000 0.000 0.000 0.000 0.000 0.000 0.000 0.000 0.000 0.000 0.000 0.000 0.000 -0.136 -0.258 -0.433 -0.643 -0.841 -0.973 -0.993 -0.981 -0.988 -0.878 -0.690 -0.478 -0.293 -0.158 0.000 0.000 0.000 0.000 0.000 0.000 0.000 0.000 0.000 
0.000 0.000 0.000 0.000 0.000 0.000 0.000 0.000 0.000 0.000 0.000 0.000 0.000 0.000 0.000 0.000 0.000 0.000 0.000 0.000 0.000 0.000 0.000 0.000 -0.197 -0.349 -0.548 -0.758 -0.926 -0.999 -0.952 -1.000 -0.940 -0.780 -0.571 -0.370 -0.211 -0.106 0.000 0.000 0.000 0.000 0.000 0.000 
0.000 0.000 0.000 0.000 0.000 0.000 0.000 0.000 0.000 0.000 0.000 0.000 0.000 0.000 0.000 0.000 0.000 0.000 0.000 0.000 0.000 0.000 0.000 0.000 0.000 0.000 -0.146 -0.275 -0.455 -0.666 -0.860 -0.981 -0.988 -0.988 -0.981 -0.860 -0.666 -0.455 -0.275 -0.146 0.000 0.000 0.000 0.000 
0.000 0.000 0.000 0.000 0.000 0.000 0.000 0.000 0.000 0.000 0.000 0.000 0.000 0.000 0.000 0.000 0.000 0.000 0.000 0.000 0.000 0.000 0.000 0.000 0.000 0.000 0.000 0.000 -0.106 -0.211 -0.370 -0.571 -0.780 -0.940 -1.000 -0.952 -0.999 -0.926 -0.758 -0.548 -0.349 -0.197 0.000 0.000 
0.000 0.000 0.000 0.000 0.000 0.000 0.000 0.000 0.000 0.000 0.000 0.000 0.000 0.000 0.000 0.000 0.000 0.000 0.000 0.000 0.000 0.000 0.000 0.000 0.000 0.000 0.000 0.000 0.000 0.000 0.000 -0.158 -0.293 -0.478 -0.690 -0.878 -0.988 -0.981 -0.993 -0.973 -0.841 -0.643 -0.433 -0.258 
0.000 0.000 0.000 0.000 0.000 0.000 0.000 0.000 0.000 0.000 0.000 0.000 0.000 0.000 0.000 0.000 0.000 0.000 0.000 0.000 0.000 0.000 0.000 0.000 0.000 0.000 0.000 0.000 0.000 0.000 0.000 0.000 0.000 -0.116 -0.226 -0.390 -0.595 -0.801 -0.952 -0.999 -0.963 -0.997 -0.911 -0.736 
0.000 0.000 0.000 0.000 0.000 0.000 0.000 0.000 0.000 0.000 0.000 0.000 0.000 0.000 0.000 0.000 0.000 0.000 0.000 0.000 0.000 0.000 0.000 0.000 0.000 0.000 0.000 0.000 0.000 0.000 0.000 0.000 0.000 0.000 0.000 0.000 -0.170 -0.311 -0.501 -0.713 -0.895 -0.993 -0.973 -0.997 
