68.476611
3
# 0 1 18 50
0.000 0.000 0.000 0.000 0.000 0.000 0.000 0.000 0.193 0.345 0.543 0.754 0.924 0.999 0.953 0.803 0.596 0.391 0.226 0.115 0.000 0.000 0.000 0.000 0.000 0.000 0.000 0.000 0.000 0.000 0.000 0.000 0.000 0.000 0.000 0.000 0.000 0.000 0.000 0.000 0.000 0.000 0.000 0.000 0.000 0.000 0.000 0.000 0.000 0.000 
0.000 0.000 0.000 0.000 0.000 0.000 0.000 0.000 0.000 0.000 0.113 0.222 0.386 0.590 0.797 0.950 0.999 0.928 0.760 0.549 0.350 0.197 0.000 0.000 0.000 0.000 0.000 0.000 0.000 0.000 0.000 0.000 0.000 0.000 0.000 0.000 0.000 0.000 0.000 0.000 0.000 0.000 0.000 0.000 0.000 0.000 0.000 0.000 0.000 0.000 
0.123 0.000 0.000 0.000 0.000 0.000 0.000 0.000 0.000 0.000 0.000 0.000 0.000 0.133 0.254 0.428 0.638 0.838 0.971 0.994 0.897 0.714 0.502 0.311 0.170 0.000 0.000 0.000 0.000 0.000 0.000 0.000 0.000 0.000 0.000 0.000 0.000 0.000 0.000 0.000 0.000 0.000 0.000 0.000 0.000 0.000 0.000 0.000 0.000 0.000 
0.566 0.365 0.207 0.104 0.000 0.000 0.000 0.000 0.000 0.000 0.000 0.000 0.000 0.000 0.000 0.000 0.155 0.288 0.473 0.685 0.875 0.987 0.982 0.862 0.668 0.456 0.275 0.146 0.000 0.000 0.000 0.000 0.000 0.000 0.000 0.000 0.000 0.000 0.000 0.000 0.000 0.000 0.000 0.000 0.000 0.000 0.000 0.000 0.000 0.000 
0.997 0.909 0.731 0.519 0.325 0.180 0.000 0.000 0.000 0.000 0.000 0.000 0.000 0.000 0.000 0.000 0.000 0.000 0.000 0.180 0.325 0.519 0.731 0.909 0.997 0.964 0.823 0.620 0.412 0.242 0.125 0.000 0.000 0.000 0.000 0.000 0.000 0.000 0.000 0.000 0.000 0.000 0.000 0.000 0.000 0.000 0.000 0.000 0.000 0.000 
0.668 0.862 0.982 0.987 0.875 0.685 0.473 0.288 0.155 0.000 0.000 0.000 0.000 0.000 0.000 0.000 0.000 0.000 0.000 0.000 0.000 0.104 0.207 0.365 0.566 0.776 0.938 1.000 0.941 0.781 0.573 0.370 0.211 0.106 0.000 0.000 0.000 0.000 0.000 0.000 0.000 0.000 0.000 0.000 0.000 0.000 0.000 0.000 0.000 0.000 
0.170 0.311 0.502 0.714 0.897 0.994 0.971 0.838 0.638 0.428 0.254 0.133 0.000 0.000 0.000 0.000 0.000 0.000 0.000 0.000 0.000 0.000 0.000 0.000 0.123 0.238 0.407 0.614 0.818 0.962 0.997 0.913 0.737 0.525 0.330 0.183 0.000 0.000 0.000 0.000 0.000 0.000 0.000 0.000 0.000 0.000 0.000 0.000 0.000 0.000 
0.000 0.000 0.000 0.197 0.350 0.549 0.760 0.928 0.999 0.950 0.797 0.590 0.386 0.222 0.113 0.000 0.000 0.000 0.000 0.000 0.000 0.000 0.000 0.000 0.000 0.000 0.000 0.144 0.271 0.451 0.662 0.857 0.980 0.989 0.880 0.691 0.479 0.293 0.158 0.000 0.000 0.000 0.000 0.000 0.000 0.000 0.000 0.000 0.000 0.000 
0.000 0.000 0.000 0.000 0.000 0.115 0.226 0.391 0.596 0.803 0.953 0.999 0.924 0.754 0.543 0.345 0.193 0.000 0.000 0.000 0.000 0.000 0.000 0.000 0.000 0.000 0.000 0.000 0.000 0.000 0.167 0.307 0.496 0.708 0.893 0.992 0.974 0.843 0.644 0.434 0.258 0.136 0.000 0.000 0.000 0.000 0.000 0.000 0.000 0.000 
0.000 0.000 0.000 0.000 0.000 0.000 0.000 0.000 0.136 0.258 0.434 0.644 0.843 0.974 0.992 0.893 0.708 0.496 0.307 0.167 0.000 0.000 0.000 0.000 0.000 0.000 0.000 0.000 0.000 0.000 0.000 0.000 0.000 0.193 0.345 0.543 0.754 0.924 0.999 0.953 0.803 0.596 0.391 0.226 0.115 0.000 0.000 0.000 0.000 0.000 
0.000 0.000 0.000 0.000 0.000 0.000 0.000 0.000 0.000 0.000 0.000 0.158 0.293 0.479 0.691 0.880 0.989 0.980 0.857 0.662 0.451 0.271 0.144 0.000 0.000 0.000 0.000 0.000 0.000 0.000 0.000 0.000 0.000 0.000 0.000 0.113 0.222 0.386 0.590 0.797 0.950 0.999 0.928 0.760 0.549 0.350 0.197 0.000 0.000 0.000 
0.000 0.000 0.000 0.000 0.000 0.000 0.000 0.000 0.000 0.000 0.000 0.000 0.000 0.000 0.183 0.330 0.525 0.737 0.913 0.997 0.962 0.818 0.614 0.407 0.238 0.123 0.000 0.000 0.000 0.000 0.000 0.000 0.000 0.000 0.000 0.000 0.000 0.000 0.133 0.254 0.428 0.638 0.838 0.971 0.994 0.897 0.714 0.502 0.311 0.170 
0.000 0.000 0.000 0.000 0.000 0.000 0.000 0.000 0.000 0.000 0.000 0.000 0.000 0.000 0.000 0.000 0.106 0.211 0.370 0.573 0.781 0.941 1.000 0.938 0.776 0.566 0.365 0.207 0.104 0.000 0.000 0.000 0.000 0.000 0.000 0.000 0.000 0.000 0.000 0.000 0.000 0.155 0.288 0.473 0.685 0.875 0.987 0.982 0.862 0.668 
0.000 0.000 0.000 0.000 0.000 0.000 0.000 0.000 0.000 0.000 0.000 0.000 0.000 0.000 0.000 0.000 0.000 0.000 0.000 0.125 0.242 0.412 0.620 0.823 0.964 0.997 0.909 0.731 0.519 0.325 0.180 0.000 0.000 0.000 0.000 0.000 0.000 0.000 0.000 0.000 0.000 0.000 0.000 0.000 0.180 0.325 0.519 0.731 0.909 0.997 
0.000 0.000 0.000 0.000 0.000 0.000 0.000 0.000 0.000 0.000 0.000 0.000 0.000 0.000 0.000 0.000 0.000 0.000 0.000 0.000 0.000 0.000 0.146 0.275 0.456 0.668 0.862 0.982 0.987 0.875 0.685 0.473 0.288 0.155 0.000 0.000 0.000 0.000 0.000 0.000 0.000 0.000 0.000 0.000 0.000 0.000 0.104 0.207 0.365 0.566 
0.000 0.000 0.000 0.000 0.000 0.000 0.000 0.000 0.000 0.000 0.000 0.000 0.000 0.000 0.000 0.000 0.000 0.000 0.000 0.000 0.000 0.000 0.000 0.000 0.000 0.170 0.311 0.502 0.714 0.897 0.994 0.971 0.838 0.638 0.428 0.254 0.133 0.000 0.000 0.000 0.000 0.000 0.000 0.000 0.000 0.000 0.000 0.000 0.000 0.123 
0.000 0.000 0.000 0.000 0.000 0.000 0.000 0.000 0.000 0.000 0.000 0.000 0.000 0.000 0.000 0.000 0.000 0.000 0.000 0.000 0.000 0.000 0.000 0.000 0.000 0.000 0.000 0.000 0.197 0.350 0.549 0.760 0.928 0.999 0.950 0.797 0.590 0.386 0.222 0.113 0.000 0.000 0.000 0.000 0.000 0.000 0.000 0.000 0.000 0.000 
0.000 0.000 0.000 0.000 0.000 0.000 0.000 0.000 0.000 0.000 0.000 0.000 0.000 0.000 0.000 0.000 0.000 0.000 0.000 0.000 0.000 0.000 0.000 0.000 0.000 0.000 0.000 0.000 0.000 0.000 0.115 0.226 0.391 0.596 0.803 0.953 0.999 0.924 0.754 0.543 0.345 0.193 0.000 0.000 0.000 0.000 0.000 0.000 0.000 0.000 
# 0 2 15 50
0.000 0.000 0.000 0.000 0.000 0.000 0.000 0.000 0.161 0.297 0.485 0.697 0.884 0.990 0.978 0.853 0.656 0.445 0.267 0.141 0.000 0.000 0.000 0.000 0.000 0.000 0.000 0.000 0.000 0.000 0.000 0.000 0.000 0.000 0.000 0.000 0.000 0.000 0.000 0.000 0.000 0.000 0.000 0.000 0.000 0.000 0.000 0.000 0.000 0.000 
0.000 0.000 0.000 0.000 0.000 0.000 0.000 0.000 0.000 0.000 0.000 0.128 0.246 0.418 0.626 0.828 0.967 0.996 0.905 0.726 0.514 0.321 0.177 0.000 0.000 0.000 0.000 0.000 0.000 0.000 0.000 0.000 0.000 0.000 0.000 0.000 0.000 0.000 0.000 0.000 0.000 0.000 0.000 0.000 0.000 0.000 0.000 0.000 0.000 0.000 
0.297 0.161 0.000 0.000 0.000 0.000 0.000 0.000 0.000 0.000 0.000 0.000 0.000 0.000 0.000 0.200 0.355 0.555 0.765 0.931 1.000 0.948 0.792 0.585 0.381 0.219 0.111 0.000 0.000 0.000 0.000 0.000 0.000 0.000 0.000 0.000 0.000 0.000 0.000 0.000 0.000 0.000 0.000 0.000 0.000 0.000 0.000 0.000 0.000 0.000 
0.931 0.765 0.555 0.355 0.200 0.000 0.000 0.000 0.000 0.000 0.000 0.000 0.000 0.000 0.000 0.000 0.000 0.000 0.161 0.297 0.485 0.697 0.884 0.990 0.978 0.853 0.656 0.445 0.267 0.141 0.000 0.000 0.000 0.000 0.000 0.000 0.000 0.000 0.000 0.000 0.000 0.000 0.000 0.000 0.000 0.000 0.000 0.000 0.000 0.000 
0.726 0.905 0.996 0.967 0.828 0.626 0.418 0.246 0.128 0.000 0.000 0.000 0.000 0.000 0.000 0.000 0.000 0.000 0.000 0.000 0.000 0.128 0.246 0.418 0.626 0.828 0.967 0.996 0.905 0.726 0.514 0.321 0.177 0.000 0.000 0.000 0.000 0.000 0.000 0.000 0.000 0.000 0.000 0.000 0.000 0.000 0.000 0.000 0.000 0.000 
0.141 0.267 0.445 0.656 0.853 0.978 0.990 0.884 0.697 0.485 0.297 0.161 0.000 0.000 0.000 0.000 0.000 0.000 0.000 0.000 0.000 0.000 0.000 0.000 0.000 0.200 0.355 0.555 0.765 0.931 1.000 0.948 0.792 0.585 0.381 0.219 0.111 0.000 0.000 0.000 0.000 0.000 0.000 0.000 0.000 0.000 0.000 0.000 0.000 0.000 
0.000 0.000 0.000 0.111 0.219 0.381 0.585 0.792 0.948 1.000 0.931 0.765 0.555 0.355 0.200 0.000 0.000 0.000 0.000 0.000 0.000 0.000 0.000 0.000 0.000 0.000 0.000 0.000 0.161 0.297 0.485 0.697 0.884 0.990 0.978 0.853 0.656 0.445 0.267 0.141 0.000 0.000 0.000 0.000 0.000 0.000 0.000 0.000 0.000 0.000 
0.000 0.000 0.000 0.000 0.000 0.000 0.000 0.177 0.321 0.514 0.726 0.905 0.996 0.967 0.828 0.626 0.418 0.246 0.128 0.000 0.000 0.000 0.000 0.000 0.000 0.000 0.000 0.000 0.000 0.000 0.000 0.128 0.246 0.418 0.626 0.828 0.967 0.996 0.905 0.726 0.514 0.321 0.177 0.000 0.000 0.000 0.000 0.000 0.000 0.000 
0.000 0.000 0.000 0.000 0.000 0.000 0.000 0.000 0.000 0.000 0.141 0.267 0.445 0.656 0.853 0.978 0.990 0.884 0.697 0.485 0.297 0.161 0.000 0.000 0.000 0.000 0.000 0.000 0.000 0.000 0.000 0.000 0.000 0.000 0.000 0.200 0.355 0.555 0.765 0.931 1.000 0.948 0.792 0.585 0.381 0.219 0.111 0.000 0.000 0.000 
0.000 0.000 0.000 0.000 0.000 0.000 0.000 0.000 0.000 0.000 0.000 0.000 0.000 0.111 0.219 0.381 0.585 0.792 0.948 1.000 0.931 0.765 0.555 0.355 0.200 0.000 0.000 0.000 0.000 0.000 0.000 0.000 0.000 0.000 0.000 0.000 0.000 0.000 0.161 0.297 0.485 0.697 0.884 0.990 0.978 0.853 0.656 0.445 0.267 0.141 
0.000 0.000 0.000 0.000 0.000 0.000 0.000 0.000 0.000 0.000 0.000 0.000 0.000 0.000 0.000 0.000 0.000 0.177 0.321 0.514 0.726 0.905 0.996 0.967 0.828 0.626 0.418 0.246 0.128 0.000 0.000 0.000 0.000 0.000 0.000 0.000 0.000 0.000 0.000 0.000 0.000 0.128 0.246 0.418 0.626 0.828 0.967 0.996 0.905 0.726 
0.000 0.000 0.000 0.000 0.000 0.000 0.000 0.000 0.000 0.000 0.000 0.000 0.000 0.000 0.000 0.000 0.000 0.000 0.000 0.000 0.141 0.267 0.445 0.656 0.853 0.978 0.990 0.884 0.697 0.485 0.297 0.161 0.000 0.000 0.000 0.000 0.000 0.000 0.000 0.000 0.000 0.000 0.000 0.000 0.000 0.200 0.355 0.555 0.765 0.931 
0.000 0.000 0.000 0.000 0.000 0.000 0.000 0.000 0.000 0.000 0.000 0.000 0.000 0.000 0.000 0.000 0.000 0.000 0.000 0.000 0.000 0.000 0.000 0.111 0.219 0.381 0.585 0.792 0.948 1.000 0.931 0.765 0.555 0.355 0.200 0.000 0.000 0.000 0.000 0.000 0.000 0.000 0.000 0.000 0.000 0.000 0.000 0.000 0.161 0.297 
0.000 0.000 0.000 0.000 0.000 0.000 0.000 0.000 0.000 0.000 0.000 0.000 0.000 0.000 0.000 0.000 0.000 0.000 0.000 0.000 0.000 0.000 0.000 0.000 0.000 0.000 0.000 0.177 0.321 0.514 0.726 0.905 0.996 0.967 0.828 0.626 0.418 0.246 0.128 0.000 0.000 0.000 0.000 0.000 0.000 0.000 0.000 0.000 0.000 0.000 
0.000 0.000 0.000 0.000 0.000 0.000 0.000 0.000 0.000 0.000 0.000 0.000 0.000 0.000 0.000 0.000 0.000 0.000 0.000 0.000 0.000 0.000 0.000 0.000 0.000 0.000 0.000 0.000 0.000 0.000 0.141 0.267 0.445 0.656 0.853 0.978 0.990 0.884 0.697 0.485 0.297 0.161 0.000 0.000 0.000 0.000 0.000 0.000 0.000 0.000 
# 1 0 50 18
0.000 0.000 0.000 0.000 0.000 -0.135 -0.351 -0.669 -0.942 -0.979 -0.750 -0.424 -0.177 0.000 0.000 0.000 0.000 0.000 
0.000 0.000 0.000 0.000 0.000 0.000 -0.258 -0.549 -0.863 -1.000 -0.855 -0.539 -0.251 0.000 0.000 0.000 0.000 0.000 
0.000 0.000 0.000 0.000 0.000 0.000 -0.182 -0.433 -0.759 -0.982 -0.937 -0.659 -0.342 -0.131 0.000 0.000 0.000 0.000 
0.000 0.000 0.000 0.000 0.000 0.000 -0.124 -0.329 -0.643 -0.927 -0.987 -0.775 -0.449 -0.192 0.000 0.000 0.000 0.000 
0.000 0.000 0.000 0.000 0.000 0.000 0.000 -0.239 -0.523 -0.842 -0.999 -0.875 -0.566 -0.270 0.000 0.000 0.000 0.000 
0.000 0.000 0.000 0.000 0.000 0.000 0.000 -0.168 -0.409 -0.734 -0.973 -0.951 -0.686 -0.365 -0.143 0.000 0.000 0.000 
0.000 0.000 0.000 0.000 0.000 0.000 0.000 -0.113 -0.307 -0.616 -0.911 -0.993 -0.799 -0.474 -0.207 0.000 0.000 0.000 
0.000 0.000 0.000 0.000 0.000 0.000 0.000 0.000 -0.222 -0.497 -0.819 -0.997 -0.895 -0.592 -0.289 -0.104 0.000 0.000 
0.000 0.000 0.000 0.000 0.000 0.000 0.000 0.000 -0.154 -0.385 -0.709 -0.962 -0.963 -0.712 -0.388 -0.156 0.000 0.000 
0.000 0.000 0.000 0.000 0.000 0.000 0.000 0.000 -0.103 -0.287 -0.589 -0.892 -0.997 -0.822 -0.500 -0.224 0.000 0.000 
0.000 0.000 0.000 0.000 0.000 0.000 0.000 0.000 0.000 -0.205 -0.471 -0.796 -0.992 -0.913 -0.619 -0.310 -0.114 0.000 
0.000 0.000 0.000 0.000 0.000 0.000 0.000 0.000 0.000 -0.142 -0.362 -0.682 -0.949 -0.974 -0.737 -0.412 -0.170 0.000 
0.000 0.000 0.000 0.000 0.000 0.000 0.000 0.000 0.000 0.000 -0.267 -0.562 -0.873 -1.000 -0.844 -0.526 -0.242 0.000 
0.000 0.000 0.000 0.000 0.000 0.000 0.000 0.000 0.000 0.000 -0.190 -0.446 -0.772 -0.986 -0.929 -0.646 -0.331 -0.125 
0.000 0.000 0.000 0.000 0.000 0.000 0.000 0.000 0.000 0.000 -0.130 -0.339 -0.656 -0.935 -0.983 -0.762 -0.436 -0.184 
-0.103 0.000 0.000 0.000 0.000 0.000 0.000 0.000 0.000 0.000 0.000 -0.249 -0.536 -0.852 -1.000 -0.865 -0.552 -0.260 
-0.154 0.000 0.000 0.000 0.000 0.000 0.000 0.000 0.000 0.000 0.000 -0.175 -0.421 -0.747 -0.978 -0.944 -0.672 -0.353 
-0.222 0.000 0.000 0.000 0.000 0.000 0.000 0.000 0.000 0.000 0.000 -0.118 -0.318 -0.629 -0.919 -0.990 -0.787 -0.461 
-0.307 -0.113 0.000 0.000 0.000 0.000 0.000 0.000 0.000 0.000 0.000 0.000 -0.231 -0.510 -0.831 -0.998 -0.885 -0.579 
-0.409 -0.168 0.000 0.000 0.000 0.000 0.000 0.000 0.000 0.000 0.000 0.000 -0.161 -0.397 -0.721 -0.968 -0.957 -0.699 
-0.523 -0.239 0.000 0.000 0.000 0.000 0.000 0.000 0.000 0.000 0.000 0.000 -0.108 -0.297 -0.603 -0.902 -0.995 -0.811 
-0.643 -0.329 -0.124 0.000 0.000 0.000 0.000 0.000 0.000 0.000 0.000 0.000 0.000 -0.214 -0.484 -0.808 -0.995 -0.904 
-0.759 -0.433 -0.182 0.000 0.000 0.000 0.000 0.000 0.000 0.000 0.000 0.000 0.000 -0.148 -0.373 -0.696 -0.956 -0.969 
-0.863 -0.549 -0.258 0.000 0.000 0.000 0.000 0.000 0.000 0.000 0.000 0.000 0.000 0.000 -0.277 -0.576 -0.883 -0.999 
-0.942 -0.669 -0.351 -0.135 0.000 0.000 0.000 0.000 0.000 0.000 0.000 0.000 0.000 0.000 -0.198 -0.458 -0.784 -0.989 
-0.989 -0.784 -0.458 -0.198 0.000 0.000 0.000 0.000 0.000 0.000 0.000 0.000 0.000 0.000 -0.135 -0.351 -0.669 -0.942 
-0.999 -0.883 -0.576 -0.277 0.000 0.000 0.000 0.000 0.000 0.000 0.000 0.000 0.000 0.000 0.000 -0.258 -0.549 -0.863 
-0.969 -0.956 -0.696 -0.373 -0.148 0.000 0.000 0.000 0.000 0.000 0.000 0.000 0.000 0.000 0.000 -0.182 -0.433 -0.759 
-0.904 -0.995 -0.808 -0.484 -0.214 0.000 0.000 0.000 0.000 0.000 0.000 0.000 0.000 0.000 0.000 -0.124 -0.329 -0.643 
-0.811 -0.995 -0.902 -0.603 -0.297 -0.108 0.000 0.000 0.000 0.000 0.000 0.000 0.000 0.000 0.000 0.000 -0.239 -0.523 
-0.699 -0.957 -0.968 -0.721 -0.397 -0.161 0.000 0.000 0.000 0.000 0.000 0.000 0.000 0.000 0.000 0.000 -0.168 -0.409 
-0.579 -0.885 -0.998 -0.831 -0.510 -0.231 0.000 0.000 0.000 0.000 0.000 0.000 0.000 0.000 0.000 0.000 -0.113 -0.307 
-0.461 -0.787 -0.990 -0.919 -0.629 -0.318 -0.118 0.000 0.000 0.000 0.000 0.000 0.000 0.000 0.000 0.000 0.000 -0.222 
-0.353 -0.672 -0.944 -0.978 -0.747 -0.421 -0.175 0.000 0.000 0.000 0.000 0.000 0.000 0.000 0.000 0.000 0.000 -0.154 
-0.260 -0.552 -0.865 -1.000 -0.852 -0.536 -0.249 0.000 0.000 0.000 0.000 0.000 0.000 0.000 0.000 0.000 0.000 -0.103 
-0.184 -0.436 -0.762 -0.983 -0.935 -0.656 -0.339 -0.130 0.000 0.000 0.000 0.000 0.000 0.000 0.000 0.000 0.000 0.000 
-0.125 -0.331 -0.646 -0.929 -0.986 -0.772 -0.446 -0.190 0.000 0.000 0.000 0.000 0.000 0.000 0.000 0.000 0.000 0.000 
0.000 -0.242 -0.526 -0.844 -1.000 -0.873 -0.562 -0.267 0.000 0.000 0.000 0.000 0.000 0.000 0.000 0.000 0.000 0.000 
0.000 -0.170 -0.412 -0.737 -0.974 -0.949 -0.682 -0.362 -0.142 0.000 0.000 0.000 0.000 0.000 0.000 0.000 0.000 0.000 
0.000 -0.114 -0.310 -0.619 -0.913 -0.992 -0.796 -0.471 -0.205 0.000 0.000 0.000 0.000 0.000 0.000 0.000 0.000 0.000 
0.000 0.000 -0.224 -0.500 -0.822 -0.997 -0.892 -0.589 -0.287 -0.103 0.000 0.000 0.000 0.000 0.000 0.000 0.000 0.000 
0.000 0.000 -0.156 -0.388 -0.712 -0.963 -0.962 -0.709 -0.385 -0.154 0.000 0.000 0.000 0.000 0.000 0.000 0.000 0.000 
0.000 0.000 -0.104 -0.289 -0.592 -0.895 -0.997 -0.819 -0.497 -0.222 0.000 0.000 0.000 0.000 0.000 0.000 0.000 0.000 
0.000 0.000 0.000 -0.207 -0.474 -0.799 -0.993 -0.911 -0.616 -0.307 -0.113 0.000 0.000 0.000 0.000 0.000 0.000 0.000 
0.000 0.000 0.000 -0.143 -0.365 -0.686 -0.951 -0.973 -0.734 -0.409 -0.168 0.000 0.000 0.000 0.000 0.000 0.000 0.000 
0.000 0.000 0.000 0.000 -0.270 -0.566 -0.875 -0.999 -0.842 -0.523 -0.239 0.000 0.000 0.000 0.000 0.000 0.000 0.000 
0.000 0.000 0.000 0.000 -0.192 -0.449 -0.775 -0.987 -0.927 -0.643 -0.329 -0.124 0.000 0.000 0.000 0.000 0.000 0.000 
0.000 0.000 0.000 0.000 -0.131 -0.342 -0.659 -0.937 -0.982 -0.759 -0.433 -0.182 0.000 0.000 0.000 0.000 0.000 0.000 
0.000 0.000 0.000 0.000 0.000 -0.251 -0.539 -0.855 -1.000 -0.863 -0.549 -0.258 0.000 0.000 0.000 0.000 0.000 0.000 
0.000 0.000 0.000 0.000 0.000 -0.177 -0.424 -0.750 -0.979 -0.942 -0.669 -0.351 -0.135 0.000 0.000 0.000 0.000 0.000 
