68.663347
3
# 0 1 10 50
0.000 0.000 0.000 0.000 0.000 0.000 0.000 0.000 0.000 0.135 0.328 0.616 0.893 1.000 0.865 0.577 0.297 0.118 0.000 0.000 0.000 0.000 0.000 0.000 0.000 0.000 0.000 0.000 0.000 0.000 0.000 0.000 0.000 0.000 0.000 0.000 0.000 0.000 0.000 0.000 0.000 0.000 0.000 0.000 0.000 0.000 0.000 0.000 0.000 0.000 
0.135 0.000 0.000 0.000 0.000 0.000 0.000 0.000 0.000 0.000 0.000 0.000 0.000 0.000 0.135 0.328 0.616 0.893 1.000 0.865 0.577 0.297 0.118 0.000 0.000 0.000 0.000 0.000 0.000 0.000 0.000 0.000 0.000 0.000 0.000 0.000 0.000 0.000 0.000 0.000 0.000 0.000 0.000 0.000 0.000 0.000 0.000 0.000 0.000 0.000 
0.865 1.000 0.893 0.616 0.328 0.135 0.000 0.000 0.000 0.000 0.000 0.000 0.000 0.000 0.000 0.000 0.000 0.000 0.000 0.135 0.328 0.616 0.893 1.000 0.865 0.577 0.297 0.118 0.000 0.000 0.000 0.000 0.000 0.000 0.000 0.000 0.000 0.000 0.000 0.000 0.000 0.000 0.000 0.000 0.000 0.000 0.000 0.000 0.000 0.000 
0.000 0.000 0.118 0.297 0.577 0.865 1.000 0.893 0.616 0.328 0.135 0.000 0.000 0.000 0.000 0.000 0.000 0.000 0.000 0.000 0.000 0.000 0.000 0.000 0.135 0.328 0.616 0.893 1.000 0.865 0.577 0.297 0.118 0.000 0.000 0.000 0.000 0.000 0.000 0.000 0.000 0.000 0.000 0.000 0.000 0.000 0.000 0.000 0.000 0.000 
0.000 0.000 0.000 0.000 0.000 0.000 0.000 0.118 0.297 0.577 0.865 1.000 0.893 0.616 0.328 0.135 0.000 0.000 0.000 0.000 0.000 0.000 0.000 0.000 0.000 0.000 0.000 0.000 0.000 0.135 0.328 0.616 0.893 1.000 0.865 0.577 0.297 0.118 0.000 0.000 0.000 0.000 0.000 0.000 0.000 0.000 0.000 0.000 0.000 0.000 
0.000 0.000 0.000 0.000 0.000 0.000 0.000 0.000 0.000 0.000 0.000 0.000 0.118 0.297 0.577 0.865 1.000 0.893 0.616 0.328 0.135 0.000 0.000 0.000 0.000 0.000 0.000 0.000 0.000 0.000 0.000 0.000 0.000 0.000 0.135 0.328 0.616 0.893 1.000 0.865 0.577 0.297 0.118 0.000 0.000 0.000 0.000 0.000 0.000 0.000 
0.000 0.000 0.000 0.000 0.000 0.000 0.000 0.000 0.000 0.000 0.000 0.000 0.000 0.000 0.000 0.000 0.000 0.118 0.297 0.577 0.865 1.000 0.893 0.616 0.328 0.135 0.000 0.000 0.000 0.000 0.000 0.000 0.000 0.000 0.000 0.000 0.000 0.000 0.000 0.135 0.328 0.616 0.893 1.000 0.865 0.577 0.297 0.118 0.000 0.000 
0.000 0.000 0.000 0.000 0.000 0.000 0.000 0.000 0.000 0.000 0.000 0.000 0.000 0.000 0.000 0.000 0.000 0.000 0.000 0.000 0.000 0.000 0.118 0.297 0.577 0.865 1.000 0.893 0.616 0.328 0.135 0.000 0.000 0.000 0.000 0.000 0.000 0.000 0.000 0.000 0.000 0.000 0.000 0.000 0.135 0.328 0.616 0.893 1.000 0.865 
0.000 0.000 0.000 0.000 0.000 0.000 0.000 0.000 0.000 0.000 0.000 0.000 0.000 0.000 0.000 0.000 0.000 0.000 0.000 0.000 0.000 0.000 0.000 0.000 0.000 0.000 0.000 0.118 0.297 0.577 0.865 1.000 0.893 0.616 0.328 0.135 0.000 0.000 0.000 0.000 0.000 0.000 0.000 0.000 0.000 0.000 0.000 0.000 0.000 0.135 
0.000 0.000 0.000 0.000 0.000 0.000 0.000 0.000 0.000 0.000 0.000 0.000 0.000 0.000 0.000 0.000 0.000 0.000 0.000 0.000 0.000 0.000 0.000 0.000 0.000 0.000 0.000 0.000 0.000 0.000 0.000 0.000 0.118 0.297 0.577 0.865 1.000 0.893 0.616 0.328 0.135 0.000 0.000 0.000 0.000 0.000 0.000 0.000 0.000 0.000 
# 0 2 15 50
0.000 0.000 0.000 0.000 0.000 0.000 0.000 0.000 0.113 0.288 0.565 0.855 1.000 0.903 0.629 0.338 0.141 0.000 0.000 0.000 0.000 0.000 0.000 0.000 0.000 0.000 0.000 0.000 0.000 0.000 0.000 0.000 0.000 0.000 0.000 0.000 0.000 0.000 0.000 0.000 0.000 0.000 0.000 0.000 0.000 0.000 0.000 0.000 0.000 0.000 
0.000 0.000 0.000 0.000 0.000 0.000 0.000 0.000 0.000 0.000 0.000 0.000 0.217 0.464 0.767 0.977 0.961 0.730 0.428 0.194 0.000 0.000 0.000 0.000 0.000 0.000 0.000 0.000 0.000 0.000 0.000 0.000 0.000 0.000 0.000 0.000 0.000 0.000 0.000 0.000 0.000 0.000 0.000 0.000 0.000 0.000 0.000 0.000 0.000 0.000 
0.288 0.113 0.000 0.000 0.000 0.000 0.000 0.000 0.000 0.000 0.000 0.000 0.000 0.000 0.000 0.159 0.371 0.667 0.927 0.995 0.824 0.527 0.260 0.000 0.000 0.000 0.000 0.000 0.000 0.000 0.000 0.000 0.000 0.000 0.000 0.000 0.000 0.000 0.000 0.000 0.000 0.000 0.000 0.000 0.000 0.000 0.000 0.000 0.000 0.000 
0.995 0.927 0.667 0.371 0.159 0.000 0.000 0.000 0.000 0.000 0.000 0.000 0.000 0.000 0.000 0.000 0.000 0.000 0.113 0.288 0.565 0.855 1.000 0.903 0.629 0.338 0.141 0.000 0.000 0.000 0.000 0.000 0.000 0.000 0.000 0.000 0.000 0.000 0.000 0.000 0.000 0.000 0.000 0.000 0.000 0.000 0.000 0.000 0.000 0.000 
0.194 0.428 0.730 0.961 0.977 0.767 0.464 0.217 0.000 0.000 0.000 0.000 0.000 0.000 0.000 0.000 0.000 0.000 0.000 0.000 0.000 0.000 0.217 0.464 0.767 0.977 0.961 0.730 0.428 0.194 0.000 0.000 0.000 0.000 0.000 0.000 0.000 0.000 0.000 0.000 0.000 0.000 0.000 0.000 0.000 0.000 0.000 0.000 0.000 0.000 
0.000 0.000 0.000 0.141 0.338 0.629 0.903 1.000 0.855 0.565 0.288 0.113 0.000 0.000 0.000 0.000 0.000 0.000 0.000 0.000 0.000 0.000 0.000 0.000 0.000 0.159 0.371 0.667 0.927 0.995 0.824 0.527 0.260 0.000 0.000 0.000 0.000 0.000 0.000 0.000 0.000 0.000 0.000 0.000 0.000 0.000 0.000 0.000 0.000 0.000 
0.000 0.000 0.000 0.000 0.000 0.000 0.000 0.260 0.527 0.824 0.995 0.927 0.667 0.371 0.159 0.000 0.000 0.000 0.000 0.000 0.000 0.000 0.000 0.000 0.000 0.000 0.000 0.000 0.113 0.288 0.565 0.855 1.000 0.903 0.629 0.338 0.141 0.000 0.000 0.000 0.000 0.000 0.000 0.000 0.000 0.000 0.000 0.000 0.000 0.000 
0.000 0.000 0.000 0.000 0.000 0.000 0.000 0.000 0.000 0.000 0.194 0.428 0.730 0.961 0.977 0.767 0.464 0.217 0.000 0.000 0.000 0.000 0.000 0.000 0.000 0.000 0.000 0.000 0.000 0.000 0.000 0.000 0.217 0.464 0.767 0.977 0.961 0.730 0.428 0.194 0.000 0.000 0.000 0.000 0.000 0.000 0.000 0.000 0.000 0.000 
0.000 0.000 0.000 0.000 0.000 0.000 0.000 0.000 0.000 0.000 0.000 0.000 0.000 0.141 0.338 0.629 0.903 1.000 0.855 0.565 0.288 0.113 0.000 0.000 0.000 0.000 0.000 0.000 0.000 0.000 0.000 0.000 0.000 0.000 0.000 0.159 0.371 0.667 0.927 0.995 0.824 0.527 0.260 0.000 0.000 0.000 0.000 0.000 0.000 0.000 
0.000 0.000 0.000 0.000 0.000 0.000 0.000 0.000 0.000 0.000 0.000 0.000 0.000 0.000 0.000 0.000 0.000 0.260 0.527 0.824 0.995 0.927 0.667 0.371 0.159 0.000 0.000 0.000 0.000 0.000 0.000 0.000 0.000 0.000 0.000 0.000 0.000 0.000 0.113 0.288 0.565 0.855 1.000 0.903 0.629 0.338 0.141 0.000 0.000 0.000 
0.000 0.000 0.000 0.000 0.000 0.000 0.000 0.000 0.000 0.000 0.000 0.000 0.000 0.000 0.000 0.000 0.000 0.000 0.000 0.000 0.194 0.428 0.730 0.961 0.977 0.767 0.464 0.217 0.000 0.000 0.000 0.000 0.000 0.000 0.000 0.000 0.000 0.000 0.000 0.000 0.000 0.000 0.217 0.464 0.767 0.977 0.961 0.730 0.428 0.194 
0.000 0.000 0.000 0.000 0.000 0.000 0.000 0.000 0.000 0.000 0.000 0.000 0.000 0.000 0.000 0.000 0.000 0.000 0.000 0.000 0.000 0.000 0.000 0.141 0.338 0.629 0.903 1.000 0.855 0.565 0.288 0.113 0.000 0.000 0.000 0.000 0.000 0.000 0.000 0.000 0.000 0.000 0.000 0.000 0.000 0.159 0.371 0.667 0.927 0.995 
0.000 0.000 0.000 0.000 0.000 0.000 0.000 0.000 0.000 0.000 0.000 0.000 0.000 0.000 0.000 0.000 0.000 0.000 0.000 0.000 0.000 0.000 0.000 0.000 0.000 0.000 0.000 0.260 0.527 0.824 0.995 0.927 0.667 0.371 0.159 0.000 0.000 0.000 0.000 0.000 0.000 0.000 0.000 0.000 0.000 0.000 0.000 0.000 0.113 0.288 
0.000 0.000 0.000 0.000 0.000 0.000 0.000 0.000 0.000 0.000 0.000 0.000 0.000 0.000 0.000 0.000 0.000 0.000 0.000 0.000 0.000 0.000 0.000 0.000 0.000 0.000 0.000 0.000 0.000 0.000 0.194 0.428 0.730 0.961 0.977 0.767 0.464 0.217 0.000 0.000 0.000 0.000 0.000 0.000 0.000 0.000 0.000 0.000 0.000 0.000 
0.000 0.000 0.000 0.000 0.000 0.000 0.000 0.000 0.000 0.000 0.000 0.000 0.000 0.000 0.000 0.000 0.000 0.000 0.000 0.000 0.000 0.000 0.000 0.000 0.000 0.000 0.000 0.000 0.000 0.000 0.000 0.000 0.000 0.141 0.338 0.629 0.903 1.000 0.855 0.565 0.288 0.113 0.000 0.000 0.000 0.000 0.000 0.000 0.000 0.000 
# 1 0 50 10
-0.797 -0.786 -0.112 0.000 0.000 0.000 0.000 0.000 0.000 0.000 
-0.633 -0.920 -0.192 0.000 0.000 0.000 0.000 0.000 0.000 0.000 
-0.466 -0.997 -0.307 0.000 0.000 0.000 0.000 0.000 0.000 0.000 
-0.633 -1.000 -0.454 0.000 0.000 0.000 0.000 0.000 0.000 0.000 
-0.797 -0.928 -0.621 0.000 0.000 0.000 0.000 0.000 0.000 0.000 
-0.928 -0.797 -0.786 -0.112 0.000 0.000 0.000 0.000 0.000 0.000 
-1.000 -0.633 -0.920 -0.192 0.000 0.000 0.000 0.000 0.000 0.000 
-0.997 -0.466 -0.997 -0.307 0.000 0.000 0.000 0.000 0.000 0.000 
-0.920 -0.633 -1.000 -0.454 0.000 0.000 0.000 0.000 0.000 0.000 
-0.786 -0.797 -0.928 -0.621 0.000 0.000 0.000 0.000 0.000 0.000 
-0.621 -0.928 -0.797 -0.786 -0.112 0.000 0.000 0.000 0.000 0.000 
-0.454 -1.000 -0.633 -0.920 -0.192 0.000 0.000 0.000 0.000 0.000 
-0.307 -0.997 -0.466 -0.997 -0.307 0.000 0.000 0.000 0.000 0.000 
-0.192 -0.920 -0.633 -1.000 -0.454 0.000 0.000 0.000 0.000 0.000 
-0.112 -0.786 -0.797 -0.928 -0.621 0.000 0.000 0.000 0.000 0.000 
0.000 -0.621 -0.928 -0.797 -0.786 -0.112 0.000 0.000 0.000 0.000 
0.000 -0.454 -1.000 -0.633 -0.920 -0.192 0.000 0.000 0.000 0.000 
0.000 -0.307 -0.997 -0.466 -0.997 -0.307 0.000 0.000 0.000 0.000 
0.000 -0.192 -0.920 -0.633 -1.000 -0.454 0.000 0.000 0.000 0.000 
0.000 -0.112 -0.786 -0.797 -0.928 -0.621 0.000 0.000 0.000 0.000 
0.000 0.000 -0.621 -0.928 -0.797 -0.786 -0.112 0.000 0.000 0.000 
0.000 0.000 -0.454 -1.000 -0.633 -0.920 -0.192 0.000 0.000 0.000 
0.000 0.000 -0.307 -0.997 -0.466 -0.997 -0.307 0.000 0.000 0.000 
0.000 0.000 -0.192 -0.920 -0.633 -1.000 -0.454 0.000 0.000 0.000 
0.000 0.000 -0.112 -0.786 -0.797 -0.928 -0.621 0.000 0.000 0.000 
0.000 0.000 0.000 -0.621 -0.928 -0.797 -0.786 -0.112 0.000 0.000 
0.000 0.000 0.000 -0.454 -1.000 -0.633 -0.920 -0.192 0.000 0.000 
0.000 0.000 0.000 -0.307 -0.997 -0.466 -0.997 -0.307 0.000 0.000 
0.000 0.000 0.000 -0.192 -0.920 -0.633 -1.000 -0.454 0.000 0.000 
0.000 0.000 0.000 -0.112 -0.786 -0.797 -0.928 -0.621 0.000 0.000 
0.000 0.000 0.000 0.000 -0.621 -0.928 -0.797 -0.786 -0.112 0.000 
0.000 0.000 0.000 0.000 -0.454 -1.000 -0.633 -0.920 -0.192 0.000 
0.000 0.000 0.000 0.000 -0.307 -0.997 -0.466 -0.997 -0.307 0.000 
0.000 0.000 0.000 0.000 -0.192 -0.920 -0.633 -1.000 -0.454 0.000 
0.000 0.000 0.000 0.000 -0.112 -0.786 -0.797 -0.928 -0.621 0.000 
0.000 0.000 0.000 0.000 0.000 -0.621 -0.928 -0.797 -0.786 -0.112 
0.000 0.000 0.000 0.000 0.000 -0.454 -1.000 -0.633 -0.920 -0.192 
0.000 0.000 0.000 0.000 0.000 -0.307 -0.997 -0.466 -0.997 -0.307 
0.000 0.000 0.000 0.000 0.000 -0.192 -0.920 -0.633 -1.000 -0.454 
0.000 0.000 0.000 0.000 0.000 -0.112 -0.786 -0.797 -0.928 -0.621 
0.000 0.000 0.000 0.000 0.000 0.000 -0.621 -0.928 -0.797 -0.786 
0.000 0.000 0.000 0.000 0.000 0.000 -0.454 -1.000 -0.633 -0.920 
0.000 0.000 0.000 0.000 0.000 0.000 -0.307 -0.997 -0.466 -0.997 
0.000 0.000 0.000 0.000 0.000 0.000 -0.192 -0.920 -0.633 -1.000 
0.000 0.000 0.000 0.000 0.000 0.000 -0.112 -0.786 -0.797 -0.928 
0.000 0.000 0.000 0.000 0.000 0.000 0.000 -0.621 -0.928 -0.797 
0.000 0.000 0.000 0.000 0.000 0.000 0.000 -0.454 -1.000 -0.633 
0.000 0.000 0.000 0.000 0.000 0.000 0.000 -0.307 -0.997 -0.466 
0.000 0.000 0.000 0.000 0.000 0.000 0.000 -0.192 -0.920 -0.633 
0.000 0.000 0.000 0.000 0.000 0.000 0.000 -0.112 -0.786 -0.797 
