68.843272
4
# 0 1 18 50
0.000 0.000 0.000 0.178 0.441 0.780 0.992 0.904 0.592 0.278 0.000 0.000 0.000 0.000 0.000 0.000 0.000 0.000 0.000 0.000 0.000 0.000 0.000 0.000 0.000 0.000 0.000 0.000 0.000 0.000 0.000 0.000 0.000 0.000 0.000 0.000 0.000 0.000 0.000 0.000 0.000 0.000 0.000 0.000 0.000 0.000 0.000 0.000 0.000 0.000 
0.631 0.307 0.107 0.000 0.000 0.000 0.224 0.515 0.847 1.000 0.847 0.515 0.224 0.000 0.000 0.000 0.000 0.000 0.000 0.000 0.000 0.000 0.000 0.000 0.000 0.000 0.000 0.000 0.000 0.000 0.000 0.000 0.000 0.000 0.000 0.000 0.000 0.000 0.000 0.000 0.000 0.000 0.000 0.000 0.000 0.000 0.000 0.000 0.000 0.000 
0.815 0.998 0.877 0.553 0.250 0.000 0.000 0.000 0.000 0.278 0.592 0.904 0.992 0.780 0.441 0.178 0.000 0.000 0.000 0.000 0.000 0.000 0.000 0.000 0.000 0.000 0.000 0.000 0.000 0.000 0.000 0.000 0.000 0.000 0.000 0.000 0.000 0.000 0.000 0.000 0.000 0.000 0.000 0.000 0.000 0.000 0.000 0.000 0.000 0.000 
0.000 0.250 0.553 0.877 0.998 0.815 0.477 0.201 0.000 0.000 0.000 0.123 0.338 0.669 0.950 0.968 0.707 0.371 0.140 0.000 0.000 0.000 0.000 0.000 0.000 0.000 0.000 0.000 0.000 0.000 0.000 0.000 0.000 0.000 0.000 0.000 0.000 0.000 0.000 0.000 0.000 0.000 0.000 0.000 0.000 0.000 0.000 0.000 0.000 0.000 
0.000 0.000 0.000 0.107 0.307 0.631 0.929 0.982 0.744 0.405 0.158 0.000 0.000 0.000 0.158 0.405 0.744 0.982 0.929 0.631 0.307 0.107 0.000 0.000 0.000 0.000 0.000 0.000 0.000 0.000 0.000 0.000 0.000 0.000 0.000 0.000 0.000 0.000 0.000 0.000 0.000 0.000 0.000 0.000 0.000 0.000 0.000 0.000 0.000 0.000 
0.000 0.000 0.000 0.000 0.000 0.000 0.140 0.371 0.707 0.968 0.950 0.669 0.338 0.123 0.000 0.000 0.000 0.201 0.477 0.815 0.998 0.877 0.553 0.250 0.000 0.000 0.000 0.000 0.000 0.000 0.000 0.000 0.000 0.000 0.000 0.000 0.000 0.000 0.000 0.000 0.000 0.000 0.000 0.000 0.000 0.000 0.000 0.000 0.000 0.000 
0.000 0.000 0.000 0.000 0.000 0.000 0.000 0.000 0.000 0.178 0.441 0.780 0.992 0.904 0.592 0.278 0.000 0.000 0.000 0.000 0.250 0.553 0.877 0.998 0.815 0.477 0.201 0.000 0.000 0.000 0.000 0.000 0.000 0.000 0.000 0.000 0.000 0.000 0.000 0.000 0.000 0.000 0.000 0.000 0.000 0.000 0.000 0.000 0.000 0.000 
0.000 0.000 0.000 0.000 0.000 0.000 0.000 0.000 0.000 0.000 0.000 0.000 0.224 0.515 0.847 1.000 0.847 0.515 0.224 0.000 0.000 0.000 0.107 0.307 0.631 0.929 0.982 0.744 0.405 0.158 0.000 0.000 0.000 0.000 0.000 0.000 0.000 0.000 0.000 0.000 0.000 0.000 0.000 0.000 0.000 0.000 0.000 0.000 0.000 0.000 
0.000 0.000 0.000 0.000 0.000 0.000 0.000 0.000 0.000 0.000 0.000 0.000 0.000 0.000 0.000 0.278 0.592 0.904 0.992 0.780 0.441 0.178 0.000 0.000 0.000 0.140 0.371 0.707 0.968 0.950 0.669 0.338 0.123 0.000 0.000 0.000 0.000 0.000 0.000 0.000 0.000 0.000 0.000 0.000 0.000 0.000 0.000 0.000 0.000 0.000 
0.000 0.000 0.000 0.000 0.000 0.000 0.000 0.000 0.000 0.000 0.000 0.000 0.000 0.000 0.000 0.000 0.000 0.123 0.338 0.669 0.950 0.968 0.707 0.371 0.140 0.000 0.000 0.000 0.178 0.441 0.780 0.992 0.904 0.592 0.278 0.000 0.000 0.000 0.000 0.000 0.000 0.000 0.000 0.000 0.000 0.000 0.000 0.000 0.000 0.000 
0.000 0.000 0.000 0.000 0.000 0.000 0.000 0.000 0.000 0.000 0.000 0.000 0.000 0.000 0.000 0.000 0.000 0.000 0.000 0.000 0.158 0.405 0.744 0.982 0.929 0.631 0.307 0.107 0.000 0.000 0.000 0.224 0.515 0.847 1.000 0.847 0.515 0.224 0.000 0.000 0.000 0.000 0.000 0.000 0.000 0.000 0.000 0.000 0.000 0.000 
0.000 0.000 0.000 0.000 0.000 0.000 0.000 0.000 0.000 0.000 0.000 0.000 0.000 0.000 0.000 0.000 0.000 0.000 0.000 0.000 0.000 0.000 0.000 0.201 0.477 0.815 0.998 0.877 0.553 0.250 0.000 0.000 0.000 0.000 0.278 0.592 0.904 0.992 0.780 0.441 0.178 0.000 0.000 0.000 0.000 0.000 0.000 0.000 0.000 0.000 
0.000 0.000 0.000 0.000 0.000 0.000 0.000 0.000 0.000 0.000 0.000 0.000 0.000 0.000 0.000 0.000 0.000 0.000 0.000 0.000 0.000 0.000 0.000 0.000 0.000 0.000 0.250 0.553 0.877 0.998 0.815 0.477 0.201 0.000 0.000 0.000 0.123 0.338 0.669 0.950 0.968 0.707 0.371 0.140 0.000 0.000 0.000 0.000 0.000 0.000 
0.000 0.000 0.000 0.000 0.000 0.000 0.000 0.000 0.000 0.000 0.000 0.000 0.000 0.000 0.000 0.000 0.000 0.000 0.000 0.000 0.000 0.000 0.000 0.000 0.000 0.000 0.000 0.000 0.107 0.307 0.631 0.929 0.982 0.744 0.405 0.158 0.000 0.000 0.000 0.158 0.405 0.744 0.982 0.929 0.631 0.307 0.107 0.000 0.000 0.000 
0.000 0.000 0.000 0.000 0.000 0.000 0.000 0.000 0.000 0.000 0.000 0.000 0.000 0.000 0.000 0.000 0.000 0.000 0.000 0.000 0.000 0.000 0.000 0.000 0.000 0.000 0.000 0.000 0.000 0.000 0.000 0.140 0.371 0.707 0.968 0.950 0.669 0.338 0.123 0.000 0.000 0.000 0.201 0.477 0.815 0.998 0.877 0.553 0.250 0.000 
0.000 0.000 0.000 0.000 0.000 0.000 0.000 0.000 0.000 0.000 0.000 0.000 0.000 0.000 0.000 0.000 0.000 0.000 0.000 0.000 0.000 0.000 0.000 0.000 0.000 0.000 0.000 0.000 0.000 0.000 0.000 0.000 0.000 0.000 0.178 0.441 0.780 0.992 0.904 0.592 0.278 0.000 0.000 0.000 0.000 0.250 0.553 0.877 0.998 0.815 
0.000 0.000 0.000 0.000 0.000 0.000 0.000 0.000 0.000 0.000 0.000 0.000 0.000 0.000 0.000 0.000 0.000 0.000 0.000 0.000 0.000 0.000 0.000 0.000 0.000 0.000 0.000 0.000 0.000 0.000 0.000 0.000 0.000 0.000 0.000 0.000 0.000 0.224 0.515 0.847 1.000 0.847 0.515 0.224 0.000 0.000 0.000 0.107 0.307 0.631 
0.000 0.000 0.000 0.000 0.000 0.000 0.000 0.000 0.000 0.000 0.000 0.000 0.000 0.000 0.000 0.000 0.000 0.000 0.000 0.000 0.000 0.000 0.000 0.000 0.000 0.000 0.000 0.000 0.000 0.000 0.000 0.000 0.000 0.000 0.000 0.000 0.000 0.000 0.000 0.000 0.278 0.592 0.904 0.992 0.780 0.441 0.178 0.000 0.000 0.000 
# 0 2 13 50
0.000 0.000 0.000 0.000 0.283 0.599 0.909 0.990 0.774 0.434 0.174 0.000 0.000 0.000 0.000 0.000 0.000 0.000 0.000 0.000 0.000 0.000 0.000 0.000 0.000 0.000 0.000 0.000 0.000 0.000 0.000 0.000 0.000 0.000 0.000 0.000 0.000 0.000 0.000 0.000 0.000 0.000 0.000 0.000 0.000 0.000 0.000 0.000 0.000 0.000 
0.999 0.829 0.493 0.210 0.000 0.000 0.000 0.116 0.325 0.653 0.942 0.974 0.723 0.385 0.147 0.000 0.000 0.000 0.000 0.000 0.000 0.000 0.000 0.000 0.000 0.000 0.000 0.000 0.000 0.000 0.000 0.000 0.000 0.000 0.000 0.000 0.000 0.000 0.000 0.000 0.000 0.000 0.000 0.000 0.000 0.000 0.000 0.000 0.000 0.000 
0.000 0.277 0.590 0.903 0.992 0.782 0.442 0.179 0.000 0.000 0.000 0.139 0.370 0.706 0.967 0.951 0.671 0.339 0.123 0.000 0.000 0.000 0.000 0.000 0.000 0.000 0.000 0.000 0.000 0.000 0.000 0.000 0.000 0.000 0.000 0.000 0.000 0.000 0.000 0.000 0.000 0.000 0.000 0.000 0.000 0.000 0.000 0.000 0.000 0.000 
0.000 0.000 0.000 0.000 0.112 0.318 0.644 0.937 0.977 0.732 0.393 0.151 0.000 0.000 0.000 0.165 0.417 0.757 0.986 0.921 0.617 0.297 0.102 0.000 0.000 0.000 0.000 0.000 0.000 0.000 0.000 0.000 0.000 0.000 0.000 0.000 0.000 0.000 0.000 0.000 0.000 0.000 0.000 0.000 0.000 0.000 0.000 0.000 0.000 0.000 
0.000 0.000 0.000 0.000 0.000 0.000 0.000 0.000 0.135 0.362 0.697 0.963 0.955 0.680 0.347 0.127 0.000 0.000 0.000 0.194 0.467 0.806 0.997 0.885 0.563 0.257 0.000 0.000 0.000 0.000 0.000 0.000 0.000 0.000 0.000 0.000 0.000 0.000 0.000 0.000 0.000 0.000 0.000 0.000 0.000 0.000 0.000 0.000 0.000 0.000 
0.000 0.000 0.000 0.000 0.000 0.000 0.000 0.000 0.000 0.000 0.000 0.000 0.160 0.409 0.749 0.983 0.926 0.626 0.304 0.106 0.000 0.000 0.000 0.227 0.519 0.851 1.000 0.843 0.510 0.222 0.000 0.000 0.000 0.000 0.000 0.000 0.000 0.000 0.000 0.000 0.000 0.000 0.000 0.000 0.000 0.000 0.000 0.000 0.000 0.000 
0.000 0.000 0.000 0.000 0.000 0.000 0.000 0.000 0.000 0.000 0.000 0.000 0.000 0.000 0.000 0.000 0.189 0.459 0.798 0.995 0.891 0.572 0.264 0.000 0.000 0.000 0.000 0.264 0.572 0.891 0.995 0.798 0.459 0.189 0.000 0.000 0.000 0.000 0.000 0.000 0.000 0.000 0.000 0.000 0.000 0.000 0.000 0.000 0.000 0.000 
0.000 0.000 0.000 0.000 0.000 0.000 0.000 0.000 0.000 0.000 0.000 0.000 0.000 0.000 0.000 0.000 0.000 0.000 0.000 0.000 0.222 0.510 0.843 1.000 0.851 0.519 0.227 0.000 0.000 0.000 0.106 0.304 0.626 0.926 0.983 0.749 0.409 0.160 0.000 0.000 0.000 0.000 0.000 0.000 0.000 0.000 0.000 0.000 0.000 0.000 
0.000 0.000 0.000 0.000 0.000 0.000 0.000 0.000 0.000 0.000 0.000 0.000 0.000 0.000 0.000 0.000 0.000 0.000 0.000 0.000 0.000 0.000 0.000 0.000 0.257 0.563 0.885 0.997 0.806 0.467 0.194 0.000 0.000 0.000 0.127 0.347 0.680 0.955 0.963 0.697 0.362 0.135 0.000 0.000 0.000 0.000 0.000 0.000 0.000 0.000 
0.000 0.000 0.000 0.000 0.000 0.000 0.000 0.000 0.000 0.000 0.000 0.000 0.000 0.000 0.000 0.000 0.000 0.000 0.000 0.000 0.000 0.000 0.000 0.000 0.000 0.000 0.000 0.102 0.297 0.617 0.921 0.986 0.757 0.417 0.165 0.000 0.000 0.000 0.151 0.393 0.732 0.977 0.937 0.644 0.318 0.112 0.000 0.000 0.000 0.000 
0.000 0.000 0.000 0.000 0.000 0.000 0.000 0.000 0.000 0.000 0.000 0.000 0.000 0.000 0.000 0.000 0.000 0.000 0.000 0.000 0.000 0.000 0.000 0.000 0.000 0.000 0.000 0.000 0.000 0.000 0.000 0.123 0.339 0.671 0.951 0.967 0.706 0.370 0.139 0.000 0.000 0.000 0.179 0.442 0.782 0.992 0.903 0.590 0.277 0.000 
0.000 0.000 0.000 0.000 0.000 0.000 0.000 0.000 0.000 0.000 0.000 0.000 0.000 0.000 0.000 0.000 0.000 0.000 0.000 0.000 0.000 0.000 0.000 0.000 0.000 0.000 0.000 0.000 0.000 0.000 0.000 0.000 0.000 0.000 0.000 0.147 0.385 0.723 0.974 0.942 0.653 0.325 0.116 0.000 0.000 0.000 0.210 0.493 0.829 0.999 
0.000 0.000 0.000 0.000 0.000 0.000 0.000 0.000 0.000 0.000 0.000 0.000 0.000 0.000 0.000 0.000 0.000 0.000 0.000 0.000 0.000 0.000 0.000 0.000 0.000 0.000 0.000 0.000 0.000 0.000 0.000 0.000 0.000 0.000 0.000 0.000 0.000 0.000 0.000 0.174 0.434 0.774 0.990 0.909 0.599 0.283 0.000 0.000 0.000 0.000 
# 0 3 15 50
0.000 0.000 0.000 0.131 0.356 0.691 0.964 0.964 0.692 0.356 0.131 0.000 0.000 0.000 0.000 0.000 0.000 0.000 0.000 0.000 0.000 0.000 0.000 0.000 0.000 0.000 0.000 0.000 0.000 0.000 0.000 0.000 0.000 0.000 0.000 0.000 0.000 0.000 0.000 0.000 0.000 0.000 0.000 0.000 0.000 0.000 0.000 0.000 0.000 0.000 
0.895 0.575 0.265 0.000 0.000 0.000 0.000 0.265 0.575 0.895 1.000 0.801 0.461 0.190 0.000 0.000 0.000 0.000 0.000 0.000 0.000 0.000 0.000 0.000 0.000 0.000 0.000 0.000 0.000 0.000 0.000 0.000 0.000 0.000 0.000 0.000 0.000 0.000 0.000 0.000 0.000 0.000 0.000 0.000 0.000 0.000 0.000 0.000 0.000 0.000 
0.356 0.692 0.964 0.964 0.691 0.356 0.131 0.000 0.000 0.000 0.190 0.461 0.801 1.000 0.895 0.575 0.265 0.000 0.000 0.000 0.000 0.000 0.000 0.000 0.000 0.000 0.000 0.000 0.000 0.000 0.000 0.000 0.000 0.000 0.000 0.000 0.000 0.000 0.000 0.000 0.000 0.000 0.000 0.000 0.000 0.000 0.000 0.000 0.000 0.000 
0.000 0.000 0.000 0.265 0.575 0.895 1.000 0.801 0.461 0.190 0.000 0.000 0.000 0.131 0.356 0.691 0.964 0.964 0.692 0.356 0.131 0.000 0.000 0.000 0.000 0.000 0.000 0.000 0.000 0.000 0.000 0.000 0.000 0.000 0.000 0.000 0.000 0.000 0.000 0.000 0.000 0.000 0.000 0.000 0.000 0.000 0.000 0.000 0.000 0.000 
0.000 0.000 0.000 0.000 0.000 0.000 0.190 0.461 0.801 1.000 0.895 0.575 0.265 0.000 0.000 0.000 0.000 0.265 0.575 0.895 1.000 0.801 0.461 0.190 0.000 0.000 0.000 0.000 0.000 0.000 0.000 0.000 0.000 0.000 0.000 0.000 0.000 0.000 0.000 0.000 0.000 0.000 0.000 0.000 0.000 0.000 0.000 0.000 0.000 0.000 
0.000 0.000 0.000 0.000 0.000 0.000 0.000 0.000 0.000 0.131 0.356 0.692 0.964 0.964 0.691 0.356 0.131 0.000 0.000 0.000 0.190 0.461 0.801 1.000 0.895 0.575 0.265 0.000 0.000 0.000 0.000 0.000 0.000 0.000 0.000 0.000 0.000 0.000 0.000 0.000 0.000 0.000 0.000 0.000 0.000 0.000 0.000 0.000 0.000 0.000 
0.000 0.000 0.000 0.000 0.000 0.000 0.000 0.000 0.000 0.000 0.000 0.000 0.000 0.265 0.575 0.895 1.000 0.801 0.461 0.190 0.000 0.000 0.000 0.131 0.356 0.691 0.964 0.964 0.692 0.356 0.131 0.000 0.000 0.000 0.000 0.000 0.000 0.000 0.000 0.000 0.000 0.000 0.000 0.000 0.000 0.000 0.000 0.000 0.000 0.000 
0.000 0.000 0.000 0.000 0.000 0.000 0.000 0.000 0.000 0.000 0.000 0.000 0.000 0.000 0.000 0.000 0.190 0.461 0.801 1.000 0.895 0.575 0.265 0.000 0.000 0.000 0.000 0.265 0.575 0.895 1.000 0.801 0.461 0.190 0.000 0.000 0.000 0.000 0.000 0.000 0.000 0.000 0.000 0.000 0.000 0.000 0.000 0.000 0.000 0.000 
0.000 0.000 0.000 0.000 0.000 0.000 0.000 0.000 0.000 0.000 0.000 0.000 0.000 0.000 0.000 0.000 0.000 0.000 0.000 0.131 0.356 0.692 0.964 0.964 0.691 0.356 0.131 0.000 0.000 0.000 0.190 0.461 0.801 1.000 0.895 0.575 0.265 0.000 0.000 0.000 0.000 0.000 0.000 0.000 0.000 0.000 0.000 0.000 0.000 0.000 
0.000 0.000 0.000 0.000 0.000 0.000 0.000 0.000 0.000 0.000 0.000 0.000 0.000 0.000 0.000 0.000 0.000 0.000 0.000 0.000 0.000 0.000 0.000 0.265 0.575 0.895 1.000 0.801 0.461 0.190 0.000 0.000 0.000 0.131 0.356 0.691 0.964 0.964 0.692 0.356 0.131 0.000 0.000 0.000 0.000 0.000 0.000 0.000 0.000 0.000 
0.000 0.000 0.000 0.000 0.000 0.000 0.000 0.000 0.000 0.000 0.000 0.000 0.000 0.000 0.000 0.000 0.000 0.000 0.000 0.000 0.000 0.000 0.000 0.000 0.000 0.000 0.190 0.461 0.801 1.000 0.895 0.575 0.265 0.000 0.000 0.000 0.000 0.265 0.575 0.895 1.000 0.801 0.461 0.190 0.000 0.000 0.000 0.000 0.000 0.000 
0.000 0.000 0.000 0.000 0.000 0.000 0.000 0.000 0.000 0.000 0.000 0.000 0.000 0.000 0.000 0.000 0.000 0.000 0.000 0.000 0.000 0.000 0.000 0.000 0.000 0.000 0.000 0.000 0.000 0.131 0.356 0.692 0.964 0.964 0.691 0.356 0.131 0.000 0.000 0.000 0.190 0.461 0.801 1.000 0.895 0.575 0.265 0.000 0.000 0.000 
0.000 0.000 0.000 0.000 0.000 0.000 0.000 0.000 0.000 0.000 0.000 0.000 0.000 0.000 0.000 0.000 0.000 0.000 0.000 0.000 0.000 0.000 0.000 0.000 0.000 0.000 0.000 0.000 0.000 0.000 0.000 0.000 0.000 0.265 0.575 0.895 1.000 0.801 0.461 0.190 0.000 0.000 0.000 0.131 0.356 0.691 0.964 0.964 0.692 0.356 
0.000 0.000 0.000 0.000 0.000 0.000 0.000 0.000 0.000 0.000 0.000 0.000 0.000 0.000 0.000 0.000 0.000 0.000 0.000 0.000 0.000 0.000 0.000 0.000 0.000 0.000 0.000 0.000 0.000 0.000 0.000 0.000 0.000 0.000 0.000 0.000 0.190 0.461 0.801 1.000 0.895 0.575 0.265 0.000 0.000 0.000 0.000 0.265 0.575 0.895 
0.000 0.000 0.000 0.000 0.000 0.000 0.000 0.000 0.000 0.000 0.000 0.000 0.000 0.000 0.000 0.000 0.000 0.000 0.000 0.000 0.000 0.000 0.000 0.000 0.000 0.000 0.000 0.000 0.000 0.000 0.000 0.000 0.000 0.000 0.000 0.000 0.000 0.000 0.000 0.131 0.356 0.692 0.964 0.964 0.691 0.356 0.131 0.000 0.000 0.000 
# 1 0 50 18
0.000 0.000 0.000 0.000 0.000 -0.176 -0.407 -0.716 -0.958 -0.974 -0.752 -0.441 -0.197 0.000 0.000 0.000 0.000 0.000 
0.000 0.000 0.000 0.000 0.000 -0.121 -0.311 -0.603 -0.891 -0.999 -0.852 -0.552 -0.271 -0.102 0.000 0.000 0.000 0.000 
0.000 0.000 0.000 0.000 0.000 0.000 -0.229 -0.490 -0.799 -0.989 -0.931 -0.666 -0.362 -0.149 0.000 0.000 0.000 0.000 
0.000 0.000 0.000 0.000 0.000 0.000 -0.162 -0.385 -0.692 -0.946 -0.982 -0.775 -0.465 -0.212 0.000 0.000 0.000 0.000 
0.000 0.000 0.000 0.000 0.000 0.000 -0.111 -0.291 -0.578 -0.872 -1.000 -0.871 -0.577 -0.290 -0.111 0.000 0.000 0.000 
0.000 0.000 0.000 0.000 0.000 0.000 0.000 -0.213 -0.466 -0.776 -0.983 -0.945 -0.691 -0.384 -0.162 0.000 0.000 0.000 
0.000 0.000 0.000 0.000 0.000 0.000 0.000 -0.150 -0.363 -0.667 -0.932 -0.989 -0.798 -0.489 -0.228 0.000 0.000 0.000 
0.000 0.000 0.000 0.000 0.000 0.000 0.000 -0.102 -0.272 -0.553 -0.852 -0.999 -0.890 -0.602 -0.310 -0.121 0.000 0.000 
0.000 0.000 0.000 0.000 0.000 0.000 0.000 0.000 -0.197 -0.442 -0.753 -0.974 -0.958 -0.715 -0.406 -0.175 0.000 0.000 
0.000 0.000 0.000 0.000 0.000 0.000 0.000 0.000 -0.138 -0.341 -0.641 -0.916 -0.994 -0.820 -0.514 -0.245 0.000 0.000 
0.000 0.000 0.000 0.000 0.000 0.000 0.000 0.000 0.000 -0.254 -0.528 -0.832 -0.997 -0.907 -0.628 -0.330 -0.132 0.000 
0.000 0.000 0.000 0.000 0.000 0.000 0.000 0.000 0.000 -0.183 -0.419 -0.729 -0.964 -0.969 -0.740 -0.429 -0.189 0.000 
0.000 0.000 0.000 0.000 0.000 0.000 0.000 0.000 0.000 -0.127 -0.321 -0.616 -0.900 -0.998 -0.841 -0.539 -0.262 0.000 
0.000 0.000 0.000 0.000 0.000 0.000 0.000 0.000 0.000 0.000 -0.237 -0.503 -0.810 -0.992 -0.923 -0.653 -0.351 -0.143 
0.000 0.000 0.000 0.000 0.000 0.000 0.000 0.000 0.000 0.000 -0.169 -0.396 -0.704 -0.952 -0.978 -0.764 -0.453 -0.204 
-0.138 0.000 0.000 0.000 0.000 0.000 0.000 0.000 0.000 0.000 -0.116 -0.301 -0.591 -0.882 -1.000 -0.862 -0.564 -0.281 
-0.197 0.000 0.000 0.000 0.000 0.000 0.000 0.000 0.000 0.000 0.000 -0.221 -0.478 -0.788 -0.986 -0.938 -0.678 -0.373 
-0.272 -0.102 0.000 0.000 0.000 0.000 0.000 0.000 0.000 0.000 0.000 -0.156 -0.373 -0.679 -0.939 -0.986 -0.787 -0.477 
-0.363 -0.150 0.000 0.000 0.000 0.000 0.000 0.000 0.000 0.000 0.000 -0.107 -0.282 -0.565 -0.862 -1.000 -0.881 -0.590 
-0.466 -0.213 0.000 0.000 0.000 0.000 0.000 0.000 0.000 0.000 0.000 0.000 -0.205 -0.454 -0.765 -0.978 -0.952 -0.703 
-0.578 -0.291 -0.111 0.000 0.000 0.000 0.000 0.000 0.000 0.000 0.000 0.000 -0.144 -0.352 -0.654 -0.924 -0.992 -0.809 
-0.692 -0.385 -0.162 0.000 0.000 0.000 0.000 0.000 0.000 0.000 0.000 0.000 0.000 -0.263 -0.540 -0.842 -0.998 -0.899 
-0.799 -0.490 -0.229 0.000 0.000 0.000 0.000 0.000 0.000 0.000 0.000 0.000 0.000 -0.190 -0.430 -0.741 -0.969 -0.963 
-0.891 -0.603 -0.311 -0.121 0.000 0.000 0.000 0.000 0.000 0.000 0.000 0.000 0.000 -0.132 -0.331 -0.629 -0.908 -0.996 
-0.958 -0.716 -0.407 -0.176 0.000 0.000 0.000 0.000 0.000 0.000 0.000 0.000 0.000 0.000 -0.245 -0.515 -0.821 -0.995 
-0.995 -0.821 -0.515 -0.245 0.000 0.000 0.000 0.000 0.000 0.000 0.000 0.000 0.000 0.000 -0.176 -0.407 -0.716 -0.958 
-0.996 -0.908 -0.629 -0.331 -0.132 0.000 0.000 0.000 0.000 0.000 0.000 0.000 0.000 0.000 -0.121 -0.311 -0.603 -0.891 
-0.963 -0.969 -0.741 -0.430 -0.190 0.000 0.000 0.000 0.000 0.000 0.000 0.000 0.000 0.000 0.000 -0.229 -0.490 -0.799 
-0.899 -0.998 -0.842 -0.540 -0.263 0.000 0.000 0.000 0.000 0.000 0.000 0.000 0.000 0.000 0.000 -0.162 -0.385 -0.692 
-0.809 -0.992 -0.924 -0.654 -0.352 -0.144 0.000 0.000 0.000 0.000 0.000 0.000 0.000 0.000 0.000 -0.111 -0.291 -0.578 
-0.703 -0.952 -0.978 -0.765 -0.454 -0.205 0.000 0.000 0.000 0.000 0.000 0.000 0.000 0.000 0.000 0.000 -0.213 -0.466 
-0.590 -0.881 -1.000 -0.862 -0.565 -0.282 -0.107 0.000 0.000 0.000 0.000 0.000 0.000 0.000 0.000 0.000 -0.150 -0.363 
-0.477 -0.787 -0.986 -0.939 -0.679 -0.373 -0.156 0.000 0.000 0.000 0.000 0.000 0.000 0.000 0.000 0.000 -0.102 -0.272 
-0.373 -0.678 -0.938 -0.986 -0.788 -0.478 -0.221 0.000 0.000 0.000 0.000 0.000 0.000 0.000 0.000 0.000 0.000 -0.197 
-0.281 -0.564 -0.862 -1.000 -0.882 -0.591 -0.301 -0.116 0.000 0.000 0.000 0.000 0.000 0.000 0.000 0.000 0.000 -0.138 
-0.204 -0.453 -0.764 -0.978 -0.952 -0.704 -0.396 -0.169 0.000 0.000 0.000 0.000 0.000 0.000 0.000 0.000 0.000 0.000 
-0.143 -0.351 -0.653 -0.923 -0.992 -0.810 -0.503 -0.237 0.000 0.000 0.000 0.000 0.000 0.000 0.000 0.000 0.000 0.000 
0.000 -0.262 -0.539 -0.841 -0.998 -0.900 -0.616 -0.321 -0.127 0.000 0.000 0.000 0.000 0.000 0.000 0.000 0.000 0.000 
0.000 -0.189 -0.429 -0.740 -0.969 -0.964 -0.729 -0.419 -0.183 0.000 0.000 0.000 0.000 0.000 0.000 0.000 0.000 0.000 
0.000 -0.132 -0.330 -0.628 -0.907 -0.997 -0.832 -0.528 -0.254 0.000 0.000 0.000 0.000 0.000 0.000 0.000 0.000 0.000 
0.000 0.000 -0.245 -0.514 -0.820 -0.994 -0.916 -0.641 -0.341 -0.138 0.000 0.000 0.000 0.000 0.000 0.000 0.000 0.000 
0.000 0.000 -0.175 -0.406 -0.715 -0.958 -0.974 -0.753 -0.442 -0.197 0.000 0.000 0.000 0.000 0.000 0.000 0.000 0.000 
0.000 0.000 -0.121 -0.310 -0.602 -0.890 -0.999 -0.852 -0.553 -0.272 -0.102 0.000 0.000 0.000 0.000 0.000 0.000 0.000 
0.000 0.000 0.000 -0.228 -0.489 -0.798 -0.989 -0.932 -0.667 -0.363 -0.150 0.000 0.000 0.000 0.000 0.000 0.000 0.000 
0.000 0.000 0.000 -0.162 -0.384 -0.691 -0.945 -0.983 -0.776 -0.466 -0.213 0.000 0.000 0.000 0.000 0.000 0.000 0.000 
0.000 0.000 0.000 -0.111 -0.290 -0.577 -0.871 -1.000 -0.872 -0.578 -0.291 -0.111 0.000 0.000 0.000 0.000 0.000 0.000 
0.000 0.000 0.000 0.000 -0.212 -0.465 -0.775 -0.982 -0.946 -0.692 -0.385 -0.162 0.000 0.000 0.000 0.000 0.000 0.000 
0.000 0.000 0.000 0.000 -0.149 -0.362 -0.666 -0.931 -0.989 -0.799 -0.490 -0.229 0.000 0.000 0.000 0.000 0.000 0.000 
0.000 0.000 0.000 0.000 -0.102 -0.271 -0.552 -0.852 -0.999 -0.891 -0.603 -0.311 -0.121 0.000 0.000 0.000 0.000 0.000 
0.000 0.000 0.000 0.000 0.000 -0.197 -0.441 -0.752 -0.974 -0.958 -0.716 -0.407 -0.176 0.000 0.000 0.000 0.000 0.000 
# 1 2 13 18
0.000 0.000 0.000 0.000 0.000 -0.103 -0.274 -0.555 -0.854 -0.999 -0.888 -0.600 -0.308 -0.120 0.000 0.000 0.000 0.000 
0.000 0.000 0.000 0.000 0.000 0.000 0.000 -0.194 -0.437 -0.748 -0.972 -0.960 -0.721 -0.411 -0.178 0.000 0.000 0.000 
0.000 0.000 0.000 0.000 0.000 0.000 0.000 0.000 -0.132 -0.330 -0.628 -0.908 -0.996 -0.831 -0.527 -0.254 0.000 0.000 
0.000 0.000 0.000 0.000 0.000 0.000 0.000 0.000 0.000 0.000 -0.240 -0.507 -0.814 -0.993 -0.921 -0.649 -0.347 -0.141 
-0.257 0.000 0.000 0.000 0.000 0.000 0.000 0.000 0.000 0.000 0.000 -0.167 -0.393 -0.701 -0.950 -0.979 -0.767 -0.456 
-0.653 -0.351 -0.143 0.000 0.000 0.000 0.000 0.000 0.000 0.000 0.000 0.000 -0.112 -0.292 -0.579 -0.873 -1.000 -0.870 
-0.981 -0.770 -0.460 -0.209 0.000 0.000 0.000 0.000 0.000 0.000 0.000 0.000 0.000 0.000 -0.209 -0.460 -0.770 -0.981 
-0.870 -1.000 -0.873 -0.579 -0.292 -0.112 0.000 0.000 0.000 0.000 0.000 0.000 0.000 0.000 0.000 -0.143 -0.351 -0.653 
-0.456 -0.767 -0.979 -0.950 -0.701 -0.393 -0.167 0.000 0.000 0.000 0.000 0.000 0.000 0.000 0.000 0.000 0.000 -0.257 
-0.141 -0.347 -0.649 -0.921 -0.993 -0.814 -0.507 -0.240 0.000 0.000 0.000 0.000 0.000 0.000 0.000 0.000 0.000 0.000 
0.000 0.000 -0.254 -0.527 -0.831 -0.996 -0.908 -0.628 -0.330 -0.132 0.000 0.000 0.000 0.000 0.000 0.000 0.000 0.000 
0.000 0.000 0.000 -0.178 -0.411 -0.721 -0.960 -0.972 -0.748 -0.437 -0.194 0.000 0.000 0.000 0.000 0.000 0.000 0.000 
0.000 0.000 0.000 0.000 -0.120 -0.308 -0.600 -0.888 -0.999 -0.854 -0.555 -0.274 -0.103 0.000 0.000 0.000 0.000 0.000 
# 2 0 50 13
0.000 0.000 -0.131 -0.318 -0.597 -0.872 -1.000 -0.898 -0.632 -0.348 -0.148 0.000 0.000 
0.000 0.000 0.000 -0.259 -0.519 -0.809 -0.988 -0.945 -0.709 -0.416 -0.189 0.000 0.000 
0.000 0.000 0.000 -0.208 -0.444 -0.738 -0.960 -0.979 -0.782 -0.490 -0.238 0.000 0.000 
0.000 0.000 0.000 -0.163 -0.374 -0.662 -0.918 -0.997 -0.849 -0.566 -0.295 -0.118 0.000 
0.000 0.000 0.000 -0.126 -0.309 -0.585 -0.863 -0.999 -0.906 -0.644 -0.358 -0.154 0.000 
0.000 0.000 0.000 0.000 -0.251 -0.507 -0.799 -0.984 -0.951 -0.721 -0.427 -0.197 0.000 
0.000 0.000 0.000 0.000 -0.200 -0.433 -0.727 -0.954 -0.983 -0.793 -0.501 -0.247 0.000 
0.000 0.000 0.000 0.000 -0.157 -0.363 -0.650 -0.910 -0.998 -0.858 -0.578 -0.304 -0.123 
0.000 0.000 0.000 0.000 -0.120 -0.300 -0.573 -0.854 -0.998 -0.914 -0.656 -0.368 -0.160 
0.000 0.000 0.000 0.000 0.000 -0.243 -0.496 -0.788 -0.981 -0.957 -0.732 -0.438 -0.204 
-0.113 0.000 0.000 0.000 0.000 -0.193 -0.422 -0.715 -0.948 -0.986 -0.804 -0.513 -0.255 
-0.148 0.000 0.000 0.000 0.000 -0.151 -0.353 -0.639 -0.902 -0.999 -0.868 -0.590 -0.313 
-0.190 0.000 0.000 0.000 0.000 -0.115 -0.290 -0.561 -0.844 -0.996 -0.921 -0.668 -0.379 
-0.239 0.000 0.000 0.000 0.000 0.000 -0.235 -0.484 -0.777 -0.977 -0.963 -0.744 -0.450 
-0.295 -0.118 0.000 0.000 0.000 0.000 -0.186 -0.411 -0.704 -0.942 -0.989 -0.814 -0.525 
-0.358 -0.154 0.000 0.000 0.000 0.000 -0.145 -0.343 -0.627 -0.894 -1.000 -0.877 -0.602 
-0.427 -0.197 0.000 0.000 0.000 0.000 -0.110 -0.281 -0.549 -0.835 -0.994 -0.929 -0.680 
-0.501 -0.247 0.000 0.000 0.000 0.000 0.000 -0.227 -0.473 -0.766 -0.972 -0.968 -0.755 
-0.579 -0.304 -0.123 0.000 0.000 0.000 0.000 -0.179 -0.400 -0.692 -0.936 -0.992 -0.824 
-0.656 -0.368 -0.160 0.000 0.000 0.000 0.000 -0.139 -0.333 -0.615 -0.886 -1.000 -0.885 
-0.732 -0.439 -0.204 0.000 0.000 0.000 0.000 -0.106 -0.272 -0.537 -0.825 -0.992 -0.936 
-0.804 -0.513 -0.255 0.000 0.000 0.000 0.000 0.000 -0.219 -0.461 -0.755 -0.968 -0.972 
-0.868 -0.591 -0.314 -0.128 0.000 0.000 0.000 0.000 -0.173 -0.389 -0.680 -0.929 -0.994 
-0.922 -0.668 -0.379 -0.166 0.000 0.000 0.000 0.000 -0.134 -0.323 -0.603 -0.877 -1.000 
-0.963 -0.744 -0.450 -0.211 0.000 0.000 0.000 0.000 -0.101 -0.264 -0.525 -0.814 -0.989 
-0.989 -0.814 -0.525 -0.264 -0.101 0.000 0.000 0.000 0.000 -0.211 -0.450 -0.744 -0.963 
-1.000 -0.877 -0.603 -0.323 -0.134 0.000 0.000 0.000 0.000 -0.166 -0.379 -0.668 -0.922 
-0.994 -0.929 -0.680 -0.389 -0.173 0.000 0.000 0.000 0.000 -0.128 -0.314 -0.591 -0.868 
-0.972 -0.968 -0.755 -0.461 -0.219 0.000 0.000 0.000 0.000 0.000 -0.255 -0.513 -0.804 
-0.936 -0.992 -0.825 -0.537 -0.272 -0.106 0.000 0.000 0.000 0.000 -0.204 -0.439 -0.732 
-0.885 -1.000 -0.886 -0.615 -0.333 -0.139 0.000 0.000 0.000 0.000 -0.160 -0.368 -0.656 
-0.824 -0.992 -0.936 -0.692 -0.400 -0.179 0.000 0.000 0.000 0.000 -0.123 -0.304 -0.579 
-0.755 -0.968 -0.972 -0.766 -0.473 -0.227 0.000 0.000 0.000 0.000 0.000 -0.247 -0.501 
-0.680 -0.929 -0.994 -0.835 -0.549 -0.281 -0.110 0.000 0.000 0.000 0.000 -0.197 -0.427 
-0.602 -0.877 -1.000 -0.894 -0.627 -0.343 -0.145 0.000 0.000 0.000 0.000 -0.154 -0.358 
-0.525 -0.814 -0.989 -0.942 -0.704 -0.411 -0.186 0.000 0.000 0.000 0.000 -0.118 -0.295 
-0.450 -0.744 -0.963 -0.977 -0.777 -0.484 -0.235 0.000 0.000 0.000 0.000 0.000 -0.239 
-0.379 -0.668 -0.921 -0.996 -0.844 -0.561 -0.290 -0.115 0.000 0.000 0.000 0.000 -0.190 
-0.313 -0.590 -0.868 -0.999 -0.902 -0.639 -0.353 -0.151 0.000 0.000 0.000 0.000 -0.148 
-0.255 -0.513 -0.804 -0.986 -0.948 -0.715 -0.422 -0.193 0.000 0.000 0.000 0.000 -0.113 
-0.204 -0.438 -0.732 -0.957 -0.981 -0.788 -0.496 -0.243 0.000 0.000 0.000 0.000 0.000 
-0.160 -0.368 -0.656 -0.914 -0.998 -0.854 -0.573 -0.300 -0.120 0.000 0.000 0.000 0.000 
-0.123 -0.304 -0.578 -0.858 -0.998 -0.910 -0.650 -0.363 -0.157 0.000 0.000 0.000 0.000 
0.000 -0.247 -0.501 -0.793 -0.983 -0.954 -0.727 -0.433 -0.200 0.000 0.000 0.000 0.000 
0.000 -0.197 -0.427 -0.721 -0.951 -0.984 -0.799 -0.507 -0.251 0.000 0.000 0.000 0.000 
0.000 -0.154 -0.358 -0.644 -0.906 -0.999 -0.863 -0.585 -0.309 -0.126 0.000 0.000 0.000 
0.000 -0.118 -0.295 -0.566 -0.849 -0.997 -0.918 -0.662 -0.374 -0.163 0.000 0.000 0.000 
0.000 0.000 -0.238 -0.490 -0.782 -0.979 -0.960 -0.738 -0.444 -0.208 0.000 0.000 0.000 
0.000 0.000 -0.189 -0.416 -0.709 -0.945 -0.988 -0.809 -0.519 -0.259 0.000 0.000 0.000 
0.000 0.000 -0.148 -0.348 -0.632 -0.898 -1.000 -0.872 -0.597 -0.318 -0.131 0.000 0.000 
# 2 1 18 13
0.000 0.000 -0.102 -0.265 -0.528 -0.817 -0.990 -0.941 -0.701 -0.408 -0.184 0.000 0.000 
0.000 0.000 0.000 -0.137 -0.330 -0.610 -0.883 -1.000 -0.888 -0.618 -0.336 -0.141 0.000 
0.000 0.000 0.000 0.000 -0.180 -0.401 -0.693 -0.936 -0.992 -0.823 -0.535 -0.271 -0.105 
0.000 0.000 0.000 0.000 0.000 -0.231 -0.479 -0.772 -0.975 -0.965 -0.749 -0.455 -0.214 
-0.189 0.000 0.000 0.000 0.000 -0.115 -0.290 -0.561 -0.844 -0.996 -0.921 -0.668 -0.379 
-0.343 -0.145 0.000 0.000 0.000 0.000 -0.153 -0.357 -0.644 -0.906 -0.999 -0.864 -0.585 
-0.544 -0.278 -0.108 0.000 0.000 0.000 0.000 -0.199 -0.432 -0.725 -0.954 -0.983 -0.794 
-0.757 -0.463 -0.220 0.000 0.000 0.000 0.000 0.000 -0.254 -0.511 -0.802 -0.986 -0.949 
-0.927 -0.677 -0.386 -0.171 0.000 0.000 0.000 0.000 -0.129 -0.316 -0.594 -0.870 -0.999 
-0.999 -0.870 -0.594 -0.316 -0.129 0.000 0.000 0.000 0.000 -0.171 -0.386 -0.677 -0.927 
-0.949 -0.986 -0.802 -0.511 -0.254 0.000 0.000 0.000 0.000 0.000 -0.220 -0.463 -0.757 
-0.794 -0.983 -0.954 -0.725 -0.432 -0.199 0.000 0.000 0.000 0.000 -0.108 -0.278 -0.544 
-0.585 -0.864 -0.999 -0.906 -0.644 -0.357 -0.153 0.000 0.000 0.000 0.000 -0.145 -0.343 
-0.379 -0.668 -0.921 -0.996 -0.844 -0.561 -0.290 -0.115 0.000 0.000 0.000 0.000 -0.189 
-0.214 -0.455 -0.749 -0.965 -0.975 -0.772 -0.479 -0.231 0.000 0.000 0.000 0.000 0.000 
-0.105 -0.271 -0.535 -0.823 -0.992 -0.936 -0.693 -0.401 -0.180 0.000 0.000 0.000 0.000 
0.000 -0.141 -0.336 -0.618 -0.888 -1.000 -0.883 -0.610 -0.330 -0.137 0.000 0.000 0.000 
0.000 0.000 -0.184 -0.408 -0.701 -0.941 -0.990 -0.817 -0.528 -0.265 -0.102 0.000 0.000 
