68.925334
3
# 0 1 11 50
0.000 0.000 0.000 0.000 0.000 0.000 0.000 0.000 0.000 0.000 0.000 0.130 0.380 0.748 0.991 0.885 0.531 0.215 0.000 0.000 0.000 0.000 0.000 0.000 0.000 0.000 0.000 0.000 0.000 0.000 0.000 0.000 0.000 0.000 0.000 0.000 0.000 0.000 0.000 0.000 0.000 0.000 0.000 0.000 0.000 0.000 0.000 0.000 0.000 0.000 
0.000 0.000 0.000 0.000 0.000 0.000 0.000 0.000 0.000 0.000 0.000 0.000 0.000 0.000 0.000 0.000 0.222 0.543 0.893 0.989 0.737 0.370 0.125 0.000 0.000 0.000 0.000 0.000 0.000 0.000 0.000 0.000 0.000 0.000 0.000 0.000 0.000 0.000 0.000 0.000 0.000 0.000 0.000 0.000 0.000 0.000 0.000 0.000 0.000 0.000 
0.612 0.269 0.000 0.000 0.000 0.000 0.000 0.000 0.000 0.000 0.000 0.000 0.000 0.000 0.000 0.000 0.000 0.000 0.000 0.000 0.115 0.350 0.715 0.982 0.908 0.566 0.237 0.000 0.000 0.000 0.000 0.000 0.000 0.000 0.000 0.000 0.000 0.000 0.000 0.000 0.000 0.000 0.000 0.000 0.000 0.000 0.000 0.000 0.000 0.000 
0.175 0.464 0.830 1.000 0.811 0.442 0.163 0.000 0.000 0.000 0.000 0.000 0.000 0.000 0.000 0.000 0.000 0.000 0.000 0.000 0.000 0.000 0.000 0.000 0.000 0.201 0.509 0.867 0.996 0.769 0.400 0.140 0.000 0.000 0.000 0.000 0.000 0.000 0.000 0.000 0.000 0.000 0.000 0.000 0.000 0.000 0.000 0.000 0.000 0.000 
0.000 0.000 0.000 0.000 0.000 0.286 0.635 0.949 0.955 0.647 0.295 0.000 0.000 0.000 0.000 0.000 0.000 0.000 0.000 0.000 0.000 0.000 0.000 0.000 0.000 0.000 0.000 0.000 0.000 0.102 0.322 0.681 0.970 0.930 0.600 0.261 0.000 0.000 0.000 0.000 0.000 0.000 0.000 0.000 0.000 0.000 0.000 0.000 0.000 0.000 
0.000 0.000 0.000 0.000 0.000 0.000 0.000 0.000 0.000 0.157 0.432 0.801 0.999 0.840 0.475 0.181 0.000 0.000 0.000 0.000 0.000 0.000 0.000 0.000 0.000 0.000 0.000 0.000 0.000 0.000 0.000 0.000 0.000 0.000 0.181 0.475 0.840 0.999 0.801 0.432 0.157 0.000 0.000 0.000 0.000 0.000 0.000 0.000 0.000 0.000 
0.000 0.000 0.000 0.000 0.000 0.000 0.000 0.000 0.000 0.000 0.000 0.000 0.000 0.000 0.261 0.600 0.930 0.970 0.681 0.322 0.102 0.000 0.000 0.000 0.000 0.000 0.000 0.000 0.000 0.000 0.000 0.000 0.000 0.000 0.000 0.000 0.000 0.000 0.000 0.295 0.647 0.955 0.949 0.635 0.286 0.000 0.000 0.000 0.000 0.000 
0.000 0.000 0.000 0.000 0.000 0.000 0.000 0.000 0.000 0.000 0.000 0.000 0.000 0.000 0.000 0.000 0.000 0.000 0.140 0.400 0.769 0.996 0.867 0.509 0.201 0.000 0.000 0.000 0.000 0.000 0.000 0.000 0.000 0.000 0.000 0.000 0.000 0.000 0.000 0.000 0.000 0.000 0.000 0.163 0.442 0.811 1.000 0.830 0.464 0.175 
0.000 0.000 0.000 0.000 0.000 0.000 0.000 0.000 0.000 0.000 0.000 0.000 0.000 0.000 0.000 0.000 0.000 0.000 0.000 0.000 0.000 0.000 0.000 0.237 0.566 0.908 0.982 0.715 0.350 0.115 0.000 0.000 0.000 0.000 0.000 0.000 0.000 0.000 0.000 0.000 0.000 0.000 0.000 0.000 0.000 0.000 0.000 0.000 0.269 0.612 
0.000 0.000 0.000 0.000 0.000 0.000 0.000 0.000 0.000 0.000 0.000 0.000 0.000 0.000 0.000 0.000 0.000 0.000 0.000 0.000 0.000 0.000 0.000 0.000 0.000 0.000 0.000 0.125 0.370 0.737 0.989 0.893 0.543 0.222 0.000 0.000 0.000 0.000 0.000 0.000 0.000 0.000 0.000 0.000 0.000 0.000 0.000 0.000 0.000 0.000 
0.000 0.000 0.000 0.000 0.000 0.000 0.000 0.000 0.000 0.000 0.000 0.000 0.000 0.000 0.000 0.000 0.000 0.000 0.000 0.000 0.000 0.000 0.000 0.000 0.000 0.000 0.000 0.000 0.000 0.000 0.000 0.000 0.215 0.531 0.885 0.991 0.748 0.380 0.130 0.000 0.000 0.000 0.000 0.000 0.000 0.000 0.000 0.000 0.000 0.000 
# 0 2 15 50
0.000 0.000 0.000 0.000 0.000 0.000 0.000 0.000 0.000 0.000 0.000 0.261 0.601 0.931 0.970 0.681 0.322 0.102 0.000 0.000 0.000 0.000 0.000 0.000 0.000 0.000 0.000 0.000 0.000 0.000 0.000 0.000 0.000 0.000 0.000 0.000 0.000 0.000 0.000 0.000 0.000 0.000 0.000 0.000 0.000 0.000 0.000 0.000 0.000 0.000 
0.000 0.000 0.000 0.000 0.000 0.000 0.000 0.000 0.000 0.000 0.000 0.000 0.000 0.000 0.181 0.475 0.840 1.000 0.801 0.432 0.157 0.000 0.000 0.000 0.000 0.000 0.000 0.000 0.000 0.000 0.000 0.000 0.000 0.000 0.000 0.000 0.000 0.000 0.000 0.000 0.000 0.000 0.000 0.000 0.000 0.000 0.000 0.000 0.000 0.000 
0.000 0.000 0.000 0.000 0.000 0.000 0.000 0.000 0.000 0.000 0.000 0.000 0.000 0.000 0.000 0.000 0.000 0.120 0.360 0.726 0.986 0.901 0.554 0.230 0.000 0.000 0.000 0.000 0.000 0.000 0.000 0.000 0.000 0.000 0.000 0.000 0.000 0.000 0.000 0.000 0.000 0.000 0.000 0.000 0.000 0.000 0.000 0.000 0.000 0.000 
0.726 0.360 0.120 0.000 0.000 0.000 0.000 0.000 0.000 0.000 0.000 0.000 0.000 0.000 0.000 0.000 0.000 0.000 0.000 0.000 0.000 0.261 0.601 0.931 0.970 0.681 0.322 0.102 0.000 0.000 0.000 0.000 0.000 0.000 0.000 0.000 0.000 0.000 0.000 0.000 0.000 0.000 0.000 0.000 0.000 0.000 0.000 0.000 0.000 0.000 
0.432 0.801 1.000 0.840 0.475 0.181 0.000 0.000 0.000 0.000 0.000 0.000 0.000 0.000 0.000 0.000 0.000 0.000 0.000 0.000 0.000 0.000 0.000 0.000 0.181 0.475 0.840 1.000 0.801 0.432 0.157 0.000 0.000 0.000 0.000 0.000 0.000 0.000 0.000 0.000 0.000 0.000 0.000 0.000 0.000 0.000 0.000 0.000 0.000 0.000 
0.000 0.000 0.102 0.322 0.681 0.970 0.931 0.601 0.261 0.000 0.000 0.000 0.000 0.000 0.000 0.000 0.000 0.000 0.000 0.000 0.000 0.000 0.000 0.000 0.000 0.000 0.000 0.120 0.360 0.726 0.986 0.901 0.554 0.230 0.000 0.000 0.000 0.000 0.000 0.000 0.000 0.000 0.000 0.000 0.000 0.000 0.000 0.000 0.000 0.000 
0.000 0.000 0.000 0.000 0.000 0.000 0.230 0.554 0.901 0.986 0.726 0.360 0.120 0.000 0.000 0.000 0.000 0.000 0.000 0.000 0.000 0.000 0.000 0.000 0.000 0.000 0.000 0.000 0.000 0.000 0.000 0.261 0.601 0.931 0.970 0.681 0.322 0.102 0.000 0.000 0.000 0.000 0.000 0.000 0.000 0.000 0.000 0.000 0.000 0.000 
0.000 0.000 0.000 0.000 0.000 0.000 0.000 0.000 0.000 0.157 0.432 0.801 1.000 0.840 0.475 0.181 0.000 0.000 0.000 0.000 0.000 0.000 0.000 0.000 0.000 0.000 0.000 0.000 0.000 0.000 0.000 0.000 0.000 0.000 0.181 0.475 0.840 1.000 0.801 0.432 0.157 0.000 0.000 0.000 0.000 0.000 0.000 0.000 0.000 0.000 
0.000 0.000 0.000 0.000 0.000 0.000 0.000 0.000 0.000 0.000 0.000 0.000 0.102 0.322 0.681 0.970 0.931 0.601 0.261 0.000 0.000 0.000 0.000 0.000 0.000 0.000 0.000 0.000 0.000 0.000 0.000 0.000 0.000 0.000 0.000 0.000 0.000 0.120 0.360 0.726 0.986 0.901 0.554 0.230 0.000 0.000 0.000 0.000 0.000 0.000 
0.000 0.000 0.000 0.000 0.000 0.000 0.000 0.000 0.000 0.000 0.000 0.000 0.000 0.000 0.000 0.000 0.230 0.554 0.901 0.986 0.726 0.360 0.120 0.000 0.000 0.000 0.000 0.000 0.000 0.000 0.000 0.000 0.000 0.000 0.000 0.000 0.000 0.000 0.000 0.000 0.000 0.261 0.601 0.931 0.970 0.681 0.322 0.102 0.000 0.000 
0.000 0.000 0.000 0.000 0.000 0.000 0.000 0.000 0.000 0.000 0.000 0.000 0.000 0.000 0.000 0.000 0.000 0.000 0.000 0.157 0.432 0.801 1.000 0.840 0.475 0.181 0.000 0.000 0.000 0.000 0.000 0.000 0.000 0.000 0.000 0.000 0.000 0.000 0.000 0.000 0.000 0.000 0.000 0.000 0.181 0.475 0.840 1.000 0.801 0.432 
0.000 0.000 0.000 0.000 0.000 0.000 0.000 0.000 0.000 0.000 0.000 0.000 0.000 0.000 0.000 0.000 0.000 0.000 0.000 0.000 0.000 0.000 0.102 0.322 0.681 0.970 0.931 0.601 0.261 0.000 0.000 0.000 0.000 0.000 0.000 0.000 0.000 0.000 0.000 0.000 0.000 0.000 0.000 0.000 0.000 0.000 0.000 0.120 0.360 0.726 
0.000 0.000 0.000 0.000 0.000 0.000 0.000 0.000 0.000 0.000 0.000 0.000 0.000 0.000 0.000 0.000 0.000 0.000 0.000 0.000 0.000 0.000 0.000 0.000 0.000 0.000 0.230 0.554 0.901 0.986 0.726 0.360 0.120 0.000 0.000 0.000 0.000 0.000 0.000 0.000 0.000 0.000 0.000 0.000 0.000 0.000 0.000 0.000 0.000 0.000 
0.000 0.000 0.000 0.000 0.000 0.000 0.000 0.000 0.000 0.000 0.000 0.000 0.000 0.000 0.000 0.000 0.000 0.000 0.000 0.000 0.000 0.000 0.000 0.000 0.000 0.000 0.000 0.000 0.000 0.157 0.432 0.801 1.000 0.840 0.475 0.181 0.000 0.000 0.000 0.000 0.000 0.000 0.000 0.000 0.000 0.000 0.000 0.000 0.000 0.000 
0.000 0.000 0.000 0.000 0.000 0.000 0.000 0.000 0.000 0.000 0.000 0.000 0.000 0.000 0.000 0.000 0.000 0.000 0.000 0.000 0.000 0.000 0.000 0.000 0.000 0.000 0.000 0.000 0.000 0.000 0.000 0.000 0.102 0.322 0.681 0.970 0.931 0.601 0.261 0.000 0.000 0.000 0.000 0.000 0.000 0.000 0.000 0.000 0.000 0.000 
# 1 0 50 11
-0.973 -0.514 -0.117 0.000 0.000 0.000 0.000 0.000 0.000 0.000 0.000 
-0.999 -0.636 -0.174 0.000 0.000 0.000 0.000 0.000 0.000 0.000 0.000 
-0.997 -0.755 -0.248 0.000 0.000 0.000 0.000 0.000 0.000 0.000 0.000 
-0.992 -0.861 -0.341 0.000 0.000 0.000 0.000 0.000 0.000 0.000 0.000 
-0.948 -0.942 -0.450 0.000 0.000 0.000 0.000 0.000 0.000 0.000 0.000 
-0.869 -0.990 -0.569 -0.140 0.000 0.000 0.000 0.000 0.000 0.000 0.000 
-0.765 -0.998 -0.691 -0.205 0.000 0.000 0.000 0.000 0.000 0.000 0.000 
-0.647 -1.000 -0.805 -0.288 0.000 0.000 0.000 0.000 0.000 0.000 0.000 
-0.525 -0.977 -0.901 -0.389 0.000 0.000 0.000 0.000 0.000 0.000 0.000 
-0.409 -0.916 -0.968 -0.503 -0.112 0.000 0.000 0.000 0.000 0.000 0.000 
-0.305 -0.825 -0.999 -0.624 -0.168 0.000 0.000 0.000 0.000 0.000 0.000 
-0.219 -0.713 -0.995 -0.744 -0.241 0.000 0.000 0.000 0.000 0.000 0.000 
-0.151 -0.591 -0.994 -0.852 -0.332 0.000 0.000 0.000 0.000 0.000 0.000 
0.000 -0.471 -0.953 -0.936 -0.439 0.000 0.000 0.000 0.000 0.000 0.000 
0.000 -0.360 -0.878 -0.987 -0.558 -0.135 0.000 0.000 0.000 0.000 0.000 
0.000 -0.264 -0.776 -0.999 -0.680 -0.199 0.000 0.000 0.000 0.000 0.000 
0.000 -0.186 -0.658 -1.000 -0.796 -0.280 0.000 0.000 0.000 0.000 0.000 
0.000 -0.126 -0.536 -0.981 -0.894 -0.379 0.000 0.000 0.000 0.000 0.000 
0.000 0.000 -0.419 -0.923 -0.964 -0.492 -0.108 0.000 0.000 0.000 0.000 
0.000 0.000 -0.314 -0.834 -0.998 -0.613 -0.162 0.000 0.000 0.000 0.000 
0.000 0.000 -0.226 -0.723 -0.994 -0.734 -0.234 0.000 0.000 0.000 0.000 
0.000 0.000 -0.156 -0.602 -0.996 -0.843 -0.323 0.000 0.000 0.000 0.000 
0.000 0.000 -0.104 -0.481 -0.959 -0.930 -0.429 0.000 0.000 0.000 0.000 
0.000 0.000 0.000 -0.369 -0.886 -0.984 -0.547 -0.131 0.000 0.000 0.000 
0.000 0.000 0.000 -0.272 -0.786 -1.000 -0.669 -0.192 0.000 0.000 0.000 
0.000 0.000 0.000 -0.192 -0.669 -1.000 -0.786 -0.272 0.000 0.000 0.000 
0.000 0.000 0.000 -0.131 -0.547 -0.984 -0.886 -0.369 0.000 0.000 0.000 
0.000 0.000 0.000 0.000 -0.429 -0.930 -0.959 -0.481 -0.104 0.000 0.000 
0.000 0.000 0.000 0.000 -0.323 -0.843 -0.996 -0.602 -0.156 0.000 0.000 
0.000 0.000 0.000 0.000 -0.234 -0.734 -0.994 -0.723 -0.226 0.000 0.000 
0.000 0.000 0.000 0.000 -0.162 -0.613 -0.998 -0.834 -0.314 0.000 0.000 
0.000 0.000 0.000 0.000 -0.108 -0.492 -0.964 -0.923 -0.419 0.000 0.000 
0.000 0.000 0.000 0.000 0.000 -0.379 -0.894 -0.981 -0.536 -0.126 0.000 
0.000 0.000 0.000 0.000 0.000 -0.280 -0.796 -1.000 -0.658 -0.186 0.000 
0.000 0.000 0.000 0.000 0.000 -0.199 -0.680 -0.999 -0.776 -0.264 0.000 
0.000 0.000 0.000 0.000 0.000 -0.135 -0.558 -0.987 -0.878 -0.360 0.000 
0.000 0.000 0.000 0.000 0.000 0.000 -0.439 -0.936 -0.953 -0.471 0.000 
0.000 0.000 0.000 0.000 0.000 0.000 -0.332 -0.852 -0.994 -0.591 -0.151 
0.000 0.000 0.000 0.000 0.000 0.000 -0.241 -0.744 -0.995 -0.713 -0.219 
0.000 0.000 0.000 0.000 0.000 0.000 -0.168 -0.624 -0.999 -0.825 -0.305 
0.000 0.000 0.000 0.000 0.000 0.000 -0.112 -0.503 -0.968 -0.916 -0.409 
0.000 0.000 0.000 0.000 0.000 0.000 0.000 -0.389 -0.901 -0.977 -0.525 
0.000 0.000 0.000 0.000 0.000 0.000 0.000 -0.288 -0.805 -1.000 -0.647 
0.000 0.000 0.000 0.000 0.000 0.000 0.000 -0.205 -0.691 -0.998 -0.765 
0.000 0.000 0.000 0.000 0.000 0.000 0.000 -0.140 -0.569 -0.990 -0.869 
0.000 0.000 0.000 0.000 0.000 0.000 0.000 0.000 -0.450 -0.942 -0.948 
0.000 0.000 0.000 0.000 0.000 0.000 0.000 0.000 -0.341 -0.861 -0.992 
0.000 0.000 0.000 0.000 0.000 0.000 0.000 0.000 -0.248 -0.755 -0.997 
0.000 0.000 0.000 0.000 0.000 0.000 0.000 0.000 -0.174 -0.636 -0.999 
0.000 0.000 0.000 0.000 0.000 0.000 0.000 0.000 -0.117 -0.514 -0.973 
