69.143306
3
# 0 1 11 50
0.000 0.000 0.000 0.000 0.000 0.000 0.000 0.000 0.000 0.000 0.000 0.102 0.169 0.263 0.385 0.527 0.678 0.820 0.931 0.992 0.993 0.933 0.823 0.682 0.531 0.388 0.266 0.171 0.104 0.000 0.000 0.000 0.000 0.000 0.000 0.000 0.000 0.000 0.000 0.000 0.000 0.000 0.000 0.000 0.000 0.000 0.000 0.000 0.000 0.000 
0.000 0.000 0.000 0.000 0.000 0.000 0.000 0.000 0.000 0.000 0.000 0.000 0.000 0.000 0.000 0.000 0.130 0.209 0.315 0.447 0.596 0.745 0.875 0.966 1.000 0.973 0.888 0.762 0.613 0.464 0.329 0.220 0.138 0.000 0.000 0.000 0.000 0.000 0.000 0.000 0.000 0.000 0.000 0.000 0.000 0.000 0.000 0.000 0.000 0.000 
0.226 0.142 0.000 0.000 0.000 0.000 0.000 0.000 0.000 0.000 0.000 0.000 0.000 0.000 0.000 0.000 0.000 0.000 0.000 0.000 0.000 0.162 0.254 0.373 0.514 0.665 0.808 0.922 0.989 0.995 0.941 0.835 0.696 0.544 0.400 0.276 0.179 0.109 0.000 0.000 0.000 0.000 0.000 0.000 0.000 0.000 0.000 0.000 0.000 0.000 
0.843 0.706 0.554 0.409 0.284 0.184 0.113 0.000 0.000 0.000 0.000 0.000 0.000 0.000 0.000 0.000 0.000 0.000 0.000 0.000 0.000 0.000 0.000 0.000 0.000 0.124 0.200 0.304 0.434 0.582 0.732 0.865 0.959 0.999 0.978 0.898 0.774 0.627 0.477 0.341 0.228 0.144 0.000 0.000 0.000 0.000 0.000 0.000 0.000 0.000 
0.857 0.955 0.999 0.981 0.905 0.784 0.637 0.487 0.349 0.235 0.149 0.000 0.000 0.000 0.000 0.000 0.000 0.000 0.000 0.000 0.000 0.000 0.000 0.000 0.000 0.000 0.000 0.000 0.000 0.000 0.155 0.244 0.361 0.500 0.651 0.796 0.914 0.985 0.997 0.948 0.846 0.709 0.558 0.413 0.286 0.187 0.114 0.000 0.000 0.000 
0.238 0.352 0.490 0.641 0.787 0.907 0.982 0.998 0.953 0.854 0.719 0.568 0.422 0.294 0.192 0.118 0.000 0.000 0.000 0.000 0.000 0.000 0.000 0.000 0.000 0.000 0.000 0.000 0.000 0.000 0.000 0.000 0.000 0.000 0.118 0.192 0.294 0.422 0.568 0.719 0.854 0.953 0.998 0.982 0.907 0.787 0.641 0.490 0.352 0.238 
0.000 0.000 0.000 0.114 0.187 0.286 0.413 0.558 0.709 0.846 0.948 0.997 0.985 0.914 0.796 0.651 0.500 0.361 0.244 0.155 0.000 0.000 0.000 0.000 0.000 0.000 0.000 0.000 0.000 0.000 0.000 0.000 0.000 0.000 0.000 0.000 0.000 0.000 0.000 0.149 0.235 0.349 0.487 0.637 0.784 0.905 0.981 0.999 0.955 0.857 
0.000 0.000 0.000 0.000 0.000 0.000 0.000 0.000 0.144 0.228 0.341 0.477 0.627 0.774 0.898 0.978 0.999 0.959 0.865 0.732 0.582 0.434 0.304 0.200 0.124 0.000 0.000 0.000 0.000 0.000 0.000 0.000 0.000 0.000 0.000 0.000 0.000 0.000 0.000 0.000 0.000 0.000 0.000 0.113 0.184 0.284 0.409 0.554 0.706 0.843 
0.000 0.000 0.000 0.000 0.000 0.000 0.000 0.000 0.000 0.000 0.000 0.000 0.109 0.179 0.276 0.400 0.544 0.696 0.835 0.941 0.995 0.989 0.922 0.808 0.665 0.514 0.373 0.254 0.162 0.000 0.000 0.000 0.000 0.000 0.000 0.000 0.000 0.000 0.000 0.000 0.000 0.000 0.000 0.000 0.000 0.000 0.000 0.000 0.142 0.226 
0.000 0.000 0.000 0.000 0.000 0.000 0.000 0.000 0.000 0.000 0.000 0.000 0.000 0.000 0.000 0.000 0.000 0.138 0.220 0.329 0.464 0.613 0.762 0.888 0.973 1.000 0.966 0.875 0.745 0.596 0.447 0.315 0.209 0.130 0.000 0.000 0.000 0.000 0.000 0.000 0.000 0.000 0.000 0.000 0.000 0.000 0.000 0.000 0.000 0.000 
0.000 0.000 0.000 0.000 0.000 0.000 0.000 0.000 0.000 0.000 0.000 0.000 0.000 0.000 0.000 0.000 0.000 0.000 0.000 0.000 0.000 0.104 0.171 0.266 0.388 0.531 0.682 0.823 0.933 0.993 0.992 0.931 0.820 0.678 0.527 0.385 0.263 0.169 0.102 0.000 0.000 0.000 0.000 0.000 0.000 0.000 0.000 0.000 0.000 0.000 
# 0 2 15 50
0.000 0.000 0.000 0.000 0.000 0.000 0.000 0.000 0.000 0.000 0.000 0.140 0.223 0.334 0.469 0.619 0.767 0.892 0.975 1.000 0.963 0.871 0.740 0.590 0.442 0.311 0.205 0.127 0.000 0.000 0.000 0.000 0.000 0.000 0.000 0.000 0.000 0.000 0.000 0.000 0.000 0.000 0.000 0.000 0.000 0.000 0.000 0.000 0.000 0.000 
0.000 0.000 0.000 0.000 0.000 0.000 0.000 0.000 0.000 0.000 0.000 0.000 0.000 0.000 0.118 0.192 0.294 0.422 0.568 0.719 0.854 0.953 0.998 0.982 0.907 0.787 0.641 0.490 0.352 0.238 0.150 0.000 0.000 0.000 0.000 0.000 0.000 0.000 0.000 0.000 0.000 0.000 0.000 0.000 0.000 0.000 0.000 0.000 0.000 0.000 
0.000 0.000 0.000 0.000 0.000 0.000 0.000 0.000 0.000 0.000 0.000 0.000 0.000 0.000 0.000 0.000 0.000 0.000 0.165 0.257 0.377 0.518 0.669 0.812 0.925 0.990 0.995 0.938 0.831 0.691 0.540 0.396 0.273 0.176 0.107 0.000 0.000 0.000 0.000 0.000 0.000 0.000 0.000 0.000 0.000 0.000 0.000 0.000 0.000 0.000 
0.257 0.165 0.000 0.000 0.000 0.000 0.000 0.000 0.000 0.000 0.000 0.000 0.000 0.000 0.000 0.000 0.000 0.000 0.000 0.000 0.000 0.140 0.223 0.334 0.469 0.619 0.767 0.892 0.975 1.000 0.963 0.871 0.740 0.590 0.442 0.311 0.205 0.127 0.000 0.000 0.000 0.000 0.000 0.000 0.000 0.000 0.000 0.000 0.000 0.000 
0.719 0.568 0.422 0.294 0.192 0.118 0.000 0.000 0.000 0.000 0.000 0.000 0.000 0.000 0.000 0.000 0.000 0.000 0.000 0.000 0.000 0.000 0.000 0.000 0.118 0.192 0.294 0.422 0.568 0.719 0.854 0.953 0.998 0.982 0.907 0.787 0.641 0.490 0.352 0.238 0.150 0.000 0.000 0.000 0.000 0.000 0.000 0.000 0.000 0.000 
1.000 0.975 0.892 0.767 0.619 0.469 0.334 0.223 0.140 0.000 0.000 0.000 0.000 0.000 0.000 0.000 0.000 0.000 0.000 0.000 0.000 0.000 0.000 0.000 0.000 0.000 0.000 0.000 0.165 0.257 0.377 0.518 0.669 0.812 0.925 0.990 0.995 0.938 0.831 0.691 0.540 0.396 0.273 0.176 0.107 0.000 0.000 0.000 0.000 0.000 
0.691 0.831 0.938 0.995 0.990 0.925 0.812 0.669 0.518 0.377 0.257 0.165 0.000 0.000 0.000 0.000 0.000 0.000 0.000 0.000 0.000 0.000 0.000 0.000 0.000 0.000 0.000 0.000 0.000 0.000 0.000 0.140 0.223 0.334 0.469 0.619 0.767 0.892 0.975 1.000 0.963 0.871 0.740 0.590 0.442 0.311 0.205 0.127 0.000 0.000 
0.238 0.352 0.490 0.641 0.787 0.907 0.982 0.998 0.953 0.854 0.719 0.568 0.422 0.294 0.192 0.118 0.000 0.000 0.000 0.000 0.000 0.000 0.000 0.000 0.000 0.000 0.000 0.000 0.000 0.000 0.000 0.000 0.000 0.000 0.118 0.192 0.294 0.422 0.568 0.719 0.854 0.953 0.998 0.982 0.907 0.787 0.641 0.490 0.352 0.238 
0.000 0.000 0.127 0.205 0.311 0.442 0.590 0.740 0.871 0.963 1.000 0.975 0.892 0.767 0.619 0.469 0.334 0.223 0.140 0.000 0.000 0.000 0.000 0.000 0.000 0.000 0.000 0.000 0.000 0.000 0.000 0.000 0.000 0.000 0.000 0.000 0.000 0.000 0.165 0.257 0.377 0.518 0.669 0.812 0.925 0.990 0.995 0.938 0.831 0.691 
0.000 0.000 0.000 0.000 0.000 0.107 0.176 0.273 0.396 0.540 0.691 0.831 0.938 0.995 0.990 0.925 0.812 0.669 0.518 0.377 0.257 0.165 0.000 0.000 0.000 0.000 0.000 0.000 0.000 0.000 0.000 0.000 0.000 0.000 0.000 0.000 0.000 0.000 0.000 0.000 0.000 0.140 0.223 0.334 0.469 0.619 0.767 0.892 0.975 1.000 
0.000 0.000 0.000 0.000 0.000 0.000 0.000 0.000 0.000 0.150 0.238 0.352 0.490 0.641 0.787 0.907 0.982 0.998 0.953 0.854 0.719 0.568 0.422 0.294 0.192 0.118 0.000 0.000 0.000 0.000 0.000 0.000 0.000 0.000 0.000 0.000 0.000 0.000 0.000 0.000 0.000 0.000 0.000 0.000 0.118 0.192 0.294 0.422 0.568 0.719 
0.000 0.000 0.000 0.000 0.000 0.000 0.000 0.000 0.000 0.000 0.000 0.000 0.127 0.205 0.311 0.442 0.590 0.740 0.871 0.963 1.000 0.975 0.892 0.767 0.619 0.469 0.334 0.223 0.140 0.000 0.000 0.000 0.000 0.000 0.000 0.000 0.000 0.000 0.000 0.000 0.000 0.000 0.000 0.000 0.000 0.000 0.000 0.000 0.165 0.257 
0.000 0.000 0.000 0.000 0.000 0.000 0.000 0.000 0.000 0.000 0.000 0.000 0.000 0.000 0.000 0.107 0.176 0.273 0.396 0.540 0.691 0.831 0.938 0.995 0.990 0.925 0.812 0.669 0.518 0.377 0.257 0.165 0.000 0.000 0.000 0.000 0.000 0.000 0.000 0.000 0.000 0.000 0.000 0.000 0.000 0.000 0.000 0.000 0.000 0.000 
0.000 0.000 0.000 0.000 0.000 0.000 0.000 0.000 0.000 0.000 0.000 0.000 0.000 0.000 0.000 0.000 0.000 0.000 0.000 0.150 0.238 0.352 0.490 0.641 0.787 0.907 0.982 0.998 0.953 0.854 0.719 0.568 0.422 0.294 0.192 0.118 0.000 0.000 0.000 0.000 0.000 0.000 0.000 0.000 0.000 0.000 0.000 0.000 0.000 0.000 
0.000 0.000 0.000 0.000 0.000 0.000 0.000 0.000 0.000 0.000 0.000 0.000 0.000 0.000 0.000 0.000 0.000 0.000 0.000 0.000 0.000 0.000 0.127 0.205 0.311 0.442 0.590 0.740 0.871 0.963 1.000 0.975 0.892 0.767 0.619 0.469 0.334 0.223 0.140 0.000 0.000 0.000 0.000 0.000 0.000 0.000 0.000 0.000 0.000 0.000 
# 1 0 50 11
-1.000 -0.595 -0.133 0.000 0.000 0.000 0.000 0.000 0.000 0.000 0.000 
-0.982 -0.725 -0.201 0.000 0.000 0.000 0.000 0.000 0.000 0.000 0.000 
-0.954 -0.843 -0.290 0.000 0.000 0.000 0.000 0.000 0.000 0.000 0.000 
-0.996 -0.935 -0.399 0.000 0.000 0.000 0.000 0.000 0.000 0.000 0.000 
-0.992 -0.989 -0.523 -0.104 0.000 0.000 0.000 0.000 0.000 0.000 0.000 
-0.942 -0.998 -0.655 -0.161 0.000 0.000 0.000 0.000 0.000 0.000 0.000 
-0.853 -0.959 -0.781 -0.239 0.000 0.000 0.000 0.000 0.000 0.000 0.000 
-0.737 -0.979 -0.889 -0.337 0.000 0.000 0.000 0.000 0.000 0.000 0.000 
-0.607 -1.000 -0.965 -0.454 0.000 0.000 0.000 0.000 0.000 0.000 0.000 
-0.477 -0.975 -0.999 -0.583 -0.128 0.000 0.000 0.000 0.000 0.000 0.000 
-0.357 -0.906 -0.986 -0.714 -0.194 0.000 0.000 0.000 0.000 0.000 0.000 
-0.255 -0.803 -0.948 -0.834 -0.281 0.000 0.000 0.000 0.000 0.000 0.000 
-0.174 -0.679 -0.994 -0.928 -0.388 0.000 0.000 0.000 0.000 0.000 0.000 
-0.113 -0.547 -0.994 -0.986 -0.512 0.000 0.000 0.000 0.000 0.000 0.000 
0.000 -0.421 -0.948 -0.999 -0.643 -0.155 0.000 0.000 0.000 0.000 0.000 
0.000 -0.308 -0.863 -0.965 -0.771 -0.231 0.000 0.000 0.000 0.000 0.000 
0.000 -0.216 -0.748 -0.974 -0.881 -0.327 0.000 0.000 0.000 0.000 0.000 
0.000 -0.144 -0.619 -1.000 -0.960 -0.443 0.000 0.000 0.000 0.000 0.000 
0.000 0.000 -0.488 -0.979 -0.998 -0.571 -0.123 0.000 0.000 0.000 0.000 
0.000 0.000 -0.367 -0.914 -0.989 -0.702 -0.187 0.000 0.000 0.000 0.000 
0.000 0.000 -0.264 -0.813 -0.942 -0.824 -0.272 0.000 0.000 0.000 0.000 
0.000 0.000 -0.180 -0.690 -0.992 -0.921 -0.378 0.000 0.000 0.000 0.000 
0.000 0.000 -0.118 -0.559 -0.996 -0.983 -0.500 0.000 0.000 0.000 0.000 
0.000 0.000 0.000 -0.432 -0.954 -1.000 -0.631 -0.149 0.000 0.000 0.000 
0.000 0.000 0.000 -0.318 -0.872 -0.970 -0.759 -0.223 0.000 0.000 0.000 
0.000 0.000 0.000 -0.223 -0.759 -0.970 -0.872 -0.318 0.000 0.000 0.000 
0.000 0.000 0.000 -0.149 -0.631 -1.000 -0.954 -0.432 0.000 0.000 0.000 
0.000 0.000 0.000 0.000 -0.500 -0.983 -0.996 -0.559 -0.118 0.000 0.000 
0.000 0.000 0.000 0.000 -0.378 -0.921 -0.992 -0.690 -0.180 0.000 0.000 
0.000 0.000 0.000 0.000 -0.272 -0.824 -0.942 -0.813 -0.264 0.000 0.000 
0.000 0.000 0.000 0.000 -0.187 -0.702 -0.989 -0.914 -0.367 0.000 0.000 
0.000 0.000 0.000 0.000 -0.123 -0.571 -0.998 -0.979 -0.488 0.000 0.000 
0.000 0.000 0.000 0.000 0.000 -0.443 -0.960 -1.000 -0.619 -0.144 0.000 
0.000 0.000 0.000 0.000 0.000 -0.327 -0.881 -0.974 -0.748 -0.216 0.000 
0.000 0.000 0.000 0.000 0.000 -0.231 -0.771 -0.965 -0.863 -0.308 0.000 
0.000 0.000 0.000 0.000 0.000 -0.155 -0.643 -0.999 -0.948 -0.421 0.000 
0.000 0.000 0.000 0.000 0.000 0.000 -0.512 -0.986 -0.994 -0.547 -0.113 
0.000 0.000 0.000 0.000 0.000 0.000 -0.388 -0.928 -0.994 -0.679 -0.174 
0.000 0.000 0.000 0.000 0.000 0.000 -0.281 -0.834 -0.948 -0.803 -0.255 
0.000 0.000 0.000 0.000 0.000 0.000 -0.194 -0.714 -0.986 -0.906 -0.357 
0.000 0.000 0.000 0.000 0.000 0.000 -0.128 -0.583 -0.999 -0.975 -0.477 
0.000 0.000 0.000 0.000 0.000 0.000 0.000 -0.454 -0.965 -1.000 -0.607 
0.000 0.000 0.000 0.000 0.000 0.000 0.000 -0.337 -0.889 -0.979 -0.737 
0.000 0.000 0.000 0.000 0.000 0.000 0.000 -0.239 -0.781 -0.959 -0.853 
0.000 0.000 0.000 0.000 0.000 0.000 0.000 -0.161 -0.655 -0.998 -0.942 
0.000 0.000 0.000 0.000 0.000 0.000 0.000 -0.104 -0.523 -0.989 -0.992 
0.000 0.000 0.000 0.000 0.000 0.000 0.000 0.000 -0.399 -0.935 -0.996 
0.000 0.000 0.000 0.000 0.000 0.000 0.000 0.000 -0.290 -0.843 -0.954 
0.000 0.000 0.000 0.000 0.000 0.000 0.000 0.000 -0.201 -0.725 -0.982 
0.000 0.000 0.000 0.000 0.000 0.000 0.000 0.000 -0.133 -0.595 -1.000 
