69.303007
3
# 0 1 12 50
0.000 0.000 0.000 0.000 0.000 0.000 0.000 0.000 0.000 0.000 0.000 0.000 0.376 0.824 0.989 0.650 0.234 0.000 0.000 0.000 0.000 0.000 0.000 0.000 0.000 0.000 0.000 0.000 0.000 0.000 0.000 0.000 0.000 0.000 0.000 0.000 0.000 0.000 0.000 0.000 0.000 0.000 0.000 0.000 0.000 0.000 0.000 0.000 0.000 0.000 
0.000 0.000 0.000 0.000 0.000 0.000 0.000 0.000 0.000 0.000 0.000 0.000 0.000 0.000 0.000 0.000 0.311 0.753 1.000 0.727 0.289 0.000 0.000 0.000 0.000 0.000 0.000 0.000 0.000 0.000 0.000 0.000 0.000 0.000 0.000 0.000 0.000 0.000 0.000 0.000 0.000 0.000 0.000 0.000 0.000 0.000 0.000 0.000 0.000 0.000 
0.203 0.000 0.000 0.000 0.000 0.000 0.000 0.000 0.000 0.000 0.000 0.000 0.000 0.000 0.000 0.000 0.000 0.000 0.000 0.000 0.253 0.678 0.995 0.799 0.352 0.000 0.000 0.000 0.000 0.000 0.000 0.000 0.000 0.000 0.000 0.000 0.000 0.000 0.000 0.000 0.000 0.000 0.000 0.000 0.000 0.000 0.000 0.000 0.000 0.000 
0.352 0.799 0.995 0.678 0.253 0.000 0.000 0.000 0.000 0.000 0.000 0.000 0.000 0.000 0.000 0.000 0.000 0.000 0.000 0.000 0.000 0.000 0.000 0.000 0.203 0.600 0.973 0.864 0.421 0.112 0.000 0.000 0.000 0.000 0.000 0.000 0.000 0.000 0.000 0.000 0.000 0.000 0.000 0.000 0.000 0.000 0.000 0.000 0.000 0.000 
0.000 0.000 0.000 0.000 0.289 0.727 1.000 0.753 0.311 0.000 0.000 0.000 0.000 0.000 0.000 0.000 0.000 0.000 0.000 0.000 0.000 0.000 0.000 0.000 0.000 0.000 0.000 0.000 0.159 0.522 0.936 0.919 0.495 0.146 0.000 0.000 0.000 0.000 0.000 0.000 0.000 0.000 0.000 0.000 0.000 0.000 0.000 0.000 0.000 0.000 
0.000 0.000 0.000 0.000 0.000 0.000 0.000 0.000 0.234 0.650 0.989 0.824 0.376 0.000 0.000 0.000 0.000 0.000 0.000 0.000 0.000 0.000 0.000 0.000 0.000 0.000 0.000 0.000 0.000 0.000 0.000 0.000 0.123 0.447 0.885 0.961 0.572 0.186 0.000 0.000 0.000 0.000 0.000 0.000 0.000 0.000 0.000 0.000 0.000 0.000 
0.000 0.000 0.000 0.000 0.000 0.000 0.000 0.000 0.000 0.000 0.000 0.000 0.186 0.572 0.961 0.885 0.447 0.123 0.000 0.000 0.000 0.000 0.000 0.000 0.000 0.000 0.000 0.000 0.000 0.000 0.000 0.000 0.000 0.000 0.000 0.000 0.000 0.376 0.824 0.989 0.650 0.234 0.000 0.000 0.000 0.000 0.000 0.000 0.000 0.000 
0.000 0.000 0.000 0.000 0.000 0.000 0.000 0.000 0.000 0.000 0.000 0.000 0.000 0.000 0.000 0.000 0.146 0.495 0.919 0.936 0.522 0.159 0.000 0.000 0.000 0.000 0.000 0.000 0.000 0.000 0.000 0.000 0.000 0.000 0.000 0.000 0.000 0.000 0.000 0.000 0.000 0.311 0.753 1.000 0.727 0.289 0.000 0.000 0.000 0.000 
0.000 0.000 0.000 0.000 0.000 0.000 0.000 0.000 0.000 0.000 0.000 0.000 0.000 0.000 0.000 0.000 0.000 0.000 0.000 0.000 0.112 0.421 0.864 0.973 0.600 0.203 0.000 0.000 0.000 0.000 0.000 0.000 0.000 0.000 0.000 0.000 0.000 0.000 0.000 0.000 0.000 0.000 0.000 0.000 0.000 0.253 0.678 0.995 0.799 0.352 
0.000 0.000 0.000 0.000 0.000 0.000 0.000 0.000 0.000 0.000 0.000 0.000 0.000 0.000 0.000 0.000 0.000 0.000 0.000 0.000 0.000 0.000 0.000 0.000 0.000 0.352 0.799 0.995 0.678 0.253 0.000 0.000 0.000 0.000 0.000 0.000 0.000 0.000 0.000 0.000 0.000 0.000 0.000 0.000 0.000 0.000 0.000 0.000 0.000 0.203 
0.000 0.000 0.000 0.000 0.000 0.000 0.000 0.000 0.000 0.000 0.000 0.000 0.000 0.000 0.000 0.000 0.000 0.000 0.000 0.000 0.000 0.000 0.000 0.000 0.000 0.000 0.000 0.000 0.000 0.289 0.727 1.000 0.753 0.311 0.000 0.000 0.000 0.000 0.000 0.000 0.000 0.000 0.000 0.000 0.000 0.000 0.000 0.000 0.000 0.000 
0.000 0.000 0.000 0.000 0.000 0.000 0.000 0.000 0.000 0.000 0.000 0.000 0.000 0.000 0.000 0.000 0.000 0.000 0.000 0.000 0.000 0.000 0.000 0.000 0.000 0.000 0.000 0.000 0.000 0.000 0.000 0.000 0.000 0.234 0.650 0.989 0.824 0.376 0.000 0.000 0.000 0.000 0.000 0.000 0.000 0.000 0.000 0.000 0.000 0.000 
# 0 2 15 50
0.000 0.000 0.000 0.000 0.000 0.000 0.000 0.000 0.000 0.000 0.000 0.180 0.561 0.957 0.894 0.457 0.128 0.000 0.000 0.000 0.000 0.000 0.000 0.000 0.000 0.000 0.000 0.000 0.000 0.000 0.000 0.000 0.000 0.000 0.000 0.000 0.000 0.000 0.000 0.000 0.000 0.000 0.000 0.000 0.000 0.000 0.000 0.000 0.000 0.000 
0.000 0.000 0.000 0.000 0.000 0.000 0.000 0.000 0.000 0.000 0.000 0.000 0.000 0.000 0.108 0.411 0.856 0.978 0.611 0.209 0.000 0.000 0.000 0.000 0.000 0.000 0.000 0.000 0.000 0.000 0.000 0.000 0.000 0.000 0.000 0.000 0.000 0.000 0.000 0.000 0.000 0.000 0.000 0.000 0.000 0.000 0.000 0.000 0.000 0.000 
0.000 0.000 0.000 0.000 0.000 0.000 0.000 0.000 0.000 0.000 0.000 0.000 0.000 0.000 0.000 0.000 0.000 0.000 0.281 0.717 1.000 0.764 0.320 0.000 0.000 0.000 0.000 0.000 0.000 0.000 0.000 0.000 0.000 0.000 0.000 0.000 0.000 0.000 0.000 0.000 0.000 0.000 0.000 0.000 0.000 0.000 0.000 0.000 0.000 0.000 
0.717 0.281 0.000 0.000 0.000 0.000 0.000 0.000 0.000 0.000 0.000 0.000 0.000 0.000 0.000 0.000 0.000 0.000 0.000 0.000 0.000 0.180 0.561 0.957 0.894 0.457 0.128 0.000 0.000 0.000 0.000 0.000 0.000 0.000 0.000 0.000 0.000 0.000 0.000 0.000 0.000 0.000 0.000 0.000 0.000 0.000 0.000 0.000 0.000 0.000 
0.209 0.611 0.978 0.856 0.411 0.108 0.000 0.000 0.000 0.000 0.000 0.000 0.000 0.000 0.000 0.000 0.000 0.000 0.000 0.000 0.000 0.000 0.000 0.000 0.108 0.411 0.856 0.978 0.611 0.209 0.000 0.000 0.000 0.000 0.000 0.000 0.000 0.000 0.000 0.000 0.000 0.000 0.000 0.000 0.000 0.000 0.000 0.000 0.000 0.000 
0.000 0.000 0.000 0.128 0.457 0.894 0.957 0.561 0.180 0.000 0.000 0.000 0.000 0.000 0.000 0.000 0.000 0.000 0.000 0.000 0.000 0.000 0.000 0.000 0.000 0.000 0.000 0.000 0.281 0.717 1.000 0.764 0.320 0.000 0.000 0.000 0.000 0.000 0.000 0.000 0.000 0.000 0.000 0.000 0.000 0.000 0.000 0.000 0.000 0.000 
0.000 0.000 0.000 0.000 0.000 0.000 0.000 0.320 0.764 1.000 0.717 0.281 0.000 0.000 0.000 0.000 0.000 0.000 0.000 0.000 0.000 0.000 0.000 0.000 0.000 0.000 0.000 0.000 0.000 0.000 0.000 0.180 0.561 0.957 0.894 0.457 0.128 0.000 0.000 0.000 0.000 0.000 0.000 0.000 0.000 0.000 0.000 0.000 0.000 0.000 
0.000 0.000 0.000 0.000 0.000 0.000 0.000 0.000 0.000 0.000 0.209 0.611 0.978 0.856 0.411 0.108 0.000 0.000 0.000 0.000 0.000 0.000 0.000 0.000 0.000 0.000 0.000 0.000 0.000 0.000 0.000 0.000 0.000 0.000 0.108 0.411 0.856 0.978 0.611 0.209 0.000 0.000 0.000 0.000 0.000 0.000 0.000 0.000 0.000 0.000 
0.000 0.000 0.000 0.000 0.000 0.000 0.000 0.000 0.000 0.000 0.000 0.000 0.000 0.128 0.457 0.894 0.957 0.561 0.180 0.000 0.000 0.000 0.000 0.000 0.000 0.000 0.000 0.000 0.000 0.000 0.000 0.000 0.000 0.000 0.000 0.000 0.000 0.000 0.281 0.717 1.000 0.764 0.320 0.000 0.000 0.000 0.000 0.000 0.000 0.000 
0.000 0.000 0.000 0.000 0.000 0.000 0.000 0.000 0.000 0.000 0.000 0.000 0.000 0.000 0.000 0.000 0.000 0.320 0.764 1.000 0.717 0.281 0.000 0.000 0.000 0.000 0.000 0.000 0.000 0.000 0.000 0.000 0.000 0.000 0.000 0.000 0.000 0.000 0.000 0.000 0.000 0.180 0.561 0.957 0.894 0.457 0.128 0.000 0.000 0.000 
0.000 0.000 0.000 0.000 0.000 0.000 0.000 0.000 0.000 0.000 0.000 0.000 0.000 0.000 0.000 0.000 0.000 0.000 0.000 0.000 0.209 0.611 0.978 0.856 0.411 0.108 0.000 0.000 0.000 0.000 0.000 0.000 0.000 0.000 0.000 0.000 0.000 0.000 0.000 0.000 0.000 0.000 0.000 0.000 0.108 0.411 0.856 0.978 0.611 0.209 
0.000 0.000 0.000 0.000 0.000 0.000 0.000 0.000 0.000 0.000 0.000 0.000 0.000 0.000 0.000 0.000 0.000 0.000 0.000 0.000 0.000 0.000 0.000 0.128 0.457 0.894 0.957 0.561 0.180 0.000 0.000 0.000 0.000 0.000 0.000 0.000 0.000 0.000 0.000 0.000 0.000 0.000 0.000 0.000 0.000 0.000 0.000 0.000 0.281 0.717 
0.000 0.000 0.000 0.000 0.000 0.000 0.000 0.000 0.000 0.000 0.000 0.000 0.000 0.000 0.000 0.000 0.000 0.000 0.000 0.000 0.000 0.000 0.000 0.000 0.000 0.000 0.000 0.320 0.764 1.000 0.717 0.281 0.000 0.000 0.000 0.000 0.000 0.000 0.000 0.000 0.000 0.000 0.000 0.000 0.000 0.000 0.000 0.000 0.000 0.000 
0.000 0.000 0.000 0.000 0.000 0.000 0.000 0.000 0.000 0.000 0.000 0.000 0.000 0.000 0.000 0.000 0.000 0.000 0.000 0.000 0.000 0.000 0.000 0.000 0.000 0.000 0.000 0.000 0.000 0.000 0.209 0.611 0.978 0.856 0.411 0.108 0.000 0.000 0.000 0.000 0.000 0.000 0.000 0.000 0.000 0.000 0.000 0.000 0.000 0.000 
0.000 0.000 0.000 0.000 0.000 0.000 0.000 0.000 0.000 0.000 0.000 0.000 0.000 0.000 0.000 0.000 0.000 0.000 0.000 0.000 0.000 0.000 0.000 0.000 0.000 0.000 0.000 0.000 0.000 0.000 0.000 0.000 0.000 0.128 0.457 0.894 0.957 0.561 0.180 0.000 0.000 0.000 0.000 0.000 0.000 0.000 0.000 0.000 0.000 0.000 
# 1 0 50 12
0.000 0.000 -0.166 -0.396 -0.707 -0.954 -0.976 -0.757 -0.444 -0.195 0.000 0.000 
0.000 0.000 -0.128 -0.330 -0.631 -0.911 -0.996 -0.825 -0.518 -0.244 0.000 0.000 
0.000 0.000 0.000 -0.271 -0.555 -0.856 -1.000 -0.885 -0.594 -0.301 -0.112 0.000 
0.000 0.000 0.000 -0.218 -0.480 -0.791 -0.988 -0.935 -0.671 -0.364 -0.147 0.000 
0.000 0.000 0.000 -0.173 -0.408 -0.720 -0.960 -0.971 -0.745 -0.432 -0.188 0.000 
0.000 0.000 0.000 -0.134 -0.341 -0.644 -0.919 -0.993 -0.815 -0.506 -0.236 0.000 
0.000 0.000 0.000 -0.102 -0.280 -0.568 -0.866 -1.000 -0.876 -0.582 -0.291 -0.107 
0.000 0.000 0.000 0.000 -0.226 -0.492 -0.802 -0.991 -0.928 -0.658 -0.353 -0.140 
0.000 0.000 0.000 0.000 -0.180 -0.419 -0.732 -0.966 -0.966 -0.733 -0.420 -0.180 
0.000 0.000 0.000 0.000 -0.140 -0.352 -0.657 -0.927 -0.991 -0.803 -0.493 -0.227 
-0.112 0.000 0.000 0.000 -0.107 -0.290 -0.580 -0.875 -1.000 -0.867 -0.569 -0.281 
-0.146 0.000 0.000 0.000 0.000 -0.235 -0.504 -0.813 -0.993 -0.920 -0.645 -0.342 
-0.187 0.000 0.000 0.000 0.000 -0.187 -0.431 -0.744 -0.971 -0.961 -0.721 -0.409 
-0.235 0.000 0.000 0.000 0.000 -0.146 -0.363 -0.670 -0.934 -0.988 -0.792 -0.481 
-0.290 -0.107 0.000 0.000 0.000 -0.112 -0.300 -0.593 -0.885 -1.000 -0.857 -0.556 
-0.352 -0.140 0.000 0.000 0.000 0.000 -0.244 -0.517 -0.824 -0.995 -0.912 -0.633 
-0.419 -0.180 0.000 0.000 0.000 0.000 -0.194 -0.443 -0.756 -0.976 -0.955 -0.708 
-0.492 -0.226 0.000 0.000 0.000 0.000 -0.152 -0.374 -0.682 -0.941 -0.984 -0.781 
-0.568 -0.280 -0.102 0.000 0.000 0.000 -0.117 -0.310 -0.606 -0.894 -0.999 -0.846 
-0.644 -0.341 -0.134 0.000 0.000 0.000 0.000 -0.252 -0.529 -0.835 -0.997 -0.903 
-0.720 -0.408 -0.173 0.000 0.000 0.000 0.000 -0.202 -0.455 -0.768 -0.980 -0.949 
-0.791 -0.480 -0.218 0.000 0.000 0.000 0.000 -0.159 -0.385 -0.695 -0.948 -0.980 
-0.856 -0.555 -0.271 0.000 0.000 0.000 0.000 -0.122 -0.320 -0.619 -0.902 -0.997 
-0.911 -0.631 -0.330 -0.128 0.000 0.000 0.000 0.000 -0.262 -0.542 -0.845 -0.999 
-0.954 -0.707 -0.396 -0.166 0.000 0.000 0.000 0.000 -0.210 -0.467 -0.780 -0.984 
-0.984 -0.780 -0.467 -0.210 0.000 0.000 0.000 0.000 -0.166 -0.396 -0.707 -0.954 
-0.999 -0.845 -0.542 -0.262 0.000 0.000 0.000 0.000 -0.128 -0.330 -0.631 -0.911 
-0.997 -0.902 -0.619 -0.320 -0.122 0.000 0.000 0.000 0.000 -0.271 -0.555 -0.856 
-0.980 -0.948 -0.695 -0.385 -0.159 0.000 0.000 0.000 0.000 -0.218 -0.480 -0.791 
-0.949 -0.980 -0.768 -0.455 -0.202 0.000 0.000 0.000 0.000 -0.173 -0.408 -0.720 
-0.903 -0.997 -0.835 -0.529 -0.252 0.000 0.000 0.000 0.000 -0.134 -0.341 -0.644 
-0.846 -0.999 -0.894 -0.606 -0.310 -0.117 0.000 0.000 0.000 -0.102 -0.280 -0.568 
-0.781 -0.984 -0.941 -0.682 -0.374 -0.152 0.000 0.000 0.000 0.000 -0.226 -0.492 
-0.708 -0.955 -0.976 -0.756 -0.443 -0.194 0.000 0.000 0.000 0.000 -0.180 -0.419 
-0.633 -0.912 -0.995 -0.824 -0.517 -0.244 0.000 0.000 0.000 0.000 -0.140 -0.352 
-0.556 -0.857 -1.000 -0.885 -0.593 -0.300 -0.112 0.000 0.000 0.000 -0.107 -0.290 
-0.481 -0.792 -0.988 -0.934 -0.670 -0.363 -0.146 0.000 0.000 0.000 0.000 -0.235 
-0.409 -0.721 -0.961 -0.971 -0.744 -0.431 -0.187 0.000 0.000 0.000 0.000 -0.187 
-0.342 -0.645 -0.920 -0.993 -0.813 -0.504 -0.235 0.000 0.000 0.000 0.000 -0.146 
-0.281 -0.569 -0.867 -1.000 -0.875 -0.580 -0.290 -0.107 0.000 0.000 0.000 -0.112 
-0.227 -0.493 -0.803 -0.991 -0.927 -0.657 -0.352 -0.140 0.000 0.000 0.000 0.000 
-0.180 -0.420 -0.733 -0.966 -0.966 -0.732 -0.419 -0.180 0.000 0.000 0.000 0.000 
-0.140 -0.353 -0.658 -0.928 -0.991 -0.802 -0.492 -0.226 0.000 0.000 0.000 0.000 
-0.107 -0.291 -0.582 -0.876 -1.000 -0.866 -0.568 -0.280 -0.102 0.000 0.000 0.000 
0.000 -0.236 -0.506 -0.815 -0.993 -0.919 -0.644 -0.341 -0.134 0.000 0.000 0.000 
0.000 -0.188 -0.432 -0.745 -0.971 -0.960 -0.720 -0.408 -0.173 0.000 0.000 0.000 
0.000 -0.147 -0.364 -0.671 -0.935 -0.988 -0.791 -0.480 -0.218 0.000 0.000 0.000 
0.000 -0.112 -0.301 -0.594 -0.885 -1.000 -0.856 -0.555 -0.271 0.000 0.000 0.000 
0.000 0.000 -0.244 -0.518 -0.825 -0.996 -0.911 -0.631 -0.330 -0.128 0.000 0.000 
0.000 0.000 -0.195 -0.444 -0.757 -0.976 -0.954 -0.707 -0.396 -0.166 0.000 0.000 
