69.380695
3
# 0 1 14 50
0.000 0.000 0.000 0.000 0.000 0.000 0.000 0.000 0.000 0.192 0.367 0.597 0.828 0.978 0.983 0.841 0.613 0.381 0.201 0.000 0.000 0.000 0.000 0.000 0.000 0.000 0.000 0.000 0.000 0.000 0.000 0.000 0.000 0.000 0.000 0.000 0.000 0.000 0.000 0.000 0.000 0.000 0.000 0.000 0.000 0.000 0.000 0.000 0.000 0.000 
0.000 0.000 0.000 0.000 0.000 0.000 0.000 0.000 0.000 0.000 0.000 0.000 0.123 0.258 0.461 0.701 0.907 0.999 0.938 0.749 0.510 0.296 0.146 0.000 0.000 0.000 0.000 0.000 0.000 0.000 0.000 0.000 0.000 0.000 0.000 0.000 0.000 0.000 0.000 0.000 0.000 0.000 0.000 0.000 0.000 0.000 0.000 0.000 0.000 0.000 
0.310 0.155 0.000 0.000 0.000 0.000 0.000 0.000 0.000 0.000 0.000 0.000 0.000 0.000 0.000 0.000 0.173 0.338 0.563 0.798 0.964 0.992 0.869 0.648 0.412 0.223 0.103 0.000 0.000 0.000 0.000 0.000 0.000 0.000 0.000 0.000 0.000 0.000 0.000 0.000 0.000 0.000 0.000 0.000 0.000 0.000 0.000 0.000 0.000 0.000 
0.995 0.883 0.667 0.429 0.235 0.109 0.000 0.000 0.000 0.000 0.000 0.000 0.000 0.000 0.000 0.000 0.000 0.000 0.000 0.109 0.235 0.429 0.667 0.883 0.995 0.956 0.781 0.544 0.323 0.163 0.000 0.000 0.000 0.000 0.000 0.000 0.000 0.000 0.000 0.000 0.000 0.000 0.000 0.000 0.000 0.000 0.000 0.000 0.000 0.000 
0.412 0.648 0.869 0.992 0.964 0.798 0.563 0.338 0.173 0.000 0.000 0.000 0.000 0.000 0.000 0.000 0.000 0.000 0.000 0.000 0.000 0.000 0.000 0.155 0.310 0.528 0.767 0.948 0.997 0.894 0.683 0.444 0.246 0.116 0.000 0.000 0.000 0.000 0.000 0.000 0.000 0.000 0.000 0.000 0.000 0.000 0.000 0.000 0.000 0.000 
0.000 0.000 0.146 0.296 0.510 0.749 0.938 0.999 0.907 0.701 0.461 0.258 0.123 0.000 0.000 0.000 0.000 0.000 0.000 0.000 0.000 0.000 0.000 0.000 0.000 0.000 0.000 0.213 0.397 0.632 0.856 0.988 0.971 0.812 0.579 0.351 0.181 0.000 0.000 0.000 0.000 0.000 0.000 0.000 0.000 0.000 0.000 0.000 0.000 0.000 
0.000 0.000 0.000 0.000 0.000 0.000 0.201 0.381 0.613 0.841 0.983 0.978 0.828 0.597 0.367 0.192 0.000 0.000 0.000 0.000 0.000 0.000 0.000 0.000 0.000 0.000 0.000 0.000 0.000 0.000 0.138 0.283 0.494 0.734 0.928 1.000 0.917 0.716 0.476 0.270 0.130 0.000 0.000 0.000 0.000 0.000 0.000 0.000 0.000 0.000 
0.000 0.000 0.000 0.000 0.000 0.000 0.000 0.000 0.000 0.130 0.270 0.476 0.716 0.917 1.000 0.928 0.734 0.494 0.283 0.138 0.000 0.000 0.000 0.000 0.000 0.000 0.000 0.000 0.000 0.000 0.000 0.000 0.000 0.000 0.192 0.367 0.597 0.828 0.978 0.983 0.841 0.613 0.381 0.201 0.000 0.000 0.000 0.000 0.000 0.000 
0.000 0.000 0.000 0.000 0.000 0.000 0.000 0.000 0.000 0.000 0.000 0.000 0.000 0.181 0.351 0.579 0.812 0.971 0.988 0.856 0.632 0.397 0.213 0.000 0.000 0.000 0.000 0.000 0.000 0.000 0.000 0.000 0.000 0.000 0.000 0.000 0.000 0.123 0.258 0.461 0.701 0.907 0.999 0.938 0.749 0.510 0.296 0.146 0.000 0.000 
0.000 0.000 0.000 0.000 0.000 0.000 0.000 0.000 0.000 0.000 0.000 0.000 0.000 0.000 0.000 0.000 0.116 0.246 0.444 0.683 0.894 0.997 0.948 0.767 0.528 0.310 0.155 0.000 0.000 0.000 0.000 0.000 0.000 0.000 0.000 0.000 0.000 0.000 0.000 0.000 0.000 0.173 0.338 0.563 0.798 0.964 0.992 0.869 0.648 0.412 
0.000 0.000 0.000 0.000 0.000 0.000 0.000 0.000 0.000 0.000 0.000 0.000 0.000 0.000 0.000 0.000 0.000 0.000 0.000 0.000 0.163 0.323 0.544 0.781 0.956 0.995 0.883 0.667 0.429 0.235 0.109 0.000 0.000 0.000 0.000 0.000 0.000 0.000 0.000 0.000 0.000 0.000 0.000 0.000 0.109 0.235 0.429 0.667 0.883 0.995 
0.000 0.000 0.000 0.000 0.000 0.000 0.000 0.000 0.000 0.000 0.000 0.000 0.000 0.000 0.000 0.000 0.000 0.000 0.000 0.000 0.000 0.000 0.000 0.103 0.223 0.412 0.648 0.869 0.992 0.964 0.798 0.563 0.338 0.173 0.000 0.000 0.000 0.000 0.000 0.000 0.000 0.000 0.000 0.000 0.000 0.000 0.000 0.000 0.155 0.310 
0.000 0.000 0.000 0.000 0.000 0.000 0.000 0.000 0.000 0.000 0.000 0.000 0.000 0.000 0.000 0.000 0.000 0.000 0.000 0.000 0.000 0.000 0.000 0.000 0.000 0.000 0.000 0.146 0.296 0.510 0.749 0.938 0.999 0.907 0.701 0.461 0.258 0.123 0.000 0.000 0.000 0.000 0.000 0.000 0.000 0.000 0.000 0.000 0.000 0.000 
0.000 0.000 0.000 0.000 0.000 0.000 0.000 0.000 0.000 0.000 0.000 0.000 0.000 0.000 0.000 0.000 0.000 0.000 0.000 0.000 0.000 0.000 0.000 0.000 0.000 0.000 0.000 0.000 0.000 0.000 0.000 0.201 0.381 0.613 0.841 0.983 0.978 0.828 0.597 0.367 0.192 0.000 0.000 0.000 0.000 0.000 0.000 0.000 0.000 0.000 
# 0 2 15 50
0.000 0.000 0.000 0.000 0.000 0.000 0.000 0.000 0.000 0.209 0.392 0.626 0.852 0.987 0.973 0.818 0.585 0.356 0.185 0.000 0.000 0.000 0.000 0.000 0.000 0.000 0.000 0.000 0.000 0.000 0.000 0.000 0.000 0.000 0.000 0.000 0.000 0.000 0.000 0.000 0.000 0.000 0.000 0.000 0.000 0.000 0.000 0.000 0.000 0.000 
0.000 0.000 0.000 0.000 0.000 0.000 0.000 0.000 0.000 0.000 0.000 0.000 0.164 0.324 0.546 0.783 0.957 0.995 0.882 0.666 0.428 0.234 0.109 0.000 0.000 0.000 0.000 0.000 0.000 0.000 0.000 0.000 0.000 0.000 0.000 0.000 0.000 0.000 0.000 0.000 0.000 0.000 0.000 0.000 0.000 0.000 0.000 0.000 0.000 0.000 
0.209 0.000 0.000 0.000 0.000 0.000 0.000 0.000 0.000 0.000 0.000 0.000 0.000 0.000 0.000 0.126 0.263 0.467 0.707 0.911 1.000 0.935 0.744 0.505 0.291 0.143 0.000 0.000 0.000 0.000 0.000 0.000 0.000 0.000 0.000 0.000 0.000 0.000 0.000 0.000 0.000 0.000 0.000 0.000 0.000 0.000 0.000 0.000 0.000 0.000 
0.911 0.707 0.467 0.263 0.126 0.000 0.000 0.000 0.000 0.000 0.000 0.000 0.000 0.000 0.000 0.000 0.000 0.000 0.000 0.209 0.392 0.626 0.852 0.987 0.973 0.818 0.585 0.356 0.185 0.000 0.000 0.000 0.000 0.000 0.000 0.000 0.000 0.000 0.000 0.000 0.000 0.000 0.000 0.000 0.000 0.000 0.000 0.000 0.000 0.000 
0.666 0.882 0.995 0.957 0.783 0.546 0.324 0.164 0.000 0.000 0.000 0.000 0.000 0.000 0.000 0.000 0.000 0.000 0.000 0.000 0.000 0.000 0.164 0.324 0.546 0.783 0.957 0.995 0.882 0.666 0.428 0.234 0.109 0.000 0.000 0.000 0.000 0.000 0.000 0.000 0.000 0.000 0.000 0.000 0.000 0.000 0.000 0.000 0.000 0.000 
0.000 0.185 0.356 0.585 0.818 0.973 0.987 0.852 0.626 0.392 0.209 0.000 0.000 0.000 0.000 0.000 0.000 0.000 0.000 0.000 0.000 0.000 0.000 0.000 0.000 0.126 0.263 0.467 0.707 0.911 1.000 0.935 0.744 0.505 0.291 0.143 0.000 0.000 0.000 0.000 0.000 0.000 0.000 0.000 0.000 0.000 0.000 0.000 0.000 0.000 
0.000 0.000 0.000 0.000 0.143 0.291 0.505 0.744 0.935 1.000 0.911 0.707 0.467 0.263 0.126 0.000 0.000 0.000 0.000 0.000 0.000 0.000 0.000 0.000 0.000 0.000 0.000 0.000 0.000 0.209 0.392 0.626 0.852 0.987 0.973 0.818 0.585 0.356 0.185 0.000 0.000 0.000 0.000 0.000 0.000 0.000 0.000 0.000 0.000 0.000 
0.000 0.000 0.000 0.000 0.000 0.000 0.000 0.109 0.234 0.428 0.666 0.882 0.995 0.957 0.783 0.546 0.324 0.164 0.000 0.000 0.000 0.000 0.000 0.000 0.000 0.000 0.000 0.000 0.000 0.000 0.000 0.000 0.164 0.324 0.546 0.783 0.957 0.995 0.882 0.666 0.428 0.234 0.109 0.000 0.000 0.000 0.000 0.000 0.000 0.000 
0.000 0.000 0.000 0.000 0.000 0.000 0.000 0.000 0.000 0.000 0.000 0.185 0.356 0.585 0.818 0.973 0.987 0.852 0.626 0.392 0.209 0.000 0.000 0.000 0.000 0.000 0.000 0.000 0.000 0.000 0.000 0.000 0.000 0.000 0.000 0.126 0.263 0.467 0.707 0.911 1.000 0.935 0.744 0.505 0.291 0.143 0.000 0.000 0.000 0.000 
0.000 0.000 0.000 0.000 0.000 0.000 0.000 0.000 0.000 0.000 0.000 0.000 0.000 0.000 0.143 0.291 0.505 0.744 0.935 1.000 0.911 0.707 0.467 0.263 0.126 0.000 0.000 0.000 0.000 0.000 0.000 0.000 0.000 0.000 0.000 0.000 0.000 0.000 0.000 0.209 0.392 0.626 0.852 0.987 0.973 0.818 0.585 0.356 0.185 0.000 
0.000 0.000 0.000 0.000 0.000 0.000 0.000 0.000 0.000 0.000 0.000 0.000 0.000 0.000 0.000 0.000 0.000 0.109 0.234 0.428 0.666 0.882 0.995 0.957 0.783 0.546 0.324 0.164 0.000 0.000 0.000 0.000 0.000 0.000 0.000 0.000 0.000 0.000 0.000 0.000 0.000 0.000 0.164 0.324 0.546 0.783 0.957 0.995 0.882 0.666 
0.000 0.000 0.000 0.000 0.000 0.000 0.000 0.000 0.000 0.000 0.000 0.000 0.000 0.000 0.000 0.000 0.000 0.000 0.000 0.000 0.000 0.185 0.356 0.585 0.818 0.973 0.987 0.852 0.626 0.392 0.209 0.000 0.000 0.000 0.000 0.000 0.000 0.000 0.000 0.000 0.000 0.000 0.000 0.000 0.000 0.126 0.263 0.467 0.707 0.911 
0.000 0.000 0.000 0.000 0.000 0.000 0.000 0.000 0.000 0.000 0.000 0.000 0.000 0.000 0.000 0.000 0.000 0.000 0.000 0.000 0.000 0.000 0.000 0.000 0.143 0.291 0.505 0.744 0.935 1.000 0.911 0.707 0.467 0.263 0.126 0.000 0.000 0.000 0.000 0.000 0.000 0.000 0.000 0.000 0.000 0.000 0.000 0.000 0.000 0.209 
0.000 0.000 0.000 0.000 0.000 0.000 0.000 0.000 0.000 0.000 0.000 0.000 0.000 0.000 0.000 0.000 0.000 0.000 0.000 0.000 0.000 0.000 0.000 0.000 0.000 0.000 0.000 0.109 0.234 0.428 0.666 0.882 0.995 0.957 0.783 0.546 0.324 0.164 0.000 0.000 0.000 0.000 0.000 0.000 0.000 0.000 0.000 0.000 0.000 0.000 
0.000 0.000 0.000 0.000 0.000 0.000 0.000 0.000 0.000 0.000 0.000 0.000 0.000 0.000 0.000 0.000 0.000 0.000 0.000 0.000 0.000 0.000 0.000 0.000 0.000 0.000 0.000 0.000 0.000 0.000 0.000 0.185 0.356 0.585 0.818 0.973 0.987 0.852 0.626 0.392 0.209 0.000 0.000 0.000 0.000 0.000 0.000 0.000 0.000 0.000 
# 1 0 50 14
0.000 0.000 0.000 -0.173 -0.492 -0.879 -0.985 -0.691 -0.304 0.000 0.000 0.000 0.000 0.000 
0.000 0.000 0.000 -0.118 -0.385 -0.783 -1.000 -0.800 -0.401 -0.126 0.000 0.000 0.000 0.000 
0.000 0.000 0.000 0.000 -0.290 -0.673 -0.979 -0.893 -0.510 -0.183 0.000 0.000 0.000 0.000 
0.000 0.000 0.000 0.000 -0.211 -0.557 -0.924 -0.960 -0.625 -0.255 0.000 0.000 0.000 0.000 
0.000 0.000 0.000 0.000 -0.147 -0.445 -0.841 -0.996 -0.739 -0.344 -0.100 0.000 0.000 0.000 
0.000 0.000 0.000 0.000 0.000 -0.342 -0.737 -0.995 -0.842 -0.447 -0.148 0.000 0.000 0.000 
0.000 0.000 0.000 0.000 0.000 -0.254 -0.623 -0.959 -0.925 -0.559 -0.212 0.000 0.000 0.000 
0.000 0.000 0.000 0.000 0.000 -0.182 -0.508 -0.891 -0.980 -0.675 -0.291 0.000 0.000 0.000 
0.000 0.000 0.000 0.000 0.000 -0.125 -0.399 -0.798 -1.000 -0.785 -0.386 -0.119 0.000 0.000 
0.000 0.000 0.000 0.000 0.000 0.000 -0.303 -0.689 -0.984 -0.881 -0.494 -0.174 0.000 0.000 
0.000 0.000 0.000 0.000 0.000 0.000 -0.221 -0.574 -0.934 -0.952 -0.609 -0.244 0.000 0.000 
0.000 0.000 0.000 0.000 0.000 0.000 -0.156 -0.460 -0.854 -0.993 -0.723 -0.330 0.000 0.000 
-0.106 0.000 0.000 0.000 0.000 0.000 -0.106 -0.356 -0.753 -0.998 -0.828 -0.431 -0.141 0.000 
-0.156 0.000 0.000 0.000 0.000 0.000 0.000 -0.266 -0.640 -0.966 -0.915 -0.543 -0.202 0.000 
-0.221 0.000 0.000 0.000 0.000 0.000 0.000 -0.191 -0.524 -0.903 -0.974 -0.658 -0.279 0.000 
-0.303 0.000 0.000 0.000 0.000 0.000 0.000 -0.132 -0.414 -0.813 -0.999 -0.770 -0.372 -0.113 
-0.399 -0.125 0.000 0.000 0.000 0.000 0.000 0.000 -0.315 -0.705 -0.989 -0.868 -0.478 -0.165 
-0.508 -0.182 0.000 0.000 0.000 0.000 0.000 0.000 -0.232 -0.590 -0.943 -0.944 -0.592 -0.233 
-0.623 -0.254 0.000 0.000 0.000 0.000 0.000 0.000 -0.164 -0.476 -0.867 -0.989 -0.707 -0.317 
-0.737 -0.342 0.000 0.000 0.000 0.000 0.000 0.000 -0.112 -0.370 -0.768 -0.999 -0.814 -0.416 
-0.841 -0.445 -0.147 0.000 0.000 0.000 0.000 0.000 0.000 -0.278 -0.656 -0.973 -0.904 -0.526 
-0.924 -0.557 -0.211 0.000 0.000 0.000 0.000 0.000 0.000 -0.201 -0.541 -0.914 -0.967 -0.642 
-0.979 -0.673 -0.290 0.000 0.000 0.000 0.000 0.000 0.000 -0.140 -0.429 -0.827 -0.998 -0.755 
-1.000 -0.783 -0.385 -0.118 0.000 0.000 0.000 0.000 0.000 0.000 -0.329 -0.721 -0.992 -0.855 
-0.985 -0.879 -0.492 -0.173 0.000 0.000 0.000 0.000 0.000 0.000 -0.243 -0.607 -0.951 -0.935 
-0.935 -0.951 -0.607 -0.243 0.000 0.000 0.000 0.000 0.000 0.000 -0.173 -0.492 -0.879 -0.985 
-0.855 -0.992 -0.721 -0.329 0.000 0.000 0.000 0.000 0.000 0.000 -0.118 -0.385 -0.783 -1.000 
-0.755 -0.998 -0.827 -0.429 -0.140 0.000 0.000 0.000 0.000 0.000 0.000 -0.290 -0.673 -0.979 
-0.642 -0.967 -0.914 -0.541 -0.201 0.000 0.000 0.000 0.000 0.000 0.000 -0.211 -0.557 -0.924 
-0.526 -0.904 -0.973 -0.656 -0.278 0.000 0.000 0.000 0.000 0.000 0.000 -0.147 -0.445 -0.841 
-0.416 -0.814 -0.999 -0.768 -0.370 -0.112 0.000 0.000 0.000 0.000 0.000 0.000 -0.342 -0.737 
-0.317 -0.707 -0.989 -0.867 -0.476 -0.164 0.000 0.000 0.000 0.000 0.000 0.000 -0.254 -0.623 
-0.233 -0.592 -0.944 -0.943 -0.590 -0.232 0.000 0.000 0.000 0.000 0.000 0.000 -0.182 -0.508 
-0.165 -0.478 -0.868 -0.989 -0.705 -0.315 0.000 0.000 0.000 0.000 0.000 0.000 -0.125 -0.399 
-0.113 -0.372 -0.770 -0.999 -0.813 -0.414 -0.132 0.000 0.000 0.000 0.000 0.000 0.000 -0.303 
0.000 -0.279 -0.658 -0.974 -0.903 -0.524 -0.191 0.000 0.000 0.000 0.000 0.000 0.000 -0.221 
0.000 -0.202 -0.543 -0.915 -0.966 -0.640 -0.266 0.000 0.000 0.000 0.000 0.000 0.000 -0.156 
0.000 -0.141 -0.431 -0.828 -0.998 -0.753 -0.356 -0.106 0.000 0.000 0.000 0.000 0.000 -0.106 
0.000 0.000 -0.330 -0.723 -0.993 -0.854 -0.460 -0.156 0.000 0.000 0.000 0.000 0.000 0.000 
0.000 0.000 -0.244 -0.609 -0.952 -0.934 -0.574 -0.221 0.000 0.000 0.000 0.000 0.000 0.000 
0.000 0.000 -0.174 -0.494 -0.881 -0.984 -0.689 -0.303 0.000 0.000 0.000 0.000 0.000 0.000 
0.000 0.000 -0.119 -0.386 -0.785 -1.000 -0.798 -0.399 -0.125 0.000 0.000 0.000 0.000 0.000 
0.000 0.000 0.000 -0.291 -0.675 -0.980 -0.891 -0.508 -0.182 0.000 0.000 0.000 0.000 0.000 
0.000 0.000 0.000 -0.212 -0.559 -0.925 -0.959 -0.623 -0.254 0.000 0.000 0.000 0.000 0.000 
0.000 0.000 0.000 -0.148 -0.447 -0.842 -0.995 -0.737 -0.342 0.000 0.000 0.000 0.000 0.000 
0.000 0.000 0.000 -0.100 -0.344 -0.739 -0.996 -0.841 -0.445 -0.147 0.000 0.000 0.000 0.000 
0.000 0.000 0.000 0.000 -0.255 -0.625 -0.960 -0.924 -0.557 -0.211 0.000 0.000 0.000 0.000 
0.000 0.000 0.000 0.000 -0.183 -0.510 -0.893 -0.979 -0.673 -0.290 0.000 0.000 0.000 0.000 
0.000 0.000 0.000 0.000 -0.126 -0.401 -0.800 -1.000 -0.783 -0.385 -0.118 0.000 0.000 0.000 
0.000 0.000 0.000 0.000 0.000 -0.304 -0.691 -0.985 -0.879 -0.492 -0.173 0.000 0.000 0.000 
