69.398272
3
# 0 1 13 50
0.000 0.000 0.000 0.000 0.000 0.000 0.000 0.000 0.000 0.206 0.459 0.774 0.983 0.942 0.680 0.370 0.152 0.000 0.000 0.000 0.000 0.000 0.000 0.000 0.000 0.000 0.000 0.000 0.000 0.000 0.000 0.000 0.000 0.000 0.000 0.000 0.000 0.000 0.000 0.000 0.000 0.000 0.000 0.000 0.000 0.000 0.000 0.000 0.000 0.000 
0.000 0.000 0.000 0.000 0.000 0.000 0.000 0.000 0.000 0.000 0.000 0.000 0.000 0.237 0.507 0.818 0.995 0.912 0.631 0.329 0.129 0.000 0.000 0.000 0.000 0.000 0.000 0.000 0.000 0.000 0.000 0.000 0.000 0.000 0.000 0.000 0.000 0.000 0.000 0.000 0.000 0.000 0.000 0.000 0.000 0.000 0.000 0.000 0.000 0.000 
0.630 0.328 0.129 0.000 0.000 0.000 0.000 0.000 0.000 0.000 0.000 0.000 0.000 0.000 0.000 0.000 0.000 0.271 0.556 0.859 1.000 0.878 0.581 0.290 0.109 0.000 0.000 0.000 0.000 0.000 0.000 0.000 0.000 0.000 0.000 0.000 0.000 0.000 0.000 0.000 0.000 0.000 0.000 0.000 0.000 0.000 0.000 0.000 0.000 0.000 
0.557 0.859 1.000 0.877 0.581 0.290 0.109 0.000 0.000 0.000 0.000 0.000 0.000 0.000 0.000 0.000 0.000 0.000 0.000 0.000 0.119 0.309 0.605 0.895 0.998 0.839 0.532 0.254 0.000 0.000 0.000 0.000 0.000 0.000 0.000 0.000 0.000 0.000 0.000 0.000 0.000 0.000 0.000 0.000 0.000 0.000 0.000 0.000 0.000 0.000 
0.000 0.000 0.119 0.309 0.606 0.896 0.998 0.839 0.531 0.254 0.000 0.000 0.000 0.000 0.000 0.000 0.000 0.000 0.000 0.000 0.000 0.000 0.000 0.000 0.140 0.349 0.655 0.927 0.990 0.797 0.484 0.221 0.000 0.000 0.000 0.000 0.000 0.000 0.000 0.000 0.000 0.000 0.000 0.000 0.000 0.000 0.000 0.000 0.000 0.000 
0.000 0.000 0.000 0.000 0.000 0.000 0.140 0.349 0.656 0.928 0.990 0.796 0.483 0.221 0.000 0.000 0.000 0.000 0.000 0.000 0.000 0.000 0.000 0.000 0.000 0.000 0.000 0.000 0.164 0.391 0.704 0.954 0.975 0.752 0.437 0.192 0.000 0.000 0.000 0.000 0.000 0.000 0.000 0.000 0.000 0.000 0.000 0.000 0.000 0.000 
0.000 0.000 0.000 0.000 0.000 0.000 0.000 0.000 0.000 0.000 0.165 0.392 0.705 0.955 0.975 0.751 0.436 0.191 0.000 0.000 0.000 0.000 0.000 0.000 0.000 0.000 0.000 0.000 0.000 0.000 0.000 0.000 0.191 0.436 0.751 0.975 0.955 0.705 0.392 0.165 0.000 0.000 0.000 0.000 0.000 0.000 0.000 0.000 0.000 0.000 
0.000 0.000 0.000 0.000 0.000 0.000 0.000 0.000 0.000 0.000 0.000 0.000 0.000 0.000 0.192 0.437 0.752 0.975 0.954 0.704 0.391 0.164 0.000 0.000 0.000 0.000 0.000 0.000 0.000 0.000 0.000 0.000 0.000 0.000 0.000 0.000 0.221 0.483 0.796 0.990 0.928 0.656 0.349 0.140 0.000 0.000 0.000 0.000 0.000 0.000 
0.000 0.000 0.000 0.000 0.000 0.000 0.000 0.000 0.000 0.000 0.000 0.000 0.000 0.000 0.000 0.000 0.000 0.000 0.221 0.484 0.797 0.990 0.927 0.655 0.349 0.140 0.000 0.000 0.000 0.000 0.000 0.000 0.000 0.000 0.000 0.000 0.000 0.000 0.000 0.000 0.254 0.531 0.839 0.998 0.896 0.606 0.309 0.119 0.000 0.000 
0.000 0.000 0.000 0.000 0.000 0.000 0.000 0.000 0.000 0.000 0.000 0.000 0.000 0.000 0.000 0.000 0.000 0.000 0.000 0.000 0.000 0.000 0.254 0.532 0.839 0.998 0.895 0.605 0.309 0.119 0.000 0.000 0.000 0.000 0.000 0.000 0.000 0.000 0.000 0.000 0.000 0.000 0.000 0.109 0.290 0.581 0.877 1.000 0.859 0.557 
0.000 0.000 0.000 0.000 0.000 0.000 0.000 0.000 0.000 0.000 0.000 0.000 0.000 0.000 0.000 0.000 0.000 0.000 0.000 0.000 0.000 0.000 0.000 0.000 0.000 0.109 0.290 0.581 0.878 1.000 0.859 0.556 0.271 0.000 0.000 0.000 0.000 0.000 0.000 0.000 0.000 0.000 0.000 0.000 0.000 0.000 0.000 0.129 0.328 0.630 
0.000 0.000 0.000 0.000 0.000 0.000 0.000 0.000 0.000 0.000 0.000 0.000 0.000 0.000 0.000 0.000 0.000 0.000 0.000 0.000 0.000 0.000 0.000 0.000 0.000 0.000 0.000 0.000 0.000 0.129 0.329 0.631 0.912 0.995 0.818 0.507 0.237 0.000 0.000 0.000 0.000 0.000 0.000 0.000 0.000 0.000 0.000 0.000 0.000 0.000 
0.000 0.000 0.000 0.000 0.000 0.000 0.000 0.000 0.000 0.000 0.000 0.000 0.000 0.000 0.000 0.000 0.000 0.000 0.000 0.000 0.000 0.000 0.000 0.000 0.000 0.000 0.000 0.000 0.000 0.000 0.000 0.000 0.000 0.152 0.370 0.680 0.942 0.983 0.774 0.459 0.206 0.000 0.000 0.000 0.000 0.000 0.000 0.000 0.000 0.000 
# 0 2 15 50
0.000 0.000 0.000 0.000 0.000 0.000 0.000 0.000 0.000 0.260 0.540 0.846 1.000 0.891 0.599 0.303 0.116 0.000 0.000 0.000 0.000 0.000 0.000 0.000 0.000 0.000 0.000 0.000 0.000 0.000 0.000 0.000 0.000 0.000 0.000 0.000 0.000 0.000 0.000 0.000 0.000 0.000 0.000 0.000 0.000 0.000 0.000 0.000 0.000 0.000 
0.000 0.000 0.000 0.000 0.000 0.000 0.000 0.000 0.000 0.000 0.000 0.000 0.191 0.437 0.752 0.976 0.955 0.705 0.392 0.165 0.000 0.000 0.000 0.000 0.000 0.000 0.000 0.000 0.000 0.000 0.000 0.000 0.000 0.000 0.000 0.000 0.000 0.000 0.000 0.000 0.000 0.000 0.000 0.000 0.000 0.000 0.000 0.000 0.000 0.000 
0.260 0.000 0.000 0.000 0.000 0.000 0.000 0.000 0.000 0.000 0.000 0.000 0.000 0.000 0.000 0.136 0.342 0.647 0.923 0.993 0.805 0.492 0.227 0.000 0.000 0.000 0.000 0.000 0.000 0.000 0.000 0.000 0.000 0.000 0.000 0.000 0.000 0.000 0.000 0.000 0.000 0.000 0.000 0.000 0.000 0.000 0.000 0.000 0.000 0.000 
0.993 0.923 0.647 0.342 0.136 0.000 0.000 0.000 0.000 0.000 0.000 0.000 0.000 0.000 0.000 0.000 0.000 0.000 0.000 0.260 0.540 0.846 1.000 0.891 0.599 0.303 0.116 0.000 0.000 0.000 0.000 0.000 0.000 0.000 0.000 0.000 0.000 0.000 0.000 0.000 0.000 0.000 0.000 0.000 0.000 0.000 0.000 0.000 0.000 0.000 
0.165 0.392 0.705 0.955 0.976 0.752 0.437 0.191 0.000 0.000 0.000 0.000 0.000 0.000 0.000 0.000 0.000 0.000 0.000 0.000 0.000 0.000 0.191 0.437 0.752 0.976 0.955 0.705 0.392 0.165 0.000 0.000 0.000 0.000 0.000 0.000 0.000 0.000 0.000 0.000 0.000 0.000 0.000 0.000 0.000 0.000 0.000 0.000 0.000 0.000 
0.000 0.000 0.000 0.116 0.303 0.599 0.891 1.000 0.846 0.540 0.260 0.000 0.000 0.000 0.000 0.000 0.000 0.000 0.000 0.000 0.000 0.000 0.000 0.000 0.000 0.136 0.342 0.647 0.923 0.993 0.805 0.492 0.227 0.000 0.000 0.000 0.000 0.000 0.000 0.000 0.000 0.000 0.000 0.000 0.000 0.000 0.000 0.000 0.000 0.000 
0.000 0.000 0.000 0.000 0.000 0.000 0.000 0.227 0.492 0.805 0.993 0.923 0.647 0.342 0.136 0.000 0.000 0.000 0.000 0.000 0.000 0.000 0.000 0.000 0.000 0.000 0.000 0.000 0.000 0.260 0.540 0.846 1.000 0.891 0.599 0.303 0.116 0.000 0.000 0.000 0.000 0.000 0.000 0.000 0.000 0.000 0.000 0.000 0.000 0.000 
0.000 0.000 0.000 0.000 0.000 0.000 0.000 0.000 0.000 0.000 0.165 0.392 0.705 0.955 0.976 0.752 0.437 0.191 0.000 0.000 0.000 0.000 0.000 0.000 0.000 0.000 0.000 0.000 0.000 0.000 0.000 0.000 0.191 0.437 0.752 0.976 0.955 0.705 0.392 0.165 0.000 0.000 0.000 0.000 0.000 0.000 0.000 0.000 0.000 0.000 
0.000 0.000 0.000 0.000 0.000 0.000 0.000 0.000 0.000 0.000 0.000 0.000 0.000 0.116 0.303 0.599 0.891 1.000 0.846 0.540 0.260 0.000 0.000 0.000 0.000 0.000 0.000 0.000 0.000 0.000 0.000 0.000 0.000 0.000 0.000 0.136 0.342 0.647 0.923 0.993 0.805 0.492 0.227 0.000 0.000 0.000 0.000 0.000 0.000 0.000 
0.000 0.000 0.000 0.000 0.000 0.000 0.000 0.000 0.000 0.000 0.000 0.000 0.000 0.000 0.000 0.000 0.000 0.227 0.492 0.805 0.993 0.923 0.647 0.342 0.136 0.000 0.000 0.000 0.000 0.000 0.000 0.000 0.000 0.000 0.000 0.000 0.000 0.000 0.000 0.260 0.540 0.846 1.000 0.891 0.599 0.303 0.116 0.000 0.000 0.000 
0.000 0.000 0.000 0.000 0.000 0.000 0.000 0.000 0.000 0.000 0.000 0.000 0.000 0.000 0.000 0.000 0.000 0.000 0.000 0.000 0.165 0.392 0.705 0.955 0.976 0.752 0.437 0.191 0.000 0.000 0.000 0.000 0.000 0.000 0.000 0.000 0.000 0.000 0.000 0.000 0.000 0.000 0.191 0.437 0.752 0.976 0.955 0.705 0.392 0.165 
0.000 0.000 0.000 0.000 0.000 0.000 0.000 0.000 0.000 0.000 0.000 0.000 0.000 0.000 0.000 0.000 0.000 0.000 0.000 0.000 0.000 0.000 0.000 0.116 0.303 0.599 0.891 1.000 0.846 0.540 0.260 0.000 0.000 0.000 0.000 0.000 0.000 0.000 0.000 0.000 0.000 0.000 0.000 0.000 0.000 0.136 0.342 0.647 0.923 0.993 
0.000 0.000 0.000 0.000 0.000 0.000 0.000 0.000 0.000 0.000 0.000 0.000 0.000 0.000 0.000 0.000 0.000 0.000 0.000 0.000 0.000 0.000 0.000 0.000 0.000 0.000 0.000 0.227 0.492 0.805 0.993 0.923 0.647 0.342 0.136 0.000 0.000 0.000 0.000 0.000 0.000 0.000 0.000 0.000 0.000 0.000 0.000 0.000 0.000 0.260 
0.000 0.000 0.000 0.000 0.000 0.000 0.000 0.000 0.000 0.000 0.000 0.000 0.000 0.000 0.000 0.000 0.000 0.000 0.000 0.000 0.000 0.000 0.000 0.000 0.000 0.000 0.000 0.000 0.000 0.000 0.165 0.392 0.705 0.955 0.976 0.752 0.437 0.191 0.000 0.000 0.000 0.000 0.000 0.000 0.000 0.000 0.000 0.000 0.000 0.000 
0.000 0.000 0.000 0.000 0.000 0.000 0.000 0.000 0.000 0.000 0.000 0.000 0.000 0.000 0.000 0.000 0.000 0.000 0.000 0.000 0.000 0.000 0.000 0.000 0.000 0.000 0.000 0.000 0.000 0.000 0.000 0.000 0.000 0.116 0.303 0.599 0.891 1.000 0.846 0.540 0.260 0.000 0.000 0.000 0.000 0.000 0.000 0.000 0.000 0.000 
# 1 0 50 13
0.000 0.000 -0.131 -0.315 -0.587 -0.861 -0.998 -0.915 -0.663 -0.379 -0.169 0.000 0.000 
0.000 0.000 0.000 -0.257 -0.511 -0.797 -0.982 -0.957 -0.738 -0.448 -0.213 0.000 0.000 
0.000 0.000 0.000 -0.206 -0.437 -0.726 -0.952 -0.986 -0.807 -0.522 -0.265 -0.104 0.000 
0.000 0.000 0.000 -0.162 -0.368 -0.651 -0.907 -0.999 -0.870 -0.598 -0.324 -0.136 0.000 
0.000 0.000 0.000 -0.126 -0.305 -0.575 -0.852 -0.997 -0.922 -0.675 -0.389 -0.175 0.000 
0.000 0.000 0.000 0.000 -0.249 -0.499 -0.787 -0.979 -0.963 -0.749 -0.459 -0.221 0.000 
0.000 0.000 0.000 0.000 -0.199 -0.426 -0.715 -0.946 -0.989 -0.818 -0.534 -0.274 -0.108 
0.000 0.000 0.000 0.000 -0.156 -0.358 -0.640 -0.900 -1.000 -0.879 -0.610 -0.334 -0.142 
0.000 0.000 0.000 0.000 -0.120 -0.296 -0.563 -0.842 -0.995 -0.929 -0.686 -0.400 -0.182 
0.000 0.000 0.000 0.000 0.000 -0.240 -0.488 -0.776 -0.974 -0.968 -0.760 -0.471 -0.229 
-0.113 0.000 0.000 0.000 0.000 -0.192 -0.416 -0.704 -0.939 -0.991 -0.828 -0.545 -0.283 
-0.147 0.000 0.000 0.000 0.000 -0.150 -0.348 -0.628 -0.891 -1.000 -0.887 -0.622 -0.343 
-0.188 0.000 0.000 0.000 0.000 -0.116 -0.287 -0.551 -0.832 -0.993 -0.936 -0.698 -0.410 
-0.237 0.000 0.000 0.000 0.000 0.000 -0.233 -0.476 -0.765 -0.970 -0.972 -0.771 -0.482 
-0.292 -0.118 0.000 0.000 0.000 0.000 -0.185 -0.405 -0.692 -0.933 -0.994 -0.837 -0.557 
-0.353 -0.153 0.000 0.000 0.000 0.000 -0.145 -0.338 -0.616 -0.883 -1.000 -0.895 -0.634 
-0.421 -0.195 0.000 0.000 0.000 0.000 -0.111 -0.278 -0.540 -0.823 -0.990 -0.943 -0.709 
-0.493 -0.245 0.000 0.000 0.000 0.000 0.000 -0.225 -0.465 -0.754 -0.965 -0.977 -0.781 
-0.569 -0.301 -0.123 0.000 0.000 0.000 0.000 -0.178 -0.394 -0.681 -0.926 -0.996 -0.847 
-0.645 -0.363 -0.159 0.000 0.000 0.000 0.000 -0.139 -0.329 -0.604 -0.874 -0.999 -0.903 
-0.721 -0.432 -0.203 0.000 0.000 0.000 0.000 -0.106 -0.270 -0.528 -0.812 -0.987 -0.949 
-0.792 -0.505 -0.253 0.000 0.000 0.000 0.000 0.000 -0.217 -0.454 -0.743 -0.960 -0.980 
-0.856 -0.581 -0.310 -0.128 0.000 0.000 0.000 0.000 -0.172 -0.384 -0.669 -0.919 -0.997 
-0.911 -0.657 -0.374 -0.166 0.000 0.000 0.000 0.000 -0.133 -0.319 -0.592 -0.865 -0.999 
-0.955 -0.732 -0.443 -0.210 0.000 0.000 0.000 0.000 -0.102 -0.261 -0.516 -0.802 -0.984 
-0.984 -0.802 -0.516 -0.261 -0.102 0.000 0.000 0.000 0.000 -0.210 -0.443 -0.732 -0.955 
-0.999 -0.865 -0.592 -0.319 -0.133 0.000 0.000 0.000 0.000 -0.166 -0.374 -0.657 -0.911 
-0.997 -0.919 -0.669 -0.384 -0.172 0.000 0.000 0.000 0.000 -0.128 -0.310 -0.581 -0.856 
-0.980 -0.960 -0.743 -0.454 -0.217 0.000 0.000 0.000 0.000 0.000 -0.253 -0.505 -0.792 
-0.949 -0.987 -0.812 -0.528 -0.270 -0.106 0.000 0.000 0.000 0.000 -0.203 -0.432 -0.721 
-0.903 -0.999 -0.874 -0.604 -0.329 -0.139 0.000 0.000 0.000 0.000 -0.159 -0.363 -0.645 
-0.847 -0.996 -0.926 -0.681 -0.394 -0.178 0.000 0.000 0.000 0.000 -0.123 -0.301 -0.569 
-0.781 -0.977 -0.965 -0.754 -0.465 -0.225 0.000 0.000 0.000 0.000 0.000 -0.245 -0.493 
-0.709 -0.943 -0.990 -0.823 -0.540 -0.278 -0.111 0.000 0.000 0.000 0.000 -0.195 -0.421 
-0.634 -0.895 -1.000 -0.883 -0.616 -0.338 -0.145 0.000 0.000 0.000 0.000 -0.153 -0.353 
-0.557 -0.837 -0.994 -0.933 -0.692 -0.405 -0.185 0.000 0.000 0.000 0.000 -0.118 -0.292 
-0.482 -0.771 -0.972 -0.970 -0.765 -0.476 -0.233 0.000 0.000 0.000 0.000 0.000 -0.237 
-0.410 -0.698 -0.936 -0.993 -0.832 -0.551 -0.287 -0.116 0.000 0.000 0.000 0.000 -0.188 
-0.343 -0.622 -0.887 -1.000 -0.891 -0.628 -0.348 -0.150 0.000 0.000 0.000 0.000 -0.147 
-0.283 -0.545 -0.828 -0.991 -0.939 -0.704 -0.416 -0.192 0.000 0.000 0.000 0.000 -0.113 
-0.229 -0.471 -0.760 -0.968 -0.974 -0.776 -0.488 -0.240 0.000 0.000 0.000 0.000 0.000 
-0.182 -0.400 -0.686 -0.929 -0.995 -0.842 -0.563 -0.296 -0.120 0.000 0.000 0.000 0.000 
-0.142 -0.334 -0.610 -0.879 -1.000 -0.900 -0.640 -0.358 -0.156 0.000 0.000 0.000 0.000 
-0.108 -0.274 -0.534 -0.818 -0.989 -0.946 -0.715 -0.426 -0.199 0.000 0.000 0.000 0.000 
0.000 -0.221 -0.459 -0.749 -0.963 -0.979 -0.787 -0.499 -0.249 0.000 0.000 0.000 0.000 
0.000 -0.175 -0.389 -0.675 -0.922 -0.997 -0.852 -0.575 -0.305 -0.126 0.000 0.000 0.000 
0.000 -0.136 -0.324 -0.598 -0.870 -0.999 -0.907 -0.651 -0.368 -0.162 0.000 0.000 0.000 
0.000 -0.104 -0.265 -0.522 -0.807 -0.986 -0.952 -0.726 -0.437 -0.206 0.000 0.000 0.000 
0.000 0.000 -0.213 -0.448 -0.738 -0.957 -0.982 -0.797 -0.511 -0.257 0.000 0.000 0.000 
0.000 0.000 -0.169 -0.379 -0.663 -0.915 -0.998 -0.861 -0.587 -0.315 -0.131 0.000 0.000 
