68.847111
3
# 0 1 10 50
0.000 0.000 0.000 0.000 0.000 0.000 0.000 0.000 0.000 0.000 0.143 0.590 1.000 0.694 0.198 0.000 0.000 0.000 0.000 0.000 0.000 0.000 0.000 0.000 0.000 0.000 0.000 0.000 0.000 0.000 0.000 0.000 0.000 0.000 0.000 0.000 0.000 0.000 0.000 0.000 0.000 0.000 0.000 0.000 0.000 0.000 0.000 0.000 0.000 0.000 
0.000 0.000 0.000 0.000 0.000 0.000 0.000 0.000 0.000 0.000 0.000 0.000 0.000 0.000 0.000 0.143 0.590 1.000 0.694 0.198 0.000 0.000 0.000 0.000 0.000 0.000 0.000 0.000 0.000 0.000 0.000 0.000 0.000 0.000 0.000 0.000 0.000 0.000 0.000 0.000 0.000 0.000 0.000 0.000 0.000 0.000 0.000 0.000 0.000 0.000 
0.198 0.694 1.000 0.590 0.143 0.000 0.000 0.000 0.000 0.000 0.000 0.000 0.000 0.000 0.000 0.000 0.000 0.000 0.000 0.000 0.143 0.590 1.000 0.694 0.198 0.000 0.000 0.000 0.000 0.000 0.000 0.000 0.000 0.000 0.000 0.000 0.000 0.000 0.000 0.000 0.000 0.000 0.000 0.000 0.000 0.000 0.000 0.000 0.000 0.000 
0.000 0.000 0.000 0.000 0.000 0.198 0.694 1.000 0.590 0.143 0.000 0.000 0.000 0.000 0.000 0.000 0.000 0.000 0.000 0.000 0.000 0.000 0.000 0.000 0.000 0.143 0.590 1.000 0.694 0.198 0.000 0.000 0.000 0.000 0.000 0.000 0.000 0.000 0.000 0.000 0.000 0.000 0.000 0.000 0.000 0.000 0.000 0.000 0.000 0.000 
0.000 0.000 0.000 0.000 0.000 0.000 0.000 0.000 0.000 0.000 0.198 0.694 1.000 0.590 0.143 0.000 0.000 0.000 0.000 0.000 0.000 0.000 0.000 0.000 0.000 0.000 0.000 0.000 0.000 0.000 0.143 0.590 1.000 0.694 0.198 0.000 0.000 0.000 0.000 0.000 0.000 0.000 0.000 0.000 0.000 0.000 0.000 0.000 0.000 0.000 
0.000 0.000 0.000 0.000 0.000 0.000 0.000 0.000 0.000 0.000 0.000 0.000 0.000 0.000 0.000 0.198 0.694 1.000 0.590 0.143 0.000 0.000 0.000 0.000 0.000 0.000 0.000 0.000 0.000 0.000 0.000 0.000 0.000 0.000 0.000 0.143 0.590 1.000 0.694 0.198 0.000 0.000 0.000 0.000 0.000 0.000 0.000 0.000 0.000 0.000 
0.000 0.000 0.000 0.000 0.000 0.000 0.000 0.000 0.000 0.000 0.000 0.000 0.000 0.000 0.000 0.000 0.000 0.000 0.000 0.000 0.198 0.694 1.000 0.590 0.143 0.000 0.000 0.000 0.000 0.000 0.000 0.000 0.000 0.000 0.000 0.000 0.000 0.000 0.000 0.000 0.143 0.590 1.000 0.694 0.198 0.000 0.000 0.000 0.000 0.000 
0.000 0.000 0.000 0.000 0.000 0.000 0.000 0.000 0.000 0.000 0.000 0.000 0.000 0.000 0.000 0.000 0.000 0.000 0.000 0.000 0.000 0.000 0.000 0.000 0.000 0.198 0.694 1.000 0.590 0.143 0.000 0.000 0.000 0.000 0.000 0.000 0.000 0.000 0.000 0.000 0.000 0.000 0.000 0.000 0.000 0.143 0.590 1.000 0.694 0.198 
0.000 0.000 0.000 0.000 0.000 0.000 0.000 0.000 0.000 0.000 0.000 0.000 0.000 0.000 0.000 0.000 0.000 0.000 0.000 0.000 0.000 0.000 0.000 0.000 0.000 0.000 0.000 0.000 0.000 0.000 0.198 0.694 1.000 0.590 0.143 0.000 0.000 0.000 0.000 0.000 0.000 0.000 0.000 0.000 0.000 0.000 0.000 0.000 0.000 0.000 
0.000 0.000 0.000 0.000 0.000 0.000 0.000 0.000 0.000 0.000 0.000 0.000 0.000 0.000 0.000 0.000 0.000 0.000 0.000 0.000 0.000 0.000 0.000 0.000 0.000 0.000 0.000 0.000 0.000 0.000 0.000 0.000 0.000 0.000 0.000 0.198 0.694 1.000 0.590 0.143 0.000 0.000 0.000 0.000 0.000 0.000 0.000 0.000 0.000 0.000 
# 0 2 15 50
0.000 0.000 0.000 0.000 0.000 0.000 0.000 0.000 0.000 0.103 0.495 0.973 0.784 0.259 0.000 0.000 0.000 0.000 0.000 0.000 0.000 0.000 0.000 0.000 0.000 0.000 0.000 0.000 0.000 0.000 0.000 0.000 0.000 0.000 0.000 0.000 0.000 0.000 0.000 0.000 0.000 0.000 0.000 0.000 0.000 0.000 0.000 0.000 0.000 0.000 
0.000 0.000 0.000 0.000 0.000 0.000 0.000 0.000 0.000 0.000 0.000 0.000 0.000 0.324 0.858 0.930 0.414 0.000 0.000 0.000 0.000 0.000 0.000 0.000 0.000 0.000 0.000 0.000 0.000 0.000 0.000 0.000 0.000 0.000 0.000 0.000 0.000 0.000 0.000 0.000 0.000 0.000 0.000 0.000 0.000 0.000 0.000 0.000 0.000 0.000 
0.103 0.000 0.000 0.000 0.000 0.000 0.000 0.000 0.000 0.000 0.000 0.000 0.000 0.000 0.000 0.000 0.192 0.685 1.000 0.598 0.147 0.000 0.000 0.000 0.000 0.000 0.000 0.000 0.000 0.000 0.000 0.000 0.000 0.000 0.000 0.000 0.000 0.000 0.000 0.000 0.000 0.000 0.000 0.000 0.000 0.000 0.000 0.000 0.000 0.000 
0.598 1.000 0.685 0.192 0.000 0.000 0.000 0.000 0.000 0.000 0.000 0.000 0.000 0.000 0.000 0.000 0.000 0.000 0.000 0.103 0.495 0.973 0.784 0.259 0.000 0.000 0.000 0.000 0.000 0.000 0.000 0.000 0.000 0.000 0.000 0.000 0.000 0.000 0.000 0.000 0.000 0.000 0.000 0.000 0.000 0.000 0.000 0.000 0.000 0.000 
0.000 0.000 0.000 0.414 0.930 0.858 0.324 0.000 0.000 0.000 0.000 0.000 0.000 0.000 0.000 0.000 0.000 0.000 0.000 0.000 0.000 0.000 0.000 0.324 0.858 0.930 0.414 0.000 0.000 0.000 0.000 0.000 0.000 0.000 0.000 0.000 0.000 0.000 0.000 0.000 0.000 0.000 0.000 0.000 0.000 0.000 0.000 0.000 0.000 0.000 
0.000 0.000 0.000 0.000 0.000 0.000 0.259 0.784 0.973 0.495 0.103 0.000 0.000 0.000 0.000 0.000 0.000 0.000 0.000 0.000 0.000 0.000 0.000 0.000 0.000 0.000 0.192 0.685 1.000 0.598 0.147 0.000 0.000 0.000 0.000 0.000 0.000 0.000 0.000 0.000 0.000 0.000 0.000 0.000 0.000 0.000 0.000 0.000 0.000 0.000 
0.000 0.000 0.000 0.000 0.000 0.000 0.000 0.000 0.000 0.147 0.598 1.000 0.685 0.192 0.000 0.000 0.000 0.000 0.000 0.000 0.000 0.000 0.000 0.000 0.000 0.000 0.000 0.000 0.000 0.103 0.495 0.973 0.784 0.259 0.000 0.000 0.000 0.000 0.000 0.000 0.000 0.000 0.000 0.000 0.000 0.000 0.000 0.000 0.000 0.000 
0.000 0.000 0.000 0.000 0.000 0.000 0.000 0.000 0.000 0.000 0.000 0.000 0.000 0.414 0.930 0.858 0.324 0.000 0.000 0.000 0.000 0.000 0.000 0.000 0.000 0.000 0.000 0.000 0.000 0.000 0.000 0.000 0.000 0.324 0.858 0.930 0.414 0.000 0.000 0.000 0.000 0.000 0.000 0.000 0.000 0.000 0.000 0.000 0.000 0.000 
0.000 0.000 0.000 0.000 0.000 0.000 0.000 0.000 0.000 0.000 0.000 0.000 0.000 0.000 0.000 0.000 0.259 0.784 0.973 0.495 0.103 0.000 0.000 0.000 0.000 0.000 0.000 0.000 0.000 0.000 0.000 0.000 0.000 0.000 0.000 0.000 0.192 0.685 1.000 0.598 0.147 0.000 0.000 0.000 0.000 0.000 0.000 0.000 0.000 0.000 
0.000 0.000 0.000 0.000 0.000 0.000 0.000 0.000 0.000 0.000 0.000 0.000 0.000 0.000 0.000 0.000 0.000 0.000 0.000 0.147 0.598 1.000 0.685 0.192 0.000 0.000 0.000 0.000 0.000 0.000 0.000 0.000 0.000 0.000 0.000 0.000 0.000 0.000 0.000 0.103 0.495 0.973 0.784 0.259 0.000 0.000 0.000 0.000 0.000 0.000 
0.000 0.000 0.000 0.000 0.000 0.000 0.000 0.000 0.000 0.000 0.000 0.000 0.000 0.000 0.000 0.000 0.000 0.000 0.000 0.000 0.000 0.000 0.000 0.414 0.930 0.858 0.324 0.000 0.000 0.000 0.000 0.000 0.000 0.000 0.000 0.000 0.000 0.000 0.000 0.000 0.000 0.000 0.000 0.324 0.858 0.930 0.414 0.000 0.000 0.000 
0.000 0.000 0.000 0.000 0.000 0.000 0.000 0.000 0.000 0.000 0.000 0.000 0.000 0.000 0.000 0.000 0.000 0.000 0.000 0.000 0.000 0.000 0.000 0.000 0.000 0.000 0.259 0.784 0.973 0.495 0.103 0.000 0.000 0.000 0.000 0.000 0.000 0.000 0.000 0.000 0.000 0.000 0.000 0.000 0.000 0.000 0.192 0.685 1.000 0.598 
0.000 0.000 0.000 0.000 0.000 0.000 0.000 0.000 0.000 0.000 0.000 0.000 0.000 0.000 0.000 0.000 0.000 0.000 0.000 0.000 0.000 0.000 0.000 0.000 0.000 0.000 0.000 0.000 0.000 0.147 0.598 1.000 0.685 0.192 0.000 0.000 0.000 0.000 0.000 0.000 0.000 0.000 0.000 0.000 0.000 0.000 0.000 0.000 0.000 0.103 
0.000 0.000 0.000 0.000 0.000 0.000 0.000 0.000 0.000 0.000 0.000 0.000 0.000 0.000 0.000 0.000 0.000 0.000 0.000 0.000 0.000 0.000 0.000 0.000 0.000 0.000 0.000 0.000 0.000 0.000 0.000 0.000 0.000 0.414 0.930 0.858 0.324 0.000 0.000 0.000 0.000 0.000 0.000 0.000 0.000 0.000 0.000 0.000 0.000 0.000 
0.000 0.000 0.000 0.000 0.000 0.000 0.000 0.000 0.000 0.000 0.000 0.000 0.000 0.000 0.000 0.000 0.000 0.000 0.000 0.000 0.000 0.000 0.000 0.000 0.000 0.000 0.000 0.000 0.000 0.000 0.000 0.000 0.000 0.000 0.000 0.000 0.259 0.784 0.973 0.495 0.103 0.000 0.000 0.000 0.000 0.000 0.000 0.000 0.000 0.000 
# 1 0 50 10
-0.969 -0.385 0.000 0.000 0.000 0.000 0.000 0.000 0.000 0.000 
-1.000 -0.513 0.000 0.000 0.000 0.000 0.000 0.000 0.000 0.000 
-0.981 -0.649 -0.120 0.000 0.000 0.000 0.000 0.000 0.000 0.000 
-1.000 -0.781 -0.186 0.000 0.000 0.000 0.000 0.000 0.000 0.000 
-0.969 -0.892 -0.274 0.000 0.000 0.000 0.000 0.000 0.000 0.000 
-0.892 -0.969 -0.385 0.000 0.000 0.000 0.000 0.000 0.000 0.000 
-0.781 -1.000 -0.513 0.000 0.000 0.000 0.000 0.000 0.000 0.000 
-0.649 -0.981 -0.649 -0.120 0.000 0.000 0.000 0.000 0.000 0.000 
-0.513 -1.000 -0.781 -0.186 0.000 0.000 0.000 0.000 0.000 0.000 
-0.385 -0.969 -0.892 -0.274 0.000 0.000 0.000 0.000 0.000 0.000 
-0.274 -0.892 -0.969 -0.385 0.000 0.000 0.000 0.000 0.000 0.000 
-0.186 -0.781 -1.000 -0.513 0.000 0.000 0.000 0.000 0.000 0.000 
-0.120 -0.649 -0.981 -0.649 -0.120 0.000 0.000 0.000 0.000 0.000 
0.000 -0.513 -1.000 -0.781 -0.186 0.000 0.000 0.000 0.000 0.000 
0.000 -0.385 -0.969 -0.892 -0.274 0.000 0.000 0.000 0.000 0.000 
0.000 -0.274 -0.892 -0.969 -0.385 0.000 0.000 0.000 0.000 0.000 
0.000 -0.186 -0.781 -1.000 -0.513 0.000 0.000 0.000 0.000 0.000 
0.000 -0.120 -0.649 -0.981 -0.649 -0.120 0.000 0.000 0.000 0.000 
0.000 0.000 -0.513 -1.000 -0.781 -0.186 0.000 0.000 0.000 0.000 
0.000 0.000 -0.385 -0.969 -0.892 -0.274 0.000 0.000 0.000 0.000 
0.000 0.000 -0.274 -0.892 -0.969 -0.385 0.000 0.000 0.000 0.000 
0.000 0.000 -0.186 -0.781 -1.000 -0.513 0.000 0.000 0.000 0.000 
0.000 0.000 -0.120 -0.649 -0.981 -0.649 -0.120 0.000 0.000 0.000 
0.000 0.000 0.000 -0.513 -1.000 -0.781 -0.186 0.000 0.000 0.000 
0.000 0.000 0.000 -0.385 -0.969 -0.892 -0.274 0.000 0.000 0.000 
0.000 0.000 0.000 -0.274 -0.892 -0.969 -0.385 0.000 0.000 0.000 
0.000 0.000 0.000 -0.186 -0.781 -1.000 -0.513 0.000 0.000 0.000 
0.000 0.000 0.000 -0.120 -0.649 -0.981 -0.649 -0.120 0.000 0.000 
0.000 0.000 0.000 0.000 -0.513 -1.000 -0.781 -0.186 0.000 0.000 
0.000 0.000 0.000 0.000 -0.385 -0.969 -0.892 -0.274 0.000 0.000 
0.000 0.000 0.000 0.000 -0.274 -0.892 -0.969 -0.385 0.000 0.000 
0.000 0.000 0.000 0.000 -0.186 -0.781 -1.000 -0.513 0.000 0.000 
0.000 0.000 0.000 0.000 -0.120 -0.649 -0.981 -0.649 -0.120 0.000 
0.000 0.000 0.000 0.000 0.000 -0.513 -1.000 -0.781 -0.186 0.000 
0.000 0.000 0.000 0.000 0.000 -0.385 -0.969 -0.892 -0.274 0.000 
0.000 0.000 0.000 0.000 0.000 -0.274 -0.892 -0.969 -0.385 0.000 
0.000 0.000 0.000 0.000 0.000 -0.186 -0.781 -1.000 -0.513 0.000 
0.000 0.000 0.000 0.000 0.000 -0.120 -0.649 -0.981 -0.649 -0.120 
0.000 0.000 0.000 0.000 0.000 0.000 -0.513 -1.000 -0.781 -0.186 
0.000 0.000 0.000 0.000 0.000 0.000 -0.385 -0.969 -0.892 -0.274 
0.000 0.000 0.000 0.000 0.000 0.000 -0.274 -0.892 -0.969 -0.385 
0.000 0.000 0.000 0.000 0.000 0.000 -0.186 -0.781 -1.000 -0.513 
0.000 0.000 0.000 0.000 0.000 0.000 -0.120 -0.649 -0.981 -0.649 
0.000 0.000 0.000 0.000 0.000 0.000 0.000 -0.513 -1.000 -0.781 
0.000 0.000 0.000 0.000 0.000 0.000 0.000 -0.385 -0.969 -0.892 
0.000 0.000 0.000 0.000 0.000 0.000 0.000 -0.274 -0.892 -0.969 
0.000 0.000 0.000 0.000 0.000 0.000 0.000 -0.186 -0.781 -1.000 
0.000 0.000 0.000 0.000 0.000 0.000 0.000 -0.120 -0.649 -0.981 
0.000 0.000 0.000 0.000 0.000 0.000 0.000 0.000 -0.513 -1.000 
0.000 0.000 0.000 0.000 0.000 0.000 0.000 0.000 -0.385 -0.969 
