68.974028
3
# 0 1 10 50
0.561 0.965 1.000 0.965 0.561 0.196 0.000 0.000 0.000 0.000 0.000 0.000 0.000 0.000 0.000 0.000 0.000 0.000 0.000 0.000 0.000 0.000 0.000 0.000 0.000 0.000 0.000 0.000 0.000 0.000 0.000 0.000 0.000 0.000 0.000 0.000 0.000 0.000 0.000 0.000 0.000 0.000 0.000 0.000 0.000 0.000 0.000 0.000 0.000 0.000 
0.000 0.000 0.000 0.000 0.196 0.561 0.965 1.000 0.965 0.561 0.196 0.000 0.000 0.000 0.000 0.000 0.000 0.000 0.000 0.000 0.000 0.000 0.000 0.000 0.000 0.000 0.000 0.000 0.000 0.000 0.000 0.000 0.000 0.000 0.000 0.000 0.000 0.000 0.000 0.000 0.000 0.000 0.000 0.000 0.000 0.000 0.000 0.000 0.000 0.000 
0.000 0.000 0.000 0.000 0.000 0.000 0.000 0.000 0.000 0.196 0.561 0.965 1.000 0.965 0.561 0.196 0.000 0.000 0.000 0.000 0.000 0.000 0.000 0.000 0.000 0.000 0.000 0.000 0.000 0.000 0.000 0.000 0.000 0.000 0.000 0.000 0.000 0.000 0.000 0.000 0.000 0.000 0.000 0.000 0.000 0.000 0.000 0.000 0.000 0.000 
0.000 0.000 0.000 0.000 0.000 0.000 0.000 0.000 0.000 0.000 0.000 0.000 0.000 0.000 0.196 0.561 0.965 1.000 0.965 0.561 0.196 0.000 0.000 0.000 0.000 0.000 0.000 0.000 0.000 0.000 0.000 0.000 0.000 0.000 0.000 0.000 0.000 0.000 0.000 0.000 0.000 0.000 0.000 0.000 0.000 0.000 0.000 0.000 0.000 0.000 
0.000 0.000 0.000 0.000 0.000 0.000 0.000 0.000 0.000 0.000 0.000 0.000 0.000 0.000 0.000 0.000 0.000 0.000 0.000 0.196 0.561 0.965 1.000 0.965 0.561 0.196 0.000 0.000 0.000 0.000 0.000 0.000 0.000 0.000 0.000 0.000 0.000 0.000 0.000 0.000 0.000 0.000 0.000 0.000 0.000 0.000 0.000 0.000 0.000 0.000 
0.000 0.000 0.000 0.000 0.000 0.000 0.000 0.000 0.000 0.000 0.000 0.000 0.000 0.000 0.000 0.000 0.000 0.000 0.000 0.000 0.000 0.000 0.000 0.000 0.196 0.561 0.965 1.000 0.965 0.561 0.196 0.000 0.000 0.000 0.000 0.000 0.000 0.000 0.000 0.000 0.000 0.000 0.000 0.000 0.000 0.000 0.000 0.000 0.000 0.000 
0.000 0.000 0.000 0.000 0.000 0.000 0.000 0.000 0.000 0.000 0.000 0.000 0.000 0.000 0.000 0.000 0.000 0.000 0.000 0.000 0.000 0.000 0.000 0.000 0.000 0.000 0.000 0.000 0.000 0.196 0.561 0.965 1.000 0.965 0.561 0.196 0.000 0.000 0.000 0.000 0.000 0.000 0.000 0.000 0.000 0.000 0.000 0.000 0.000 0.000 
0.000 0.000 0.000 0.000 0.000 0.000 0.000 0.000 0.000 0.000 0.000 0.000 0.000 0.000 0.000 0.000 0.000 0.000 0.000 0.000 0.000 0.000 0.000 0.000 0.000 0.000 0.000 0.000 0.000 0.000 0.000 0.000 0.000 0.000 0.196 0.561 0.965 1.000 0.965 0.561 0.196 0.000 0.000 0.000 0.000 0.000 0.000 0.000 0.000 0.000 
0.000 0.000 0.000 0.000 0.000 0.000 0.000 0.000 0.000 0.000 0.000 0.000 0.000 0.000 0.000 0.000 0.000 0.000 0.000 0.000 0.000 0.000 0.000 0.000 0.000 0.000 0.000 0.000 0.000 0.000 0.000 0.000 0.000 0.000 0.000 0.000 0.000 0.000 0.000 0.196 0.561 0.965 1.000 0.965 0.561 0.196 0.000 0.000 0.000 0.000 
0.000 0.000 0.000 0.000 0.000 0.000 0.000 0.000 0.000 0.000 0.000 0.000 0.000 0.000 0.000 0.000 0.000 0.000 0.000 0.000 0.000 0.000 0.000 0.000 0.000 0.000 0.000 0.000 0.000 0.000 0.000 0.000 0.000 0.000 0.000 0.000 0.000 0.000 0.000 0.000 0.000 0.000 0.000 0.000 0.196 0.561 0.965 1.000 0.965 0.561 
# 0 2 15 50
0.872 0.984 0.961 0.608 0.232 0.000 0.000 0.000 0.000 0.000 0.000 0.000 0.000 0.000 0.000 0.000 0.000 0.000 0.000 0.000 0.000 0.000 0.000 0.000 0.000 0.000 0.000 0.000 0.000 0.000 0.000 0.000 0.000 0.000 0.000 0.000 0.000 0.000 0.000 0.000 0.000 0.000 0.000 0.000 0.000 0.000 0.000 0.000 0.000 0.000 
0.000 0.000 0.338 0.749 1.000 1.000 0.749 0.338 0.000 0.000 0.000 0.000 0.000 0.000 0.000 0.000 0.000 0.000 0.000 0.000 0.000 0.000 0.000 0.000 0.000 0.000 0.000 0.000 0.000 0.000 0.000 0.000 0.000 0.000 0.000 0.000 0.000 0.000 0.000 0.000 0.000 0.000 0.000 0.000 0.000 0.000 0.000 0.000 0.000 0.000 
0.000 0.000 0.000 0.000 0.000 0.232 0.608 0.961 0.984 0.872 0.466 0.150 0.000 0.000 0.000 0.000 0.000 0.000 0.000 0.000 0.000 0.000 0.000 0.000 0.000 0.000 0.000 0.000 0.000 0.000 0.000 0.000 0.000 0.000 0.000 0.000 0.000 0.000 0.000 0.000 0.000 0.000 0.000 0.000 0.000 0.000 0.000 0.000 0.000 0.000 
0.000 0.000 0.000 0.000 0.000 0.000 0.000 0.000 0.150 0.466 0.872 0.984 0.961 0.608 0.232 0.000 0.000 0.000 0.000 0.000 0.000 0.000 0.000 0.000 0.000 0.000 0.000 0.000 0.000 0.000 0.000 0.000 0.000 0.000 0.000 0.000 0.000 0.000 0.000 0.000 0.000 0.000 0.000 0.000 0.000 0.000 0.000 0.000 0.000 0.000 
0.000 0.000 0.000 0.000 0.000 0.000 0.000 0.000 0.000 0.000 0.000 0.000 0.338 0.749 1.000 1.000 0.749 0.338 0.000 0.000 0.000 0.000 0.000 0.000 0.000 0.000 0.000 0.000 0.000 0.000 0.000 0.000 0.000 0.000 0.000 0.000 0.000 0.000 0.000 0.000 0.000 0.000 0.000 0.000 0.000 0.000 0.000 0.000 0.000 0.000 
0.000 0.000 0.000 0.000 0.000 0.000 0.000 0.000 0.000 0.000 0.000 0.000 0.000 0.000 0.000 0.232 0.608 0.961 0.984 0.872 0.466 0.150 0.000 0.000 0.000 0.000 0.000 0.000 0.000 0.000 0.000 0.000 0.000 0.000 0.000 0.000 0.000 0.000 0.000 0.000 0.000 0.000 0.000 0.000 0.000 0.000 0.000 0.000 0.000 0.000 
0.000 0.000 0.000 0.000 0.000 0.000 0.000 0.000 0.000 0.000 0.000 0.000 0.000 0.000 0.000 0.000 0.000 0.000 0.150 0.466 0.872 0.984 0.961 0.608 0.232 0.000 0.000 0.000 0.000 0.000 0.000 0.000 0.000 0.000 0.000 0.000 0.000 0.000 0.000 0.000 0.000 0.000 0.000 0.000 0.000 0.000 0.000 0.000 0.000 0.000 
0.000 0.000 0.000 0.000 0.000 0.000 0.000 0.000 0.000 0.000 0.000 0.000 0.000 0.000 0.000 0.000 0.000 0.000 0.000 0.000 0.000 0.000 0.338 0.749 1.000 1.000 0.749 0.338 0.000 0.000 0.000 0.000 0.000 0.000 0.000 0.000 0.000 0.000 0.000 0.000 0.000 0.000 0.000 0.000 0.000 0.000 0.000 0.000 0.000 0.000 
0.000 0.000 0.000 0.000 0.000 0.000 0.000 0.000 0.000 0.000 0.000 0.000 0.000 0.000 0.000 0.000 0.000 0.000 0.000 0.000 0.000 0.000 0.000 0.000 0.000 0.232 0.608 0.961 0.984 0.872 0.466 0.150 0.000 0.000 0.000 0.000 0.000 0.000 0.000 0.000 0.000 0.000 0.000 0.000 0.000 0.000 0.000 0.000 0.000 0.000 
0.000 0.000 0.000 0.000 0.000 0.000 0.000 0.000 0.000 0.000 0.000 0.000 0.000 0.000 0.000 0.000 0.000 0.000 0.000 0.000 0.000 0.000 0.000 0.000 0.000 0.000 0.000 0.000 0.150 0.466 0.872 0.984 0.961 0.608 0.232 0.000 0.000 0.000 0.000 0.000 0.000 0.000 0.000 0.000 0.000 0.000 0.000 0.000 0.000 0.000 
0.000 0.000 0.000 0.000 0.000 0.000 0.000 0.000 0.000 0.000 0.000 0.000 0.000 0.000 0.000 0.000 0.000 0.000 0.000 0.000 0.000 0.000 0.000 0.000 0.000 0.000 0.000 0.000 0.000 0.000 0.000 0.000 0.338 0.749 1.000 1.000 0.749 0.338 0.000 0.000 0.000 0.000 0.000 0.000 0.000 0.000 0.000 0.000 0.000 0.000 
0.000 0.000 0.000 0.000 0.000 0.000 0.000 0.000 0.000 0.000 0.000 0.000 0.000 0.000 0.000 0.000 0.000 0.000 0.000 0.000 0.000 0.000 0.000 0.000 0.000 0.000 0.000 0.000 0.000 0.000 0.000 0.000 0.000 0.000 0.000 0.232 0.608 0.961 0.984 0.872 0.466 0.150 0.000 0.000 0.000 0.000 0.000 0.000 0.000 0.000 
0.000 0.000 0.000 0.000 0.000 0.000 0.000 0.000 0.000 0.000 0.000 0.000 0.000 0.000 0.000 0.000 0.000 0.000 0.000 0.000 0.000 0.000 0.000 0.000 0.000 0.000 0.000 0.000 0.000 0.000 0.000 0.000 0.000 0.000 0.000 0.000 0.000 0.000 0.150 0.466 0.872 0.984 0.961 0.608 0.232 0.000 0.000 0.000 0.000 0.000 
0.000 0.000 0.000 0.000 0.000 0.000 0.000 0.000 0.000 0.000 0.000 0.000 0.000 0.000 0.000 0.000 0.000 0.000 0.000 0.000 0.000 0.000 0.000 0.000 0.000 0.000 0.000 0.000 0.000 0.000 0.000 0.000 0.000 0.000 0.000 0.000 0.000 0.000 0.000 0.000 0.000 0.000 0.338 0.749 1.000 1.000 0.749 0.338 0.000 0.000 
0.000 0.000 0.000 0.000 0.000 0.000 0.000 0.000 0.000 0.000 0.000 0.000 0.000 0.000 0.000 0.000 0.000 0.000 0.000 0.000 0.000 0.000 0.000 0.000 0.000 0.000 0.000 0.000 0.000 0.000 0.000 0.000 0.000 0.000 0.000 0.000 0.000 0.000 0.000 0.000 0.000 0.000 0.000 0.000 0.000 0.232 0.608 0.961 0.984 0.872 
# 1 0 50 10
-0.954 -0.334 0.000 0.000 0.000 0.000 0.000 0.000 0.000 0.000 
-1.000 -0.459 0.000 0.000 0.000 0.000 0.000 0.000 0.000 0.000 
-0.993 -0.598 0.000 0.000 0.000 0.000 0.000 0.000 0.000 0.000 
-1.000 -0.738 -0.150 0.000 0.000 0.000 0.000 0.000 0.000 0.000 
-0.954 -0.862 -0.230 0.000 0.000 0.000 0.000 0.000 0.000 0.000 
-0.862 -0.954 -0.334 0.000 0.000 0.000 0.000 0.000 0.000 0.000 
-0.738 -1.000 -0.459 0.000 0.000 0.000 0.000 0.000 0.000 0.000 
-0.598 -0.993 -0.598 0.000 0.000 0.000 0.000 0.000 0.000 0.000 
-0.459 -1.000 -0.738 -0.150 0.000 0.000 0.000 0.000 0.000 0.000 
-0.334 -0.954 -0.862 -0.230 0.000 0.000 0.000 0.000 0.000 0.000 
-0.230 -0.862 -0.954 -0.334 0.000 0.000 0.000 0.000 0.000 0.000 
-0.150 -0.738 -1.000 -0.459 0.000 0.000 0.000 0.000 0.000 0.000 
0.000 -0.598 -0.993 -0.598 0.000 0.000 0.000 0.000 0.000 0.000 
0.000 -0.459 -1.000 -0.738 -0.150 0.000 0.000 0.000 0.000 0.000 
0.000 -0.334 -0.954 -0.862 -0.230 0.000 0.000 0.000 0.000 0.000 
0.000 -0.230 -0.862 -0.954 -0.334 0.000 0.000 0.000 0.000 0.000 
0.000 -0.150 -0.738 -1.000 -0.459 0.000 0.000 0.000 0.000 0.000 
0.000 0.000 -0.598 -0.993 -0.598 0.000 0.000 0.000 0.000 0.000 
0.000 0.000 -0.459 -1.000 -0.738 -0.150 0.000 0.000 0.000 0.000 
0.000 0.000 -0.334 -0.954 -0.862 -0.230 0.000 0.000 0.000 0.000 
0.000 0.000 -0.230 -0.862 -0.954 -0.334 0.000 0.000 0.000 0.000 
0.000 0.000 -0.150 -0.738 -1.000 -0.459 0.000 0.000 0.000 0.000 
0.000 0.000 0.000 -0.598 -0.993 -0.598 0.000 0.000 0.000 0.000 
0.000 0.000 0.000 -0.459 -1.000 -0.738 -0.150 0.000 0.000 0.000 
0.000 0.000 0.000 -0.334 -0.954 -0.862 -0.230 0.000 0.000 0.000 
0.000 0.000 0.000 -0.230 -0.862 -0.954 -0.334 0.000 0.000 0.000 
0.000 0.000 0.000 -0.150 -0.738 -1.000 -0.459 0.000 0.000 0.000 
0.000 0.000 0.000 0.000 -0.598 -0.993 -0.598 0.000 0.000 0.000 
0.000 0.000 0.000 0.000 -0.459 -1.000 -0.738 -0.150 0.000 0.000 
0.000 0.000 0.000 0.000 -0.334 -0.954 -0.862 -0.230 0.000 0.000 
0.000 0.000 0.000 0.000 -0.230 -0.862 -0.954 -0.334 0.000 0.000 
0.000 0.000 0.000 0.000 -0.150 -0.738 -1.000 -0.459 0.000 0.000 
0.000 0.000 0.000 0.000 0.000 -0.598 -0.993 -0.598 0.000 0.000 
0.000 0.000 0.000 0.000 0.000 -0.459 -1.000 -0.738 -0.150 0.000 
0.000 0.000 0.000 0.000 0.000 -0.334 -0.954 -0.862 -0.230 0.000 
0.000 0.000 0.000 0.000 0.000 -0.230 -0.862 -0.954 -0.334 0.000 
0.000 0.000 0.000 0.000 0.000 -0.150 -0.738 -1.000 -0.459 0.000 
0.000 0.000 0.000 0.000 0.000 0.000 -0.598 -0.993 -0.598 0.000 
0.000 0.000 0.000 0.000 0.000 0.000 -0.459 -1.000 -0.738 -0.150 
0.000 0.000 0.000 0.000 0.000 0.000 -0.334 -0.954 -0.862 -0.230 
0.000 0.000 0.000 0.000 0.000 0.000 -0.230 -0.862 -0.954 -0.334 
0.000 0.000 0.000 0.000 0.000 0.000 -0.150 -0.738 -1.000 -0.459 
0.000 0.000 0.000 0.000 0.000 0.000 0.000 -0.598 -0.993 -0.598 
0.000 0.000 0.000 0.000 0.000 0.000 0.000 -0.459 -1.000 -0.738 
0.000 0.000 0.000 0.000 0.000 0.000 0.000 -0.334 -0.954 -0.862 
0.000 0.000 0.000 0.000 0.000 0.000 0.000 -0.230 -0.862 -0.954 
0.000 0.000 0.000 0.000 0.000 0.000 0.000 -0.150 -0.738 -1.000 
0.000 0.000 0.000 0.000 0.000 0.000 0.000 0.000 -0.598 -0.993 
0.000 0.000 0.000 0.000 0.000 0.000 0.000 0.000 -0.459 -1.000 
0.000 0.000 0.000 0.000 0.000 0.000 0.000 0.000 -0.334 -0.954 
