68.997133
3
# 0 1 11 50
0.515 0.000 0.000 0.157 0.879 0.664 0.000 0.000 0.000 0.000 0.000 0.000 0.000 0.000 0.000 0.000 0.000 0.000 0.000 0.000 0.000 0.000 0.000 0.000 0.000 0.000 0.000 0.000 0.000 0.000 0.000 0.000 0.000 0.000 0.000 0.000 0.000 0.000 0.000 0.000 0.000 0.000 0.000 0.000 0.000 0.000 0.000 0.000 0.000 0.000 
0.000 0.000 0.000 0.586 0.930 0.200 0.000 0.000 0.441 0.991 0.302 0.000 0.000 0.000 0.000 0.000 0.000 0.000 0.000 0.000 0.000 0.000 0.000 0.000 0.000 0.000 0.000 0.000 0.000 0.000 0.000 0.000 0.000 0.000 0.000 0.000 0.000 0.000 0.000 0.000 0.000 0.000 0.000 0.000 0.000 0.000 0.000 0.000 0.000 0.000 
0.000 0.000 0.000 0.000 0.000 0.000 0.000 0.196 0.926 0.592 0.000 0.000 0.122 0.816 0.740 0.000 0.000 0.000 0.000 0.000 0.000 0.000 0.000 0.000 0.000 0.000 0.000 0.000 0.000 0.000 0.000 0.000 0.000 0.000 0.000 0.000 0.000 0.000 0.000 0.000 0.000 0.000 0.000 0.000 0.000 0.000 0.000 0.000 0.000 0.000 
0.000 0.000 0.000 0.000 0.000 0.000 0.000 0.000 0.000 0.000 0.000 0.000 0.509 0.969 0.250 0.000 0.000 0.371 1.000 0.365 0.000 0.000 0.000 0.000 0.000 0.000 0.000 0.000 0.000 0.000 0.000 0.000 0.000 0.000 0.000 0.000 0.000 0.000 0.000 0.000 0.000 0.000 0.000 0.000 0.000 0.000 0.000 0.000 0.000 0.000 
0.000 0.000 0.000 0.000 0.000 0.000 0.000 0.000 0.000 0.000 0.000 0.000 0.000 0.000 0.000 0.000 0.154 0.874 0.670 0.000 0.000 0.000 0.746 0.811 0.119 0.000 0.000 0.000 0.000 0.000 0.000 0.000 0.000 0.000 0.000 0.000 0.000 0.000 0.000 0.000 0.000 0.000 0.000 0.000 0.000 0.000 0.000 0.000 0.000 0.000 
0.000 0.000 0.000 0.000 0.000 0.000 0.000 0.000 0.000 0.000 0.000 0.000 0.000 0.000 0.000 0.000 0.000 0.000 0.000 0.000 0.000 0.435 0.992 0.307 0.000 0.000 0.307 0.992 0.435 0.000 0.000 0.000 0.000 0.000 0.000 0.000 0.000 0.000 0.000 0.000 0.000 0.000 0.000 0.000 0.000 0.000 0.000 0.000 0.000 0.000 
0.000 0.000 0.000 0.000 0.000 0.000 0.000 0.000 0.000 0.000 0.000 0.000 0.000 0.000 0.000 0.000 0.000 0.000 0.000 0.000 0.000 0.000 0.000 0.000 0.000 0.119 0.811 0.746 0.000 0.000 0.000 0.670 0.874 0.154 0.000 0.000 0.000 0.000 0.000 0.000 0.000 0.000 0.000 0.000 0.000 0.000 0.000 0.000 0.000 0.000 
0.000 0.000 0.000 0.000 0.000 0.000 0.000 0.000 0.000 0.000 0.000 0.000 0.000 0.000 0.000 0.000 0.000 0.000 0.000 0.000 0.000 0.000 0.000 0.000 0.000 0.000 0.000 0.000 0.000 0.000 0.365 1.000 0.371 0.000 0.000 0.250 0.969 0.509 0.000 0.000 0.000 0.000 0.000 0.000 0.000 0.000 0.000 0.000 0.000 0.000 
0.000 0.000 0.000 0.000 0.000 0.000 0.000 0.000 0.000 0.000 0.000 0.000 0.000 0.000 0.000 0.000 0.000 0.000 0.000 0.000 0.000 0.000 0.000 0.000 0.000 0.000 0.000 0.000 0.000 0.000 0.000 0.000 0.000 0.000 0.000 0.740 0.816 0.122 0.000 0.000 0.592 0.926 0.196 0.000 0.000 0.000 0.000 0.000 0.000 0.000 
0.000 0.000 0.000 0.000 0.000 0.000 0.000 0.000 0.000 0.000 0.000 0.000 0.000 0.000 0.000 0.000 0.000 0.000 0.000 0.000 0.000 0.000 0.000 0.000 0.000 0.000 0.000 0.000 0.000 0.000 0.000 0.000 0.000 0.000 0.000 0.000 0.000 0.000 0.000 0.302 0.991 0.441 0.000 0.000 0.200 0.930 0.586 0.000 0.000 0.000 
0.000 0.000 0.000 0.000 0.000 0.000 0.000 0.000 0.000 0.000 0.000 0.000 0.000 0.000 0.000 0.000 0.000 0.000 0.000 0.000 0.000 0.000 0.000 0.000 0.000 0.000 0.000 0.000 0.000 0.000 0.000 0.000 0.000 0.000 0.000 0.000 0.000 0.000 0.000 0.000 0.000 0.000 0.000 0.000 0.664 0.879 0.157 0.000 0.000 0.515 
# 0 2 15 50
0.134 0.000 0.000 0.571 0.948 0.213 0.000 0.000 0.000 0.000 0.000 0.000 0.000 0.000 0.000 0.000 0.000 0.000 0.000 0.000 0.000 0.000 0.000 0.000 0.000 0.000 0.000 0.000 0.000 0.000 0.000 0.000 0.000 0.000 0.000 0.000 0.000 0.000 0.000 0.000 0.000 0.000 0.000 0.000 0.000 0.000 0.000 0.000 0.000 0.000 
0.000 0.438 1.000 0.309 0.000 0.000 0.309 1.000 0.438 0.000 0.000 0.000 0.000 0.000 0.000 0.000 0.000 0.000 0.000 0.000 0.000 0.000 0.000 0.000 0.000 0.000 0.000 0.000 0.000 0.000 0.000 0.000 0.000 0.000 0.000 0.000 0.000 0.000 0.000 0.000 0.000 0.000 0.000 0.000 0.000 0.000 0.000 0.000 0.000 0.000 
0.000 0.000 0.000 0.000 0.213 0.948 0.571 0.000 0.000 0.134 0.844 0.720 0.000 0.000 0.000 0.000 0.000 0.000 0.000 0.000 0.000 0.000 0.000 0.000 0.000 0.000 0.000 0.000 0.000 0.000 0.000 0.000 0.000 0.000 0.000 0.000 0.000 0.000 0.000 0.000 0.000 0.000 0.000 0.000 0.000 0.000 0.000 0.000 0.000 0.000 
0.000 0.000 0.000 0.000 0.000 0.000 0.000 0.000 0.720 0.844 0.134 0.000 0.000 0.571 0.948 0.213 0.000 0.000 0.000 0.000 0.000 0.000 0.000 0.000 0.000 0.000 0.000 0.000 0.000 0.000 0.000 0.000 0.000 0.000 0.000 0.000 0.000 0.000 0.000 0.000 0.000 0.000 0.000 0.000 0.000 0.000 0.000 0.000 0.000 0.000 
0.000 0.000 0.000 0.000 0.000 0.000 0.000 0.000 0.000 0.000 0.000 0.438 1.000 0.309 0.000 0.000 0.309 1.000 0.438 0.000 0.000 0.000 0.000 0.000 0.000 0.000 0.000 0.000 0.000 0.000 0.000 0.000 0.000 0.000 0.000 0.000 0.000 0.000 0.000 0.000 0.000 0.000 0.000 0.000 0.000 0.000 0.000 0.000 0.000 0.000 
0.000 0.000 0.000 0.000 0.000 0.000 0.000 0.000 0.000 0.000 0.000 0.000 0.000 0.000 0.213 0.948 0.571 0.000 0.000 0.134 0.844 0.720 0.000 0.000 0.000 0.000 0.000 0.000 0.000 0.000 0.000 0.000 0.000 0.000 0.000 0.000 0.000 0.000 0.000 0.000 0.000 0.000 0.000 0.000 0.000 0.000 0.000 0.000 0.000 0.000 
0.000 0.000 0.000 0.000 0.000 0.000 0.000 0.000 0.000 0.000 0.000 0.000 0.000 0.000 0.000 0.000 0.000 0.000 0.720 0.844 0.134 0.000 0.000 0.571 0.948 0.213 0.000 0.000 0.000 0.000 0.000 0.000 0.000 0.000 0.000 0.000 0.000 0.000 0.000 0.000 0.000 0.000 0.000 0.000 0.000 0.000 0.000 0.000 0.000 0.000 
0.000 0.000 0.000 0.000 0.000 0.000 0.000 0.000 0.000 0.000 0.000 0.000 0.000 0.000 0.000 0.000 0.000 0.000 0.000 0.000 0.000 0.438 1.000 0.309 0.000 0.000 0.309 1.000 0.438 0.000 0.000 0.000 0.000 0.000 0.000 0.000 0.000 0.000 0.000 0.000 0.000 0.000 0.000 0.000 0.000 0.000 0.000 0.000 0.000 0.000 
0.000 0.000 0.000 0.000 0.000 0.000 0.000 0.000 0.000 0.000 0.000 0.000 0.000 0.000 0.000 0.000 0.000 0.000 0.000 0.000 0.000 0.000 0.000 0.000 0.213 0.948 0.571 0.000 0.000 0.134 0.844 0.720 0.000 0.000 0.000 0.000 0.000 0.000 0.000 0.000 0.000 0.000 0.000 0.000 0.000 0.000 0.000 0.000 0.000 0.000 
0.000 0.000 0.000 0.000 0.000 0.000 0.000 0.000 0.000 0.000 0.000 0.000 0.000 0.000 0.000 0.000 0.000 0.000 0.000 0.000 0.000 0.000 0.000 0.000 0.000 0.000 0.000 0.000 0.720 0.844 0.134 0.000 0.000 0.571 0.948 0.213 0.000 0.000 0.000 0.000 0.000 0.000 0.000 0.000 0.000 0.000 0.000 0.000 0.000 0.000 
0.000 0.000 0.000 0.000 0.000 0.000 0.000 0.000 0.000 0.000 0.000 0.000 0.000 0.000 0.000 0.000 0.000 0.000 0.000 0.000 0.000 0.000 0.000 0.000 0.000 0.000 0.000 0.000 0.000 0.000 0.000 0.438 1.000 0.309 0.000 0.000 0.309 1.000 0.438 0.000 0.000 0.000 0.000 0.000 0.000 0.000 0.000 0.000 0.000 0.000 
0.000 0.000 0.000 0.000 0.000 0.000 0.000 0.000 0.000 0.000 0.000 0.000 0.000 0.000 0.000 0.000 0.000 0.000 0.000 0.000 0.000 0.000 0.000 0.000 0.000 0.000 0.000 0.000 0.000 0.000 0.000 0.000 0.000 0.000 0.213 0.948 0.571 0.000 0.000 0.134 0.844 0.720 0.000 0.000 0.000 0.000 0.000 0.000 0.000 0.000 
0.000 0.000 0.000 0.000 0.000 0.000 0.000 0.000 0.000 0.000 0.000 0.000 0.000 0.000 0.000 0.000 0.000 0.000 0.000 0.000 0.000 0.000 0.000 0.000 0.000 0.000 0.000 0.000 0.000 0.000 0.000 0.000 0.000 0.000 0.000 0.000 0.000 0.000 0.720 0.844 0.134 0.000 0.000 0.571 0.948 0.213 0.000 0.000 0.000 0.000 
0.000 0.000 0.000 0.000 0.000 0.000 0.000 0.000 0.000 0.000 0.000 0.000 0.000 0.000 0.000 0.000 0.000 0.000 0.000 0.000 0.000 0.000 0.000 0.000 0.000 0.000 0.000 0.000 0.000 0.000 0.000 0.000 0.000 0.000 0.000 0.000 0.000 0.000 0.000 0.000 0.000 0.438 1.000 0.309 0.000 0.000 0.309 1.000 0.438 0.000 
0.000 0.000 0.000 0.000 0.000 0.000 0.000 0.000 0.000 0.000 0.000 0.000 0.000 0.000 0.000 0.000 0.000 0.000 0.000 0.000 0.000 0.000 0.000 0.000 0.000 0.000 0.000 0.000 0.000 0.000 0.000 0.000 0.000 0.000 0.000 0.000 0.000 0.000 0.000 0.000 0.000 0.000 0.000 0.000 0.213 0.948 0.571 0.000 0.000 0.134 
# 1 0 50 11
0.000 0.000 0.000 -0.113 -0.772 -0.811 -0.131 0.000 0.000 0.000 0.000 
0.000 0.000 0.000 0.000 -0.594 -0.942 -0.230 0.000 0.000 0.000 0.000 
0.000 0.000 0.000 0.000 -0.417 -1.000 -0.368 0.000 0.000 0.000 0.000 
0.000 0.000 0.000 0.000 -0.268 -0.969 -0.538 0.000 0.000 0.000 0.000 
0.000 0.000 0.000 0.000 -0.157 -0.857 -0.719 0.000 0.000 0.000 0.000 
0.000 0.000 0.000 0.000 0.000 -0.693 -0.878 -0.171 0.000 0.000 0.000 
0.000 0.000 0.000 0.000 0.000 -0.512 -0.979 -0.288 0.000 0.000 0.000 
0.000 0.000 0.000 0.000 0.000 -0.345 -0.997 -0.442 0.000 0.000 0.000 
0.000 0.000 0.000 0.000 0.000 -0.212 -0.927 -0.621 0.000 0.000 0.000 
0.000 0.000 0.000 0.000 0.000 -0.120 -0.787 -0.796 -0.124 0.000 0.000 
0.000 0.000 0.000 0.000 0.000 0.000 -0.611 -0.933 -0.219 0.000 0.000 
0.000 0.000 0.000 0.000 0.000 0.000 -0.433 -0.998 -0.354 0.000 0.000 
0.000 0.000 0.000 0.000 0.000 0.000 -0.280 -0.975 -0.522 0.000 0.000 
0.000 0.000 0.000 0.000 0.000 0.000 -0.165 -0.870 -0.703 0.000 0.000 
0.000 0.000 0.000 0.000 0.000 0.000 0.000 -0.709 -0.865 -0.162 0.000 
0.000 0.000 0.000 0.000 0.000 0.000 0.000 -0.528 -0.973 -0.275 0.000 
0.000 0.000 0.000 0.000 0.000 0.000 0.000 -0.359 -0.999 -0.427 0.000 
-0.101 0.000 0.000 0.000 0.000 0.000 0.000 -0.223 -0.936 -0.604 0.000 
-0.183 0.000 0.000 0.000 0.000 0.000 0.000 -0.126 -0.802 -0.781 -0.117 
-0.305 0.000 0.000 0.000 0.000 0.000 0.000 0.000 -0.627 -0.923 -0.209 
-0.464 0.000 0.000 0.000 0.000 0.000 0.000 0.000 -0.448 -0.996 -0.340 
-0.644 0.000 0.000 0.000 0.000 0.000 0.000 0.000 -0.292 -0.981 -0.506 
-0.816 -0.134 0.000 0.000 0.000 0.000 0.000 0.000 -0.174 -0.883 -0.687 
-0.945 -0.234 0.000 0.000 0.000 0.000 0.000 0.000 0.000 -0.725 -0.852 
-1.000 -0.373 0.000 0.000 0.000 0.000 0.000 0.000 0.000 -0.544 -0.966 
-0.966 -0.544 0.000 0.000 0.000 0.000 0.000 0.000 0.000 -0.373 -1.000 
-0.852 -0.725 0.000 0.000 0.000 0.000 0.000 0.000 0.000 -0.234 -0.945 
-0.687 -0.883 -0.174 0.000 0.000 0.000 0.000 0.000 0.000 -0.134 -0.816 
-0.506 -0.981 -0.292 0.000 0.000 0.000 0.000 0.000 0.000 0.000 -0.644 
-0.340 -0.996 -0.448 0.000 0.000 0.000 0.000 0.000 0.000 0.000 -0.464 
-0.209 -0.923 -0.627 0.000 0.000 0.000 0.000 0.000 0.000 0.000 -0.305 
-0.117 -0.781 -0.802 -0.126 0.000 0.000 0.000 0.000 0.000 0.000 -0.183 
0.000 -0.604 -0.936 -0.223 0.000 0.000 0.000 0.000 0.000 0.000 -0.101 
0.000 -0.427 -0.999 -0.359 0.000 0.000 0.000 0.000 0.000 0.000 0.000 
0.000 -0.275 -0.973 -0.528 0.000 0.000 0.000 0.000 0.000 0.000 0.000 
0.000 -0.162 -0.865 -0.709 0.000 0.000 0.000 0.000 0.000 0.000 0.000 
0.000 0.000 -0.703 -0.870 -0.165 0.000 0.000 0.000 0.000 0.000 0.000 
0.000 0.000 -0.522 -0.975 -0.280 0.000 0.000 0.000 0.000 0.000 0.000 
0.000 0.000 -0.354 -0.998 -0.433 0.000 0.000 0.000 0.000 0.000 0.000 
0.000 0.000 -0.219 -0.933 -0.611 0.000 0.000 0.000 0.000 0.000 0.000 
0.000 0.000 -0.124 -0.796 -0.787 -0.120 0.000 0.000 0.000 0.000 0.000 
0.000 0.000 0.000 -0.621 -0.927 -0.212 0.000 0.000 0.000 0.000 0.000 
0.000 0.000 0.000 -0.442 -0.997 -0.345 0.000 0.000 0.000 0.000 0.000 
0.000 0.000 0.000 -0.288 -0.979 -0.512 0.000 0.000 0.000 0.000 0.000 
0.000 0.000 0.000 -0.171 -0.878 -0.693 0.000 0.000 0.000 0.000 0.000 
0.000 0.000 0.000 0.000 -0.719 -0.857 -0.157 0.000 0.000 0.000 0.000 
0.000 0.000 0.000 0.000 -0.538 -0.969 -0.268 0.000 0.000 0.000 0.000 
0.000 0.000 0.000 0.000 -0.368 -1.000 -0.417 0.000 0.000 0.000 0.000 
0.000 0.000 0.000 0.000 -0.230 -0.942 -0.594 0.000 0.000 0.000 0.000 
0.000 0.000 0.000 0.000 -0.131 -0.811 -0.772 -0.113 0.000 0.000 0.000 
