69.075105
3
# 0 1 8 50
0.000 0.000 0.000 0.000 0.000 0.000 0.000 0.000 0.000 0.000 0.000 0.000 0.000 0.000 0.000 0.000 0.129 0.245 0.411 0.614 0.814 0.957 1.000 0.926 0.762 0.557 0.361 0.208 0.106 0.000 0.000 0.000 0.000 0.000 0.000 0.000 0.000 0.000 0.000 0.000 0.000 0.000 0.000 0.000 0.000 0.000 0.000 0.000 0.000 0.000 
0.000 0.000 0.000 0.000 0.000 0.000 0.000 0.000 0.000 0.000 0.000 0.000 0.000 0.000 0.000 0.000 0.000 0.000 0.000 0.000 0.000 0.000 0.108 0.211 0.365 0.562 0.767 0.930 1.000 0.955 0.809 0.609 0.407 0.241 0.127 0.000 0.000 0.000 0.000 0.000 0.000 0.000 0.000 0.000 0.000 0.000 0.000 0.000 0.000 0.000 
0.365 0.211 0.108 0.000 0.000 0.000 0.000 0.000 0.000 0.000 0.000 0.000 0.000 0.000 0.000 0.000 0.000 0.000 0.000 0.000 0.000 0.000 0.000 0.000 0.000 0.000 0.000 0.000 0.000 0.180 0.322 0.510 0.718 0.896 0.993 0.977 0.853 0.661 0.455 0.278 0.151 0.000 0.000 0.000 0.000 0.000 0.000 0.000 0.000 0.000 
0.762 0.926 1.000 0.957 0.814 0.614 0.411 0.245 0.129 0.000 0.000 0.000 0.000 0.000 0.000 0.000 0.000 0.000 0.000 0.000 0.000 0.000 0.000 0.000 0.000 0.000 0.000 0.000 0.000 0.000 0.000 0.000 0.000 0.000 0.000 0.153 0.282 0.460 0.666 0.857 0.979 0.992 0.892 0.712 0.505 0.318 0.177 0.000 0.000 0.000 
0.000 0.000 0.000 0.177 0.318 0.505 0.712 0.892 0.992 0.979 0.857 0.666 0.460 0.282 0.153 0.000 0.000 0.000 0.000 0.000 0.000 0.000 0.000 0.000 0.000 0.000 0.000 0.000 0.000 0.000 0.000 0.000 0.000 0.000 0.000 0.000 0.000 0.000 0.000 0.000 0.000 0.129 0.245 0.411 0.614 0.814 0.957 1.000 0.926 0.762 
0.000 0.000 0.000 0.000 0.000 0.000 0.000 0.000 0.000 0.151 0.278 0.455 0.661 0.853 0.977 0.993 0.896 0.718 0.510 0.322 0.180 0.000 0.000 0.000 0.000 0.000 0.000 0.000 0.000 0.000 0.000 0.000 0.000 0.000 0.000 0.000 0.000 0.000 0.000 0.000 0.000 0.000 0.000 0.000 0.000 0.000 0.000 0.108 0.211 0.365 
0.000 0.000 0.000 0.000 0.000 0.000 0.000 0.000 0.000 0.000 0.000 0.000 0.000 0.000 0.000 0.127 0.241 0.407 0.609 0.809 0.955 1.000 0.930 0.767 0.562 0.365 0.211 0.108 0.000 0.000 0.000 0.000 0.000 0.000 0.000 0.000 0.000 0.000 0.000 0.000 0.000 0.000 0.000 0.000 0.000 0.000 0.000 0.000 0.000 0.000 
0.000 0.000 0.000 0.000 0.000 0.000 0.000 0.000 0.000 0.000 0.000 0.000 0.000 0.000 0.000 0.000 0.000 0.000 0.000 0.000 0.000 0.106 0.208 0.361 0.557 0.762 0.926 1.000 0.957 0.814 0.614 0.411 0.245 0.129 0.000 0.000 0.000 0.000 0.000 0.000 0.000 0.000 0.000 0.000 0.000 0.000 0.000 0.000 0.000 0.000 
# 0 2 15 50
0.000 0.000 0.000 0.000 0.000 0.000 0.000 0.000 0.000 0.000 0.000 0.000 0.000 0.000 0.000 0.175 0.315 0.501 0.709 0.889 0.991 0.979 0.859 0.669 0.463 0.284 0.155 0.000 0.000 0.000 0.000 0.000 0.000 0.000 0.000 0.000 0.000 0.000 0.000 0.000 0.000 0.000 0.000 0.000 0.000 0.000 0.000 0.000 0.000 0.000 
0.000 0.000 0.000 0.000 0.000 0.000 0.000 0.000 0.000 0.000 0.000 0.000 0.000 0.000 0.000 0.000 0.000 0.000 0.141 0.263 0.435 0.640 0.836 0.968 0.996 0.910 0.737 0.530 0.339 0.192 0.000 0.000 0.000 0.000 0.000 0.000 0.000 0.000 0.000 0.000 0.000 0.000 0.000 0.000 0.000 0.000 0.000 0.000 0.000 0.000 
0.000 0.000 0.000 0.000 0.000 0.000 0.000 0.000 0.000 0.000 0.000 0.000 0.000 0.000 0.000 0.000 0.000 0.000 0.000 0.000 0.000 0.111 0.216 0.373 0.570 0.775 0.934 1.000 0.950 0.801 0.600 0.399 0.235 0.123 0.000 0.000 0.000 0.000 0.000 0.000 0.000 0.000 0.000 0.000 0.000 0.000 0.000 0.000 0.000 0.000 
0.000 0.000 0.000 0.000 0.000 0.000 0.000 0.000 0.000 0.000 0.000 0.000 0.000 0.000 0.000 0.000 0.000 0.000 0.000 0.000 0.000 0.000 0.000 0.000 0.000 0.175 0.315 0.501 0.709 0.889 0.991 0.979 0.859 0.669 0.463 0.284 0.155 0.000 0.000 0.000 0.000 0.000 0.000 0.000 0.000 0.000 0.000 0.000 0.000 0.000 
0.263 0.141 0.000 0.000 0.000 0.000 0.000 0.000 0.000 0.000 0.000 0.000 0.000 0.000 0.000 0.000 0.000 0.000 0.000 0.000 0.000 0.000 0.000 0.000 0.000 0.000 0.000 0.000 0.141 0.263 0.435 0.640 0.836 0.968 0.996 0.910 0.737 0.530 0.339 0.192 0.000 0.000 0.000 0.000 0.000 0.000 0.000 0.000 0.000 0.000 
0.889 0.709 0.501 0.315 0.175 0.000 0.000 0.000 0.000 0.000 0.000 0.000 0.000 0.000 0.000 0.000 0.000 0.000 0.000 0.000 0.000 0.000 0.000 0.000 0.000 0.000 0.000 0.000 0.000 0.000 0.000 0.111 0.216 0.373 0.570 0.775 0.934 1.000 0.950 0.801 0.600 0.399 0.235 0.123 0.000 0.000 0.000 0.000 0.000 0.000 
0.801 0.950 1.000 0.934 0.775 0.570 0.373 0.216 0.111 0.000 0.000 0.000 0.000 0.000 0.000 0.000 0.000 0.000 0.000 0.000 0.000 0.000 0.000 0.000 0.000 0.000 0.000 0.000 0.000 0.000 0.000 0.000 0.000 0.000 0.000 0.175 0.315 0.501 0.709 0.889 0.991 0.979 0.859 0.669 0.463 0.284 0.155 0.000 0.000 0.000 
0.192 0.339 0.530 0.737 0.910 0.996 0.968 0.836 0.640 0.435 0.263 0.141 0.000 0.000 0.000 0.000 0.000 0.000 0.000 0.000 0.000 0.000 0.000 0.000 0.000 0.000 0.000 0.000 0.000 0.000 0.000 0.000 0.000 0.000 0.000 0.000 0.000 0.000 0.141 0.263 0.435 0.640 0.836 0.968 0.996 0.910 0.737 0.530 0.339 0.192 
0.000 0.000 0.000 0.155 0.284 0.463 0.669 0.859 0.979 0.991 0.889 0.709 0.501 0.315 0.175 0.000 0.000 0.000 0.000 0.000 0.000 0.000 0.000 0.000 0.000 0.000 0.000 0.000 0.000 0.000 0.000 0.000 0.000 0.000 0.000 0.000 0.000 0.000 0.000 0.000 0.000 0.111 0.216 0.373 0.570 0.775 0.934 1.000 0.950 0.801 
0.000 0.000 0.000 0.000 0.000 0.000 0.123 0.235 0.399 0.600 0.801 0.950 1.000 0.934 0.775 0.570 0.373 0.216 0.111 0.000 0.000 0.000 0.000 0.000 0.000 0.000 0.000 0.000 0.000 0.000 0.000 0.000 0.000 0.000 0.000 0.000 0.000 0.000 0.000 0.000 0.000 0.000 0.000 0.000 0.000 0.175 0.315 0.501 0.709 0.889 
0.000 0.000 0.000 0.000 0.000 0.000 0.000 0.000 0.000 0.000 0.192 0.339 0.530 0.737 0.910 0.996 0.968 0.836 0.640 0.435 0.263 0.141 0.000 0.000 0.000 0.000 0.000 0.000 0.000 0.000 0.000 0.000 0.000 0.000 0.000 0.000 0.000 0.000 0.000 0.000 0.000 0.000 0.000 0.000 0.000 0.000 0.000 0.000 0.141 0.263 
0.000 0.000 0.000 0.000 0.000 0.000 0.000 0.000 0.000 0.000 0.000 0.000 0.000 0.155 0.284 0.463 0.669 0.859 0.979 0.991 0.889 0.709 0.501 0.315 0.175 0.000 0.000 0.000 0.000 0.000 0.000 0.000 0.000 0.000 0.000 0.000 0.000 0.000 0.000 0.000 0.000 0.000 0.000 0.000 0.000 0.000 0.000 0.000 0.000 0.000 
0.000 0.000 0.000 0.000 0.000 0.000 0.000 0.000 0.000 0.000 0.000 0.000 0.000 0.000 0.000 0.000 0.123 0.235 0.399 0.600 0.801 0.950 1.000 0.934 0.775 0.570 0.373 0.216 0.111 0.000 0.000 0.000 0.000 0.000 0.000 0.000 0.000 0.000 0.000 0.000 0.000 0.000 0.000 0.000 0.000 0.000 0.000 0.000 0.000 0.000 
0.000 0.000 0.000 0.000 0.000 0.000 0.000 0.000 0.000 0.000 0.000 0.000 0.000 0.000 0.000 0.000 0.000 0.000 0.000 0.000 0.192 0.339 0.530 0.737 0.910 0.996 0.968 0.836 0.640 0.435 0.263 0.141 0.000 0.000 0.000 0.000 0.000 0.000 0.000 0.000 0.000 0.000 0.000 0.000 0.000 0.000 0.000 0.000 0.000 0.000 
0.000 0.000 0.000 0.000 0.000 0.000 0.000 0.000 0.000 0.000 0.000 0.000 0.000 0.000 0.000 0.000 0.000 0.000 0.000 0.000 0.000 0.000 0.000 0.155 0.284 0.463 0.669 0.859 0.979 0.991 0.889 0.709 0.501 0.315 0.175 0.000 0.000 0.000 0.000 0.000 0.000 0.000 0.000 0.000 0.000 0.000 0.000 0.000 0.000 0.000 
# 1 0 50 8
0.000 -0.313 -0.949 0.000 0.000 0.000 0.000 0.000 
0.000 -0.191 -1.000 -0.171 0.000 0.000 0.000 0.000 
0.000 -0.107 -0.966 -0.285 0.000 0.000 0.000 0.000 
0.000 0.000 -0.855 -0.436 0.000 0.000 0.000 0.000 
0.000 0.000 -0.693 -0.611 0.000 0.000 0.000 0.000 
0.000 0.000 -0.514 -0.785 0.000 0.000 0.000 0.000 
0.000 0.000 -0.350 -0.923 0.000 0.000 0.000 0.000 
0.000 0.000 -0.218 -0.995 -0.148 0.000 0.000 0.000 
0.000 0.000 -0.125 -0.982 -0.253 0.000 0.000 0.000 
0.000 0.000 0.000 -0.888 -0.395 0.000 0.000 0.000 
-0.144 0.000 0.000 -0.736 -0.566 0.000 0.000 0.000 
-0.247 0.000 0.000 -0.559 -0.743 0.000 0.000 0.000 
-0.389 0.000 0.000 -0.389 -0.894 0.000 0.000 0.000 
-0.559 0.000 0.000 -0.247 -0.985 -0.128 0.000 0.000 
-0.736 0.000 0.000 -0.144 -0.994 -0.223 0.000 0.000 
-0.888 0.000 0.000 0.000 -0.919 -0.357 0.000 0.000 
-0.982 -0.125 0.000 0.000 -0.778 -0.522 0.000 0.000 
-0.995 -0.218 0.000 0.000 -0.604 -0.700 0.000 0.000 
-0.923 -0.350 0.000 0.000 -0.429 -0.861 0.000 0.000 
-0.785 -0.514 0.000 0.000 -0.279 -0.969 -0.110 0.000 
-0.611 -0.693 0.000 0.000 -0.167 -1.000 -0.196 0.000 
-0.436 -0.855 0.000 0.000 0.000 -0.944 -0.320 0.000 
-0.285 -0.966 -0.107 0.000 0.000 -0.818 -0.479 0.000 
-0.171 -1.000 -0.191 0.000 0.000 -0.648 -0.656 0.000 
0.000 -0.949 -0.313 0.000 0.000 -0.471 -0.824 0.000 
0.000 -0.824 -0.471 0.000 0.000 -0.313 -0.949 0.000 
0.000 -0.656 -0.648 0.000 0.000 -0.191 -1.000 -0.171 
0.000 -0.479 -0.818 0.000 0.000 -0.107 -0.966 -0.285 
0.000 -0.320 -0.944 0.000 0.000 0.000 -0.855 -0.436 
0.000 -0.196 -1.000 -0.167 0.000 0.000 -0.693 -0.611 
0.000 -0.110 -0.969 -0.279 0.000 0.000 -0.514 -0.785 
0.000 0.000 -0.861 -0.429 0.000 0.000 -0.350 -0.923 
0.000 0.000 -0.700 -0.604 0.000 0.000 -0.218 -0.995 
0.000 0.000 -0.522 -0.778 0.000 0.000 -0.125 -0.982 
0.000 0.000 -0.357 -0.919 0.000 0.000 0.000 -0.888 
0.000 0.000 -0.223 -0.994 -0.144 0.000 0.000 -0.736 
0.000 0.000 -0.128 -0.985 -0.247 0.000 0.000 -0.559 
0.000 0.000 0.000 -0.894 -0.389 0.000 0.000 -0.389 
0.000 0.000 0.000 -0.743 -0.559 0.000 0.000 -0.247 
0.000 0.000 0.000 -0.566 -0.736 0.000 0.000 -0.144 
0.000 0.000 0.000 -0.395 -0.888 0.000 0.000 0.000 
0.000 0.000 0.000 -0.253 -0.982 -0.125 0.000 0.000 
0.000 0.000 0.000 -0.148 -0.995 -0.218 0.000 0.000 
0.000 0.000 0.000 0.000 -0.923 -0.350 0.000 0.000 
0.000 0.000 0.000 0.000 -0.785 -0.514 0.000 0.000 
0.000 0.000 0.000 0.000 -0.611 -0.693 0.000 0.000 
0.000 0.000 0.000 0.000 -0.436 -0.855 0.000 0.000 
0.000 0.000 0.000 0.000 -0.285 -0.966 -0.107 0.000 
0.000 0.000 0.000 0.000 -0.171 -1.000 -0.191 0.000 
0.000 0.000 0.000 0.000 0.000 -0.949 -0.313 0.000 
