69.082762
3
# 0 1 10 50
0.874 0.267 0.000 0.267 0.874 1.000 0.400 0.000 0.000 0.000 0.000 0.000 0.000 0.000 0.000 0.000 0.000 0.000 0.000 0.000 0.000 0.000 0.000 0.000 0.000 0.000 0.000 0.000 0.000 0.000 0.000 0.000 0.000 0.000 0.000 0.000 0.000 0.000 0.000 0.000 0.000 0.000 0.000 0.000 0.000 0.000 0.000 0.000 0.000 0.000 
0.000 0.000 0.000 0.400 1.000 0.874 0.267 0.000 0.267 0.874 1.000 0.400 0.000 0.000 0.000 0.000 0.000 0.000 0.000 0.000 0.000 0.000 0.000 0.000 0.000 0.000 0.000 0.000 0.000 0.000 0.000 0.000 0.000 0.000 0.000 0.000 0.000 0.000 0.000 0.000 0.000 0.000 0.000 0.000 0.000 0.000 0.000 0.000 0.000 0.000 
0.000 0.000 0.000 0.000 0.000 0.000 0.000 0.000 0.400 1.000 0.874 0.267 0.000 0.267 0.874 1.000 0.400 0.000 0.000 0.000 0.000 0.000 0.000 0.000 0.000 0.000 0.000 0.000 0.000 0.000 0.000 0.000 0.000 0.000 0.000 0.000 0.000 0.000 0.000 0.000 0.000 0.000 0.000 0.000 0.000 0.000 0.000 0.000 0.000 0.000 
0.000 0.000 0.000 0.000 0.000 0.000 0.000 0.000 0.000 0.000 0.000 0.000 0.000 0.400 1.000 0.874 0.267 0.000 0.267 0.874 1.000 0.400 0.000 0.000 0.000 0.000 0.000 0.000 0.000 0.000 0.000 0.000 0.000 0.000 0.000 0.000 0.000 0.000 0.000 0.000 0.000 0.000 0.000 0.000 0.000 0.000 0.000 0.000 0.000 0.000 
0.000 0.000 0.000 0.000 0.000 0.000 0.000 0.000 0.000 0.000 0.000 0.000 0.000 0.000 0.000 0.000 0.000 0.000 0.400 1.000 0.874 0.267 0.000 0.267 0.874 1.000 0.400 0.000 0.000 0.000 0.000 0.000 0.000 0.000 0.000 0.000 0.000 0.000 0.000 0.000 0.000 0.000 0.000 0.000 0.000 0.000 0.000 0.000 0.000 0.000 
0.000 0.000 0.000 0.000 0.000 0.000 0.000 0.000 0.000 0.000 0.000 0.000 0.000 0.000 0.000 0.000 0.000 0.000 0.000 0.000 0.000 0.000 0.000 0.400 1.000 0.874 0.267 0.000 0.267 0.874 1.000 0.400 0.000 0.000 0.000 0.000 0.000 0.000 0.000 0.000 0.000 0.000 0.000 0.000 0.000 0.000 0.000 0.000 0.000 0.000 
0.000 0.000 0.000 0.000 0.000 0.000 0.000 0.000 0.000 0.000 0.000 0.000 0.000 0.000 0.000 0.000 0.000 0.000 0.000 0.000 0.000 0.000 0.000 0.000 0.000 0.000 0.000 0.000 0.400 1.000 0.874 0.267 0.000 0.267 0.874 1.000 0.400 0.000 0.000 0.000 0.000 0.000 0.000 0.000 0.000 0.000 0.000 0.000 0.000 0.000 
0.000 0.000 0.000 0.000 0.000 0.000 0.000 0.000 0.000 0.000 0.000 0.000 0.000 0.000 0.000 0.000 0.000 0.000 0.000 0.000 0.000 0.000 0.000 0.000 0.000 0.000 0.000 0.000 0.000 0.000 0.000 0.000 0.000 0.400 1.000 0.874 0.267 0.000 0.267 0.874 1.000 0.400 0.000 0.000 0.000 0.000 0.000 0.000 0.000 0.000 
0.000 0.000 0.000 0.000 0.000 0.000 0.000 0.000 0.000 0.000 0.000 0.000 0.000 0.000 0.000 0.000 0.000 0.000 0.000 0.000 0.000 0.000 0.000 0.000 0.000 0.000 0.000 0.000 0.000 0.000 0.000 0.000 0.000 0.000 0.000 0.000 0.000 0.000 0.400 1.000 0.874 0.267 0.000 0.267 0.874 1.000 0.400 0.000 0.000 0.000 
0.000 0.000 0.000 0.000 0.000 0.000 0.000 0.000 0.000 0.000 0.000 0.000 0.000 0.000 0.000 0.000 0.000 0.000 0.000 0.000 0.000 0.000 0.000 0.000 0.000 0.000 0.000 0.000 0.000 0.000 0.000 0.000 0.000 0.000 0.000 0.000 0.000 0.000 0.000 0.000 0.000 0.000 0.000 0.400 1.000 0.874 0.267 0.000 0.267 0.874 
# 0 2 15 50
0.328 0.000 0.185 0.723 0.987 0.470 0.000 0.000 0.000 0.000 0.000 0.000 0.000 0.000 0.000 0.000 0.000 0.000 0.000 0.000 0.000 0.000 0.000 0.000 0.000 0.000 0.000 0.000 0.000 0.000 0.000 0.000 0.000 0.000 0.000 0.000 0.000 0.000 0.000 0.000 0.000 0.000 0.000 0.000 0.000 0.000 0.000 0.000 0.000 0.000 
0.160 0.677 1.000 0.516 0.000 0.000 0.516 1.000 0.677 0.160 0.000 0.000 0.000 0.000 0.000 0.000 0.000 0.000 0.000 0.000 0.000 0.000 0.000 0.000 0.000 0.000 0.000 0.000 0.000 0.000 0.000 0.000 0.000 0.000 0.000 0.000 0.000 0.000 0.000 0.000 0.000 0.000 0.000 0.000 0.000 0.000 0.000 0.000 0.000 0.000 
0.000 0.000 0.000 0.000 0.470 0.987 0.723 0.185 0.000 0.328 0.902 0.866 0.291 0.000 0.000 0.000 0.000 0.000 0.000 0.000 0.000 0.000 0.000 0.000 0.000 0.000 0.000 0.000 0.000 0.000 0.000 0.000 0.000 0.000 0.000 0.000 0.000 0.000 0.000 0.000 0.000 0.000 0.000 0.000 0.000 0.000 0.000 0.000 0.000 0.000 
0.000 0.000 0.000 0.000 0.000 0.000 0.000 0.291 0.866 0.902 0.328 0.000 0.185 0.723 0.987 0.470 0.000 0.000 0.000 0.000 0.000 0.000 0.000 0.000 0.000 0.000 0.000 0.000 0.000 0.000 0.000 0.000 0.000 0.000 0.000 0.000 0.000 0.000 0.000 0.000 0.000 0.000 0.000 0.000 0.000 0.000 0.000 0.000 0.000 0.000 
0.000 0.000 0.000 0.000 0.000 0.000 0.000 0.000 0.000 0.000 0.160 0.677 1.000 0.516 0.000 0.000 0.516 1.000 0.677 0.160 0.000 0.000 0.000 0.000 0.000 0.000 0.000 0.000 0.000 0.000 0.000 0.000 0.000 0.000 0.000 0.000 0.000 0.000 0.000 0.000 0.000 0.000 0.000 0.000 0.000 0.000 0.000 0.000 0.000 0.000 
0.000 0.000 0.000 0.000 0.000 0.000 0.000 0.000 0.000 0.000 0.000 0.000 0.000 0.000 0.470 0.987 0.723 0.185 0.000 0.328 0.902 0.866 0.291 0.000 0.000 0.000 0.000 0.000 0.000 0.000 0.000 0.000 0.000 0.000 0.000 0.000 0.000 0.000 0.000 0.000 0.000 0.000 0.000 0.000 0.000 0.000 0.000 0.000 0.000 0.000 
0.000 0.000 0.000 0.000 0.000 0.000 0.000 0.000 0.000 0.000 0.000 0.000 0.000 0.000 0.000 0.000 0.000 0.291 0.866 0.902 0.328 0.000 0.185 0.723 0.987 0.470 0.000 0.000 0.000 0.000 0.000 0.000 0.000 0.000 0.000 0.000 0.000 0.000 0.000 0.000 0.000 0.000 0.000 0.000 0.000 0.000 0.000 0.000 0.000 0.000 
0.000 0.000 0.000 0.000 0.000 0.000 0.000 0.000 0.000 0.000 0.000 0.000 0.000 0.000 0.000 0.000 0.000 0.000 0.000 0.000 0.160 0.677 1.000 0.516 0.000 0.000 0.516 1.000 0.677 0.160 0.000 0.000 0.000 0.000 0.000 0.000 0.000 0.000 0.000 0.000 0.000 0.000 0.000 0.000 0.000 0.000 0.000 0.000 0.000 0.000 
0.000 0.000 0.000 0.000 0.000 0.000 0.000 0.000 0.000 0.000 0.000 0.000 0.000 0.000 0.000 0.000 0.000 0.000 0.000 0.000 0.000 0.000 0.000 0.000 0.470 0.987 0.723 0.185 0.000 0.328 0.902 0.866 0.291 0.000 0.000 0.000 0.000 0.000 0.000 0.000 0.000 0.000 0.000 0.000 0.000 0.000 0.000 0.000 0.000 0.000 
0.000 0.000 0.000 0.000 0.000 0.000 0.000 0.000 0.000 0.000 0.000 0.000 0.000 0.000 0.000 0.000 0.000 0.000 0.000 0.000 0.000 0.000 0.000 0.000 0.000 0.000 0.000 0.291 0.866 0.902 0.328 0.000 0.185 0.723 0.987 0.470 0.000 0.000 0.000 0.000 0.000 0.000 0.000 0.000 0.000 0.000 0.000 0.000 0.000 0.000 
0.000 0.000 0.000 0.000 0.000 0.000 0.000 0.000 0.000 0.000 0.000 0.000 0.000 0.000 0.000 0.000 0.000 0.000 0.000 0.000 0.000 0.000 0.000 0.000 0.000 0.000 0.000 0.000 0.000 0.000 0.160 0.677 1.000 0.516 0.000 0.000 0.516 1.000 0.677 0.160 0.000 0.000 0.000 0.000 0.000 0.000 0.000 0.000 0.000 0.000 
0.000 0.000 0.000 0.000 0.000 0.000 0.000 0.000 0.000 0.000 0.000 0.000 0.000 0.000 0.000 0.000 0.000 0.000 0.000 0.000 0.000 0.000 0.000 0.000 0.000 0.000 0.000 0.000 0.000 0.000 0.000 0.000 0.000 0.000 0.470 0.987 0.723 0.185 0.000 0.328 0.902 0.866 0.291 0.000 0.000 0.000 0.000 0.000 0.000 0.000 
0.000 0.000 0.000 0.000 0.000 0.000 0.000 0.000 0.000 0.000 0.000 0.000 0.000 0.000 0.000 0.000 0.000 0.000 0.000 0.000 0.000 0.000 0.000 0.000 0.000 0.000 0.000 0.000 0.000 0.000 0.000 0.000 0.000 0.000 0.000 0.000 0.000 0.291 0.866 0.902 0.328 0.000 0.185 0.723 0.987 0.470 0.000 0.000 0.000 0.000 
0.000 0.000 0.000 0.000 0.000 0.000 0.000 0.000 0.000 0.000 0.000 0.000 0.000 0.000 0.000 0.000 0.000 0.000 0.000 0.000 0.000 0.000 0.000 0.000 0.000 0.000 0.000 0.000 0.000 0.000 0.000 0.000 0.000 0.000 0.000 0.000 0.000 0.000 0.000 0.000 0.160 0.677 1.000 0.516 0.000 0.000 0.516 1.000 0.677 0.160 
0.000 0.000 0.000 0.000 0.000 0.000 0.000 0.000 0.000 0.000 0.000 0.000 0.000 0.000 0.000 0.000 0.000 0.000 0.000 0.000 0.000 0.000 0.000 0.000 0.000 0.000 0.000 0.000 0.000 0.000 0.000 0.000 0.000 0.000 0.000 0.000 0.000 0.000 0.000 0.000 0.000 0.000 0.000 0.000 0.470 0.987 0.723 0.185 0.000 0.328 
# 1 0 50 10
0.000 0.000 0.000 -0.267 -1.000 -0.315 0.000 0.000 0.000 0.000 
0.000 0.000 0.000 -0.153 -0.936 -0.484 0.000 0.000 0.000 0.000 
0.000 0.000 0.000 0.000 -0.794 -0.673 0.000 0.000 0.000 0.000 
0.000 0.000 0.000 0.000 -0.610 -0.848 0.000 0.000 0.000 0.000 
0.000 0.000 0.000 0.000 -0.424 -0.967 -0.186 0.000 0.000 0.000 
0.000 0.000 0.000 0.000 -0.267 -1.000 -0.315 0.000 0.000 0.000 
0.000 0.000 0.000 0.000 -0.153 -0.936 -0.484 0.000 0.000 0.000 
0.000 0.000 0.000 0.000 0.000 -0.794 -0.673 0.000 0.000 0.000 
0.000 0.000 0.000 0.000 0.000 -0.610 -0.848 0.000 0.000 0.000 
0.000 0.000 0.000 0.000 0.000 -0.424 -0.967 -0.186 0.000 0.000 
0.000 0.000 0.000 0.000 0.000 -0.267 -1.000 -0.315 0.000 0.000 
0.000 0.000 0.000 0.000 0.000 -0.153 -0.936 -0.484 0.000 0.000 
0.000 0.000 0.000 0.000 0.000 0.000 -0.794 -0.673 0.000 0.000 
0.000 0.000 0.000 0.000 0.000 0.000 -0.610 -0.848 0.000 0.000 
0.000 0.000 0.000 0.000 0.000 0.000 -0.424 -0.967 -0.186 0.000 
0.000 0.000 0.000 0.000 0.000 0.000 -0.267 -1.000 -0.315 0.000 
0.000 0.000 0.000 0.000 0.000 0.000 -0.153 -0.936 -0.484 0.000 
0.000 0.000 0.000 0.000 0.000 0.000 0.000 -0.794 -0.673 0.000 
-0.153 0.000 0.000 0.000 0.000 0.000 0.000 -0.610 -0.848 0.000 
-0.267 0.000 0.000 0.000 0.000 0.000 0.000 -0.424 -0.967 -0.186 
-0.424 0.000 0.000 0.000 0.000 0.000 0.000 -0.267 -1.000 -0.315 
-0.610 0.000 0.000 0.000 0.000 0.000 0.000 -0.153 -0.936 -0.484 
-0.794 0.000 0.000 0.000 0.000 0.000 0.000 0.000 -0.794 -0.673 
-0.936 -0.153 0.000 0.000 0.000 0.000 0.000 0.000 -0.610 -0.848 
-1.000 -0.267 0.000 0.000 0.000 0.000 0.000 0.000 -0.424 -0.967 
-0.967 -0.424 0.000 0.000 0.000 0.000 0.000 0.000 -0.267 -1.000 
-0.848 -0.610 0.000 0.000 0.000 0.000 0.000 0.000 -0.153 -0.936 
-0.673 -0.794 0.000 0.000 0.000 0.000 0.000 0.000 0.000 -0.794 
-0.484 -0.936 -0.153 0.000 0.000 0.000 0.000 0.000 0.000 -0.610 
-0.315 -1.000 -0.267 0.000 0.000 0.000 0.000 0.000 0.000 -0.424 
-0.186 -0.967 -0.424 0.000 0.000 0.000 0.000 0.000 0.000 -0.267 
0.000 -0.848 -0.610 0.000 0.000 0.000 0.000 0.000 0.000 -0.153 
0.000 -0.673 -0.794 0.000 0.000 0.000 0.000 0.000 0.000 0.000 
0.000 -0.484 -0.936 -0.153 0.000 0.000 0.000 0.000 0.000 0.000 
0.000 -0.315 -1.000 -0.267 0.000 0.000 0.000 0.000 0.000 0.000 
0.000 -0.186 -0.967 -0.424 0.000 0.000 0.000 0.000 0.000 0.000 
0.000 0.000 -0.848 -0.610 0.000 0.000 0.000 0.000 0.000 0.000 
0.000 0.000 -0.673 -0.794 0.000 0.000 0.000 0.000 0.000 0.000 
0.000 0.000 -0.484 -0.936 -0.153 0.000 0.000 0.000 0.000 0.000 
0.000 0.000 -0.315 -1.000 -0.267 0.000 0.000 0.000 0.000 0.000 
0.000 0.000 -0.186 -0.967 -0.424 0.000 0.000 0.000 0.000 0.000 
0.000 0.000 0.000 -0.848 -0.610 0.000 0.000 0.000 0.000 0.000 
0.000 0.000 0.000 -0.673 -0.794 0.000 0.000 0.000 0.000 0.000 
0.000 0.000 0.000 -0.484 -0.936 -0.153 0.000 0.000 0.000 0.000 
0.000 0.000 0.000 -0.315 -1.000 -0.267 0.000 0.000 0.000 0.000 
0.000 0.000 0.000 -0.186 -0.967 -0.424 0.000 0.000 0.000 0.000 
0.000 0.000 0.000 0.000 -0.848 -0.610 0.000 0.000 0.000 0.000 
0.000 0.000 0.000 0.000 -0.673 -0.794 0.000 0.000 0.000 0.000 
0.000 0.000 0.000 0.000 -0.484 -0.936 -0.153 0.000 0.000 0.000 
0.000 0.000 0.000 0.000 -0.315 -1.000 -0.267 0.000 0.000 0.000 
