69.163458
4
# 0 1 8 50
0.000 0.000 0.000 0.000 0.000 0.000 0.000 0.000 0.000 0.000 0.000 0.000 0.315 0.898 0.844 0.261 0.000 0.000 0.000 0.000 0.000 0.000 0.000 0.000 0.000 0.000 0.000 0.000 0.000 0.000 0.000 0.000 0.000 0.000 0.000 0.000 0.000 0.000 0.000 0.000 0.000 0.000 0.000 0.000 0.000 0.000 0.000 0.000 0.000 0.000 
0.123 0.000 0.000 0.000 0.000 0.000 0.000 0.000 0.000 0.000 0.000 0.000 0.000 0.000 0.000 0.000 0.000 0.000 0.204 0.767 0.951 0.389 0.000 0.000 0.000 0.000 0.000 0.000 0.000 0.000 0.000 0.000 0.000 0.000 0.000 0.000 0.000 0.000 0.000 0.000 0.000 0.000 0.000 0.000 0.000 0.000 0.000 0.000 0.000 0.000 
0.000 0.000 0.000 0.389 0.951 0.767 0.204 0.000 0.000 0.000 0.000 0.000 0.000 0.000 0.000 0.000 0.000 0.000 0.000 0.000 0.000 0.000 0.000 0.000 0.123 0.611 1.000 0.539 0.000 0.000 0.000 0.000 0.000 0.000 0.000 0.000 0.000 0.000 0.000 0.000 0.000 0.000 0.000 0.000 0.000 0.000 0.000 0.000 0.000 0.000 
0.000 0.000 0.000 0.000 0.000 0.000 0.000 0.000 0.000 0.261 0.844 0.898 0.315 0.000 0.000 0.000 0.000 0.000 0.000 0.000 0.000 0.000 0.000 0.000 0.000 0.000 0.000 0.000 0.000 0.000 0.000 0.454 0.981 0.698 0.164 0.000 0.000 0.000 0.000 0.000 0.000 0.000 0.000 0.000 0.000 0.000 0.000 0.000 0.000 0.000 
0.000 0.000 0.000 0.000 0.000 0.000 0.000 0.000 0.000 0.000 0.000 0.000 0.000 0.000 0.000 0.164 0.698 0.981 0.454 0.000 0.000 0.000 0.000 0.000 0.000 0.000 0.000 0.000 0.000 0.000 0.000 0.000 0.000 0.000 0.000 0.000 0.000 0.315 0.898 0.844 0.261 0.000 0.000 0.000 0.000 0.000 0.000 0.000 0.000 0.000 
0.000 0.000 0.000 0.000 0.000 0.000 0.000 0.000 0.000 0.000 0.000 0.000 0.000 0.000 0.000 0.000 0.000 0.000 0.000 0.000 0.000 0.000 0.539 1.000 0.611 0.123 0.000 0.000 0.000 0.000 0.000 0.000 0.000 0.000 0.000 0.000 0.000 0.000 0.000 0.000 0.000 0.000 0.000 0.204 0.767 0.951 0.389 0.000 0.000 0.000 
0.000 0.000 0.000 0.000 0.000 0.000 0.000 0.000 0.000 0.000 0.000 0.000 0.000 0.000 0.000 0.000 0.000 0.000 0.000 0.000 0.000 0.000 0.000 0.000 0.000 0.000 0.000 0.000 0.389 0.951 0.767 0.204 0.000 0.000 0.000 0.000 0.000 0.000 0.000 0.000 0.000 0.000 0.000 0.000 0.000 0.000 0.000 0.000 0.000 0.123 
0.000 0.000 0.000 0.000 0.000 0.000 0.000 0.000 0.000 0.000 0.000 0.000 0.000 0.000 0.000 0.000 0.000 0.000 0.000 0.000 0.000 0.000 0.000 0.000 0.000 0.000 0.000 0.000 0.000 0.000 0.000 0.000 0.000 0.000 0.261 0.844 0.898 0.315 0.000 0.000 0.000 0.000 0.000 0.000 0.000 0.000 0.000 0.000 0.000 0.000 
# 0 2 13 50
0.000 0.000 0.000 0.000 0.000 0.000 0.000 0.000 0.000 0.000 0.000 0.425 0.968 0.727 0.180 0.000 0.000 0.000 0.000 0.000 0.000 0.000 0.000 0.000 0.000 0.000 0.000 0.000 0.000 0.000 0.000 0.000 0.000 0.000 0.000 0.000 0.000 0.000 0.000 0.000 0.000 0.000 0.000 0.000 0.000 0.000 0.000 0.000 0.000 0.000 
0.000 0.000 0.000 0.000 0.000 0.000 0.000 0.000 0.000 0.000 0.000 0.000 0.000 0.000 0.000 0.518 0.996 0.630 0.131 0.000 0.000 0.000 0.000 0.000 0.000 0.000 0.000 0.000 0.000 0.000 0.000 0.000 0.000 0.000 0.000 0.000 0.000 0.000 0.000 0.000 0.000 0.000 0.000 0.000 0.000 0.000 0.000 0.000 0.000 0.000 
0.200 0.000 0.000 0.000 0.000 0.000 0.000 0.000 0.000 0.000 0.000 0.000 0.000 0.000 0.000 0.000 0.000 0.000 0.125 0.616 0.998 0.532 0.000 0.000 0.000 0.000 0.000 0.000 0.000 0.000 0.000 0.000 0.000 0.000 0.000 0.000 0.000 0.000 0.000 0.000 0.000 0.000 0.000 0.000 0.000 0.000 0.000 0.000 0.000 0.000 
0.000 0.485 0.989 0.665 0.147 0.000 0.000 0.000 0.000 0.000 0.000 0.000 0.000 0.000 0.000 0.000 0.000 0.000 0.000 0.000 0.000 0.000 0.172 0.713 0.974 0.438 0.000 0.000 0.000 0.000 0.000 0.000 0.000 0.000 0.000 0.000 0.000 0.000 0.000 0.000 0.000 0.000 0.000 0.000 0.000 0.000 0.000 0.000 0.000 0.000 
0.000 0.000 0.000 0.000 0.111 0.581 1.000 0.567 0.106 0.000 0.000 0.000 0.000 0.000 0.000 0.000 0.000 0.000 0.000 0.000 0.000 0.000 0.000 0.000 0.000 0.000 0.230 0.804 0.926 0.351 0.000 0.000 0.000 0.000 0.000 0.000 0.000 0.000 0.000 0.000 0.000 0.000 0.000 0.000 0.000 0.000 0.000 0.000 0.000 0.000 
0.000 0.000 0.000 0.000 0.000 0.000 0.000 0.000 0.154 0.679 0.985 0.471 0.000 0.000 0.000 0.000 0.000 0.000 0.000 0.000 0.000 0.000 0.000 0.000 0.000 0.000 0.000 0.000 0.000 0.000 0.300 0.883 0.857 0.274 0.000 0.000 0.000 0.000 0.000 0.000 0.000 0.000 0.000 0.000 0.000 0.000 0.000 0.000 0.000 0.000 
0.000 0.000 0.000 0.000 0.000 0.000 0.000 0.000 0.000 0.000 0.000 0.000 0.208 0.773 0.945 0.381 0.000 0.000 0.000 0.000 0.000 0.000 0.000 0.000 0.000 0.000 0.000 0.000 0.000 0.000 0.000 0.000 0.000 0.000 0.381 0.945 0.773 0.208 0.000 0.000 0.000 0.000 0.000 0.000 0.000 0.000 0.000 0.000 0.000 0.000 
0.000 0.000 0.000 0.000 0.000 0.000 0.000 0.000 0.000 0.000 0.000 0.000 0.000 0.000 0.000 0.000 0.274 0.857 0.883 0.300 0.000 0.000 0.000 0.000 0.000 0.000 0.000 0.000 0.000 0.000 0.000 0.000 0.000 0.000 0.000 0.000 0.000 0.000 0.471 0.985 0.679 0.154 0.000 0.000 0.000 0.000 0.000 0.000 0.000 0.000 
0.000 0.000 0.000 0.000 0.000 0.000 0.000 0.000 0.000 0.000 0.000 0.000 0.000 0.000 0.000 0.000 0.000 0.000 0.000 0.000 0.351 0.926 0.804 0.230 0.000 0.000 0.000 0.000 0.000 0.000 0.000 0.000 0.000 0.000 0.000 0.000 0.000 0.000 0.000 0.000 0.000 0.106 0.567 1.000 0.581 0.111 0.000 0.000 0.000 0.000 
0.000 0.000 0.000 0.000 0.000 0.000 0.000 0.000 0.000 0.000 0.000 0.000 0.000 0.000 0.000 0.000 0.000 0.000 0.000 0.000 0.000 0.000 0.000 0.000 0.438 0.974 0.713 0.172 0.000 0.000 0.000 0.000 0.000 0.000 0.000 0.000 0.000 0.000 0.000 0.000 0.000 0.000 0.000 0.000 0.000 0.147 0.665 0.989 0.485 0.000 
0.000 0.000 0.000 0.000 0.000 0.000 0.000 0.000 0.000 0.000 0.000 0.000 0.000 0.000 0.000 0.000 0.000 0.000 0.000 0.000 0.000 0.000 0.000 0.000 0.000 0.000 0.000 0.000 0.532 0.998 0.616 0.125 0.000 0.000 0.000 0.000 0.000 0.000 0.000 0.000 0.000 0.000 0.000 0.000 0.000 0.000 0.000 0.000 0.000 0.200 
0.000 0.000 0.000 0.000 0.000 0.000 0.000 0.000 0.000 0.000 0.000 0.000 0.000 0.000 0.000 0.000 0.000 0.000 0.000 0.000 0.000 0.000 0.000 0.000 0.000 0.000 0.000 0.000 0.000 0.000 0.000 0.131 0.630 0.996 0.518 0.000 0.000 0.000 0.000 0.000 0.000 0.000 0.000 0.000 0.000 0.000 0.000 0.000 0.000 0.000 
0.000 0.000 0.000 0.000 0.000 0.000 0.000 0.000 0.000 0.000 0.000 0.000 0.000 0.000 0.000 0.000 0.000 0.000 0.000 0.000 0.000 0.000 0.000 0.000 0.000 0.000 0.000 0.000 0.000 0.000 0.000 0.000 0.000 0.000 0.000 0.180 0.727 0.968 0.425 0.000 0.000 0.000 0.000 0.000 0.000 0.000 0.000 0.000 0.000 0.000 
# 0 3 15 50
0.000 0.000 0.000 0.000 0.000 0.000 0.000 0.000 0.000 0.000 0.112 0.583 1.000 0.565 0.105 0.000 0.000 0.000 0.000 0.000 0.000 0.000 0.000 0.000 0.000 0.000 0.000 0.000 0.000 0.000 0.000 0.000 0.000 0.000 0.000 0.000 0.000 0.000 0.000 0.000 0.000 0.000 0.000 0.000 0.000 0.000 0.000 0.000 0.000 0.000 
0.000 0.000 0.000 0.000 0.000 0.000 0.000 0.000 0.000 0.000 0.000 0.000 0.000 0.000 0.381 0.945 0.773 0.208 0.000 0.000 0.000 0.000 0.000 0.000 0.000 0.000 0.000 0.000 0.000 0.000 0.000 0.000 0.000 0.000 0.000 0.000 0.000 0.000 0.000 0.000 0.000 0.000 0.000 0.000 0.000 0.000 0.000 0.000 0.000 0.000 
0.000 0.000 0.000 0.000 0.000 0.000 0.000 0.000 0.000 0.000 0.000 0.000 0.000 0.000 0.000 0.000 0.000 0.220 0.790 0.935 0.365 0.000 0.000 0.000 0.000 0.000 0.000 0.000 0.000 0.000 0.000 0.000 0.000 0.000 0.000 0.000 0.000 0.000 0.000 0.000 0.000 0.000 0.000 0.000 0.000 0.000 0.000 0.000 0.000 0.000 
0.935 0.790 0.220 0.000 0.000 0.000 0.000 0.000 0.000 0.000 0.000 0.000 0.000 0.000 0.000 0.000 0.000 0.000 0.000 0.000 0.112 0.583 1.000 0.565 0.105 0.000 0.000 0.000 0.000 0.000 0.000 0.000 0.000 0.000 0.000 0.000 0.000 0.000 0.000 0.000 0.000 0.000 0.000 0.000 0.000 0.000 0.000 0.000 0.000 0.000 
0.000 0.000 0.208 0.773 0.945 0.381 0.000 0.000 0.000 0.000 0.000 0.000 0.000 0.000 0.000 0.000 0.000 0.000 0.000 0.000 0.000 0.000 0.000 0.000 0.381 0.945 0.773 0.208 0.000 0.000 0.000 0.000 0.000 0.000 0.000 0.000 0.000 0.000 0.000 0.000 0.000 0.000 0.000 0.000 0.000 0.000 0.000 0.000 0.000 0.000 
0.000 0.000 0.000 0.000 0.000 0.105 0.565 1.000 0.583 0.112 0.000 0.000 0.000 0.000 0.000 0.000 0.000 0.000 0.000 0.000 0.000 0.000 0.000 0.000 0.000 0.000 0.000 0.220 0.790 0.935 0.365 0.000 0.000 0.000 0.000 0.000 0.000 0.000 0.000 0.000 0.000 0.000 0.000 0.000 0.000 0.000 0.000 0.000 0.000 0.000 
0.000 0.000 0.000 0.000 0.000 0.000 0.000 0.000 0.000 0.365 0.935 0.790 0.220 0.000 0.000 0.000 0.000 0.000 0.000 0.000 0.000 0.000 0.000 0.000 0.000 0.000 0.000 0.000 0.000 0.000 0.112 0.583 1.000 0.565 0.105 0.000 0.000 0.000 0.000 0.000 0.000 0.000 0.000 0.000 0.000 0.000 0.000 0.000 0.000 0.000 
0.000 0.000 0.000 0.000 0.000 0.000 0.000 0.000 0.000 0.000 0.000 0.000 0.208 0.773 0.945 0.381 0.000 0.000 0.000 0.000 0.000 0.000 0.000 0.000 0.000 0.000 0.000 0.000 0.000 0.000 0.000 0.000 0.000 0.000 0.381 0.945 0.773 0.208 0.000 0.000 0.000 0.000 0.000 0.000 0.000 0.000 0.000 0.000 0.000 0.000 
0.000 0.000 0.000 0.000 0.000 0.000 0.000 0.000 0.000 0.000 0.000 0.000 0.000 0.000 0.000 0.105 0.565 1.000 0.583 0.112 0.000 0.000 0.000 0.000 0.000 0.000 0.000 0.000 0.000 0.000 0.000 0.000 0.000 0.000 0.000 0.000 0.000 0.220 0.790 0.935 0.365 0.000 0.000 0.000 0.000 0.000 0.000 0.000 0.000 0.000 
0.000 0.000 0.000 0.000 0.000 0.000 0.000 0.000 0.000 0.000 0.000 0.000 0.000 0.000 0.000 0.000 0.000 0.000 0.000 0.365 0.935 0.790 0.220 0.000 0.000 0.000 0.000 0.000 0.000 0.000 0.000 0.000 0.000 0.000 0.000 0.000 0.000 0.000 0.000 0.000 0.112 0.583 1.000 0.565 0.105 0.000 0.000 0.000 0.000 0.000 
0.000 0.000 0.000 0.000 0.000 0.000 0.000 0.000 0.000 0.000 0.000 0.000 0.000 0.000 0.000 0.000 0.000 0.000 0.000 0.000 0.000 0.000 0.208 0.773 0.945 0.381 0.000 0.000 0.000 0.000 0.000 0.000 0.000 0.000 0.000 0.000 0.000 0.000 0.000 0.000 0.000 0.000 0.000 0.000 0.381 0.945 0.773 0.208 0.000 0.000 
0.000 0.000 0.000 0.000 0.000 0.000 0.000 0.000 0.000 0.000 0.000 0.000 0.000 0.000 0.000 0.000 0.000 0.000 0.000 0.000 0.000 0.000 0.000 0.000 0.000 0.105 0.565 1.000 0.583 0.112 0.000 0.000 0.000 0.000 0.000 0.000 0.000 0.000 0.000 0.000 0.000 0.000 0.000 0.000 0.000 0.000 0.000 0.220 0.790 0.935 
0.000 0.000 0.000 0.000 0.000 0.000 0.000 0.000 0.000 0.000 0.000 0.000 0.000 0.000 0.000 0.000 0.000 0.000 0.000 0.000 0.000 0.000 0.000 0.000 0.000 0.000 0.000 0.000 0.000 0.365 0.935 0.790 0.220 0.000 0.000 0.000 0.000 0.000 0.000 0.000 0.000 0.000 0.000 0.000 0.000 0.000 0.000 0.000 0.000 0.000 
0.000 0.000 0.000 0.000 0.000 0.000 0.000 0.000 0.000 0.000 0.000 0.000 0.000 0.000 0.000 0.000 0.000 0.000 0.000 0.000 0.000 0.000 0.000 0.000 0.000 0.000 0.000 0.000 0.000 0.000 0.000 0.000 0.208 0.773 0.945 0.381 0.000 0.000 0.000 0.000 0.000 0.000 0.000 0.000 0.000 0.000 0.000 0.000 0.000 0.000 
0.000 0.000 0.000 0.000 0.000 0.000 0.000 0.000 0.000 0.000 0.000 0.000 0.000 0.000 0.000 0.000 0.000 0.000 0.000 0.000 0.000 0.000 0.000 0.000 0.000 0.000 0.000 0.000 0.000 0.000 0.000 0.000 0.000 0.000 0.000 0.105 0.565 1.000 0.583 0.112 0.000 0.000 0.000 0.000 0.000 0.000 0.000 0.000 0.000 0.000 
# 1 0 50 8
0.000 0.000 0.000 -0.882 -0.280 0.000 0.000 0.000 
0.000 0.000 0.000 -0.705 -0.452 0.000 0.000 0.000 
0.000 0.000 0.000 -0.504 -0.652 0.000 0.000 0.000 
0.000 0.000 0.000 -0.321 -0.841 0.000 0.000 0.000 
0.000 0.000 0.000 -0.183 -0.968 0.000 0.000 0.000 
0.000 0.000 0.000 0.000 -0.997 -0.132 0.000 0.000 
0.000 0.000 0.000 0.000 -0.917 -0.244 0.000 0.000 
0.000 0.000 0.000 0.000 -0.754 -0.406 0.000 0.000 
0.000 0.000 0.000 0.000 -0.554 -0.602 0.000 0.000 
0.000 0.000 0.000 0.000 -0.363 -0.797 0.000 0.000 
0.000 0.000 0.000 0.000 -0.213 -0.945 0.000 0.000 
0.000 0.000 0.000 0.000 -0.112 -1.000 -0.111 0.000 
0.000 0.000 0.000 0.000 0.000 -0.946 -0.212 0.000 
0.000 0.000 0.000 0.000 0.000 -0.800 -0.361 0.000 
0.000 0.000 0.000 0.000 0.000 -0.604 -0.551 0.000 
0.000 0.000 0.000 0.000 0.000 -0.408 -0.751 0.000 
0.000 0.000 0.000 0.000 0.000 -0.246 -0.915 0.000 
0.000 0.000 0.000 0.000 0.000 -0.133 -0.996 0.000 
0.000 0.000 0.000 0.000 0.000 0.000 -0.969 -0.182 
0.000 0.000 0.000 0.000 0.000 0.000 -0.843 -0.319 
-0.183 0.000 0.000 0.000 0.000 0.000 -0.655 -0.501 
-0.321 0.000 0.000 0.000 0.000 0.000 -0.455 -0.703 
-0.504 0.000 0.000 0.000 0.000 0.000 -0.282 -0.880 
-0.705 0.000 0.000 0.000 0.000 0.000 -0.157 -0.986 
-0.882 0.000 0.000 0.000 0.000 0.000 0.000 -0.986 
-0.986 0.000 0.000 0.000 0.000 0.000 0.000 -0.882 
-0.986 -0.157 0.000 0.000 0.000 0.000 0.000 -0.705 
-0.880 -0.282 0.000 0.000 0.000 0.000 0.000 -0.504 
-0.703 -0.455 0.000 0.000 0.000 0.000 0.000 -0.321 
-0.501 -0.655 0.000 0.000 0.000 0.000 0.000 -0.183 
-0.319 -0.843 0.000 0.000 0.000 0.000 0.000 0.000 
-0.182 -0.969 0.000 0.000 0.000 0.000 0.000 0.000 
0.000 -0.996 -0.133 0.000 0.000 0.000 0.000 0.000 
0.000 -0.915 -0.246 0.000 0.000 0.000 0.000 0.000 
0.000 -0.751 -0.408 0.000 0.000 0.000 0.000 0.000 
0.000 -0.551 -0.604 0.000 0.000 0.000 0.000 0.000 
0.000 -0.361 -0.800 0.000 0.000 0.000 0.000 0.000 
0.000 -0.212 -0.946 0.000 0.000 0.000 0.000 0.000 
0.000 -0.111 -1.000 -0.112 0.000 0.000 0.000 0.000 
0.000 0.000 -0.945 -0.213 0.000 0.000 0.000 0.000 
0.000 0.000 -0.797 -0.363 0.000 0.000 0.000 0.000 
0.000 0.000 -0.602 -0.554 0.000 0.000 0.000 0.000 
0.000 0.000 -0.406 -0.754 0.000 0.000 0.000 0.000 
0.000 0.000 -0.244 -0.917 0.000 0.000 0.000 0.000 
0.000 0.000 -0.132 -0.997 0.000 0.000 0.000 0.000 
0.000 0.000 0.000 -0.968 -0.183 0.000 0.000 0.000 
0.000 0.000 0.000 -0.841 -0.321 0.000 0.000 0.000 
0.000 0.000 0.000 -0.652 -0.504 0.000 0.000 0.000 
0.000 0.000 0.000 -0.452 -0.705 0.000 0.000 0.000 
0.000 0.000 0.000 -0.280 -0.882 0.000 0.000 0.000 
# 1 2 13 8
0.000 0.000 0.000 -0.627 -0.542 0.000 0.000 0.000 
0.000 0.000 0.000 0.000 -0.997 -0.159 0.000 0.000 
0.000 0.000 0.000 0.000 -0.348 -0.827 0.000 0.000 
0.000 0.000 0.000 0.000 0.000 -0.816 -0.359 0.000 
0.000 0.000 0.000 0.000 0.000 -0.153 -1.000 0.000 
-0.271 0.000 0.000 0.000 0.000 0.000 -0.529 -0.640 
-0.957 0.000 0.000 0.000 0.000 0.000 0.000 -0.957 
-0.640 -0.529 0.000 0.000 0.000 0.000 0.000 -0.271 
0.000 -1.000 -0.153 0.000 0.000 0.000 0.000 0.000 
0.000 -0.359 -0.816 0.000 0.000 0.000 0.000 0.000 
0.000 0.000 -0.827 -0.348 0.000 0.000 0.000 0.000 
0.000 0.000 -0.159 -0.997 0.000 0.000 0.000 0.000 
0.000 0.000 0.000 -0.542 -0.627 0.000 0.000 0.000 
# 2 0 50 13
0.000 0.000 0.000 0.000 -0.413 -0.955 -0.770 -0.216 0.000 0.000 0.000 0.000 0.000 
0.000 0.000 0.000 0.000 -0.279 -0.850 -0.901 -0.333 0.000 0.000 0.000 0.000 0.000 
0.000 0.000 0.000 0.000 -0.176 -0.704 -0.982 -0.478 0.000 0.000 0.000 0.000 0.000 
0.000 0.000 0.000 0.000 -0.103 -0.543 -0.997 -0.638 -0.142 0.000 0.000 0.000 0.000 
0.000 0.000 0.000 0.000 0.000 -0.390 -0.942 -0.793 -0.232 0.000 0.000 0.000 0.000 
0.000 0.000 0.000 0.000 0.000 -0.261 -0.829 -0.918 -0.354 0.000 0.000 0.000 0.000 
0.000 0.000 0.000 0.000 0.000 -0.163 -0.680 -0.989 -0.502 0.000 0.000 0.000 0.000 
0.000 0.000 0.000 0.000 0.000 0.000 -0.519 -0.993 -0.662 -0.154 0.000 0.000 0.000 
0.000 0.000 0.000 0.000 0.000 0.000 -0.369 -0.928 -0.815 -0.249 0.000 0.000 0.000 
0.000 0.000 0.000 0.000 0.000 0.000 -0.244 -0.808 -0.933 -0.375 0.000 0.000 0.000 
0.000 0.000 0.000 0.000 0.000 0.000 -0.150 -0.655 -0.994 -0.526 0.000 0.000 0.000 
0.000 0.000 0.000 0.000 0.000 0.000 0.000 -0.495 -0.987 -0.687 -0.167 0.000 0.000 
0.000 0.000 0.000 0.000 0.000 0.000 0.000 -0.348 -0.913 -0.836 -0.266 0.000 0.000 
0.000 0.000 0.000 0.000 0.000 0.000 0.000 -0.228 -0.786 -0.946 -0.397 0.000 0.000 
0.000 0.000 0.000 0.000 0.000 0.000 0.000 -0.139 -0.630 -0.998 -0.551 -0.106 0.000 
0.000 0.000 0.000 0.000 0.000 0.000 0.000 0.000 -0.471 -0.980 -0.711 -0.180 0.000 
-0.157 0.000 0.000 0.000 0.000 0.000 0.000 0.000 -0.327 -0.896 -0.856 -0.285 0.000 
-0.253 0.000 0.000 0.000 0.000 0.000 0.000 0.000 -0.212 -0.763 -0.958 -0.419 0.000 
-0.380 0.000 0.000 0.000 0.000 0.000 0.000 0.000 -0.128 -0.605 -1.000 -0.575 -0.115 
-0.531 0.000 0.000 0.000 0.000 0.000 0.000 0.000 0.000 -0.447 -0.971 -0.735 -0.194 
-0.692 -0.169 0.000 0.000 0.000 0.000 0.000 0.000 0.000 -0.308 -0.879 -0.875 -0.304 
-0.840 -0.270 0.000 0.000 0.000 0.000 0.000 0.000 0.000 -0.197 -0.740 -0.969 -0.442 
-0.949 -0.402 0.000 0.000 0.000 0.000 0.000 0.000 0.000 -0.117 -0.581 -1.000 -0.600 
-0.998 -0.556 -0.108 0.000 0.000 0.000 0.000 0.000 0.000 0.000 -0.424 -0.961 -0.759 
-0.978 -0.716 -0.183 0.000 0.000 0.000 0.000 0.000 0.000 0.000 -0.288 -0.860 -0.893 
-0.893 -0.860 -0.288 0.000 0.000 0.000 0.000 0.000 0.000 0.000 -0.183 -0.716 -0.978 
-0.759 -0.961 -0.424 0.000 0.000 0.000 0.000 0.000 0.000 0.000 -0.108 -0.556 -0.998 
-0.600 -1.000 -0.581 -0.117 0.000 0.000 0.000 0.000 0.000 0.000 0.000 -0.402 -0.949 
-0.442 -0.969 -0.740 -0.197 0.000 0.000 0.000 0.000 0.000 0.000 0.000 -0.270 -0.840 
-0.304 -0.875 -0.879 -0.308 0.000 0.000 0.000 0.000 0.000 0.000 0.000 -0.169 -0.692 
-0.194 -0.735 -0.971 -0.447 0.000 0.000 0.000 0.000 0.000 0.000 0.000 0.000 -0.531 
-0.115 -0.575 -1.000 -0.605 -0.128 0.000 0.000 0.000 0.000 0.000 0.000 0.000 -0.380 
0.000 -0.419 -0.958 -0.763 -0.212 0.000 0.000 0.000 0.000 0.000 0.000 0.000 -0.253 
0.000 -0.285 -0.856 -0.896 -0.327 0.000 0.000 0.000 0.000 0.000 0.000 0.000 -0.157 
0.000 -0.180 -0.711 -0.980 -0.471 0.000 0.000 0.000 0.000 0.000 0.000 0.000 0.000 
0.000 -0.106 -0.551 -0.998 -0.630 -0.139 0.000 0.000 0.000 0.000 0.000 0.000 0.000 
0.000 0.000 -0.397 -0.946 -0.786 -0.228 0.000 0.000 0.000 0.000 0.000 0.000 0.000 
0.000 0.000 -0.266 -0.836 -0.913 -0.348 0.000 0.000 0.000 0.000 0.000 0.000 0.000 
0.000 0.000 -0.167 -0.687 -0.987 -0.495 0.000 0.000 0.000 0.000 0.000 0.000 0.000 
0.000 0.000 0.000 -0.526 -0.994 -0.655 -0.150 0.000 0.000 0.000 0.000 0.000 0.000 
0.000 0.000 0.000 -0.375 -0.933 -0.808 -0.244 0.000 0.000 0.000 0.000 0.000 0.000 
0.000 0.000 0.000 -0.249 -0.815 -0.928 -0.369 0.000 0.000 0.000 0.000 0.000 0.000 
0.000 0.000 0.000 -0.154 -0.662 -0.993 -0.519 0.000 0.000 0.000 0.000 0.000 0.000 
0.000 0.000 0.000 0.000 -0.502 -0.989 -0.680 -0.163 0.000 0.000 0.000 0.000 0.000 
0.000 0.000 0.000 0.000 -0.354 -0.918 -0.829 -0.261 0.000 0.000 0.000 0.000 0.000 
0.000 0.000 0.000 0.000 -0.232 -0.793 -0.942 -0.390 0.000 0.000 0.000 0.000 0.000 
0.000 0.000 0.000 0.000 -0.142 -0.638 -0.997 -0.543 -0.103 0.000 0.000 0.000 0.000 
0.000 0.000 0.000 0.000 0.000 -0.478 -0.982 -0.704 -0.176 0.000 0.000 0.000 0.000 
0.000 0.000 0.000 0.000 0.000 -0.333 -0.901 -0.850 -0.279 0.000 0.000 0.000 0.000 
0.000 0.000 0.000 0.000 0.000 -0.216 -0.770 -0.955 -0.413 0.000 0.000 0.000 0.000 
# 2 1 8 13
0.000 0.000 0.000 0.000 -0.127 -0.604 -1.000 -0.577 -0.116 0.000 0.000 0.000 0.000 
0.000 0.000 0.000 0.000 0.000 0.000 -0.258 -0.826 -0.921 -0.358 0.000 0.000 0.000 
0.000 0.000 0.000 0.000 0.000 0.000 0.000 0.000 -0.452 -0.973 -0.731 -0.191 0.000 
-0.887 -0.316 0.000 0.000 0.000 0.000 0.000 0.000 0.000 -0.164 -0.681 -0.989 -0.500 
-0.500 -0.989 -0.681 -0.164 0.000 0.000 0.000 0.000 0.000 0.000 0.000 -0.316 -0.887 
0.000 -0.191 -0.731 -0.973 -0.452 0.000 0.000 0.000 0.000 0.000 0.000 0.000 0.000 
0.000 0.000 0.000 -0.358 -0.921 -0.826 -0.258 0.000 0.000 0.000 0.000 0.000 0.000 
0.000 0.000 0.000 0.000 -0.116 -0.577 -1.000 -0.604 -0.127 0.000 0.000 0.000 0.000 
