69.179061
4
# 0 1 10 50
0.000 0.000 0.000 0.000 0.000 0.000 0.000 0.000 0.000 0.000 0.183 0.631 1.000 0.727 0.243 0.000 0.000 0.000 0.000 0.000 0.000 0.000 0.000 0.000 0.000 0.000 0.000 0.000 0.000 0.000 0.000 0.000 0.000 0.000 0.000 0.000 0.000 0.000 0.000 0.000 0.000 0.000 0.000 0.000 0.000 0.000 0.000 0.000 0.000 0.000 
0.000 0.000 0.000 0.000 0.000 0.000 0.000 0.000 0.000 0.000 0.000 0.000 0.000 0.000 0.000 0.183 0.631 1.000 0.727 0.243 0.000 0.000 0.000 0.000 0.000 0.000 0.000 0.000 0.000 0.000 0.000 0.000 0.000 0.000 0.000 0.000 0.000 0.000 0.000 0.000 0.000 0.000 0.000 0.000 0.000 0.000 0.000 0.000 0.000 0.000 
0.243 0.727 1.000 0.631 0.183 0.000 0.000 0.000 0.000 0.000 0.000 0.000 0.000 0.000 0.000 0.000 0.000 0.000 0.000 0.000 0.183 0.631 1.000 0.727 0.243 0.000 0.000 0.000 0.000 0.000 0.000 0.000 0.000 0.000 0.000 0.000 0.000 0.000 0.000 0.000 0.000 0.000 0.000 0.000 0.000 0.000 0.000 0.000 0.000 0.000 
0.000 0.000 0.000 0.000 0.000 0.243 0.727 1.000 0.631 0.183 0.000 0.000 0.000 0.000 0.000 0.000 0.000 0.000 0.000 0.000 0.000 0.000 0.000 0.000 0.000 0.183 0.631 1.000 0.727 0.243 0.000 0.000 0.000 0.000 0.000 0.000 0.000 0.000 0.000 0.000 0.000 0.000 0.000 0.000 0.000 0.000 0.000 0.000 0.000 0.000 
0.000 0.000 0.000 0.000 0.000 0.000 0.000 0.000 0.000 0.000 0.243 0.727 1.000 0.631 0.183 0.000 0.000 0.000 0.000 0.000 0.000 0.000 0.000 0.000 0.000 0.000 0.000 0.000 0.000 0.000 0.183 0.631 1.000 0.727 0.243 0.000 0.000 0.000 0.000 0.000 0.000 0.000 0.000 0.000 0.000 0.000 0.000 0.000 0.000 0.000 
0.000 0.000 0.000 0.000 0.000 0.000 0.000 0.000 0.000 0.000 0.000 0.000 0.000 0.000 0.000 0.243 0.727 1.000 0.631 0.183 0.000 0.000 0.000 0.000 0.000 0.000 0.000 0.000 0.000 0.000 0.000 0.000 0.000 0.000 0.000 0.183 0.631 1.000 0.727 0.243 0.000 0.000 0.000 0.000 0.000 0.000 0.000 0.000 0.000 0.000 
0.000 0.000 0.000 0.000 0.000 0.000 0.000 0.000 0.000 0.000 0.000 0.000 0.000 0.000 0.000 0.000 0.000 0.000 0.000 0.000 0.243 0.727 1.000 0.631 0.183 0.000 0.000 0.000 0.000 0.000 0.000 0.000 0.000 0.000 0.000 0.000 0.000 0.000 0.000 0.000 0.183 0.631 1.000 0.727 0.243 0.000 0.000 0.000 0.000 0.000 
0.000 0.000 0.000 0.000 0.000 0.000 0.000 0.000 0.000 0.000 0.000 0.000 0.000 0.000 0.000 0.000 0.000 0.000 0.000 0.000 0.000 0.000 0.000 0.000 0.000 0.243 0.727 1.000 0.631 0.183 0.000 0.000 0.000 0.000 0.000 0.000 0.000 0.000 0.000 0.000 0.000 0.000 0.000 0.000 0.000 0.183 0.631 1.000 0.727 0.243 
0.000 0.000 0.000 0.000 0.000 0.000 0.000 0.000 0.000 0.000 0.000 0.000 0.000 0.000 0.000 0.000 0.000 0.000 0.000 0.000 0.000 0.000 0.000 0.000 0.000 0.000 0.000 0.000 0.000 0.000 0.243 0.727 1.000 0.631 0.183 0.000 0.000 0.000 0.000 0.000 0.000 0.000 0.000 0.000 0.000 0.000 0.000 0.000 0.000 0.000 
0.000 0.000 0.000 0.000 0.000 0.000 0.000 0.000 0.000 0.000 0.000 0.000 0.000 0.000 0.000 0.000 0.000 0.000 0.000 0.000 0.000 0.000 0.000 0.000 0.000 0.000 0.000 0.000 0.000 0.000 0.000 0.000 0.000 0.000 0.000 0.243 0.727 1.000 0.631 0.183 0.000 0.000 0.000 0.000 0.000 0.000 0.000 0.000 0.000 0.000 
# 0 2 9 50
0.000 0.000 0.000 0.000 0.000 0.000 0.000 0.000 0.000 0.000 0.112 0.482 0.949 0.857 0.355 0.000 0.000 0.000 0.000 0.000 0.000 0.000 0.000 0.000 0.000 0.000 0.000 0.000 0.000 0.000 0.000 0.000 0.000 0.000 0.000 0.000 0.000 0.000 0.000 0.000 0.000 0.000 0.000 0.000 0.000 0.000 0.000 0.000 0.000 0.000 
0.137 0.000 0.000 0.000 0.000 0.000 0.000 0.000 0.000 0.000 0.000 0.000 0.000 0.000 0.000 0.000 0.236 0.717 0.998 0.637 0.187 0.000 0.000 0.000 0.000 0.000 0.000 0.000 0.000 0.000 0.000 0.000 0.000 0.000 0.000 0.000 0.000 0.000 0.000 0.000 0.000 0.000 0.000 0.000 0.000 0.000 0.000 0.000 0.000 0.000 
0.000 0.128 0.519 0.966 0.826 0.324 0.000 0.000 0.000 0.000 0.000 0.000 0.000 0.000 0.000 0.000 0.000 0.000 0.000 0.000 0.000 0.000 0.426 0.915 0.900 0.407 0.000 0.000 0.000 0.000 0.000 0.000 0.000 0.000 0.000 0.000 0.000 0.000 0.000 0.000 0.000 0.000 0.000 0.000 0.000 0.000 0.000 0.000 0.000 0.000 
0.000 0.000 0.000 0.000 0.000 0.000 0.000 0.262 0.753 0.992 0.600 0.166 0.000 0.000 0.000 0.000 0.000 0.000 0.000 0.000 0.000 0.000 0.000 0.000 0.000 0.000 0.000 0.199 0.659 1.000 0.696 0.222 0.000 0.000 0.000 0.000 0.000 0.000 0.000 0.000 0.000 0.000 0.000 0.000 0.000 0.000 0.000 0.000 0.000 0.000 
0.000 0.000 0.000 0.000 0.000 0.000 0.000 0.000 0.000 0.000 0.000 0.000 0.104 0.462 0.937 0.873 0.373 0.000 0.000 0.000 0.000 0.000 0.000 0.000 0.000 0.000 0.000 0.000 0.000 0.000 0.000 0.000 0.000 0.373 0.873 0.937 0.462 0.104 0.000 0.000 0.000 0.000 0.000 0.000 0.000 0.000 0.000 0.000 0.000 0.000 
0.000 0.000 0.000 0.000 0.000 0.000 0.000 0.000 0.000 0.000 0.000 0.000 0.000 0.000 0.000 0.000 0.000 0.000 0.222 0.696 1.000 0.659 0.199 0.000 0.000 0.000 0.000 0.000 0.000 0.000 0.000 0.000 0.000 0.000 0.000 0.000 0.000 0.000 0.166 0.600 0.992 0.753 0.262 0.000 0.000 0.000 0.000 0.000 0.000 0.000 
0.000 0.000 0.000 0.000 0.000 0.000 0.000 0.000 0.000 0.000 0.000 0.000 0.000 0.000 0.000 0.000 0.000 0.000 0.000 0.000 0.000 0.000 0.000 0.000 0.407 0.900 0.915 0.426 0.000 0.000 0.000 0.000 0.000 0.000 0.000 0.000 0.000 0.000 0.000 0.000 0.000 0.000 0.000 0.000 0.324 0.826 0.966 0.519 0.128 0.000 
0.000 0.000 0.000 0.000 0.000 0.000 0.000 0.000 0.000 0.000 0.000 0.000 0.000 0.000 0.000 0.000 0.000 0.000 0.000 0.000 0.000 0.000 0.000 0.000 0.000 0.000 0.000 0.000 0.000 0.187 0.637 0.998 0.717 0.236 0.000 0.000 0.000 0.000 0.000 0.000 0.000 0.000 0.000 0.000 0.000 0.000 0.000 0.000 0.000 0.137 
0.000 0.000 0.000 0.000 0.000 0.000 0.000 0.000 0.000 0.000 0.000 0.000 0.000 0.000 0.000 0.000 0.000 0.000 0.000 0.000 0.000 0.000 0.000 0.000 0.000 0.000 0.000 0.000 0.000 0.000 0.000 0.000 0.000 0.000 0.000 0.355 0.857 0.949 0.482 0.112 0.000 0.000 0.000 0.000 0.000 0.000 0.000 0.000 0.000 0.000 
# 0 3 15 50
0.000 0.000 0.000 0.000 0.000 0.000 0.000 0.000 0.000 0.138 0.541 0.977 0.809 0.307 0.000 0.000 0.000 0.000 0.000 0.000 0.000 0.000 0.000 0.000 0.000 0.000 0.000 0.000 0.000 0.000 0.000 0.000 0.000 0.000 0.000 0.000 0.000 0.000 0.000 0.000 0.000 0.000 0.000 0.000 0.000 0.000 0.000 0.000 0.000 0.000 
0.000 0.000 0.000 0.000 0.000 0.000 0.000 0.000 0.000 0.000 0.000 0.000 0.000 0.374 0.875 0.939 0.462 0.104 0.000 0.000 0.000 0.000 0.000 0.000 0.000 0.000 0.000 0.000 0.000 0.000 0.000 0.000 0.000 0.000 0.000 0.000 0.000 0.000 0.000 0.000 0.000 0.000 0.000 0.000 0.000 0.000 0.000 0.000 0.000 0.000 
0.138 0.000 0.000 0.000 0.000 0.000 0.000 0.000 0.000 0.000 0.000 0.000 0.000 0.000 0.000 0.000 0.237 0.719 1.000 0.639 0.187 0.000 0.000 0.000 0.000 0.000 0.000 0.000 0.000 0.000 0.000 0.000 0.000 0.000 0.000 0.000 0.000 0.000 0.000 0.000 0.000 0.000 0.000 0.000 0.000 0.000 0.000 0.000 0.000 0.000 
0.639 1.000 0.719 0.237 0.000 0.000 0.000 0.000 0.000 0.000 0.000 0.000 0.000 0.000 0.000 0.000 0.000 0.000 0.000 0.138 0.541 0.977 0.809 0.307 0.000 0.000 0.000 0.000 0.000 0.000 0.000 0.000 0.000 0.000 0.000 0.000 0.000 0.000 0.000 0.000 0.000 0.000 0.000 0.000 0.000 0.000 0.000 0.000 0.000 0.000 
0.000 0.000 0.104 0.462 0.939 0.875 0.374 0.000 0.000 0.000 0.000 0.000 0.000 0.000 0.000 0.000 0.000 0.000 0.000 0.000 0.000 0.000 0.000 0.374 0.875 0.939 0.462 0.104 0.000 0.000 0.000 0.000 0.000 0.000 0.000 0.000 0.000 0.000 0.000 0.000 0.000 0.000 0.000 0.000 0.000 0.000 0.000 0.000 0.000 0.000 
0.000 0.000 0.000 0.000 0.000 0.000 0.307 0.809 0.977 0.541 0.138 0.000 0.000 0.000 0.000 0.000 0.000 0.000 0.000 0.000 0.000 0.000 0.000 0.000 0.000 0.000 0.237 0.719 1.000 0.639 0.187 0.000 0.000 0.000 0.000 0.000 0.000 0.000 0.000 0.000 0.000 0.000 0.000 0.000 0.000 0.000 0.000 0.000 0.000 0.000 
0.000 0.000 0.000 0.000 0.000 0.000 0.000 0.000 0.000 0.187 0.639 1.000 0.719 0.237 0.000 0.000 0.000 0.000 0.000 0.000 0.000 0.000 0.000 0.000 0.000 0.000 0.000 0.000 0.000 0.138 0.541 0.977 0.809 0.307 0.000 0.000 0.000 0.000 0.000 0.000 0.000 0.000 0.000 0.000 0.000 0.000 0.000 0.000 0.000 0.000 
0.000 0.000 0.000 0.000 0.000 0.000 0.000 0.000 0.000 0.000 0.000 0.000 0.104 0.462 0.939 0.875 0.374 0.000 0.000 0.000 0.000 0.000 0.000 0.000 0.000 0.000 0.000 0.000 0.000 0.000 0.000 0.000 0.000 0.374 0.875 0.939 0.462 0.104 0.000 0.000 0.000 0.000 0.000 0.000 0.000 0.000 0.000 0.000 0.000 0.000 
0.000 0.000 0.000 0.000 0.000 0.000 0.000 0.000 0.000 0.000 0.000 0.000 0.000 0.000 0.000 0.000 0.307 0.809 0.977 0.541 0.138 0.000 0.000 0.000 0.000 0.000 0.000 0.000 0.000 0.000 0.000 0.000 0.000 0.000 0.000 0.000 0.237 0.719 1.000 0.639 0.187 0.000 0.000 0.000 0.000 0.000 0.000 0.000 0.000 0.000 
0.000 0.000 0.000 0.000 0.000 0.000 0.000 0.000 0.000 0.000 0.000 0.000 0.000 0.000 0.000 0.000 0.000 0.000 0.000 0.187 0.639 1.000 0.719 0.237 0.000 0.000 0.000 0.000 0.000 0.000 0.000 0.000 0.000 0.000 0.000 0.000 0.000 0.000 0.000 0.138 0.541 0.977 0.809 0.307 0.000 0.000 0.000 0.000 0.000 0.000 
0.000 0.000 0.000 0.000 0.000 0.000 0.000 0.000 0.000 0.000 0.000 0.000 0.000 0.000 0.000 0.000 0.000 0.000 0.000 0.000 0.000 0.000 0.104 0.462 0.939 0.875 0.374 0.000 0.000 0.000 0.000 0.000 0.000 0.000 0.000 0.000 0.000 0.000 0.000 0.000 0.000 0.000 0.000 0.374 0.875 0.939 0.462 0.104 0.000 0.000 
0.000 0.000 0.000 0.000 0.000 0.000 0.000 0.000 0.000 0.000 0.000 0.000 0.000 0.000 0.000 0.000 0.000 0.000 0.000 0.000 0.000 0.000 0.000 0.000 0.000 0.000 0.307 0.809 0.977 0.541 0.138 0.000 0.000 0.000 0.000 0.000 0.000 0.000 0.000 0.000 0.000 0.000 0.000 0.000 0.000 0.000 0.237 0.719 1.000 0.639 
0.000 0.000 0.000 0.000 0.000 0.000 0.000 0.000 0.000 0.000 0.000 0.000 0.000 0.000 0.000 0.000 0.000 0.000 0.000 0.000 0.000 0.000 0.000 0.000 0.000 0.000 0.000 0.000 0.000 0.187 0.639 1.000 0.719 0.237 0.000 0.000 0.000 0.000 0.000 0.000 0.000 0.000 0.000 0.000 0.000 0.000 0.000 0.000 0.000 0.138 
0.000 0.000 0.000 0.000 0.000 0.000 0.000 0.000 0.000 0.000 0.000 0.000 0.000 0.000 0.000 0.000 0.000 0.000 0.000 0.000 0.000 0.000 0.000 0.000 0.000 0.000 0.000 0.000 0.000 0.000 0.000 0.000 0.104 0.462 0.939 0.875 0.374 0.000 0.000 0.000 0.000 0.000 0.000 0.000 0.000 0.000 0.000 0.000 0.000 0.000 
0.000 0.000 0.000 0.000 0.000 0.000 0.000 0.000 0.000 0.000 0.000 0.000 0.000 0.000 0.000 0.000 0.000 0.000 0.000 0.000 0.000 0.000 0.000 0.000 0.000 0.000 0.000 0.000 0.000 0.000 0.000 0.000 0.000 0.000 0.000 0.000 0.307 0.809 0.977 0.541 0.138 0.000 0.000 0.000 0.000 0.000 0.000 0.000 0.000 0.000 
# 1 0 50 10
-0.999 0.000 0.000 0.000 0.000 0.000 0.000 0.000 0.000 0.000 
-1.000 0.000 0.000 0.000 0.000 0.000 0.000 0.000 0.000 0.000 
-0.765 -0.199 0.000 0.000 0.000 0.000 0.000 0.000 0.000 0.000 
-1.000 -0.446 0.000 0.000 0.000 0.000 0.000 0.000 0.000 0.000 
-0.999 -0.763 0.000 0.000 0.000 0.000 0.000 0.000 0.000 0.000 
-0.763 -0.999 0.000 0.000 0.000 0.000 0.000 0.000 0.000 0.000 
-0.446 -1.000 0.000 0.000 0.000 0.000 0.000 0.000 0.000 0.000 
-0.199 -0.765 -0.199 0.000 0.000 0.000 0.000 0.000 0.000 0.000 
0.000 -1.000 -0.446 0.000 0.000 0.000 0.000 0.000 0.000 0.000 
0.000 -0.999 -0.763 0.000 0.000 0.000 0.000 0.000 0.000 0.000 
0.000 -0.763 -0.999 0.000 0.000 0.000 0.000 0.000 0.000 0.000 
0.000 -0.446 -1.000 0.000 0.000 0.000 0.000 0.000 0.000 0.000 
0.000 -0.199 -0.765 -0.199 0.000 0.000 0.000 0.000 0.000 0.000 
0.000 0.000 -1.000 -0.446 0.000 0.000 0.000 0.000 0.000 0.000 
0.000 0.000 -0.999 -0.763 0.000 0.000 0.000 0.000 0.000 0.000 
0.000 0.000 -0.763 -0.999 0.000 0.000 0.000 0.000 0.000 0.000 
0.000 0.000 -0.446 -1.000 0.000 0.000 0.000 0.000 0.000 0.000 
0.000 0.000 -0.199 -0.765 -0.199 0.000 0.000 0.000 0.000 0.000 
0.000 0.000 0.000 -1.000 -0.446 0.000 0.000 0.000 0.000 0.000 
0.000 0.000 0.000 -0.999 -0.763 0.000 0.000 0.000 0.000 0.000 
0.000 0.000 0.000 -0.763 -0.999 0.000 0.000 0.000 0.000 0.000 
0.000 0.000 0.000 -0.446 -1.000 0.000 0.000 0.000 0.000 0.000 
0.000 0.000 0.000 -0.199 -0.765 -0.199 0.000 0.000 0.000 0.000 
0.000 0.000 0.000 0.000 -1.000 -0.446 0.000 0.000 0.000 0.000 
0.000 0.000 0.000 0.000 -0.999 -0.763 0.000 0.000 0.000 0.000 
0.000 0.000 0.000 0.000 -0.763 -0.999 0.000 0.000 0.000 0.000 
0.000 0.000 0.000 0.000 -0.446 -1.000 0.000 0.000 0.000 0.000 
0.000 0.000 0.000 0.000 -0.199 -0.765 -0.199 0.000 0.000 0.000 
0.000 0.000 0.000 0.000 0.000 -1.000 -0.446 0.000 0.000 0.000 
0.000 0.000 0.000 0.000 0.000 -0.999 -0.763 0.000 0.000 0.000 
0.000 0.000 0.000 0.000 0.000 -0.763 -0.999 0.000 0.000 0.000 
0.000 0.000 0.000 0.000 0.000 -0.446 -1.000 0.000 0.000 0.000 
0.000 0.000 0.000 0.000 0.000 -0.199 -0.765 -0.199 0.000 0.000 
0.000 0.000 0.000 0.000 0.000 0.000 -1.000 -0.446 0.000 0.000 
0.000 0.000 0.000 0.000 0.000 0.000 -0.999 -0.763 0.000 0.000 
0.000 0.000 0.000 0.000 0.000 0.000 -0.763 -0.999 0.000 0.000 
0.000 0.000 0.000 0.000 0.000 0.000 -0.446 -1.000 0.000 0.000 
0.000 0.000 0.000 0.000 0.000 0.000 -0.199 -0.765 -0.199 0.000 
0.000 0.000 0.000 0.000 0.000 0.000 0.000 -1.000 -0.446 0.000 
0.000 0.000 0.000 0.000 0.000 0.000 0.000 -0.999 -0.763 0.000 
0.000 0.000 0.000 0.000 0.000 0.000 0.000 -0.763 -0.999 0.000 
0.000 0.000 0.000 0.000 0.000 0.000 0.000 -0.446 -1.000 0.000 
0.000 0.000 0.000 0.000 0.000 0.000 0.000 -0.199 -0.765 -0.199 
0.000 0.000 0.000 0.000 0.000 0.000 0.000 0.000 -1.000 -0.446 
0.000 0.000 0.000 0.000 0.000 0.000 0.000 0.000 -0.999 -0.763 
0.000 0.000 0.000 0.000 0.000 0.000 0.000 0.000 -0.763 -0.999 
0.000 0.000 0.000 0.000 0.000 0.000 0.000 0.000 -0.446 -1.000 
0.000 0.000 0.000 0.000 0.000 0.000 0.000 0.000 -0.199 -0.765 
0.000 0.000 0.000 0.000 0.000 0.000 0.000 0.000 0.000 -1.000 
0.000 0.000 0.000 0.000 0.000 0.000 0.000 0.000 0.000 -0.999 
# 1 2 9 10
-0.820 -0.248 0.000 0.000 0.000 0.000 0.000 0.000 0.000 0.000 
0.000 -0.944 -0.385 0.000 0.000 0.000 0.000 0.000 0.000 0.000 
0.000 0.000 -1.000 -0.550 0.000 0.000 0.000 0.000 0.000 0.000 
0.000 0.000 0.000 -0.975 -0.723 0.000 0.000 0.000 0.000 0.000 
0.000 0.000 0.000 0.000 -0.875 -0.875 0.000 0.000 0.000 0.000 
0.000 0.000 0.000 0.000 0.000 -0.723 -0.975 0.000 0.000 0.000 
0.000 0.000 0.000 0.000 0.000 0.000 -0.550 -1.000 0.000 0.000 
0.000 0.000 0.000 0.000 0.000 0.000 0.000 -0.385 -0.944 0.000 
0.000 0.000 0.000 0.000 0.000 0.000 0.000 0.000 -0.248 -0.820 
# 2 0 50 9
0.000 0.000 0.000 -0.498 -0.814 0.000 0.000 0.000 0.000 
0.000 0.000 0.000 -0.320 -0.952 -0.102 0.000 0.000 0.000 
0.000 0.000 0.000 -0.185 -1.000 -0.195 0.000 0.000 0.000 
0.000 0.000 0.000 0.000 -0.943 -0.335 0.000 0.000 0.000 
0.000 0.000 0.000 0.000 -0.798 -0.516 0.000 0.000 0.000 
0.000 0.000 0.000 0.000 -0.607 -0.713 0.000 0.000 0.000 
0.000 0.000 0.000 0.000 -0.415 -0.885 0.000 0.000 0.000 
0.000 0.000 0.000 0.000 -0.254 -0.986 -0.138 0.000 0.000 
0.000 0.000 0.000 0.000 -0.140 -0.987 -0.252 0.000 0.000 
0.000 0.000 0.000 0.000 0.000 -0.887 -0.411 0.000 0.000 
0.000 0.000 0.000 0.000 0.000 -0.716 -0.603 0.000 0.000 
0.000 0.000 0.000 0.000 0.000 -0.519 -0.795 0.000 0.000 
0.000 0.000 0.000 0.000 0.000 -0.338 -0.941 0.000 0.000 
0.000 0.000 0.000 0.000 0.000 -0.198 -1.000 -0.183 0.000 
0.000 0.000 0.000 0.000 0.000 -0.104 -0.954 -0.317 0.000 
0.000 0.000 0.000 0.000 0.000 0.000 -0.818 -0.494 0.000 
0.000 0.000 0.000 0.000 0.000 0.000 -0.629 -0.691 0.000 
0.000 0.000 0.000 0.000 0.000 0.000 -0.435 -0.868 0.000 
0.000 0.000 0.000 0.000 0.000 0.000 -0.270 -0.980 -0.129 
-0.161 0.000 0.000 0.000 0.000 0.000 -0.150 -0.992 -0.237 
-0.286 0.000 0.000 0.000 0.000 0.000 0.000 -0.903 -0.391 
-0.455 0.000 0.000 0.000 0.000 0.000 0.000 -0.738 -0.581 
-0.651 0.000 0.000 0.000 0.000 0.000 0.000 -0.541 -0.775 
-0.836 0.000 0.000 0.000 0.000 0.000 0.000 -0.356 -0.928 
-0.964 -0.112 0.000 0.000 0.000 0.000 0.000 -0.211 -0.998 
-0.998 -0.211 0.000 0.000 0.000 0.000 0.000 -0.112 -0.964 
-0.928 -0.356 0.000 0.000 0.000 0.000 0.000 0.000 -0.836 
-0.775 -0.541 0.000 0.000 0.000 0.000 0.000 0.000 -0.651 
-0.581 -0.738 0.000 0.000 0.000 0.000 0.000 0.000 -0.455 
-0.391 -0.903 0.000 0.000 0.000 0.000 0.000 0.000 -0.286 
-0.237 -0.992 -0.150 0.000 0.000 0.000 0.000 0.000 -0.161 
-0.129 -0.980 -0.270 0.000 0.000 0.000 0.000 0.000 0.000 
0.000 -0.868 -0.435 0.000 0.000 0.000 0.000 0.000 0.000 
0.000 -0.691 -0.629 0.000 0.000 0.000 0.000 0.000 0.000 
0.000 -0.494 -0.818 0.000 0.000 0.000 0.000 0.000 0.000 
0.000 -0.317 -0.954 -0.104 0.000 0.000 0.000 0.000 0.000 
0.000 -0.183 -1.000 -0.198 0.000 0.000 0.000 0.000 0.000 
0.000 0.000 -0.941 -0.338 0.000 0.000 0.000 0.000 0.000 
0.000 0.000 -0.795 -0.519 0.000 0.000 0.000 0.000 0.000 
0.000 0.000 -0.603 -0.716 0.000 0.000 0.000 0.000 0.000 
0.000 0.000 -0.411 -0.887 0.000 0.000 0.000 0.000 0.000 
0.000 0.000 -0.252 -0.987 -0.140 0.000 0.000 0.000 0.000 
0.000 0.000 -0.138 -0.986 -0.254 0.000 0.000 0.000 0.000 
0.000 0.000 0.000 -0.885 -0.415 0.000 0.000 0.000 0.000 
0.000 0.000 0.000 -0.713 -0.607 0.000 0.000 0.000 0.000 
0.000 0.000 0.000 -0.516 -0.798 0.000 0.000 0.000 0.000 
0.000 0.000 0.000 -0.335 -0.943 0.000 0.000 0.000 0.000 
0.000 0.000 0.000 -0.195 -1.000 -0.185 0.000 0.000 0.000 
0.000 0.000 0.000 -0.102 -0.952 -0.320 0.000 0.000 0.000 
0.000 0.000 0.000 0.000 -0.814 -0.498 0.000 0.000 0.000 
# 2 1 10 9
0.000 0.000 0.000 -0.185 -1.000 -0.195 0.000 0.000 0.000 
0.000 0.000 0.000 0.000 -0.254 -0.986 -0.138 0.000 0.000 
0.000 0.000 0.000 0.000 0.000 -0.338 -0.941 0.000 0.000 
0.000 0.000 0.000 0.000 0.000 0.000 -0.435 -0.868 0.000 
-0.651 0.000 0.000 0.000 0.000 0.000 0.000 -0.541 -0.775 
-0.775 -0.541 0.000 0.000 0.000 0.000 0.000 0.000 -0.651 
0.000 -0.868 -0.435 0.000 0.000 0.000 0.000 0.000 0.000 
0.000 0.000 -0.941 -0.338 0.000 0.000 0.000 0.000 0.000 
0.000 0.000 -0.138 -0.986 -0.254 0.000 0.000 0.000 0.000 
0.000 0.000 0.000 -0.195 -1.000 -0.185 0.000 0.000 0.000 
