69.222945
3
# 0 1 8 50
0.358 0.968 0.657 0.481 1.000 0.523 0.000 0.000 0.000 0.000 0.000 0.000 0.000 0.000 0.000 0.000 0.000 0.000 0.000 0.000 0.000 0.000 0.000 0.000 0.000 0.000 0.000 0.000 0.000 0.000 0.000 0.000 0.000 0.000 0.000 0.000 0.000 0.000 0.000 0.000 0.000 0.000 0.000 0.000 0.000 0.000 0.000 0.000 0.000 0.000 
0.000 0.000 0.000 0.000 0.000 0.000 0.225 0.859 0.824 0.323 0.948 0.700 0.130 0.000 0.000 0.000 0.000 0.000 0.000 0.000 0.000 0.000 0.000 0.000 0.000 0.000 0.000 0.000 0.000 0.000 0.000 0.000 0.000 0.000 0.000 0.000 0.000 0.000 0.000 0.000 0.000 0.000 0.000 0.000 0.000 0.000 0.000 0.000 0.000 0.000 
0.000 0.000 0.000 0.000 0.000 0.000 0.000 0.000 0.000 0.000 0.000 0.000 0.130 0.700 0.948 0.323 0.824 0.859 0.225 0.000 0.000 0.000 0.000 0.000 0.000 0.000 0.000 0.000 0.000 0.000 0.000 0.000 0.000 0.000 0.000 0.000 0.000 0.000 0.000 0.000 0.000 0.000 0.000 0.000 0.000 0.000 0.000 0.000 0.000 0.000 
0.000 0.000 0.000 0.000 0.000 0.000 0.000 0.000 0.000 0.000 0.000 0.000 0.000 0.000 0.000 0.000 0.000 0.000 0.000 0.523 1.000 0.481 0.657 0.968 0.358 0.000 0.000 0.000 0.000 0.000 0.000 0.000 0.000 0.000 0.000 0.000 0.000 0.000 0.000 0.000 0.000 0.000 0.000 0.000 0.000 0.000 0.000 0.000 0.000 0.000 
0.000 0.000 0.000 0.000 0.000 0.000 0.000 0.000 0.000 0.000 0.000 0.000 0.000 0.000 0.000 0.000 0.000 0.000 0.000 0.000 0.000 0.000 0.000 0.000 0.000 0.358 0.968 0.657 0.481 1.000 0.523 0.000 0.000 0.000 0.000 0.000 0.000 0.000 0.000 0.000 0.000 0.000 0.000 0.000 0.000 0.000 0.000 0.000 0.000 0.000 
0.000 0.000 0.000 0.000 0.000 0.000 0.000 0.000 0.000 0.000 0.000 0.000 0.000 0.000 0.000 0.000 0.000 0.000 0.000 0.000 0.000 0.000 0.000 0.000 0.000 0.000 0.000 0.000 0.000 0.000 0.000 0.225 0.859 0.824 0.323 0.948 0.700 0.130 0.000 0.000 0.000 0.000 0.000 0.000 0.000 0.000 0.000 0.000 0.000 0.000 
0.000 0.000 0.000 0.000 0.000 0.000 0.000 0.000 0.000 0.000 0.000 0.000 0.000 0.000 0.000 0.000 0.000 0.000 0.000 0.000 0.000 0.000 0.000 0.000 0.000 0.000 0.000 0.000 0.000 0.000 0.000 0.000 0.000 0.000 0.000 0.000 0.000 0.130 0.700 0.948 0.323 0.824 0.859 0.225 0.000 0.000 0.000 0.000 0.000 0.000 
0.000 0.000 0.000 0.000 0.000 0.000 0.000 0.000 0.000 0.000 0.000 0.000 0.000 0.000 0.000 0.000 0.000 0.000 0.000 0.000 0.000 0.000 0.000 0.000 0.000 0.000 0.000 0.000 0.000 0.000 0.000 0.000 0.000 0.000 0.000 0.000 0.000 0.000 0.000 0.000 0.000 0.000 0.000 0.000 0.523 1.000 0.481 0.657 0.968 0.358 
# 0 2 15 50
0.967 0.349 0.803 0.887 0.246 0.000 0.000 0.000 0.000 0.000 0.000 0.000 0.000 0.000 0.000 0.000 0.000 0.000 0.000 0.000 0.000 0.000 0.000 0.000 0.000 0.000 0.000 0.000 0.000 0.000 0.000 0.000 0.000 0.000 0.000 0.000 0.000 0.000 0.000 0.000 0.000 0.000 0.000 0.000 0.000 0.000 0.000 0.000 0.000 0.000 
0.000 0.000 0.440 1.000 0.572 0.572 1.000 0.440 0.000 0.000 0.000 0.000 0.000 0.000 0.000 0.000 0.000 0.000 0.000 0.000 0.000 0.000 0.000 0.000 0.000 0.000 0.000 0.000 0.000 0.000 0.000 0.000 0.000 0.000 0.000 0.000 0.000 0.000 0.000 0.000 0.000 0.000 0.000 0.000 0.000 0.000 0.000 0.000 0.000 0.000 
0.000 0.000 0.000 0.000 0.000 0.246 0.887 0.803 0.349 0.967 0.674 0.118 0.000 0.000 0.000 0.000 0.000 0.000 0.000 0.000 0.000 0.000 0.000 0.000 0.000 0.000 0.000 0.000 0.000 0.000 0.000 0.000 0.000 0.000 0.000 0.000 0.000 0.000 0.000 0.000 0.000 0.000 0.000 0.000 0.000 0.000 0.000 0.000 0.000 0.000 
0.000 0.000 0.000 0.000 0.000 0.000 0.000 0.000 0.118 0.674 0.967 0.349 0.803 0.887 0.246 0.000 0.000 0.000 0.000 0.000 0.000 0.000 0.000 0.000 0.000 0.000 0.000 0.000 0.000 0.000 0.000 0.000 0.000 0.000 0.000 0.000 0.000 0.000 0.000 0.000 0.000 0.000 0.000 0.000 0.000 0.000 0.000 0.000 0.000 0.000 
0.000 0.000 0.000 0.000 0.000 0.000 0.000 0.000 0.000 0.000 0.000 0.000 0.440 1.000 0.572 0.572 1.000 0.440 0.000 0.000 0.000 0.000 0.000 0.000 0.000 0.000 0.000 0.000 0.000 0.000 0.000 0.000 0.000 0.000 0.000 0.000 0.000 0.000 0.000 0.000 0.000 0.000 0.000 0.000 0.000 0.000 0.000 0.000 0.000 0.000 
0.000 0.000 0.000 0.000 0.000 0.000 0.000 0.000 0.000 0.000 0.000 0.000 0.000 0.000 0.000 0.246 0.887 0.803 0.349 0.967 0.674 0.118 0.000 0.000 0.000 0.000 0.000 0.000 0.000 0.000 0.000 0.000 0.000 0.000 0.000 0.000 0.000 0.000 0.000 0.000 0.000 0.000 0.000 0.000 0.000 0.000 0.000 0.000 0.000 0.000 
0.000 0.000 0.000 0.000 0.000 0.000 0.000 0.000 0.000 0.000 0.000 0.000 0.000 0.000 0.000 0.000 0.000 0.000 0.118 0.674 0.967 0.349 0.803 0.887 0.246 0.000 0.000 0.000 0.000 0.000 0.000 0.000 0.000 0.000 0.000 0.000 0.000 0.000 0.000 0.000 0.000 0.000 0.000 0.000 0.000 0.000 0.000 0.000 0.000 0.000 
0.000 0.000 0.000 0.000 0.000 0.000 0.000 0.000 0.000 0.000 0.000 0.000 0.000 0.000 0.000 0.000 0.000 0.000 0.000 0.000 0.000 0.000 0.440 1.000 0.572 0.572 1.000 0.440 0.000 0.000 0.000 0.000 0.000 0.000 0.000 0.000 0.000 0.000 0.000 0.000 0.000 0.000 0.000 0.000 0.000 0.000 0.000 0.000 0.000 0.000 
0.000 0.000 0.000 0.000 0.000 0.000 0.000 0.000 0.000 0.000 0.000 0.000 0.000 0.000 0.000 0.000 0.000 0.000 0.000 0.000 0.000 0.000 0.000 0.000 0.000 0.246 0.887 0.803 0.349 0.967 0.674 0.118 0.000 0.000 0.000 0.000 0.000 0.000 0.000 0.000 0.000 0.000 0.000 0.000 0.000 0.000 0.000 0.000 0.000 0.000 
0.000 0.000 0.000 0.000 0.000 0.000 0.000 0.000 0.000 0.000 0.000 0.000 0.000 0.000 0.000 0.000 0.000 0.000 0.000 0.000 0.000 0.000 0.000 0.000 0.000 0.000 0.000 0.000 0.118 0.674 0.967 0.349 0.803 0.887 0.246 0.000 0.000 0.000 0.000 0.000 0.000 0.000 0.000 0.000 0.000 0.000 0.000 0.000 0.000 0.000 
0.000 0.000 0.000 0.000 0.000 0.000 0.000 0.000 0.000 0.000 0.000 0.000 0.000 0.000 0.000 0.000 0.000 0.000 0.000 0.000 0.000 0.000 0.000 0.000 0.000 0.000 0.000 0.000 0.000 0.000 0.000 0.000 0.440 1.000 0.572 0.572 1.000 0.440 0.000 0.000 0.000 0.000 0.000 0.000 0.000 0.000 0.000 0.000 0.000 0.000 
0.000 0.000 0.000 0.000 0.000 0.000 0.000 0.000 0.000 0.000 0.000 0.000 0.000 0.000 0.000 0.000 0.000 0.000 0.000 0.000 0.000 0.000 0.000 0.000 0.000 0.000 0.000 0.000 0.000 0.000 0.000 0.000 0.000 0.000 0.000 0.246 0.887 0.803 0.349 0.967 0.674 0.118 0.000 0.000 0.000 0.000 0.000 0.000 0.000 0.000 
0.000 0.000 0.000 0.000 0.000 0.000 0.000 0.000 0.000 0.000 0.000 0.000 0.000 0.000 0.000 0.000 0.000 0.000 0.000 0.000 0.000 0.000 0.000 0.000 0.000 0.000 0.000 0.000 0.000 0.000 0.000 0.000 0.000 0.000 0.000 0.000 0.000 0.000 0.118 0.674 0.967 0.349 0.803 0.887 0.246 0.000 0.000 0.000 0.000 0.000 
0.000 0.000 0.000 0.000 0.000 0.000 0.000 0.000 0.000 0.000 0.000 0.000 0.000 0.000 0.000 0.000 0.000 0.000 0.000 0.000 0.000 0.000 0.000 0.000 0.000 0.000 0.000 0.000 0.000 0.000 0.000 0.000 0.000 0.000 0.000 0.000 0.000 0.000 0.000 0.000 0.000 0.000 0.440 1.000 0.572 0.572 1.000 0.440 0.000 0.000 
0.000 0.000 0.000 0.000 0.000 0.000 0.000 0.000 0.000 0.000 0.000 0.000 0.000 0.000 0.000 0.000 0.000 0.000 0.000 0.000 0.000 0.000 0.000 0.000 0.000 0.000 0.000 0.000 0.000 0.000 0.000 0.000 0.000 0.000 0.000 0.000 0.000 0.000 0.000 0.000 0.000 0.000 0.000 0.000 0.000 0.246 0.887 0.803 0.349 0.967 
# 1 0 50 8
0.000 -0.174 -0.941 0.000 0.000 0.000 0.000 0.000 
0.000 0.000 -1.000 0.000 0.000 0.000 0.000 0.000 
0.000 0.000 -0.937 -0.178 0.000 0.000 0.000 0.000 
0.000 0.000 -0.773 -0.323 0.000 0.000 0.000 0.000 
0.000 0.000 -0.563 -0.517 0.000 0.000 0.000 0.000 
0.000 0.000 -0.361 -0.730 0.000 0.000 0.000 0.000 
0.000 0.000 -0.204 -0.909 0.000 0.000 0.000 0.000 
0.000 0.000 -0.102 -0.997 0.000 0.000 0.000 0.000 
0.000 0.000 0.000 -0.963 -0.150 0.000 0.000 0.000 
0.000 0.000 0.000 -0.821 -0.282 0.000 0.000 0.000 
0.000 0.000 0.000 -0.617 -0.465 0.000 0.000 0.000 
-0.123 0.000 0.000 -0.408 -0.678 0.000 0.000 0.000 
-0.238 0.000 0.000 -0.238 -0.871 0.000 0.000 0.000 
-0.408 0.000 0.000 -0.123 -0.985 0.000 0.000 0.000 
-0.617 0.000 0.000 0.000 -0.983 -0.126 0.000 0.000 
-0.821 0.000 0.000 0.000 -0.865 -0.244 0.000 0.000 
-0.963 0.000 0.000 0.000 -0.670 -0.415 0.000 0.000 
-0.997 -0.102 0.000 0.000 -0.458 -0.625 0.000 0.000 
-0.909 -0.204 0.000 0.000 -0.276 -0.828 0.000 0.000 
-0.730 -0.361 0.000 0.000 -0.146 -0.967 0.000 0.000 
-0.517 -0.563 0.000 0.000 0.000 -0.995 -0.105 0.000 
-0.323 -0.773 0.000 0.000 0.000 -0.904 -0.209 0.000 
-0.178 -0.937 0.000 0.000 0.000 -0.723 -0.368 0.000 
0.000 -1.000 0.000 0.000 0.000 -0.510 -0.571 0.000 
0.000 -0.941 -0.174 0.000 0.000 -0.317 -0.781 0.000 
0.000 -0.781 -0.317 0.000 0.000 -0.174 -0.941 0.000 
0.000 -0.571 -0.510 0.000 0.000 0.000 -1.000 0.000 
0.000 -0.368 -0.723 0.000 0.000 0.000 -0.937 -0.178 
0.000 -0.209 -0.904 0.000 0.000 0.000 -0.773 -0.323 
0.000 -0.105 -0.995 0.000 0.000 0.000 -0.563 -0.517 
0.000 0.000 -0.967 -0.146 0.000 0.000 -0.361 -0.730 
0.000 0.000 -0.828 -0.276 0.000 0.000 -0.204 -0.909 
0.000 0.000 -0.625 -0.458 0.000 0.000 -0.102 -0.997 
0.000 0.000 -0.415 -0.670 0.000 0.000 0.000 -0.963 
0.000 0.000 -0.244 -0.865 0.000 0.000 0.000 -0.821 
0.000 0.000 -0.126 -0.983 0.000 0.000 0.000 -0.617 
0.000 0.000 0.000 -0.985 -0.123 0.000 0.000 -0.408 
0.000 0.000 0.000 -0.871 -0.238 0.000 0.000 -0.238 
0.000 0.000 0.000 -0.678 -0.408 0.000 0.000 -0.123 
0.000 0.000 0.000 -0.465 -0.617 0.000 0.000 0.000 
0.000 0.000 0.000 -0.282 -0.821 0.000 0.000 0.000 
0.000 0.000 0.000 -0.150 -0.963 0.000 0.000 0.000 
0.000 0.000 0.000 0.000 -0.997 -0.102 0.000 0.000 
0.000 0.000 0.000 0.000 -0.909 -0.204 0.000 0.000 
0.000 0.000 0.000 0.000 -0.730 -0.361 0.000 0.000 
0.000 0.000 0.000 0.000 -0.517 -0.563 0.000 0.000 
0.000 0.000 0.000 0.000 -0.323 -0.773 0.000 0.000 
0.000 0.000 0.000 0.000 -0.178 -0.937 0.000 0.000 
0.000 0.000 0.000 0.000 0.000 -1.000 0.000 0.000 
0.000 0.000 0.000 0.000 0.000 -0.941 -0.174 0.000 
