69.227884
3
# 0 1 10 50
0.000 0.000 0.000 0.000 0.000 0.000 0.000 0.000 0.000 0.000 0.130 0.556 1.000 0.756 0.240 0.000 0.000 0.000 0.000 0.000 0.000 0.000 0.000 0.000 0.000 0.000 0.000 0.000 0.000 0.000 0.000 0.000 0.000 0.000 0.000 0.000 0.000 0.000 0.000 0.000 0.000 0.000 0.000 0.000 0.000 0.000 0.000 0.000 0.000 0.000 
0.000 0.000 0.000 0.000 0.000 0.000 0.000 0.000 0.000 0.000 0.000 0.000 0.000 0.000 0.000 0.130 0.556 1.000 0.756 0.240 0.000 0.000 0.000 0.000 0.000 0.000 0.000 0.000 0.000 0.000 0.000 0.000 0.000 0.000 0.000 0.000 0.000 0.000 0.000 0.000 0.000 0.000 0.000 0.000 0.000 0.000 0.000 0.000 0.000 0.000 
0.240 0.756 1.000 0.556 0.130 0.000 0.000 0.000 0.000 0.000 0.000 0.000 0.000 0.000 0.000 0.000 0.000 0.000 0.000 0.000 0.130 0.556 1.000 0.756 0.240 0.000 0.000 0.000 0.000 0.000 0.000 0.000 0.000 0.000 0.000 0.000 0.000 0.000 0.000 0.000 0.000 0.000 0.000 0.000 0.000 0.000 0.000 0.000 0.000 0.000 
0.000 0.000 0.000 0.000 0.000 0.240 0.756 1.000 0.556 0.130 0.000 0.000 0.000 0.000 0.000 0.000 0.000 0.000 0.000 0.000 0.000 0.000 0.000 0.000 0.000 0.130 0.556 1.000 0.756 0.240 0.000 0.000 0.000 0.000 0.000 0.000 0.000 0.000 0.000 0.000 0.000 0.000 0.000 0.000 0.000 0.000 0.000 0.000 0.000 0.000 
0.000 0.000 0.000 0.000 0.000 0.000 0.000 0.000 0.000 0.000 0.240 0.756 1.000 0.556 0.130 0.000 0.000 0.000 0.000 0.000 0.000 0.000 0.000 0.000 0.000 0.000 0.000 0.000 0.000 0.000 0.130 0.556 1.000 0.756 0.240 0.000 0.000 0.000 0.000 0.000 0.000 0.000 0.000 0.000 0.000 0.000 0.000 0.000 0.000 0.000 
0.000 0.000 0.000 0.000 0.000 0.000 0.000 0.000 0.000 0.000 0.000 0.000 0.000 0.000 0.000 0.240 0.756 1.000 0.556 0.130 0.000 0.000 0.000 0.000 0.000 0.000 0.000 0.000 0.000 0.000 0.000 0.000 0.000 0.000 0.000 0.130 0.556 1.000 0.756 0.240 0.000 0.000 0.000 0.000 0.000 0.000 0.000 0.000 0.000 0.000 
0.000 0.000 0.000 0.000 0.000 0.000 0.000 0.000 0.000 0.000 0.000 0.000 0.000 0.000 0.000 0.000 0.000 0.000 0.000 0.000 0.240 0.756 1.000 0.556 0.130 0.000 0.000 0.000 0.000 0.000 0.000 0.000 0.000 0.000 0.000 0.000 0.000 0.000 0.000 0.000 0.130 0.556 1.000 0.756 0.240 0.000 0.000 0.000 0.000 0.000 
0.000 0.000 0.000 0.000 0.000 0.000 0.000 0.000 0.000 0.000 0.000 0.000 0.000 0.000 0.000 0.000 0.000 0.000 0.000 0.000 0.000 0.000 0.000 0.000 0.000 0.240 0.756 1.000 0.556 0.130 0.000 0.000 0.000 0.000 0.000 0.000 0.000 0.000 0.000 0.000 0.000 0.000 0.000 0.000 0.000 0.130 0.556 1.000 0.756 0.240 
0.000 0.000 0.000 0.000 0.000 0.000 0.000 0.000 0.000 0.000 0.000 0.000 0.000 0.000 0.000 0.000 0.000 0.000 0.000 0.000 0.000 0.000 0.000 0.000 0.000 0.000 0.000 0.000 0.000 0.000 0.240 0.756 1.000 0.556 0.130 0.000 0.000 0.000 0.000 0.000 0.000 0.000 0.000 0.000 0.000 0.000 0.000 0.000 0.000 0.000 
0.000 0.000 0.000 0.000 0.000 0.000 0.000 0.000 0.000 0.000 0.000 0.000 0.000 0.000 0.000 0.000 0.000 0.000 0.000 0.000 0.000 0.000 0.000 0.000 0.000 0.000 0.000 0.000 0.000 0.000 0.000 0.000 0.000 0.000 0.000 0.240 0.756 1.000 0.556 0.130 0.000 0.000 0.000 0.000 0.000 0.000 0.000 0.000 0.000 0.000 
# 0 2 15 50
0.000 0.000 0.000 0.000 0.000 0.000 0.000 0.000 0.000 0.000 0.457 0.950 0.830 0.304 0.000 0.000 0.000 0.000 0.000 0.000 0.000 0.000 0.000 0.000 0.000 0.000 0.000 0.000 0.000 0.000 0.000 0.000 0.000 0.000 0.000 0.000 0.000 0.000 0.000 0.000 0.000 0.000 0.000 0.000 0.000 0.000 0.000 0.000 0.000 0.000 
0.000 0.000 0.000 0.000 0.000 0.000 0.000 0.000 0.000 0.000 0.000 0.000 0.000 0.296 0.820 0.956 0.468 0.000 0.000 0.000 0.000 0.000 0.000 0.000 0.000 0.000 0.000 0.000 0.000 0.000 0.000 0.000 0.000 0.000 0.000 0.000 0.000 0.000 0.000 0.000 0.000 0.000 0.000 0.000 0.000 0.000 0.000 0.000 0.000 0.000 
0.000 0.000 0.000 0.000 0.000 0.000 0.000 0.000 0.000 0.000 0.000 0.000 0.000 0.000 0.000 0.000 0.173 0.643 1.000 0.654 0.180 0.000 0.000 0.000 0.000 0.000 0.000 0.000 0.000 0.000 0.000 0.000 0.000 0.000 0.000 0.000 0.000 0.000 0.000 0.000 0.000 0.000 0.000 0.000 0.000 0.000 0.000 0.000 0.000 0.000 
0.654 1.000 0.643 0.173 0.000 0.000 0.000 0.000 0.000 0.000 0.000 0.000 0.000 0.000 0.000 0.000 0.000 0.000 0.000 0.000 0.457 0.950 0.830 0.304 0.000 0.000 0.000 0.000 0.000 0.000 0.000 0.000 0.000 0.000 0.000 0.000 0.000 0.000 0.000 0.000 0.000 0.000 0.000 0.000 0.000 0.000 0.000 0.000 0.000 0.000 
0.000 0.000 0.000 0.468 0.956 0.820 0.296 0.000 0.000 0.000 0.000 0.000 0.000 0.000 0.000 0.000 0.000 0.000 0.000 0.000 0.000 0.000 0.000 0.296 0.820 0.956 0.468 0.000 0.000 0.000 0.000 0.000 0.000 0.000 0.000 0.000 0.000 0.000 0.000 0.000 0.000 0.000 0.000 0.000 0.000 0.000 0.000 0.000 0.000 0.000 
0.000 0.000 0.000 0.000 0.000 0.000 0.304 0.830 0.950 0.457 0.000 0.000 0.000 0.000 0.000 0.000 0.000 0.000 0.000 0.000 0.000 0.000 0.000 0.000 0.000 0.000 0.173 0.643 1.000 0.654 0.180 0.000 0.000 0.000 0.000 0.000 0.000 0.000 0.000 0.000 0.000 0.000 0.000 0.000 0.000 0.000 0.000 0.000 0.000 0.000 
0.000 0.000 0.000 0.000 0.000 0.000 0.000 0.000 0.000 0.180 0.654 1.000 0.643 0.173 0.000 0.000 0.000 0.000 0.000 0.000 0.000 0.000 0.000 0.000 0.000 0.000 0.000 0.000 0.000 0.000 0.457 0.950 0.830 0.304 0.000 0.000 0.000 0.000 0.000 0.000 0.000 0.000 0.000 0.000 0.000 0.000 0.000 0.000 0.000 0.000 
0.000 0.000 0.000 0.000 0.000 0.000 0.000 0.000 0.000 0.000 0.000 0.000 0.000 0.468 0.956 0.820 0.296 0.000 0.000 0.000 0.000 0.000 0.000 0.000 0.000 0.000 0.000 0.000 0.000 0.000 0.000 0.000 0.000 0.296 0.820 0.956 0.468 0.000 0.000 0.000 0.000 0.000 0.000 0.000 0.000 0.000 0.000 0.000 0.000 0.000 
0.000 0.000 0.000 0.000 0.000 0.000 0.000 0.000 0.000 0.000 0.000 0.000 0.000 0.000 0.000 0.000 0.304 0.830 0.950 0.457 0.000 0.000 0.000 0.000 0.000 0.000 0.000 0.000 0.000 0.000 0.000 0.000 0.000 0.000 0.000 0.000 0.173 0.643 1.000 0.654 0.180 0.000 0.000 0.000 0.000 0.000 0.000 0.000 0.000 0.000 
0.000 0.000 0.000 0.000 0.000 0.000 0.000 0.000 0.000 0.000 0.000 0.000 0.000 0.000 0.000 0.000 0.000 0.000 0.000 0.180 0.654 1.000 0.643 0.173 0.000 0.000 0.000 0.000 0.000 0.000 0.000 0.000 0.000 0.000 0.000 0.000 0.000 0.000 0.000 0.000 0.457 0.950 0.830 0.304 0.000 0.000 0.000 0.000 0.000 0.000 
0.000 0.000 0.000 0.000 0.000 0.000 0.000 0.000 0.000 0.000 0.000 0.000 0.000 0.000 0.000 0.000 0.000 0.000 0.000 0.000 0.000 0.000 0.000 0.468 0.956 0.820 0.296 0.000 0.000 0.000 0.000 0.000 0.000 0.000 0.000 0.000 0.000 0.000 0.000 0.000 0.000 0.000 0.000 0.296 0.820 0.956 0.468 0.000 0.000 0.000 
0.000 0.000 0.000 0.000 0.000 0.000 0.000 0.000 0.000 0.000 0.000 0.000 0.000 0.000 0.000 0.000 0.000 0.000 0.000 0.000 0.000 0.000 0.000 0.000 0.000 0.000 0.304 0.830 0.950 0.457 0.000 0.000 0.000 0.000 0.000 0.000 0.000 0.000 0.000 0.000 0.000 0.000 0.000 0.000 0.000 0.000 0.173 0.643 1.000 0.654 
0.000 0.000 0.000 0.000 0.000 0.000 0.000 0.000 0.000 0.000 0.000 0.000 0.000 0.000 0.000 0.000 0.000 0.000 0.000 0.000 0.000 0.000 0.000 0.000 0.000 0.000 0.000 0.000 0.000 0.180 0.654 1.000 0.643 0.173 0.000 0.000 0.000 0.000 0.000 0.000 0.000 0.000 0.000 0.000 0.000 0.000 0.000 0.000 0.000 0.000 
0.000 0.000 0.000 0.000 0.000 0.000 0.000 0.000 0.000 0.000 0.000 0.000 0.000 0.000 0.000 0.000 0.000 0.000 0.000 0.000 0.000 0.000 0.000 0.000 0.000 0.000 0.000 0.000 0.000 0.000 0.000 0.000 0.000 0.468 0.956 0.820 0.296 0.000 0.000 0.000 0.000 0.000 0.000 0.000 0.000 0.000 0.000 0.000 0.000 0.000 
0.000 0.000 0.000 0.000 0.000 0.000 0.000 0.000 0.000 0.000 0.000 0.000 0.000 0.000 0.000 0.000 0.000 0.000 0.000 0.000 0.000 0.000 0.000 0.000 0.000 0.000 0.000 0.000 0.000 0.000 0.000 0.000 0.000 0.000 0.000 0.000 0.304 0.830 0.950 0.457 0.000 0.000 0.000 0.000 0.000 0.000 0.000 0.000 0.000 0.000 
# 1 0 50 10
-0.976 -0.406 0.000 0.000 0.000 0.000 0.000 0.000 0.000 0.000 
-1.000 -0.535 0.000 0.000 0.000 0.000 0.000 0.000 0.000 0.000 
-0.975 -0.670 -0.131 0.000 0.000 0.000 0.000 0.000 0.000 0.000 
-1.000 -0.799 -0.201 0.000 0.000 0.000 0.000 0.000 0.000 0.000 
-0.976 -0.905 -0.293 0.000 0.000 0.000 0.000 0.000 0.000 0.000 
-0.905 -0.976 -0.406 0.000 0.000 0.000 0.000 0.000 0.000 0.000 
-0.799 -1.000 -0.535 0.000 0.000 0.000 0.000 0.000 0.000 0.000 
-0.670 -0.975 -0.670 -0.131 0.000 0.000 0.000 0.000 0.000 0.000 
-0.535 -1.000 -0.799 -0.201 0.000 0.000 0.000 0.000 0.000 0.000 
-0.406 -0.976 -0.905 -0.293 0.000 0.000 0.000 0.000 0.000 0.000 
-0.293 -0.905 -0.976 -0.406 0.000 0.000 0.000 0.000 0.000 0.000 
-0.201 -0.799 -1.000 -0.535 0.000 0.000 0.000 0.000 0.000 0.000 
-0.131 -0.670 -0.975 -0.670 -0.131 0.000 0.000 0.000 0.000 0.000 
0.000 -0.535 -1.000 -0.799 -0.201 0.000 0.000 0.000 0.000 0.000 
0.000 -0.406 -0.976 -0.905 -0.293 0.000 0.000 0.000 0.000 0.000 
0.000 -0.293 -0.905 -0.976 -0.406 0.000 0.000 0.000 0.000 0.000 
0.000 -0.201 -0.799 -1.000 -0.535 0.000 0.000 0.000 0.000 0.000 
0.000 -0.131 -0.670 -0.975 -0.670 -0.131 0.000 0.000 0.000 0.000 
0.000 0.000 -0.535 -1.000 -0.799 -0.201 0.000 0.000 0.000 0.000 
0.000 0.000 -0.406 -0.976 -0.905 -0.293 0.000 0.000 0.000 0.000 
0.000 0.000 -0.293 -0.905 -0.976 -0.406 0.000 0.000 0.000 0.000 
0.000 0.000 -0.201 -0.799 -1.000 -0.535 0.000 0.000 0.000 0.000 
0.000 0.000 -0.131 -0.670 -0.975 -0.670 -0.131 0.000 0.000 0.000 
0.000 0.000 0.000 -0.535 -1.000 -0.799 -0.201 0.000 0.000 0.000 
0.000 0.000 0.000 -0.406 -0.976 -0.905 -0.293 0.000 0.000 0.000 
0.000 0.000 0.000 -0.293 -0.905 -0.976 -0.406 0.000 0.000 0.000 
0.000 0.000 0.000 -0.201 -0.799 -1.000 -0.535 0.000 0.000 0.000 
0.000 0.000 0.000 -0.131 -0.670 -0.975 -0.670 -0.131 0.000 0.000 
0.000 0.000 0.000 0.000 -0.535 -1.000 -0.799 -0.201 0.000 0.000 
0.000 0.000 0.000 0.000 -0.406 -0.976 -0.905 -0.293 0.000 0.000 
0.000 0.000 0.000 0.000 -0.293 -0.905 -0.976 -0.406 0.000 0.000 
0.000 0.000 0.000 0.000 -0.201 -0.799 -1.000 -0.535 0.000 0.000 
0.000 0.000 0.000 0.000 -0.131 -0.670 -0.975 -0.670 -0.131 0.000 
0.000 0.000 0.000 0.000 0.000 -0.535 -1.000 -0.799 -0.201 0.000 
0.000 0.000 0.000 0.000 0.000 -0.406 -0.976 -0.905 -0.293 0.000 
0.000 0.000 0.000 0.000 0.000 -0.293 -0.905 -0.976 -0.406 0.000 
0.000 0.000 0.000 0.000 0.000 -0.201 -0.799 -1.000 -0.535 0.000 
0.000 0.000 0.000 0.000 0.000 -0.131 -0.670 -0.975 -0.670 -0.131 
0.000 0.000 0.000 0.000 0.000 0.000 -0.535 -1.000 -0.799 -0.201 
0.000 0.000 0.000 0.000 0.000 0.000 -0.406 -0.976 -0.905 -0.293 
0.000 0.000 0.000 0.000 0.000 0.000 -0.293 -0.905 -0.976 -0.406 
0.000 0.000 0.000 0.000 0.000 0.000 -0.201 -0.799 -1.000 -0.535 
0.000 0.000 0.000 0.000 0.000 0.000 -0.131 -0.670 -0.975 -0.670 
0.000 0.000 0.000 0.000 0.000 0.000 0.000 -0.535 -1.000 -0.799 
0.000 0.000 0.000 0.000 0.000 0.000 0.000 -0.406 -0.976 -0.905 
0.000 0.000 0.000 0.000 0.000 0.000 0.000 -0.293 -0.905 -0.976 
0.000 0.000 0.000 0.000 0.000 0.000 0.000 -0.201 -0.799 -1.000 
0.000 0.000 0.000 0.000 0.000 0.000 0.000 -0.131 -0.670 -0.975 
0.000 0.000 0.000 0.000 0.000 0.000 0.000 0.000 -0.535 -1.000 
0.000 0.000 0.000 0.000 0.000 0.000 0.000 0.000 -0.406 -0.976 
