69.320720
4
# 0 1 12 50
0.956 0.596 0.524 0.916 0.959 0.602 0.227 0.000 0.000 0.000 0.000 0.000 0.000 0.000 0.000 0.000 0.000 0.000 0.000 0.000 0.000 0.000 0.000 0.000 0.000 0.000 0.000 0.000 0.000 0.000 0.000 0.000 0.000 0.000 0.000 0.000 0.000 0.000 0.000 0.000 0.000 0.000 0.000 0.000 0.000 0.000 0.000 0.000 0.000 0.000 
0.000 0.146 0.460 0.870 0.985 0.668 0.454 0.865 0.986 0.674 0.276 0.000 0.000 0.000 0.000 0.000 0.000 0.000 0.000 0.000 0.000 0.000 0.000 0.000 0.000 0.000 0.000 0.000 0.000 0.000 0.000 0.000 0.000 0.000 0.000 0.000 0.000 0.000 0.000 0.000 0.000 0.000 0.000 0.000 0.000 0.000 0.000 0.000 0.000 0.000 
0.000 0.000 0.000 0.000 0.000 0.115 0.394 0.810 0.999 0.739 0.388 0.805 1.000 0.745 0.332 0.000 0.000 0.000 0.000 0.000 0.000 0.000 0.000 0.000 0.000 0.000 0.000 0.000 0.000 0.000 0.000 0.000 0.000 0.000 0.000 0.000 0.000 0.000 0.000 0.000 0.000 0.000 0.000 0.000 0.000 0.000 0.000 0.000 0.000 0.000 
0.000 0.000 0.000 0.000 0.000 0.000 0.000 0.000 0.000 0.000 0.332 0.745 1.000 0.805 0.388 0.739 0.999 0.810 0.394 0.115 0.000 0.000 0.000 0.000 0.000 0.000 0.000 0.000 0.000 0.000 0.000 0.000 0.000 0.000 0.000 0.000 0.000 0.000 0.000 0.000 0.000 0.000 0.000 0.000 0.000 0.000 0.000 0.000 0.000 0.000 
0.000 0.000 0.000 0.000 0.000 0.000 0.000 0.000 0.000 0.000 0.000 0.000 0.000 0.000 0.276 0.674 0.986 0.865 0.454 0.668 0.985 0.870 0.460 0.146 0.000 0.000 0.000 0.000 0.000 0.000 0.000 0.000 0.000 0.000 0.000 0.000 0.000 0.000 0.000 0.000 0.000 0.000 0.000 0.000 0.000 0.000 0.000 0.000 0.000 0.000 
0.000 0.000 0.000 0.000 0.000 0.000 0.000 0.000 0.000 0.000 0.000 0.000 0.000 0.000 0.000 0.000 0.000 0.000 0.227 0.602 0.959 0.916 0.524 0.596 0.956 0.920 0.530 0.183 0.000 0.000 0.000 0.000 0.000 0.000 0.000 0.000 0.000 0.000 0.000 0.000 0.000 0.000 0.000 0.000 0.000 0.000 0.000 0.000 0.000 0.000 
0.000 0.000 0.000 0.000 0.000 0.000 0.000 0.000 0.000 0.000 0.000 0.000 0.000 0.000 0.000 0.000 0.000 0.000 0.000 0.000 0.000 0.000 0.183 0.530 0.920 0.956 0.596 0.524 0.916 0.959 0.602 0.227 0.000 0.000 0.000 0.000 0.000 0.000 0.000 0.000 0.000 0.000 0.000 0.000 0.000 0.000 0.000 0.000 0.000 0.000 
0.000 0.000 0.000 0.000 0.000 0.000 0.000 0.000 0.000 0.000 0.000 0.000 0.000 0.000 0.000 0.000 0.000 0.000 0.000 0.000 0.000 0.000 0.000 0.000 0.000 0.000 0.146 0.460 0.870 0.985 0.668 0.454 0.865 0.986 0.674 0.276 0.000 0.000 0.000 0.000 0.000 0.000 0.000 0.000 0.000 0.000 0.000 0.000 0.000 0.000 
0.000 0.000 0.000 0.000 0.000 0.000 0.000 0.000 0.000 0.000 0.000 0.000 0.000 0.000 0.000 0.000 0.000 0.000 0.000 0.000 0.000 0.000 0.000 0.000 0.000 0.000 0.000 0.000 0.000 0.000 0.115 0.394 0.810 0.999 0.739 0.388 0.805 1.000 0.745 0.332 0.000 0.000 0.000 0.000 0.000 0.000 0.000 0.000 0.000 0.000 
0.000 0.000 0.000 0.000 0.000 0.000 0.000 0.000 0.000 0.000 0.000 0.000 0.000 0.000 0.000 0.000 0.000 0.000 0.000 0.000 0.000 0.000 0.000 0.000 0.000 0.000 0.000 0.000 0.000 0.000 0.000 0.000 0.000 0.000 0.000 0.332 0.745 1.000 0.805 0.388 0.739 0.999 0.810 0.394 0.115 0.000 0.000 0.000 0.000 0.000 
0.000 0.000 0.000 0.000 0.000 0.000 0.000 0.000 0.000 0.000 0.000 0.000 0.000 0.000 0.000 0.000 0.000 0.000 0.000 0.000 0.000 0.000 0.000 0.000 0.000 0.000 0.000 0.000 0.000 0.000 0.000 0.000 0.000 0.000 0.000 0.000 0.000 0.000 0.000 0.276 0.674 0.986 0.865 0.454 0.668 0.985 0.870 0.460 0.146 0.000 
0.000 0.000 0.000 0.000 0.000 0.000 0.000 0.000 0.000 0.000 0.000 0.000 0.000 0.000 0.000 0.000 0.000 0.000 0.000 0.000 0.000 0.000 0.000 0.000 0.000 0.000 0.000 0.000 0.000 0.000 0.000 0.000 0.000 0.000 0.000 0.000 0.000 0.000 0.000 0.000 0.000 0.000 0.000 0.227 0.602 0.959 0.916 0.524 0.596 0.956 
# 0 2 10 50
1.000 0.771 0.357 0.771 1.000 0.777 0.362 0.101 0.000 0.000 0.000 0.000 0.000 0.000 0.000 0.000 0.000 0.000 0.000 0.000 0.000 0.000 0.000 0.000 0.000 0.000 0.000 0.000 0.000 0.000 0.000 0.000 0.000 0.000 0.000 0.000 0.000 0.000 0.000 0.000 0.000 0.000 0.000 0.000 0.000 0.000 0.000 0.000 0.000 0.000 
0.000 0.000 0.101 0.362 0.777 1.000 0.771 0.357 0.771 1.000 0.777 0.362 0.101 0.000 0.000 0.000 0.000 0.000 0.000 0.000 0.000 0.000 0.000 0.000 0.000 0.000 0.000 0.000 0.000 0.000 0.000 0.000 0.000 0.000 0.000 0.000 0.000 0.000 0.000 0.000 0.000 0.000 0.000 0.000 0.000 0.000 0.000 0.000 0.000 0.000 
0.000 0.000 0.000 0.000 0.000 0.000 0.000 0.101 0.362 0.777 1.000 0.771 0.357 0.771 1.000 0.777 0.362 0.101 0.000 0.000 0.000 0.000 0.000 0.000 0.000 0.000 0.000 0.000 0.000 0.000 0.000 0.000 0.000 0.000 0.000 0.000 0.000 0.000 0.000 0.000 0.000 0.000 0.000 0.000 0.000 0.000 0.000 0.000 0.000 0.000 
0.000 0.000 0.000 0.000 0.000 0.000 0.000 0.000 0.000 0.000 0.000 0.000 0.101 0.362 0.777 1.000 0.771 0.357 0.771 1.000 0.777 0.362 0.101 0.000 0.000 0.000 0.000 0.000 0.000 0.000 0.000 0.000 0.000 0.000 0.000 0.000 0.000 0.000 0.000 0.000 0.000 0.000 0.000 0.000 0.000 0.000 0.000 0.000 0.000 0.000 
0.000 0.000 0.000 0.000 0.000 0.000 0.000 0.000 0.000 0.000 0.000 0.000 0.000 0.000 0.000 0.000 0.000 0.101 0.362 0.777 1.000 0.771 0.357 0.771 1.000 0.777 0.362 0.101 0.000 0.000 0.000 0.000 0.000 0.000 0.000 0.000 0.000 0.000 0.000 0.000 0.000 0.000 0.000 0.000 0.000 0.000 0.000 0.000 0.000 0.000 
0.000 0.000 0.000 0.000 0.000 0.000 0.000 0.000 0.000 0.000 0.000 0.000 0.000 0.000 0.000 0.000 0.000 0.000 0.000 0.000 0.000 0.000 0.101 0.362 0.777 1.000 0.771 0.357 0.771 1.000 0.777 0.362 0.101 0.000 0.000 0.000 0.000 0.000 0.000 0.000 0.000 0.000 0.000 0.000 0.000 0.000 0.000 0.000 0.000 0.000 
0.000 0.000 0.000 0.000 0.000 0.000 0.000 0.000 0.000 0.000 0.000 0.000 0.000 0.000 0.000 0.000 0.000 0.000 0.000 0.000 0.000 0.000 0.000 0.000 0.000 0.000 0.000 0.101 0.362 0.777 1.000 0.771 0.357 0.771 1.000 0.777 0.362 0.101 0.000 0.000 0.000 0.000 0.000 0.000 0.000 0.000 0.000 0.000 0.000 0.000 
0.000 0.000 0.000 0.000 0.000 0.000 0.000 0.000 0.000 0.000 0.000 0.000 0.000 0.000 0.000 0.000 0.000 0.000 0.000 0.000 0.000 0.000 0.000 0.000 0.000 0.000 0.000 0.000 0.000 0.000 0.000 0.000 0.101 0.362 0.777 1.000 0.771 0.357 0.771 1.000 0.777 0.362 0.101 0.000 0.000 0.000 0.000 0.000 0.000 0.000 
0.000 0.000 0.000 0.000 0.000 0.000 0.000 0.000 0.000 0.000 0.000 0.000 0.000 0.000 0.000 0.000 0.000 0.000 0.000 0.000 0.000 0.000 0.000 0.000 0.000 0.000 0.000 0.000 0.000 0.000 0.000 0.000 0.000 0.000 0.000 0.000 0.000 0.101 0.362 0.777 1.000 0.771 0.357 0.771 1.000 0.777 0.362 0.101 0.000 0.000 
0.000 0.000 0.000 0.000 0.000 0.000 0.000 0.000 0.000 0.000 0.000 0.000 0.000 0.000 0.000 0.000 0.000 0.000 0.000 0.000 0.000 0.000 0.000 0.000 0.000 0.000 0.000 0.000 0.000 0.000 0.000 0.000 0.000 0.000 0.000 0.000 0.000 0.000 0.000 0.000 0.000 0.000 0.101 0.362 0.777 1.000 0.771 0.357 0.771 1.000 
# 0 3 15 50
0.840 0.423 0.707 0.999 0.845 0.429 0.130 0.000 0.000 0.000 0.000 0.000 0.000 0.000 0.000 0.000 0.000 0.000 0.000 0.000 0.000 0.000 0.000 0.000 0.000 0.000 0.000 0.000 0.000 0.000 0.000 0.000 0.000 0.000 0.000 0.000 0.000 0.000 0.000 0.000 0.000 0.000 0.000 0.000 0.000 0.000 0.000 0.000 0.000 0.000 
0.205 0.569 0.946 0.942 0.563 0.563 0.942 0.946 0.569 0.205 0.000 0.000 0.000 0.000 0.000 0.000 0.000 0.000 0.000 0.000 0.000 0.000 0.000 0.000 0.000 0.000 0.000 0.000 0.000 0.000 0.000 0.000 0.000 0.000 0.000 0.000 0.000 0.000 0.000 0.000 0.000 0.000 0.000 0.000 0.000 0.000 0.000 0.000 0.000 0.000 
0.000 0.000 0.000 0.130 0.429 0.845 0.999 0.707 0.423 0.840 1.000 0.713 0.305 0.000 0.000 0.000 0.000 0.000 0.000 0.000 0.000 0.000 0.000 0.000 0.000 0.000 0.000 0.000 0.000 0.000 0.000 0.000 0.000 0.000 0.000 0.000 0.000 0.000 0.000 0.000 0.000 0.000 0.000 0.000 0.000 0.000 0.000 0.000 0.000 0.000 
0.000 0.000 0.000 0.000 0.000 0.000 0.000 0.305 0.713 1.000 0.840 0.423 0.707 0.999 0.845 0.429 0.130 0.000 0.000 0.000 0.000 0.000 0.000 0.000 0.000 0.000 0.000 0.000 0.000 0.000 0.000 0.000 0.000 0.000 0.000 0.000 0.000 0.000 0.000 0.000 0.000 0.000 0.000 0.000 0.000 0.000 0.000 0.000 0.000 0.000 
0.000 0.000 0.000 0.000 0.000 0.000 0.000 0.000 0.000 0.000 0.205 0.569 0.946 0.942 0.563 0.563 0.942 0.946 0.569 0.205 0.000 0.000 0.000 0.000 0.000 0.000 0.000 0.000 0.000 0.000 0.000 0.000 0.000 0.000 0.000 0.000 0.000 0.000 0.000 0.000 0.000 0.000 0.000 0.000 0.000 0.000 0.000 0.000 0.000 0.000 
0.000 0.000 0.000 0.000 0.000 0.000 0.000 0.000 0.000 0.000 0.000 0.000 0.000 0.130 0.429 0.845 0.999 0.707 0.423 0.840 1.000 0.713 0.305 0.000 0.000 0.000 0.000 0.000 0.000 0.000 0.000 0.000 0.000 0.000 0.000 0.000 0.000 0.000 0.000 0.000 0.000 0.000 0.000 0.000 0.000 0.000 0.000 0.000 0.000 0.000 
0.000 0.000 0.000 0.000 0.000 0.000 0.000 0.000 0.000 0.000 0.000 0.000 0.000 0.000 0.000 0.000 0.000 0.305 0.713 1.000 0.840 0.423 0.707 0.999 0.845 0.429 0.130 0.000 0.000 0.000 0.000 0.000 0.000 0.000 0.000 0.000 0.000 0.000 0.000 0.000 0.000 0.000 0.000 0.000 0.000 0.000 0.000 0.000 0.000 0.000 
0.000 0.000 0.000 0.000 0.000 0.000 0.000 0.000 0.000 0.000 0.000 0.000 0.000 0.000 0.000 0.000 0.000 0.000 0.000 0.000 0.205 0.569 0.946 0.942 0.563 0.563 0.942 0.946 0.569 0.205 0.000 0.000 0.000 0.000 0.000 0.000 0.000 0.000 0.000 0.000 0.000 0.000 0.000 0.000 0.000 0.000 0.000 0.000 0.000 0.000 
0.000 0.000 0.000 0.000 0.000 0.000 0.000 0.000 0.000 0.000 0.000 0.000 0.000 0.000 0.000 0.000 0.000 0.000 0.000 0.000 0.000 0.000 0.000 0.130 0.429 0.845 0.999 0.707 0.423 0.840 1.000 0.713 0.305 0.000 0.000 0.000 0.000 0.000 0.000 0.000 0.000 0.000 0.000 0.000 0.000 0.000 0.000 0.000 0.000 0.000 
0.000 0.000 0.000 0.000 0.000 0.000 0.000 0.000 0.000 0.000 0.000 0.000 0.000 0.000 0.000 0.000 0.000 0.000 0.000 0.000 0.000 0.000 0.000 0.000 0.000 0.000 0.000 0.305 0.713 1.000 0.840 0.423 0.707 0.999 0.845 0.429 0.130 0.000 0.000 0.000 0.000 0.000 0.000 0.000 0.000 0.000 0.000 0.000 0.000 0.000 
0.000 0.000 0.000 0.000 0.000 0.000 0.000 0.000 0.000 0.000 0.000 0.000 0.000 0.000 0.000 0.000 0.000 0.000 0.000 0.000 0.000 0.000 0.000 0.000 0.000 0.000 0.000 0.000 0.000 0.000 0.205 0.569 0.946 0.942 0.563 0.563 0.942 0.946 0.569 0.205 0.000 0.000 0.000 0.000 0.000 0.000 0.000 0.000 0.000 0.000 
0.000 0.000 0.000 0.000 0.000 0.000 0.000 0.000 0.000 0.000 0.000 0.000 0.000 0.000 0.000 0.000 0.000 0.000 0.000 0.000 0.000 0.000 0.000 0.000 0.000 0.000 0.000 0.000 0.000 0.000 0.000 0.000 0.000 0.130 0.429 0.845 0.999 0.707 0.423 0.840 1.000 0.713 0.305 0.000 0.000 0.000 0.000 0.000 0.000 0.000 
0.000 0.000 0.000 0.000 0.000 0.000 0.000 0.000 0.000 0.000 0.000 0.000 0.000 0.000 0.000 0.000 0.000 0.000 0.000 0.000 0.000 0.000 0.000 0.000 0.000 0.000 0.000 0.000 0.000 0.000 0.000 0.000 0.000 0.000 0.000 0.000 0.000 0.305 0.713 1.000 0.840 0.423 0.707 0.999 0.845 0.429 0.130 0.000 0.000 0.000 
0.000 0.000 0.000 0.000 0.000 0.000 0.000 0.000 0.000 0.000 0.000 0.000 0.000 0.000 0.000 0.000 0.000 0.000 0.000 0.000 0.000 0.000 0.000 0.000 0.000 0.000 0.000 0.000 0.000 0.000 0.000 0.000 0.000 0.000 0.000 0.000 0.000 0.000 0.000 0.000 0.205 0.569 0.946 0.942 0.563 0.563 0.942 0.946 0.569 0.205 
0.000 0.000 0.000 0.000 0.000 0.000 0.000 0.000 0.000 0.000 0.000 0.000 0.000 0.000 0.000 0.000 0.000 0.000 0.000 0.000 0.000 0.000 0.000 0.000 0.000 0.000 0.000 0.000 0.000 0.000 0.000 0.000 0.000 0.000 0.000 0.000 0.000 0.000 0.000 0.000 0.000 0.000 0.000 0.130 0.429 0.845 0.999 0.707 0.423 0.840 
# 1 0 50 12
0.000 0.000 0.000 0.000 -0.623 -0.955 -0.287 0.000 0.000 0.000 0.000 0.000 
0.000 0.000 0.000 0.000 -0.441 -1.000 -0.445 0.000 0.000 0.000 0.000 0.000 
0.000 0.000 0.000 0.000 -0.284 -0.953 -0.627 0.000 0.000 0.000 0.000 0.000 
0.000 0.000 0.000 0.000 -0.167 -0.827 -0.804 -0.153 0.000 0.000 0.000 0.000 
0.000 0.000 0.000 0.000 0.000 -0.654 -0.939 -0.265 0.000 0.000 0.000 0.000 
0.000 0.000 0.000 0.000 0.000 -0.470 -0.999 -0.416 0.000 0.000 0.000 0.000 
0.000 0.000 0.000 0.000 0.000 -0.308 -0.967 -0.596 0.000 0.000 0.000 0.000 
0.000 0.000 0.000 0.000 0.000 -0.184 -0.853 -0.776 -0.139 0.000 0.000 0.000 
0.000 0.000 0.000 0.000 0.000 0.000 -0.684 -0.921 -0.243 0.000 0.000 0.000 
0.000 0.000 0.000 0.000 0.000 0.000 -0.500 -0.995 -0.389 0.000 0.000 0.000 
0.000 0.000 0.000 0.000 0.000 0.000 -0.333 -0.979 -0.565 0.000 0.000 0.000 
0.000 0.000 0.000 0.000 0.000 0.000 -0.202 -0.876 -0.748 -0.125 0.000 0.000 
0.000 0.000 0.000 0.000 0.000 0.000 -0.111 -0.714 -0.901 -0.223 0.000 0.000 
0.000 0.000 0.000 0.000 0.000 0.000 0.000 -0.530 -0.989 -0.362 0.000 0.000 
0.000 0.000 0.000 0.000 0.000 0.000 0.000 -0.358 -0.988 -0.534 0.000 0.000 
0.000 0.000 0.000 0.000 0.000 0.000 0.000 -0.221 -0.898 -0.718 -0.113 0.000 
0.000 0.000 0.000 0.000 0.000 0.000 0.000 -0.124 -0.744 -0.879 -0.204 0.000 
-0.184 0.000 0.000 0.000 0.000 0.000 0.000 0.000 -0.561 -0.980 -0.336 0.000 
-0.308 0.000 0.000 0.000 0.000 0.000 0.000 0.000 -0.385 -0.994 -0.504 0.000 
-0.470 0.000 0.000 0.000 0.000 0.000 0.000 0.000 -0.241 -0.919 -0.688 -0.101 
-0.654 0.000 0.000 0.000 0.000 0.000 0.000 0.000 -0.137 -0.773 -0.856 -0.186 
-0.827 -0.167 0.000 0.000 0.000 0.000 0.000 0.000 0.000 -0.592 -0.969 -0.311 
-0.953 -0.284 0.000 0.000 0.000 0.000 0.000 0.000 0.000 -0.413 -0.999 -0.474 
-1.000 -0.441 0.000 0.000 0.000 0.000 0.000 0.000 0.000 -0.262 -0.937 -0.658 
-0.955 -0.623 0.000 0.000 0.000 0.000 0.000 0.000 0.000 -0.151 -0.801 -0.831 
-0.831 -0.801 -0.151 0.000 0.000 0.000 0.000 0.000 0.000 0.000 -0.623 -0.955 
-0.658 -0.937 -0.262 0.000 0.000 0.000 0.000 0.000 0.000 0.000 -0.441 -1.000 
-0.474 -0.999 -0.413 0.000 0.000 0.000 0.000 0.000 0.000 0.000 -0.284 -0.953 
-0.311 -0.969 -0.592 0.000 0.000 0.000 0.000 0.000 0.000 0.000 -0.167 -0.827 
-0.186 -0.856 -0.773 -0.137 0.000 0.000 0.000 0.000 0.000 0.000 0.000 -0.654 
-0.101 -0.688 -0.919 -0.241 0.000 0.000 0.000 0.000 0.000 0.000 0.000 -0.470 
0.000 -0.504 -0.994 -0.385 0.000 0.000 0.000 0.000 0.000 0.000 0.000 -0.308 
0.000 -0.336 -0.980 -0.561 0.000 0.000 0.000 0.000 0.000 0.000 0.000 -0.184 
0.000 -0.204 -0.879 -0.744 -0.124 0.000 0.000 0.000 0.000 0.000 0.000 0.000 
0.000 -0.113 -0.718 -0.898 -0.221 0.000 0.000 0.000 0.000 0.000 0.000 0.000 
0.000 0.000 -0.534 -0.988 -0.358 0.000 0.000 0.000 0.000 0.000 0.000 0.000 
0.000 0.000 -0.362 -0.989 -0.530 0.000 0.000 0.000 0.000 0.000 0.000 0.000 
0.000 0.000 -0.223 -0.901 -0.714 -0.111 0.000 0.000 0.000 0.000 0.000 0.000 
0.000 0.000 -0.125 -0.748 -0.876 -0.202 0.000 0.000 0.000 0.000 0.000 0.000 
0.000 0.000 0.000 -0.565 -0.979 -0.333 0.000 0.000 0.000 0.000 0.000 0.000 
0.000 0.000 0.000 -0.389 -0.995 -0.500 0.000 0.000 0.000 0.000 0.000 0.000 
0.000 0.000 0.000 -0.243 -0.921 -0.684 0.000 0.000 0.000 0.000 0.000 0.000 
0.000 0.000 0.000 -0.139 -0.776 -0.853 -0.184 0.000 0.000 0.000 0.000 0.000 
0.000 0.000 0.000 0.000 -0.596 -0.967 -0.308 0.000 0.000 0.000 0.000 0.000 
0.000 0.000 0.000 0.000 -0.416 -0.999 -0.470 0.000 0.000 0.000 0.000 0.000 
0.000 0.000 0.000 0.000 -0.265 -0.939 -0.654 0.000 0.000 0.000 0.000 0.000 
0.000 0.000 0.000 0.000 -0.153 -0.804 -0.827 -0.167 0.000 0.000 0.000 0.000 
0.000 0.000 0.000 0.000 0.000 -0.627 -0.953 -0.284 0.000 0.000 0.000 0.000 
0.000 0.000 0.000 0.000 0.000 -0.445 -1.000 -0.441 0.000 0.000 0.000 0.000 
0.000 0.000 0.000 0.000 0.000 -0.287 -0.955 -0.623 0.000 0.000 0.000 0.000 
# 1 2 10 12
0.000 0.000 0.000 0.000 -0.285 -0.955 -0.628 0.000 0.000 0.000 0.000 0.000 
0.000 0.000 0.000 0.000 0.000 -0.184 -0.854 -0.778 -0.139 0.000 0.000 0.000 
0.000 0.000 0.000 0.000 0.000 0.000 -0.111 -0.716 -0.903 -0.223 0.000 0.000 
-0.184 0.000 0.000 0.000 0.000 0.000 0.000 0.000 -0.562 -0.981 -0.336 0.000 
-0.955 -0.285 0.000 0.000 0.000 0.000 0.000 0.000 0.000 -0.413 -1.000 -0.475 
-0.475 -1.000 -0.413 0.000 0.000 0.000 0.000 0.000 0.000 0.000 -0.285 -0.955 
0.000 -0.336 -0.981 -0.562 0.000 0.000 0.000 0.000 0.000 0.000 0.000 -0.184 
0.000 0.000 -0.223 -0.903 -0.716 -0.111 0.000 0.000 0.000 0.000 0.000 0.000 
0.000 0.000 0.000 -0.139 -0.778 -0.854 -0.184 0.000 0.000 0.000 0.000 0.000 
0.000 0.000 0.000 0.000 0.000 -0.628 -0.955 -0.285 0.000 0.000 0.000 0.000 
# 2 0 50 10
-0.948 -0.288 0.000 0.000 0.000 0.000 0.000 0.000 0.000 0.000 
-1.000 -0.413 0.000 0.000 0.000 0.000 0.000 0.000 0.000 0.000 
-0.992 -0.558 0.000 0.000 0.000 0.000 0.000 0.000 0.000 0.000 
-1.000 -0.708 -0.116 0.000 0.000 0.000 0.000 0.000 0.000 0.000 
-0.948 -0.845 -0.188 0.000 0.000 0.000 0.000 0.000 0.000 0.000 
-0.845 -0.948 -0.288 0.000 0.000 0.000 0.000 0.000 0.000 0.000 
-0.708 -1.000 -0.413 0.000 0.000 0.000 0.000 0.000 0.000 0.000 
-0.558 -0.992 -0.558 0.000 0.000 0.000 0.000 0.000 0.000 0.000 
-0.413 -1.000 -0.708 -0.116 0.000 0.000 0.000 0.000 0.000 0.000 
-0.288 -0.948 -0.845 -0.188 0.000 0.000 0.000 0.000 0.000 0.000 
-0.188 -0.845 -0.948 -0.288 0.000 0.000 0.000 0.000 0.000 0.000 
-0.116 -0.708 -1.000 -0.413 0.000 0.000 0.000 0.000 0.000 0.000 
0.000 -0.558 -0.992 -0.558 0.000 0.000 0.000 0.000 0.000 0.000 
0.000 -0.413 -1.000 -0.708 -0.116 0.000 0.000 0.000 0.000 0.000 
0.000 -0.288 -0.948 -0.845 -0.188 0.000 0.000 0.000 0.000 0.000 
0.000 -0.188 -0.845 -0.948 -0.288 0.000 0.000 0.000 0.000 0.000 
0.000 -0.116 -0.708 -1.000 -0.413 0.000 0.000 0.000 0.000 0.000 
0.000 0.000 -0.558 -0.992 -0.558 0.000 0.000 0.000 0.000 0.000 
0.000 0.000 -0.413 -1.000 -0.708 -0.116 0.000 0.000 0.000 0.000 
0.000 0.000 -0.288 -0.948 -0.845 -0.188 0.000 0.000 0.000 0.000 
0.000 0.000 -0.188 -0.845 -0.948 -0.288 0.000 0.000 0.000 0.000 
0.000 0.000 -0.116 -0.708 -1.000 -0.413 0.000 0.000 0.000 0.000 
0.000 0.000 0.000 -0.558 -0.992 -0.558 0.000 0.000 0.000 0.000 
0.000 0.000 0.000 -0.413 -1.000 -0.708 -0.116 0.000 0.000 0.000 
0.000 0.000 0.000 -0.288 -0.948 -0.845 -0.188 0.000 0.000 0.000 
0.000 0.000 0.000 -0.188 -0.845 -0.948 -0.288 0.000 0.000 0.000 
0.000 0.000 0.000 -0.116 -0.708 -1.000 -0.413 0.000 0.000 0.000 
0.000 0.000 0.000 0.000 -0.558 -0.992 -0.558 0.000 0.000 0.000 
0.000 0.000 0.000 0.000 -0.413 -1.000 -0.708 -0.116 0.000 0.000 
0.000 0.000 0.000 0.000 -0.288 -0.948 -0.845 -0.188 0.000 0.000 
0.000 0.000 0.000 0.000 -0.188 -0.845 -0.948 -0.288 0.000 0.000 
0.000 0.000 0.000 0.000 -0.116 -0.708 -1.000 -0.413 0.000 0.000 
0.000 0.000 0.000 0.000 0.000 -0.558 -0.992 -0.558 0.000 0.000 
0.000 0.000 0.000 0.000 0.000 -0.413 -1.000 -0.708 -0.116 0.000 
0.000 0.000 0.000 0.000 0.000 -0.288 -0.948 -0.845 -0.188 0.000 
0.000 0.000 0.000 0.000 0.000 -0.188 -0.845 -0.948 -0.288 0.000 
0.000 0.000 0.000 0.000 0.000 -0.116 -0.708 -1.000 -0.413 0.000 
0.000 0.000 0.000 0.000 0.000 0.000 -0.558 -0.992 -0.558 0.000 
0.000 0.000 0.000 0.000 0.000 0.000 -0.413 -1.000 -0.708 -0.116 
0.000 0.000 0.000 0.000 0.000 0.000 -0.288 -0.948 -0.845 -0.188 
0.000 0.000 0.000 0.000 0.000 0.000 -0.188 -0.845 -0.948 -0.288 
0.000 0.000 0.000 0.000 0.000 0.000 -0.116 -0.708 -1.000 -0.413 
0.000 0.000 0.000 0.000 0.000 0.000 0.000 -0.558 -0.992 -0.558 
0.000 0.000 0.000 0.000 0.000 0.000 0.000 -0.413 -1.000 -0.708 
0.000 0.000 0.000 0.000 0.000 0.000 0.000 -0.288 -0.948 -0.845 
0.000 0.000 0.000 0.000 0.000 0.000 0.000 -0.188 -0.845 -0.948 
0.000 0.000 0.000 0.000 0.000 0.000 0.000 -0.116 -0.708 -1.000 
0.000 0.000 0.000 0.000 0.000 0.000 0.000 0.000 -0.558 -0.992 
0.000 0.000 0.000 0.000 0.000 0.000 0.000 0.000 -0.413 -1.000 
0.000 0.000 0.000 0.000 0.000 0.000 0.000 0.000 -0.288 -0.948 
# 2 1 12 10
-1.000 -0.494 0.000 0.000 0.000 0.000 0.000 0.000 0.000 0.000 
-0.742 -0.990 -0.378 0.000 0.000 0.000 0.000 0.000 0.000 0.000 
-0.195 -0.852 -0.938 -0.278 0.000 0.000 0.000 0.000 0.000 0.000 
0.000 -0.278 -0.938 -0.852 -0.195 0.000 0.000 0.000 0.000 0.000 
0.000 0.000 -0.378 -0.990 -0.742 -0.131 0.000 0.000 0.000 0.000 
0.000 0.000 0.000 -0.494 -1.000 -0.619 0.000 0.000 0.000 0.000 
0.000 0.000 0.000 0.000 -0.619 -1.000 -0.494 0.000 0.000 0.000 
0.000 0.000 0.000 0.000 -0.131 -0.742 -0.990 -0.378 0.000 0.000 
0.000 0.000 0.000 0.000 0.000 -0.195 -0.852 -0.938 -0.278 0.000 
0.000 0.000 0.000 0.000 0.000 0.000 -0.278 -0.938 -0.852 -0.195 
0.000 0.000 0.000 0.000 0.000 0.000 0.000 -0.378 -0.990 -0.742 
0.000 0.000 0.000 0.000 0.000 0.000 0.000 0.000 -0.494 -1.000 
