69.494142
3
# 0 1 7 50
0.127 0.508 0.957 0.854 0.986 0.582 0.163 0.000 0.000 0.000 0.000 0.000 0.000 0.000 0.000 0.000 0.000 0.000 0.000 0.000 0.000 0.000 0.000 0.000 0.000 0.000 0.000 0.000 0.000 0.000 0.000 0.000 0.000 0.000 0.000 0.000 0.000 0.000 0.000 0.000 0.000 0.000 0.000 0.000 0.000 0.000 0.000 0.000 0.000 0.000 
0.000 0.000 0.000 0.000 0.000 0.000 0.000 0.000 0.436 0.915 0.908 1.000 0.657 0.204 0.000 0.000 0.000 0.000 0.000 0.000 0.000 0.000 0.000 0.000 0.000 0.000 0.000 0.000 0.000 0.000 0.000 0.000 0.000 0.000 0.000 0.000 0.000 0.000 0.000 0.000 0.000 0.000 0.000 0.000 0.000 0.000 0.000 0.000 0.000 0.000 
0.000 0.000 0.000 0.000 0.000 0.000 0.000 0.000 0.000 0.000 0.000 0.000 0.000 0.000 0.000 0.369 0.862 0.952 0.999 0.730 0.253 0.000 0.000 0.000 0.000 0.000 0.000 0.000 0.000 0.000 0.000 0.000 0.000 0.000 0.000 0.000 0.000 0.000 0.000 0.000 0.000 0.000 0.000 0.000 0.000 0.000 0.000 0.000 0.000 0.000 
0.000 0.000 0.000 0.000 0.000 0.000 0.000 0.000 0.000 0.000 0.000 0.000 0.000 0.000 0.000 0.000 0.000 0.000 0.000 0.000 0.000 0.000 0.308 0.800 0.983 0.983 0.800 0.308 0.000 0.000 0.000 0.000 0.000 0.000 0.000 0.000 0.000 0.000 0.000 0.000 0.000 0.000 0.000 0.000 0.000 0.000 0.000 0.000 0.000 0.000 
0.000 0.000 0.000 0.000 0.000 0.000 0.000 0.000 0.000 0.000 0.000 0.000 0.000 0.000 0.000 0.000 0.000 0.000 0.000 0.000 0.000 0.000 0.000 0.000 0.000 0.000 0.000 0.000 0.000 0.253 0.730 0.999 0.952 0.862 0.369 0.000 0.000 0.000 0.000 0.000 0.000 0.000 0.000 0.000 0.000 0.000 0.000 0.000 0.000 0.000 
0.000 0.000 0.000 0.000 0.000 0.000 0.000 0.000 0.000 0.000 0.000 0.000 0.000 0.000 0.000 0.000 0.000 0.000 0.000 0.000 0.000 0.000 0.000 0.000 0.000 0.000 0.000 0.000 0.000 0.000 0.000 0.000 0.000 0.000 0.000 0.000 0.204 0.657 1.000 0.908 0.915 0.436 0.000 0.000 0.000 0.000 0.000 0.000 0.000 0.000 
0.000 0.000 0.000 0.000 0.000 0.000 0.000 0.000 0.000 0.000 0.000 0.000 0.000 0.000 0.000 0.000 0.000 0.000 0.000 0.000 0.000 0.000 0.000 0.000 0.000 0.000 0.000 0.000 0.000 0.000 0.000 0.000 0.000 0.000 0.000 0.000 0.000 0.000 0.000 0.000 0.000 0.000 0.000 0.163 0.582 0.986 0.854 0.957 0.508 0.127 
# 0 2 15 50
0.934 0.894 1.000 0.634 0.190 0.000 0.000 0.000 0.000 0.000 0.000 0.000 0.000 0.000 0.000 0.000 0.000 0.000 0.000 0.000 0.000 0.000 0.000 0.000 0.000 0.000 0.000 0.000 0.000 0.000 0.000 0.000 0.000 0.000 0.000 0.000 0.000 0.000 0.000 0.000 0.000 0.000 0.000 0.000 0.000 0.000 0.000 0.000 0.000 0.000 
0.000 0.000 0.309 0.802 0.986 0.986 0.802 0.309 0.000 0.000 0.000 0.000 0.000 0.000 0.000 0.000 0.000 0.000 0.000 0.000 0.000 0.000 0.000 0.000 0.000 0.000 0.000 0.000 0.000 0.000 0.000 0.000 0.000 0.000 0.000 0.000 0.000 0.000 0.000 0.000 0.000 0.000 0.000 0.000 0.000 0.000 0.000 0.000 0.000 0.000 
0.000 0.000 0.000 0.000 0.000 0.190 0.634 1.000 0.894 0.934 0.461 0.108 0.000 0.000 0.000 0.000 0.000 0.000 0.000 0.000 0.000 0.000 0.000 0.000 0.000 0.000 0.000 0.000 0.000 0.000 0.000 0.000 0.000 0.000 0.000 0.000 0.000 0.000 0.000 0.000 0.000 0.000 0.000 0.000 0.000 0.000 0.000 0.000 0.000 0.000 
0.000 0.000 0.000 0.000 0.000 0.000 0.000 0.000 0.108 0.461 0.934 0.894 1.000 0.634 0.190 0.000 0.000 0.000 0.000 0.000 0.000 0.000 0.000 0.000 0.000 0.000 0.000 0.000 0.000 0.000 0.000 0.000 0.000 0.000 0.000 0.000 0.000 0.000 0.000 0.000 0.000 0.000 0.000 0.000 0.000 0.000 0.000 0.000 0.000 0.000 
0.000 0.000 0.000 0.000 0.000 0.000 0.000 0.000 0.000 0.000 0.000 0.000 0.309 0.802 0.986 0.986 0.802 0.309 0.000 0.000 0.000 0.000 0.000 0.000 0.000 0.000 0.000 0.000 0.000 0.000 0.000 0.000 0.000 0.000 0.000 0.000 0.000 0.000 0.000 0.000 0.000 0.000 0.000 0.000 0.000 0.000 0.000 0.000 0.000 0.000 
0.000 0.000 0.000 0.000 0.000 0.000 0.000 0.000 0.000 0.000 0.000 0.000 0.000 0.000 0.000 0.190 0.634 1.000 0.894 0.934 0.461 0.108 0.000 0.000 0.000 0.000 0.000 0.000 0.000 0.000 0.000 0.000 0.000 0.000 0.000 0.000 0.000 0.000 0.000 0.000 0.000 0.000 0.000 0.000 0.000 0.000 0.000 0.000 0.000 0.000 
0.000 0.000 0.000 0.000 0.000 0.000 0.000 0.000 0.000 0.000 0.000 0.000 0.000 0.000 0.000 0.000 0.000 0.000 0.108 0.461 0.934 0.894 1.000 0.634 0.190 0.000 0.000 0.000 0.000 0.000 0.000 0.000 0.000 0.000 0.000 0.000 0.000 0.000 0.000 0.000 0.000 0.000 0.000 0.000 0.000 0.000 0.000 0.000 0.000 0.000 
0.000 0.000 0.000 0.000 0.000 0.000 0.000 0.000 0.000 0.000 0.000 0.000 0.000 0.000 0.000 0.000 0.000 0.000 0.000 0.000 0.000 0.000 0.309 0.802 0.986 0.986 0.802 0.309 0.000 0.000 0.000 0.000 0.000 0.000 0.000 0.000 0.000 0.000 0.000 0.000 0.000 0.000 0.000 0.000 0.000 0.000 0.000 0.000 0.000 0.000 
0.000 0.000 0.000 0.000 0.000 0.000 0.000 0.000 0.000 0.000 0.000 0.000 0.000 0.000 0.000 0.000 0.000 0.000 0.000 0.000 0.000 0.000 0.000 0.000 0.000 0.190 0.634 1.000 0.894 0.934 0.461 0.108 0.000 0.000 0.000 0.000 0.000 0.000 0.000 0.000 0.000 0.000 0.000 0.000 0.000 0.000 0.000 0.000 0.000 0.000 
0.000 0.000 0.000 0.000 0.000 0.000 0.000 0.000 0.000 0.000 0.000 0.000 0.000 0.000 0.000 0.000 0.000 0.000 0.000 0.000 0.000 0.000 0.000 0.000 0.000 0.000 0.000 0.000 0.108 0.461 0.934 0.894 1.000 0.634 0.190 0.000 0.000 0.000 0.000 0.000 0.000 0.000 0.000 0.000 0.000 0.000 0.000 0.000 0.000 0.000 
0.000 0.000 0.000 0.000 0.000 0.000 0.000 0.000 0.000 0.000 0.000 0.000 0.000 0.000 0.000 0.000 0.000 0.000 0.000 0.000 0.000 0.000 0.000 0.000 0.000 0.000 0.000 0.000 0.000 0.000 0.000 0.000 0.309 0.802 0.986 0.986 0.802 0.309 0.000 0.000 0.000 0.000 0.000 0.000 0.000 0.000 0.000 0.000 0.000 0.000 
0.000 0.000 0.000 0.000 0.000 0.000 0.000 0.000 0.000 0.000 0.000 0.000 0.000 0.000 0.000 0.000 0.000 0.000 0.000 0.000 0.000 0.000 0.000 0.000 0.000 0.000 0.000 0.000 0.000 0.000 0.000 0.000 0.000 0.000 0.000 0.190 0.634 1.000 0.894 0.934 0.461 0.108 0.000 0.000 0.000 0.000 0.000 0.000 0.000 0.000 
0.000 0.000 0.000 0.000 0.000 0.000 0.000 0.000 0.000 0.000 0.000 0.000 0.000 0.000 0.000 0.000 0.000 0.000 0.000 0.000 0.000 0.000 0.000 0.000 0.000 0.000 0.000 0.000 0.000 0.000 0.000 0.000 0.000 0.000 0.000 0.000 0.000 0.000 0.108 0.461 0.934 0.894 1.000 0.634 0.190 0.000 0.000 0.000 0.000 0.000 
0.000 0.000 0.000 0.000 0.000 0.000 0.000 0.000 0.000 0.000 0.000 0.000 0.000 0.000 0.000 0.000 0.000 0.000 0.000 0.000 0.000 0.000 0.000 0.000 0.000 0.000 0.000 0.000 0.000 0.000 0.000 0.000 0.000 0.000 0.000 0.000 0.000 0.000 0.000 0.000 0.000 0.000 0.309 0.802 0.986 0.986 0.802 0.309 0.000 0.000 
0.000 0.000 0.000 0.000 0.000 0.000 0.000 0.000 0.000 0.000 0.000 0.000 0.000 0.000 0.000 0.000 0.000 0.000 0.000 0.000 0.000 0.000 0.000 0.000 0.000 0.000 0.000 0.000 0.000 0.000 0.000 0.000 0.000 0.000 0.000 0.000 0.000 0.000 0.000 0.000 0.000 0.000 0.000 0.000 0.000 0.190 0.634 1.000 0.894 0.934 
# 1 0 50 7
-0.964 -0.837 -0.342 0.000 0.000 0.000 0.000 
-0.926 -0.893 -0.406 0.000 0.000 0.000 0.000 
-0.876 -0.939 -0.474 -0.113 0.000 0.000 0.000 
-0.817 -0.973 -0.546 -0.144 0.000 0.000 0.000 
-0.868 -0.994 -0.620 -0.182 0.000 0.000 0.000 
-0.919 -1.000 -0.693 -0.226 0.000 0.000 0.000 
-0.959 -0.991 -0.763 -0.276 0.000 0.000 0.000 
-0.986 -0.968 -0.828 -0.333 0.000 0.000 0.000 
-0.999 -0.932 -0.886 -0.396 0.000 0.000 0.000 
-0.997 -0.884 -0.934 -0.464 -0.109 0.000 0.000 
-0.981 -0.826 -0.969 -0.536 -0.139 0.000 0.000 
-0.950 -0.860 -0.992 -0.609 -0.176 0.000 0.000 
-0.908 -0.913 -1.000 -0.682 -0.219 0.000 0.000 
-0.854 -0.954 -0.993 -0.753 -0.269 0.000 0.000 
-0.792 -0.983 -0.972 -0.819 -0.325 0.000 0.000 
-0.723 -0.998 -0.938 -0.878 -0.387 0.000 0.000 
-0.651 -0.998 -0.891 -0.927 -0.454 -0.105 0.000 
-0.577 -0.984 -0.835 -0.965 -0.525 -0.134 0.000 
-0.505 -0.956 -0.852 -0.990 -0.598 -0.170 0.000 
-0.435 -0.914 -0.906 -1.000 -0.672 -0.213 0.000 
-0.369 -0.862 -0.949 -0.995 -0.743 -0.261 0.000 
-0.308 -0.801 -0.980 -0.976 -0.810 -0.316 0.000 
-0.254 -0.733 -0.997 -0.944 -0.870 -0.378 0.000 
-0.206 -0.661 -0.999 -0.899 -0.921 -0.444 -0.101 
-0.165 -0.588 -0.987 -0.843 -0.960 -0.515 -0.130 
-0.130 -0.515 -0.960 -0.843 -0.987 -0.588 -0.165 
-0.101 -0.444 -0.921 -0.899 -0.999 -0.661 -0.206 
0.000 -0.378 -0.870 -0.944 -0.997 -0.733 -0.254 
0.000 -0.316 -0.810 -0.976 -0.980 -0.801 -0.308 
0.000 -0.261 -0.743 -0.995 -0.949 -0.862 -0.369 
0.000 -0.213 -0.672 -1.000 -0.906 -0.914 -0.435 
0.000 -0.170 -0.598 -0.990 -0.852 -0.956 -0.505 
0.000 -0.134 -0.525 -0.965 -0.835 -0.984 -0.577 
0.000 -0.105 -0.454 -0.927 -0.891 -0.998 -0.651 
0.000 0.000 -0.387 -0.878 -0.938 -0.998 -0.723 
0.000 0.000 -0.325 -0.819 -0.972 -0.983 -0.792 
0.000 0.000 -0.269 -0.753 -0.993 -0.954 -0.854 
0.000 0.000 -0.219 -0.682 -1.000 -0.913 -0.908 
0.000 0.000 -0.176 -0.609 -0.992 -0.860 -0.950 
0.000 0.000 -0.139 -0.536 -0.969 -0.826 -0.981 
0.000 0.000 -0.109 -0.464 -0.934 -0.884 -0.997 
0.000 0.000 0.000 -0.396 -0.886 -0.932 -0.999 
0.000 0.000 0.000 -0.333 -0.828 -0.968 -0.986 
0.000 0.000 0.000 -0.276 -0.763 -0.991 -0.959 
0.000 0.000 0.000 -0.226 -0.693 -1.000 -0.919 
0.000 0.000 0.000 -0.182 -0.620 -0.994 -0.868 
0.000 0.000 0.000 -0.144 -0.546 -0.973 -0.817 
0.000 0.000 0.000 -0.113 -0.474 -0.939 -0.876 
0.000 0.000 0.000 0.000 -0.406 -0.893 -0.926 
0.000 0.000 0.000 0.000 -0.342 -0.837 -0.964 
