1.667233
5
# 0 1 27 50
0.000 0.000 0.000 0.000 0.000 0.110 0.160 0.225 0.305 0.399 0.504 0.616 0.727 0.829 0.913 0.971 0.998 0.991 0.951 0.881 0.789 0.682 0.570 0.460 0.359 0.270 0.197 0.138 0.000 0.000 0.000 0.000 0.000 0.000 0.000 0.000 0.000 0.000 0.000 0.000 0.000 0.000 0.000 0.000 0.000 0.000 0.000 0.000 0.000 0.000 
0.000 0.000 0.000 0.000 0.000 0.000 0.000 0.117 0.169 0.236 0.318 0.414 0.521 0.633 0.743 0.843 0.923 0.977 1.000 0.988 0.942 0.869 0.774 0.666 0.554 0.444 0.345 0.258 0.187 0.131 0.000 0.000 0.000 0.000 0.000 0.000 0.000 0.000 0.000 0.000 0.000 0.000 0.000 0.000 0.000 0.000 0.000 0.000 0.000 0.000 
0.000 0.000 0.000 0.000 0.000 0.000 0.000 0.000 0.000 0.124 0.178 0.247 0.331 0.429 0.537 0.649 0.759 0.856 0.933 0.983 1.000 0.983 0.933 0.856 0.759 0.649 0.537 0.429 0.331 0.247 0.178 0.124 0.000 0.000 0.000 0.000 0.000 0.000 0.000 0.000 0.000 0.000 0.000 0.000 0.000 0.000 0.000 0.000 0.000 0.000 
0.185 0.129 0.000 0.000 0.000 0.000 0.000 0.000 0.000 0.000 0.000 0.131 0.187 0.258 0.345 0.444 0.554 0.666 0.774 0.869 0.942 0.988 1.000 0.977 0.923 0.843 0.743 0.633 0.521 0.414 0.318 0.236 0.169 0.117 0.000 0.000 0.000 0.000 0.000 0.000 0.000 0.000 0.000 0.000 0.000 0.000 0.000 0.000 0.000 0.000 
0.328 0.244 0.176 0.122 0.000 0.000 0.000 0.000 0.000 0.000 0.000 0.000 0.000 0.138 0.197 0.270 0.359 0.460 0.570 0.682 0.789 0.881 0.951 0.991 0.998 0.971 0.913 0.829 0.727 0.616 0.504 0.399 0.305 0.225 0.160 0.110 0.000 0.000 0.000 0.000 0.000 0.000 0.000 0.000 0.000 0.000 0.000 0.000 0.000 0.000 
0.516 0.410 0.314 0.233 0.167 0.115 0.000 0.000 0.000 0.000 0.000 0.000 0.000 0.000 0.000 0.146 0.207 0.282 0.373 0.476 0.587 0.699 0.804 0.893 0.959 0.995 0.997 0.965 0.902 0.815 0.711 0.599 0.488 0.384 0.292 0.214 0.152 0.104 0.000 0.000 0.000 0.000 0.000 0.000 0.000 0.000 0.000 0.000 0.000 0.000 
0.723 0.612 0.500 0.395 0.301 0.222 0.158 0.109 0.000 0.000 0.000 0.000 0.000 0.000 0.000 0.000 0.106 0.154 0.217 0.295 0.388 0.492 0.603 0.715 0.818 0.905 0.966 0.997 0.994 0.957 0.890 0.800 0.695 0.583 0.472 0.370 0.279 0.204 0.144 0.000 0.000 0.000 0.000 0.000 0.000 0.000 0.000 0.000 0.000 0.000 
0.899 0.811 0.707 0.595 0.484 0.380 0.289 0.212 0.150 0.103 0.000 0.000 0.000 0.000 0.000 0.000 0.000 0.000 0.112 0.162 0.227 0.308 0.402 0.508 0.620 0.731 0.832 0.916 0.973 0.999 0.991 0.949 0.878 0.785 0.678 0.566 0.456 0.355 0.267 0.194 0.136 0.000 0.000 0.000 0.000 0.000 0.000 0.000 0.000 0.000 
0.993 0.955 0.887 0.796 0.691 0.578 0.468 0.366 0.276 0.202 0.142 0.000 0.000 0.000 0.000 0.000 0.000 0.000 0.000 0.000 0.119 0.171 0.238 0.321 0.418 0.525 0.637 0.747 0.846 0.926 0.979 1.000 0.986 0.940 0.866 0.770 0.662 0.549 0.441 0.341 0.255 0.185 0.129 0.000 0.000 0.000 0.000 0.000 0.000 0.000 
0.975 0.999 0.990 0.947 0.875 0.782 0.674 0.562 0.452 0.352 0.264 0.192 0.134 0.000 0.000 0.000 0.000 0.000 0.000 0.000 0.000 0.000 0.125 0.180 0.250 0.334 0.433 0.541 0.653 0.762 0.859 0.936 0.984 1.000 0.982 0.931 0.853 0.755 0.645 0.533 0.425 0.328 0.244 0.176 0.122 0.000 0.000 0.000 0.000 0.000 
0.849 0.928 0.980 1.000 0.985 0.938 0.863 0.766 0.658 0.545 0.437 0.338 0.253 0.182 0.127 0.000 0.000 0.000 0.000 0.000 0.000 0.000 0.000 0.000 0.133 0.189 0.261 0.348 0.448 0.558 0.670 0.778 0.872 0.945 0.989 0.999 0.976 0.921 0.839 0.739 0.629 0.516 0.410 0.314 0.233 0.167 0.115 0.000 0.000 0.000 
0.658 0.766 0.863 0.938 0.985 1.000 0.980 0.928 0.849 0.751 0.641 0.529 0.421 0.324 0.241 0.173 0.120 0.000 0.000 0.000 0.000 0.000 0.000 0.000 0.000 0.000 0.140 0.199 0.273 0.362 0.464 0.574 0.686 0.793 0.884 0.953 0.992 0.998 0.970 0.910 0.825 0.723 0.612 0.500 0.395 0.301 0.222 0.158 0.109 0.000 
0.452 0.562 0.674 0.782 0.875 0.947 0.990 0.999 0.975 0.918 0.836 0.735 0.624 0.512 0.406 0.311 0.230 0.165 0.114 0.000 0.000 0.000 0.000 0.000 0.000 0.000 0.000 0.101 0.148 0.209 0.286 0.377 0.480 0.591 0.703 0.807 0.896 0.961 0.995 0.996 0.963 0.899 0.811 0.707 0.595 0.484 0.380 0.289 0.212 0.150 
0.276 0.366 0.468 0.578 0.691 0.797 0.887 0.955 0.993 0.998 0.968 0.908 0.822 0.719 0.608 0.496 0.391 0.298 0.219 0.156 0.107 0.000 0.000 0.000 0.000 0.000 0.000 0.000 0.000 0.107 0.156 0.219 0.298 0.391 0.496 0.608 0.719 0.822 0.908 0.968 0.998 0.993 0.955 0.887 0.797 0.691 0.578 0.468 0.366 0.276 
0.150 0.212 0.289 0.380 0.484 0.595 0.707 0.811 0.899 0.963 0.996 0.995 0.961 0.896 0.807 0.703 0.591 0.480 0.377 0.286 0.209 0.148 0.101 0.000 0.000 0.000 0.000 0.000 0.000 0.000 0.000 0.114 0.165 0.230 0.311 0.406 0.512 0.624 0.735 0.836 0.918 0.975 0.999 0.990 0.947 0.875 0.782 0.674 0.562 0.452 
0.000 0.109 0.158 0.222 0.301 0.395 0.500 0.612 0.723 0.825 0.910 0.970 0.998 0.992 0.953 0.884 0.793 0.686 0.574 0.464 0.362 0.273 0.199 0.140 0.000 0.000 0.000 0.000 0.000 0.000 0.000 0.000 0.000 0.120 0.173 0.241 0.324 0.421 0.529 0.641 0.751 0.849 0.928 0.980 1.000 0.985 0.938 0.863 0.766 0.658 
0.000 0.000 0.000 0.115 0.167 0.233 0.314 0.410 0.516 0.629 0.739 0.839 0.921 0.976 0.999 0.989 0.945 0.872 0.778 0.670 0.558 0.448 0.348 0.261 0.189 0.133 0.000 0.000 0.000 0.000 0.000 0.000 0.000 0.000 0.000 0.127 0.182 0.253 0.338 0.437 0.545 0.658 0.766 0.863 0.938 0.985 1.000 0.980 0.928 0.849 
0.000 0.000 0.000 0.000 0.000 0.122 0.176 0.244 0.328 0.425 0.533 0.645 0.755 0.853 0.931 0.982 1.000 0.984 0.936 0.859 0.762 0.653 0.541 0.433 0.334 0.250 0.180 0.125 0.000 0.000 0.000 0.000 0.000 0.000 0.000 0.000 0.000 0.134 0.192 0.264 0.352 0.452 0.562 0.674 0.782 0.875 0.947 0.990 0.999 0.975 
0.000 0.000 0.000 0.000 0.000 0.000 0.000 0.129 0.185 0.255 0.341 0.441 0.549 0.662 0.770 0.866 0.940 0.986 1.000 0.979 0.926 0.846 0.747 0.637 0.525 0.418 0.321 0.238 0.171 0.119 0.000 0.000 0.000 0.000 0.000 0.000 0.000 0.000 0.000 0.142 0.202 0.276 0.366 0.468 0.578 0.691 0.796 0.887 0.955 0.993 
0.000 0.000 0.000 0.000 0.000 0.000 0.000 0.000 0.000 0.136 0.194 0.267 0.355 0.456 0.566 0.678 0.785 0.878 0.949 0.991 0.999 0.973 0.916 0.832 0.731 0.620 0.508 0.402 0.308 0.227 0.162 0.112 0.000 0.000 0.000 0.000 0.000 0.000 0.000 0.000 0.103 0.150 0.212 0.289 0.380 0.484 0.595 0.707 0.811 0.899 
0.000 0.000 0.000 0.000 0.000 0.000 0.000 0.000 0.000 0.000 0.000 0.144 0.204 0.279 0.370 0.472 0.583 0.695 0.800 0.890 0.957 0.994 0.997 0.966 0.905 0.818 0.715 0.603 0.492 0.388 0.295 0.217 0.154 0.106 0.000 0.000 0.000 0.000 0.000 0.000 0.000 0.000 0.109 0.158 0.222 0.301 0.395 0.500 0.612 0.723 
0.000 0.000 0.000 0.000 0.000 0.000 0.000 0.000 0.000 0.000 0.000 0.000 0.104 0.152 0.214 0.292 0.384 0.488 0.599 0.711 0.815 0.902 0.965 0.997 0.995 0.959 0.893 0.804 0.699 0.587 0.476 0.373 0.282 0.207 0.146 0.000 0.000 0.000 0.000 0.000 0.000 0.000 0.000 0.000 0.115 0.167 0.233 0.314 0.410 0.516 
0.000 0.000 0.000 0.000 0.000 0.000 0.000 0.000 0.000 0.000 0.000 0.000 0.000 0.000 0.110 0.160 0.225 0.305 0.399 0.504 0.616 0.727 0.829 0.913 0.971 0.998 0.991 0.951 0.881 0.789 0.682 0.570 0.460 0.359 0.270 0.197 0.138 0.000 0.000 0.000 0.000 0.000 0.000 0.000 0.000 0.000 0.122 0.176 0.244 0.328 
0.000 0.000 0.000 0.000 0.000 0.000 0.000 0.000 0.000 0.000 0.000 0.000 0.000 0.000 0.000 0.000 0.117 0.169 0.236 0.318 0.414 0.521 0.633 0.743 0.843 0.923 0.977 1.000 0.988 0.942 0.869 0.774 0.666 0.554 0.444 0.345 0.258 0.187 0.131 0.000 0.000 0.000 0.000 0.000 0.000 0.000 0.000 0.000 0.129 0.185 
0.000 0.000 0.000 0.000 0.000 0.000 0.000 0.000 0.000 0.000 0.000 0.000 0.000 0.000 0.000 0.000 0.000 0.000 0.124 0.178 0.247 0.331 0.429 0.537 0.649 0.759 0.856 0.933 0.983 1.000 0.983 0.933 0.856 0.759 0.649 0.537 0.429 0.331 0.247 0.178 0.124 0.000 0.000 0.000 0.000 0.000 0.000 0.000 0.000 0.000 
0.000 0.000 0.000 0.000 0.000 0.000 0.000 0.000 0.000 0.000 0.000 0.000 0.000 0.000 0.000 0.000 0.000 0.000 0.000 0.000 0.131 0.187 0.258 0.345 0.444 0.554 0.666 0.774 0.869 0.942 0.988 1.000 0.977 0.923 0.843 0.743 0.633 0.521 0.414 0.318 0.236 0.169 0.117 0.000 0.000 0.000 0.000 0.000 0.000 0.000 
0.000 0.000 0.000 0.000 0.000 0.000 0.000 0.000 0.000 0.000 0.000 0.000 0.000 0.000 0.000 0.000 0.000 0.000 0.000 0.000 0.000 0.000 0.138 0.197 0.270 0.359 0.460 0.570 0.682 0.789 0.881 0.951 0.991 0.998 0.971 0.913 0.829 0.727 0.616 0.504 0.399 0.305 0.225 0.160 0.110 0.000 0.000 0.000 0.000 0.000 
# 0 2 22 50
0.000 0.000 0.000 0.000 0.000 0.102 0.149 0.210 0.287 0.378 0.481 0.592 0.704 0.809 0.897 0.962 0.996 0.996 0.962 0.898 0.810 0.706 0.594 0.483 0.379 0.288 0.211 0.149 0.102 0.000 0.000 0.000 0.000 0.000 0.000 0.000 0.000 0.000 0.000 0.000 0.000 0.000 0.000 0.000 0.000 0.000 0.000 0.000 0.000 0.000 
0.000 0.000 0.000 0.000 0.000 0.000 0.000 0.000 0.134 0.192 0.264 0.352 0.452 0.562 0.674 0.781 0.875 0.947 0.990 0.999 0.975 0.918 0.836 0.735 0.625 0.513 0.406 0.311 0.230 0.165 0.114 0.000 0.000 0.000 0.000 0.000 0.000 0.000 0.000 0.000 0.000 0.000 0.000 0.000 0.000 0.000 0.000 0.000 0.000 0.000 
0.139 0.000 0.000 0.000 0.000 0.000 0.000 0.000 0.000 0.000 0.121 0.175 0.243 0.326 0.424 0.531 0.643 0.753 0.851 0.930 0.981 1.000 0.985 0.937 0.861 0.764 0.655 0.543 0.434 0.336 0.251 0.181 0.126 0.000 0.000 0.000 0.000 0.000 0.000 0.000 0.000 0.000 0.000 0.000 0.000 0.000 0.000 0.000 0.000 0.000 
0.294 0.216 0.154 0.105 0.000 0.000 0.000 0.000 0.000 0.000 0.000 0.000 0.109 0.159 0.223 0.302 0.396 0.501 0.613 0.724 0.826 0.911 0.970 0.998 0.992 0.953 0.884 0.792 0.686 0.573 0.463 0.362 0.273 0.199 0.140 0.000 0.000 0.000 0.000 0.000 0.000 0.000 0.000 0.000 0.000 0.000 0.000 0.000 0.000 0.000 
0.521 0.414 0.318 0.236 0.169 0.117 0.000 0.000 0.000 0.000 0.000 0.000 0.000 0.000 0.000 0.144 0.204 0.279 0.369 0.472 0.582 0.694 0.800 0.890 0.957 0.994 0.997 0.967 0.905 0.819 0.716 0.604 0.493 0.388 0.295 0.217 0.154 0.106 0.000 0.000 0.000 0.000 0.000 0.000 0.000 0.000 0.000 0.000 0.000 0.000 
0.772 0.664 0.551 0.443 0.343 0.257 0.186 0.130 0.000 0.000 0.000 0.000 0.000 0.000 0.000 0.000 0.000 0.130 0.186 0.257 0.343 0.443 0.551 0.664 0.772 0.867 0.941 0.987 1.000 0.978 0.925 0.844 0.745 0.635 0.523 0.416 0.319 0.237 0.170 0.118 0.000 0.000 0.000 0.000 0.000 0.000 0.000 0.000 0.000 0.000 
0.957 0.890 0.800 0.694 0.582 0.472 0.369 0.279 0.204 0.144 0.000 0.000 0.000 0.000 0.000 0.000 0.000 0.000 0.000 0.117 0.169 0.236 0.318 0.414 0.521 0.633 0.743 0.843 0.924 0.978 1.000 0.987 0.942 0.869 0.773 0.665 0.553 0.444 0.344 0.258 0.187 0.131 0.000 0.000 0.000 0.000 0.000 0.000 0.000 0.000 
0.992 0.998 0.970 0.911 0.826 0.724 0.613 0.501 0.396 0.302 0.223 0.159 0.109 0.000 0.000 0.000 0.000 0.000 0.000 0.000 0.000 0.105 0.154 0.216 0.294 0.387 0.491 0.603 0.714 0.817 0.904 0.966 0.997 0.994 0.958 0.891 0.801 0.696 0.584 0.473 0.370 0.280 0.205 0.144 0.000 0.000 0.000 0.000 0.000 0.000 
0.861 0.937 0.985 1.000 0.981 0.930 0.851 0.753 0.643 0.531 0.424 0.326 0.243 0.175 0.121 0.000 0.000 0.000 0.000 0.000 0.000 0.000 0.000 0.000 0.139 0.198 0.271 0.360 0.462 0.572 0.684 0.791 0.883 0.952 0.992 0.998 0.971 0.912 0.827 0.725 0.614 0.503 0.397 0.303 0.224 0.159 0.110 0.000 0.000 0.000 
0.625 0.735 0.836 0.918 0.975 0.999 0.990 0.947 0.875 0.781 0.674 0.562 0.452 0.352 0.264 0.192 0.134 0.000 0.000 0.000 0.000 0.000 0.000 0.000 0.000 0.000 0.126 0.180 0.250 0.335 0.433 0.541 0.654 0.763 0.859 0.936 0.984 1.000 0.982 0.931 0.853 0.755 0.645 0.533 0.425 0.328 0.244 0.175 0.122 0.000 
0.379 0.483 0.594 0.706 0.810 0.898 0.962 0.996 0.996 0.962 0.897 0.809 0.704 0.592 0.481 0.378 0.287 0.210 0.149 0.102 0.000 0.000 0.000 0.000 0.000 0.000 0.000 0.000 0.113 0.164 0.229 0.310 0.405 0.511 0.623 0.734 0.835 0.917 0.974 0.999 0.990 0.948 0.876 0.783 0.676 0.563 0.454 0.353 0.265 0.193 
0.193 0.265 0.353 0.454 0.563 0.676 0.783 0.876 0.948 0.990 0.999 0.974 0.917 0.835 0.734 0.623 0.511 0.405 0.310 0.229 0.164 0.113 0.000 0.000 0.000 0.000 0.000 0.000 0.000 0.000 0.102 0.149 0.210 0.287 0.378 0.481 0.592 0.704 0.809 0.897 0.962 0.996 0.996 0.962 0.898 0.810 0.706 0.594 0.483 0.379 
0.000 0.122 0.175 0.244 0.328 0.425 0.533 0.645 0.755 0.853 0.931 0.982 1.000 0.984 0.936 0.859 0.763 0.654 0.541 0.433 0.335 0.250 0.180 0.126 0.000 0.000 0.000 0.000 0.000 0.000 0.000 0.000 0.000 0.134 0.192 0.264 0.352 0.452 0.562 0.674 0.781 0.875 0.947 0.990 0.999 0.975 0.918 0.836 0.735 0.625 
0.000 0.000 0.000 0.110 0.159 0.224 0.303 0.397 0.503 0.614 0.725 0.827 0.912 0.971 0.998 0.992 0.952 0.883 0.791 0.684 0.572 0.462 0.360 0.271 0.198 0.139 0.000 0.000 0.000 0.000 0.000 0.000 0.000 0.000 0.000 0.121 0.175 0.243 0.326 0.424 0.531 0.643 0.753 0.851 0.930 0.981 1.000 0.985 0.937 0.861 
0.000 0.000 0.000 0.000 0.000 0.000 0.144 0.205 0.280 0.370 0.473 0.584 0.696 0.801 0.891 0.958 0.994 0.997 0.966 0.904 0.817 0.714 0.603 0.491 0.387 0.294 0.216 0.154 0.105 0.000 0.000 0.000 0.000 0.000 0.000 0.000 0.000 0.109 0.159 0.223 0.302 0.396 0.501 0.613 0.724 0.826 0.911 0.970 0.998 0.992 
0.000 0.000 0.000 0.000 0.000 0.000 0.000 0.000 0.131 0.187 0.258 0.344 0.444 0.553 0.665 0.773 0.869 0.942 0.987 1.000 0.978 0.924 0.843 0.743 0.633 0.521 0.414 0.318 0.236 0.169 0.117 0.000 0.000 0.000 0.000 0.000 0.000 0.000 0.000 0.000 0.144 0.204 0.279 0.369 0.472 0.582 0.694 0.800 0.890 0.957 
0.000 0.000 0.000 0.000 0.000 0.000 0.000 0.000 0.000 0.000 0.118 0.170 0.237 0.319 0.416 0.523 0.635 0.745 0.844 0.925 0.978 1.000 0.987 0.941 0.867 0.772 0.664 0.551 0.443 0.343 0.257 0.186 0.130 0.000 0.000 0.000 0.000 0.000 0.000 0.000 0.000 0.000 0.130 0.186 0.257 0.343 0.443 0.551 0.664 0.772 
0.000 0.000 0.000 0.000 0.000 0.000 0.000 0.000 0.000 0.000 0.000 0.000 0.106 0.154 0.217 0.295 0.388 0.493 0.604 0.716 0.819 0.905 0.967 0.997 0.994 0.957 0.890 0.800 0.694 0.582 0.472 0.369 0.279 0.204 0.144 0.000 0.000 0.000 0.000 0.000 0.000 0.000 0.000 0.000 0.117 0.169 0.236 0.318 0.414 0.521 
0.000 0.000 0.000 0.000 0.000 0.000 0.000 0.000 0.000 0.000 0.000 0.000 0.000 0.000 0.000 0.140 0.199 0.273 0.362 0.463 0.573 0.686 0.792 0.884 0.953 0.992 0.998 0.970 0.911 0.826 0.724 0.613 0.501 0.396 0.302 0.223 0.159 0.109 0.000 0.000 0.000 0.000 0.000 0.000 0.000 0.000 0.105 0.154 0.216 0.294 
0.000 0.000 0.000 0.000 0.000 0.000 0.000 0.000 0.000 0.000 0.000 0.000 0.000 0.000 0.000 0.000 0.000 0.126 0.181 0.251 0.336 0.434 0.543 0.655 0.764 0.861 0.937 0.985 1.000 0.981 0.930 0.851 0.753 0.643 0.531 0.424 0.326 0.243 0.175 0.121 0.000 0.000 0.000 0.000 0.000 0.000 0.000 0.000 0.000 0.139 
0.000 0.000 0.000 0.000 0.000 0.000 0.000 0.000 0.000 0.000 0.000 0.000 0.000 0.000 0.000 0.000 0.000 0.000 0.000 0.114 0.165 0.230 0.311 0.406 0.513 0.625 0.735 0.836 0.918 0.975 0.999 0.990 0.947 0.875 0.781 0.674 0.562 0.452 0.352 0.264 0.192 0.134 0.000 0.000 0.000 0.000 0.000 0.000 0.000 0.000 
0.000 0.000 0.000 0.000 0.000 0.000 0.000 0.000 0.000 0.000 0.000 0.000 0.000 0.000 0.000 0.000 0.000 0.000 0.000 0.000 0.000 0.102 0.149 0.211 0.288 0.379 0.483 0.594 0.706 0.810 0.898 0.962 0.996 0.996 0.962 0.897 0.809 0.704 0.592 0.481 0.378 0.287 0.210 0.149 0.102 0.000 0.000 0.000 0.000 0.000 
# 0 3 11 50
0.000 0.000 0.000 0.000 0.000 0.000 0.000 0.141 0.201 0.275 0.365 0.467 0.577 0.689 0.795 0.886 0.955 0.993 0.998 0.969 0.909 0.823 0.721 0.609 0.498 0.393 0.299 0.220 0.157 0.108 0.000 0.000 0.000 0.000 0.000 0.000 0.000 0.000 0.000 0.000 0.000 0.000 0.000 0.000 0.000 0.000 0.000 0.000 0.000 0.000 
0.207 0.146 0.000 0.000 0.000 0.000 0.000 0.000 0.000 0.000 0.000 0.115 0.166 0.233 0.314 0.410 0.516 0.628 0.739 0.839 0.921 0.976 1.000 0.989 0.945 0.873 0.778 0.671 0.558 0.449 0.349 0.262 0.190 0.133 0.000 0.000 0.000 0.000 0.000 0.000 0.000 0.000 0.000 0.000 0.000 0.000 0.000 0.000 0.000 0.000 
0.649 0.536 0.428 0.331 0.246 0.177 0.123 0.000 0.000 0.000 0.000 0.000 0.000 0.000 0.000 0.000 0.137 0.195 0.268 0.356 0.457 0.567 0.679 0.786 0.879 0.950 0.991 0.999 0.973 0.915 0.832 0.730 0.620 0.508 0.402 0.307 0.227 0.162 0.112 0.000 0.000 0.000 0.000 0.000 0.000 0.000 0.000 0.000 0.000 0.000 
0.996 0.964 0.901 0.813 0.709 0.597 0.486 0.382 0.290 0.213 0.151 0.103 0.000 0.000 0.000 0.000 0.000 0.000 0.000 0.000 0.111 0.161 0.226 0.306 0.400 0.506 0.618 0.729 0.831 0.914 0.972 0.999 0.991 0.950 0.880 0.787 0.681 0.568 0.458 0.357 0.269 0.196 0.137 0.000 0.000 0.000 0.000 0.000 0.000 0.000 
0.750 0.849 0.928 0.980 1.000 0.986 0.939 0.864 0.767 0.659 0.546 0.438 0.339 0.253 0.183 0.128 0.000 0.000 0.000 0.000 0.000 0.000 0.000 0.000 0.000 0.132 0.189 0.261 0.347 0.447 0.557 0.669 0.777 0.871 0.944 0.988 1.000 0.977 0.922 0.840 0.740 0.630 0.518 0.411 0.315 0.234 0.167 0.116 0.000 0.000 
0.276 0.366 0.468 0.579 0.691 0.797 0.888 0.955 0.993 0.998 0.968 0.908 0.822 0.719 0.608 0.496 0.391 0.298 0.220 0.156 0.107 0.000 0.000 0.000 0.000 0.000 0.000 0.000 0.000 0.107 0.156 0.220 0.298 0.391 0.496 0.608 0.719 0.822 0.908 0.968 0.998 0.993 0.955 0.888 0.797 0.691 0.579 0.468 0.366 0.276 
0.000 0.000 0.116 0.167 0.234 0.315 0.411 0.518 0.630 0.740 0.840 0.922 0.977 1.000 0.988 0.944 0.871 0.777 0.669 0.557 0.447 0.347 0.261 0.189 0.132 0.000 0.000 0.000 0.000 0.000 0.000 0.000 0.000 0.000 0.128 0.183 0.253 0.339 0.438 0.546 0.659 0.767 0.864 0.939 0.986 1.000 0.980 0.928 0.849 0.750 
0.000 0.000 0.000 0.000 0.000 0.000 0.000 0.137 0.196 0.269 0.357 0.458 0.568 0.681 0.787 0.880 0.950 0.991 0.999 0.972 0.914 0.831 0.729 0.618 0.506 0.400 0.306 0.226 0.161 0.111 0.000 0.000 0.000 0.000 0.000 0.000 0.000 0.000 0.103 0.151 0.213 0.290 0.382 0.486 0.597 0.709 0.813 0.901 0.964 0.996 
0.000 0.000 0.000 0.000 0.000 0.000 0.000 0.000 0.000 0.000 0.000 0.112 0.162 0.227 0.307 0.402 0.508 0.620 0.730 0.832 0.915 0.973 0.999 0.991 0.950 0.879 0.786 0.679 0.567 0.457 0.356 0.268 0.195 0.137 0.000 0.000 0.000 0.000 0.000 0.000 0.000 0.000 0.000 0.123 0.177 0.246 0.331 0.428 0.536 0.649 
0.000 0.000 0.000 0.000 0.000 0.000 0.000 0.000 0.000 0.000 0.000 0.000 0.000 0.000 0.000 0.000 0.133 0.190 0.262 0.349 0.449 0.558 0.671 0.778 0.873 0.945 0.989 1.000 0.976 0.921 0.839 0.739 0.628 0.516 0.410 0.314 0.233 0.166 0.115 0.000 0.000 0.000 0.000 0.000 0.000 0.000 0.000 0.000 0.146 0.207 
0.000 0.000 0.000 0.000 0.000 0.000 0.000 0.000 0.000 0.000 0.000 0.000 0.000 0.000 0.000 0.000 0.000 0.000 0.000 0.000 0.108 0.157 0.220 0.299 0.393 0.498 0.609 0.721 0.823 0.909 0.969 0.998 0.993 0.955 0.886 0.795 0.689 0.577 0.467 0.365 0.275 0.201 0.141 0.000 0.000 0.000 0.000 0.000 0.000 0.000 
# 0 4 9 50
0.000 0.000 0.000 0.000 0.000 0.000 0.000 0.117 0.169 0.236 0.318 0.414 0.521 0.633 0.743 0.843 0.923 0.978 1.000 0.988 0.943 0.869 0.774 0.666 0.554 0.445 0.345 0.258 0.187 0.131 0.000 0.000 0.000 0.000 0.000 0.000 0.000 0.000 0.000 0.000 0.000 0.000 0.000 0.000 0.000 0.000 0.000 0.000 0.000 0.000 
0.328 0.244 0.176 0.122 0.000 0.000 0.000 0.000 0.000 0.000 0.000 0.000 0.000 0.138 0.197 0.270 0.359 0.460 0.570 0.682 0.789 0.881 0.951 0.992 0.999 0.971 0.913 0.829 0.727 0.616 0.504 0.399 0.305 0.225 0.160 0.110 0.000 0.000 0.000 0.000 0.000 0.000 0.000 0.000 0.000 0.000 0.000 0.000 0.000 0.000 
0.899 0.811 0.707 0.595 0.484 0.380 0.289 0.212 0.150 0.103 0.000 0.000 0.000 0.000 0.000 0.000 0.000 0.000 0.112 0.162 0.227 0.308 0.402 0.508 0.620 0.731 0.832 0.916 0.973 0.999 0.991 0.949 0.878 0.785 0.678 0.566 0.456 0.355 0.267 0.194 0.136 0.000 0.000 0.000 0.000 0.000 0.000 0.000 0.000 0.000 
0.850 0.928 0.980 1.000 0.985 0.938 0.863 0.766 0.658 0.545 0.437 0.338 0.253 0.182 0.127 0.000 0.000 0.000 0.000 0.000 0.000 0.000 0.000 0.000 0.133 0.189 0.261 0.348 0.448 0.558 0.670 0.778 0.872 0.945 0.989 1.000 0.976 0.921 0.839 0.739 0.629 0.517 0.410 0.314 0.233 0.167 0.115 0.000 0.000 0.000 
0.276 0.366 0.468 0.579 0.691 0.797 0.888 0.955 0.993 0.998 0.968 0.908 0.822 0.719 0.608 0.496 0.391 0.298 0.219 0.156 0.107 0.000 0.000 0.000 0.000 0.000 0.000 0.000 0.000 0.107 0.156 0.219 0.298 0.391 0.496 0.608 0.719 0.822 0.908 0.968 0.998 0.993 0.955 0.888 0.797 0.691 0.579 0.468 0.366 0.276 
0.000 0.000 0.000 0.115 0.167 0.233 0.314 0.410 0.517 0.629 0.739 0.839 0.921 0.976 1.000 0.989 0.945 0.872 0.778 0.670 0.558 0.448 0.348 0.261 0.189 0.133 0.000 0.000 0.000 0.000 0.000 0.000 0.000 0.000 0.000 0.127 0.182 0.253 0.338 0.437 0.545 0.658 0.766 0.863 0.938 0.985 1.000 0.980 0.928 0.850 
0.000 0.000 0.000 0.000 0.000 0.000 0.000 0.000 0.000 0.136 0.194 0.267 0.355 0.456 0.566 0.678 0.785 0.878 0.949 0.991 0.999 0.973 0.916 0.832 0.731 0.620 0.508 0.402 0.308 0.227 0.162 0.112 0.000 0.000 0.000 0.000 0.000 0.000 0.000 0.000 0.103 0.150 0.212 0.289 0.380 0.484 0.595 0.707 0.811 0.899 
0.000 0.000 0.000 0.000 0.000 0.000 0.000 0.000 0.000 0.000 0.000 0.000 0.000 0.000 0.110 0.160 0.225 0.305 0.399 0.504 0.616 0.727 0.829 0.913 0.971 0.999 0.992 0.951 0.881 0.789 0.682 0.570 0.460 0.359 0.270 0.197 0.138 0.000 0.000 0.000 0.000 0.000 0.000 0.000 0.000 0.000 0.122 0.176 0.244 0.328 
0.000 0.000 0.000 0.000 0.000 0.000 0.000 0.000 0.000 0.000 0.000 0.000 0.000 0.000 0.000 0.000 0.000 0.000 0.000 0.000 0.131 0.187 0.258 0.345 0.445 0.554 0.666 0.774 0.869 0.943 0.988 1.000 0.978 0.923 0.843 0.743 0.633 0.521 0.414 0.318 0.236 0.169 0.117 0.000 0.000 0.000 0.000 0.000 0.000 0.000 
# 1 0 50 27
-0.382 -0.507 -0.640 -0.770 -0.881 -0.961 -0.998 -0.987 -0.930 -0.834 -0.713 -0.580 -0.449 -0.331 -0.233 -0.156 0.000 0.000 0.000 0.000 0.000 0.000 0.000 0.000 0.000 0.000 0.000 
-0.392 -0.438 -0.568 -0.701 -0.824 -0.923 -0.984 -0.999 -0.966 -0.890 -0.781 -0.652 -0.519 -0.393 -0.284 -0.195 -0.127 0.000 0.000 0.000 0.000 0.000 0.000 0.000 0.000 0.000 0.000 
-0.458 -0.373 -0.496 -0.629 -0.760 -0.873 -0.956 -0.997 -0.990 -0.936 -0.843 -0.723 -0.591 -0.459 -0.340 -0.240 -0.161 -0.103 0.000 0.000 0.000 0.000 0.000 0.000 0.000 0.000 0.000 
-0.528 -0.401 -0.428 -0.557 -0.690 -0.815 -0.916 -0.981 -1.000 -0.971 -0.897 -0.790 -0.663 -0.529 -0.403 -0.292 -0.201 -0.132 0.000 0.000 0.000 0.000 0.000 0.000 0.000 0.000 0.000 
-0.600 -0.468 -0.364 -0.486 -0.619 -0.750 -0.865 -0.951 -0.995 -0.992 -0.942 -0.852 -0.733 -0.601 -0.470 -0.349 -0.247 -0.167 -0.107 0.000 0.000 0.000 0.000 0.000 0.000 0.000 0.000 
-0.672 -0.538 -0.411 -0.418 -0.546 -0.680 -0.806 -0.909 -0.977 -1.000 -0.975 -0.905 -0.800 -0.673 -0.540 -0.412 -0.300 -0.208 -0.137 0.000 0.000 0.000 0.000 0.000 0.000 0.000 0.000 
-0.742 -0.611 -0.478 -0.357 -0.476 -0.608 -0.740 -0.857 -0.945 -0.994 -0.994 -0.948 -0.860 -0.743 -0.612 -0.480 -0.358 -0.255 -0.172 -0.111 0.000 0.000 0.000 0.000 0.000 0.000 0.000 
-0.808 -0.682 -0.549 -0.421 -0.408 -0.536 -0.669 -0.796 -0.902 -0.973 -1.000 -0.978 -0.912 -0.809 -0.684 -0.550 -0.422 -0.308 -0.214 -0.142 0.000 0.000 0.000 0.000 0.000 0.000 0.000 
-0.867 -0.752 -0.621 -0.489 -0.366 -0.466 -0.597 -0.729 -0.848 -0.940 -0.991 -0.996 -0.953 -0.868 -0.754 -0.623 -0.490 -0.367 -0.262 -0.178 -0.115 0.000 0.000 0.000 0.000 0.000 0.000 
-0.918 -0.817 -0.693 -0.560 -0.430 -0.399 -0.525 -0.659 -0.787 -0.895 -0.969 -1.000 -0.982 -0.919 -0.818 -0.694 -0.561 -0.432 -0.316 -0.221 -0.147 0.000 0.000 0.000 0.000 0.000 0.000 
-0.957 -0.875 -0.762 -0.632 -0.499 -0.375 -0.455 -0.586 -0.719 -0.840 -0.934 -0.989 -0.997 -0.958 -0.876 -0.763 -0.633 -0.500 -0.377 -0.270 -0.184 -0.120 0.000 0.000 0.000 0.000 0.000 
-0.985 -0.924 -0.826 -0.703 -0.570 -0.440 -0.389 -0.515 -0.648 -0.777 -0.887 -0.965 -0.999 -0.985 -0.925 -0.828 -0.705 -0.572 -0.442 -0.325 -0.228 -0.152 0.000 0.000 0.000 0.000 0.000 
-0.998 -0.962 -0.883 -0.772 -0.643 -0.509 -0.385 -0.445 -0.576 -0.709 -0.831 -0.928 -0.986 -0.999 -0.963 -0.884 -0.773 -0.644 -0.511 -0.386 -0.278 -0.190 -0.124 0.000 0.000 0.000 0.000 
-0.998 -0.988 -0.931 -0.835 -0.714 -0.581 -0.450 -0.380 -0.504 -0.637 -0.767 -0.879 -0.960 -0.998 -0.988 -0.932 -0.836 -0.715 -0.583 -0.452 -0.334 -0.235 -0.157 -0.100 0.000 0.000 0.000 
-0.984 -0.999 -0.967 -0.891 -0.782 -0.653 -0.520 -0.394 -0.435 -0.565 -0.698 -0.822 -0.921 -0.983 -0.999 -0.967 -0.892 -0.783 -0.655 -0.521 -0.395 -0.286 -0.196 -0.129 0.000 0.000 0.000 
-0.956 -0.997 -0.990 -0.937 -0.844 -0.724 -0.592 -0.460 -0.371 -0.494 -0.627 -0.757 -0.871 -0.955 -0.997 -0.991 -0.938 -0.845 -0.726 -0.593 -0.462 -0.342 -0.242 -0.163 -0.104 0.000 0.000 
-0.915 -0.980 -1.000 -0.971 -0.898 -0.791 -0.664 -0.530 -0.404 -0.426 -0.554 -0.688 -0.813 -0.914 -0.980 -1.000 -0.972 -0.899 -0.793 -0.665 -0.532 -0.405 -0.294 -0.203 -0.133 0.000 0.000 
-0.864 -0.950 -0.995 -0.992 -0.943 -0.853 -0.734 -0.602 -0.471 -0.361 -0.483 -0.616 -0.747 -0.863 -0.950 -0.995 -0.993 -0.943 -0.854 -0.736 -0.604 -0.472 -0.351 -0.249 -0.168 -0.108 0.000 
-0.805 -0.908 -0.977 -1.000 -0.975 -0.906 -0.801 -0.675 -0.541 -0.413 -0.416 -0.544 -0.677 -0.803 -0.907 -0.976 -1.000 -0.976 -0.907 -0.802 -0.676 -0.543 -0.415 -0.302 -0.209 -0.138 0.000 
-0.738 -0.856 -0.945 -0.993 -0.994 -0.948 -0.861 -0.745 -0.613 -0.481 -0.359 -0.473 -0.605 -0.737 -0.855 -0.944 -0.993 -0.995 -0.949 -0.862 -0.746 -0.615 -0.482 -0.360 -0.257 -0.174 -0.112 
-0.668 -0.795 -0.901 -0.973 -1.000 -0.979 -0.913 -0.810 -0.685 -0.552 -0.423 -0.406 -0.533 -0.667 -0.794 -0.900 -0.972 -1.000 -0.979 -0.914 -0.812 -0.687 -0.553 -0.424 -0.310 -0.216 -0.143 
-0.596 -0.728 -0.847 -0.939 -0.991 -0.996 -0.954 -0.869 -0.755 -0.624 -0.491 -0.368 -0.463 -0.594 -0.727 -0.846 -0.938 -0.991 -0.996 -0.954 -0.870 -0.756 -0.625 -0.493 -0.370 -0.264 -0.180 
-0.524 -0.657 -0.785 -0.894 -0.969 -0.999 -0.982 -0.919 -0.819 -0.696 -0.562 -0.433 -0.396 -0.523 -0.656 -0.784 -0.893 -0.968 -0.999 -0.983 -0.920 -0.821 -0.697 -0.564 -0.434 -0.319 -0.223 
-0.454 -0.585 -0.718 -0.839 -0.933 -0.989 -0.998 -0.959 -0.877 -0.765 -0.635 -0.502 -0.378 -0.453 -0.584 -0.716 -0.837 -0.932 -0.988 -0.998 -0.959 -0.878 -0.766 -0.636 -0.503 -0.379 -0.272 
-0.388 -0.514 -0.647 -0.776 -0.886 -0.964 -0.999 -0.985 -0.926 -0.829 -0.706 -0.573 -0.443 -0.387 -0.512 -0.645 -0.774 -0.885 -0.963 -0.999 -0.986 -0.927 -0.830 -0.707 -0.574 -0.444 -0.327 
-0.327 -0.444 -0.574 -0.707 -0.830 -0.927 -0.986 -0.999 -0.963 -0.885 -0.774 -0.645 -0.512 -0.387 -0.443 -0.573 -0.706 -0.829 -0.926 -0.985 -0.999 -0.964 -0.886 -0.776 -0.647 -0.514 -0.388 
-0.272 -0.379 -0.503 -0.636 -0.766 -0.878 -0.959 -0.998 -0.988 -0.932 -0.837 -0.716 -0.584 -0.453 -0.378 -0.502 -0.635 -0.765 -0.877 -0.959 -0.998 -0.989 -0.933 -0.839 -0.718 -0.585 -0.454 
-0.223 -0.319 -0.434 -0.564 -0.697 -0.821 -0.920 -0.983 -0.999 -0.968 -0.893 -0.784 -0.656 -0.523 -0.396 -0.433 -0.562 -0.696 -0.819 -0.919 -0.982 -0.999 -0.969 -0.894 -0.785 -0.657 -0.524 
-0.180 -0.264 -0.370 -0.493 -0.625 -0.756 -0.870 -0.954 -0.996 -0.991 -0.938 -0.846 -0.727 -0.594 -0.463 -0.368 -0.491 -0.624 -0.755 -0.869 -0.954 -0.996 -0.991 -0.939 -0.847 -0.728 -0.596 
-0.143 -0.216 -0.310 -0.424 -0.553 -0.687 -0.812 -0.914 -0.979 -1.000 -0.972 -0.900 -0.794 -0.667 -0.533 -0.406 -0.423 -0.552 -0.685 -0.810 -0.913 -0.979 -1.000 -0.973 -0.901 -0.795 -0.668 
-0.112 -0.174 -0.257 -0.360 -0.482 -0.615 -0.746 -0.862 -0.949 -0.995 -0.993 -0.944 -0.855 -0.737 -0.605 -0.473 -0.359 -0.481 -0.613 -0.745 -0.861 -0.948 -0.994 -0.993 -0.945 -0.856 -0.738 
0.000 -0.138 -0.209 -0.302 -0.415 -0.543 -0.676 -0.802 -0.907 -0.976 -1.000 -0.976 -0.907 -0.803 -0.677 -0.544 -0.416 -0.413 -0.541 -0.675 -0.801 -0.906 -0.975 -1.000 -0.977 -0.908 -0.805 
0.000 -0.108 -0.168 -0.249 -0.351 -0.472 -0.604 -0.736 -0.854 -0.943 -0.993 -0.995 -0.950 -0.863 -0.747 -0.616 -0.483 -0.361 -0.471 -0.602 -0.734 -0.853 -0.943 -0.992 -0.995 -0.950 -0.864 
0.000 0.000 -0.133 -0.203 -0.294 -0.405 -0.532 -0.665 -0.793 -0.899 -0.972 -1.000 -0.980 -0.914 -0.813 -0.688 -0.554 -0.426 -0.404 -0.530 -0.664 -0.791 -0.898 -0.971 -1.000 -0.980 -0.915 
0.000 0.000 -0.104 -0.163 -0.242 -0.342 -0.462 -0.593 -0.726 -0.845 -0.938 -0.991 -0.997 -0.955 -0.871 -0.757 -0.627 -0.494 -0.371 -0.460 -0.592 -0.724 -0.844 -0.937 -0.990 -0.997 -0.956 
0.000 0.000 0.000 -0.129 -0.196 -0.286 -0.395 -0.521 -0.655 -0.783 -0.892 -0.967 -0.999 -0.983 -0.921 -0.822 -0.698 -0.565 -0.435 -0.394 -0.520 -0.653 -0.782 -0.891 -0.967 -0.999 -0.984 
0.000 0.000 0.000 -0.100 -0.157 -0.235 -0.334 -0.452 -0.583 -0.715 -0.836 -0.932 -0.988 -0.998 -0.960 -0.879 -0.767 -0.637 -0.504 -0.380 -0.450 -0.581 -0.714 -0.835 -0.931 -0.988 -0.998 
0.000 0.000 0.000 0.000 -0.124 -0.190 -0.278 -0.386 -0.511 -0.644 -0.773 -0.884 -0.963 -0.999 -0.986 -0.928 -0.831 -0.709 -0.576 -0.445 -0.385 -0.509 -0.643 -0.772 -0.883 -0.962 -0.998 
0.000 0.000 0.000 0.000 0.000 -0.152 -0.228 -0.325 -0.442 -0.572 -0.705 -0.828 -0.925 -0.985 -0.999 -0.965 -0.887 -0.777 -0.648 -0.515 -0.389 -0.440 -0.570 -0.703 -0.826 -0.924 -0.985 
0.000 0.000 0.000 0.000 0.000 -0.120 -0.184 -0.270 -0.377 -0.500 -0.633 -0.763 -0.876 -0.958 -0.997 -0.989 -0.934 -0.840 -0.719 -0.586 -0.455 -0.375 -0.499 -0.632 -0.762 -0.875 -0.957 
0.000 0.000 0.000 0.000 0.000 0.000 -0.147 -0.221 -0.316 -0.432 -0.561 -0.694 -0.818 -0.919 -0.982 -1.000 -0.969 -0.895 -0.787 -0.659 -0.525 -0.399 -0.430 -0.560 -0.693 -0.817 -0.918 
0.000 0.000 0.000 0.000 0.000 0.000 -0.115 -0.178 -0.262 -0.367 -0.490 -0.623 -0.754 -0.868 -0.953 -0.996 -0.991 -0.940 -0.848 -0.729 -0.597 -0.466 -0.366 -0.489 -0.621 -0.752 -0.867 
0.000 0.000 0.000 0.000 0.000 0.000 0.000 -0.142 -0.214 -0.308 -0.422 -0.550 -0.684 -0.809 -0.912 -0.978 -1.000 -0.973 -0.902 -0.796 -0.669 -0.536 -0.408 -0.421 -0.549 -0.682 -0.808 
0.000 0.000 0.000 0.000 0.000 0.000 0.000 -0.111 -0.172 -0.255 -0.358 -0.480 -0.612 -0.743 -0.860 -0.948 -0.994 -0.994 -0.945 -0.857 -0.740 -0.608 -0.476 -0.357 -0.478 -0.611 -0.742 
0.000 0.000 0.000 0.000 0.000 0.000 0.000 0.000 -0.137 -0.208 -0.300 -0.412 -0.540 -0.673 -0.800 -0.905 -0.975 -1.000 -0.977 -0.909 -0.806 -0.680 -0.546 -0.418 -0.411 -0.538 -0.672 
0.000 0.000 0.000 0.000 0.000 0.000 0.000 0.000 -0.107 -0.167 -0.247 -0.349 -0.470 -0.601 -0.733 -0.852 -0.942 -0.992 -0.995 -0.951 -0.865 -0.750 -0.619 -0.486 -0.364 -0.468 -0.600 
0.000 0.000 0.000 0.000 0.000 0.000 0.000 0.000 0.000 -0.132 -0.201 -0.292 -0.403 -0.529 -0.663 -0.790 -0.897 -0.971 -1.000 -0.981 -0.916 -0.815 -0.690 -0.557 -0.428 -0.401 -0.528 
0.000 0.000 0.000 0.000 0.000 0.000 0.000 0.000 0.000 -0.103 -0.161 -0.240 -0.340 -0.459 -0.591 -0.723 -0.843 -0.936 -0.990 -0.997 -0.956 -0.873 -0.760 -0.629 -0.496 -0.373 -0.458 
0.000 0.000 0.000 0.000 0.000 0.000 0.000 0.000 0.000 0.000 -0.127 -0.195 -0.284 -0.393 -0.519 -0.652 -0.781 -0.890 -0.966 -0.999 -0.984 -0.923 -0.824 -0.701 -0.568 -0.438 -0.392 
0.000 0.000 0.000 0.000 0.000 0.000 0.000 0.000 0.000 0.000 0.000 -0.156 -0.233 -0.331 -0.449 -0.580 -0.713 -0.834 -0.930 -0.987 -0.998 -0.961 -0.881 -0.770 -0.640 -0.507 -0.382 
# 1 2 22 27
-0.369 -0.463 -0.594 -0.726 -0.846 -0.938 -0.991 -0.996 -0.955 -0.871 -0.756 -0.626 -0.493 -0.370 -0.264 -0.180 -0.117 0.000 0.000 0.000 0.000 0.000 0.000 0.000 0.000 0.000 0.000 
-0.521 -0.395 -0.434 -0.564 -0.697 -0.821 -0.920 -0.983 -0.999 -0.968 -0.893 -0.784 -0.656 -0.523 -0.397 -0.287 -0.197 -0.129 0.000 0.000 0.000 0.000 0.000 0.000 0.000 0.000 0.000 
-0.685 -0.551 -0.423 -0.406 -0.533 -0.667 -0.794 -0.900 -0.972 -1.000 -0.979 -0.913 -0.811 -0.686 -0.553 -0.424 -0.310 -0.216 -0.143 0.000 0.000 0.000 0.000 0.000 0.000 0.000 0.000 
-0.836 -0.715 -0.582 -0.451 -0.379 -0.504 -0.637 -0.766 -0.879 -0.960 -0.998 -0.988 -0.932 -0.837 -0.716 -0.583 -0.452 -0.334 -0.235 -0.158 -0.100 0.000 0.000 0.000 0.000 0.000 0.000 
-0.948 -0.860 -0.744 -0.612 -0.480 -0.358 -0.474 -0.606 -0.738 -0.856 -0.945 -0.993 -0.995 -0.948 -0.861 -0.745 -0.614 -0.481 -0.360 -0.256 -0.173 -0.112 0.000 0.000 0.000 0.000 0.000 
-0.998 -0.962 -0.883 -0.772 -0.643 -0.509 -0.385 -0.445 -0.576 -0.709 -0.831 -0.928 -0.986 -0.999 -0.963 -0.884 -0.773 -0.644 -0.511 -0.386 -0.278 -0.190 -0.124 0.000 0.000 0.000 0.000 
-0.977 -1.000 -0.975 -0.904 -0.799 -0.673 -0.539 -0.412 -0.417 -0.545 -0.679 -0.805 -0.908 -0.977 -1.000 -0.975 -0.905 -0.801 -0.674 -0.541 -0.413 -0.300 -0.208 -0.137 0.000 0.000 0.000 
-0.889 -0.966 -0.999 -0.984 -0.924 -0.826 -0.703 -0.570 -0.440 -0.390 -0.515 -0.649 -0.778 -0.888 -0.965 -0.999 -0.985 -0.925 -0.827 -0.704 -0.571 -0.441 -0.324 -0.227 -0.152 0.000 0.000 
-0.751 -0.866 -0.952 -0.996 -0.992 -0.941 -0.851 -0.732 -0.600 -0.468 -0.364 -0.486 -0.618 -0.749 -0.865 -0.951 -0.995 -0.992 -0.942 -0.852 -0.733 -0.601 -0.470 -0.349 -0.247 -0.167 -0.107 
-0.589 -0.722 -0.842 -0.935 -0.990 -0.997 -0.957 -0.874 -0.761 -0.630 -0.498 -0.374 -0.457 -0.588 -0.720 -0.841 -0.935 -0.989 -0.997 -0.957 -0.875 -0.762 -0.632 -0.499 -0.375 -0.269 -0.183 
-0.430 -0.559 -0.692 -0.817 -0.917 -0.981 -1.000 -0.970 -0.896 -0.789 -0.661 -0.527 -0.401 -0.428 -0.557 -0.691 -0.815 -0.916 -0.981 -1.000 -0.970 -0.897 -0.790 -0.662 -0.529 -0.402 -0.291 
-0.291 -0.402 -0.529 -0.662 -0.790 -0.897 -0.970 -1.000 -0.981 -0.916 -0.815 -0.691 -0.557 -0.428 -0.401 -0.527 -0.661 -0.789 -0.896 -0.970 -1.000 -0.981 -0.917 -0.817 -0.692 -0.559 -0.430 
-0.183 -0.269 -0.375 -0.499 -0.632 -0.762 -0.875 -0.957 -0.997 -0.989 -0.935 -0.841 -0.720 -0.588 -0.457 -0.374 -0.498 -0.630 -0.761 -0.874 -0.957 -0.997 -0.990 -0.935 -0.842 -0.722 -0.589 
-0.107 -0.167 -0.247 -0.349 -0.470 -0.601 -0.733 -0.852 -0.942 -0.992 -0.995 -0.951 -0.865 -0.749 -0.618 -0.486 -0.364 -0.468 -0.600 -0.732 -0.851 -0.941 -0.992 -0.996 -0.952 -0.866 -0.751 
0.000 0.000 -0.152 -0.227 -0.324 -0.441 -0.571 -0.704 -0.827 -0.925 -0.985 -0.999 -0.965 -0.888 -0.778 -0.649 -0.515 -0.390 -0.440 -0.570 -0.703 -0.826 -0.924 -0.984 -0.999 -0.966 -0.889 
0.000 0.000 0.000 -0.137 -0.208 -0.300 -0.413 -0.541 -0.674 -0.801 -0.905 -0.975 -1.000 -0.977 -0.908 -0.805 -0.679 -0.545 -0.417 -0.412 -0.539 -0.673 -0.799 -0.904 -0.975 -1.000 -0.977 
0.000 0.000 0.000 0.000 -0.124 -0.190 -0.278 -0.386 -0.511 -0.644 -0.773 -0.884 -0.963 -0.999 -0.986 -0.928 -0.831 -0.709 -0.576 -0.445 -0.385 -0.509 -0.643 -0.772 -0.883 -0.962 -0.998 
0.000 0.000 0.000 0.000 0.000 -0.112 -0.173 -0.256 -0.360 -0.481 -0.614 -0.745 -0.861 -0.948 -0.995 -0.993 -0.945 -0.856 -0.738 -0.606 -0.474 -0.358 -0.480 -0.612 -0.744 -0.860 -0.948 
0.000 0.000 0.000 0.000 0.000 0.000 -0.100 -0.158 -0.235 -0.334 -0.452 -0.583 -0.716 -0.837 -0.932 -0.988 -0.998 -0.960 -0.879 -0.766 -0.637 -0.504 -0.379 -0.451 -0.582 -0.715 -0.836 
0.000 0.000 0.000 0.000 0.000 0.000 0.000 0.000 -0.143 -0.216 -0.310 -0.424 -0.553 -0.686 -0.811 -0.913 -0.979 -1.000 -0.972 -0.900 -0.794 -0.667 -0.533 -0.406 -0.423 -0.551 -0.685 
0.000 0.000 0.000 0.000 0.000 0.000 0.000 0.000 0.000 -0.129 -0.197 -0.287 -0.397 -0.523 -0.656 -0.784 -0.893 -0.968 -0.999 -0.983 -0.920 -0.821 -0.697 -0.564 -0.434 -0.395 -0.521 
0.000 0.000 0.000 0.000 0.000 0.000 0.000 0.000 0.000 0.000 -0.117 -0.180 -0.264 -0.370 -0.493 -0.626 -0.756 -0.871 -0.955 -0.996 -0.991 -0.938 -0.846 -0.726 -0.594 -0.463 -0.369 
# 1 3 11 27
-0.442 -0.387 -0.512 -0.646 -0.775 -0.885 -0.964 -0.999 -0.986 -0.927 -0.829 -0.707 -0.574 -0.444 -0.327 -0.229 -0.153 0.000 0.000 0.000 0.000 0.000 0.000 0.000 0.000 0.000 0.000 
-0.764 -0.634 -0.501 -0.377 -0.454 -0.585 -0.718 -0.838 -0.933 -0.989 -0.998 -0.959 -0.878 -0.765 -0.635 -0.502 -0.378 -0.271 -0.185 -0.120 0.000 0.000 0.000 0.000 0.000 0.000 0.000 
-0.982 -0.918 -0.818 -0.694 -0.560 -0.431 -0.398 -0.524 -0.658 -0.786 -0.894 -0.969 -1.000 -0.982 -0.919 -0.819 -0.695 -0.562 -0.433 -0.317 -0.221 -0.147 0.000 0.000 0.000 0.000 0.000 
-0.940 -0.992 -0.996 -0.952 -0.867 -0.752 -0.621 -0.489 -0.366 -0.465 -0.597 -0.729 -0.848 -0.940 -0.991 -0.996 -0.953 -0.868 -0.754 -0.623 -0.490 -0.367 -0.262 -0.178 -0.115 0.000 0.000 
-0.671 -0.798 -0.903 -0.974 -1.000 -0.978 -0.910 -0.807 -0.682 -0.548 -0.420 -0.409 -0.536 -0.670 -0.797 -0.902 -0.973 -1.000 -0.978 -0.911 -0.809 -0.683 -0.550 -0.421 -0.307 -0.214 -0.141 
-0.357 -0.478 -0.611 -0.742 -0.859 -0.947 -0.994 -0.994 -0.946 -0.858 -0.741 -0.609 -0.477 -0.356 -0.477 -0.609 -0.741 -0.858 -0.946 -0.994 -0.994 -0.947 -0.859 -0.742 -0.611 -0.478 -0.357 
-0.141 -0.214 -0.307 -0.421 -0.550 -0.683 -0.809 -0.911 -0.978 -1.000 -0.973 -0.902 -0.797 -0.670 -0.536 -0.409 -0.420 -0.548 -0.682 -0.807 -0.910 -0.978 -1.000 -0.974 -0.903 -0.798 -0.671 
0.000 0.000 -0.115 -0.178 -0.262 -0.367 -0.490 -0.623 -0.754 -0.868 -0.953 -0.996 -0.991 -0.940 -0.848 -0.729 -0.597 -0.465 -0.366 -0.489 -0.621 -0.752 -0.867 -0.952 -0.996 -0.992 -0.940 
0.000 0.000 0.000 0.000 0.000 -0.147 -0.221 -0.317 -0.433 -0.562 -0.695 -0.819 -0.919 -0.982 -1.000 -0.969 -0.894 -0.786 -0.658 -0.524 -0.398 -0.431 -0.560 -0.694 -0.818 -0.918 -0.982 
0.000 0.000 0.000 0.000 0.000 0.000 0.000 -0.120 -0.185 -0.271 -0.378 -0.502 -0.635 -0.765 -0.878 -0.959 -0.998 -0.989 -0.933 -0.838 -0.718 -0.585 -0.454 -0.377 -0.501 -0.634 -0.764 
0.000 0.000 0.000 0.000 0.000 0.000 0.000 0.000 0.000 0.000 -0.153 -0.229 -0.327 -0.444 -0.574 -0.707 -0.829 -0.927 -0.986 -0.999 -0.964 -0.885 -0.775 -0.646 -0.512 -0.387 -0.442 
# 2 0 50 22
-0.539 -0.713 -0.867 -0.971 -0.999 -0.946 -0.824 -0.660 -0.486 -0.329 -0.205 -0.117 0.000 0.000 0.000 0.000 0.000 0.000 0.000 0.000 0.000 0.000 
-0.518 -0.636 -0.804 -0.933 -0.997 -0.979 -0.884 -0.735 -0.562 -0.395 -0.255 -0.152 0.000 0.000 0.000 0.000 0.000 0.000 0.000 0.000 0.000 0.000 
-0.594 -0.559 -0.733 -0.883 -0.978 -0.997 -0.934 -0.805 -0.639 -0.466 -0.312 -0.193 -0.109 0.000 0.000 0.000 0.000 0.000 0.000 0.000 0.000 0.000 
-0.671 -0.497 -0.657 -0.822 -0.945 -0.999 -0.971 -0.869 -0.715 -0.541 -0.376 -0.241 -0.142 0.000 0.000 0.000 0.000 0.000 0.000 0.000 0.000 0.000 
-0.746 -0.573 -0.580 -0.753 -0.898 -0.985 -0.994 -0.922 -0.787 -0.618 -0.446 -0.296 -0.181 -0.102 0.000 0.000 0.000 0.000 0.000 0.000 0.000 0.000 
-0.816 -0.650 -0.504 -0.678 -0.839 -0.955 -1.000 -0.963 -0.852 -0.694 -0.520 -0.358 -0.227 -0.132 0.000 0.000 0.000 0.000 0.000 0.000 0.000 0.000 
-0.878 -0.726 -0.552 -0.601 -0.772 -0.912 -0.990 -0.989 -0.909 -0.768 -0.597 -0.426 -0.280 -0.169 0.000 0.000 0.000 0.000 0.000 0.000 0.000 0.000 
-0.929 -0.797 -0.629 -0.525 -0.699 -0.856 -0.965 -1.000 -0.953 -0.835 -0.673 -0.499 -0.341 -0.214 -0.123 0.000 0.000 0.000 0.000 0.000 0.000 0.000 
-0.968 -0.862 -0.706 -0.532 -0.622 -0.791 -0.925 -0.994 -0.983 -0.894 -0.748 -0.575 -0.407 -0.265 -0.159 0.000 0.000 0.000 0.000 0.000 0.000 0.000 
-0.992 -0.916 -0.779 -0.608 -0.545 -0.719 -0.872 -0.973 -0.998 -0.942 -0.818 -0.653 -0.479 -0.323 -0.201 -0.115 0.000 0.000 0.000 0.000 0.000 0.000 
-1.000 -0.959 -0.845 -0.685 -0.511 -0.643 -0.810 -0.937 -0.997 -0.976 -0.879 -0.728 -0.555 -0.388 -0.250 -0.148 0.000 0.000 0.000 0.000 0.000 0.000 
-0.992 -0.987 -0.902 -0.759 -0.587 -0.566 -0.739 -0.888 -0.981 -0.996 -0.930 -0.799 -0.632 -0.459 -0.307 -0.189 -0.107 0.000 0.000 0.000 0.000 0.000 
-0.969 -0.999 -0.948 -0.828 -0.664 -0.491 -0.664 -0.828 -0.948 -0.999 -0.969 -0.863 -0.708 -0.534 -0.370 -0.236 -0.138 0.000 0.000 0.000 0.000 0.000 
-0.930 -0.996 -0.981 -0.888 -0.739 -0.566 -0.587 -0.759 -0.902 -0.987 -0.992 -0.918 -0.780 -0.611 -0.439 -0.291 -0.177 0.000 0.000 0.000 0.000 0.000 
-0.879 -0.976 -0.997 -0.937 -0.810 -0.643 -0.511 -0.685 -0.845 -0.959 -1.000 -0.960 -0.847 -0.687 -0.513 -0.352 -0.222 -0.129 0.000 0.000 0.000 0.000 
-0.818 -0.942 -0.998 -0.973 -0.872 -0.719 -0.545 -0.608 -0.779 -0.916 -0.992 -0.987 -0.904 -0.761 -0.589 -0.420 -0.275 -0.166 0.000 0.000 0.000 0.000 
-0.748 -0.894 -0.983 -0.994 -0.925 -0.791 -0.622 -0.532 -0.706 -0.862 -0.968 -0.999 -0.949 -0.829 -0.666 -0.493 -0.335 -0.209 -0.120 0.000 0.000 0.000 
-0.673 -0.835 -0.953 -1.000 -0.965 -0.856 -0.699 -0.525 -0.629 -0.797 -0.929 -0.996 -0.981 -0.889 -0.741 -0.568 -0.401 -0.260 -0.155 0.000 0.000 0.000 
-0.597 -0.768 -0.909 -0.989 -0.990 -0.912 -0.772 -0.601 -0.552 -0.726 -0.878 -0.976 -0.998 -0.938 -0.812 -0.646 -0.472 -0.318 -0.197 -0.112 0.000 0.000 
-0.520 -0.694 -0.852 -0.963 -1.000 -0.955 -0.839 -0.678 -0.504 -0.650 -0.816 -0.941 -0.998 -0.974 -0.874 -0.721 -0.548 -0.382 -0.245 -0.145 0.000 0.000 
-0.446 -0.618 -0.787 -0.922 -0.994 -0.985 -0.898 -0.753 -0.580 -0.573 -0.746 -0.893 -0.983 -0.995 -0.926 -0.793 -0.625 -0.452 -0.301 -0.185 -0.104 0.000 
-0.376 -0.541 -0.715 -0.869 -0.971 -0.999 -0.945 -0.822 -0.657 -0.497 -0.671 -0.834 -0.952 -1.000 -0.966 -0.858 -0.701 -0.527 -0.364 -0.231 -0.135 0.000 
-0.312 -0.466 -0.639 -0.805 -0.934 -0.997 -0.978 -0.883 -0.733 -0.559 -0.594 -0.766 -0.907 -0.988 -0.991 -0.913 -0.774 -0.604 -0.433 -0.285 -0.173 0.000 
-0.255 -0.395 -0.562 -0.735 -0.884 -0.979 -0.997 -0.933 -0.804 -0.636 -0.518 -0.692 -0.851 -0.962 -1.000 -0.956 -0.841 -0.680 -0.506 -0.346 -0.218 -0.126 
-0.205 -0.329 -0.486 -0.660 -0.824 -0.946 -0.999 -0.971 -0.867 -0.713 -0.539 -0.615 -0.785 -0.921 -0.993 -0.985 -0.899 -0.755 -0.582 -0.414 -0.270 -0.162 
-0.162 -0.270 -0.414 -0.582 -0.755 -0.899 -0.985 -0.993 -0.921 -0.785 -0.615 -0.539 -0.713 -0.867 -0.971 -0.999 -0.946 -0.824 -0.660 -0.486 -0.329 -0.205 
-0.126 -0.218 -0.346 -0.506 -0.680 -0.841 -0.956 -1.000 -0.962 -0.851 -0.692 -0.518 -0.636 -0.804 -0.933 -0.997 -0.979 -0.884 -0.735 -0.562 -0.395 -0.255 
0.000 -0.173 -0.285 -0.433 -0.604 -0.774 -0.913 -0.991 -0.988 -0.907 -0.766 -0.594 -0.559 -0.733 -0.883 -0.978 -0.997 -0.934 -0.805 -0.639 -0.466 -0.312 
0.000 -0.135 -0.231 -0.364 -0.527 -0.701 -0.858 -0.966 -1.000 -0.952 -0.834 -0.671 -0.497 -0.657 -0.822 -0.945 -0.999 -0.971 -0.869 -0.715 -0.541 -0.376 
0.000 -0.104 -0.185 -0.301 -0.452 -0.625 -0.793 -0.926 -0.995 -0.983 -0.893 -0.746 -0.573 -0.580 -0.753 -0.898 -0.985 -0.994 -0.922 -0.787 -0.618 -0.446 
0.000 0.000 -0.145 -0.245 -0.382 -0.548 -0.721 -0.874 -0.974 -0.998 -0.941 -0.816 -0.650 -0.504 -0.678 -0.839 -0.955 -1.000 -0.963 -0.852 -0.694 -0.520 
0.000 0.000 -0.112 -0.197 -0.318 -0.472 -0.646 -0.812 -0.938 -0.998 -0.976 -0.878 -0.726 -0.552 -0.601 -0.772 -0.912 -0.990 -0.989 -0.909 -0.768 -0.597 
0.000 0.000 0.000 -0.155 -0.260 -0.401 -0.568 -0.741 -0.889 -0.981 -0.996 -0.929 -0.797 -0.629 -0.525 -0.699 -0.856 -0.965 -1.000 -0.953 -0.835 -0.673 
0.000 0.000 0.000 -0.120 -0.209 -0.335 -0.493 -0.666 -0.829 -0.949 -0.999 -0.968 -0.862 -0.706 -0.532 -0.622 -0.791 -0.925 -0.994 -0.983 -0.894 -0.748 
0.000 0.000 0.000 0.000 -0.166 -0.275 -0.420 -0.589 -0.761 -0.904 -0.987 -0.992 -0.916 -0.779 -0.608 -0.545 -0.719 -0.872 -0.973 -0.998 -0.942 -0.818 
0.000 0.000 0.000 0.000 -0.129 -0.222 -0.352 -0.513 -0.687 -0.847 -0.960 -1.000 -0.959 -0.845 -0.685 -0.511 -0.643 -0.810 -0.937 -0.997 -0.976 -0.879 
0.000 0.000 0.000 0.000 0.000 -0.177 -0.291 -0.439 -0.611 -0.780 -0.918 -0.992 -0.987 -0.902 -0.759 -0.587 -0.566 -0.739 -0.888 -0.981 -0.996 -0.930 
0.000 0.000 0.000 0.000 0.000 -0.138 -0.236 -0.370 -0.534 -0.708 -0.863 -0.969 -0.999 -0.948 -0.828 -0.664 -0.491 -0.664 -0.828 -0.948 -0.999 -0.969 
0.000 0.000 0.000 0.000 0.000 -0.107 -0.189 -0.307 -0.459 -0.632 -0.799 -0.930 -0.996 -0.981 -0.888 -0.739 -0.566 -0.587 -0.759 -0.902 -0.987 -0.992 
0.000 0.000 0.000 0.000 0.000 0.000 -0.148 -0.250 -0.388 -0.555 -0.728 -0.879 -0.976 -0.997 -0.937 -0.810 -0.643 -0.511 -0.685 -0.845 -0.959 -1.000 
0.000 0.000 0.000 0.000 0.000 0.000 -0.115 -0.201 -0.323 -0.479 -0.653 -0.818 -0.942 -0.998 -0.973 -0.872 -0.719 -0.545 -0.608 -0.779 -0.916 -0.992 
0.000 0.000 0.000 0.000 0.000 0.000 0.000 -0.159 -0.265 -0.407 -0.575 -0.748 -0.894 -0.983 -0.994 -0.925 -0.791 -0.622 -0.532 -0.706 -0.862 -0.968 
0.000 0.000 0.000 0.000 0.000 0.000 0.000 -0.123 -0.214 -0.341 -0.499 -0.673 -0.835 -0.953 -1.000 -0.965 -0.856 -0.699 -0.525 -0.629 -0.797 -0.929 
0.000 0.000 0.000 0.000 0.000 0.000 0.000 0.000 -0.169 -0.280 -0.426 -0.597 -0.768 -0.909 -0.989 -0.990 -0.912 -0.772 -0.601 -0.552 -0.726 -0.878 
0.000 0.000 0.000 0.000 0.000 0.000 0.000 0.000 -0.132 -0.227 -0.358 -0.520 -0.694 -0.852 -0.963 -1.000 -0.955 -0.839 -0.678 -0.504 -0.650 -0.816 
0.000 0.000 0.000 0.000 0.000 0.000 0.000 0.000 -0.102 -0.181 -0.296 -0.446 -0.618 -0.787 -0.922 -0.994 -0.985 -0.898 -0.753 -0.580 -0.573 -0.746 
0.000 0.000 0.000 0.000 0.000 0.000 0.000 0.000 0.000 -0.142 -0.241 -0.376 -0.541 -0.715 -0.869 -0.971 -0.999 -0.945 -0.822 -0.657 -0.497 -0.671 
0.000 0.000 0.000 0.000 0.000 0.000 0.000 0.000 0.000 -0.109 -0.193 -0.312 -0.466 -0.639 -0.805 -0.934 -0.997 -0.978 -0.883 -0.733 -0.559 -0.594 
0.000 0.000 0.000 0.000 0.000 0.000 0.000 0.000 0.000 0.000 -0.152 -0.255 -0.395 -0.562 -0.735 -0.884 -0.979 -0.997 -0.933 -0.804 -0.636 -0.518 
0.000 0.000 0.000 0.000 0.000 0.000 0.000 0.000 0.000 0.000 -0.117 -0.205 -0.329 -0.486 -0.660 -0.824 -0.946 -0.999 -0.971 -0.867 -0.713 -0.539 
# 2 1 27 22
-0.506 -0.680 -0.841 -0.956 -1.000 -0.962 -0.851 -0.692 -0.518 -0.356 -0.225 -0.131 0.000 0.000 0.000 0.000 0.000 0.000 0.000 0.000 0.000 0.000 
-0.616 -0.538 -0.712 -0.867 -0.970 -0.999 -0.946 -0.824 -0.660 -0.486 -0.329 -0.205 -0.118 0.000 0.000 0.000 0.000 0.000 0.000 0.000 0.000 0.000 
-0.755 -0.583 -0.570 -0.743 -0.891 -0.982 -0.995 -0.928 -0.796 -0.628 -0.455 -0.304 -0.186 -0.105 0.000 0.000 0.000 0.000 0.000 0.000 0.000 0.000 
-0.877 -0.725 -0.551 -0.603 -0.773 -0.913 -0.990 -0.989 -0.908 -0.766 -0.595 -0.425 -0.279 -0.169 0.000 0.000 0.000 0.000 0.000 0.000 0.000 0.000 
-0.962 -0.852 -0.693 -0.519 -0.635 -0.803 -0.932 -0.996 -0.979 -0.885 -0.736 -0.563 -0.396 -0.256 -0.152 0.000 0.000 0.000 0.000 0.000 0.000 0.000 
-0.999 -0.947 -0.825 -0.661 -0.494 -0.668 -0.830 -0.950 -1.000 -0.967 -0.861 -0.705 -0.530 -0.367 -0.234 -0.137 0.000 0.000 0.000 0.000 0.000 0.000 
-0.981 -0.995 -0.929 -0.797 -0.629 -0.525 -0.700 -0.857 -0.965 -1.000 -0.953 -0.835 -0.673 -0.499 -0.340 -0.213 -0.123 0.000 0.000 0.000 0.000 0.000 
-0.912 -0.990 -0.989 -0.908 -0.767 -0.596 -0.557 -0.731 -0.881 -0.978 -0.997 -0.935 -0.807 -0.641 -0.468 -0.314 -0.194 -0.110 0.000 0.000 0.000 0.000 
-0.801 -0.932 -0.996 -0.980 -0.886 -0.737 -0.564 -0.590 -0.761 -0.904 -0.987 -0.992 -0.916 -0.778 -0.608 -0.437 -0.289 -0.176 0.000 0.000 0.000 0.000 
-0.666 -0.829 -0.949 -0.999 -0.968 -0.862 -0.706 -0.532 -0.622 -0.791 -0.925 -0.994 -0.983 -0.894 -0.748 -0.576 -0.407 -0.265 -0.159 0.000 0.000 0.000 
-0.524 -0.698 -0.856 -0.964 -1.000 -0.953 -0.836 -0.674 -0.500 -0.655 -0.819 -0.943 -0.999 -0.972 -0.871 -0.717 -0.543 -0.379 -0.243 -0.143 0.000 0.000 
-0.390 -0.556 -0.730 -0.880 -0.977 -0.997 -0.936 -0.808 -0.642 -0.513 -0.687 -0.846 -0.959 -1.000 -0.959 -0.845 -0.686 -0.511 -0.351 -0.221 -0.128 0.000 
-0.274 -0.419 -0.589 -0.760 -0.903 -0.987 -0.992 -0.917 -0.779 -0.609 -0.545 -0.718 -0.872 -0.973 -0.999 -0.943 -0.818 -0.653 -0.480 -0.324 -0.201 -0.115 
-0.183 -0.299 -0.449 -0.621 -0.790 -0.924 -0.994 -0.984 -0.895 -0.749 -0.577 -0.577 -0.749 -0.895 -0.984 -0.994 -0.924 -0.790 -0.621 -0.449 -0.299 -0.183 
-0.115 -0.201 -0.324 -0.480 -0.653 -0.818 -0.943 -0.999 -0.973 -0.872 -0.718 -0.545 -0.609 -0.779 -0.917 -0.992 -0.987 -0.903 -0.760 -0.589 -0.419 -0.274 
0.000 -0.128 -0.221 -0.351 -0.511 -0.686 -0.845 -0.959 -1.000 -0.959 -0.846 -0.687 -0.513 -0.642 -0.808 -0.936 -0.997 -0.977 -0.880 -0.730 -0.556 -0.390 
0.000 0.000 -0.143 -0.243 -0.379 -0.543 -0.717 -0.871 -0.972 -0.999 -0.943 -0.819 -0.655 -0.500 -0.674 -0.836 -0.953 -1.000 -0.964 -0.856 -0.698 -0.524 
0.000 0.000 0.000 -0.159 -0.265 -0.407 -0.576 -0.748 -0.894 -0.983 -0.994 -0.925 -0.791 -0.622 -0.532 -0.706 -0.862 -0.968 -0.999 -0.949 -0.829 -0.666 
0.000 0.000 0.000 0.000 -0.176 -0.289 -0.437 -0.608 -0.778 -0.916 -0.992 -0.987 -0.904 -0.761 -0.590 -0.564 -0.737 -0.886 -0.980 -0.996 -0.932 -0.801 
0.000 0.000 0.000 0.000 -0.110 -0.194 -0.314 -0.468 -0.641 -0.807 -0.935 -0.997 -0.978 -0.881 -0.731 -0.557 -0.596 -0.767 -0.908 -0.989 -0.990 -0.912 
0.000 0.000 0.000 0.000 0.000 -0.123 -0.213 -0.340 -0.499 -0.673 -0.835 -0.953 -1.000 -0.965 -0.857 -0.700 -0.525 -0.629 -0.797 -0.929 -0.995 -0.981 
0.000 0.000 0.000 0.000 0.000 0.000 -0.137 -0.234 -0.367 -0.530 -0.705 -0.861 -0.967 -1.000 -0.950 -0.830 -0.668 -0.494 -0.661 -0.825 -0.947 -0.999 
0.000 0.000 0.000 0.000 0.000 0.000 0.000 -0.152 -0.256 -0.396 -0.563 -0.736 -0.885 -0.979 -0.996 -0.932 -0.803 -0.635 -0.519 -0.693 -0.852 -0.962 
0.000 0.000 0.000 0.000 0.000 0.000 0.000 0.000 -0.169 -0.279 -0.425 -0.595 -0.766 -0.908 -0.989 -0.990 -0.913 -0.773 -0.603 -0.551 -0.725 -0.877 
0.000 0.000 0.000 0.000 0.000 0.000 0.000 0.000 -0.105 -0.186 -0.304 -0.455 -0.628 -0.796 -0.928 -0.995 -0.982 -0.891 -0.743 -0.570 -0.583 -0.755 
0.000 0.000 0.000 0.000 0.000 0.000 0.000 0.000 0.000 -0.118 -0.205 -0.329 -0.486 -0.660 -0.824 -0.946 -0.999 -0.970 -0.867 -0.712 -0.538 -0.616 
0.000 0.000 0.000 0.000 0.000 0.000 0.000 0.000 0.000 0.000 -0.131 -0.225 -0.356 -0.518 -0.692 -0.851 -0.962 -1.000 -0.956 -0.841 -0.680 -0.506 
# 2 3 11 22
-0.580 -0.580 -0.754 -0.901 -0.990 -1.000 -0.929 -0.795 -0.625 -0.452 -0.300 -0.184 -0.103 0.000 0.000 0.000 0.000 0.000 0.000 0.000 0.000 0.000 
-0.901 -0.754 -0.580 -0.580 -0.754 -0.901 -0.990 -1.000 -0.929 -0.795 -0.625 -0.452 -0.300 -0.184 -0.103 0.000 0.000 0.000 0.000 0.000 0.000 0.000 
-1.000 -0.990 -0.901 -0.754 -0.580 -0.580 -0.754 -0.901 -0.990 -1.000 -0.929 -0.795 -0.625 -0.452 -0.300 -0.184 -0.103 0.000 0.000 0.000 0.000 0.000 
-0.795 -0.929 -1.000 -0.990 -0.901 -0.754 -0.580 -0.580 -0.754 -0.901 -0.990 -1.000 -0.929 -0.795 -0.625 -0.452 -0.300 -0.184 -0.103 0.000 0.000 0.000 
-0.452 -0.625 -0.795 -0.929 -1.000 -0.990 -0.901 -0.754 -0.580 -0.580 -0.754 -0.901 -0.990 -1.000 -0.929 -0.795 -0.625 -0.452 -0.300 -0.184 -0.103 0.000 
-0.184 -0.300 -0.452 -0.625 -0.795 -0.929 -1.000 -0.990 -0.901 -0.754 -0.580 -0.580 -0.754 -0.901 -0.990 -1.000 -0.929 -0.795 -0.625 -0.452 -0.300 -0.184 
0.000 -0.103 -0.184 -0.300 -0.452 -0.625 -0.795 -0.929 -1.000 -0.990 -0.901 -0.754 -0.580 -0.580 -0.754 -0.901 -0.990 -1.000 -0.929 -0.795 -0.625 -0.452 
0.000 0.000 0.000 -0.103 -0.184 -0.300 -0.452 -0.625 -0.795 -0.929 -1.000 -0.990 -0.901 -0.754 -0.580 -0.580 -0.754 -0.901 -0.990 -1.000 -0.929 -0.795 
0.000 0.000 0.000 0.000 0.000 -0.103 -0.184 -0.300 -0.452 -0.625 -0.795 -0.929 -1.000 -0.990 -0.901 -0.754 -0.580 -0.580 -0.754 -0.901 -0.990 -1.000 
0.000 0.000 0.000 0.000 0.000 0.000 0.000 -0.103 -0.184 -0.300 -0.452 -0.625 -0.795 -0.929 -1.000 -0.990 -0.901 -0.754 -0.580 -0.580 -0.754 -0.901 
0.000 0.000 0.000 0.000 0.000 0.000 0.000 0.000 0.000 -0.103 -0.184 -0.300 -0.452 -0.625 -0.795 -0.929 -1.000 -0.990 -0.901 -0.754 -0.580 -0.580 
# 3 0 50 11
0.000 0.000 -0.367 -0.847 -0.966 -0.543 -0.151 0.000 0.000 0.000 0.000 
0.000 0.000 -0.278 -0.749 -0.997 -0.655 -0.213 0.000 0.000 0.000 0.000 
0.000 0.000 -0.203 -0.640 -0.994 -0.763 -0.289 0.000 0.000 0.000 0.000 
0.000 0.000 -0.144 -0.528 -0.959 -0.860 -0.381 0.000 0.000 0.000 0.000 
0.000 0.000 0.000 -0.421 -0.893 -0.936 -0.484 -0.124 0.000 0.000 0.000 
0.000 0.000 0.000 -0.325 -0.804 -0.984 -0.594 -0.177 0.000 0.000 0.000 
0.000 0.000 0.000 -0.242 -0.700 -1.000 -0.705 -0.246 0.000 0.000 0.000 
0.000 0.000 0.000 -0.174 -0.589 -0.982 -0.809 -0.329 0.000 0.000 0.000 
0.000 0.000 0.000 -0.121 -0.478 -0.932 -0.897 -0.426 -0.100 0.000 0.000 
-0.113 0.000 0.000 0.000 -0.376 -0.855 -0.961 -0.533 -0.146 0.000 0.000 
-0.164 0.000 0.000 0.000 -0.285 -0.758 -0.995 -0.645 -0.206 0.000 0.000 
-0.229 0.000 0.000 0.000 -0.209 -0.650 -0.996 -0.754 -0.282 0.000 0.000 
-0.309 0.000 0.000 0.000 -0.148 -0.538 -0.963 -0.852 -0.372 0.000 0.000 
-0.403 0.000 0.000 0.000 -0.102 -0.431 -0.900 -0.930 -0.474 -0.119 0.000 
-0.508 -0.134 0.000 0.000 0.000 -0.333 -0.813 -0.981 -0.584 -0.172 0.000 
-0.619 -0.191 0.000 0.000 0.000 -0.249 -0.710 -1.000 -0.695 -0.239 0.000 
-0.730 -0.263 0.000 0.000 0.000 -0.180 -0.599 -0.985 -0.800 -0.321 0.000 
-0.831 -0.350 0.000 0.000 0.000 -0.125 -0.488 -0.938 -0.890 -0.417 0.000 
-0.914 -0.450 -0.109 0.000 0.000 0.000 -0.385 -0.863 -0.957 -0.523 -0.141 
-0.972 -0.558 -0.158 0.000 0.000 0.000 -0.293 -0.768 -0.994 -0.635 -0.200 
-0.999 -0.670 -0.222 0.000 0.000 0.000 -0.216 -0.660 -0.997 -0.744 -0.274 
-0.992 -0.777 -0.301 0.000 0.000 0.000 -0.153 -0.548 -0.968 -0.843 -0.363 
-0.952 -0.871 -0.394 0.000 0.000 0.000 -0.105 -0.440 -0.907 -0.924 -0.464 
-0.883 -0.944 -0.498 -0.130 0.000 0.000 0.000 -0.341 -0.822 -0.977 -0.574 
-0.791 -0.988 -0.609 -0.185 0.000 0.000 0.000 -0.256 -0.720 -1.000 -0.685 
-0.685 -1.000 -0.720 -0.256 0.000 0.000 0.000 -0.185 -0.609 -0.988 -0.791 
-0.574 -0.977 -0.822 -0.341 0.000 0.000 0.000 -0.130 -0.498 -0.944 -0.883 
-0.464 -0.924 -0.907 -0.440 -0.105 0.000 0.000 0.000 -0.394 -0.871 -0.952 
-0.363 -0.843 -0.968 -0.548 -0.153 0.000 0.000 0.000 -0.301 -0.777 -0.992 
-0.274 -0.744 -0.997 -0.660 -0.216 0.000 0.000 0.000 -0.222 -0.670 -0.999 
-0.200 -0.635 -0.994 -0.768 -0.293 0.000 0.000 0.000 -0.158 -0.558 -0.972 
-0.141 -0.523 -0.957 -0.863 -0.385 0.000 0.000 0.000 -0.109 -0.450 -0.914 
0.000 -0.417 -0.890 -0.938 -0.488 -0.125 0.000 0.000 0.000 -0.350 -0.831 
0.000 -0.321 -0.800 -0.985 -0.599 -0.180 0.000 0.000 0.000 -0.263 -0.730 
0.000 -0.239 -0.695 -1.000 -0.710 -0.249 0.000 0.000 0.000 -0.191 -0.619 
0.000 -0.172 -0.584 -0.981 -0.813 -0.333 0.000 0.000 0.000 -0.134 -0.508 
0.000 -0.119 -0.474 -0.930 -0.900 -0.431 -0.102 0.000 0.000 0.000 -0.403 
0.000 0.000 -0.372 -0.852 -0.963 -0.538 -0.148 0.000 0.000 0.000 -0.309 
0.000 0.000 -0.282 -0.754 -0.996 -0.650 -0.209 0.000 0.000 0.000 -0.229 
0.000 0.000 -0.206 -0.645 -0.995 -0.758 -0.285 0.000 0.000 0.000 -0.164 
0.000 0.000 -0.146 -0.533 -0.961 -0.855 -0.376 0.000 0.000 0.000 -0.113 
0.000 0.000 -0.100 -0.426 -0.897 -0.932 -0.478 -0.121 0.000 0.000 0.000 
0.000 0.000 0.000 -0.329 -0.809 -0.982 -0.589 -0.174 0.000 0.000 0.000 
0.000 0.000 0.000 -0.246 -0.705 -1.000 -0.700 -0.242 0.000 0.000 0.000 
0.000 0.000 0.000 -0.177 -0.594 -0.984 -0.804 -0.325 0.000 0.000 0.000 
0.000 0.000 0.000 -0.124 -0.484 -0.936 -0.893 -0.421 0.000 0.000 0.000 
0.000 0.000 0.000 0.000 -0.381 -0.860 -0.959 -0.528 -0.144 0.000 0.000 
0.000 0.000 0.000 0.000 -0.289 -0.763 -0.994 -0.640 -0.203 0.000 0.000 
0.000 0.000 0.000 0.000 -0.213 -0.655 -0.997 -0.749 -0.278 0.000 0.000 
0.000 0.000 0.000 0.000 -0.151 -0.543 -0.966 -0.847 -0.367 0.000 0.000 
# 3 1 27 11
0.000 0.000 -0.327 -0.807 -0.983 -0.591 -0.175 0.000 0.000 0.000 0.000 
0.000 0.000 -0.185 -0.609 -0.988 -0.792 -0.313 0.000 0.000 0.000 0.000 
0.000 0.000 0.000 -0.408 -0.883 -0.943 -0.498 -0.130 0.000 0.000 0.000 
0.000 0.000 0.000 -0.243 -0.702 -1.000 -0.703 -0.244 0.000 0.000 0.000 
0.000 0.000 0.000 -0.129 -0.496 -0.943 -0.884 -0.409 0.000 0.000 0.000 
-0.146 0.000 0.000 0.000 -0.312 -0.791 -0.988 -0.610 -0.186 0.000 0.000 
-0.270 0.000 0.000 0.000 -0.175 -0.590 -0.983 -0.808 -0.328 0.000 0.000 
-0.443 -0.106 0.000 0.000 0.000 -0.391 -0.869 -0.953 -0.516 -0.138 0.000 
-0.646 -0.207 0.000 0.000 0.000 -0.231 -0.684 -0.999 -0.722 -0.257 0.000 
-0.839 -0.359 0.000 0.000 0.000 -0.121 -0.478 -0.932 -0.897 -0.426 -0.100 
-0.969 -0.552 -0.155 0.000 0.000 0.000 -0.298 -0.774 -0.992 -0.629 -0.197 
-0.996 -0.756 -0.283 0.000 0.000 0.000 -0.165 -0.571 -0.976 -0.825 -0.344 
-0.910 -0.921 -0.460 -0.114 0.000 0.000 0.000 -0.375 -0.854 -0.962 -0.535 
-0.740 -0.998 -0.665 -0.219 0.000 0.000 0.000 -0.219 -0.665 -0.998 -0.740 
-0.535 -0.962 -0.854 -0.375 0.000 0.000 0.000 -0.114 -0.460 -0.921 -0.910 
-0.344 -0.825 -0.976 -0.571 -0.165 0.000 0.000 0.000 -0.283 -0.756 -0.996 
-0.197 -0.629 -0.992 -0.774 -0.298 0.000 0.000 0.000 -0.155 -0.552 -0.969 
-0.100 -0.426 -0.897 -0.932 -0.478 -0.121 0.000 0.000 0.000 -0.359 -0.839 
0.000 -0.257 -0.722 -0.999 -0.684 -0.231 0.000 0.000 0.000 -0.207 -0.646 
0.000 -0.138 -0.516 -0.953 -0.869 -0.391 0.000 0.000 0.000 -0.106 -0.443 
0.000 0.000 -0.328 -0.808 -0.983 -0.590 -0.175 0.000 0.000 0.000 -0.270 
0.000 0.000 -0.186 -0.610 -0.988 -0.791 -0.312 0.000 0.000 0.000 -0.146 
0.000 0.000 0.000 -0.409 -0.884 -0.943 -0.496 -0.129 0.000 0.000 0.000 
0.000 0.000 0.000 -0.244 -0.703 -1.000 -0.702 -0.243 0.000 0.000 0.000 
0.000 0.000 0.000 -0.130 -0.498 -0.943 -0.883 -0.408 0.000 0.000 0.000 
0.000 0.000 0.000 0.000 -0.313 -0.792 -0.988 -0.609 -0.185 0.000 0.000 
0.000 0.000 0.000 0.000 -0.175 -0.591 -0.983 -0.807 -0.327 0.000 0.000 
# 3 2 22 11
0.000 0.000 -0.312 -0.795 -1.000 -0.621 -0.191 0.000 0.000 0.000 0.000 
0.000 0.000 -0.150 -0.544 -0.974 -0.861 -0.376 0.000 0.000 0.000 0.000 
0.000 0.000 0.000 -0.312 -0.795 -1.000 -0.621 -0.191 0.000 0.000 0.000 
0.000 0.000 0.000 -0.150 -0.544 -0.974 -0.861 -0.376 0.000 0.000 0.000 
-0.150 0.000 0.000 0.000 -0.312 -0.795 -1.000 -0.621 -0.191 0.000 0.000 
-0.312 0.000 0.000 0.000 -0.150 -0.544 -0.974 -0.861 -0.376 0.000 0.000 
-0.544 -0.150 0.000 0.000 0.000 -0.312 -0.795 -1.000 -0.621 -0.191 0.000 
-0.795 -0.312 0.000 0.000 0.000 -0.150 -0.544 -0.974 -0.861 -0.376 0.000 
-0.974 -0.544 -0.150 0.000 0.000 0.000 -0.312 -0.795 -1.000 -0.621 -0.191 
-1.000 -0.795 -0.312 0.000 0.000 0.000 -0.150 -0.544 -0.974 -0.861 -0.376 
-0.861 -0.974 -0.544 -0.150 0.000 0.000 0.000 -0.312 -0.795 -1.000 -0.621 
-0.621 -1.000 -0.795 -0.312 0.000 0.000 0.000 -0.150 -0.544 -0.974 -0.861 
-0.376 -0.861 -0.974 -0.544 -0.150 0.000 0.000 0.000 -0.312 -0.795 -1.000 
-0.191 -0.621 -1.000 -0.795 -0.312 0.000 0.000 0.000 -0.150 -0.544 -0.974 
0.000 -0.376 -0.861 -0.974 -0.544 -0.150 0.000 0.000 0.000 -0.312 -0.795 
0.000 -0.191 -0.621 -1.000 -0.795 -0.312 0.000 0.000 0.000 -0.150 -0.544 
0.000 0.000 -0.376 -0.861 -0.974 -0.544 -0.150 0.000 0.000 0.000 -0.312 
0.000 0.000 -0.191 -0.621 -1.000 -0.795 -0.312 0.000 0.000 0.000 -0.150 
0.000 0.000 0.000 -0.376 -0.861 -0.974 -0.544 -0.150 0.000 0.000 0.000 
0.000 0.000 0.000 -0.191 -0.621 -1.000 -0.795 -0.312 0.000 0.000 0.000 
0.000 0.000 0.000 0.000 -0.376 -0.861 -0.974 -0.544 -0.150 0.000 0.000 
0.000 0.000 0.000 0.000 -0.191 -0.621 -1.000 -0.795 -0.312 0.000 0.000 
