1.866709
5
# 0 1 6 50
0.000 0.000 0.000 0.000 0.000 0.000 0.000 0.000 0.000 0.000 0.000 0.000 0.000 0.000 0.000 0.000 0.000 0.610 0.969 0.289 0.000 0.000 0.000 0.000 0.000 0.000 0.000 0.000 0.000 0.000 0.000 0.000 0.000 0.000 0.000 0.000 0.000 0.000 0.000 0.000 0.000 0.000 0.000 0.000 0.000 0.000 0.000 0.000 0.000 0.000 
0.000 0.000 0.000 0.000 0.000 0.000 0.000 0.000 0.000 0.000 0.000 0.000 0.000 0.000 0.000 0.000 0.000 0.000 0.000 0.000 0.000 0.000 0.000 0.000 0.000 0.361 1.000 0.521 0.000 0.000 0.000 0.000 0.000 0.000 0.000 0.000 0.000 0.000 0.000 0.000 0.000 0.000 0.000 0.000 0.000 0.000 0.000 0.000 0.000 0.000 
0.000 0.000 0.000 0.000 0.000 0.289 0.969 0.610 0.000 0.000 0.000 0.000 0.000 0.000 0.000 0.000 0.000 0.000 0.000 0.000 0.000 0.000 0.000 0.000 0.000 0.000 0.000 0.000 0.000 0.000 0.000 0.000 0.000 0.177 0.857 0.780 0.133 0.000 0.000 0.000 0.000 0.000 0.000 0.000 0.000 0.000 0.000 0.000 0.000 0.000 
0.000 0.000 0.000 0.000 0.000 0.000 0.000 0.000 0.000 0.000 0.000 0.000 0.000 0.133 0.780 0.857 0.177 0.000 0.000 0.000 0.000 0.000 0.000 0.000 0.000 0.000 0.000 0.000 0.000 0.000 0.000 0.000 0.000 0.000 0.000 0.000 0.000 0.000 0.000 0.000 0.000 0.000 0.610 0.969 0.289 0.000 0.000 0.000 0.000 0.000 
0.000 0.000 0.000 0.000 0.000 0.000 0.000 0.000 0.000 0.000 0.000 0.000 0.000 0.000 0.000 0.000 0.000 0.000 0.000 0.000 0.000 0.000 0.521 1.000 0.361 0.000 0.000 0.000 0.000 0.000 0.000 0.000 0.000 0.000 0.000 0.000 0.000 0.000 0.000 0.000 0.000 0.000 0.000 0.000 0.000 0.000 0.000 0.000 0.000 0.000 
0.000 0.000 0.000 0.000 0.000 0.000 0.000 0.000 0.000 0.000 0.000 0.000 0.000 0.000 0.000 0.000 0.000 0.000 0.000 0.000 0.000 0.000 0.000 0.000 0.000 0.000 0.000 0.000 0.000 0.000 0.289 0.969 0.610 0.000 0.000 0.000 0.000 0.000 0.000 0.000 0.000 0.000 0.000 0.000 0.000 0.000 0.000 0.000 0.000 0.000 
# 0 2 6 50
0.000 0.000 0.000 0.000 0.000 0.000 0.000 0.000 0.000 0.000 0.000 0.000 0.000 0.000 0.000 0.000 0.000 0.610 0.969 0.289 0.000 0.000 0.000 0.000 0.000 0.000 0.000 0.000 0.000 0.000 0.000 0.000 0.000 0.000 0.000 0.000 0.000 0.000 0.000 0.000 0.000 0.000 0.000 0.000 0.000 0.000 0.000 0.000 0.000 0.000 
0.000 0.000 0.000 0.000 0.000 0.000 0.000 0.000 0.000 0.000 0.000 0.000 0.000 0.000 0.000 0.000 0.000 0.000 0.000 0.000 0.000 0.000 0.000 0.000 0.000 0.361 1.000 0.521 0.000 0.000 0.000 0.000 0.000 0.000 0.000 0.000 0.000 0.000 0.000 0.000 0.000 0.000 0.000 0.000 0.000 0.000 0.000 0.000 0.000 0.000 
0.000 0.000 0.000 0.000 0.000 0.289 0.969 0.610 0.000 0.000 0.000 0.000 0.000 0.000 0.000 0.000 0.000 0.000 0.000 0.000 0.000 0.000 0.000 0.000 0.000 0.000 0.000 0.000 0.000 0.000 0.000 0.000 0.000 0.177 0.857 0.780 0.133 0.000 0.000 0.000 0.000 0.000 0.000 0.000 0.000 0.000 0.000 0.000 0.000 0.000 
0.000 0.000 0.000 0.000 0.000 0.000 0.000 0.000 0.000 0.000 0.000 0.000 0.000 0.133 0.780 0.857 0.177 0.000 0.000 0.000 0.000 0.000 0.000 0.000 0.000 0.000 0.000 0.000 0.000 0.000 0.000 0.000 0.000 0.000 0.000 0.000 0.000 0.000 0.000 0.000 0.000 0.000 0.610 0.969 0.289 0.000 0.000 0.000 0.000 0.000 
0.000 0.000 0.000 0.000 0.000 0.000 0.000 0.000 0.000 0.000 0.000 0.000 0.000 0.000 0.000 0.000 0.000 0.000 0.000 0.000 0.000 0.000 0.521 1.000 0.361 0.000 0.000 0.000 0.000 0.000 0.000 0.000 0.000 0.000 0.000 0.000 0.000 0.000 0.000 0.000 0.000 0.000 0.000 0.000 0.000 0.000 0.000 0.000 0.000 0.000 
0.000 0.000 0.000 0.000 0.000 0.000 0.000 0.000 0.000 0.000 0.000 0.000 0.000 0.000 0.000 0.000 0.000 0.000 0.000 0.000 0.000 0.000 0.000 0.000 0.000 0.000 0.000 0.000 0.000 0.000 0.289 0.969 0.610 0.000 0.000 0.000 0.000 0.000 0.000 0.000 0.000 0.000 0.000 0.000 0.000 0.000 0.000 0.000 0.000 0.000 
# 0 3 19 50
0.000 0.000 0.000 0.000 0.000 0.000 0.000 0.000 0.000 0.000 0.000 0.000 0.000 0.000 0.489 0.996 0.381 0.000 0.000 0.000 0.000 0.000 0.000 0.000 0.000 0.000 0.000 0.000 0.000 0.000 0.000 0.000 0.000 0.000 0.000 0.000 0.000 0.000 0.000 0.000 0.000 0.000 0.000 0.000 0.000 0.000 0.000 0.000 0.000 0.000 
0.000 0.000 0.000 0.000 0.000 0.000 0.000 0.000 0.000 0.000 0.000 0.000 0.000 0.000 0.000 0.000 0.132 0.771 0.849 0.176 0.000 0.000 0.000 0.000 0.000 0.000 0.000 0.000 0.000 0.000 0.000 0.000 0.000 0.000 0.000 0.000 0.000 0.000 0.000 0.000 0.000 0.000 0.000 0.000 0.000 0.000 0.000 0.000 0.000 0.000 
0.000 0.000 0.000 0.000 0.000 0.000 0.000 0.000 0.000 0.000 0.000 0.000 0.000 0.000 0.000 0.000 0.000 0.000 0.000 0.307 0.971 0.577 0.000 0.000 0.000 0.000 0.000 0.000 0.000 0.000 0.000 0.000 0.000 0.000 0.000 0.000 0.000 0.000 0.000 0.000 0.000 0.000 0.000 0.000 0.000 0.000 0.000 0.000 0.000 0.000 
0.000 0.000 0.000 0.000 0.000 0.000 0.000 0.000 0.000 0.000 0.000 0.000 0.000 0.000 0.000 0.000 0.000 0.000 0.000 0.000 0.000 0.000 0.570 0.974 0.313 0.000 0.000 0.000 0.000 0.000 0.000 0.000 0.000 0.000 0.000 0.000 0.000 0.000 0.000 0.000 0.000 0.000 0.000 0.000 0.000 0.000 0.000 0.000 0.000 0.000 
0.000 0.000 0.000 0.000 0.000 0.000 0.000 0.000 0.000 0.000 0.000 0.000 0.000 0.000 0.000 0.000 0.000 0.000 0.000 0.000 0.000 0.000 0.000 0.000 0.172 0.843 0.778 0.135 0.000 0.000 0.000 0.000 0.000 0.000 0.000 0.000 0.000 0.000 0.000 0.000 0.000 0.000 0.000 0.000 0.000 0.000 0.000 0.000 0.000 0.000 
0.985 0.340 0.000 0.000 0.000 0.000 0.000 0.000 0.000 0.000 0.000 0.000 0.000 0.000 0.000 0.000 0.000 0.000 0.000 0.000 0.000 0.000 0.000 0.000 0.000 0.000 0.000 0.375 0.995 0.496 0.000 0.000 0.000 0.000 0.000 0.000 0.000 0.000 0.000 0.000 0.000 0.000 0.000 0.000 0.000 0.000 0.000 0.000 0.000 0.000 
0.000 0.154 0.815 0.808 0.151 0.000 0.000 0.000 0.000 0.000 0.000 0.000 0.000 0.000 0.000 0.000 0.000 0.000 0.000 0.000 0.000 0.000 0.000 0.000 0.000 0.000 0.000 0.000 0.000 0.000 0.652 0.935 0.252 0.000 0.000 0.000 0.000 0.000 0.000 0.000 0.000 0.000 0.000 0.000 0.000 0.000 0.000 0.000 0.000 0.000 
0.000 0.000 0.000 0.000 0.346 0.987 0.529 0.000 0.000 0.000 0.000 0.000 0.000 0.000 0.000 0.000 0.000 0.000 0.000 0.000 0.000 0.000 0.000 0.000 0.000 0.000 0.000 0.000 0.000 0.000 0.000 0.000 0.219 0.905 0.700 0.102 0.000 0.000 0.000 0.000 0.000 0.000 0.000 0.000 0.000 0.000 0.000 0.000 0.000 0.000 
0.000 0.000 0.000 0.000 0.000 0.000 0.000 0.619 0.953 0.276 0.000 0.000 0.000 0.000 0.000 0.000 0.000 0.000 0.000 0.000 0.000 0.000 0.000 0.000 0.000 0.000 0.000 0.000 0.000 0.000 0.000 0.000 0.000 0.000 0.000 0.449 1.000 0.418 0.000 0.000 0.000 0.000 0.000 0.000 0.000 0.000 0.000 0.000 0.000 0.000 
0.000 0.000 0.000 0.000 0.000 0.000 0.000 0.000 0.000 0.199 0.881 0.733 0.115 0.000 0.000 0.000 0.000 0.000 0.000 0.000 0.000 0.000 0.000 0.000 0.000 0.000 0.000 0.000 0.000 0.000 0.000 0.000 0.000 0.000 0.000 0.000 0.000 0.115 0.733 0.881 0.199 0.000 0.000 0.000 0.000 0.000 0.000 0.000 0.000 0.000 
0.000 0.000 0.000 0.000 0.000 0.000 0.000 0.000 0.000 0.000 0.000 0.000 0.418 1.000 0.449 0.000 0.000 0.000 0.000 0.000 0.000 0.000 0.000 0.000 0.000 0.000 0.000 0.000 0.000 0.000 0.000 0.000 0.000 0.000 0.000 0.000 0.000 0.000 0.000 0.000 0.276 0.953 0.619 0.000 0.000 0.000 0.000 0.000 0.000 0.000 
0.000 0.000 0.000 0.000 0.000 0.000 0.000 0.000 0.000 0.000 0.000 0.000 0.000 0.000 0.102 0.700 0.905 0.219 0.000 0.000 0.000 0.000 0.000 0.000 0.000 0.000 0.000 0.000 0.000 0.000 0.000 0.000 0.000 0.000 0.000 0.000 0.000 0.000 0.000 0.000 0.000 0.000 0.000 0.529 0.987 0.346 0.000 0.000 0.000 0.000 
0.000 0.000 0.000 0.000 0.000 0.000 0.000 0.000 0.000 0.000 0.000 0.000 0.000 0.000 0.000 0.000 0.000 0.252 0.935 0.652 0.000 0.000 0.000 0.000 0.000 0.000 0.000 0.000 0.000 0.000 0.000 0.000 0.000 0.000 0.000 0.000 0.000 0.000 0.000 0.000 0.000 0.000 0.000 0.000 0.000 0.151 0.808 0.815 0.154 0.000 
0.000 0.000 0.000 0.000 0.000 0.000 0.000 0.000 0.000 0.000 0.000 0.000 0.000 0.000 0.000 0.000 0.000 0.000 0.000 0.000 0.496 0.995 0.375 0.000 0.000 0.000 0.000 0.000 0.000 0.000 0.000 0.000 0.000 0.000 0.000 0.000 0.000 0.000 0.000 0.000 0.000 0.000 0.000 0.000 0.000 0.000 0.000 0.000 0.340 0.985 
0.000 0.000 0.000 0.000 0.000 0.000 0.000 0.000 0.000 0.000 0.000 0.000 0.000 0.000 0.000 0.000 0.000 0.000 0.000 0.000 0.000 0.000 0.135 0.778 0.843 0.172 0.000 0.000 0.000 0.000 0.000 0.000 0.000 0.000 0.000 0.000 0.000 0.000 0.000 0.000 0.000 0.000 0.000 0.000 0.000 0.000 0.000 0.000 0.000 0.000 
0.000 0.000 0.000 0.000 0.000 0.000 0.000 0.000 0.000 0.000 0.000 0.000 0.000 0.000 0.000 0.000 0.000 0.000 0.000 0.000 0.000 0.000 0.000 0.000 0.000 0.313 0.974 0.570 0.000 0.000 0.000 0.000 0.000 0.000 0.000 0.000 0.000 0.000 0.000 0.000 0.000 0.000 0.000 0.000 0.000 0.000 0.000 0.000 0.000 0.000 
0.000 0.000 0.000 0.000 0.000 0.000 0.000 0.000 0.000 0.000 0.000 0.000 0.000 0.000 0.000 0.000 0.000 0.000 0.000 0.000 0.000 0.000 0.000 0.000 0.000 0.000 0.000 0.000 0.577 0.971 0.307 0.000 0.000 0.000 0.000 0.000 0.000 0.000 0.000 0.000 0.000 0.000 0.000 0.000 0.000 0.000 0.000 0.000 0.000 0.000 
0.000 0.000 0.000 0.000 0.000 0.000 0.000 0.000 0.000 0.000 0.000 0.000 0.000 0.000 0.000 0.000 0.000 0.000 0.000 0.000 0.000 0.000 0.000 0.000 0.000 0.000 0.000 0.000 0.000 0.000 0.176 0.849 0.771 0.132 0.000 0.000 0.000 0.000 0.000 0.000 0.000 0.000 0.000 0.000 0.000 0.000 0.000 0.000 0.000 0.000 
0.000 0.000 0.000 0.000 0.000 0.000 0.000 0.000 0.000 0.000 0.000 0.000 0.000 0.000 0.000 0.000 0.000 0.000 0.000 0.000 0.000 0.000 0.000 0.000 0.000 0.000 0.000 0.000 0.000 0.000 0.000 0.000 0.000 0.381 0.996 0.489 0.000 0.000 0.000 0.000 0.000 0.000 0.000 0.000 0.000 0.000 0.000 0.000 0.000 0.000 
# 0 4 12 50
0.000 0.000 0.000 0.000 0.000 0.000 0.000 0.000 0.000 0.000 0.000 0.000 0.000 0.000 0.000 0.669 0.925 0.240 0.000 0.000 0.000 0.000 0.000 0.000 0.000 0.000 0.000 0.000 0.000 0.000 0.000 0.000 0.000 0.000 0.000 0.000 0.000 0.000 0.000 0.000 0.000 0.000 0.000 0.000 0.000 0.000 0.000 0.000 0.000 0.000 
0.000 0.000 0.000 0.000 0.000 0.000 0.000 0.000 0.000 0.000 0.000 0.000 0.000 0.000 0.000 0.000 0.000 0.000 0.000 0.539 0.984 0.338 0.000 0.000 0.000 0.000 0.000 0.000 0.000 0.000 0.000 0.000 0.000 0.000 0.000 0.000 0.000 0.000 0.000 0.000 0.000 0.000 0.000 0.000 0.000 0.000 0.000 0.000 0.000 0.000 
0.000 0.000 0.000 0.000 0.000 0.000 0.000 0.000 0.000 0.000 0.000 0.000 0.000 0.000 0.000 0.000 0.000 0.000 0.000 0.000 0.000 0.000 0.000 0.414 1.000 0.453 0.000 0.000 0.000 0.000 0.000 0.000 0.000 0.000 0.000 0.000 0.000 0.000 0.000 0.000 0.000 0.000 0.000 0.000 0.000 0.000 0.000 0.000 0.000 0.000 
1.000 0.414 0.000 0.000 0.000 0.000 0.000 0.000 0.000 0.000 0.000 0.000 0.000 0.000 0.000 0.000 0.000 0.000 0.000 0.000 0.000 0.000 0.000 0.000 0.000 0.000 0.000 0.304 0.970 0.581 0.000 0.000 0.000 0.000 0.000 0.000 0.000 0.000 0.000 0.000 0.000 0.000 0.000 0.000 0.000 0.000 0.000 0.000 0.000 0.000 
0.000 0.000 0.000 0.338 0.984 0.539 0.000 0.000 0.000 0.000 0.000 0.000 0.000 0.000 0.000 0.000 0.000 0.000 0.000 0.000 0.000 0.000 0.000 0.000 0.000 0.000 0.000 0.000 0.000 0.000 0.000 0.213 0.898 0.711 0.106 0.000 0.000 0.000 0.000 0.000 0.000 0.000 0.000 0.000 0.000 0.000 0.000 0.000 0.000 0.000 
0.000 0.000 0.000 0.000 0.000 0.000 0.000 0.240 0.925 0.669 0.000 0.000 0.000 0.000 0.000 0.000 0.000 0.000 0.000 0.000 0.000 0.000 0.000 0.000 0.000 0.000 0.000 0.000 0.000 0.000 0.000 0.000 0.000 0.000 0.000 0.143 0.793 0.830 0.163 0.000 0.000 0.000 0.000 0.000 0.000 0.000 0.000 0.000 0.000 0.000 
0.000 0.000 0.000 0.000 0.000 0.000 0.000 0.000 0.000 0.000 0.000 0.163 0.830 0.793 0.143 0.000 0.000 0.000 0.000 0.000 0.000 0.000 0.000 0.000 0.000 0.000 0.000 0.000 0.000 0.000 0.000 0.000 0.000 0.000 0.000 0.000 0.000 0.000 0.000 0.000 0.669 0.925 0.240 0.000 0.000 0.000 0.000 0.000 0.000 0.000 
0.000 0.000 0.000 0.000 0.000 0.000 0.000 0.000 0.000 0.000 0.000 0.000 0.000 0.000 0.000 0.106 0.711 0.898 0.213 0.000 0.000 0.000 0.000 0.000 0.000 0.000 0.000 0.000 0.000 0.000 0.000 0.000 0.000 0.000 0.000 0.000 0.000 0.000 0.000 0.000 0.000 0.000 0.000 0.000 0.539 0.984 0.338 0.000 0.000 0.000 
0.000 0.000 0.000 0.000 0.000 0.000 0.000 0.000 0.000 0.000 0.000 0.000 0.000 0.000 0.000 0.000 0.000 0.000 0.000 0.000 0.581 0.970 0.304 0.000 0.000 0.000 0.000 0.000 0.000 0.000 0.000 0.000 0.000 0.000 0.000 0.000 0.000 0.000 0.000 0.000 0.000 0.000 0.000 0.000 0.000 0.000 0.000 0.000 0.414 1.000 
0.000 0.000 0.000 0.000 0.000 0.000 0.000 0.000 0.000 0.000 0.000 0.000 0.000 0.000 0.000 0.000 0.000 0.000 0.000 0.000 0.000 0.000 0.000 0.000 0.453 1.000 0.414 0.000 0.000 0.000 0.000 0.000 0.000 0.000 0.000 0.000 0.000 0.000 0.000 0.000 0.000 0.000 0.000 0.000 0.000 0.000 0.000 0.000 0.000 0.000 
0.000 0.000 0.000 0.000 0.000 0.000 0.000 0.000 0.000 0.000 0.000 0.000 0.000 0.000 0.000 0.000 0.000 0.000 0.000 0.000 0.000 0.000 0.000 0.000 0.000 0.000 0.000 0.000 0.338 0.984 0.539 0.000 0.000 0.000 0.000 0.000 0.000 0.000 0.000 0.000 0.000 0.000 0.000 0.000 0.000 0.000 0.000 0.000 0.000 0.000 
0.000 0.000 0.000 0.000 0.000 0.000 0.000 0.000 0.000 0.000 0.000 0.000 0.000 0.000 0.000 0.000 0.000 0.000 0.000 0.000 0.000 0.000 0.000 0.000 0.000 0.000 0.000 0.000 0.000 0.000 0.000 0.000 0.240 0.925 0.669 0.000 0.000 0.000 0.000 0.000 0.000 0.000 0.000 0.000 0.000 0.000 0.000 0.000 0.000 0.000 
# 1 0 50 6
-0.210 -0.739 -0.980 -0.496 0.000 0.000 
-0.169 -0.670 -0.996 -0.566 -0.119 0.000 
-0.133 -0.598 -0.999 -0.638 -0.152 0.000 
-0.103 -0.527 -0.989 -0.708 -0.191 0.000 
0.000 -0.458 -0.965 -0.776 -0.236 0.000 
-0.122 -0.392 -0.928 -0.838 -0.287 0.000 
-0.156 -0.331 -0.881 -0.892 -0.344 0.000 
-0.196 -0.275 -0.825 -0.937 -0.406 0.000 
-0.241 -0.225 -0.761 -0.971 -0.473 0.000 
-0.293 -0.182 -0.693 -0.992 -0.543 -0.109 
-0.351 -0.144 -0.622 -1.000 -0.614 -0.140 
-0.413 -0.112 -0.551 -0.994 -0.685 -0.177 
-0.481 0.000 -0.481 -0.974 -0.754 -0.220 
-0.551 -0.112 -0.413 -0.942 -0.818 -0.269 
-0.622 -0.144 -0.351 -0.898 -0.875 -0.324 
-0.693 -0.182 -0.293 -0.844 -0.924 -0.385 
-0.761 -0.225 -0.241 -0.783 -0.961 -0.450 
-0.825 -0.275 -0.196 -0.716 -0.987 -0.519 
-0.881 -0.331 -0.156 -0.646 -0.999 -0.590 
-0.928 -0.392 -0.122 -0.574 -0.997 -0.662 
-0.965 -0.458 0.000 -0.504 -0.982 -0.731 
-0.989 -0.527 -0.103 -0.435 -0.954 -0.797 
-0.999 -0.598 -0.133 -0.371 -0.914 -0.857 
-0.996 -0.670 -0.169 -0.312 -0.863 -0.909 
-0.980 -0.739 -0.210 -0.258 -0.804 -0.950 
-0.950 -0.804 -0.258 -0.210 -0.739 -0.980 
-0.909 -0.863 -0.312 -0.169 -0.670 -0.996 
-0.857 -0.914 -0.371 -0.133 -0.598 -0.999 
-0.797 -0.954 -0.435 -0.103 -0.527 -0.989 
-0.731 -0.982 -0.504 0.000 -0.458 -0.965 
-0.662 -0.997 -0.574 -0.122 -0.392 -0.928 
-0.590 -0.999 -0.646 -0.156 -0.331 -0.881 
-0.519 -0.987 -0.716 -0.196 -0.275 -0.825 
-0.450 -0.961 -0.783 -0.241 -0.225 -0.761 
-0.385 -0.924 -0.844 -0.293 -0.182 -0.693 
-0.324 -0.875 -0.898 -0.351 -0.144 -0.622 
-0.269 -0.818 -0.942 -0.413 -0.112 -0.551 
-0.220 -0.754 -0.974 -0.481 0.000 -0.481 
-0.177 -0.685 -0.994 -0.551 -0.112 -0.413 
-0.140 -0.614 -1.000 -0.622 -0.144 -0.351 
-0.109 -0.543 -0.992 -0.693 -0.182 -0.293 
0.000 -0.473 -0.971 -0.761 -0.225 -0.241 
0.000 -0.406 -0.937 -0.825 -0.275 -0.196 
0.000 -0.344 -0.892 -0.881 -0.331 -0.156 
0.000 -0.287 -0.838 -0.928 -0.392 -0.122 
0.000 -0.236 -0.776 -0.965 -0.458 0.000 
0.000 -0.191 -0.708 -0.989 -0.527 -0.103 
0.000 -0.152 -0.638 -0.999 -0.598 -0.133 
0.000 -0.119 -0.566 -0.996 -0.670 -0.169 
0.000 0.000 -0.496 -0.980 -0.739 -0.210 
# 1 2 6 6
0.000 -0.483 -1.000 -0.769 -0.211 0.000 
-0.483 0.000 -0.483 -1.000 -0.769 -0.211 
-1.000 -0.483 0.000 -0.483 -1.000 -0.769 
-0.769 -1.000 -0.483 0.000 -0.483 -1.000 
-0.211 -0.769 -1.000 -0.483 0.000 -0.483 
0.000 -0.211 -0.769 -1.000 -0.483 0.000 
# 1 3 19 6
-0.174 -0.683 -0.995 -0.553 -0.111 0.000 
0.000 -0.495 -0.981 -0.739 -0.208 0.000 
-0.157 -0.325 -0.878 -0.897 -0.347 0.000 
-0.276 -0.192 -0.713 -0.989 -0.522 0.000 
-0.435 -0.101 -0.526 -0.990 -0.709 -0.189 
-0.620 -0.141 -0.351 -0.900 -0.874 -0.321 
-0.801 -0.253 -0.211 -0.743 -0.979 -0.491 
-0.939 -0.406 -0.113 -0.557 -0.996 -0.678 
-1.000 -0.588 -0.127 -0.378 -0.921 -0.850 
-0.967 -0.773 -0.232 -0.232 -0.773 -0.967 
-0.850 -0.921 -0.378 -0.127 -0.588 -1.000 
-0.678 -0.996 -0.557 -0.113 -0.406 -0.939 
-0.491 -0.979 -0.743 -0.211 -0.253 -0.801 
-0.321 -0.874 -0.900 -0.351 -0.141 -0.620 
-0.189 -0.709 -0.990 -0.526 -0.101 -0.435 
0.000 -0.522 -0.989 -0.713 -0.192 -0.276 
0.000 -0.347 -0.897 -0.878 -0.325 -0.157 
0.000 -0.208 -0.739 -0.981 -0.495 0.000 
0.000 -0.111 -0.553 -0.995 -0.683 -0.174 
# 2 0 50 6
-0.211 -0.738 -0.981 -0.501 0.000 0.000 
-0.169 -0.669 -0.997 -0.571 -0.122 0.000 
-0.134 -0.598 -0.999 -0.642 -0.155 0.000 
-0.104 -0.527 -0.988 -0.712 -0.194 0.000 
0.000 -0.458 -0.964 -0.779 -0.240 0.000 
-0.123 -0.392 -0.928 -0.841 -0.291 0.000 
-0.157 -0.331 -0.880 -0.895 -0.348 0.000 
-0.196 -0.276 -0.824 -0.939 -0.411 0.000 
-0.242 -0.226 -0.761 -0.972 -0.478 0.000 
-0.294 -0.182 -0.693 -0.993 -0.547 -0.112 
-0.351 -0.145 -0.622 -1.000 -0.619 -0.143 
-0.414 -0.113 -0.551 -0.993 -0.689 -0.181 
-0.481 0.000 -0.481 -0.974 -0.758 -0.224 
-0.551 -0.113 -0.414 -0.941 -0.821 -0.273 
-0.622 -0.145 -0.351 -0.897 -0.878 -0.329 
-0.693 -0.182 -0.294 -0.844 -0.926 -0.390 
-0.761 -0.226 -0.242 -0.782 -0.963 -0.455 
-0.824 -0.276 -0.196 -0.716 -0.987 -0.524 
-0.880 -0.331 -0.157 -0.646 -0.999 -0.595 
-0.928 -0.392 -0.123 -0.574 -0.997 -0.666 
-0.964 -0.458 0.000 -0.504 -0.982 -0.735 
-0.988 -0.527 -0.104 -0.436 -0.953 -0.801 
-0.999 -0.598 -0.134 -0.372 -0.913 -0.860 
-0.997 -0.669 -0.169 -0.312 -0.862 -0.911 
-0.981 -0.738 -0.211 -0.259 -0.803 -0.952 
-0.952 -0.803 -0.259 -0.211 -0.738 -0.981 
-0.911 -0.862 -0.312 -0.169 -0.669 -0.997 
-0.860 -0.913 -0.372 -0.134 -0.598 -0.999 
-0.801 -0.953 -0.436 -0.104 -0.527 -0.988 
-0.735 -0.982 -0.504 0.000 -0.458 -0.964 
-0.666 -0.997 -0.574 -0.123 -0.392 -0.928 
-0.595 -0.999 -0.646 -0.157 -0.331 -0.880 
-0.524 -0.987 -0.716 -0.196 -0.276 -0.824 
-0.455 -0.963 -0.782 -0.242 -0.226 -0.761 
-0.390 -0.926 -0.844 -0.294 -0.182 -0.693 
-0.329 -0.878 -0.897 -0.351 -0.145 -0.622 
-0.273 -0.821 -0.941 -0.414 -0.113 -0.551 
-0.224 -0.758 -0.974 -0.481 0.000 -0.481 
-0.181 -0.689 -0.993 -0.551 -0.113 -0.414 
-0.143 -0.619 -1.000 -0.622 -0.145 -0.351 
-0.112 -0.547 -0.993 -0.693 -0.182 -0.294 
0.000 -0.478 -0.972 -0.761 -0.226 -0.242 
0.000 -0.411 -0.939 -0.824 -0.276 -0.196 
0.000 -0.348 -0.895 -0.880 -0.331 -0.157 
0.000 -0.291 -0.841 -0.928 -0.392 -0.123 
0.000 -0.240 -0.779 -0.964 -0.458 0.000 
0.000 -0.194 -0.712 -0.988 -0.527 -0.104 
0.000 -0.155 -0.642 -0.999 -0.598 -0.134 
0.000 -0.122 -0.571 -0.997 -0.669 -0.169 
0.000 0.000 -0.501 -0.981 -0.738 -0.211 
# 2 1 6 6
0.000 -0.484 -1.000 -0.774 -0.214 0.000 
-0.484 0.000 -0.484 -1.000 -0.774 -0.214 
-1.000 -0.484 0.000 -0.484 -1.000 -0.774 
-0.774 -1.000 -0.484 0.000 -0.484 -1.000 
-0.214 -0.774 -1.000 -0.484 0.000 -0.484 
0.000 -0.214 -0.774 -1.000 -0.484 0.000 
# 2 3 19 6
-0.175 -0.682 -0.996 -0.558 -0.114 0.000 
0.000 -0.495 -0.980 -0.743 -0.212 0.000 
-0.158 -0.325 -0.877 -0.900 -0.352 0.000 
-0.277 -0.193 -0.713 -0.990 -0.526 -0.101 
-0.435 -0.101 -0.526 -0.989 -0.713 -0.193 
-0.620 -0.142 -0.352 -0.899 -0.877 -0.326 
-0.800 -0.254 -0.212 -0.743 -0.980 -0.496 
-0.938 -0.407 -0.114 -0.557 -0.996 -0.683 
-1.000 -0.588 -0.127 -0.379 -0.920 -0.853 
-0.969 -0.772 -0.232 -0.232 -0.772 -0.969 
-0.853 -0.920 -0.379 -0.127 -0.588 -1.000 
-0.683 -0.996 -0.557 -0.114 -0.407 -0.938 
-0.496 -0.980 -0.743 -0.212 -0.254 -0.800 
-0.326 -0.877 -0.899 -0.352 -0.142 -0.620 
-0.193 -0.713 -0.989 -0.526 -0.101 -0.435 
-0.101 -0.526 -0.990 -0.713 -0.193 -0.277 
0.000 -0.352 -0.900 -0.877 -0.325 -0.158 
0.000 -0.212 -0.743 -0.980 -0.495 0.000 
0.000 -0.114 -0.558 -0.996 -0.682 -0.175 
# 3 0 50 19
0.000 0.000 -0.226 -0.504 -0.827 -0.998 -0.886 -0.579 -0.278 0.000 0.000 0.000 0.000 0.000 0.000 0.000 0.000 0.000 0.000 
0.000 0.000 -0.154 -0.385 -0.710 -0.964 -0.961 -0.705 -0.381 -0.151 0.000 0.000 0.000 0.000 0.000 0.000 0.000 0.000 0.000 
0.000 0.000 -0.100 -0.282 -0.584 -0.890 -0.998 -0.823 -0.499 -0.223 0.000 0.000 0.000 0.000 0.000 0.000 0.000 0.000 0.000 
0.000 0.000 0.000 -0.197 -0.459 -0.786 -0.990 -0.918 -0.626 -0.314 -0.116 0.000 0.000 0.000 0.000 0.000 0.000 0.000 0.000 
0.000 0.000 0.000 -0.132 -0.345 -0.664 -0.941 -0.979 -0.750 -0.423 -0.175 0.000 0.000 0.000 0.000 0.000 0.000 0.000 0.000 
-0.105 0.000 0.000 0.000 -0.248 -0.537 -0.854 -1.000 -0.861 -0.545 -0.254 0.000 0.000 0.000 0.000 0.000 0.000 0.000 0.000 
-0.160 0.000 0.000 0.000 -0.171 -0.415 -0.743 -0.977 -0.945 -0.672 -0.352 -0.136 0.000 0.000 0.000 0.000 0.000 0.000 0.000 
-0.235 0.000 0.000 0.000 -0.113 -0.307 -0.617 -0.913 -0.992 -0.793 -0.467 -0.202 0.000 0.000 0.000 0.000 0.000 0.000 0.000 
-0.329 -0.123 0.000 0.000 0.000 -0.218 -0.491 -0.816 -0.996 -0.895 -0.592 -0.288 -0.103 0.000 0.000 0.000 0.000 0.000 0.000 
-0.440 -0.186 0.000 0.000 0.000 -0.147 -0.374 -0.697 -0.957 -0.967 -0.718 -0.393 -0.158 0.000 0.000 0.000 0.000 0.000 0.000 
-0.564 -0.267 0.000 0.000 0.000 0.000 -0.272 -0.570 -0.880 -0.999 -0.834 -0.512 -0.231 0.000 0.000 0.000 0.000 0.000 0.000 
-0.691 -0.368 -0.144 0.000 0.000 0.000 -0.189 -0.446 -0.774 -0.987 -0.926 -0.639 -0.324 -0.121 0.000 0.000 0.000 0.000 0.000 
-0.810 -0.485 -0.213 0.000 0.000 0.000 -0.126 -0.334 -0.651 -0.933 -0.984 -0.763 -0.435 -0.183 0.000 0.000 0.000 0.000 0.000 
-0.908 -0.611 -0.302 -0.110 0.000 0.000 0.000 -0.239 -0.524 -0.844 -1.000 -0.871 -0.558 -0.263 0.000 0.000 0.000 0.000 0.000 
-0.974 -0.736 -0.409 -0.167 0.000 0.000 0.000 -0.164 -0.403 -0.730 -0.972 -0.952 -0.686 -0.363 -0.142 0.000 0.000 0.000 0.000 
-1.000 -0.849 -0.530 -0.244 0.000 0.000 0.000 -0.107 -0.297 -0.604 -0.904 -0.995 -0.805 -0.480 -0.210 0.000 0.000 0.000 0.000 
-0.982 -0.937 -0.658 -0.340 -0.129 0.000 0.000 0.000 -0.209 -0.478 -0.804 -0.994 -0.905 -0.605 -0.298 -0.108 0.000 0.000 0.000 
-0.922 -0.989 -0.780 -0.453 -0.193 0.000 0.000 0.000 -0.141 -0.362 -0.684 -0.951 -0.972 -0.731 -0.405 -0.165 0.000 0.000 0.000 
-0.828 -0.998 -0.885 -0.577 -0.277 0.000 0.000 0.000 0.000 -0.262 -0.557 -0.870 -1.000 -0.845 -0.525 -0.240 0.000 0.000 0.000 
-0.712 -0.964 -0.961 -0.704 -0.379 -0.150 0.000 0.000 0.000 -0.182 -0.434 -0.762 -0.983 -0.934 -0.652 -0.335 -0.127 0.000 0.000 
-0.585 -0.891 -0.997 -0.821 -0.498 -0.222 0.000 0.000 0.000 -0.121 -0.323 -0.638 -0.925 -0.987 -0.775 -0.448 -0.190 0.000 0.000 
-0.460 -0.787 -0.991 -0.917 -0.624 -0.313 -0.115 0.000 0.000 0.000 -0.230 -0.511 -0.833 -0.999 -0.881 -0.572 -0.273 0.000 0.000 
-0.346 -0.666 -0.941 -0.979 -0.749 -0.421 -0.174 0.000 0.000 0.000 -0.157 -0.391 -0.717 -0.966 -0.958 -0.699 -0.375 -0.148 0.000 
-0.249 -0.538 -0.856 -1.000 -0.860 -0.544 -0.253 0.000 0.000 0.000 -0.102 -0.287 -0.591 -0.895 -0.997 -0.817 -0.492 -0.218 0.000 
-0.172 -0.417 -0.744 -0.977 -0.944 -0.671 -0.351 -0.135 0.000 0.000 0.000 -0.201 -0.465 -0.792 -0.992 -0.913 -0.619 -0.308 -0.113 
-0.113 -0.308 -0.619 -0.913 -0.992 -0.792 -0.465 -0.201 0.000 0.000 0.000 -0.135 -0.351 -0.671 -0.944 -0.977 -0.744 -0.417 -0.172 
0.000 -0.218 -0.492 -0.817 -0.997 -0.895 -0.591 -0.287 -0.102 0.000 0.000 0.000 -0.253 -0.544 -0.860 -1.000 -0.856 -0.538 -0.249 
0.000 -0.148 -0.375 -0.699 -0.958 -0.966 -0.717 -0.391 -0.157 0.000 0.000 0.000 -0.174 -0.421 -0.749 -0.979 -0.941 -0.666 -0.346 
0.000 0.000 -0.273 -0.572 -0.881 -0.999 -0.833 -0.511 -0.230 0.000 0.000 0.000 -0.115 -0.313 -0.624 -0.917 -0.991 -0.787 -0.460 
0.000 0.000 -0.190 -0.448 -0.775 -0.987 -0.925 -0.638 -0.323 -0.121 0.000 0.000 0.000 -0.222 -0.498 -0.821 -0.997 -0.891 -0.585 
0.000 0.000 -0.127 -0.335 -0.652 -0.934 -0.983 -0.762 -0.434 -0.182 0.000 0.000 0.000 -0.150 -0.379 -0.704 -0.961 -0.964 -0.712 
0.000 0.000 0.000 -0.240 -0.525 -0.845 -1.000 -0.870 -0.557 -0.262 0.000 0.000 0.000 0.000 -0.277 -0.577 -0.885 -0.998 -0.828 
0.000 0.000 0.000 -0.165 -0.405 -0.731 -0.972 -0.951 -0.684 -0.362 -0.141 0.000 0.000 0.000 -0.193 -0.453 -0.780 -0.989 -0.922 
0.000 0.000 0.000 -0.108 -0.298 -0.605 -0.905 -0.994 -0.804 -0.478 -0.209 0.000 0.000 0.000 -0.129 -0.340 -0.658 -0.937 -0.982 
0.000 0.000 0.000 0.000 -0.210 -0.480 -0.805 -0.995 -0.904 -0.604 -0.297 -0.107 0.000 0.000 0.000 -0.244 -0.530 -0.849 -1.000 
0.000 0.000 0.000 0.000 -0.142 -0.363 -0.686 -0.952 -0.972 -0.730 -0.403 -0.164 0.000 0.000 0.000 -0.167 -0.409 -0.736 -0.974 
0.000 0.000 0.000 0.000 0.000 -0.263 -0.558 -0.871 -1.000 -0.844 -0.524 -0.239 0.000 0.000 0.000 -0.110 -0.302 -0.611 -0.908 
0.000 0.000 0.000 0.000 0.000 -0.183 -0.435 -0.763 -0.984 -0.933 -0.651 -0.334 -0.126 0.000 0.000 0.000 -0.213 -0.485 -0.810 
0.000 0.000 0.000 0.000 0.000 -0.121 -0.324 -0.639 -0.926 -0.987 -0.774 -0.446 -0.189 0.000 0.000 0.000 -0.144 -0.368 -0.691 
0.000 0.000 0.000 0.000 0.000 0.000 -0.231 -0.512 -0.834 -0.999 -0.880 -0.570 -0.272 0.000 0.000 0.000 0.000 -0.267 -0.564 
0.000 0.000 0.000 0.000 0.000 0.000 -0.158 -0.393 -0.718 -0.967 -0.957 -0.697 -0.374 -0.147 0.000 0.000 0.000 -0.186 -0.440 
0.000 0.000 0.000 0.000 0.000 0.000 -0.103 -0.288 -0.592 -0.895 -0.996 -0.816 -0.491 -0.218 0.000 0.000 0.000 -0.123 -0.329 
0.000 0.000 0.000 0.000 0.000 0.000 0.000 -0.202 -0.467 -0.793 -0.992 -0.913 -0.617 -0.307 -0.113 0.000 0.000 0.000 -0.235 
0.000 0.000 0.000 0.000 0.000 0.000 0.000 -0.136 -0.352 -0.672 -0.945 -0.977 -0.743 -0.415 -0.171 0.000 0.000 0.000 -0.160 
0.000 0.000 0.000 0.000 0.000 0.000 0.000 0.000 -0.254 -0.545 -0.861 -1.000 -0.854 -0.537 -0.248 0.000 0.000 0.000 -0.105 
0.000 0.000 0.000 0.000 0.000 0.000 0.000 0.000 -0.175 -0.423 -0.750 -0.979 -0.941 -0.664 -0.345 -0.132 0.000 0.000 0.000 
0.000 0.000 0.000 0.000 0.000 0.000 0.000 0.000 -0.116 -0.314 -0.626 -0.918 -0.990 -0.786 -0.459 -0.197 0.000 0.000 0.000 
0.000 0.000 0.000 0.000 0.000 0.000 0.000 0.000 0.000 -0.223 -0.499 -0.823 -0.998 -0.890 -0.584 -0.282 -0.100 0.000 0.000 
0.000 0.000 0.000 0.000 0.000 0.000 0.000 0.000 0.000 -0.151 -0.381 -0.705 -0.961 -0.964 -0.710 -0.385 -0.154 0.000 0.000 
0.000 0.000 0.000 0.000 0.000 0.000 0.000 0.000 0.000 0.000 -0.278 -0.579 -0.886 -0.998 -0.827 -0.504 -0.226 0.000 0.000 
# 3 1 6 19
0.000 0.000 0.000 -0.152 -0.381 -0.706 -0.962 -0.963 -0.710 -0.385 -0.153 0.000 0.000 0.000 0.000 0.000 0.000 0.000 0.000 
-0.810 -0.485 -0.213 0.000 0.000 0.000 -0.126 -0.334 -0.651 -0.933 -0.984 -0.763 -0.435 -0.183 0.000 0.000 0.000 0.000 0.000 
-0.543 -0.859 -1.000 -0.856 -0.539 -0.250 0.000 0.000 0.000 -0.104 -0.290 -0.595 -0.898 -0.996 -0.813 -0.488 -0.216 0.000 0.000 
0.000 0.000 -0.216 -0.488 -0.813 -0.996 -0.898 -0.595 -0.290 -0.104 0.000 0.000 0.000 -0.250 -0.539 -0.856 -1.000 -0.859 -0.543 
0.000 0.000 0.000 0.000 0.000 -0.183 -0.435 -0.763 -0.984 -0.933 -0.651 -0.334 -0.126 0.000 0.000 0.000 -0.213 -0.485 -0.810 
0.000 0.000 0.000 0.000 0.000 0.000 0.000 0.000 -0.153 -0.385 -0.710 -0.963 -0.962 -0.706 -0.381 -0.152 0.000 0.000 0.000 
# 3 2 6 19
0.000 0.000 0.000 -0.152 -0.381 -0.706 -0.962 -0.963 -0.710 -0.385 -0.153 0.000 0.000 0.000 0.000 0.000 0.000 0.000 0.000 
-0.810 -0.485 -0.213 0.000 0.000 0.000 -0.126 -0.334 -0.651 -0.933 -0.984 -0.763 -0.435 -0.183 0.000 0.000 0.000 0.000 0.000 
-0.543 -0.859 -1.000 -0.856 -0.539 -0.250 0.000 0.000 0.000 -0.104 -0.290 -0.595 -0.898 -0.996 -0.813 -0.488 -0.216 0.000 0.000 
0.000 0.000 -0.216 -0.488 -0.813 -0.996 -0.898 -0.595 -0.290 -0.104 0.000 0.000 0.000 -0.250 -0.539 -0.856 -1.000 -0.859 -0.543 
0.000 0.000 0.000 0.000 0.000 -0.183 -0.435 -0.763 -0.984 -0.933 -0.651 -0.334 -0.126 0.000 0.000 0.000 -0.213 -0.485 -0.810 
0.000 0.000 0.000 0.000 0.000 0.000 0.000 0.000 -0.153 -0.385 -0.710 -0.963 -0.962 -0.706 -0.381 -0.152 0.000 0.000 0.000 
