1.887708
5
# 0 1 25 50
0.000 0.000 0.107 0.148 0.199 0.262 0.336 0.420 0.512 0.609 0.705 0.795 0.875 0.939 0.981 1.000 0.993 0.962 0.908 0.835 0.749 0.655 0.558 0.463 0.375 0.296 0.228 0.171 0.125 0.000 0.000 0.000 0.000 0.000 0.000 0.000 0.000 0.000 0.000 0.000 0.000 0.000 0.000 0.000 0.000 0.000 0.000 0.000 0.000 0.000 
0.148 0.107 0.000 0.000 0.107 0.148 0.199 0.262 0.336 0.420 0.512 0.609 0.705 0.795 0.875 0.939 0.981 1.000 0.993 0.962 0.908 0.835 0.749 0.655 0.558 0.463 0.375 0.296 0.228 0.171 0.125 0.000 0.000 0.000 0.000 0.000 0.000 0.000 0.000 0.000 0.000 0.000 0.000 0.000 0.000 0.000 0.000 0.000 0.000 0.000 
0.262 0.199 0.148 0.107 0.000 0.000 0.107 0.148 0.199 0.262 0.336 0.420 0.512 0.609 0.705 0.795 0.875 0.939 0.981 1.000 0.993 0.962 0.908 0.835 0.749 0.655 0.558 0.463 0.375 0.296 0.228 0.171 0.125 0.000 0.000 0.000 0.000 0.000 0.000 0.000 0.000 0.000 0.000 0.000 0.000 0.000 0.000 0.000 0.000 0.000 
0.420 0.336 0.262 0.199 0.148 0.107 0.000 0.000 0.107 0.148 0.199 0.262 0.336 0.420 0.512 0.609 0.705 0.795 0.875 0.939 0.981 1.000 0.993 0.962 0.908 0.835 0.749 0.655 0.558 0.463 0.375 0.296 0.228 0.171 0.125 0.000 0.000 0.000 0.000 0.000 0.000 0.000 0.000 0.000 0.000 0.000 0.000 0.000 0.000 0.000 
0.609 0.512 0.420 0.336 0.262 0.199 0.148 0.107 0.000 0.000 0.107 0.148 0.199 0.262 0.336 0.420 0.512 0.609 0.705 0.795 0.875 0.939 0.981 1.000 0.993 0.962 0.908 0.835 0.749 0.655 0.558 0.463 0.375 0.296 0.228 0.171 0.125 0.000 0.000 0.000 0.000 0.000 0.000 0.000 0.000 0.000 0.000 0.000 0.000 0.000 
0.795 0.705 0.609 0.512 0.420 0.336 0.262 0.199 0.148 0.107 0.000 0.000 0.107 0.148 0.199 0.262 0.336 0.420 0.512 0.609 0.705 0.795 0.875 0.939 0.981 1.000 0.993 0.962 0.908 0.835 0.749 0.655 0.558 0.463 0.375 0.296 0.228 0.171 0.125 0.000 0.000 0.000 0.000 0.000 0.000 0.000 0.000 0.000 0.000 0.000 
0.939 0.875 0.795 0.705 0.609 0.512 0.420 0.336 0.262 0.199 0.148 0.107 0.000 0.000 0.107 0.148 0.199 0.262 0.336 0.420 0.512 0.609 0.705 0.795 0.875 0.939 0.981 1.000 0.993 0.962 0.908 0.835 0.749 0.655 0.558 0.463 0.375 0.296 0.228 0.171 0.125 0.000 0.000 0.000 0.000 0.000 0.000 0.000 0.000 0.000 
1.000 0.981 0.939 0.875 0.795 0.705 0.609 0.512 0.420 0.336 0.262 0.199 0.148 0.107 0.000 0.000 0.107 0.148 0.199 0.262 0.336 0.420 0.512 0.609 0.705 0.795 0.875 0.939 0.981 1.000 0.993 0.962 0.908 0.835 0.749 0.655 0.558 0.463 0.375 0.296 0.228 0.171 0.125 0.000 0.000 0.000 0.000 0.000 0.000 0.000 
0.962 0.993 1.000 0.981 0.939 0.875 0.795 0.705 0.609 0.512 0.420 0.336 0.262 0.199 0.148 0.107 0.000 0.000 0.107 0.148 0.199 0.262 0.336 0.420 0.512 0.609 0.705 0.795 0.875 0.939 0.981 1.000 0.993 0.962 0.908 0.835 0.749 0.655 0.558 0.463 0.375 0.296 0.228 0.171 0.125 0.000 0.000 0.000 0.000 0.000 
0.835 0.908 0.962 0.993 1.000 0.981 0.939 0.875 0.795 0.705 0.609 0.512 0.420 0.336 0.262 0.199 0.148 0.107 0.000 0.000 0.107 0.148 0.199 0.262 0.336 0.420 0.512 0.609 0.705 0.795 0.875 0.939 0.981 1.000 0.993 0.962 0.908 0.835 0.749 0.655 0.558 0.463 0.375 0.296 0.228 0.171 0.125 0.000 0.000 0.000 
0.655 0.749 0.835 0.908 0.962 0.993 1.000 0.981 0.939 0.875 0.795 0.705 0.609 0.512 0.420 0.336 0.262 0.199 0.148 0.107 0.000 0.000 0.107 0.148 0.199 0.262 0.336 0.420 0.512 0.609 0.705 0.795 0.875 0.939 0.981 1.000 0.993 0.962 0.908 0.835 0.749 0.655 0.558 0.463 0.375 0.296 0.228 0.171 0.125 0.000 
0.463 0.558 0.655 0.749 0.835 0.908 0.962 0.993 1.000 0.981 0.939 0.875 0.795 0.705 0.609 0.512 0.420 0.336 0.262 0.199 0.148 0.107 0.000 0.000 0.107 0.148 0.199 0.262 0.336 0.420 0.512 0.609 0.705 0.795 0.875 0.939 0.981 1.000 0.993 0.962 0.908 0.835 0.749 0.655 0.558 0.463 0.375 0.296 0.228 0.171 
0.296 0.375 0.463 0.558 0.655 0.749 0.835 0.908 0.962 0.993 1.000 0.981 0.939 0.875 0.795 0.705 0.609 0.512 0.420 0.336 0.262 0.199 0.148 0.107 0.000 0.000 0.107 0.148 0.199 0.262 0.336 0.420 0.512 0.609 0.705 0.795 0.875 0.939 0.981 1.000 0.993 0.962 0.908 0.835 0.749 0.655 0.558 0.463 0.375 0.296 
0.171 0.228 0.296 0.375 0.463 0.558 0.655 0.749 0.835 0.908 0.962 0.993 1.000 0.981 0.939 0.875 0.795 0.705 0.609 0.512 0.420 0.336 0.262 0.199 0.148 0.107 0.000 0.000 0.107 0.148 0.199 0.262 0.336 0.420 0.512 0.609 0.705 0.795 0.875 0.939 0.981 1.000 0.993 0.962 0.908 0.835 0.749 0.655 0.558 0.463 
0.000 0.125 0.171 0.228 0.296 0.375 0.463 0.558 0.655 0.749 0.835 0.908 0.962 0.993 1.000 0.981 0.939 0.875 0.795 0.705 0.609 0.512 0.420 0.336 0.262 0.199 0.148 0.107 0.000 0.000 0.107 0.148 0.199 0.262 0.336 0.420 0.512 0.609 0.705 0.795 0.875 0.939 0.981 1.000 0.993 0.962 0.908 0.835 0.749 0.655 
0.000 0.000 0.000 0.125 0.171 0.228 0.296 0.375 0.463 0.558 0.655 0.749 0.835 0.908 0.962 0.993 1.000 0.981 0.939 0.875 0.795 0.705 0.609 0.512 0.420 0.336 0.262 0.199 0.148 0.107 0.000 0.000 0.107 0.148 0.199 0.262 0.336 0.420 0.512 0.609 0.705 0.795 0.875 0.939 0.981 1.000 0.993 0.962 0.908 0.835 
0.000 0.000 0.000 0.000 0.000 0.125 0.171 0.228 0.296 0.375 0.463 0.558 0.655 0.749 0.835 0.908 0.962 0.993 1.000 0.981 0.939 0.875 0.795 0.705 0.609 0.512 0.420 0.336 0.262 0.199 0.148 0.107 0.000 0.000 0.107 0.148 0.199 0.262 0.336 0.420 0.512 0.609 0.705 0.795 0.875 0.939 0.981 1.000 0.993 0.962 
0.000 0.000 0.000 0.000 0.000 0.000 0.000 0.125 0.171 0.228 0.296 0.375 0.463 0.558 0.655 0.749 0.835 0.908 0.962 0.993 1.000 0.981 0.939 0.875 0.795 0.705 0.609 0.512 0.420 0.336 0.262 0.199 0.148 0.107 0.000 0.000 0.107 0.148 0.199 0.262 0.336 0.420 0.512 0.609 0.705 0.795 0.875 0.939 0.981 1.000 
0.000 0.000 0.000 0.000 0.000 0.000 0.000 0.000 0.000 0.125 0.171 0.228 0.296 0.375 0.463 0.558 0.655 0.749 0.835 0.908 0.962 0.993 1.000 0.981 0.939 0.875 0.795 0.705 0.609 0.512 0.420 0.336 0.262 0.199 0.148 0.107 0.000 0.000 0.107 0.148 0.199 0.262 0.336 0.420 0.512 0.609 0.705 0.795 0.875 0.939 
0.000 0.000 0.000 0.000 0.000 0.000 0.000 0.000 0.000 0.000 0.000 0.125 0.171 0.228 0.296 0.375 0.463 0.558 0.655 0.749 0.835 0.908 0.962 0.993 1.000 0.981 0.939 0.875 0.795 0.705 0.609 0.512 0.420 0.336 0.262 0.199 0.148 0.107 0.000 0.000 0.107 0.148 0.199 0.262 0.336 0.420 0.512 0.609 0.705 0.795 
0.000 0.000 0.000 0.000 0.000 0.000 0.000 0.000 0.000 0.000 0.000 0.000 0.000 0.125 0.171 0.228 0.296 0.375 0.463 0.558 0.655 0.749 0.835 0.908 0.962 0.993 1.000 0.981 0.939 0.875 0.795 0.705 0.609 0.512 0.420 0.336 0.262 0.199 0.148 0.107 0.000 0.000 0.107 0.148 0.199 0.262 0.336 0.420 0.512 0.609 
0.000 0.000 0.000 0.000 0.000 0.000 0.000 0.000 0.000 0.000 0.000 0.000 0.000 0.000 0.000 0.125 0.171 0.228 0.296 0.375 0.463 0.558 0.655 0.749 0.835 0.908 0.962 0.993 1.000 0.981 0.939 0.875 0.795 0.705 0.609 0.512 0.420 0.336 0.262 0.199 0.148 0.107 0.000 0.000 0.107 0.148 0.199 0.262 0.336 0.420 
0.000 0.000 0.000 0.000 0.000 0.000 0.000 0.000 0.000 0.000 0.000 0.000 0.000 0.000 0.000 0.000 0.000 0.125 0.171 0.228 0.296 0.375 0.463 0.558 0.655 0.749 0.835 0.908 0.962 0.993 1.000 0.981 0.939 0.875 0.795 0.705 0.609 0.512 0.420 0.336 0.262 0.199 0.148 0.107 0.000 0.000 0.107 0.148 0.199 0.262 
0.000 0.000 0.000 0.000 0.000 0.000 0.000 0.000 0.000 0.000 0.000 0.000 0.000 0.000 0.000 0.000 0.000 0.000 0.000 0.125 0.171 0.228 0.296 0.375 0.463 0.558 0.655 0.749 0.835 0.908 0.962 0.993 1.000 0.981 0.939 0.875 0.795 0.705 0.609 0.512 0.420 0.336 0.262 0.199 0.148 0.107 0.000 0.000 0.107 0.148 
0.000 0.000 0.000 0.000 0.000 0.000 0.000 0.000 0.000 0.000 0.000 0.000 0.000 0.000 0.000 0.000 0.000 0.000 0.000 0.000 0.000 0.125 0.171 0.228 0.296 0.375 0.463 0.558 0.655 0.749 0.835 0.908 0.962 0.993 1.000 0.981 0.939 0.875 0.795 0.705 0.609 0.512 0.420 0.336 0.262 0.199 0.148 0.107 0.000 0.000 
# 0 2 25 50
0.000 0.000 0.107 0.148 0.199 0.262 0.336 0.420 0.512 0.609 0.705 0.795 0.875 0.939 0.981 1.000 0.993 0.962 0.908 0.835 0.749 0.655 0.558 0.463 0.375 0.296 0.228 0.171 0.125 0.000 0.000 0.000 0.000 0.000 0.000 0.000 0.000 0.000 0.000 0.000 0.000 0.000 0.000 0.000 0.000 0.000 0.000 0.000 0.000 0.000 
0.148 0.107 0.000 0.000 0.107 0.148 0.199 0.262 0.336 0.420 0.512 0.609 0.705 0.795 0.875 0.939 0.981 1.000 0.993 0.962 0.908 0.835 0.749 0.655 0.558 0.463 0.375 0.296 0.228 0.171 0.125 0.000 0.000 0.000 0.000 0.000 0.000 0.000 0.000 0.000 0.000 0.000 0.000 0.000 0.000 0.000 0.000 0.000 0.000 0.000 
0.262 0.199 0.148 0.107 0.000 0.000 0.107 0.148 0.199 0.262 0.336 0.420 0.512 0.609 0.705 0.795 0.875 0.939 0.981 1.000 0.993 0.962 0.908 0.835 0.749 0.655 0.558 0.463 0.375 0.296 0.228 0.171 0.125 0.000 0.000 0.000 0.000 0.000 0.000 0.000 0.000 0.000 0.000 0.000 0.000 0.000 0.000 0.000 0.000 0.000 
0.420 0.336 0.262 0.199 0.148 0.107 0.000 0.000 0.107 0.148 0.199 0.262 0.336 0.420 0.512 0.609 0.705 0.795 0.875 0.939 0.981 1.000 0.993 0.962 0.908 0.835 0.749 0.655 0.558 0.463 0.375 0.296 0.228 0.171 0.125 0.000 0.000 0.000 0.000 0.000 0.000 0.000 0.000 0.000 0.000 0.000 0.000 0.000 0.000 0.000 
0.609 0.512 0.420 0.336 0.262 0.199 0.148 0.107 0.000 0.000 0.107 0.148 0.199 0.262 0.336 0.420 0.512 0.609 0.705 0.795 0.875 0.939 0.981 1.000 0.993 0.962 0.908 0.835 0.749 0.655 0.558 0.463 0.375 0.296 0.228 0.171 0.125 0.000 0.000 0.000 0.000 0.000 0.000 0.000 0.000 0.000 0.000 0.000 0.000 0.000 
0.795 0.705 0.609 0.512 0.420 0.336 0.262 0.199 0.148 0.107 0.000 0.000 0.107 0.148 0.199 0.262 0.336 0.420 0.512 0.609 0.705 0.795 0.875 0.939 0.981 1.000 0.993 0.962 0.908 0.835 0.749 0.655 0.558 0.463 0.375 0.296 0.228 0.171 0.125 0.000 0.000 0.000 0.000 0.000 0.000 0.000 0.000 0.000 0.000 0.000 
0.939 0.875 0.795 0.705 0.609 0.512 0.420 0.336 0.262 0.199 0.148 0.107 0.000 0.000 0.107 0.148 0.199 0.262 0.336 0.420 0.512 0.609 0.705 0.795 0.875 0.939 0.981 1.000 0.993 0.962 0.908 0.835 0.749 0.655 0.558 0.463 0.375 0.296 0.228 0.171 0.125 0.000 0.000 0.000 0.000 0.000 0.000 0.000 0.000 0.000 
1.000 0.981 0.939 0.875 0.795 0.705 0.609 0.512 0.420 0.336 0.262 0.199 0.148 0.107 0.000 0.000 0.107 0.148 0.199 0.262 0.336 0.420 0.512 0.609 0.705 0.795 0.875 0.939 0.981 1.000 0.993 0.962 0.908 0.835 0.749 0.655 0.558 0.463 0.375 0.296 0.228 0.171 0.125 0.000 0.000 0.000 0.000 0.000 0.000 0.000 
0.962 0.993 1.000 0.981 0.939 0.875 0.795 0.705 0.609 0.512 0.420 0.336 0.262 0.199 0.148 0.107 0.000 0.000 0.107 0.148 0.199 0.262 0.336 0.420 0.512 0.609 0.705 0.795 0.875 0.939 0.981 1.000 0.993 0.962 0.908 0.835 0.749 0.655 0.558 0.463 0.375 0.296 0.228 0.171 0.125 0.000 0.000 0.000 0.000 0.000 
0.835 0.908 0.962 0.993 1.000 0.981 0.939 0.875 0.795 0.705 0.609 0.512 0.420 0.336 0.262 0.199 0.148 0.107 0.000 0.000 0.107 0.148 0.199 0.262 0.336 0.420 0.512 0.609 0.705 0.795 0.875 0.939 0.981 1.000 0.993 0.962 0.908 0.835 0.749 0.655 0.558 0.463 0.375 0.296 0.228 0.171 0.125 0.000 0.000 0.000 
0.655 0.749 0.835 0.908 0.962 0.993 1.000 0.981 0.939 0.875 0.795 0.705 0.609 0.512 0.420 0.336 0.262 0.199 0.148 0.107 0.000 0.000 0.107 0.148 0.199 0.262 0.336 0.420 0.512 0.609 0.705 0.795 0.875 0.939 0.981 1.000 0.993 0.962 0.908 0.835 0.749 0.655 0.558 0.463 0.375 0.296 0.228 0.171 0.125 0.000 
0.463 0.558 0.655 0.749 0.835 0.908 0.962 0.993 1.000 0.981 0.939 0.875 0.795 0.705 0.609 0.512 0.420 0.336 0.262 0.199 0.148 0.107 0.000 0.000 0.107 0.148 0.199 0.262 0.336 0.420 0.512 0.609 0.705 0.795 0.875 0.939 0.981 1.000 0.993 0.962 0.908 0.835 0.749 0.655 0.558 0.463 0.375 0.296 0.228 0.171 
0.296 0.375 0.463 0.558 0.655 0.749 0.835 0.908 0.962 0.993 1.000 0.981 0.939 0.875 0.795 0.705 0.609 0.512 0.420 0.336 0.262 0.199 0.148 0.107 0.000 0.000 0.107 0.148 0.199 0.262 0.336 0.420 0.512 0.609 0.705 0.795 0.875 0.939 0.981 1.000 0.993 0.962 0.908 0.835 0.749 0.655 0.558 0.463 0.375 0.296 
0.171 0.228 0.296 0.375 0.463 0.558 0.655 0.749 0.835 0.908 0.962 0.993 1.000 0.981 0.939 0.875 0.795 0.705 0.609 0.512 0.420 0.336 0.262 0.199 0.148 0.107 0.000 0.000 0.107 0.148 0.199 0.262 0.336 0.420 0.512 0.609 0.705 0.795 0.875 0.939 0.981 1.000 0.993 0.962 0.908 0.835 0.749 0.655 0.558 0.463 
0.000 0.125 0.171 0.228 0.296 0.375 0.463 0.558 0.655 0.749 0.835 0.908 0.962 0.993 1.000 0.981 0.939 0.875 0.795 0.705 0.609 0.512 0.420 0.336 0.262 0.199 0.148 0.107 0.000 0.000 0.107 0.148 0.199 0.262 0.336 0.420 0.512 0.609 0.705 0.795 0.875 0.939 0.981 1.000 0.993 0.962 0.908 0.835 0.749 0.655 
0.000 0.000 0.000 0.125 0.171 0.228 0.296 0.375 0.463 0.558 0.655 0.749 0.835 0.908 0.962 0.993 1.000 0.981 0.939 0.875 0.795 0.705 0.609 0.512 0.420 0.336 0.262 0.199 0.148 0.107 0.000 0.000 0.107 0.148 0.199 0.262 0.336 0.420 0.512 0.609 0.705 0.795 0.875 0.939 0.981 1.000 0.993 0.962 0.908 0.835 
0.000 0.000 0.000 0.000 0.000 0.125 0.171 0.228 0.296 0.375 0.463 0.558 0.655 0.749 0.835 0.908 0.962 0.993 1.000 0.981 0.939 0.875 0.795 0.705 0.609 0.512 0.420 0.336 0.262 0.199 0.148 0.107 0.000 0.000 0.107 0.148 0.199 0.262 0.336 0.420 0.512 0.609 0.705 0.795 0.875 0.939 0.981 1.000 0.993 0.962 
0.000 0.000 0.000 0.000 0.000 0.000 0.000 0.125 0.171 0.228 0.296 0.375 0.463 0.558 0.655 0.749 0.835 0.908 0.962 0.993 1.000 0.981 0.939 0.875 0.795 0.705 0.609 0.512 0.420 0.336 0.262 0.199 0.148 0.107 0.000 0.000 0.107 0.148 0.199 0.262 0.336 0.420 0.512 0.609 0.705 0.795 0.875 0.939 0.981 1.000 
0.000 0.000 0.000 0.000 0.000 0.000 0.000 0.000 0.000 0.125 0.171 0.228 0.296 0.375 0.463 0.558 0.655 0.749 0.835 0.908 0.962 0.993 1.000 0.981 0.939 0.875 0.795 0.705 0.609 0.512 0.420 0.336 0.262 0.199 0.148 0.107 0.000 0.000 0.107 0.148 0.199 0.262 0.336 0.420 0.512 0.609 0.705 0.795 0.875 0.939 
0.000 0.000 0.000 0.000 0.000 0.000 0.000 0.000 0.000 0.000 0.000 0.125 0.171 0.228 0.296 0.375 0.463 0.558 0.655 0.749 0.835 0.908 0.962 0.993 1.000 0.981 0.939 0.875 0.795 0.705 0.609 0.512 0.420 0.336 0.262 0.199 0.148 0.107 0.000 0.000 0.107 0.148 0.199 0.262 0.336 0.420 0.512 0.609 0.705 0.795 
0.000 0.000 0.000 0.000 0.000 0.000 0.000 0.000 0.000 0.000 0.000 0.000 0.000 0.125 0.171 0.228 0.296 0.375 0.463 0.558 0.655 0.749 0.835 0.908 0.962 0.993 1.000 0.981 0.939 0.875 0.795 0.705 0.609 0.512 0.420 0.336 0.262 0.199 0.148 0.107 0.000 0.000 0.107 0.148 0.199 0.262 0.336 0.420 0.512 0.609 
0.000 0.000 0.000 0.000 0.000 0.000 0.000 0.000 0.000 0.000 0.000 0.000 0.000 0.000 0.000 0.125 0.171 0.228 0.296 0.375 0.463 0.558 0.655 0.749 0.835 0.908 0.962 0.993 1.000 0.981 0.939 0.875 0.795 0.705 0.609 0.512 0.420 0.336 0.262 0.199 0.148 0.107 0.000 0.000 0.107 0.148 0.199 0.262 0.336 0.420 
0.000 0.000 0.000 0.000 0.000 0.000 0.000 0.000 0.000 0.000 0.000 0.000 0.000 0.000 0.000 0.000 0.000 0.125 0.171 0.228 0.296 0.375 0.463 0.558 0.655 0.749 0.835 0.908 0.962 0.993 1.000 0.981 0.939 0.875 0.795 0.705 0.609 0.512 0.420 0.336 0.262 0.199 0.148 0.107 0.000 0.000 0.107 0.148 0.199 0.262 
0.000 0.000 0.000 0.000 0.000 0.000 0.000 0.000 0.000 0.000 0.000 0.000 0.000 0.000 0.000 0.000 0.000 0.000 0.000 0.125 0.171 0.228 0.296 0.375 0.463 0.558 0.655 0.749 0.835 0.908 0.962 0.993 1.000 0.981 0.939 0.875 0.795 0.705 0.609 0.512 0.420 0.336 0.262 0.199 0.148 0.107 0.000 0.000 0.107 0.148 
0.000 0.000 0.000 0.000 0.000 0.000 0.000 0.000 0.000 0.000 0.000 0.000 0.000 0.000 0.000 0.000 0.000 0.000 0.000 0.000 0.000 0.125 0.171 0.228 0.296 0.375 0.463 0.558 0.655 0.749 0.835 0.908 0.962 0.993 1.000 0.981 0.939 0.875 0.795 0.705 0.609 0.512 0.420 0.336 0.262 0.199 0.148 0.107 0.000 0.000 
# 0 3 23 50
0.000 0.000 0.103 0.144 0.194 0.256 0.329 0.412 0.504 0.600 0.696 0.787 0.868 0.933 0.978 0.999 0.994 0.965 0.913 0.842 0.756 0.663 0.566 0.471 0.382 0.302 0.233 0.175 0.128 0.000 0.000 0.000 0.000 0.000 0.000 0.000 0.000 0.000 0.000 0.000 0.000 0.000 0.000 0.000 0.000 0.000 0.000 0.000 0.000 0.000 
0.160 0.116 0.000 0.000 0.000 0.136 0.185 0.245 0.316 0.397 0.487 0.583 0.680 0.772 0.855 0.923 0.972 0.997 0.997 0.972 0.923 0.855 0.772 0.679 0.583 0.487 0.397 0.316 0.244 0.184 0.136 0.000 0.000 0.000 0.000 0.000 0.000 0.000 0.000 0.000 0.000 0.000 0.000 0.000 0.000 0.000 0.000 0.000 0.000 0.000 
0.293 0.225 0.169 0.123 0.000 0.000 0.000 0.128 0.175 0.233 0.303 0.382 0.471 0.566 0.663 0.757 0.842 0.913 0.965 0.994 0.999 0.978 0.933 0.868 0.787 0.696 0.600 0.504 0.412 0.329 0.256 0.194 0.143 0.103 0.000 0.000 0.000 0.000 0.000 0.000 0.000 0.000 0.000 0.000 0.000 0.000 0.000 0.000 0.000 0.000 
0.475 0.386 0.306 0.236 0.178 0.130 0.000 0.000 0.000 0.121 0.166 0.222 0.290 0.368 0.455 0.549 0.646 0.741 0.828 0.902 0.957 0.991 1.000 0.983 0.942 0.881 0.802 0.712 0.616 0.520 0.428 0.343 0.268 0.204 0.151 0.110 0.000 0.000 0.000 0.000 0.000 0.000 0.000 0.000 0.000 0.000 0.000 0.000 0.000 0.000 
0.684 0.587 0.492 0.401 0.319 0.247 0.187 0.138 0.000 0.000 0.000 0.115 0.158 0.212 0.277 0.354 0.440 0.533 0.629 0.725 0.813 0.890 0.949 0.987 1.000 0.988 0.951 0.893 0.817 0.728 0.633 0.537 0.443 0.357 0.280 0.214 0.160 0.116 0.000 0.000 0.000 0.000 0.000 0.000 0.000 0.000 0.000 0.000 0.000 0.000 
0.871 0.791 0.700 0.604 0.508 0.416 0.333 0.259 0.197 0.146 0.105 0.000 0.000 0.108 0.150 0.202 0.265 0.340 0.424 0.516 0.612 0.708 0.799 0.878 0.940 0.982 1.000 0.992 0.959 0.904 0.831 0.744 0.650 0.553 0.459 0.371 0.293 0.225 0.168 0.123 0.000 0.000 0.000 0.000 0.000 0.000 0.000 0.000 0.000 0.000 
0.984 0.945 0.884 0.806 0.717 0.621 0.524 0.432 0.346 0.271 0.207 0.154 0.111 0.000 0.000 0.102 0.142 0.192 0.253 0.326 0.409 0.500 0.596 0.692 0.784 0.865 0.931 0.976 0.998 0.995 0.967 0.915 0.845 0.760 0.667 0.570 0.475 0.386 0.306 0.236 0.178 0.130 0.000 0.000 0.000 0.000 0.000 0.000 0.000 0.000 
0.986 1.000 0.989 0.953 0.896 0.821 0.733 0.638 0.541 0.447 0.361 0.283 0.217 0.162 0.118 0.000 0.000 0.000 0.134 0.182 0.242 0.312 0.394 0.483 0.579 0.675 0.768 0.852 0.921 0.970 0.996 0.997 0.973 0.926 0.858 0.776 0.683 0.587 0.491 0.401 0.319 0.247 0.187 0.138 0.000 0.000 0.000 0.000 0.000 0.000 
0.874 0.938 0.981 0.999 0.993 0.961 0.907 0.835 0.749 0.654 0.558 0.463 0.375 0.296 0.228 0.171 0.125 0.000 0.000 0.000 0.127 0.173 0.231 0.299 0.379 0.467 0.562 0.659 0.753 0.838 0.910 0.963 0.993 0.999 0.979 0.936 0.871 0.791 0.700 0.604 0.508 0.416 0.332 0.259 0.197 0.145 0.105 0.000 0.000 0.000 
0.688 0.780 0.862 0.928 0.975 0.998 0.996 0.968 0.918 0.848 0.764 0.671 0.575 0.479 0.390 0.309 0.239 0.180 0.132 0.000 0.000 0.000 0.120 0.164 0.220 0.287 0.364 0.451 0.545 0.642 0.737 0.824 0.899 0.955 0.990 1.000 0.984 0.945 0.884 0.806 0.716 0.621 0.524 0.432 0.346 0.271 0.207 0.154 0.111 0.000 
0.479 0.574 0.671 0.764 0.848 0.918 0.968 0.996 0.998 0.975 0.928 0.862 0.780 0.688 0.591 0.496 0.405 0.322 0.250 0.189 0.140 0.100 0.000 0.000 0.113 0.156 0.209 0.274 0.350 0.436 0.529 0.625 0.721 0.810 0.887 0.947 0.986 1.000 0.989 0.953 0.896 0.820 0.732 0.637 0.541 0.447 0.360 0.283 0.217 0.162 
0.296 0.375 0.463 0.558 0.654 0.748 0.835 0.907 0.961 0.993 0.999 0.981 0.938 0.875 0.795 0.704 0.608 0.512 0.420 0.336 0.262 0.199 0.148 0.107 0.000 0.000 0.107 0.148 0.199 0.262 0.336 0.420 0.512 0.608 0.704 0.795 0.875 0.938 0.981 0.999 0.993 0.961 0.907 0.835 0.748 0.654 0.558 0.463 0.375 0.296 
0.162 0.217 0.283 0.360 0.447 0.541 0.637 0.732 0.820 0.896 0.953 0.989 1.000 0.986 0.947 0.887 0.810 0.721 0.625 0.529 0.436 0.350 0.274 0.209 0.156 0.113 0.000 0.000 0.100 0.140 0.189 0.250 0.322 0.405 0.496 0.591 0.688 0.780 0.862 0.928 0.975 0.998 0.996 0.968 0.918 0.848 0.764 0.671 0.574 0.479 
0.000 0.111 0.154 0.207 0.271 0.346 0.432 0.524 0.621 0.716 0.806 0.884 0.945 0.984 1.000 0.990 0.955 0.899 0.824 0.737 0.642 0.545 0.451 0.364 0.287 0.220 0.164 0.120 0.000 0.000 0.000 0.132 0.180 0.239 0.309 0.390 0.479 0.575 0.671 0.764 0.848 0.918 0.968 0.996 0.998 0.975 0.928 0.862 0.780 0.688 
0.000 0.000 0.000 0.105 0.145 0.197 0.259 0.332 0.416 0.508 0.604 0.700 0.791 0.871 0.936 0.979 0.999 0.993 0.963 0.910 0.838 0.753 0.659 0.562 0.467 0.379 0.299 0.231 0.173 0.127 0.000 0.000 0.000 0.125 0.171 0.228 0.296 0.375 0.463 0.558 0.654 0.749 0.835 0.907 0.961 0.993 0.999 0.981 0.938 0.874 
0.000 0.000 0.000 0.000 0.000 0.000 0.138 0.187 0.247 0.319 0.401 0.491 0.587 0.683 0.776 0.858 0.926 0.973 0.997 0.996 0.970 0.921 0.852 0.768 0.675 0.579 0.483 0.394 0.312 0.242 0.182 0.134 0.000 0.000 0.000 0.118 0.162 0.217 0.283 0.361 0.447 0.541 0.638 0.733 0.821 0.896 0.953 0.989 1.000 0.986 
0.000 0.000 0.000 0.000 0.000 0.000 0.000 0.000 0.130 0.178 0.236 0.306 0.386 0.475 0.570 0.667 0.760 0.845 0.915 0.967 0.995 0.998 0.976 0.931 0.865 0.784 0.692 0.596 0.500 0.409 0.326 0.253 0.192 0.142 0.102 0.000 0.000 0.111 0.154 0.207 0.271 0.346 0.432 0.524 0.621 0.717 0.806 0.884 0.945 0.984 
0.000 0.000 0.000 0.000 0.000 0.000 0.000 0.000 0.000 0.000 0.123 0.168 0.225 0.293 0.371 0.459 0.553 0.650 0.744 0.831 0.904 0.959 0.992 1.000 0.982 0.940 0.878 0.799 0.708 0.612 0.516 0.424 0.340 0.265 0.202 0.150 0.108 0.000 0.000 0.105 0.146 0.197 0.259 0.333 0.416 0.508 0.604 0.700 0.791 0.871 
0.000 0.000 0.000 0.000 0.000 0.000 0.000 0.000 0.000 0.000 0.000 0.000 0.116 0.160 0.214 0.280 0.357 0.443 0.537 0.633 0.728 0.817 0.893 0.951 0.988 1.000 0.987 0.949 0.890 0.813 0.725 0.629 0.533 0.440 0.354 0.277 0.212 0.158 0.115 0.000 0.000 0.000 0.138 0.187 0.247 0.319 0.401 0.492 0.587 0.684 
0.000 0.000 0.000 0.000 0.000 0.000 0.000 0.000 0.000 0.000 0.000 0.000 0.000 0.000 0.110 0.151 0.204 0.268 0.343 0.428 0.520 0.616 0.712 0.802 0.881 0.942 0.983 1.000 0.991 0.957 0.902 0.828 0.741 0.646 0.549 0.455 0.368 0.290 0.222 0.166 0.121 0.000 0.000 0.000 0.130 0.178 0.236 0.306 0.386 0.475 
0.000 0.000 0.000 0.000 0.000 0.000 0.000 0.000 0.000 0.000 0.000 0.000 0.000 0.000 0.000 0.000 0.103 0.143 0.194 0.256 0.329 0.412 0.504 0.600 0.696 0.787 0.868 0.933 0.978 0.999 0.994 0.965 0.913 0.842 0.757 0.663 0.566 0.471 0.382 0.303 0.233 0.175 0.128 0.000 0.000 0.000 0.123 0.169 0.225 0.293 
0.000 0.000 0.000 0.000 0.000 0.000 0.000 0.000 0.000 0.000 0.000 0.000 0.000 0.000 0.000 0.000 0.000 0.000 0.000 0.136 0.184 0.244 0.316 0.397 0.487 0.583 0.679 0.772 0.855 0.923 0.972 0.997 0.997 0.972 0.923 0.855 0.772 0.680 0.583 0.487 0.397 0.316 0.245 0.185 0.136 0.000 0.000 0.000 0.116 0.160 
0.000 0.000 0.000 0.000 0.000 0.000 0.000 0.000 0.000 0.000 0.000 0.000 0.000 0.000 0.000 0.000 0.000 0.000 0.000 0.000 0.000 0.128 0.175 0.233 0.302 0.382 0.471 0.566 0.663 0.756 0.842 0.913 0.965 0.994 0.999 0.978 0.933 0.868 0.787 0.696 0.600 0.504 0.412 0.329 0.256 0.194 0.144 0.103 0.000 0.000 
# 0 4 8 50
0.153 0.111 0.000 0.000 0.102 0.142 0.192 0.254 0.326 0.409 0.500 0.596 0.693 0.784 0.866 0.931 0.977 0.998 0.995 0.966 0.915 0.845 0.760 0.666 0.570 0.475 0.386 0.305 0.236 0.177 0.130 0.000 0.000 0.000 0.000 0.000 0.000 0.000 0.000 0.000 0.000 0.000 0.000 0.000 0.000 0.000 0.000 0.000 0.000 0.000 
0.645 0.548 0.454 0.367 0.289 0.221 0.166 0.121 0.000 0.000 0.000 0.131 0.179 0.237 0.307 0.388 0.477 0.572 0.669 0.762 0.846 0.917 0.967 0.995 0.998 0.976 0.930 0.864 0.782 0.690 0.594 0.498 0.407 0.324 0.252 0.191 0.141 0.101 0.000 0.000 0.000 0.000 0.000 0.000 0.000 0.000 0.000 0.000 0.000 0.000 
0.998 0.995 0.967 0.917 0.846 0.762 0.669 0.572 0.477 0.388 0.307 0.237 0.179 0.131 0.000 0.000 0.000 0.121 0.166 0.221 0.289 0.367 0.454 0.548 0.645 0.739 0.827 0.901 0.957 0.991 1.000 0.984 0.943 0.882 0.804 0.714 0.618 0.522 0.429 0.344 0.269 0.205 0.152 0.110 0.000 0.000 0.000 0.000 0.000 0.000 
0.570 0.666 0.760 0.845 0.915 0.966 0.995 0.998 0.977 0.931 0.866 0.784 0.693 0.596 0.500 0.409 0.326 0.254 0.192 0.142 0.102 0.000 0.000 0.111 0.153 0.206 0.271 0.346 0.431 0.524 0.620 0.716 0.806 0.884 0.945 0.984 1.000 0.990 0.956 0.899 0.825 0.737 0.642 0.546 0.452 0.365 0.287 0.220 0.164 0.120 
0.120 0.164 0.220 0.287 0.365 0.452 0.546 0.642 0.737 0.825 0.899 0.956 0.990 1.000 0.984 0.945 0.884 0.806 0.716 0.620 0.524 0.431 0.346 0.271 0.206 0.153 0.111 0.000 0.000 0.102 0.142 0.192 0.254 0.326 0.409 0.500 0.596 0.693 0.784 0.866 0.931 0.977 0.998 0.995 0.966 0.915 0.845 0.760 0.666 0.570 
0.000 0.000 0.000 0.000 0.000 0.000 0.110 0.152 0.205 0.269 0.344 0.429 0.522 0.618 0.714 0.804 0.882 0.943 0.984 1.000 0.991 0.957 0.901 0.827 0.739 0.645 0.548 0.454 0.367 0.289 0.221 0.166 0.121 0.000 0.000 0.000 0.131 0.179 0.237 0.307 0.388 0.477 0.572 0.669 0.762 0.846 0.917 0.967 0.995 0.998 
0.000 0.000 0.000 0.000 0.000 0.000 0.000 0.000 0.000 0.000 0.000 0.000 0.101 0.141 0.191 0.252 0.324 0.407 0.498 0.594 0.690 0.782 0.864 0.930 0.976 0.998 0.995 0.967 0.917 0.846 0.762 0.669 0.572 0.477 0.388 0.307 0.237 0.179 0.131 0.000 0.000 0.000 0.121 0.166 0.221 0.289 0.367 0.454 0.548 0.645 
0.000 0.000 0.000 0.000 0.000 0.000 0.000 0.000 0.000 0.000 0.000 0.000 0.000 0.000 0.000 0.000 0.000 0.000 0.000 0.130 0.177 0.236 0.305 0.386 0.475 0.570 0.666 0.760 0.845 0.915 0.966 0.995 0.998 0.977 0.931 0.866 0.784 0.693 0.596 0.500 0.409 0.326 0.254 0.192 0.142 0.102 0.000 0.000 0.111 0.153 
# 1 0 50 25
-0.386 -0.594 -0.804 -0.956 -1.000 -0.919 -0.742 -0.527 -0.328 -0.180 0.000 0.000 0.000 0.000 0.000 0.000 0.000 0.000 0.000 0.000 0.000 0.000 0.000 0.000 0.000 
-0.386 -0.486 -0.702 -0.891 -0.994 -0.974 -0.839 -0.635 -0.423 -0.247 -0.127 0.000 0.000 0.000 0.000 0.000 0.000 0.000 0.000 0.000 0.000 0.000 0.000 0.000 0.000 
-0.486 -0.386 -0.594 -0.804 -0.956 -1.000 -0.919 -0.742 -0.527 -0.328 -0.180 0.000 0.000 0.000 0.000 0.000 0.000 0.000 0.000 0.000 0.000 0.000 0.000 0.000 0.000 
-0.594 -0.386 -0.486 -0.702 -0.891 -0.994 -0.974 -0.839 -0.635 -0.423 -0.247 -0.127 0.000 0.000 0.000 0.000 0.000 0.000 0.000 0.000 0.000 0.000 0.000 0.000 0.000 
-0.702 -0.486 -0.386 -0.594 -0.804 -0.956 -1.000 -0.919 -0.742 -0.527 -0.328 -0.180 0.000 0.000 0.000 0.000 0.000 0.000 0.000 0.000 0.000 0.000 0.000 0.000 0.000 
-0.804 -0.594 -0.386 -0.486 -0.702 -0.891 -0.994 -0.974 -0.839 -0.635 -0.423 -0.247 -0.127 0.000 0.000 0.000 0.000 0.000 0.000 0.000 0.000 0.000 0.000 0.000 0.000 
-0.891 -0.702 -0.486 -0.386 -0.594 -0.804 -0.956 -1.000 -0.919 -0.742 -0.527 -0.328 -0.180 0.000 0.000 0.000 0.000 0.000 0.000 0.000 0.000 0.000 0.000 0.000 0.000 
-0.956 -0.804 -0.594 -0.386 -0.486 -0.702 -0.891 -0.994 -0.974 -0.839 -0.635 -0.423 -0.247 -0.127 0.000 0.000 0.000 0.000 0.000 0.000 0.000 0.000 0.000 0.000 0.000 
-0.994 -0.891 -0.702 -0.486 -0.386 -0.594 -0.804 -0.956 -1.000 -0.919 -0.742 -0.527 -0.328 -0.180 0.000 0.000 0.000 0.000 0.000 0.000 0.000 0.000 0.000 0.000 0.000 
-1.000 -0.956 -0.804 -0.594 -0.386 -0.486 -0.702 -0.891 -0.994 -0.974 -0.839 -0.635 -0.423 -0.247 -0.127 0.000 0.000 0.000 0.000 0.000 0.000 0.000 0.000 0.000 0.000 
-0.974 -0.994 -0.891 -0.702 -0.486 -0.386 -0.594 -0.804 -0.956 -1.000 -0.919 -0.742 -0.527 -0.328 -0.180 0.000 0.000 0.000 0.000 0.000 0.000 0.000 0.000 0.000 0.000 
-0.919 -1.000 -0.956 -0.804 -0.594 -0.386 -0.486 -0.702 -0.891 -0.994 -0.974 -0.839 -0.635 -0.423 -0.247 -0.127 0.000 0.000 0.000 0.000 0.000 0.000 0.000 0.000 0.000 
-0.839 -0.974 -0.994 -0.891 -0.702 -0.486 -0.386 -0.594 -0.804 -0.956 -1.000 -0.919 -0.742 -0.527 -0.328 -0.180 0.000 0.000 0.000 0.000 0.000 0.000 0.000 0.000 0.000 
-0.742 -0.919 -1.000 -0.956 -0.804 -0.594 -0.386 -0.486 -0.702 -0.891 -0.994 -0.974 -0.839 -0.635 -0.423 -0.247 -0.127 0.000 0.000 0.000 0.000 0.000 0.000 0.000 0.000 
-0.635 -0.839 -0.974 -0.994 -0.891 -0.702 -0.486 -0.386 -0.594 -0.804 -0.956 -1.000 -0.919 -0.742 -0.527 -0.328 -0.180 0.000 0.000 0.000 0.000 0.000 0.000 0.000 0.000 
-0.527 -0.742 -0.919 -1.000 -0.956 -0.804 -0.594 -0.386 -0.486 -0.702 -0.891 -0.994 -0.974 -0.839 -0.635 -0.423 -0.247 -0.127 0.000 0.000 0.000 0.000 0.000 0.000 0.000 
-0.423 -0.635 -0.839 -0.974 -0.994 -0.891 -0.702 -0.486 -0.386 -0.594 -0.804 -0.956 -1.000 -0.919 -0.742 -0.527 -0.328 -0.180 0.000 0.000 0.000 0.000 0.000 0.000 0.000 
-0.328 -0.527 -0.742 -0.919 -1.000 -0.956 -0.804 -0.594 -0.386 -0.486 -0.702 -0.891 -0.994 -0.974 -0.839 -0.635 -0.423 -0.247 -0.127 0.000 0.000 0.000 0.000 0.000 0.000 
-0.247 -0.423 -0.635 -0.839 -0.974 -0.994 -0.891 -0.702 -0.486 -0.386 -0.594 -0.804 -0.956 -1.000 -0.919 -0.742 -0.527 -0.328 -0.180 0.000 0.000 0.000 0.000 0.000 0.000 
-0.180 -0.328 -0.527 -0.742 -0.919 -1.000 -0.956 -0.804 -0.594 -0.386 -0.486 -0.702 -0.891 -0.994 -0.974 -0.839 -0.635 -0.423 -0.247 -0.127 0.000 0.000 0.000 0.000 0.000 
-0.127 -0.247 -0.423 -0.635 -0.839 -0.974 -0.994 -0.891 -0.702 -0.486 -0.386 -0.594 -0.804 -0.956 -1.000 -0.919 -0.742 -0.527 -0.328 -0.180 0.000 0.000 0.000 0.000 0.000 
0.000 -0.180 -0.328 -0.527 -0.742 -0.919 -1.000 -0.956 -0.804 -0.594 -0.386 -0.486 -0.702 -0.891 -0.994 -0.974 -0.839 -0.635 -0.423 -0.247 -0.127 0.000 0.000 0.000 0.000 
0.000 -0.127 -0.247 -0.423 -0.635 -0.839 -0.974 -0.994 -0.891 -0.702 -0.486 -0.386 -0.594 -0.804 -0.956 -1.000 -0.919 -0.742 -0.527 -0.328 -0.180 0.000 0.000 0.000 0.000 
0.000 0.000 -0.180 -0.328 -0.527 -0.742 -0.919 -1.000 -0.956 -0.804 -0.594 -0.386 -0.486 -0.702 -0.891 -0.994 -0.974 -0.839 -0.635 -0.423 -0.247 -0.127 0.000 0.000 0.000 
0.000 0.000 -0.127 -0.247 -0.423 -0.635 -0.839 -0.974 -0.994 -0.891 -0.702 -0.486 -0.386 -0.594 -0.804 -0.956 -1.000 -0.919 -0.742 -0.527 -0.328 -0.180 0.000 0.000 0.000 
0.000 0.000 0.000 -0.180 -0.328 -0.527 -0.742 -0.919 -1.000 -0.956 -0.804 -0.594 -0.386 -0.486 -0.702 -0.891 -0.994 -0.974 -0.839 -0.635 -0.423 -0.247 -0.127 0.000 0.000 
0.000 0.000 0.000 -0.127 -0.247 -0.423 -0.635 -0.839 -0.974 -0.994 -0.891 -0.702 -0.486 -0.386 -0.594 -0.804 -0.956 -1.000 -0.919 -0.742 -0.527 -0.328 -0.180 0.000 0.000 
0.000 0.000 0.000 0.000 -0.180 -0.328 -0.527 -0.742 -0.919 -1.000 -0.956 -0.804 -0.594 -0.386 -0.486 -0.702 -0.891 -0.994 -0.974 -0.839 -0.635 -0.423 -0.247 -0.127 0.000 
0.000 0.000 0.000 0.000 -0.127 -0.247 -0.423 -0.635 -0.839 -0.974 -0.994 -0.891 -0.702 -0.486 -0.386 -0.594 -0.804 -0.956 -1.000 -0.919 -0.742 -0.527 -0.328 -0.180 0.000 
0.000 0.000 0.000 0.000 0.000 -0.180 -0.328 -0.527 -0.742 -0.919 -1.000 -0.956 -0.804 -0.594 -0.386 -0.486 -0.702 -0.891 -0.994 -0.974 -0.839 -0.635 -0.423 -0.247 -0.127 
0.000 0.000 0.000 0.000 0.000 -0.127 -0.247 -0.423 -0.635 -0.839 -0.974 -0.994 -0.891 -0.702 -0.486 -0.386 -0.594 -0.804 -0.956 -1.000 -0.919 -0.742 -0.527 -0.328 -0.180 
0.000 0.000 0.000 0.000 0.000 0.000 -0.180 -0.328 -0.527 -0.742 -0.919 -1.000 -0.956 -0.804 -0.594 -0.386 -0.486 -0.702 -0.891 -0.994 -0.974 -0.839 -0.635 -0.423 -0.247 
0.000 0.000 0.000 0.000 0.000 0.000 -0.127 -0.247 -0.423 -0.635 -0.839 -0.974 -0.994 -0.891 -0.702 -0.486 -0.386 -0.594 -0.804 -0.956 -1.000 -0.919 -0.742 -0.527 -0.328 
0.000 0.000 0.000 0.000 0.000 0.000 0.000 -0.180 -0.328 -0.527 -0.742 -0.919 -1.000 -0.956 -0.804 -0.594 -0.386 -0.486 -0.702 -0.891 -0.994 -0.974 -0.839 -0.635 -0.423 
0.000 0.000 0.000 0.000 0.000 0.000 0.000 -0.127 -0.247 -0.423 -0.635 -0.839 -0.974 -0.994 -0.891 -0.702 -0.486 -0.386 -0.594 -0.804 -0.956 -1.000 -0.919 -0.742 -0.527 
0.000 0.000 0.000 0.000 0.000 0.000 0.000 0.000 -0.180 -0.328 -0.527 -0.742 -0.919 -1.000 -0.956 -0.804 -0.594 -0.386 -0.486 -0.702 -0.891 -0.994 -0.974 -0.839 -0.635 
0.000 0.000 0.000 0.000 0.000 0.000 0.000 0.000 -0.127 -0.247 -0.423 -0.635 -0.839 -0.974 -0.994 -0.891 -0.702 -0.486 -0.386 -0.594 -0.804 -0.956 -1.000 -0.919 -0.742 
0.000 0.000 0.000 0.000 0.000 0.000 0.000 0.000 0.000 -0.180 -0.328 -0.527 -0.742 -0.919 -1.000 -0.956 -0.804 -0.594 -0.386 -0.486 -0.702 -0.891 -0.994 -0.974 -0.839 
0.000 0.000 0.000 0.000 0.000 0.000 0.000 0.000 0.000 -0.127 -0.247 -0.423 -0.635 -0.839 -0.974 -0.994 -0.891 -0.702 -0.486 -0.386 -0.594 -0.804 -0.956 -1.000 -0.919 
0.000 0.000 0.000 0.000 0.000 0.000 0.000 0.000 0.000 0.000 -0.180 -0.328 -0.527 -0.742 -0.919 -1.000 -0.956 -0.804 -0.594 -0.386 -0.486 -0.702 -0.891 -0.994 -0.974 
0.000 0.000 0.000 0.000 0.000 0.000 0.000 0.000 0.000 0.000 -0.127 -0.247 -0.423 -0.635 -0.839 -0.974 -0.994 -0.891 -0.702 -0.486 -0.386 -0.594 -0.804 -0.956 -1.000 
0.000 0.000 0.000 0.000 0.000 0.000 0.000 0.000 0.000 0.000 0.000 -0.180 -0.328 -0.527 -0.742 -0.919 -1.000 -0.956 -0.804 -0.594 -0.386 -0.486 -0.702 -0.891 -0.994 
0.000 0.000 0.000 0.000 0.000 0.000 0.000 0.000 0.000 0.000 0.000 -0.127 -0.247 -0.423 -0.635 -0.839 -0.974 -0.994 -0.891 -0.702 -0.486 -0.386 -0.594 -0.804 -0.956 
0.000 0.000 0.000 0.000 0.000 0.000 0.000 0.000 0.000 0.000 0.000 0.000 -0.180 -0.328 -0.527 -0.742 -0.919 -1.000 -0.956 -0.804 -0.594 -0.386 -0.486 -0.702 -0.891 
0.000 0.000 0.000 0.000 0.000 0.000 0.000 0.000 0.000 0.000 0.000 0.000 -0.127 -0.247 -0.423 -0.635 -0.839 -0.974 -0.994 -0.891 -0.702 -0.486 -0.386 -0.594 -0.804 
0.000 0.000 0.000 0.000 0.000 0.000 0.000 0.000 0.000 0.000 0.000 0.000 0.000 -0.180 -0.328 -0.527 -0.742 -0.919 -1.000 -0.956 -0.804 -0.594 -0.386 -0.486 -0.702 
0.000 0.000 0.000 0.000 0.000 0.000 0.000 0.000 0.000 0.000 0.000 0.000 0.000 -0.127 -0.247 -0.423 -0.635 -0.839 -0.974 -0.994 -0.891 -0.702 -0.486 -0.386 -0.594 
0.000 0.000 0.000 0.000 0.000 0.000 0.000 0.000 0.000 0.000 0.000 0.000 0.000 0.000 -0.180 -0.328 -0.527 -0.742 -0.919 -1.000 -0.956 -0.804 -0.594 -0.386 -0.486 
0.000 0.000 0.000 0.000 0.000 0.000 0.000 0.000 0.000 0.000 0.000 0.000 0.000 0.000 -0.127 -0.247 -0.423 -0.635 -0.839 -0.974 -0.994 -0.891 -0.702 -0.486 -0.386 
0.000 0.000 0.000 0.000 0.000 0.000 0.000 0.000 0.000 0.000 0.000 0.000 0.000 0.000 0.000 -0.180 -0.328 -0.527 -0.742 -0.919 -1.000 -0.956 -0.804 -0.594 -0.386 
# 1 2 25 25
-0.339 -0.539 -0.754 -0.926 -1.000 -0.949 -0.792 -0.580 -0.374 -0.212 -0.105 0.000 0.000 0.000 0.000 0.000 0.000 0.000 0.000 0.000 0.000 0.000 0.000 0.000 0.000 
-0.539 -0.339 -0.539 -0.754 -0.926 -1.000 -0.949 -0.792 -0.580 -0.374 -0.212 -0.105 0.000 0.000 0.000 0.000 0.000 0.000 0.000 0.000 0.000 0.000 0.000 0.000 0.000 
-0.754 -0.539 -0.339 -0.539 -0.754 -0.926 -1.000 -0.949 -0.792 -0.580 -0.374 -0.212 -0.105 0.000 0.000 0.000 0.000 0.000 0.000 0.000 0.000 0.000 0.000 0.000 0.000 
-0.926 -0.754 -0.539 -0.339 -0.539 -0.754 -0.926 -1.000 -0.949 -0.792 -0.580 -0.374 -0.212 -0.105 0.000 0.000 0.000 0.000 0.000 0.000 0.000 0.000 0.000 0.000 0.000 
-1.000 -0.926 -0.754 -0.539 -0.339 -0.539 -0.754 -0.926 -1.000 -0.949 -0.792 -0.580 -0.374 -0.212 -0.105 0.000 0.000 0.000 0.000 0.000 0.000 0.000 0.000 0.000 0.000 
-0.949 -1.000 -0.926 -0.754 -0.539 -0.339 -0.539 -0.754 -0.926 -1.000 -0.949 -0.792 -0.580 -0.374 -0.212 -0.105 0.000 0.000 0.000 0.000 0.000 0.000 0.000 0.000 0.000 
-0.792 -0.949 -1.000 -0.926 -0.754 -0.539 -0.339 -0.539 -0.754 -0.926 -1.000 -0.949 -0.792 -0.580 -0.374 -0.212 -0.105 0.000 0.000 0.000 0.000 0.000 0.000 0.000 0.000 
-0.580 -0.792 -0.949 -1.000 -0.926 -0.754 -0.539 -0.339 -0.539 -0.754 -0.926 -1.000 -0.949 -0.792 -0.580 -0.374 -0.212 -0.105 0.000 0.000 0.000 0.000 0.000 0.000 0.000 
-0.374 -0.580 -0.792 -0.949 -1.000 -0.926 -0.754 -0.539 -0.339 -0.539 -0.754 -0.926 -1.000 -0.949 -0.792 -0.580 -0.374 -0.212 -0.105 0.000 0.000 0.000 0.000 0.000 0.000 
-0.212 -0.374 -0.580 -0.792 -0.949 -1.000 -0.926 -0.754 -0.539 -0.339 -0.539 -0.754 -0.926 -1.000 -0.949 -0.792 -0.580 -0.374 -0.212 -0.105 0.000 0.000 0.000 0.000 0.000 
-0.105 -0.212 -0.374 -0.580 -0.792 -0.949 -1.000 -0.926 -0.754 -0.539 -0.339 -0.539 -0.754 -0.926 -1.000 -0.949 -0.792 -0.580 -0.374 -0.212 -0.105 0.000 0.000 0.000 0.000 
0.000 -0.105 -0.212 -0.374 -0.580 -0.792 -0.949 -1.000 -0.926 -0.754 -0.539 -0.339 -0.539 -0.754 -0.926 -1.000 -0.949 -0.792 -0.580 -0.374 -0.212 -0.105 0.000 0.000 0.000 
0.000 0.000 -0.105 -0.212 -0.374 -0.580 -0.792 -0.949 -1.000 -0.926 -0.754 -0.539 -0.339 -0.539 -0.754 -0.926 -1.000 -0.949 -0.792 -0.580 -0.374 -0.212 -0.105 0.000 0.000 
0.000 0.000 0.000 -0.105 -0.212 -0.374 -0.580 -0.792 -0.949 -1.000 -0.926 -0.754 -0.539 -0.339 -0.539 -0.754 -0.926 -1.000 -0.949 -0.792 -0.580 -0.374 -0.212 -0.105 0.000 
0.000 0.000 0.000 0.000 -0.105 -0.212 -0.374 -0.580 -0.792 -0.949 -1.000 -0.926 -0.754 -0.539 -0.339 -0.539 -0.754 -0.926 -1.000 -0.949 -0.792 -0.580 -0.374 -0.212 -0.105 
0.000 0.000 0.000 0.000 0.000 -0.105 -0.212 -0.374 -0.580 -0.792 -0.949 -1.000 -0.926 -0.754 -0.539 -0.339 -0.539 -0.754 -0.926 -1.000 -0.949 -0.792 -0.580 -0.374 -0.212 
0.000 0.000 0.000 0.000 0.000 0.000 -0.105 -0.212 -0.374 -0.580 -0.792 -0.949 -1.000 -0.926 -0.754 -0.539 -0.339 -0.539 -0.754 -0.926 -1.000 -0.949 -0.792 -0.580 -0.374 
0.000 0.000 0.000 0.000 0.000 0.000 0.000 -0.105 -0.212 -0.374 -0.580 -0.792 -0.949 -1.000 -0.926 -0.754 -0.539 -0.339 -0.539 -0.754 -0.926 -1.000 -0.949 -0.792 -0.580 
0.000 0.000 0.000 0.000 0.000 0.000 0.000 0.000 -0.105 -0.212 -0.374 -0.580 -0.792 -0.949 -1.000 -0.926 -0.754 -0.539 -0.339 -0.539 -0.754 -0.926 -1.000 -0.949 -0.792 
0.000 0.000 0.000 0.000 0.000 0.000 0.000 0.000 0.000 -0.105 -0.212 -0.374 -0.580 -0.792 -0.949 -1.000 -0.926 -0.754 -0.539 -0.339 -0.539 -0.754 -0.926 -1.000 -0.949 
0.000 0.000 0.000 0.000 0.000 0.000 0.000 0.000 0.000 0.000 -0.105 -0.212 -0.374 -0.580 -0.792 -0.949 -1.000 -0.926 -0.754 -0.539 -0.339 -0.539 -0.754 -0.926 -1.000 
0.000 0.000 0.000 0.000 0.000 0.000 0.000 0.000 0.000 0.000 0.000 -0.105 -0.212 -0.374 -0.580 -0.792 -0.949 -1.000 -0.926 -0.754 -0.539 -0.339 -0.539 -0.754 -0.926 
0.000 0.000 0.000 0.000 0.000 0.000 0.000 0.000 0.000 0.000 0.000 0.000 -0.105 -0.212 -0.374 -0.580 -0.792 -0.949 -1.000 -0.926 -0.754 -0.539 -0.339 -0.539 -0.754 
0.000 0.000 0.000 0.000 0.000 0.000 0.000 0.000 0.000 0.000 0.000 0.000 0.000 -0.105 -0.212 -0.374 -0.580 -0.792 -0.949 -1.000 -0.926 -0.754 -0.539 -0.339 -0.539 
0.000 0.000 0.000 0.000 0.000 0.000 0.000 0.000 0.000 0.000 0.000 0.000 0.000 0.000 -0.105 -0.212 -0.374 -0.580 -0.792 -0.949 -1.000 -0.926 -0.754 -0.539 -0.339 
# 1 3 23 25
-0.346 -0.529 -0.744 -0.920 -0.999 -0.953 -0.799 -0.589 -0.382 -0.217 -0.109 0.000 0.000 0.000 0.000 0.000 0.000 0.000 0.000 0.000 0.000 0.000 0.000 0.000 0.000 
-0.567 -0.362 -0.511 -0.726 -0.908 -0.997 -0.962 -0.816 -0.608 -0.398 -0.229 -0.116 0.000 0.000 0.000 0.000 0.000 0.000 0.000 0.000 0.000 0.000 0.000 0.000 0.000 
-0.796 -0.586 -0.379 -0.492 -0.708 -0.895 -0.994 -0.970 -0.832 -0.627 -0.416 -0.242 -0.124 0.000 0.000 0.000 0.000 0.000 0.000 0.000 0.000 0.000 0.000 0.000 0.000 
-0.960 -0.813 -0.605 -0.395 -0.474 -0.690 -0.881 -0.990 -0.977 -0.848 -0.646 -0.433 -0.255 -0.132 0.000 0.000 0.000 0.000 0.000 0.000 0.000 0.000 0.000 0.000 0.000 
-0.994 -0.969 -0.829 -0.624 -0.412 -0.456 -0.671 -0.867 -0.985 -0.983 -0.862 -0.665 -0.451 -0.268 -0.140 0.000 0.000 0.000 0.000 0.000 0.000 0.000 0.000 0.000 0.000 
-0.884 -0.991 -0.976 -0.845 -0.643 -0.430 -0.438 -0.652 -0.852 -0.979 -0.988 -0.877 -0.684 -0.468 -0.282 -0.149 0.000 0.000 0.000 0.000 0.000 0.000 0.000 0.000 0.000 
-0.674 -0.870 -0.986 -0.982 -0.860 -0.661 -0.447 -0.421 -0.633 -0.837 -0.972 -0.993 -0.891 -0.702 -0.487 -0.296 -0.159 0.000 0.000 0.000 0.000 0.000 0.000 0.000 0.000 
-0.442 -0.656 -0.855 -0.980 -0.987 -0.874 -0.680 -0.465 -0.404 -0.614 -0.821 -0.965 -0.996 -0.904 -0.721 -0.505 -0.311 -0.168 0.000 0.000 0.000 0.000 0.000 0.000 0.000 
-0.248 -0.424 -0.637 -0.840 -0.974 -0.992 -0.888 -0.699 -0.483 -0.387 -0.595 -0.805 -0.956 -0.998 -0.916 -0.739 -0.523 -0.326 -0.178 0.000 0.000 0.000 0.000 0.000 0.000 
-0.120 -0.236 -0.407 -0.618 -0.824 -0.966 -0.995 -0.901 -0.717 -0.502 -0.370 -0.576 -0.788 -0.947 -1.000 -0.928 -0.756 -0.542 -0.341 -0.189 0.000 0.000 0.000 0.000 0.000 
0.000 -0.112 -0.223 -0.390 -0.599 -0.808 -0.958 -0.998 -0.914 -0.735 -0.520 -0.354 -0.557 -0.771 -0.936 -1.000 -0.938 -0.774 -0.561 -0.357 -0.200 0.000 0.000 0.000 0.000 
0.000 0.000 -0.105 -0.211 -0.374 -0.580 -0.791 -0.948 -0.999 -0.925 -0.753 -0.539 -0.339 -0.539 -0.753 -0.925 -0.999 -0.948 -0.791 -0.580 -0.374 -0.211 -0.105 0.000 0.000 
0.000 0.000 0.000 0.000 -0.200 -0.357 -0.561 -0.774 -0.938 -1.000 -0.936 -0.771 -0.557 -0.354 -0.520 -0.735 -0.914 -0.998 -0.958 -0.808 -0.599 -0.390 -0.223 -0.112 0.000 
0.000 0.000 0.000 0.000 0.000 -0.189 -0.341 -0.542 -0.756 -0.928 -1.000 -0.947 -0.788 -0.576 -0.370 -0.502 -0.717 -0.901 -0.995 -0.966 -0.824 -0.618 -0.407 -0.236 -0.120 
0.000 0.000 0.000 0.000 0.000 0.000 -0.178 -0.326 -0.523 -0.739 -0.916 -0.998 -0.956 -0.805 -0.595 -0.387 -0.483 -0.699 -0.888 -0.992 -0.974 -0.840 -0.637 -0.424 -0.248 
0.000 0.000 0.000 0.000 0.000 0.000 0.000 -0.168 -0.311 -0.505 -0.721 -0.904 -0.996 -0.965 -0.821 -0.614 -0.404 -0.465 -0.680 -0.874 -0.987 -0.980 -0.855 -0.656 -0.442 
0.000 0.000 0.000 0.000 0.000 0.000 0.000 0.000 -0.159 -0.296 -0.487 -0.702 -0.891 -0.993 -0.972 -0.837 -0.633 -0.421 -0.447 -0.661 -0.860 -0.982 -0.986 -0.870 -0.674 
0.000 0.000 0.000 0.000 0.000 0.000 0.000 0.000 0.000 -0.149 -0.282 -0.468 -0.684 -0.877 -0.988 -0.979 -0.852 -0.652 -0.438 -0.430 -0.643 -0.845 -0.976 -0.991 -0.884 
0.000 0.000 0.000 0.000 0.000 0.000 0.000 0.000 0.000 0.000 -0.140 -0.268 -0.451 -0.665 -0.862 -0.983 -0.985 -0.867 -0.671 -0.456 -0.412 -0.624 -0.829 -0.969 -0.994 
0.000 0.000 0.000 0.000 0.000 0.000 0.000 0.000 0.000 0.000 0.000 -0.132 -0.255 -0.433 -0.646 -0.848 -0.977 -0.990 -0.881 -0.690 -0.474 -0.395 -0.605 -0.813 -0.960 
0.000 0.000 0.000 0.000 0.000 0.000 0.000 0.000 0.000 0.000 0.000 0.000 -0.124 -0.242 -0.416 -0.627 -0.832 -0.970 -0.994 -0.895 -0.708 -0.492 -0.379 -0.586 -0.796 
0.000 0.000 0.000 0.000 0.000 0.000 0.000 0.000 0.000 0.000 0.000 0.000 0.000 -0.116 -0.229 -0.398 -0.608 -0.816 -0.962 -0.997 -0.908 -0.726 -0.511 -0.362 -0.567 
0.000 0.000 0.000 0.000 0.000 0.000 0.000 0.000 0.000 0.000 0.000 0.000 0.000 0.000 -0.109 -0.217 -0.382 -0.589 -0.799 -0.953 -0.999 -0.920 -0.744 -0.529 -0.346 
# 2 0 50 25
-0.378 -0.587 -0.800 -0.955 -1.000 -0.918 -0.739 -0.522 -0.323 -0.175 0.000 0.000 0.000 0.000 0.000 0.000 0.000 0.000 0.000 0.000 0.000 0.000 0.000 0.000 0.000 
-0.378 -0.479 -0.697 -0.888 -0.993 -0.974 -0.837 -0.631 -0.417 -0.242 -0.123 0.000 0.000 0.000 0.000 0.000 0.000 0.000 0.000 0.000 0.000 0.000 0.000 0.000 0.000 
-0.479 -0.378 -0.587 -0.800 -0.955 -1.000 -0.918 -0.739 -0.522 -0.323 -0.175 0.000 0.000 0.000 0.000 0.000 0.000 0.000 0.000 0.000 0.000 0.000 0.000 0.000 0.000 
-0.587 -0.378 -0.479 -0.697 -0.888 -0.993 -0.974 -0.837 -0.631 -0.417 -0.242 -0.123 0.000 0.000 0.000 0.000 0.000 0.000 0.000 0.000 0.000 0.000 0.000 0.000 0.000 
-0.697 -0.479 -0.378 -0.587 -0.800 -0.955 -1.000 -0.918 -0.739 -0.522 -0.323 -0.175 0.000 0.000 0.000 0.000 0.000 0.000 0.000 0.000 0.000 0.000 0.000 0.000 0.000 
-0.800 -0.587 -0.378 -0.479 -0.697 -0.888 -0.993 -0.974 -0.837 -0.631 -0.417 -0.242 -0.123 0.000 0.000 0.000 0.000 0.000 0.000 0.000 0.000 0.000 0.000 0.000 0.000 
-0.888 -0.697 -0.479 -0.378 -0.587 -0.800 -0.955 -1.000 -0.918 -0.739 -0.522 -0.323 -0.175 0.000 0.000 0.000 0.000 0.000 0.000 0.000 0.000 0.000 0.000 0.000 0.000 
-0.955 -0.800 -0.587 -0.378 -0.479 -0.697 -0.888 -0.993 -0.974 -0.837 -0.631 -0.417 -0.242 -0.123 0.000 0.000 0.000 0.000 0.000 0.000 0.000 0.000 0.000 0.000 0.000 
-0.993 -0.888 -0.697 -0.479 -0.378 -0.587 -0.800 -0.955 -1.000 -0.918 -0.739 -0.522 -0.323 -0.175 0.000 0.000 0.000 0.000 0.000 0.000 0.000 0.000 0.000 0.000 0.000 
-1.000 -0.955 -0.800 -0.587 -0.378 -0.479 -0.697 -0.888 -0.993 -0.974 -0.837 -0.631 -0.417 -0.242 -0.123 0.000 0.000 0.000 0.000 0.000 0.000 0.000 0.000 0.000 0.000 
-0.974 -0.993 -0.888 -0.697 -0.479 -0.378 -0.587 -0.800 -0.955 -1.000 -0.918 -0.739 -0.522 -0.323 -0.175 0.000 0.000 0.000 0.000 0.000 0.000 0.000 0.000 0.000 0.000 
-0.918 -1.000 -0.955 -0.800 -0.587 -0.378 -0.479 -0.697 -0.888 -0.993 -0.974 -0.837 -0.631 -0.417 -0.242 -0.123 0.000 0.000 0.000 0.000 0.000 0.000 0.000 0.000 0.000 
-0.837 -0.974 -0.993 -0.888 -0.697 -0.479 -0.378 -0.587 -0.800 -0.955 -1.000 -0.918 -0.739 -0.522 -0.323 -0.175 0.000 0.000 0.000 0.000 0.000 0.000 0.000 0.000 0.000 
-0.739 -0.918 -1.000 -0.955 -0.800 -0.587 -0.378 -0.479 -0.697 -0.888 -0.993 -0.974 -0.837 -0.631 -0.417 -0.242 -0.123 0.000 0.000 0.000 0.000 0.000 0.000 0.000 0.000 
-0.631 -0.837 -0.974 -0.993 -0.888 -0.697 -0.479 -0.378 -0.587 -0.800 -0.955 -1.000 -0.918 -0.739 -0.522 -0.323 -0.175 0.000 0.000 0.000 0.000 0.000 0.000 0.000 0.000 
-0.522 -0.739 -0.918 -1.000 -0.955 -0.800 -0.587 -0.378 -0.479 -0.697 -0.888 -0.993 -0.974 -0.837 -0.631 -0.417 -0.242 -0.123 0.000 0.000 0.000 0.000 0.000 0.000 0.000 
-0.417 -0.631 -0.837 -0.974 -0.993 -0.888 -0.697 -0.479 -0.378 -0.587 -0.800 -0.955 -1.000 -0.918 -0.739 -0.522 -0.323 -0.175 0.000 0.000 0.000 0.000 0.000 0.000 0.000 
-0.323 -0.522 -0.739 -0.918 -1.000 -0.955 -0.800 -0.587 -0.378 -0.479 -0.697 -0.888 -0.993 -0.974 -0.837 -0.631 -0.417 -0.242 -0.123 0.000 0.000 0.000 0.000 0.000 0.000 
-0.242 -0.417 -0.631 -0.837 -0.974 -0.993 -0.888 -0.697 -0.479 -0.378 -0.587 -0.800 -0.955 -1.000 -0.918 -0.739 -0.522 -0.323 -0.175 0.000 0.000 0.000 0.000 0.000 0.000 
-0.175 -0.323 -0.522 -0.739 -0.918 -1.000 -0.955 -0.800 -0.587 -0.378 -0.479 -0.697 -0.888 -0.993 -0.974 -0.837 -0.631 -0.417 -0.242 -0.123 0.000 0.000 0.000 0.000 0.000 
-0.123 -0.242 -0.417 -0.631 -0.837 -0.974 -0.993 -0.888 -0.697 -0.479 -0.378 -0.587 -0.800 -0.955 -1.000 -0.918 -0.739 -0.522 -0.323 -0.175 0.000 0.000 0.000 0.000 0.000 
0.000 -0.175 -0.323 -0.522 -0.739 -0.918 -1.000 -0.955 -0.800 -0.587 -0.378 -0.479 -0.697 -0.888 -0.993 -0.974 -0.837 -0.631 -0.417 -0.242 -0.123 0.000 0.000 0.000 0.000 
0.000 -0.123 -0.242 -0.417 -0.631 -0.837 -0.974 -0.993 -0.888 -0.697 -0.479 -0.378 -0.587 -0.800 -0.955 -1.000 -0.918 -0.739 -0.522 -0.323 -0.175 0.000 0.000 0.000 0.000 
0.000 0.000 -0.175 -0.323 -0.522 -0.739 -0.918 -1.000 -0.955 -0.800 -0.587 -0.378 -0.479 -0.697 -0.888 -0.993 -0.974 -0.837 -0.631 -0.417 -0.242 -0.123 0.000 0.000 0.000 
0.000 0.000 -0.123 -0.242 -0.417 -0.631 -0.837 -0.974 -0.993 -0.888 -0.697 -0.479 -0.378 -0.587 -0.800 -0.955 -1.000 -0.918 -0.739 -0.522 -0.323 -0.175 0.000 0.000 0.000 
0.000 0.000 0.000 -0.175 -0.323 -0.522 -0.739 -0.918 -1.000 -0.955 -0.800 -0.587 -0.378 -0.479 -0.697 -0.888 -0.993 -0.974 -0.837 -0.631 -0.417 -0.242 -0.123 0.000 0.000 
0.000 0.000 0.000 -0.123 -0.242 -0.417 -0.631 -0.837 -0.974 -0.993 -0.888 -0.697 -0.479 -0.378 -0.587 -0.800 -0.955 -1.000 -0.918 -0.739 -0.522 -0.323 -0.175 0.000 0.000 
0.000 0.000 0.000 0.000 -0.175 -0.323 -0.522 -0.739 -0.918 -1.000 -0.955 -0.800 -0.587 -0.378 -0.479 -0.697 -0.888 -0.993 -0.974 -0.837 -0.631 -0.417 -0.242 -0.123 0.000 
0.000 0.000 0.000 0.000 -0.123 -0.242 -0.417 -0.631 -0.837 -0.974 -0.993 -0.888 -0.697 -0.479 -0.378 -0.587 -0.800 -0.955 -1.000 -0.918 -0.739 -0.522 -0.323 -0.175 0.000 
0.000 0.000 0.000 0.000 0.000 -0.175 -0.323 -0.522 -0.739 -0.918 -1.000 -0.955 -0.800 -0.587 -0.378 -0.479 -0.697 -0.888 -0.993 -0.974 -0.837 -0.631 -0.417 -0.242 -0.123 
0.000 0.000 0.000 0.000 0.000 -0.123 -0.242 -0.417 -0.631 -0.837 -0.974 -0.993 -0.888 -0.697 -0.479 -0.378 -0.587 -0.800 -0.955 -1.000 -0.918 -0.739 -0.522 -0.323 -0.175 
0.000 0.000 0.000 0.000 0.000 0.000 -0.175 -0.323 -0.522 -0.739 -0.918 -1.000 -0.955 -0.800 -0.587 -0.378 -0.479 -0.697 -0.888 -0.993 -0.974 -0.837 -0.631 -0.417 -0.242 
0.000 0.000 0.000 0.000 0.000 0.000 -0.123 -0.242 -0.417 -0.631 -0.837 -0.974 -0.993 -0.888 -0.697 -0.479 -0.378 -0.587 -0.800 -0.955 -1.000 -0.918 -0.739 -0.522 -0.323 
0.000 0.000 0.000 0.000 0.000 0.000 0.000 -0.175 -0.323 -0.522 -0.739 -0.918 -1.000 -0.955 -0.800 -0.587 -0.378 -0.479 -0.697 -0.888 -0.993 -0.974 -0.837 -0.631 -0.417 
0.000 0.000 0.000 0.000 0.000 0.000 0.000 -0.123 -0.242 -0.417 -0.631 -0.837 -0.974 -0.993 -0.888 -0.697 -0.479 -0.378 -0.587 -0.800 -0.955 -1.000 -0.918 -0.739 -0.522 
0.000 0.000 0.000 0.000 0.000 0.000 0.000 0.000 -0.175 -0.323 -0.522 -0.739 -0.918 -1.000 -0.955 -0.800 -0.587 -0.378 -0.479 -0.697 -0.888 -0.993 -0.974 -0.837 -0.631 
0.000 0.000 0.000 0.000 0.000 0.000 0.000 0.000 -0.123 -0.242 -0.417 -0.631 -0.837 -0.974 -0.993 -0.888 -0.697 -0.479 -0.378 -0.587 -0.800 -0.955 -1.000 -0.918 -0.739 
0.000 0.000 0.000 0.000 0.000 0.000 0.000 0.000 0.000 -0.175 -0.323 -0.522 -0.739 -0.918 -1.000 -0.955 -0.800 -0.587 -0.378 -0.479 -0.697 -0.888 -0.993 -0.974 -0.837 
0.000 0.000 0.000 0.000 0.000 0.000 0.000 0.000 0.000 -0.123 -0.242 -0.417 -0.631 -0.837 -0.974 -0.993 -0.888 -0.697 -0.479 -0.378 -0.587 -0.800 -0.955 -1.000 -0.918 
0.000 0.000 0.000 0.000 0.000 0.000 0.000 0.000 0.000 0.000 -0.175 -0.323 -0.522 -0.739 -0.918 -1.000 -0.955 -0.800 -0.587 -0.378 -0.479 -0.697 -0.888 -0.993 -0.974 
0.000 0.000 0.000 0.000 0.000 0.000 0.000 0.000 0.000 0.000 -0.123 -0.242 -0.417 -0.631 -0.837 -0.974 -0.993 -0.888 -0.697 -0.479 -0.378 -0.587 -0.800 -0.955 -1.000 
0.000 0.000 0.000 0.000 0.000 0.000 0.000 0.000 0.000 0.000 0.000 -0.175 -0.323 -0.522 -0.739 -0.918 -1.000 -0.955 -0.800 -0.587 -0.378 -0.479 -0.697 -0.888 -0.993 
0.000 0.000 0.000 0.000 0.000 0.000 0.000 0.000 0.000 0.000 0.000 -0.123 -0.242 -0.417 -0.631 -0.837 -0.974 -0.993 -0.888 -0.697 -0.479 -0.378 -0.587 -0.800 -0.955 
0.000 0.000 0.000 0.000 0.000 0.000 0.000 0.000 0.000 0.000 0.000 0.000 -0.175 -0.323 -0.522 -0.739 -0.918 -1.000 -0.955 -0.800 -0.587 -0.378 -0.479 -0.697 -0.888 
0.000 0.000 0.000 0.000 0.000 0.000 0.000 0.000 0.000 0.000 0.000 0.000 -0.123 -0.242 -0.417 -0.631 -0.837 -0.974 -0.993 -0.888 -0.697 -0.479 -0.378 -0.587 -0.800 
0.000 0.000 0.000 0.000 0.000 0.000 0.000 0.000 0.000 0.000 0.000 0.000 0.000 -0.175 -0.323 -0.522 -0.739 -0.918 -1.000 -0.955 -0.800 -0.587 -0.378 -0.479 -0.697 
0.000 0.000 0.000 0.000 0.000 0.000 0.000 0.000 0.000 0.000 0.000 0.000 0.000 -0.123 -0.242 -0.417 -0.631 -0.837 -0.974 -0.993 -0.888 -0.697 -0.479 -0.378 -0.587 
0.000 0.000 0.000 0.000 0.000 0.000 0.000 0.000 0.000 0.000 0.000 0.000 0.000 0.000 -0.175 -0.323 -0.522 -0.739 -0.918 -1.000 -0.955 -0.800 -0.587 -0.378 -0.479 
0.000 0.000 0.000 0.000 0.000 0.000 0.000 0.000 0.000 0.000 0.000 0.000 0.000 0.000 -0.123 -0.242 -0.417 -0.631 -0.837 -0.974 -0.993 -0.888 -0.697 -0.479 -0.378 
0.000 0.000 0.000 0.000 0.000 0.000 0.000 0.000 0.000 0.000 0.000 0.000 0.000 0.000 0.000 -0.175 -0.323 -0.522 -0.739 -0.918 -1.000 -0.955 -0.800 -0.587 -0.378 
# 2 1 25 25
-0.331 -0.532 -0.749 -0.924 -1.000 -0.949 -0.789 -0.576 -0.368 -0.206 -0.102 0.000 0.000 0.000 0.000 0.000 0.000 0.000 0.000 0.000 0.000 0.000 0.000 0.000 0.000 
-0.532 -0.331 -0.532 -0.749 -0.924 -1.000 -0.949 -0.789 -0.576 -0.368 -0.206 -0.102 0.000 0.000 0.000 0.000 0.000 0.000 0.000 0.000 0.000 0.000 0.000 0.000 0.000 
-0.749 -0.532 -0.331 -0.532 -0.749 -0.924 -1.000 -0.949 -0.789 -0.576 -0.368 -0.206 -0.102 0.000 0.000 0.000 0.000 0.000 0.000 0.000 0.000 0.000 0.000 0.000 0.000 
-0.924 -0.749 -0.532 -0.331 -0.532 -0.749 -0.924 -1.000 -0.949 -0.789 -0.576 -0.368 -0.206 -0.102 0.000 0.000 0.000 0.000 0.000 0.000 0.000 0.000 0.000 0.000 0.000 
-1.000 -0.924 -0.749 -0.532 -0.331 -0.532 -0.749 -0.924 -1.000 -0.949 -0.789 -0.576 -0.368 -0.206 -0.102 0.000 0.000 0.000 0.000 0.000 0.000 0.000 0.000 0.000 0.000 
-0.949 -1.000 -0.924 -0.749 -0.532 -0.331 -0.532 -0.749 -0.924 -1.000 -0.949 -0.789 -0.576 -0.368 -0.206 -0.102 0.000 0.000 0.000 0.000 0.000 0.000 0.000 0.000 0.000 
-0.789 -0.949 -1.000 -0.924 -0.749 -0.532 -0.331 -0.532 -0.749 -0.924 -1.000 -0.949 -0.789 -0.576 -0.368 -0.206 -0.102 0.000 0.000 0.000 0.000 0.000 0.000 0.000 0.000 
-0.576 -0.789 -0.949 -1.000 -0.924 -0.749 -0.532 -0.331 -0.532 -0.749 -0.924 -1.000 -0.949 -0.789 -0.576 -0.368 -0.206 -0.102 0.000 0.000 0.000 0.000 0.000 0.000 0.000 
-0.368 -0.576 -0.789 -0.949 -1.000 -0.924 -0.749 -0.532 -0.331 -0.532 -0.749 -0.924 -1.000 -0.949 -0.789 -0.576 -0.368 -0.206 -0.102 0.000 0.000 0.000 0.000 0.000 0.000 
-0.206 -0.368 -0.576 -0.789 -0.949 -1.000 -0.924 -0.749 -0.532 -0.331 -0.532 -0.749 -0.924 -1.000 -0.949 -0.789 -0.576 -0.368 -0.206 -0.102 0.000 0.000 0.000 0.000 0.000 
-0.102 -0.206 -0.368 -0.576 -0.789 -0.949 -1.000 -0.924 -0.749 -0.532 -0.331 -0.532 -0.749 -0.924 -1.000 -0.949 -0.789 -0.576 -0.368 -0.206 -0.102 0.000 0.000 0.000 0.000 
0.000 -0.102 -0.206 -0.368 -0.576 -0.789 -0.949 -1.000 -0.924 -0.749 -0.532 -0.331 -0.532 -0.749 -0.924 -1.000 -0.949 -0.789 -0.576 -0.368 -0.206 -0.102 0.000 0.000 0.000 
0.000 0.000 -0.102 -0.206 -0.368 -0.576 -0.789 -0.949 -1.000 -0.924 -0.749 -0.532 -0.331 -0.532 -0.749 -0.924 -1.000 -0.949 -0.789 -0.576 -0.368 -0.206 -0.102 0.000 0.000 
0.000 0.000 0.000 -0.102 -0.206 -0.368 -0.576 -0.789 -0.949 -1.000 -0.924 -0.749 -0.532 -0.331 -0.532 -0.749 -0.924 -1.000 -0.949 -0.789 -0.576 -0.368 -0.206 -0.102 0.000 
0.000 0.000 0.000 0.000 -0.102 -0.206 -0.368 -0.576 -0.789 -0.949 -1.000 -0.924 -0.749 -0.532 -0.331 -0.532 -0.749 -0.924 -1.000 -0.949 -0.789 -0.576 -0.368 -0.206 -0.102 
0.000 0.000 0.000 0.000 0.000 -0.102 -0.206 -0.368 -0.576 -0.789 -0.949 -1.000 -0.924 -0.749 -0.532 -0.331 -0.532 -0.749 -0.924 -1.000 -0.949 -0.789 -0.576 -0.368 -0.206 
0.000 0.000 0.000 0.000 0.000 0.000 -0.102 -0.206 -0.368 -0.576 -0.789 -0.949 -1.000 -0.924 -0.749 -0.532 -0.331 -0.532 -0.749 -0.924 -1.000 -0.949 -0.789 -0.576 -0.368 
0.000 0.000 0.000 0.000 0.000 0.000 0.000 -0.102 -0.206 -0.368 -0.576 -0.789 -0.949 -1.000 -0.924 -0.749 -0.532 -0.331 -0.532 -0.749 -0.924 -1.000 -0.949 -0.789 -0.576 
0.000 0.000 0.000 0.000 0.000 0.000 0.000 0.000 -0.102 -0.206 -0.368 -0.576 -0.789 -0.949 -1.000 -0.924 -0.749 -0.532 -0.331 -0.532 -0.749 -0.924 -1.000 -0.949 -0.789 
0.000 0.000 0.000 0.000 0.000 0.000 0.000 0.000 0.000 -0.102 -0.206 -0.368 -0.576 -0.789 -0.949 -1.000 -0.924 -0.749 -0.532 -0.331 -0.532 -0.749 -0.924 -1.000 -0.949 
0.000 0.000 0.000 0.000 0.000 0.000 0.000 0.000 0.000 0.000 -0.102 -0.206 -0.368 -0.576 -0.789 -0.949 -1.000 -0.924 -0.749 -0.532 -0.331 -0.532 -0.749 -0.924 -1.000 
0.000 0.000 0.000 0.000 0.000 0.000 0.000 0.000 0.000 0.000 0.000 -0.102 -0.206 -0.368 -0.576 -0.789 -0.949 -1.000 -0.924 -0.749 -0.532 -0.331 -0.532 -0.749 -0.924 
0.000 0.000 0.000 0.000 0.000 0.000 0.000 0.000 0.000 0.000 0.000 0.000 -0.102 -0.206 -0.368 -0.576 -0.789 -0.949 -1.000 -0.924 -0.749 -0.532 -0.331 -0.532 -0.749 
0.000 0.000 0.000 0.000 0.000 0.000 0.000 0.000 0.000 0.000 0.000 0.000 0.000 -0.102 -0.206 -0.368 -0.576 -0.789 -0.949 -1.000 -0.924 -0.749 -0.532 -0.331 -0.532 
0.000 0.000 0.000 0.000 0.000 0.000 0.000 0.000 0.000 0.000 0.000 0.000 0.000 0.000 -0.102 -0.206 -0.368 -0.576 -0.789 -0.949 -1.000 -0.924 -0.749 -0.532 -0.331 
# 2 3 23 25
-0.339 -0.522 -0.739 -0.918 -0.999 -0.953 -0.797 -0.585 -0.376 -0.212 -0.105 0.000 0.000 0.000 0.000 0.000 0.000 0.000 0.000 0.000 0.000 0.000 0.000 0.000 0.000 
-0.560 -0.355 -0.504 -0.721 -0.905 -0.997 -0.962 -0.814 -0.604 -0.393 -0.224 -0.112 0.000 0.000 0.000 0.000 0.000 0.000 0.000 0.000 0.000 0.000 0.000 0.000 0.000 
-0.792 -0.579 -0.371 -0.485 -0.703 -0.892 -0.993 -0.970 -0.830 -0.623 -0.410 -0.237 -0.120 0.000 0.000 0.000 0.000 0.000 0.000 0.000 0.000 0.000 0.000 0.000 0.000 
-0.959 -0.809 -0.598 -0.388 -0.467 -0.684 -0.878 -0.989 -0.977 -0.846 -0.642 -0.427 -0.250 -0.128 0.000 0.000 0.000 0.000 0.000 0.000 0.000 0.000 0.000 0.000 0.000 
-0.994 -0.968 -0.825 -0.617 -0.405 -0.449 -0.665 -0.864 -0.984 -0.983 -0.861 -0.661 -0.445 -0.263 -0.136 0.000 0.000 0.000 0.000 0.000 0.000 0.000 0.000 0.000 0.000 
-0.883 -0.991 -0.975 -0.841 -0.636 -0.422 -0.431 -0.646 -0.849 -0.978 -0.988 -0.876 -0.680 -0.463 -0.277 -0.145 0.000 0.000 0.000 0.000 0.000 0.000 0.000 0.000 0.000 
-0.671 -0.868 -0.986 -0.981 -0.857 -0.656 -0.440 -0.414 -0.627 -0.833 -0.971 -0.993 -0.889 -0.699 -0.481 -0.291 -0.154 0.000 0.000 0.000 0.000 0.000 0.000 0.000 0.000 
-0.436 -0.652 -0.854 -0.980 -0.987 -0.871 -0.674 -0.458 -0.396 -0.608 -0.817 -0.964 -0.996 -0.903 -0.717 -0.500 -0.305 -0.164 0.000 0.000 0.000 0.000 0.000 0.000 0.000 
-0.243 -0.419 -0.633 -0.838 -0.974 -0.991 -0.885 -0.693 -0.476 -0.380 -0.589 -0.801 -0.955 -0.998 -0.915 -0.736 -0.519 -0.320 -0.174 0.000 0.000 0.000 0.000 0.000 0.000 
-0.116 -0.230 -0.401 -0.614 -0.822 -0.966 -0.995 -0.899 -0.712 -0.494 -0.363 -0.570 -0.784 -0.945 -1.000 -0.927 -0.754 -0.537 -0.336 -0.184 0.000 0.000 0.000 0.000 0.000 
0.000 -0.108 -0.218 -0.385 -0.594 -0.806 -0.957 -0.998 -0.912 -0.730 -0.513 -0.347 -0.551 -0.766 -0.935 -1.000 -0.938 -0.771 -0.556 -0.352 -0.195 0.000 0.000 0.000 0.000 
0.000 0.000 -0.101 -0.206 -0.368 -0.575 -0.789 -0.948 -0.999 -0.924 -0.748 -0.532 -0.331 -0.532 -0.748 -0.924 -0.999 -0.948 -0.789 -0.575 -0.368 -0.206 -0.101 0.000 0.000 
0.000 0.000 0.000 0.000 -0.195 -0.352 -0.556 -0.771 -0.938 -1.000 -0.935 -0.766 -0.551 -0.347 -0.513 -0.730 -0.912 -0.998 -0.957 -0.806 -0.594 -0.385 -0.218 -0.108 0.000 
0.000 0.000 0.000 0.000 0.000 -0.184 -0.336 -0.537 -0.754 -0.927 -1.000 -0.945 -0.784 -0.570 -0.363 -0.494 -0.712 -0.899 -0.995 -0.966 -0.822 -0.614 -0.401 -0.230 -0.116 
0.000 0.000 0.000 0.000 0.000 0.000 -0.174 -0.320 -0.519 -0.736 -0.915 -0.998 -0.955 -0.801 -0.589 -0.380 -0.476 -0.693 -0.885 -0.991 -0.974 -0.838 -0.633 -0.419 -0.243 
0.000 0.000 0.000 0.000 0.000 0.000 0.000 -0.164 -0.305 -0.500 -0.717 -0.903 -0.996 -0.964 -0.817 -0.608 -0.396 -0.458 -0.674 -0.871 -0.987 -0.980 -0.854 -0.652 -0.436 
0.000 0.000 0.000 0.000 0.000 0.000 0.000 0.000 -0.154 -0.291 -0.481 -0.699 -0.889 -0.993 -0.971 -0.833 -0.627 -0.414 -0.440 -0.656 -0.857 -0.981 -0.986 -0.868 -0.671 
0.000 0.000 0.000 0.000 0.000 0.000 0.000 0.000 0.000 -0.145 -0.277 -0.463 -0.680 -0.876 -0.988 -0.978 -0.849 -0.646 -0.431 -0.422 -0.636 -0.841 -0.975 -0.991 -0.883 
0.000 0.000 0.000 0.000 0.000 0.000 0.000 0.000 0.000 0.000 -0.136 -0.263 -0.445 -0.661 -0.861 -0.983 -0.984 -0.864 -0.665 -0.449 -0.405 -0.617 -0.825 -0.968 -0.994 
0.000 0.000 0.000 0.000 0.000 0.000 0.000 0.000 0.000 0.000 0.000 -0.128 -0.250 -0.427 -0.642 -0.846 -0.977 -0.989 -0.878 -0.684 -0.467 -0.388 -0.598 -0.809 -0.959 
0.000 0.000 0.000 0.000 0.000 0.000 0.000 0.000 0.000 0.000 0.000 0.000 -0.120 -0.237 -0.410 -0.623 -0.830 -0.970 -0.993 -0.892 -0.703 -0.485 -0.371 -0.579 -0.792 
0.000 0.000 0.000 0.000 0.000 0.000 0.000 0.000 0.000 0.000 0.000 0.000 0.000 -0.112 -0.224 -0.393 -0.604 -0.814 -0.962 -0.997 -0.905 -0.721 -0.504 -0.355 -0.560 
0.000 0.000 0.000 0.000 0.000 0.000 0.000 0.000 0.000 0.000 0.000 0.000 0.000 0.000 -0.105 -0.212 -0.376 -0.585 -0.797 -0.953 -0.999 -0.918 -0.739 -0.522 -0.339 
# 3 0 50 23
-0.276 -0.454 -0.663 -0.856 -0.979 -0.990 -0.887 -0.703 -0.493 -0.306 -0.168 0.000 0.000 0.000 0.000 0.000 0.000 0.000 0.000 0.000 0.000 0.000 0.000 
-0.263 -0.366 -0.566 -0.773 -0.934 -1.000 -0.947 -0.794 -0.589 -0.387 -0.225 -0.116 0.000 0.000 0.000 0.000 0.000 0.000 0.000 0.000 0.000 0.000 0.000 
-0.338 -0.288 -0.470 -0.680 -0.869 -0.984 -0.986 -0.874 -0.686 -0.477 -0.293 -0.160 0.000 0.000 0.000 0.000 0.000 0.000 0.000 0.000 0.000 0.000 0.000 
-0.423 -0.251 -0.381 -0.582 -0.788 -0.944 -1.000 -0.938 -0.779 -0.572 -0.372 -0.214 -0.109 0.000 0.000 0.000 0.000 0.000 0.000 0.000 0.000 0.000 0.000 
-0.515 -0.324 -0.301 -0.487 -0.696 -0.882 -0.988 -0.981 -0.861 -0.670 -0.461 -0.281 -0.151 0.000 0.000 0.000 0.000 0.000 0.000 0.000 0.000 0.000 0.000 
-0.612 -0.407 -0.240 -0.396 -0.599 -0.803 -0.952 -0.999 -0.928 -0.763 -0.556 -0.358 -0.204 -0.103 0.000 0.000 0.000 0.000 0.000 0.000 0.000 0.000 0.000 
-0.709 -0.499 -0.311 -0.314 -0.503 -0.713 -0.894 -0.992 -0.975 -0.848 -0.653 -0.445 -0.268 -0.143 0.000 0.000 0.000 0.000 0.000 0.000 0.000 0.000 0.000 
-0.799 -0.595 -0.392 -0.243 -0.411 -0.616 -0.818 -0.960 -0.998 -0.918 -0.748 -0.539 -0.344 -0.194 0.000 0.000 0.000 0.000 0.000 0.000 0.000 0.000 0.000 
-0.879 -0.692 -0.482 -0.298 -0.328 -0.519 -0.729 -0.905 -0.995 -0.969 -0.834 -0.636 -0.429 -0.256 -0.135 0.000 0.000 0.000 0.000 0.000 0.000 0.000 0.000 
-0.941 -0.784 -0.578 -0.377 -0.254 -0.427 -0.633 -0.832 -0.967 -0.996 -0.907 -0.731 -0.522 -0.330 -0.184 0.000 0.000 0.000 0.000 0.000 0.000 0.000 0.000 
-0.983 -0.866 -0.675 -0.466 -0.285 -0.341 -0.536 -0.745 -0.916 -0.998 -0.961 -0.820 -0.619 -0.414 -0.245 -0.128 0.000 0.000 0.000 0.000 0.000 0.000 0.000 
-1.000 -0.932 -0.769 -0.561 -0.363 -0.266 -0.442 -0.650 -0.846 -0.974 -0.993 -0.896 -0.715 -0.505 -0.316 -0.175 0.000 0.000 0.000 0.000 0.000 0.000 0.000 
-0.991 -0.977 -0.853 -0.659 -0.450 -0.272 -0.356 -0.553 -0.761 -0.927 -0.999 -0.953 -0.805 -0.602 -0.398 -0.233 -0.121 0.000 0.000 0.000 0.000 0.000 0.000 
-0.957 -0.999 -0.922 -0.753 -0.545 -0.349 -0.279 -0.458 -0.667 -0.859 -0.980 -0.989 -0.884 -0.699 -0.489 -0.303 -0.166 0.000 0.000 0.000 0.000 0.000 0.000 
-0.901 -0.994 -0.971 -0.839 -0.642 -0.434 -0.260 -0.370 -0.570 -0.776 -0.937 -1.000 -0.945 -0.790 -0.585 -0.383 -0.222 -0.114 0.000 0.000 0.000 0.000 0.000 
-0.827 -0.965 -0.997 -0.911 -0.737 -0.528 -0.335 -0.291 -0.474 -0.684 -0.872 -0.985 -0.985 -0.871 -0.682 -0.473 -0.290 -0.157 0.000 0.000 0.000 0.000 0.000 
-0.740 -0.913 -0.997 -0.964 -0.825 -0.625 -0.419 -0.249 -0.385 -0.587 -0.792 -0.946 -1.000 -0.936 -0.775 -0.568 -0.369 -0.212 -0.108 0.000 0.000 0.000 0.000 
-0.644 -0.841 -0.972 -0.994 -0.900 -0.721 -0.511 -0.321 -0.304 -0.491 -0.700 -0.885 -0.990 -0.979 -0.858 -0.665 -0.457 -0.277 -0.149 0.000 0.000 0.000 0.000 
-0.547 -0.755 -0.923 -0.999 -0.956 -0.810 -0.608 -0.404 -0.237 -0.400 -0.604 -0.807 -0.954 -0.999 -0.926 -0.759 -0.551 -0.354 -0.201 -0.101 0.000 0.000 0.000 
-0.453 -0.661 -0.855 -0.978 -0.990 -0.888 -0.704 -0.495 -0.307 -0.317 -0.507 -0.717 -0.897 -0.993 -0.973 -0.845 -0.649 -0.441 -0.265 -0.141 0.000 0.000 0.000 
-0.365 -0.564 -0.771 -0.933 -1.000 -0.948 -0.796 -0.591 -0.389 -0.246 -0.415 -0.621 -0.821 -0.962 -0.997 -0.915 -0.744 -0.535 -0.340 -0.192 0.000 0.000 0.000 
-0.287 -0.469 -0.678 -0.868 -0.983 -0.986 -0.876 -0.688 -0.478 -0.294 -0.331 -0.524 -0.733 -0.908 -0.996 -0.967 -0.831 -0.632 -0.425 -0.253 -0.134 0.000 0.000 
-0.220 -0.380 -0.581 -0.787 -0.943 -1.000 -0.939 -0.780 -0.574 -0.374 -0.257 -0.431 -0.638 -0.836 -0.969 -0.995 -0.904 -0.727 -0.518 -0.326 -0.182 0.000 0.000 
-0.164 -0.300 -0.485 -0.695 -0.881 -0.988 -0.981 -0.863 -0.671 -0.462 -0.282 -0.345 -0.540 -0.749 -0.919 -0.998 -0.959 -0.816 -0.615 -0.410 -0.242 -0.126 0.000 
-0.119 -0.231 -0.395 -0.598 -0.802 -0.951 -0.999 -0.929 -0.765 -0.557 -0.359 -0.269 -0.446 -0.654 -0.849 -0.976 -0.992 -0.893 -0.711 -0.501 -0.313 -0.173 0.000 
0.000 -0.173 -0.313 -0.501 -0.711 -0.893 -0.992 -0.976 -0.849 -0.654 -0.446 -0.269 -0.359 -0.557 -0.765 -0.929 -0.999 -0.951 -0.802 -0.598 -0.395 -0.231 -0.119 
0.000 -0.126 -0.242 -0.410 -0.615 -0.816 -0.959 -0.998 -0.919 -0.749 -0.540 -0.345 -0.282 -0.462 -0.671 -0.863 -0.981 -0.988 -0.881 -0.695 -0.485 -0.300 -0.164 
0.000 0.000 -0.182 -0.326 -0.518 -0.727 -0.904 -0.995 -0.969 -0.836 -0.638 -0.431 -0.257 -0.374 -0.574 -0.780 -0.939 -1.000 -0.943 -0.787 -0.581 -0.380 -0.220 
0.000 0.000 -0.134 -0.253 -0.425 -0.632 -0.831 -0.967 -0.996 -0.908 -0.733 -0.524 -0.331 -0.294 -0.478 -0.688 -0.876 -0.986 -0.983 -0.868 -0.678 -0.469 -0.287 
0.000 0.000 0.000 -0.192 -0.340 -0.535 -0.744 -0.915 -0.997 -0.962 -0.821 -0.621 -0.415 -0.246 -0.389 -0.591 -0.796 -0.948 -1.000 -0.933 -0.771 -0.564 -0.365 
0.000 0.000 0.000 -0.141 -0.265 -0.441 -0.649 -0.845 -0.973 -0.993 -0.897 -0.717 -0.507 -0.317 -0.307 -0.495 -0.704 -0.888 -0.990 -0.978 -0.855 -0.661 -0.453 
0.000 0.000 0.000 -0.101 -0.201 -0.354 -0.551 -0.759 -0.926 -0.999 -0.954 -0.807 -0.604 -0.400 -0.237 -0.404 -0.608 -0.810 -0.956 -0.999 -0.923 -0.755 -0.547 
0.000 0.000 0.000 0.000 -0.149 -0.277 -0.457 -0.665 -0.858 -0.979 -0.990 -0.885 -0.700 -0.491 -0.304 -0.321 -0.511 -0.721 -0.900 -0.994 -0.972 -0.841 -0.644 
0.000 0.000 0.000 0.000 -0.108 -0.212 -0.369 -0.568 -0.775 -0.936 -1.000 -0.946 -0.792 -0.587 -0.385 -0.249 -0.419 -0.625 -0.825 -0.964 -0.997 -0.913 -0.740 
0.000 0.000 0.000 0.000 0.000 -0.157 -0.290 -0.473 -0.682 -0.871 -0.985 -0.985 -0.872 -0.684 -0.474 -0.291 -0.335 -0.528 -0.737 -0.911 -0.997 -0.965 -0.827 
0.000 0.000 0.000 0.000 0.000 -0.114 -0.222 -0.383 -0.585 -0.790 -0.945 -1.000 -0.937 -0.776 -0.570 -0.370 -0.260 -0.434 -0.642 -0.839 -0.971 -0.994 -0.901 
0.000 0.000 0.000 0.000 0.000 0.000 -0.166 -0.303 -0.489 -0.699 -0.884 -0.989 -0.980 -0.859 -0.667 -0.458 -0.279 -0.349 -0.545 -0.753 -0.922 -0.999 -0.957 
0.000 0.000 0.000 0.000 0.000 0.000 -0.121 -0.233 -0.398 -0.602 -0.805 -0.953 -0.999 -0.927 -0.761 -0.553 -0.356 -0.272 -0.450 -0.659 -0.853 -0.977 -0.991 
0.000 0.000 0.000 0.000 0.000 0.000 0.000 -0.175 -0.316 -0.505 -0.715 -0.896 -0.993 -0.974 -0.846 -0.650 -0.442 -0.266 -0.363 -0.561 -0.769 -0.932 -1.000 
0.000 0.000 0.000 0.000 0.000 0.000 0.000 -0.128 -0.245 -0.414 -0.619 -0.820 -0.961 -0.998 -0.916 -0.745 -0.536 -0.341 -0.285 -0.466 -0.675 -0.866 -0.983 
0.000 0.000 0.000 0.000 0.000 0.000 0.000 0.000 -0.184 -0.330 -0.522 -0.731 -0.907 -0.996 -0.967 -0.832 -0.633 -0.427 -0.254 -0.377 -0.578 -0.784 -0.941 
0.000 0.000 0.000 0.000 0.000 0.000 0.000 0.000 -0.135 -0.256 -0.429 -0.636 -0.834 -0.969 -0.995 -0.905 -0.729 -0.519 -0.328 -0.298 -0.482 -0.692 -0.879 
0.000 0.000 0.000 0.000 0.000 0.000 0.000 0.000 0.000 -0.194 -0.344 -0.539 -0.748 -0.918 -0.998 -0.960 -0.818 -0.616 -0.411 -0.243 -0.392 -0.595 -0.799 
0.000 0.000 0.000 0.000 0.000 0.000 0.000 0.000 0.000 -0.143 -0.268 -0.445 -0.653 -0.848 -0.975 -0.992 -0.894 -0.713 -0.503 -0.314 -0.311 -0.499 -0.709 
0.000 0.000 0.000 0.000 0.000 0.000 0.000 0.000 0.000 -0.103 -0.204 -0.358 -0.556 -0.763 -0.928 -0.999 -0.952 -0.803 -0.599 -0.396 -0.240 -0.407 -0.612 
0.000 0.000 0.000 0.000 0.000 0.000 0.000 0.000 0.000 0.000 -0.151 -0.281 -0.461 -0.670 -0.861 -0.981 -0.988 -0.882 -0.696 -0.487 -0.301 -0.324 -0.515 
0.000 0.000 0.000 0.000 0.000 0.000 0.000 0.000 0.000 0.000 -0.109 -0.214 -0.372 -0.572 -0.779 -0.938 -1.000 -0.944 -0.788 -0.582 -0.381 -0.251 -0.423 
0.000 0.000 0.000 0.000 0.000 0.000 0.000 0.000 0.000 0.000 0.000 -0.160 -0.293 -0.477 -0.686 -0.874 -0.986 -0.984 -0.869 -0.680 -0.470 -0.288 -0.338 
0.000 0.000 0.000 0.000 0.000 0.000 0.000 0.000 0.000 0.000 0.000 -0.116 -0.225 -0.387 -0.589 -0.794 -0.947 -1.000 -0.934 -0.773 -0.566 -0.366 -0.263 
0.000 0.000 0.000 0.000 0.000 0.000 0.000 0.000 0.000 0.000 0.000 0.000 -0.168 -0.306 -0.493 -0.703 -0.887 -0.990 -0.979 -0.856 -0.663 -0.454 -0.276 
# 3 1 25 23
-0.241 -0.409 -0.614 -0.816 -0.959 -0.998 -0.919 -0.750 -0.541 -0.345 -0.195 0.000 0.000 0.000 0.000 0.000 0.000 0.000 0.000 0.000 0.000 0.000 0.000 
-0.379 -0.253 -0.425 -0.631 -0.830 -0.967 -0.996 -0.909 -0.733 -0.524 -0.331 -0.186 0.000 0.000 0.000 0.000 0.000 0.000 0.000 0.000 0.000 0.000 0.000 
-0.563 -0.365 -0.265 -0.440 -0.648 -0.844 -0.973 -0.993 -0.897 -0.717 -0.508 -0.318 -0.176 0.000 0.000 0.000 0.000 0.000 0.000 0.000 0.000 0.000 0.000 
-0.755 -0.547 -0.350 -0.277 -0.456 -0.665 -0.858 -0.979 -0.990 -0.885 -0.701 -0.491 -0.305 -0.167 0.000 0.000 0.000 0.000 0.000 0.000 0.000 0.000 0.000 
-0.912 -0.739 -0.530 -0.336 -0.290 -0.472 -0.682 -0.871 -0.985 -0.985 -0.873 -0.684 -0.475 -0.292 -0.159 0.000 0.000 0.000 0.000 0.000 0.000 0.000 0.000 
-0.994 -0.901 -0.723 -0.513 -0.323 -0.303 -0.489 -0.698 -0.883 -0.989 -0.980 -0.860 -0.667 -0.459 -0.279 -0.150 0.000 0.000 0.000 0.000 0.000 0.000 0.000 
-0.977 -0.991 -0.889 -0.707 -0.497 -0.309 -0.316 -0.505 -0.715 -0.895 -0.993 -0.974 -0.846 -0.651 -0.443 -0.267 -0.142 0.000 0.000 0.000 0.000 0.000 0.000 
-0.866 -0.983 -0.987 -0.877 -0.690 -0.480 -0.296 -0.329 -0.522 -0.731 -0.907 -0.996 -0.968 -0.832 -0.634 -0.427 -0.255 -0.134 0.000 0.000 0.000 0.000 0.000 
-0.693 -0.879 -0.988 -0.982 -0.864 -0.673 -0.464 -0.283 -0.343 -0.538 -0.747 -0.918 -0.998 -0.960 -0.818 -0.617 -0.412 -0.243 -0.127 0.000 0.000 0.000 0.000 
-0.499 -0.709 -0.891 -0.992 -0.976 -0.851 -0.657 -0.448 -0.271 -0.357 -0.555 -0.763 -0.928 -0.999 -0.952 -0.803 -0.600 -0.396 -0.232 -0.120 0.000 0.000 0.000 
-0.325 -0.516 -0.725 -0.903 -0.995 -0.970 -0.837 -0.640 -0.433 -0.259 -0.372 -0.572 -0.778 -0.938 -1.000 -0.944 -0.788 -0.583 -0.382 -0.221 -0.113 0.000 0.000 
-0.190 -0.338 -0.532 -0.742 -0.914 -0.997 -0.963 -0.823 -0.623 -0.417 -0.247 -0.387 -0.589 -0.794 -0.947 -1.000 -0.935 -0.773 -0.566 -0.367 -0.210 -0.107 0.000 
-0.101 -0.200 -0.352 -0.549 -0.757 -0.925 -0.999 -0.955 -0.809 -0.606 -0.402 -0.236 -0.402 -0.606 -0.809 -0.955 -0.999 -0.925 -0.757 -0.549 -0.352 -0.200 -0.101 
0.000 -0.107 -0.210 -0.367 -0.566 -0.773 -0.935 -1.000 -0.947 -0.794 -0.589 -0.387 -0.247 -0.417 -0.623 -0.823 -0.963 -0.997 -0.914 -0.742 -0.532 -0.338 -0.190 
0.000 0.000 -0.113 -0.221 -0.382 -0.583 -0.788 -0.944 -1.000 -0.938 -0.778 -0.572 -0.372 -0.259 -0.433 -0.640 -0.837 -0.970 -0.995 -0.903 -0.725 -0.516 -0.325 
0.000 0.000 0.000 -0.120 -0.232 -0.396 -0.600 -0.803 -0.952 -0.999 -0.928 -0.763 -0.555 -0.357 -0.271 -0.448 -0.657 -0.851 -0.976 -0.992 -0.891 -0.709 -0.499 
0.000 0.000 0.000 0.000 -0.127 -0.243 -0.412 -0.617 -0.818 -0.960 -0.998 -0.918 -0.747 -0.538 -0.343 -0.283 -0.464 -0.673 -0.864 -0.982 -0.988 -0.879 -0.693 
0.000 0.000 0.000 0.000 0.000 -0.134 -0.255 -0.427 -0.634 -0.832 -0.968 -0.996 -0.907 -0.731 -0.522 -0.329 -0.296 -0.480 -0.690 -0.877 -0.987 -0.983 -0.866 
0.000 0.000 0.000 0.000 0.000 0.000 -0.142 -0.267 -0.443 -0.651 -0.846 -0.974 -0.993 -0.895 -0.715 -0.505 -0.316 -0.309 -0.497 -0.707 -0.889 -0.991 -0.977 
0.000 0.000 0.000 0.000 0.000 0.000 0.000 -0.150 -0.279 -0.459 -0.667 -0.860 -0.980 -0.989 -0.883 -0.698 -0.489 -0.303 -0.323 -0.513 -0.723 -0.901 -0.994 
0.000 0.000 0.000 0.000 0.000 0.000 0.000 0.000 -0.159 -0.292 -0.475 -0.684 -0.873 -0.985 -0.985 -0.871 -0.682 -0.472 -0.290 -0.336 -0.530 -0.739 -0.912 
0.000 0.000 0.000 0.000 0.000 0.000 0.000 0.000 0.000 -0.167 -0.305 -0.491 -0.701 -0.885 -0.990 -0.979 -0.858 -0.665 -0.456 -0.277 -0.350 -0.547 -0.755 
0.000 0.000 0.000 0.000 0.000 0.000 0.000 0.000 0.000 0.000 -0.176 -0.318 -0.508 -0.717 -0.897 -0.993 -0.973 -0.844 -0.648 -0.440 -0.265 -0.365 -0.563 
0.000 0.000 0.000 0.000 0.000 0.000 0.000 0.000 0.000 0.000 0.000 -0.186 -0.331 -0.524 -0.733 -0.909 -0.996 -0.967 -0.830 -0.631 -0.425 -0.253 -0.379 
0.000 0.000 0.000 0.000 0.000 0.000 0.000 0.000 0.000 0.000 0.000 0.000 -0.195 -0.345 -0.541 -0.750 -0.919 -0.998 -0.959 -0.816 -0.614 -0.409 -0.241 
# 3 2 25 23
-0.241 -0.409 -0.614 -0.816 -0.959 -0.998 -0.919 -0.750 -0.541 -0.345 -0.195 0.000 0.000 0.000 0.000 0.000 0.000 0.000 0.000 0.000 0.000 0.000 0.000 
-0.379 -0.253 -0.425 -0.631 -0.830 -0.967 -0.996 -0.909 -0.733 -0.524 -0.331 -0.186 0.000 0.000 0.000 0.000 0.000 0.000 0.000 0.000 0.000 0.000 0.000 
-0.563 -0.365 -0.265 -0.440 -0.648 -0.844 -0.973 -0.993 -0.897 -0.717 -0.508 -0.318 -0.176 0.000 0.000 0.000 0.000 0.000 0.000 0.000 0.000 0.000 0.000 
-0.755 -0.547 -0.350 -0.277 -0.456 -0.665 -0.858 -0.979 -0.990 -0.885 -0.701 -0.491 -0.305 -0.167 0.000 0.000 0.000 0.000 0.000 0.000 0.000 0.000 0.000 
-0.912 -0.739 -0.530 -0.336 -0.290 -0.472 -0.682 -0.871 -0.985 -0.985 -0.873 -0.684 -0.475 -0.292 -0.159 0.000 0.000 0.000 0.000 0.000 0.000 0.000 0.000 
-0.994 -0.901 -0.723 -0.513 -0.323 -0.303 -0.489 -0.698 -0.883 -0.989 -0.980 -0.860 -0.667 -0.459 -0.279 -0.150 0.000 0.000 0.000 0.000 0.000 0.000 0.000 
-0.977 -0.991 -0.889 -0.707 -0.497 -0.309 -0.316 -0.505 -0.715 -0.895 -0.993 -0.974 -0.846 -0.651 -0.443 -0.267 -0.142 0.000 0.000 0.000 0.000 0.000 0.000 
-0.866 -0.983 -0.987 -0.877 -0.690 -0.480 -0.296 -0.329 -0.522 -0.731 -0.907 -0.996 -0.968 -0.832 -0.634 -0.427 -0.255 -0.134 0.000 0.000 0.000 0.000 0.000 
-0.693 -0.879 -0.988 -0.982 -0.864 -0.673 -0.464 -0.283 -0.343 -0.538 -0.747 -0.918 -0.998 -0.960 -0.818 -0.617 -0.412 -0.243 -0.127 0.000 0.000 0.000 0.000 
-0.499 -0.709 -0.891 -0.992 -0.976 -0.851 -0.657 -0.448 -0.271 -0.357 -0.555 -0.763 -0.928 -0.999 -0.952 -0.803 -0.600 -0.396 -0.232 -0.120 0.000 0.000 0.000 
-0.325 -0.516 -0.725 -0.903 -0.995 -0.970 -0.837 -0.640 -0.433 -0.259 -0.372 -0.572 -0.778 -0.938 -1.000 -0.944 -0.788 -0.583 -0.382 -0.221 -0.113 0.000 0.000 
-0.190 -0.338 -0.532 -0.742 -0.914 -0.997 -0.963 -0.823 -0.623 -0.417 -0.247 -0.387 -0.589 -0.794 -0.947 -1.000 -0.935 -0.773 -0.566 -0.367 -0.210 -0.107 0.000 
-0.101 -0.200 -0.352 -0.549 -0.757 -0.925 -0.999 -0.955 -0.809 -0.606 -0.402 -0.236 -0.402 -0.606 -0.809 -0.955 -0.999 -0.925 -0.757 -0.549 -0.352 -0.200 -0.101 
0.000 -0.107 -0.210 -0.367 -0.566 -0.773 -0.935 -1.000 -0.947 -0.794 -0.589 -0.387 -0.247 -0.417 -0.623 -0.823 -0.963 -0.997 -0.914 -0.742 -0.532 -0.338 -0.190 
0.000 0.000 -0.113 -0.221 -0.382 -0.583 -0.788 -0.944 -1.000 -0.938 -0.778 -0.572 -0.372 -0.259 -0.433 -0.640 -0.837 -0.970 -0.995 -0.903 -0.725 -0.516 -0.325 
0.000 0.000 0.000 -0.120 -0.232 -0.396 -0.600 -0.803 -0.952 -0.999 -0.928 -0.763 -0.555 -0.357 -0.271 -0.448 -0.657 -0.851 -0.976 -0.992 -0.891 -0.709 -0.499 
0.000 0.000 0.000 0.000 -0.127 -0.243 -0.412 -0.617 -0.818 -0.960 -0.998 -0.918 -0.747 -0.538 -0.343 -0.283 -0.464 -0.673 -0.864 -0.982 -0.988 -0.879 -0.693 
0.000 0.000 0.000 0.000 0.000 -0.134 -0.255 -0.427 -0.634 -0.832 -0.968 -0.996 -0.907 -0.731 -0.522 -0.329 -0.296 -0.480 -0.690 -0.877 -0.987 -0.983 -0.866 
0.000 0.000 0.000 0.000 0.000 0.000 -0.142 -0.267 -0.443 -0.651 -0.846 -0.974 -0.993 -0.895 -0.715 -0.505 -0.316 -0.309 -0.497 -0.707 -0.889 -0.991 -0.977 
0.000 0.000 0.000 0.000 0.000 0.000 0.000 -0.150 -0.279 -0.459 -0.667 -0.860 -0.980 -0.989 -0.883 -0.698 -0.489 -0.303 -0.323 -0.513 -0.723 -0.901 -0.994 
0.000 0.000 0.000 0.000 0.000 0.000 0.000 0.000 -0.159 -0.292 -0.475 -0.684 -0.873 -0.985 -0.985 -0.871 -0.682 -0.472 -0.290 -0.336 -0.530 -0.739 -0.912 
0.000 0.000 0.000 0.000 0.000 0.000 0.000 0.000 0.000 -0.167 -0.305 -0.491 -0.701 -0.885 -0.990 -0.979 -0.858 -0.665 -0.456 -0.277 -0.350 -0.547 -0.755 
0.000 0.000 0.000 0.000 0.000 0.000 0.000 0.000 0.000 0.000 -0.176 -0.318 -0.508 -0.717 -0.897 -0.993 -0.973 -0.844 -0.648 -0.440 -0.265 -0.365 -0.563 
0.000 0.000 0.000 0.000 0.000 0.000 0.000 0.000 0.000 0.000 0.000 -0.186 -0.331 -0.524 -0.733 -0.909 -0.996 -0.967 -0.830 -0.631 -0.425 -0.253 -0.379 
0.000 0.000 0.000 0.000 0.000 0.000 0.000 0.000 0.000 0.000 0.000 0.000 -0.195 -0.345 -0.541 -0.750 -0.919 -0.998 -0.959 -0.816 -0.614 -0.409 -0.241 
