1.889727
5
# 0 1 22 50
0.980 0.941 0.982 0.766 0.446 0.194 0.000 0.000 0.000 0.000 0.000 0.000 0.000 0.000 0.000 0.000 0.000 0.000 0.000 0.000 0.000 0.000 0.000 0.000 0.000 0.000 0.000 0.000 0.000 0.000 0.000 0.000 0.000 0.000 0.000 0.000 0.000 0.000 0.000 0.000 0.000 0.000 0.000 0.000 0.000 0.000 0.000 0.000 0.000 0.000 
0.591 0.889 0.998 0.884 0.999 0.844 0.532 0.251 0.000 0.000 0.000 0.000 0.000 0.000 0.000 0.000 0.000 0.000 0.000 0.000 0.000 0.000 0.000 0.000 0.000 0.000 0.000 0.000 0.000 0.000 0.000 0.000 0.000 0.000 0.000 0.000 0.000 0.000 0.000 0.000 0.000 0.000 0.000 0.000 0.000 0.000 0.000 0.000 0.000 0.000 
0.000 0.231 0.503 0.819 0.996 0.905 0.995 0.909 0.621 0.317 0.121 0.000 0.000 0.000 0.000 0.000 0.000 0.000 0.000 0.000 0.000 0.000 0.000 0.000 0.000 0.000 0.000 0.000 0.000 0.000 0.000 0.000 0.000 0.000 0.000 0.000 0.000 0.000 0.000 0.000 0.000 0.000 0.000 0.000 0.000 0.000 0.000 0.000 0.000 0.000 
0.000 0.000 0.000 0.177 0.419 0.738 0.972 0.956 0.969 0.959 0.709 0.392 0.162 0.000 0.000 0.000 0.000 0.000 0.000 0.000 0.000 0.000 0.000 0.000 0.000 0.000 0.000 0.000 0.000 0.000 0.000 0.000 0.000 0.000 0.000 0.000 0.000 0.000 0.000 0.000 0.000 0.000 0.000 0.000 0.000 0.000 0.000 0.000 0.000 0.000 
0.000 0.000 0.000 0.000 0.000 0.133 0.341 0.651 0.928 0.988 0.924 0.990 0.793 0.474 0.212 0.000 0.000 0.000 0.000 0.000 0.000 0.000 0.000 0.000 0.000 0.000 0.000 0.000 0.000 0.000 0.000 0.000 0.000 0.000 0.000 0.000 0.000 0.000 0.000 0.000 0.000 0.000 0.000 0.000 0.000 0.000 0.000 0.000 0.000 0.000 
0.000 0.000 0.000 0.000 0.000 0.000 0.000 0.000 0.272 0.562 0.867 1.000 0.861 1.000 0.867 0.562 0.272 0.000 0.000 0.000 0.000 0.000 0.000 0.000 0.000 0.000 0.000 0.000 0.000 0.000 0.000 0.000 0.000 0.000 0.000 0.000 0.000 0.000 0.000 0.000 0.000 0.000 0.000 0.000 0.000 0.000 0.000 0.000 0.000 0.000 
0.000 0.000 0.000 0.000 0.000 0.000 0.000 0.000 0.000 0.000 0.212 0.474 0.793 0.990 0.924 0.988 0.928 0.651 0.341 0.133 0.000 0.000 0.000 0.000 0.000 0.000 0.000 0.000 0.000 0.000 0.000 0.000 0.000 0.000 0.000 0.000 0.000 0.000 0.000 0.000 0.000 0.000 0.000 0.000 0.000 0.000 0.000 0.000 0.000 0.000 
0.000 0.000 0.000 0.000 0.000 0.000 0.000 0.000 0.000 0.000 0.000 0.000 0.162 0.392 0.709 0.959 0.969 0.956 0.972 0.738 0.419 0.177 0.000 0.000 0.000 0.000 0.000 0.000 0.000 0.000 0.000 0.000 0.000 0.000 0.000 0.000 0.000 0.000 0.000 0.000 0.000 0.000 0.000 0.000 0.000 0.000 0.000 0.000 0.000 0.000 
0.000 0.000 0.000 0.000 0.000 0.000 0.000 0.000 0.000 0.000 0.000 0.000 0.000 0.000 0.121 0.317 0.621 0.909 0.995 0.905 0.996 0.819 0.503 0.231 0.000 0.000 0.000 0.000 0.000 0.000 0.000 0.000 0.000 0.000 0.000 0.000 0.000 0.000 0.000 0.000 0.000 0.000 0.000 0.000 0.000 0.000 0.000 0.000 0.000 0.000 
0.000 0.000 0.000 0.000 0.000 0.000 0.000 0.000 0.000 0.000 0.000 0.000 0.000 0.000 0.000 0.000 0.000 0.251 0.532 0.844 0.999 0.884 0.998 0.889 0.591 0.294 0.109 0.000 0.000 0.000 0.000 0.000 0.000 0.000 0.000 0.000 0.000 0.000 0.000 0.000 0.000 0.000 0.000 0.000 0.000 0.000 0.000 0.000 0.000 0.000 
0.000 0.000 0.000 0.000 0.000 0.000 0.000 0.000 0.000 0.000 0.000 0.000 0.000 0.000 0.000 0.000 0.000 0.000 0.000 0.194 0.446 0.766 0.982 0.941 0.980 0.945 0.680 0.366 0.147 0.000 0.000 0.000 0.000 0.000 0.000 0.000 0.000 0.000 0.000 0.000 0.000 0.000 0.000 0.000 0.000 0.000 0.000 0.000 0.000 0.000 
0.000 0.000 0.000 0.000 0.000 0.000 0.000 0.000 0.000 0.000 0.000 0.000 0.000 0.000 0.000 0.000 0.000 0.000 0.000 0.000 0.000 0.147 0.366 0.680 0.945 0.980 0.941 0.982 0.766 0.446 0.194 0.000 0.000 0.000 0.000 0.000 0.000 0.000 0.000 0.000 0.000 0.000 0.000 0.000 0.000 0.000 0.000 0.000 0.000 0.000 
0.000 0.000 0.000 0.000 0.000 0.000 0.000 0.000 0.000 0.000 0.000 0.000 0.000 0.000 0.000 0.000 0.000 0.000 0.000 0.000 0.000 0.000 0.000 0.109 0.294 0.591 0.889 0.998 0.884 0.999 0.844 0.532 0.251 0.000 0.000 0.000 0.000 0.000 0.000 0.000 0.000 0.000 0.000 0.000 0.000 0.000 0.000 0.000 0.000 0.000 
0.000 0.000 0.000 0.000 0.000 0.000 0.000 0.000 0.000 0.000 0.000 0.000 0.000 0.000 0.000 0.000 0.000 0.000 0.000 0.000 0.000 0.000 0.000 0.000 0.000 0.000 0.231 0.503 0.819 0.996 0.905 0.995 0.909 0.621 0.317 0.121 0.000 0.000 0.000 0.000 0.000 0.000 0.000 0.000 0.000 0.000 0.000 0.000 0.000 0.000 
0.000 0.000 0.000 0.000 0.000 0.000 0.000 0.000 0.000 0.000 0.000 0.000 0.000 0.000 0.000 0.000 0.000 0.000 0.000 0.000 0.000 0.000 0.000 0.000 0.000 0.000 0.000 0.000 0.177 0.419 0.738 0.972 0.956 0.969 0.959 0.709 0.392 0.162 0.000 0.000 0.000 0.000 0.000 0.000 0.000 0.000 0.000 0.000 0.000 0.000 
0.000 0.000 0.000 0.000 0.000 0.000 0.000 0.000 0.000 0.000 0.000 0.000 0.000 0.000 0.000 0.000 0.000 0.000 0.000 0.000 0.000 0.000 0.000 0.000 0.000 0.000 0.000 0.000 0.000 0.000 0.133 0.341 0.651 0.928 0.988 0.924 0.990 0.793 0.474 0.212 0.000 0.000 0.000 0.000 0.000 0.000 0.000 0.000 0.000 0.000 
0.000 0.000 0.000 0.000 0.000 0.000 0.000 0.000 0.000 0.000 0.000 0.000 0.000 0.000 0.000 0.000 0.000 0.000 0.000 0.000 0.000 0.000 0.000 0.000 0.000 0.000 0.000 0.000 0.000 0.000 0.000 0.000 0.000 0.272 0.562 0.867 1.000 0.861 1.000 0.867 0.562 0.272 0.000 0.000 0.000 0.000 0.000 0.000 0.000 0.000 
0.000 0.000 0.000 0.000 0.000 0.000 0.000 0.000 0.000 0.000 0.000 0.000 0.000 0.000 0.000 0.000 0.000 0.000 0.000 0.000 0.000 0.000 0.000 0.000 0.000 0.000 0.000 0.000 0.000 0.000 0.000 0.000 0.000 0.000 0.000 0.212 0.474 0.793 0.990 0.924 0.988 0.928 0.651 0.341 0.133 0.000 0.000 0.000 0.000 0.000 
0.000 0.000 0.000 0.000 0.000 0.000 0.000 0.000 0.000 0.000 0.000 0.000 0.000 0.000 0.000 0.000 0.000 0.000 0.000 0.000 0.000 0.000 0.000 0.000 0.000 0.000 0.000 0.000 0.000 0.000 0.000 0.000 0.000 0.000 0.000 0.000 0.000 0.162 0.392 0.709 0.959 0.969 0.956 0.972 0.738 0.419 0.177 0.000 0.000 0.000 
0.000 0.000 0.000 0.000 0.000 0.000 0.000 0.000 0.000 0.000 0.000 0.000 0.000 0.000 0.000 0.000 0.000 0.000 0.000 0.000 0.000 0.000 0.000 0.000 0.000 0.000 0.000 0.000 0.000 0.000 0.000 0.000 0.000 0.000 0.000 0.000 0.000 0.000 0.000 0.121 0.317 0.621 0.909 0.995 0.905 0.996 0.819 0.503 0.231 0.000 
0.000 0.000 0.000 0.000 0.000 0.000 0.000 0.000 0.000 0.000 0.000 0.000 0.000 0.000 0.000 0.000 0.000 0.000 0.000 0.000 0.000 0.000 0.000 0.000 0.000 0.000 0.000 0.000 0.000 0.000 0.000 0.000 0.000 0.000 0.000 0.000 0.000 0.000 0.000 0.000 0.000 0.000 0.251 0.532 0.844 0.999 0.884 0.998 0.889 0.591 
0.000 0.000 0.000 0.000 0.000 0.000 0.000 0.000 0.000 0.000 0.000 0.000 0.000 0.000 0.000 0.000 0.000 0.000 0.000 0.000 0.000 0.000 0.000 0.000 0.000 0.000 0.000 0.000 0.000 0.000 0.000 0.000 0.000 0.000 0.000 0.000 0.000 0.000 0.000 0.000 0.000 0.000 0.000 0.000 0.194 0.446 0.766 0.982 0.941 0.980 
# 0 2 23 50
0.974 0.949 0.977 0.751 0.431 0.185 0.000 0.000 0.000 0.000 0.000 0.000 0.000 0.000 0.000 0.000 0.000 0.000 0.000 0.000 0.000 0.000 0.000 0.000 0.000 0.000 0.000 0.000 0.000 0.000 0.000 0.000 0.000 0.000 0.000 0.000 0.000 0.000 0.000 0.000 0.000 0.000 0.000 0.000 0.000 0.000 0.000 0.000 0.000 0.000 
0.640 0.921 0.991 0.917 0.992 0.803 0.485 0.219 0.000 0.000 0.000 0.000 0.000 0.000 0.000 0.000 0.000 0.000 0.000 0.000 0.000 0.000 0.000 0.000 0.000 0.000 0.000 0.000 0.000 0.000 0.000 0.000 0.000 0.000 0.000 0.000 0.000 0.000 0.000 0.000 0.000 0.000 0.000 0.000 0.000 0.000 0.000 0.000 0.000 0.000 
0.106 0.287 0.583 0.883 0.999 0.878 1.000 0.850 0.540 0.256 0.000 0.000 0.000 0.000 0.000 0.000 0.000 0.000 0.000 0.000 0.000 0.000 0.000 0.000 0.000 0.000 0.000 0.000 0.000 0.000 0.000 0.000 0.000 0.000 0.000 0.000 0.000 0.000 0.000 0.000 0.000 0.000 0.000 0.000 0.000 0.000 0.000 0.000 0.000 0.000 
0.000 0.000 0.000 0.247 0.526 0.839 0.999 0.888 0.998 0.893 0.597 0.298 0.111 0.000 0.000 0.000 0.000 0.000 0.000 0.000 0.000 0.000 0.000 0.000 0.000 0.000 0.000 0.000 0.000 0.000 0.000 0.000 0.000 0.000 0.000 0.000 0.000 0.000 0.000 0.000 0.000 0.000 0.000 0.000 0.000 0.000 0.000 0.000 0.000 0.000 
0.000 0.000 0.000 0.000 0.000 0.210 0.471 0.790 0.989 0.926 0.988 0.930 0.654 0.344 0.135 0.000 0.000 0.000 0.000 0.000 0.000 0.000 0.000 0.000 0.000 0.000 0.000 0.000 0.000 0.000 0.000 0.000 0.000 0.000 0.000 0.000 0.000 0.000 0.000 0.000 0.000 0.000 0.000 0.000 0.000 0.000 0.000 0.000 0.000 0.000 
0.000 0.000 0.000 0.000 0.000 0.000 0.000 0.177 0.418 0.737 0.971 0.956 0.969 0.960 0.710 0.392 0.162 0.000 0.000 0.000 0.000 0.000 0.000 0.000 0.000 0.000 0.000 0.000 0.000 0.000 0.000 0.000 0.000 0.000 0.000 0.000 0.000 0.000 0.000 0.000 0.000 0.000 0.000 0.000 0.000 0.000 0.000 0.000 0.000 0.000 
0.000 0.000 0.000 0.000 0.000 0.000 0.000 0.000 0.000 0.148 0.368 0.682 0.946 0.979 0.942 0.981 0.764 0.444 0.193 0.000 0.000 0.000 0.000 0.000 0.000 0.000 0.000 0.000 0.000 0.000 0.000 0.000 0.000 0.000 0.000 0.000 0.000 0.000 0.000 0.000 0.000 0.000 0.000 0.000 0.000 0.000 0.000 0.000 0.000 0.000 
0.000 0.000 0.000 0.000 0.000 0.000 0.000 0.000 0.000 0.000 0.000 0.123 0.320 0.626 0.912 0.994 0.908 0.995 0.815 0.498 0.228 0.000 0.000 0.000 0.000 0.000 0.000 0.000 0.000 0.000 0.000 0.000 0.000 0.000 0.000 0.000 0.000 0.000 0.000 0.000 0.000 0.000 0.000 0.000 0.000 0.000 0.000 0.000 0.000 0.000 
0.000 0.000 0.000 0.000 0.000 0.000 0.000 0.000 0.000 0.000 0.000 0.000 0.000 0.101 0.277 0.569 0.872 1.000 0.867 1.000 0.862 0.554 0.267 0.000 0.000 0.000 0.000 0.000 0.000 0.000 0.000 0.000 0.000 0.000 0.000 0.000 0.000 0.000 0.000 0.000 0.000 0.000 0.000 0.000 0.000 0.000 0.000 0.000 0.000 0.000 
0.000 0.000 0.000 0.000 0.000 0.000 0.000 0.000 0.000 0.000 0.000 0.000 0.000 0.000 0.000 0.000 0.237 0.512 0.827 0.997 0.898 0.996 0.903 0.611 0.309 0.117 0.000 0.000 0.000 0.000 0.000 0.000 0.000 0.000 0.000 0.000 0.000 0.000 0.000 0.000 0.000 0.000 0.000 0.000 0.000 0.000 0.000 0.000 0.000 0.000 
0.000 0.000 0.000 0.000 0.000 0.000 0.000 0.000 0.000 0.000 0.000 0.000 0.000 0.000 0.000 0.000 0.000 0.000 0.201 0.458 0.777 0.986 0.934 0.984 0.938 0.668 0.355 0.141 0.000 0.000 0.000 0.000 0.000 0.000 0.000 0.000 0.000 0.000 0.000 0.000 0.000 0.000 0.000 0.000 0.000 0.000 0.000 0.000 0.000 0.000 
0.000 0.000 0.000 0.000 0.000 0.000 0.000 0.000 0.000 0.000 0.000 0.000 0.000 0.000 0.000 0.000 0.000 0.000 0.000 0.000 0.169 0.405 0.724 0.966 0.963 0.963 0.966 0.724 0.405 0.169 0.000 0.000 0.000 0.000 0.000 0.000 0.000 0.000 0.000 0.000 0.000 0.000 0.000 0.000 0.000 0.000 0.000 0.000 0.000 0.000 
0.000 0.000 0.000 0.000 0.000 0.000 0.000 0.000 0.000 0.000 0.000 0.000 0.000 0.000 0.000 0.000 0.000 0.000 0.000 0.000 0.000 0.000 0.141 0.355 0.668 0.938 0.984 0.934 0.986 0.777 0.458 0.201 0.000 0.000 0.000 0.000 0.000 0.000 0.000 0.000 0.000 0.000 0.000 0.000 0.000 0.000 0.000 0.000 0.000 0.000 
0.000 0.000 0.000 0.000 0.000 0.000 0.000 0.000 0.000 0.000 0.000 0.000 0.000 0.000 0.000 0.000 0.000 0.000 0.000 0.000 0.000 0.000 0.000 0.000 0.117 0.309 0.611 0.903 0.996 0.898 0.997 0.827 0.512 0.237 0.000 0.000 0.000 0.000 0.000 0.000 0.000 0.000 0.000 0.000 0.000 0.000 0.000 0.000 0.000 0.000 
0.000 0.000 0.000 0.000 0.000 0.000 0.000 0.000 0.000 0.000 0.000 0.000 0.000 0.000 0.000 0.000 0.000 0.000 0.000 0.000 0.000 0.000 0.000 0.000 0.000 0.000 0.000 0.267 0.554 0.862 1.000 0.867 1.000 0.872 0.569 0.277 0.101 0.000 0.000 0.000 0.000 0.000 0.000 0.000 0.000 0.000 0.000 0.000 0.000 0.000 
0.000 0.000 0.000 0.000 0.000 0.000 0.000 0.000 0.000 0.000 0.000 0.000 0.000 0.000 0.000 0.000 0.000 0.000 0.000 0.000 0.000 0.000 0.000 0.000 0.000 0.000 0.000 0.000 0.000 0.228 0.498 0.815 0.995 0.908 0.994 0.912 0.626 0.320 0.123 0.000 0.000 0.000 0.000 0.000 0.000 0.000 0.000 0.000 0.000 0.000 
0.000 0.000 0.000 0.000 0.000 0.000 0.000 0.000 0.000 0.000 0.000 0.000 0.000 0.000 0.000 0.000 0.000 0.000 0.000 0.000 0.000 0.000 0.000 0.000 0.000 0.000 0.000 0.000 0.000 0.000 0.000 0.193 0.444 0.764 0.981 0.942 0.979 0.946 0.682 0.368 0.148 0.000 0.000 0.000 0.000 0.000 0.000 0.000 0.000 0.000 
0.000 0.000 0.000 0.000 0.000 0.000 0.000 0.000 0.000 0.000 0.000 0.000 0.000 0.000 0.000 0.000 0.000 0.000 0.000 0.000 0.000 0.000 0.000 0.000 0.000 0.000 0.000 0.000 0.000 0.000 0.000 0.000 0.000 0.162 0.392 0.710 0.960 0.969 0.956 0.971 0.737 0.418 0.177 0.000 0.000 0.000 0.000 0.000 0.000 0.000 
0.000 0.000 0.000 0.000 0.000 0.000 0.000 0.000 0.000 0.000 0.000 0.000 0.000 0.000 0.000 0.000 0.000 0.000 0.000 0.000 0.000 0.000 0.000 0.000 0.000 0.000 0.000 0.000 0.000 0.000 0.000 0.000 0.000 0.000 0.000 0.135 0.344 0.654 0.930 0.988 0.926 0.989 0.790 0.471 0.210 0.000 0.000 0.000 0.000 0.000 
0.000 0.000 0.000 0.000 0.000 0.000 0.000 0.000 0.000 0.000 0.000 0.000 0.000 0.000 0.000 0.000 0.000 0.000 0.000 0.000 0.000 0.000 0.000 0.000 0.000 0.000 0.000 0.000 0.000 0.000 0.000 0.000 0.000 0.000 0.000 0.000 0.000 0.111 0.298 0.597 0.893 0.998 0.888 0.999 0.839 0.526 0.247 0.000 0.000 0.000 
0.000 0.000 0.000 0.000 0.000 0.000 0.000 0.000 0.000 0.000 0.000 0.000 0.000 0.000 0.000 0.000 0.000 0.000 0.000 0.000 0.000 0.000 0.000 0.000 0.000 0.000 0.000 0.000 0.000 0.000 0.000 0.000 0.000 0.000 0.000 0.000 0.000 0.000 0.000 0.000 0.256 0.540 0.850 1.000 0.878 0.999 0.883 0.583 0.287 0.106 
0.000 0.000 0.000 0.000 0.000 0.000 0.000 0.000 0.000 0.000 0.000 0.000 0.000 0.000 0.000 0.000 0.000 0.000 0.000 0.000 0.000 0.000 0.000 0.000 0.000 0.000 0.000 0.000 0.000 0.000 0.000 0.000 0.000 0.000 0.000 0.000 0.000 0.000 0.000 0.000 0.000 0.000 0.219 0.485 0.803 0.992 0.917 0.991 0.921 0.640 
0.000 0.000 0.000 0.000 0.000 0.000 0.000 0.000 0.000 0.000 0.000 0.000 0.000 0.000 0.000 0.000 0.000 0.000 0.000 0.000 0.000 0.000 0.000 0.000 0.000 0.000 0.000 0.000 0.000 0.000 0.000 0.000 0.000 0.000 0.000 0.000 0.000 0.000 0.000 0.000 0.000 0.000 0.000 0.000 0.185 0.431 0.751 0.977 0.949 0.974 
# 0 3 12 50
0.954 0.974 0.950 0.977 0.750 0.430 0.184 0.000 0.000 0.000 0.000 0.000 0.000 0.000 0.000 0.000 0.000 0.000 0.000 0.000 0.000 0.000 0.000 0.000 0.000 0.000 0.000 0.000 0.000 0.000 0.000 0.000 0.000 0.000 0.000 0.000 0.000 0.000 0.000 0.000 0.000 0.000 0.000 0.000 0.000 0.000 0.000 0.000 0.000 0.000 
0.000 0.130 0.335 0.644 0.924 0.991 0.920 0.992 0.800 0.482 0.217 0.000 0.000 0.000 0.000 0.000 0.000 0.000 0.000 0.000 0.000 0.000 0.000 0.000 0.000 0.000 0.000 0.000 0.000 0.000 0.000 0.000 0.000 0.000 0.000 0.000 0.000 0.000 0.000 0.000 0.000 0.000 0.000 0.000 0.000 0.000 0.000 0.000 0.000 0.000 
0.000 0.000 0.000 0.000 0.000 0.108 0.292 0.589 0.888 0.999 0.883 1.000 0.846 0.535 0.253 0.000 0.000 0.000 0.000 0.000 0.000 0.000 0.000 0.000 0.000 0.000 0.000 0.000 0.000 0.000 0.000 0.000 0.000 0.000 0.000 0.000 0.000 0.000 0.000 0.000 0.000 0.000 0.000 0.000 0.000 0.000 0.000 0.000 0.000 0.000 
0.000 0.000 0.000 0.000 0.000 0.000 0.000 0.000 0.000 0.000 0.253 0.535 0.846 1.000 0.883 0.999 0.888 0.589 0.292 0.108 0.000 0.000 0.000 0.000 0.000 0.000 0.000 0.000 0.000 0.000 0.000 0.000 0.000 0.000 0.000 0.000 0.000 0.000 0.000 0.000 0.000 0.000 0.000 0.000 0.000 0.000 0.000 0.000 0.000 0.000 
0.000 0.000 0.000 0.000 0.000 0.000 0.000 0.000 0.000 0.000 0.000 0.000 0.000 0.000 0.217 0.482 0.800 0.992 0.920 0.991 0.924 0.644 0.335 0.130 0.000 0.000 0.000 0.000 0.000 0.000 0.000 0.000 0.000 0.000 0.000 0.000 0.000 0.000 0.000 0.000 0.000 0.000 0.000 0.000 0.000 0.000 0.000 0.000 0.000 0.000 
0.000 0.000 0.000 0.000 0.000 0.000 0.000 0.000 0.000 0.000 0.000 0.000 0.000 0.000 0.000 0.000 0.000 0.000 0.184 0.430 0.750 0.977 0.950 0.974 0.954 0.698 0.381 0.156 0.000 0.000 0.000 0.000 0.000 0.000 0.000 0.000 0.000 0.000 0.000 0.000 0.000 0.000 0.000 0.000 0.000 0.000 0.000 0.000 0.000 0.000 
0.000 0.000 0.000 0.000 0.000 0.000 0.000 0.000 0.000 0.000 0.000 0.000 0.000 0.000 0.000 0.000 0.000 0.000 0.000 0.000 0.000 0.000 0.156 0.381 0.698 0.954 0.974 0.950 0.977 0.750 0.430 0.184 0.000 0.000 0.000 0.000 0.000 0.000 0.000 0.000 0.000 0.000 0.000 0.000 0.000 0.000 0.000 0.000 0.000 0.000 
0.000 0.000 0.000 0.000 0.000 0.000 0.000 0.000 0.000 0.000 0.000 0.000 0.000 0.000 0.000 0.000 0.000 0.000 0.000 0.000 0.000 0.000 0.000 0.000 0.000 0.000 0.130 0.335 0.644 0.924 0.991 0.920 0.992 0.800 0.482 0.217 0.000 0.000 0.000 0.000 0.000 0.000 0.000 0.000 0.000 0.000 0.000 0.000 0.000 0.000 
0.000 0.000 0.000 0.000 0.000 0.000 0.000 0.000 0.000 0.000 0.000 0.000 0.000 0.000 0.000 0.000 0.000 0.000 0.000 0.000 0.000 0.000 0.000 0.000 0.000 0.000 0.000 0.000 0.000 0.000 0.108 0.292 0.589 0.888 0.999 0.883 1.000 0.846 0.535 0.253 0.000 0.000 0.000 0.000 0.000 0.000 0.000 0.000 0.000 0.000 
0.000 0.000 0.000 0.000 0.000 0.000 0.000 0.000 0.000 0.000 0.000 0.000 0.000 0.000 0.000 0.000 0.000 0.000 0.000 0.000 0.000 0.000 0.000 0.000 0.000 0.000 0.000 0.000 0.000 0.000 0.000 0.000 0.000 0.000 0.000 0.253 0.535 0.846 1.000 0.883 0.999 0.888 0.589 0.292 0.108 0.000 0.000 0.000 0.000 0.000 
0.000 0.000 0.000 0.000 0.000 0.000 0.000 0.000 0.000 0.000 0.000 0.000 0.000 0.000 0.000 0.000 0.000 0.000 0.000 0.000 0.000 0.000 0.000 0.000 0.000 0.000 0.000 0.000 0.000 0.000 0.000 0.000 0.000 0.000 0.000 0.000 0.000 0.000 0.000 0.217 0.482 0.800 0.992 0.920 0.991 0.924 0.644 0.335 0.130 0.000 
0.000 0.000 0.000 0.000 0.000 0.000 0.000 0.000 0.000 0.000 0.000 0.000 0.000 0.000 0.000 0.000 0.000 0.000 0.000 0.000 0.000 0.000 0.000 0.000 0.000 0.000 0.000 0.000 0.000 0.000 0.000 0.000 0.000 0.000 0.000 0.000 0.000 0.000 0.000 0.000 0.000 0.000 0.000 0.184 0.430 0.750 0.977 0.950 0.974 0.954 
# 0 4 11 50
0.919 0.992 0.914 0.993 0.806 0.489 0.221 0.000 0.000 0.000 0.000 0.000 0.000 0.000 0.000 0.000 0.000 0.000 0.000 0.000 0.000 0.000 0.000 0.000 0.000 0.000 0.000 0.000 0.000 0.000 0.000 0.000 0.000 0.000 0.000 0.000 0.000 0.000 0.000 0.000 0.000 0.000 0.000 0.000 0.000 0.000 0.000 0.000 0.000 0.000 
0.000 0.000 0.203 0.460 0.780 0.987 0.933 0.984 0.937 0.666 0.353 0.140 0.000 0.000 0.000 0.000 0.000 0.000 0.000 0.000 0.000 0.000 0.000 0.000 0.000 0.000 0.000 0.000 0.000 0.000 0.000 0.000 0.000 0.000 0.000 0.000 0.000 0.000 0.000 0.000 0.000 0.000 0.000 0.000 0.000 0.000 0.000 0.000 0.000 0.000 
0.000 0.000 0.000 0.000 0.000 0.000 0.115 0.305 0.606 0.900 0.997 0.895 0.998 0.831 0.517 0.241 0.000 0.000 0.000 0.000 0.000 0.000 0.000 0.000 0.000 0.000 0.000 0.000 0.000 0.000 0.000 0.000 0.000 0.000 0.000 0.000 0.000 0.000 0.000 0.000 0.000 0.000 0.000 0.000 0.000 0.000 0.000 0.000 0.000 0.000 
0.000 0.000 0.000 0.000 0.000 0.000 0.000 0.000 0.000 0.000 0.000 0.186 0.432 0.752 0.977 0.949 0.975 0.952 0.695 0.379 0.154 0.000 0.000 0.000 0.000 0.000 0.000 0.000 0.000 0.000 0.000 0.000 0.000 0.000 0.000 0.000 0.000 0.000 0.000 0.000 0.000 0.000 0.000 0.000 0.000 0.000 0.000 0.000 0.000 0.000 
0.000 0.000 0.000 0.000 0.000 0.000 0.000 0.000 0.000 0.000 0.000 0.000 0.000 0.000 0.000 0.103 0.283 0.576 0.878 1.000 0.873 1.000 0.856 0.547 0.261 0.000 0.000 0.000 0.000 0.000 0.000 0.000 0.000 0.000 0.000 0.000 0.000 0.000 0.000 0.000 0.000 0.000 0.000 0.000 0.000 0.000 0.000 0.000 0.000 0.000 
0.000 0.000 0.000 0.000 0.000 0.000 0.000 0.000 0.000 0.000 0.000 0.000 0.000 0.000 0.000 0.000 0.000 0.000 0.000 0.000 0.169 0.405 0.724 0.966 0.963 0.963 0.966 0.724 0.405 0.169 0.000 0.000 0.000 0.000 0.000 0.000 0.000 0.000 0.000 0.000 0.000 0.000 0.000 0.000 0.000 0.000 0.000 0.000 0.000 0.000 
0.000 0.000 0.000 0.000 0.000 0.000 0.000 0.000 0.000 0.000 0.000 0.000 0.000 0.000 0.000 0.000 0.000 0.000 0.000 0.000 0.000 0.000 0.000 0.000 0.000 0.261 0.547 0.856 1.000 0.873 1.000 0.878 0.576 0.283 0.103 0.000 0.000 0.000 0.000 0.000 0.000 0.000 0.000 0.000 0.000 0.000 0.000 0.000 0.000 0.000 
0.000 0.000 0.000 0.000 0.000 0.000 0.000 0.000 0.000 0.000 0.000 0.000 0.000 0.000 0.000 0.000 0.000 0.000 0.000 0.000 0.000 0.000 0.000 0.000 0.000 0.000 0.000 0.000 0.000 0.154 0.379 0.695 0.952 0.975 0.949 0.977 0.752 0.432 0.186 0.000 0.000 0.000 0.000 0.000 0.000 0.000 0.000 0.000 0.000 0.000 
0.000 0.000 0.000 0.000 0.000 0.000 0.000 0.000 0.000 0.000 0.000 0.000 0.000 0.000 0.000 0.000 0.000 0.000 0.000 0.000 0.000 0.000 0.000 0.000 0.000 0.000 0.000 0.000 0.000 0.000 0.000 0.000 0.000 0.000 0.241 0.517 0.831 0.998 0.895 0.997 0.900 0.606 0.305 0.115 0.000 0.000 0.000 0.000 0.000 0.000 
0.000 0.000 0.000 0.000 0.000 0.000 0.000 0.000 0.000 0.000 0.000 0.000 0.000 0.000 0.000 0.000 0.000 0.000 0.000 0.000 0.000 0.000 0.000 0.000 0.000 0.000 0.000 0.000 0.000 0.000 0.000 0.000 0.000 0.000 0.000 0.000 0.000 0.000 0.140 0.353 0.666 0.937 0.984 0.933 0.987 0.780 0.460 0.203 0.000 0.000 
0.000 0.000 0.000 0.000 0.000 0.000 0.000 0.000 0.000 0.000 0.000 0.000 0.000 0.000 0.000 0.000 0.000 0.000 0.000 0.000 0.000 0.000 0.000 0.000 0.000 0.000 0.000 0.000 0.000 0.000 0.000 0.000 0.000 0.000 0.000 0.000 0.000 0.000 0.000 0.000 0.000 0.000 0.000 0.221 0.489 0.806 0.993 0.914 0.992 0.919 
# 1 0 50 22
-0.570 -0.738 -0.883 -0.977 -0.998 -0.943 -0.823 -0.664 -0.495 -0.341 -0.217 -0.128 0.000 0.000 0.000 0.000 0.000 0.000 0.000 0.000 0.000 0.000 
-0.550 -0.665 -0.824 -0.943 -0.998 -0.976 -0.882 -0.737 -0.569 -0.406 -0.268 -0.163 0.000 0.000 0.000 0.000 0.000 0.000 0.000 0.000 0.000 0.000 
-0.625 -0.591 -0.757 -0.898 -0.983 -0.995 -0.931 -0.805 -0.644 -0.475 -0.325 -0.205 -0.119 0.000 0.000 0.000 0.000 0.000 0.000 0.000 0.000 0.000 
-0.699 -0.530 -0.686 -0.841 -0.954 -1.000 -0.968 -0.867 -0.717 -0.548 -0.388 -0.253 -0.153 0.000 0.000 0.000 0.000 0.000 0.000 0.000 0.000 0.000 
-0.770 -0.604 -0.611 -0.776 -0.911 -0.989 -0.992 -0.919 -0.787 -0.623 -0.456 -0.308 -0.193 -0.111 0.000 0.000 0.000 0.000 0.000 0.000 0.000 0.000 
-0.836 -0.679 -0.537 -0.706 -0.858 -0.963 -1.000 -0.959 -0.851 -0.697 -0.528 -0.370 -0.239 -0.143 0.000 0.000 0.000 0.000 0.000 0.000 0.000 0.000 
-0.893 -0.751 -0.584 -0.632 -0.795 -0.924 -0.993 -0.987 -0.906 -0.769 -0.603 -0.437 -0.293 -0.181 -0.104 0.000 0.000 0.000 0.000 0.000 0.000 0.000 
-0.940 -0.818 -0.659 -0.557 -0.725 -0.873 -0.972 -0.999 -0.950 -0.834 -0.677 -0.508 -0.352 -0.226 -0.134 0.000 0.000 0.000 0.000 0.000 0.000 0.000 
-0.974 -0.878 -0.732 -0.564 -0.652 -0.813 -0.936 -0.997 -0.981 -0.892 -0.750 -0.582 -0.418 -0.277 -0.170 0.000 0.000 0.000 0.000 0.000 0.000 0.000 
-0.994 -0.928 -0.801 -0.638 -0.577 -0.745 -0.888 -0.979 -0.997 -0.939 -0.817 -0.657 -0.488 -0.336 -0.213 -0.125 0.000 0.000 0.000 0.000 0.000 0.000 
-1.000 -0.966 -0.863 -0.712 -0.543 -0.672 -0.830 -0.947 -0.999 -0.974 -0.877 -0.730 -0.562 -0.400 -0.263 -0.160 0.000 0.000 0.000 0.000 0.000 0.000 
-0.990 -0.990 -0.916 -0.782 -0.618 -0.598 -0.764 -0.902 -0.985 -0.994 -0.927 -0.799 -0.637 -0.469 -0.319 -0.201 -0.117 0.000 0.000 0.000 0.000 0.000 
-0.965 -1.000 -0.957 -0.847 -0.692 -0.523 -0.692 -0.847 -0.957 -1.000 -0.965 -0.862 -0.711 -0.542 -0.382 -0.249 -0.150 0.000 0.000 0.000 0.000 0.000 
-0.927 -0.994 -0.985 -0.902 -0.764 -0.598 -0.618 -0.782 -0.916 -0.990 -0.990 -0.915 -0.781 -0.616 -0.450 -0.303 -0.189 -0.109 0.000 0.000 0.000 0.000 
-0.877 -0.974 -0.999 -0.947 -0.830 -0.672 -0.543 -0.712 -0.863 -0.966 -1.000 -0.956 -0.845 -0.691 -0.522 -0.364 -0.235 -0.140 0.000 0.000 0.000 0.000 
-0.817 -0.939 -0.997 -0.979 -0.888 -0.745 -0.577 -0.638 -0.801 -0.928 -0.994 -0.985 -0.901 -0.762 -0.596 -0.431 -0.288 -0.177 -0.101 0.000 0.000 0.000 
-0.750 -0.892 -0.981 -0.997 -0.936 -0.813 -0.652 -0.564 -0.732 -0.878 -0.974 -0.999 -0.946 -0.829 -0.671 -0.502 -0.347 -0.222 -0.131 0.000 0.000 0.000 
-0.677 -0.834 -0.950 -0.999 -0.972 -0.873 -0.725 -0.557 -0.659 -0.818 -0.940 -0.997 -0.978 -0.887 -0.743 -0.576 -0.412 -0.273 -0.167 0.000 0.000 0.000 
-0.603 -0.769 -0.906 -0.987 -0.993 -0.924 -0.795 -0.632 -0.584 -0.751 -0.893 -0.981 -0.996 -0.935 -0.811 -0.650 -0.482 -0.330 -0.209 -0.122 0.000 0.000 
-0.528 -0.697 -0.851 -0.959 -1.000 -0.963 -0.858 -0.706 -0.537 -0.679 -0.836 -0.950 -0.999 -0.971 -0.872 -0.724 -0.555 -0.394 -0.258 -0.156 0.000 0.000 
-0.456 -0.623 -0.787 -0.919 -0.992 -0.989 -0.911 -0.776 -0.611 -0.604 -0.770 -0.907 -0.987 -0.993 -0.923 -0.793 -0.630 -0.462 -0.314 -0.197 -0.114 0.000 
-0.388 -0.548 -0.717 -0.867 -0.968 -1.000 -0.954 -0.841 -0.686 -0.530 -0.699 -0.852 -0.960 -1.000 -0.963 -0.856 -0.704 -0.535 -0.376 -0.244 -0.146 0.000 
-0.325 -0.475 -0.644 -0.805 -0.931 -0.995 -0.983 -0.898 -0.757 -0.591 -0.625 -0.789 -0.920 -0.992 -0.988 -0.910 -0.775 -0.610 -0.443 -0.298 -0.185 -0.106 
-0.268 -0.406 -0.569 -0.737 -0.882 -0.976 -0.998 -0.943 -0.824 -0.665 -0.550 -0.719 -0.868 -0.969 -1.000 -0.953 -0.840 -0.684 -0.515 -0.358 -0.230 -0.137 
-0.217 -0.341 -0.495 -0.664 -0.823 -0.943 -0.998 -0.977 -0.883 -0.738 -0.570 -0.645 -0.807 -0.932 -0.996 -0.983 -0.897 -0.756 -0.589 -0.424 -0.282 -0.174 
-0.174 -0.282 -0.424 -0.589 -0.756 -0.897 -0.983 -0.996 -0.932 -0.807 -0.645 -0.570 -0.738 -0.883 -0.977 -0.998 -0.943 -0.823 -0.664 -0.495 -0.341 -0.217 
-0.137 -0.230 -0.358 -0.515 -0.684 -0.840 -0.953 -1.000 -0.969 -0.868 -0.719 -0.550 -0.665 -0.824 -0.943 -0.998 -0.976 -0.882 -0.737 -0.569 -0.406 -0.268 
-0.106 -0.185 -0.298 -0.443 -0.610 -0.775 -0.910 -0.988 -0.992 -0.920 -0.789 -0.625 -0.591 -0.757 -0.898 -0.983 -0.995 -0.931 -0.805 -0.644 -0.475 -0.325 
0.000 -0.146 -0.244 -0.376 -0.535 -0.704 -0.856 -0.963 -1.000 -0.960 -0.852 -0.699 -0.530 -0.686 -0.841 -0.954 -1.000 -0.968 -0.867 -0.717 -0.548 -0.388 
0.000 -0.114 -0.197 -0.314 -0.462 -0.630 -0.793 -0.923 -0.993 -0.987 -0.907 -0.770 -0.604 -0.611 -0.776 -0.911 -0.989 -0.992 -0.919 -0.787 -0.623 -0.456 
0.000 0.000 -0.156 -0.258 -0.394 -0.555 -0.724 -0.872 -0.971 -0.999 -0.950 -0.836 -0.679 -0.537 -0.706 -0.858 -0.963 -1.000 -0.959 -0.851 -0.697 -0.528 
0.000 0.000 -0.122 -0.209 -0.330 -0.482 -0.650 -0.811 -0.935 -0.996 -0.981 -0.893 -0.751 -0.584 -0.632 -0.795 -0.924 -0.993 -0.987 -0.906 -0.769 -0.603 
0.000 0.000 0.000 -0.167 -0.273 -0.412 -0.576 -0.743 -0.887 -0.978 -0.997 -0.940 -0.818 -0.659 -0.557 -0.725 -0.873 -0.972 -0.999 -0.950 -0.834 -0.677 
0.000 0.000 0.000 -0.131 -0.222 -0.347 -0.502 -0.671 -0.829 -0.946 -0.999 -0.974 -0.878 -0.732 -0.564 -0.652 -0.813 -0.936 -0.997 -0.981 -0.892 -0.750 
0.000 0.000 0.000 -0.101 -0.177 -0.288 -0.431 -0.596 -0.762 -0.901 -0.985 -0.994 -0.928 -0.801 -0.638 -0.577 -0.745 -0.888 -0.979 -0.997 -0.939 -0.817 
0.000 0.000 0.000 0.000 -0.140 -0.235 -0.364 -0.522 -0.691 -0.845 -0.956 -1.000 -0.966 -0.863 -0.712 -0.543 -0.672 -0.830 -0.947 -0.999 -0.974 -0.877 
0.000 0.000 0.000 0.000 -0.109 -0.189 -0.303 -0.450 -0.616 -0.781 -0.915 -0.990 -0.990 -0.916 -0.782 -0.618 -0.598 -0.764 -0.902 -0.985 -0.994 -0.927 
0.000 0.000 0.000 0.000 0.000 -0.150 -0.249 -0.382 -0.542 -0.711 -0.862 -0.965 -1.000 -0.957 -0.847 -0.692 -0.523 -0.692 -0.847 -0.957 -1.000 -0.965 
0.000 0.000 0.000 0.000 0.000 -0.117 -0.201 -0.319 -0.469 -0.637 -0.799 -0.927 -0.994 -0.985 -0.902 -0.764 -0.598 -0.618 -0.782 -0.916 -0.990 -0.990 
0.000 0.000 0.000 0.000 0.000 0.000 -0.160 -0.263 -0.400 -0.562 -0.730 -0.877 -0.974 -0.999 -0.947 -0.830 -0.672 -0.543 -0.712 -0.863 -0.966 -1.000 
0.000 0.000 0.000 0.000 0.000 0.000 -0.125 -0.213 -0.336 -0.488 -0.657 -0.817 -0.939 -0.997 -0.979 -0.888 -0.745 -0.577 -0.638 -0.801 -0.928 -0.994 
0.000 0.000 0.000 0.000 0.000 0.000 0.000 -0.170 -0.277 -0.418 -0.582 -0.750 -0.892 -0.981 -0.997 -0.936 -0.813 -0.652 -0.564 -0.732 -0.878 -0.974 
0.000 0.000 0.000 0.000 0.000 0.000 0.000 -0.134 -0.226 -0.352 -0.508 -0.677 -0.834 -0.950 -0.999 -0.972 -0.873 -0.725 -0.557 -0.659 -0.818 -0.940 
0.000 0.000 0.000 0.000 0.000 0.000 0.000 -0.104 -0.181 -0.293 -0.437 -0.603 -0.769 -0.906 -0.987 -0.993 -0.924 -0.795 -0.632 -0.584 -0.751 -0.893 
0.000 0.000 0.000 0.000 0.000 0.000 0.000 0.000 -0.143 -0.239 -0.370 -0.528 -0.697 -0.851 -0.959 -1.000 -0.963 -0.858 -0.706 -0.537 -0.679 -0.836 
0.000 0.000 0.000 0.000 0.000 0.000 0.000 0.000 -0.111 -0.193 -0.308 -0.456 -0.623 -0.787 -0.919 -0.992 -0.989 -0.911 -0.776 -0.611 -0.604 -0.770 
0.000 0.000 0.000 0.000 0.000 0.000 0.000 0.000 0.000 -0.153 -0.253 -0.388 -0.548 -0.717 -0.867 -0.968 -1.000 -0.954 -0.841 -0.686 -0.530 -0.699 
0.000 0.000 0.000 0.000 0.000 0.000 0.000 0.000 0.000 -0.119 -0.205 -0.325 -0.475 -0.644 -0.805 -0.931 -0.995 -0.983 -0.898 -0.757 -0.591 -0.625 
0.000 0.000 0.000 0.000 0.000 0.000 0.000 0.000 0.000 0.000 -0.163 -0.268 -0.406 -0.569 -0.737 -0.882 -0.976 -0.998 -0.943 -0.824 -0.665 -0.550 
0.000 0.000 0.000 0.000 0.000 0.000 0.000 0.000 0.000 0.000 -0.128 -0.217 -0.341 -0.495 -0.664 -0.823 -0.943 -0.998 -0.977 -0.883 -0.738 -0.570 
# 1 2 23 22
-0.527 -0.696 -0.850 -0.959 -1.000 -0.964 -0.859 -0.707 -0.538 -0.378 -0.246 -0.148 0.000 0.000 0.000 0.000 0.000 0.000 0.000 0.000 0.000 0.000 
-0.681 -0.534 -0.703 -0.856 -0.962 -1.000 -0.961 -0.853 -0.700 -0.531 -0.372 -0.241 -0.144 0.000 0.000 0.000 0.000 0.000 0.000 0.000 0.000 0.000 
-0.832 -0.674 -0.541 -0.710 -0.861 -0.965 -1.000 -0.957 -0.847 -0.693 -0.523 -0.366 -0.236 -0.141 0.000 0.000 0.000 0.000 0.000 0.000 0.000 0.000 
-0.944 -0.825 -0.667 -0.549 -0.717 -0.867 -0.968 -1.000 -0.954 -0.841 -0.685 -0.516 -0.359 -0.231 -0.137 0.000 0.000 0.000 0.000 0.000 0.000 0.000 
-0.998 -0.940 -0.819 -0.659 -0.556 -0.725 -0.873 -0.971 -0.999 -0.950 -0.835 -0.678 -0.509 -0.353 -0.226 -0.134 0.000 0.000 0.000 0.000 0.000 0.000 
-0.981 -0.997 -0.936 -0.813 -0.652 -0.563 -0.732 -0.878 -0.974 -0.999 -0.946 -0.829 -0.671 -0.502 -0.347 -0.222 -0.131 0.000 0.000 0.000 0.000 0.000 
-0.897 -0.983 -0.996 -0.932 -0.806 -0.645 -0.571 -0.739 -0.884 -0.977 -0.998 -0.942 -0.822 -0.663 -0.495 -0.341 -0.217 -0.128 0.000 0.000 0.000 0.000 
-0.763 -0.902 -0.985 -0.994 -0.928 -0.800 -0.637 -0.578 -0.746 -0.889 -0.979 -0.997 -0.938 -0.816 -0.656 -0.487 -0.335 -0.212 -0.125 0.000 0.000 0.000 
-0.604 -0.770 -0.907 -0.987 -0.993 -0.923 -0.793 -0.630 -0.586 -0.753 -0.894 -0.982 -0.996 -0.934 -0.810 -0.649 -0.480 -0.329 -0.208 -0.122 0.000 0.000 
-0.445 -0.612 -0.777 -0.912 -0.989 -0.991 -0.919 -0.787 -0.623 -0.593 -0.760 -0.899 -0.984 -0.995 -0.930 -0.803 -0.641 -0.473 -0.323 -0.203 -0.119 0.000 
-0.305 -0.452 -0.619 -0.784 -0.916 -0.991 -0.990 -0.914 -0.780 -0.615 -0.600 -0.766 -0.904 -0.986 -0.994 -0.926 -0.797 -0.634 -0.466 -0.317 -0.199 -0.116 
-0.195 -0.311 -0.459 -0.627 -0.790 -0.921 -0.992 -0.988 -0.909 -0.773 -0.608 -0.608 -0.773 -0.909 -0.988 -0.992 -0.921 -0.790 -0.627 -0.459 -0.311 -0.195 
-0.116 -0.199 -0.317 -0.466 -0.634 -0.797 -0.926 -0.994 -0.986 -0.904 -0.766 -0.600 -0.615 -0.780 -0.914 -0.990 -0.991 -0.916 -0.784 -0.619 -0.452 -0.305 
0.000 -0.119 -0.203 -0.323 -0.473 -0.641 -0.803 -0.930 -0.995 -0.984 -0.899 -0.760 -0.593 -0.623 -0.787 -0.919 -0.991 -0.989 -0.912 -0.777 -0.612 -0.445 
0.000 0.000 -0.122 -0.208 -0.329 -0.480 -0.649 -0.810 -0.934 -0.996 -0.982 -0.894 -0.753 -0.586 -0.630 -0.793 -0.923 -0.993 -0.987 -0.907 -0.770 -0.604 
0.000 0.000 0.000 -0.125 -0.212 -0.335 -0.487 -0.656 -0.816 -0.938 -0.997 -0.979 -0.889 -0.746 -0.578 -0.637 -0.800 -0.928 -0.994 -0.985 -0.902 -0.763 
0.000 0.000 0.000 0.000 -0.128 -0.217 -0.341 -0.495 -0.663 -0.822 -0.942 -0.998 -0.977 -0.884 -0.739 -0.571 -0.645 -0.806 -0.932 -0.996 -0.983 -0.897 
0.000 0.000 0.000 0.000 0.000 -0.131 -0.222 -0.347 -0.502 -0.671 -0.829 -0.946 -0.999 -0.974 -0.878 -0.732 -0.563 -0.652 -0.813 -0.936 -0.997 -0.981 
0.000 0.000 0.000 0.000 0.000 0.000 -0.134 -0.226 -0.353 -0.509 -0.678 -0.835 -0.950 -0.999 -0.971 -0.873 -0.725 -0.556 -0.659 -0.819 -0.940 -0.998 
0.000 0.000 0.000 0.000 0.000 0.000 0.000 -0.137 -0.231 -0.359 -0.516 -0.685 -0.841 -0.954 -1.000 -0.968 -0.867 -0.717 -0.549 -0.667 -0.825 -0.944 
0.000 0.000 0.000 0.000 0.000 0.000 0.000 0.000 -0.141 -0.236 -0.366 -0.523 -0.693 -0.847 -0.957 -1.000 -0.965 -0.861 -0.710 -0.541 -0.674 -0.832 
0.000 0.000 0.000 0.000 0.000 0.000 0.000 0.000 0.000 -0.144 -0.241 -0.372 -0.531 -0.700 -0.853 -0.961 -1.000 -0.962 -0.856 -0.703 -0.534 -0.681 
0.000 0.000 0.000 0.000 0.000 0.000 0.000 0.000 0.000 0.000 -0.148 -0.246 -0.378 -0.538 -0.707 -0.859 -0.964 -1.000 -0.959 -0.850 -0.696 -0.527 
# 1 3 12 22
-0.594 -0.622 -0.786 -0.918 -0.991 -0.989 -0.912 -0.777 -0.612 -0.446 -0.300 -0.187 -0.107 0.000 0.000 0.000 0.000 0.000 0.000 0.000 0.000 0.000 
-0.880 -0.733 -0.565 -0.650 -0.811 -0.935 -0.996 -0.981 -0.893 -0.751 -0.584 -0.420 -0.279 -0.171 0.000 0.000 0.000 0.000 0.000 0.000 0.000 0.000 
-1.000 -0.963 -0.858 -0.706 -0.537 -0.678 -0.835 -0.950 -0.999 -0.971 -0.872 -0.724 -0.556 -0.394 -0.258 -0.156 0.000 0.000 0.000 0.000 0.000 0.000 
-0.872 -0.971 -0.999 -0.950 -0.835 -0.678 -0.537 -0.706 -0.858 -0.963 -1.000 -0.959 -0.850 -0.697 -0.528 -0.369 -0.239 -0.143 0.000 0.000 0.000 0.000 
-0.584 -0.751 -0.893 -0.981 -0.996 -0.935 -0.811 -0.650 -0.565 -0.733 -0.880 -0.975 -0.999 -0.945 -0.827 -0.669 -0.500 -0.345 -0.221 -0.130 0.000 0.000 
-0.300 -0.446 -0.612 -0.777 -0.912 -0.989 -0.991 -0.918 -0.786 -0.622 -0.594 -0.760 -0.900 -0.984 -0.995 -0.930 -0.803 -0.641 -0.473 -0.322 -0.203 -0.118 
-0.118 -0.203 -0.322 -0.473 -0.641 -0.803 -0.930 -0.995 -0.984 -0.900 -0.760 -0.594 -0.622 -0.786 -0.918 -0.991 -0.989 -0.912 -0.777 -0.612 -0.446 -0.300 
0.000 0.000 -0.130 -0.221 -0.345 -0.500 -0.669 -0.827 -0.945 -0.999 -0.975 -0.880 -0.733 -0.565 -0.650 -0.811 -0.935 -0.996 -0.981 -0.893 -0.751 -0.584 
0.000 0.000 0.000 0.000 -0.143 -0.239 -0.369 -0.528 -0.697 -0.850 -0.959 -1.000 -0.963 -0.858 -0.706 -0.537 -0.678 -0.835 -0.950 -0.999 -0.971 -0.872 
0.000 0.000 0.000 0.000 0.000 0.000 -0.156 -0.258 -0.394 -0.556 -0.724 -0.872 -0.971 -0.999 -0.950 -0.835 -0.678 -0.537 -0.706 -0.858 -0.963 -1.000 
0.000 0.000 0.000 0.000 0.000 0.000 0.000 0.000 -0.171 -0.279 -0.420 -0.584 -0.751 -0.893 -0.981 -0.996 -0.935 -0.811 -0.650 -0.565 -0.733 -0.880 
0.000 0.000 0.000 0.000 0.000 0.000 0.000 0.000 0.000 -0.107 -0.187 -0.300 -0.446 -0.612 -0.777 -0.912 -0.989 -0.991 -0.918 -0.786 -0.622 -0.594 
# 2 0 50 23
-0.567 -0.730 -0.873 -0.969 -1.000 -0.958 -0.852 -0.704 -0.541 -0.386 -0.256 -0.157 0.000 0.000 0.000 0.000 0.000 0.000 0.000 0.000 0.000 0.000 0.000 
-0.554 -0.656 -0.812 -0.932 -0.995 -0.986 -0.908 -0.776 -0.616 -0.455 -0.312 -0.198 -0.117 0.000 0.000 0.000 0.000 0.000 0.000 0.000 0.000 0.000 0.000 
-0.630 -0.581 -0.743 -0.883 -0.974 -0.999 -0.951 -0.842 -0.692 -0.528 -0.374 -0.246 -0.151 0.000 0.000 0.000 0.000 0.000 0.000 0.000 0.000 0.000 0.000 
-0.705 -0.541 -0.669 -0.823 -0.940 -0.997 -0.982 -0.899 -0.764 -0.603 -0.442 -0.301 -0.191 -0.112 0.000 0.000 0.000 0.000 0.000 0.000 0.000 0.000 0.000 
-0.776 -0.617 -0.594 -0.755 -0.892 -0.979 -0.998 -0.945 -0.831 -0.679 -0.515 -0.363 -0.238 -0.144 0.000 0.000 0.000 0.000 0.000 0.000 0.000 0.000 0.000 
-0.842 -0.692 -0.528 -0.682 -0.834 -0.947 -0.998 -0.978 -0.890 -0.752 -0.590 -0.430 -0.291 -0.183 -0.107 0.000 0.000 0.000 0.000 0.000 0.000 0.000 0.000 
-0.899 -0.764 -0.604 -0.607 -0.767 -0.901 -0.983 -0.996 -0.938 -0.820 -0.666 -0.502 -0.352 -0.229 -0.138 0.000 0.000 0.000 0.000 0.000 0.000 0.000 0.000 
-0.945 -0.831 -0.679 -0.532 -0.695 -0.845 -0.953 -0.999 -0.973 -0.880 -0.739 -0.577 -0.418 -0.282 -0.176 -0.102 0.000 0.000 0.000 0.000 0.000 0.000 0.000 
-0.978 -0.890 -0.752 -0.591 -0.620 -0.779 -0.910 -0.987 -0.994 -0.930 -0.808 -0.653 -0.489 -0.341 -0.221 -0.133 0.000 0.000 0.000 0.000 0.000 0.000 0.000 
-0.996 -0.938 -0.820 -0.666 -0.545 -0.708 -0.855 -0.960 -1.000 -0.968 -0.870 -0.727 -0.564 -0.406 -0.272 -0.169 0.000 0.000 0.000 0.000 0.000 0.000 0.000 
-0.999 -0.973 -0.880 -0.740 -0.577 -0.633 -0.791 -0.918 -0.990 -0.992 -0.922 -0.797 -0.639 -0.477 -0.330 -0.212 -0.127 0.000 0.000 0.000 0.000 0.000 0.000 
-0.987 -0.994 -0.930 -0.809 -0.653 -0.558 -0.721 -0.866 -0.965 -1.000 -0.962 -0.860 -0.714 -0.551 -0.394 -0.262 -0.162 0.000 0.000 0.000 0.000 0.000 0.000 
-0.959 -1.000 -0.968 -0.871 -0.727 -0.564 -0.646 -0.803 -0.926 -0.993 -0.988 -0.914 -0.785 -0.626 -0.464 -0.319 -0.204 -0.121 0.000 0.000 0.000 0.000 0.000 
-0.918 -0.990 -0.992 -0.923 -0.797 -0.640 -0.571 -0.733 -0.875 -0.971 -1.000 -0.956 -0.850 -0.701 -0.538 -0.383 -0.253 -0.156 0.000 0.000 0.000 0.000 0.000 
-0.865 -0.965 -1.000 -0.962 -0.860 -0.715 -0.551 -0.660 -0.814 -0.934 -0.995 -0.985 -0.905 -0.773 -0.613 -0.452 -0.309 -0.196 -0.116 0.000 0.000 0.000 0.000 
-0.803 -0.926 -0.993 -0.989 -0.914 -0.785 -0.627 -0.584 -0.746 -0.885 -0.976 -0.999 -0.950 -0.839 -0.688 -0.525 -0.371 -0.244 -0.149 0.000 0.000 0.000 0.000 
-0.733 -0.875 -0.970 -1.000 -0.956 -0.850 -0.702 -0.538 -0.673 -0.826 -0.941 -0.997 -0.981 -0.896 -0.761 -0.600 -0.439 -0.299 -0.189 -0.111 0.000 0.000 0.000 
-0.659 -0.814 -0.934 -0.995 -0.985 -0.906 -0.773 -0.614 -0.597 -0.758 -0.894 -0.980 -0.997 -0.943 -0.828 -0.675 -0.512 -0.360 -0.235 -0.143 0.000 0.000 0.000 
-0.583 -0.746 -0.885 -0.975 -0.999 -0.950 -0.839 -0.689 -0.525 -0.686 -0.837 -0.948 -0.999 -0.977 -0.887 -0.749 -0.587 -0.427 -0.289 -0.181 -0.106 0.000 0.000 
-0.509 -0.672 -0.825 -0.941 -0.997 -0.981 -0.897 -0.761 -0.600 -0.610 -0.770 -0.903 -0.984 -0.996 -0.936 -0.817 -0.662 -0.499 -0.349 -0.227 -0.137 0.000 0.000 
-0.436 -0.597 -0.758 -0.894 -0.980 -0.998 -0.943 -0.828 -0.676 -0.535 -0.699 -0.847 -0.955 -0.999 -0.972 -0.878 -0.736 -0.574 -0.415 -0.279 -0.174 -0.101 0.000 
-0.369 -0.521 -0.685 -0.836 -0.948 -0.999 -0.977 -0.888 -0.749 -0.587 -0.623 -0.782 -0.912 -0.988 -0.993 -0.928 -0.806 -0.649 -0.486 -0.338 -0.218 -0.131 0.000 
-0.307 -0.449 -0.610 -0.770 -0.903 -0.984 -0.996 -0.936 -0.817 -0.663 -0.548 -0.711 -0.858 -0.961 -1.000 -0.966 -0.868 -0.724 -0.560 -0.403 -0.270 -0.167 0.000 
-0.251 -0.380 -0.534 -0.698 -0.847 -0.955 -0.999 -0.972 -0.878 -0.737 -0.574 -0.637 -0.794 -0.920 -0.991 -0.991 -0.920 -0.794 -0.636 -0.474 -0.327 -0.210 -0.125 
-0.202 -0.317 -0.461 -0.623 -0.782 -0.912 -0.988 -0.994 -0.928 -0.806 -0.650 -0.561 -0.724 -0.868 -0.967 -1.000 -0.961 -0.858 -0.711 -0.547 -0.392 -0.260 -0.161 
-0.161 -0.260 -0.392 -0.547 -0.711 -0.858 -0.961 -1.000 -0.967 -0.868 -0.724 -0.561 -0.650 -0.806 -0.928 -0.994 -0.988 -0.912 -0.782 -0.623 -0.461 -0.317 -0.202 
-0.125 -0.210 -0.327 -0.474 -0.636 -0.794 -0.920 -0.991 -0.991 -0.920 -0.794 -0.637 -0.574 -0.737 -0.878 -0.972 -0.999 -0.955 -0.847 -0.698 -0.534 -0.380 -0.251 
0.000 -0.167 -0.270 -0.403 -0.560 -0.724 -0.868 -0.966 -1.000 -0.961 -0.858 -0.711 -0.548 -0.663 -0.817 -0.936 -0.996 -0.984 -0.903 -0.770 -0.610 -0.449 -0.307 
0.000 -0.131 -0.218 -0.338 -0.486 -0.649 -0.806 -0.928 -0.993 -0.988 -0.912 -0.782 -0.623 -0.587 -0.749 -0.888 -0.977 -0.999 -0.948 -0.836 -0.685 -0.521 -0.369 
0.000 -0.101 -0.174 -0.279 -0.415 -0.574 -0.736 -0.878 -0.972 -0.999 -0.955 -0.847 -0.699 -0.535 -0.676 -0.828 -0.943 -0.998 -0.980 -0.894 -0.758 -0.597 -0.436 
0.000 0.000 -0.137 -0.227 -0.349 -0.499 -0.662 -0.817 -0.936 -0.996 -0.984 -0.903 -0.770 -0.610 -0.600 -0.761 -0.897 -0.981 -0.997 -0.941 -0.825 -0.672 -0.509 
0.000 0.000 -0.106 -0.181 -0.289 -0.427 -0.587 -0.749 -0.887 -0.977 -0.999 -0.948 -0.837 -0.686 -0.525 -0.689 -0.839 -0.950 -0.999 -0.975 -0.885 -0.746 -0.583 
0.000 0.000 0.000 -0.143 -0.235 -0.360 -0.512 -0.675 -0.828 -0.943 -0.997 -0.980 -0.894 -0.758 -0.597 -0.614 -0.773 -0.906 -0.985 -0.995 -0.934 -0.814 -0.659 
0.000 0.000 0.000 -0.111 -0.189 -0.299 -0.439 -0.600 -0.761 -0.896 -0.981 -0.997 -0.941 -0.826 -0.673 -0.538 -0.702 -0.850 -0.956 -1.000 -0.970 -0.875 -0.733 
0.000 0.000 0.000 0.000 -0.149 -0.244 -0.371 -0.525 -0.688 -0.839 -0.950 -0.999 -0.976 -0.885 -0.746 -0.584 -0.627 -0.785 -0.914 -0.989 -0.993 -0.926 -0.803 
0.000 0.000 0.000 0.000 -0.116 -0.196 -0.309 -0.452 -0.613 -0.773 -0.905 -0.985 -0.995 -0.934 -0.814 -0.660 -0.551 -0.715 -0.860 -0.962 -1.000 -0.965 -0.865 
0.000 0.000 0.000 0.000 0.000 -0.156 -0.253 -0.383 -0.538 -0.701 -0.850 -0.956 -1.000 -0.971 -0.875 -0.733 -0.571 -0.640 -0.797 -0.923 -0.992 -0.990 -0.918 
0.000 0.000 0.000 0.000 0.000 -0.121 -0.204 -0.319 -0.464 -0.626 -0.785 -0.914 -0.988 -0.993 -0.926 -0.803 -0.646 -0.564 -0.727 -0.871 -0.968 -1.000 -0.959 
0.000 0.000 0.000 0.000 0.000 0.000 -0.162 -0.262 -0.394 -0.551 -0.714 -0.860 -0.962 -1.000 -0.965 -0.866 -0.721 -0.558 -0.653 -0.809 -0.930 -0.994 -0.987 
0.000 0.000 0.000 0.000 0.000 0.000 -0.127 -0.212 -0.330 -0.477 -0.639 -0.797 -0.922 -0.992 -0.990 -0.918 -0.791 -0.633 -0.577 -0.740 -0.880 -0.973 -0.999 
0.000 0.000 0.000 0.000 0.000 0.000 0.000 -0.169 -0.272 -0.406 -0.564 -0.727 -0.870 -0.968 -1.000 -0.960 -0.855 -0.708 -0.545 -0.666 -0.820 -0.938 -0.996 
0.000 0.000 0.000 0.000 0.000 0.000 0.000 -0.133 -0.221 -0.341 -0.489 -0.653 -0.808 -0.930 -0.994 -0.987 -0.910 -0.779 -0.620 -0.591 -0.752 -0.890 -0.978 
0.000 0.000 0.000 0.000 0.000 0.000 0.000 -0.102 -0.176 -0.282 -0.418 -0.577 -0.739 -0.880 -0.973 -0.999 -0.953 -0.845 -0.695 -0.532 -0.679 -0.831 -0.945 
0.000 0.000 0.000 0.000 0.000 0.000 0.000 0.000 -0.138 -0.229 -0.352 -0.502 -0.666 -0.820 -0.938 -0.996 -0.983 -0.901 -0.767 -0.607 -0.604 -0.764 -0.899 
0.000 0.000 0.000 0.000 0.000 0.000 0.000 0.000 -0.107 -0.183 -0.291 -0.430 -0.590 -0.752 -0.890 -0.978 -0.998 -0.947 -0.834 -0.682 -0.528 -0.692 -0.842 
0.000 0.000 0.000 0.000 0.000 0.000 0.000 0.000 0.000 -0.144 -0.238 -0.363 -0.515 -0.679 -0.831 -0.945 -0.998 -0.979 -0.892 -0.755 -0.594 -0.617 -0.776 
0.000 0.000 0.000 0.000 0.000 0.000 0.000 0.000 0.000 -0.112 -0.191 -0.301 -0.442 -0.603 -0.764 -0.899 -0.982 -0.997 -0.940 -0.823 -0.669 -0.541 -0.705 
0.000 0.000 0.000 0.000 0.000 0.000 0.000 0.000 0.000 0.000 -0.151 -0.246 -0.374 -0.528 -0.692 -0.842 -0.951 -0.999 -0.974 -0.883 -0.743 -0.581 -0.630 
0.000 0.000 0.000 0.000 0.000 0.000 0.000 0.000 0.000 0.000 -0.117 -0.198 -0.312 -0.455 -0.616 -0.776 -0.908 -0.986 -0.995 -0.932 -0.812 -0.656 -0.554 
0.000 0.000 0.000 0.000 0.000 0.000 0.000 0.000 0.000 0.000 0.000 -0.157 -0.256 -0.386 -0.541 -0.704 -0.852 -0.958 -1.000 -0.969 -0.873 -0.730 -0.567 
# 2 1 22 23
-0.527 -0.684 -0.835 -0.947 -0.998 -0.977 -0.889 -0.751 -0.589 -0.429 -0.290 -0.183 -0.107 0.000 0.000 0.000 0.000 0.000 0.000 0.000 0.000 0.000 0.000 
-0.698 -0.535 -0.676 -0.829 -0.943 -0.998 -0.980 -0.894 -0.758 -0.596 -0.436 -0.296 -0.187 -0.109 0.000 0.000 0.000 0.000 0.000 0.000 0.000 0.000 0.000 
-0.853 -0.706 -0.542 -0.669 -0.822 -0.939 -0.997 -0.982 -0.899 -0.765 -0.604 -0.443 -0.302 -0.191 -0.112 0.000 0.000 0.000 0.000 0.000 0.000 0.000 0.000 
-0.962 -0.859 -0.713 -0.549 -0.661 -0.816 -0.935 -0.996 -0.984 -0.904 -0.771 -0.611 -0.450 -0.308 -0.195 -0.115 0.000 0.000 0.000 0.000 0.000 0.000 0.000 
-1.000 -0.965 -0.865 -0.720 -0.557 -0.654 -0.810 -0.931 -0.994 -0.987 -0.909 -0.778 -0.619 -0.457 -0.314 -0.200 -0.118 0.000 0.000 0.000 0.000 0.000 0.000 
-0.959 -1.000 -0.968 -0.871 -0.727 -0.564 -0.646 -0.803 -0.926 -0.993 -0.988 -0.914 -0.785 -0.626 -0.464 -0.319 -0.204 -0.121 0.000 0.000 0.000 0.000 0.000 
-0.849 -0.956 -1.000 -0.971 -0.876 -0.734 -0.572 -0.639 -0.796 -0.922 -0.991 -0.990 -0.919 -0.792 -0.634 -0.471 -0.325 -0.209 -0.124 0.000 0.000 0.000 0.000 
-0.693 -0.843 -0.952 -0.999 -0.974 -0.882 -0.741 -0.579 -0.632 -0.790 -0.917 -0.990 -0.992 -0.923 -0.798 -0.641 -0.478 -0.332 -0.213 -0.128 0.000 0.000 0.000 
-0.522 -0.686 -0.837 -0.948 -0.999 -0.977 -0.887 -0.748 -0.587 -0.624 -0.783 -0.913 -0.988 -0.993 -0.928 -0.805 -0.649 -0.486 -0.338 -0.218 -0.131 0.000 0.000 
-0.363 -0.515 -0.678 -0.831 -0.945 -0.998 -0.979 -0.892 -0.755 -0.594 -0.617 -0.776 -0.908 -0.986 -0.995 -0.932 -0.811 -0.656 -0.493 -0.344 -0.223 -0.134 0.000 
-0.232 -0.356 -0.507 -0.671 -0.824 -0.941 -0.997 -0.982 -0.898 -0.762 -0.602 -0.609 -0.769 -0.903 -0.984 -0.996 -0.936 -0.818 -0.664 -0.500 -0.350 -0.228 -0.137 
-0.137 -0.228 -0.350 -0.500 -0.664 -0.818 -0.936 -0.996 -0.984 -0.903 -0.769 -0.609 -0.602 -0.762 -0.898 -0.982 -0.997 -0.941 -0.824 -0.671 -0.507 -0.356 -0.232 
0.000 -0.134 -0.223 -0.344 -0.493 -0.656 -0.811 -0.932 -0.995 -0.986 -0.908 -0.776 -0.617 -0.594 -0.755 -0.892 -0.979 -0.998 -0.945 -0.831 -0.678 -0.515 -0.363 
0.000 0.000 -0.131 -0.218 -0.338 -0.486 -0.649 -0.805 -0.928 -0.993 -0.988 -0.913 -0.783 -0.624 -0.587 -0.748 -0.887 -0.977 -0.999 -0.948 -0.837 -0.686 -0.522 
0.000 0.000 0.000 -0.128 -0.213 -0.332 -0.478 -0.641 -0.798 -0.923 -0.992 -0.990 -0.917 -0.790 -0.632 -0.579 -0.741 -0.882 -0.974 -0.999 -0.952 -0.843 -0.693 
0.000 0.000 0.000 0.000 -0.124 -0.209 -0.325 -0.471 -0.634 -0.792 -0.919 -0.990 -0.991 -0.922 -0.796 -0.639 -0.572 -0.734 -0.876 -0.971 -1.000 -0.956 -0.849 
0.000 0.000 0.000 0.000 0.000 -0.121 -0.204 -0.319 -0.464 -0.626 -0.785 -0.914 -0.988 -0.993 -0.926 -0.803 -0.646 -0.564 -0.727 -0.871 -0.968 -1.000 -0.959 
0.000 0.000 0.000 0.000 0.000 0.000 -0.118 -0.200 -0.314 -0.457 -0.619 -0.778 -0.909 -0.987 -0.994 -0.931 -0.810 -0.654 -0.557 -0.720 -0.865 -0.965 -1.000 
0.000 0.000 0.000 0.000 0.000 0.000 0.000 -0.115 -0.195 -0.308 -0.450 -0.611 -0.771 -0.904 -0.984 -0.996 -0.935 -0.816 -0.661 -0.549 -0.713 -0.859 -0.962 
0.000 0.000 0.000 0.000 0.000 0.000 0.000 0.000 -0.112 -0.191 -0.302 -0.443 -0.604 -0.765 -0.899 -0.982 -0.997 -0.939 -0.822 -0.669 -0.542 -0.706 -0.853 
0.000 0.000 0.000 0.000 0.000 0.000 0.000 0.000 0.000 -0.109 -0.187 -0.296 -0.436 -0.596 -0.758 -0.894 -0.980 -0.998 -0.943 -0.829 -0.676 -0.535 -0.698 
0.000 0.000 0.000 0.000 0.000 0.000 0.000 0.000 0.000 0.000 -0.107 -0.183 -0.290 -0.429 -0.589 -0.751 -0.889 -0.977 -0.998 -0.947 -0.835 -0.684 -0.527 
# 2 3 12 23
-0.598 -0.612 -0.772 -0.905 -0.985 -0.995 -0.935 -0.815 -0.660 -0.497 -0.347 -0.226 -0.136 0.000 0.000 0.000 0.000 0.000 0.000 0.000 0.000 0.000 0.000 
-0.886 -0.747 -0.585 -0.626 -0.785 -0.914 -0.988 -0.993 -0.927 -0.803 -0.647 -0.484 -0.336 -0.217 -0.130 0.000 0.000 0.000 0.000 0.000 0.000 0.000 0.000 
-1.000 -0.971 -0.876 -0.734 -0.571 -0.640 -0.797 -0.922 -0.992 -0.990 -0.918 -0.791 -0.633 -0.471 -0.325 -0.208 -0.124 0.000 0.000 0.000 0.000 0.000 0.000 
-0.860 -0.962 -1.000 -0.965 -0.865 -0.721 -0.557 -0.653 -0.809 -0.931 -0.994 -0.987 -0.910 -0.779 -0.619 -0.458 -0.314 -0.200 -0.119 0.000 0.000 0.000 0.000 
-0.565 -0.728 -0.871 -0.968 -1.000 -0.959 -0.855 -0.707 -0.544 -0.667 -0.821 -0.938 -0.996 -0.983 -0.900 -0.766 -0.606 -0.445 -0.303 -0.192 -0.113 0.000 0.000 
-0.283 -0.419 -0.578 -0.741 -0.881 -0.974 -0.999 -0.953 -0.844 -0.694 -0.530 -0.680 -0.832 -0.946 -0.998 -0.978 -0.891 -0.754 -0.592 -0.432 -0.293 -0.184 -0.108 
-0.108 -0.184 -0.293 -0.432 -0.592 -0.754 -0.891 -0.978 -0.998 -0.946 -0.832 -0.680 -0.530 -0.694 -0.844 -0.953 -0.999 -0.974 -0.881 -0.741 -0.578 -0.419 -0.283 
0.000 0.000 -0.113 -0.192 -0.303 -0.445 -0.606 -0.766 -0.900 -0.983 -0.996 -0.938 -0.821 -0.667 -0.544 -0.707 -0.855 -0.959 -1.000 -0.968 -0.871 -0.728 -0.565 
0.000 0.000 0.000 0.000 -0.119 -0.200 -0.314 -0.458 -0.619 -0.779 -0.910 -0.987 -0.994 -0.931 -0.809 -0.653 -0.557 -0.721 -0.865 -0.965 -1.000 -0.962 -0.860 
0.000 0.000 0.000 0.000 0.000 0.000 -0.124 -0.208 -0.325 -0.471 -0.633 -0.791 -0.918 -0.990 -0.992 -0.922 -0.797 -0.640 -0.571 -0.734 -0.876 -0.971 -1.000 
0.000 0.000 0.000 0.000 0.000 0.000 0.000 0.000 -0.130 -0.217 -0.336 -0.484 -0.647 -0.803 -0.927 -0.993 -0.988 -0.914 -0.785 -0.626 -0.585 -0.747 -0.886 
0.000 0.000 0.000 0.000 0.000 0.000 0.000 0.000 0.000 0.000 -0.136 -0.226 -0.347 -0.497 -0.660 -0.815 -0.935 -0.995 -0.985 -0.905 -0.772 -0.612 -0.598 
# 3 0 50 12
0.516 0.838 0.999 0.874 0.561 0.265 0.000 0.000 0.000 0.000 0.000 0.000 
0.439 0.768 0.985 0.929 0.642 0.326 0.121 0.000 0.000 0.000 0.000 0.000 
0.426 0.690 0.955 0.969 0.722 0.395 0.158 0.000 0.000 0.000 0.000 0.000 
0.503 0.610 0.908 0.993 0.797 0.469 0.203 0.000 0.000 0.000 0.000 0.000 
0.583 0.529 0.849 1.000 0.864 0.548 0.255 0.000 0.000 0.000 0.000 0.000 
0.664 0.451 0.780 0.989 0.920 0.629 0.315 0.116 0.000 0.000 0.000 0.000 
0.742 0.414 0.704 0.961 0.963 0.709 0.383 0.152 0.000 0.000 0.000 0.000 
0.816 0.490 0.623 0.917 0.990 0.785 0.456 0.195 0.000 0.000 0.000 0.000 
0.880 0.569 0.543 0.860 1.000 0.853 0.535 0.246 0.000 0.000 0.000 0.000 
0.933 0.650 0.464 0.792 0.992 0.912 0.615 0.305 0.111 0.000 0.000 0.000 
0.972 0.730 0.402 0.717 0.967 0.957 0.696 0.371 0.145 0.000 0.000 0.000 
0.995 0.804 0.477 0.637 0.925 0.987 0.772 0.444 0.187 0.000 0.000 0.000 
1.000 0.870 0.556 0.556 0.870 1.000 0.843 0.521 0.237 0.000 0.000 0.000 
0.987 0.925 0.637 0.477 0.804 0.995 0.903 0.602 0.294 0.106 0.000 0.000 
0.957 0.967 0.717 0.402 0.730 0.972 0.951 0.682 0.359 0.139 0.000 0.000 
0.912 0.992 0.792 0.464 0.650 0.933 0.983 0.760 0.431 0.180 0.000 0.000 
0.853 1.000 0.860 0.543 0.569 0.880 0.999 0.832 0.508 0.228 0.000 0.000 
0.785 0.990 0.917 0.623 0.490 0.816 0.997 0.894 0.588 0.284 0.101 0.000 
0.709 0.963 0.961 0.704 0.414 0.742 0.977 0.944 0.669 0.348 0.133 0.000 
0.629 0.920 0.989 0.780 0.451 0.664 0.941 0.979 0.747 0.419 0.172 0.000 
0.548 0.864 1.000 0.849 0.529 0.583 0.890 0.997 0.820 0.495 0.219 0.000 
0.469 0.797 0.993 0.908 0.610 0.503 0.827 0.998 0.884 0.575 0.274 0.000 
0.395 0.722 0.969 0.955 0.690 0.426 0.755 0.981 0.936 0.656 0.337 0.127 
0.326 0.642 0.929 0.985 0.768 0.439 0.677 0.948 0.974 0.735 0.407 0.165 
0.265 0.561 0.874 0.999 0.838 0.516 0.596 0.899 0.995 0.809 0.482 0.211 
0.211 0.482 0.809 0.995 0.899 0.596 0.516 0.838 0.999 0.874 0.561 0.265 
0.165 0.407 0.735 0.974 0.948 0.677 0.439 0.768 0.985 0.929 0.642 0.326 
0.127 0.337 0.656 0.936 0.981 0.755 0.426 0.690 0.955 0.969 0.722 0.395 
0.000 0.274 0.575 0.884 0.998 0.827 0.503 0.610 0.908 0.993 0.797 0.469 
0.000 0.219 0.495 0.820 0.997 0.890 0.583 0.529 0.849 1.000 0.864 0.548 
0.000 0.172 0.419 0.747 0.979 0.941 0.664 0.451 0.780 0.989 0.920 0.629 
0.000 0.133 0.348 0.669 0.944 0.977 0.742 0.414 0.704 0.961 0.963 0.709 
0.000 0.101 0.284 0.588 0.894 0.997 0.816 0.490 0.623 0.917 0.990 0.785 
0.000 0.000 0.228 0.508 0.832 0.999 0.880 0.569 0.543 0.860 1.000 0.853 
0.000 0.000 0.180 0.431 0.760 0.983 0.933 0.650 0.464 0.792 0.992 0.912 
0.000 0.000 0.139 0.359 0.682 0.951 0.972 0.730 0.402 0.717 0.967 0.957 
0.000 0.000 0.106 0.294 0.602 0.903 0.995 0.804 0.477 0.637 0.925 0.987 
0.000 0.000 0.000 0.237 0.521 0.843 1.000 0.870 0.556 0.556 0.870 1.000 
0.000 0.000 0.000 0.187 0.444 0.772 0.987 0.925 0.637 0.477 0.804 0.995 
0.000 0.000 0.000 0.145 0.371 0.696 0.957 0.967 0.717 0.402 0.730 0.972 
0.000 0.000 0.000 0.111 0.305 0.615 0.912 0.992 0.792 0.464 0.650 0.933 
0.000 0.000 0.000 0.000 0.246 0.535 0.853 1.000 0.860 0.543 0.569 0.880 
0.000 0.000 0.000 0.000 0.195 0.456 0.785 0.990 0.917 0.623 0.490 0.816 
0.000 0.000 0.000 0.000 0.152 0.383 0.709 0.963 0.961 0.704 0.414 0.742 
0.000 0.000 0.000 0.000 0.116 0.315 0.629 0.920 0.989 0.780 0.451 0.664 
0.000 0.000 0.000 0.000 0.000 0.255 0.548 0.864 1.000 0.849 0.529 0.583 
0.000 0.000 0.000 0.000 0.000 0.203 0.469 0.797 0.993 0.908 0.610 0.503 
0.000 0.000 0.000 0.000 0.000 0.158 0.395 0.722 0.969 0.955 0.690 0.426 
0.000 0.000 0.000 0.000 0.000 0.121 0.326 0.642 0.929 0.985 0.768 0.439 
0.000 0.000 0.000 0.000 0.000 0.000 0.265 0.561 0.874 0.999 0.838 0.516 
# 3 1 22 12
0.466 0.794 0.993 0.911 0.613 0.303 0.110 0.000 0.000 0.000 0.000 0.000 
0.496 0.617 0.913 0.992 0.790 0.462 0.198 0.000 0.000 0.000 0.000 0.000 
0.678 0.438 0.767 0.985 0.930 0.644 0.327 0.122 0.000 0.000 0.000 0.000 
0.846 0.526 0.587 0.893 0.997 0.817 0.492 0.217 0.000 0.000 0.000 0.000 
0.963 0.708 0.410 0.738 0.975 0.946 0.674 0.352 0.135 0.000 0.000 0.000 
1.000 0.870 0.556 0.556 0.870 1.000 0.843 0.521 0.237 0.000 0.000 0.000 
0.946 0.975 0.738 0.410 0.708 0.963 0.961 0.704 0.378 0.149 0.000 0.000 
0.817 0.997 0.893 0.587 0.526 0.846 1.000 0.867 0.552 0.258 0.000 0.000 
0.644 0.930 0.985 0.767 0.438 0.678 0.949 0.974 0.734 0.406 0.165 0.000 
0.462 0.790 0.992 0.913 0.617 0.496 0.821 0.998 0.890 0.582 0.280 0.000 
0.303 0.613 0.911 0.993 0.794 0.466 0.648 0.932 0.984 0.762 0.434 0.181 
0.181 0.434 0.762 0.984 0.932 0.648 0.466 0.794 0.993 0.911 0.613 0.303 
0.000 0.280 0.582 0.890 0.998 0.821 0.496 0.617 0.913 0.992 0.790 0.462 
0.000 0.165 0.406 0.734 0.974 0.949 0.678 0.438 0.767 0.985 0.930 0.644 
0.000 0.000 0.258 0.552 0.867 1.000 0.846 0.526 0.587 0.893 0.997 0.817 
0.000 0.000 0.149 0.378 0.704 0.961 0.963 0.708 0.410 0.738 0.975 0.946 
0.000 0.000 0.000 0.237 0.521 0.843 1.000 0.870 0.556 0.556 0.870 1.000 
0.000 0.000 0.000 0.135 0.352 0.674 0.946 0.975 0.738 0.410 0.708 0.963 
0.000 0.000 0.000 0.000 0.217 0.492 0.817 0.997 0.893 0.587 0.526 0.846 
0.000 0.000 0.000 0.000 0.122 0.327 0.644 0.930 0.985 0.767 0.438 0.678 
0.000 0.000 0.000 0.000 0.000 0.198 0.462 0.790 0.992 0.913 0.617 0.496 
0.000 0.000 0.000 0.000 0.000 0.110 0.303 0.613 0.911 0.993 0.794 0.466 
# 3 2 23 12
0.470 0.798 0.993 0.908 0.609 0.300 0.108 0.000 0.000 0.000 0.000 0.000 
0.484 0.629 0.921 0.989 0.779 0.451 0.191 0.000 0.000 0.000 0.000 0.000 
0.658 0.456 0.785 0.990 0.917 0.623 0.311 0.114 0.000 0.000 0.000 0.000 
0.823 0.498 0.615 0.912 0.992 0.793 0.465 0.200 0.000 0.000 0.000 0.000 
0.946 0.673 0.443 0.771 0.987 0.926 0.638 0.323 0.120 0.000 0.000 0.000 
0.999 0.835 0.513 0.600 0.902 0.995 0.805 0.479 0.209 0.000 0.000 0.000 
0.970 0.953 0.687 0.429 0.758 0.982 0.935 0.653 0.335 0.126 0.000 0.000 
0.866 1.000 0.847 0.527 0.585 0.892 0.997 0.818 0.493 0.218 0.000 0.000 
0.710 0.964 0.960 0.702 0.416 0.744 0.978 0.943 0.667 0.347 0.132 0.000 
0.536 0.854 1.000 0.859 0.542 0.571 0.881 0.999 0.831 0.507 0.227 0.000 
0.371 0.696 0.957 0.966 0.716 0.402 0.730 0.972 0.950 0.682 0.359 0.139 
0.237 0.521 0.843 1.000 0.870 0.556 0.556 0.870 1.000 0.843 0.521 0.237 
0.139 0.359 0.682 0.950 0.972 0.730 0.402 0.716 0.966 0.957 0.696 0.371 
0.000 0.227 0.507 0.831 0.999 0.881 0.571 0.542 0.859 1.000 0.854 0.536 
0.000 0.132 0.347 0.667 0.943 0.978 0.744 0.416 0.702 0.960 0.964 0.710 
0.000 0.000 0.218 0.493 0.818 0.997 0.892 0.585 0.527 0.847 1.000 0.866 
0.000 0.000 0.126 0.335 0.653 0.935 0.982 0.758 0.429 0.687 0.953 0.970 
0.000 0.000 0.000 0.209 0.479 0.805 0.995 0.902 0.600 0.513 0.835 0.999 
0.000 0.000 0.000 0.120 0.323 0.638 0.926 0.987 0.771 0.443 0.673 0.946 
0.000 0.000 0.000 0.000 0.200 0.465 0.793 0.992 0.912 0.615 0.498 0.823 
0.000 0.000 0.000 0.000 0.114 0.311 0.623 0.917 0.990 0.785 0.456 0.658 
0.000 0.000 0.000 0.000 0.000 0.191 0.451 0.779 0.989 0.921 0.629 0.484 
0.000 0.000 0.000 0.000 0.000 0.108 0.300 0.609 0.908 0.993 0.798 0.470 
