1.902473
5
# 0 1 25 50
0.000 0.000 0.105 0.146 0.197 0.260 0.333 0.417 0.508 0.604 0.700 0.791 0.872 0.936 0.980 1.000 0.995 0.965 0.913 0.841 0.756 0.662 0.566 0.471 0.382 0.302 0.233 0.175 0.129 0.000 0.000 0.000 0.000 0.000 0.000 0.000 0.000 0.000 0.000 0.000 0.000 0.000 0.000 0.000 0.000 0.000 0.000 0.000 0.000 0.000 
0.146 0.105 0.000 0.000 0.105 0.146 0.197 0.260 0.333 0.417 0.508 0.604 0.700 0.791 0.872 0.936 0.980 1.000 0.995 0.965 0.913 0.841 0.756 0.662 0.566 0.471 0.382 0.302 0.233 0.175 0.129 0.000 0.000 0.000 0.000 0.000 0.000 0.000 0.000 0.000 0.000 0.000 0.000 0.000 0.000 0.000 0.000 0.000 0.000 0.000 
0.260 0.197 0.146 0.105 0.000 0.000 0.105 0.146 0.197 0.260 0.333 0.417 0.508 0.604 0.700 0.791 0.872 0.936 0.980 1.000 0.995 0.965 0.913 0.841 0.756 0.662 0.566 0.471 0.382 0.302 0.233 0.175 0.129 0.000 0.000 0.000 0.000 0.000 0.000 0.000 0.000 0.000 0.000 0.000 0.000 0.000 0.000 0.000 0.000 0.000 
0.417 0.333 0.260 0.197 0.146 0.105 0.000 0.000 0.105 0.146 0.197 0.260 0.333 0.417 0.508 0.604 0.700 0.791 0.872 0.936 0.980 1.000 0.995 0.965 0.913 0.841 0.756 0.662 0.566 0.471 0.382 0.302 0.233 0.175 0.129 0.000 0.000 0.000 0.000 0.000 0.000 0.000 0.000 0.000 0.000 0.000 0.000 0.000 0.000 0.000 
0.604 0.508 0.417 0.333 0.260 0.197 0.146 0.105 0.000 0.000 0.105 0.146 0.197 0.260 0.333 0.417 0.508 0.604 0.700 0.791 0.872 0.936 0.980 1.000 0.995 0.965 0.913 0.841 0.756 0.662 0.566 0.471 0.382 0.302 0.233 0.175 0.129 0.000 0.000 0.000 0.000 0.000 0.000 0.000 0.000 0.000 0.000 0.000 0.000 0.000 
0.791 0.700 0.604 0.508 0.417 0.333 0.260 0.197 0.146 0.105 0.000 0.000 0.105 0.146 0.197 0.260 0.333 0.417 0.508 0.604 0.700 0.791 0.872 0.936 0.980 1.000 0.995 0.965 0.913 0.841 0.756 0.662 0.566 0.471 0.382 0.302 0.233 0.175 0.129 0.000 0.000 0.000 0.000 0.000 0.000 0.000 0.000 0.000 0.000 0.000 
0.936 0.872 0.791 0.700 0.604 0.508 0.417 0.333 0.260 0.197 0.146 0.105 0.000 0.000 0.105 0.146 0.197 0.260 0.333 0.417 0.508 0.604 0.700 0.791 0.872 0.936 0.980 1.000 0.995 0.965 0.913 0.841 0.756 0.662 0.566 0.471 0.382 0.302 0.233 0.175 0.129 0.000 0.000 0.000 0.000 0.000 0.000 0.000 0.000 0.000 
1.000 0.980 0.936 0.872 0.791 0.700 0.604 0.508 0.417 0.333 0.260 0.197 0.146 0.105 0.000 0.000 0.105 0.146 0.197 0.260 0.333 0.417 0.508 0.604 0.700 0.791 0.872 0.936 0.980 1.000 0.995 0.965 0.913 0.841 0.756 0.662 0.566 0.471 0.382 0.302 0.233 0.175 0.129 0.000 0.000 0.000 0.000 0.000 0.000 0.000 
0.965 0.995 1.000 0.980 0.936 0.872 0.791 0.700 0.604 0.508 0.417 0.333 0.260 0.197 0.146 0.105 0.000 0.000 0.105 0.146 0.197 0.260 0.333 0.417 0.508 0.604 0.700 0.791 0.872 0.936 0.980 1.000 0.995 0.965 0.913 0.841 0.756 0.662 0.566 0.471 0.382 0.302 0.233 0.175 0.129 0.000 0.000 0.000 0.000 0.000 
0.841 0.913 0.965 0.995 1.000 0.980 0.936 0.872 0.791 0.700 0.604 0.508 0.417 0.333 0.260 0.197 0.146 0.105 0.000 0.000 0.105 0.146 0.197 0.260 0.333 0.417 0.508 0.604 0.700 0.791 0.872 0.936 0.980 1.000 0.995 0.965 0.913 0.841 0.756 0.662 0.566 0.471 0.382 0.302 0.233 0.175 0.129 0.000 0.000 0.000 
0.662 0.756 0.841 0.913 0.965 0.995 1.000 0.980 0.936 0.872 0.791 0.700 0.604 0.508 0.417 0.333 0.260 0.197 0.146 0.105 0.000 0.000 0.105 0.146 0.197 0.260 0.333 0.417 0.508 0.604 0.700 0.791 0.872 0.936 0.980 1.000 0.995 0.965 0.913 0.841 0.756 0.662 0.566 0.471 0.382 0.302 0.233 0.175 0.129 0.000 
0.471 0.566 0.662 0.756 0.841 0.913 0.965 0.995 1.000 0.980 0.936 0.872 0.791 0.700 0.604 0.508 0.417 0.333 0.260 0.197 0.146 0.105 0.000 0.000 0.105 0.146 0.197 0.260 0.333 0.417 0.508 0.604 0.700 0.791 0.872 0.936 0.980 1.000 0.995 0.965 0.913 0.841 0.756 0.662 0.566 0.471 0.382 0.302 0.233 0.175 
0.302 0.382 0.471 0.566 0.662 0.756 0.841 0.913 0.965 0.995 1.000 0.980 0.936 0.872 0.791 0.700 0.604 0.508 0.417 0.333 0.260 0.197 0.146 0.105 0.000 0.000 0.105 0.146 0.197 0.260 0.333 0.417 0.508 0.604 0.700 0.791 0.872 0.936 0.980 1.000 0.995 0.965 0.913 0.841 0.756 0.662 0.566 0.471 0.382 0.302 
0.175 0.233 0.302 0.382 0.471 0.566 0.662 0.756 0.841 0.913 0.965 0.995 1.000 0.980 0.936 0.872 0.791 0.700 0.604 0.508 0.417 0.333 0.260 0.197 0.146 0.105 0.000 0.000 0.105 0.146 0.197 0.260 0.333 0.417 0.508 0.604 0.700 0.791 0.872 0.936 0.980 1.000 0.995 0.965 0.913 0.841 0.756 0.662 0.566 0.471 
0.000 0.129 0.175 0.233 0.302 0.382 0.471 0.566 0.662 0.756 0.841 0.913 0.965 0.995 1.000 0.980 0.936 0.872 0.791 0.700 0.604 0.508 0.417 0.333 0.260 0.197 0.146 0.105 0.000 0.000 0.105 0.146 0.197 0.260 0.333 0.417 0.508 0.604 0.700 0.791 0.872 0.936 0.980 1.000 0.995 0.965 0.913 0.841 0.756 0.662 
0.000 0.000 0.000 0.129 0.175 0.233 0.302 0.382 0.471 0.566 0.662 0.756 0.841 0.913 0.965 0.995 1.000 0.980 0.936 0.872 0.791 0.700 0.604 0.508 0.417 0.333 0.260 0.197 0.146 0.105 0.000 0.000 0.105 0.146 0.197 0.260 0.333 0.417 0.508 0.604 0.700 0.791 0.872 0.936 0.980 1.000 0.995 0.965 0.913 0.841 
0.000 0.000 0.000 0.000 0.000 0.129 0.175 0.233 0.302 0.382 0.471 0.566 0.662 0.756 0.841 0.913 0.965 0.995 1.000 0.980 0.936 0.872 0.791 0.700 0.604 0.508 0.417 0.333 0.260 0.197 0.146 0.105 0.000 0.000 0.105 0.146 0.197 0.260 0.333 0.417 0.508 0.604 0.700 0.791 0.872 0.936 0.980 1.000 0.995 0.965 
0.000 0.000 0.000 0.000 0.000 0.000 0.000 0.129 0.175 0.233 0.302 0.382 0.471 0.566 0.662 0.756 0.841 0.913 0.965 0.995 1.000 0.980 0.936 0.872 0.791 0.700 0.604 0.508 0.417 0.333 0.260 0.197 0.146 0.105 0.000 0.000 0.105 0.146 0.197 0.260 0.333 0.417 0.508 0.604 0.700 0.791 0.872 0.936 0.980 1.000 
0.000 0.000 0.000 0.000 0.000 0.000 0.000 0.000 0.000 0.129 0.175 0.233 0.302 0.382 0.471 0.566 0.662 0.756 0.841 0.913 0.965 0.995 1.000 0.980 0.936 0.872 0.791 0.700 0.604 0.508 0.417 0.333 0.260 0.197 0.146 0.105 0.000 0.000 0.105 0.146 0.197 0.260 0.333 0.417 0.508 0.604 0.700 0.791 0.872 0.936 
0.000 0.000 0.000 0.000 0.000 0.000 0.000 0.000 0.000 0.000 0.000 0.129 0.175 0.233 0.302 0.382 0.471 0.566 0.662 0.756 0.841 0.913 0.965 0.995 1.000 0.980 0.936 0.872 0.791 0.700 0.604 0.508 0.417 0.333 0.260 0.197 0.146 0.105 0.000 0.000 0.105 0.146 0.197 0.260 0.333 0.417 0.508 0.604 0.700 0.791 
0.000 0.000 0.000 0.000 0.000 0.000 0.000 0.000 0.000 0.000 0.000 0.000 0.000 0.129 0.175 0.233 0.302 0.382 0.471 0.566 0.662 0.756 0.841 0.913 0.965 0.995 1.000 0.980 0.936 0.872 0.791 0.700 0.604 0.508 0.417 0.333 0.260 0.197 0.146 0.105 0.000 0.000 0.105 0.146 0.197 0.260 0.333 0.417 0.508 0.604 
0.000 0.000 0.000 0.000 0.000 0.000 0.000 0.000 0.000 0.000 0.000 0.000 0.000 0.000 0.000 0.129 0.175 0.233 0.302 0.382 0.471 0.566 0.662 0.756 0.841 0.913 0.965 0.995 1.000 0.980 0.936 0.872 0.791 0.700 0.604 0.508 0.417 0.333 0.260 0.197 0.146 0.105 0.000 0.000 0.105 0.146 0.197 0.260 0.333 0.417 
0.000 0.000 0.000 0.000 0.000 0.000 0.000 0.000 0.000 0.000 0.000 0.000 0.000 0.000 0.000 0.000 0.000 0.129 0.175 0.233 0.302 0.382 0.471 0.566 0.662 0.756 0.841 0.913 0.965 0.995 1.000 0.980 0.936 0.872 0.791 0.700 0.604 0.508 0.417 0.333 0.260 0.197 0.146 0.105 0.000 0.000 0.105 0.146 0.197 0.260 
0.000 0.000 0.000 0.000 0.000 0.000 0.000 0.000 0.000 0.000 0.000 0.000 0.000 0.000 0.000 0.000 0.000 0.000 0.000 0.129 0.175 0.233 0.302 0.382 0.471 0.566 0.662 0.756 0.841 0.913 0.965 0.995 1.000 0.980 0.936 0.872 0.791 0.700 0.604 0.508 0.417 0.333 0.260 0.197 0.146 0.105 0.000 0.000 0.105 0.146 
0.000 0.000 0.000 0.000 0.000 0.000 0.000 0.000 0.000 0.000 0.000 0.000 0.000 0.000 0.000 0.000 0.000 0.000 0.000 0.000 0.000 0.129 0.175 0.233 0.302 0.382 0.471 0.566 0.662 0.756 0.841 0.913 0.965 0.995 1.000 0.980 0.936 0.872 0.791 0.700 0.604 0.508 0.417 0.333 0.260 0.197 0.146 0.105 0.000 0.000 
# 0 2 25 50
0.000 0.000 0.105 0.146 0.197 0.260 0.333 0.417 0.508 0.604 0.700 0.791 0.872 0.936 0.980 1.000 0.995 0.965 0.913 0.841 0.756 0.662 0.566 0.471 0.382 0.302 0.233 0.175 0.129 0.000 0.000 0.000 0.000 0.000 0.000 0.000 0.000 0.000 0.000 0.000 0.000 0.000 0.000 0.000 0.000 0.000 0.000 0.000 0.000 0.000 
0.146 0.105 0.000 0.000 0.105 0.146 0.197 0.260 0.333 0.417 0.508 0.604 0.700 0.791 0.872 0.936 0.980 1.000 0.995 0.965 0.913 0.841 0.756 0.662 0.566 0.471 0.382 0.302 0.233 0.175 0.129 0.000 0.000 0.000 0.000 0.000 0.000 0.000 0.000 0.000 0.000 0.000 0.000 0.000 0.000 0.000 0.000 0.000 0.000 0.000 
0.260 0.197 0.146 0.105 0.000 0.000 0.105 0.146 0.197 0.260 0.333 0.417 0.508 0.604 0.700 0.791 0.872 0.936 0.980 1.000 0.995 0.965 0.913 0.841 0.756 0.662 0.566 0.471 0.382 0.302 0.233 0.175 0.129 0.000 0.000 0.000 0.000 0.000 0.000 0.000 0.000 0.000 0.000 0.000 0.000 0.000 0.000 0.000 0.000 0.000 
0.417 0.333 0.260 0.197 0.146 0.105 0.000 0.000 0.105 0.146 0.197 0.260 0.333 0.417 0.508 0.604 0.700 0.791 0.872 0.936 0.980 1.000 0.995 0.965 0.913 0.841 0.756 0.662 0.566 0.471 0.382 0.302 0.233 0.175 0.129 0.000 0.000 0.000 0.000 0.000 0.000 0.000 0.000 0.000 0.000 0.000 0.000 0.000 0.000 0.000 
0.604 0.508 0.417 0.333 0.260 0.197 0.146 0.105 0.000 0.000 0.105 0.146 0.197 0.260 0.333 0.417 0.508 0.604 0.700 0.791 0.872 0.936 0.980 1.000 0.995 0.965 0.913 0.841 0.756 0.662 0.566 0.471 0.382 0.302 0.233 0.175 0.129 0.000 0.000 0.000 0.000 0.000 0.000 0.000 0.000 0.000 0.000 0.000 0.000 0.000 
0.791 0.700 0.604 0.508 0.417 0.333 0.260 0.197 0.146 0.105 0.000 0.000 0.105 0.146 0.197 0.260 0.333 0.417 0.508 0.604 0.700 0.791 0.872 0.936 0.980 1.000 0.995 0.965 0.913 0.841 0.756 0.662 0.566 0.471 0.382 0.302 0.233 0.175 0.129 0.000 0.000 0.000 0.000 0.000 0.000 0.000 0.000 0.000 0.000 0.000 
0.936 0.872 0.791 0.700 0.604 0.508 0.417 0.333 0.260 0.197 0.146 0.105 0.000 0.000 0.105 0.146 0.197 0.260 0.333 0.417 0.508 0.604 0.700 0.791 0.872 0.936 0.980 1.000 0.995 0.965 0.913 0.841 0.756 0.662 0.566 0.471 0.382 0.302 0.233 0.175 0.129 0.000 0.000 0.000 0.000 0.000 0.000 0.000 0.000 0.000 
1.000 0.980 0.936 0.872 0.791 0.700 0.604 0.508 0.417 0.333 0.260 0.197 0.146 0.105 0.000 0.000 0.105 0.146 0.197 0.260 0.333 0.417 0.508 0.604 0.700 0.791 0.872 0.936 0.980 1.000 0.995 0.965 0.913 0.841 0.756 0.662 0.566 0.471 0.382 0.302 0.233 0.175 0.129 0.000 0.000 0.000 0.000 0.000 0.000 0.000 
0.965 0.995 1.000 0.980 0.936 0.872 0.791 0.700 0.604 0.508 0.417 0.333 0.260 0.197 0.146 0.105 0.000 0.000 0.105 0.146 0.197 0.260 0.333 0.417 0.508 0.604 0.700 0.791 0.872 0.936 0.980 1.000 0.995 0.965 0.913 0.841 0.756 0.662 0.566 0.471 0.382 0.302 0.233 0.175 0.129 0.000 0.000 0.000 0.000 0.000 
0.841 0.913 0.965 0.995 1.000 0.980 0.936 0.872 0.791 0.700 0.604 0.508 0.417 0.333 0.260 0.197 0.146 0.105 0.000 0.000 0.105 0.146 0.197 0.260 0.333 0.417 0.508 0.604 0.700 0.791 0.872 0.936 0.980 1.000 0.995 0.965 0.913 0.841 0.756 0.662 0.566 0.471 0.382 0.302 0.233 0.175 0.129 0.000 0.000 0.000 
0.662 0.756 0.841 0.913 0.965 0.995 1.000 0.980 0.936 0.872 0.791 0.700 0.604 0.508 0.417 0.333 0.260 0.197 0.146 0.105 0.000 0.000 0.105 0.146 0.197 0.260 0.333 0.417 0.508 0.604 0.700 0.791 0.872 0.936 0.980 1.000 0.995 0.965 0.913 0.841 0.756 0.662 0.566 0.471 0.382 0.302 0.233 0.175 0.129 0.000 
0.471 0.566 0.662 0.756 0.841 0.913 0.965 0.995 1.000 0.980 0.936 0.872 0.791 0.700 0.604 0.508 0.417 0.333 0.260 0.197 0.146 0.105 0.000 0.000 0.105 0.146 0.197 0.260 0.333 0.417 0.508 0.604 0.700 0.791 0.872 0.936 0.980 1.000 0.995 0.965 0.913 0.841 0.756 0.662 0.566 0.471 0.382 0.302 0.233 0.175 
0.302 0.382 0.471 0.566 0.662 0.756 0.841 0.913 0.965 0.995 1.000 0.980 0.936 0.872 0.791 0.700 0.604 0.508 0.417 0.333 0.260 0.197 0.146 0.105 0.000 0.000 0.105 0.146 0.197 0.260 0.333 0.417 0.508 0.604 0.700 0.791 0.872 0.936 0.980 1.000 0.995 0.965 0.913 0.841 0.756 0.662 0.566 0.471 0.382 0.302 
0.175 0.233 0.302 0.382 0.471 0.566 0.662 0.756 0.841 0.913 0.965 0.995 1.000 0.980 0.936 0.872 0.791 0.700 0.604 0.508 0.417 0.333 0.260 0.197 0.146 0.105 0.000 0.000 0.105 0.146 0.197 0.260 0.333 0.417 0.508 0.604 0.700 0.791 0.872 0.936 0.980 1.000 0.995 0.965 0.913 0.841 0.756 0.662 0.566 0.471 
0.000 0.129 0.175 0.233 0.302 0.382 0.471 0.566 0.662 0.756 0.841 0.913 0.965 0.995 1.000 0.980 0.936 0.872 0.791 0.700 0.604 0.508 0.417 0.333 0.260 0.197 0.146 0.105 0.000 0.000 0.105 0.146 0.197 0.260 0.333 0.417 0.508 0.604 0.700 0.791 0.872 0.936 0.980 1.000 0.995 0.965 0.913 0.841 0.756 0.662 
0.000 0.000 0.000 0.129 0.175 0.233 0.302 0.382 0.471 0.566 0.662 0.756 0.841 0.913 0.965 0.995 1.000 0.980 0.936 0.872 0.791 0.700 0.604 0.508 0.417 0.333 0.260 0.197 0.146 0.105 0.000 0.000 0.105 0.146 0.197 0.260 0.333 0.417 0.508 0.604 0.700 0.791 0.872 0.936 0.980 1.000 0.995 0.965 0.913 0.841 
0.000 0.000 0.000 0.000 0.000 0.129 0.175 0.233 0.302 0.382 0.471 0.566 0.662 0.756 0.841 0.913 0.965 0.995 1.000 0.980 0.936 0.872 0.791 0.700 0.604 0.508 0.417 0.333 0.260 0.197 0.146 0.105 0.000 0.000 0.105 0.146 0.197 0.260 0.333 0.417 0.508 0.604 0.700 0.791 0.872 0.936 0.980 1.000 0.995 0.965 
0.000 0.000 0.000 0.000 0.000 0.000 0.000 0.129 0.175 0.233 0.302 0.382 0.471 0.566 0.662 0.756 0.841 0.913 0.965 0.995 1.000 0.980 0.936 0.872 0.791 0.700 0.604 0.508 0.417 0.333 0.260 0.197 0.146 0.105 0.000 0.000 0.105 0.146 0.197 0.260 0.333 0.417 0.508 0.604 0.700 0.791 0.872 0.936 0.980 1.000 
0.000 0.000 0.000 0.000 0.000 0.000 0.000 0.000 0.000 0.129 0.175 0.233 0.302 0.382 0.471 0.566 0.662 0.756 0.841 0.913 0.965 0.995 1.000 0.980 0.936 0.872 0.791 0.700 0.604 0.508 0.417 0.333 0.260 0.197 0.146 0.105 0.000 0.000 0.105 0.146 0.197 0.260 0.333 0.417 0.508 0.604 0.700 0.791 0.872 0.936 
0.000 0.000 0.000 0.000 0.000 0.000 0.000 0.000 0.000 0.000 0.000 0.129 0.175 0.233 0.302 0.382 0.471 0.566 0.662 0.756 0.841 0.913 0.965 0.995 1.000 0.980 0.936 0.872 0.791 0.700 0.604 0.508 0.417 0.333 0.260 0.197 0.146 0.105 0.000 0.000 0.105 0.146 0.197 0.260 0.333 0.417 0.508 0.604 0.700 0.791 
0.000 0.000 0.000 0.000 0.000 0.000 0.000 0.000 0.000 0.000 0.000 0.000 0.000 0.129 0.175 0.233 0.302 0.382 0.471 0.566 0.662 0.756 0.841 0.913 0.965 0.995 1.000 0.980 0.936 0.872 0.791 0.700 0.604 0.508 0.417 0.333 0.260 0.197 0.146 0.105 0.000 0.000 0.105 0.146 0.197 0.260 0.333 0.417 0.508 0.604 
0.000 0.000 0.000 0.000 0.000 0.000 0.000 0.000 0.000 0.000 0.000 0.000 0.000 0.000 0.000 0.129 0.175 0.233 0.302 0.382 0.471 0.566 0.662 0.756 0.841 0.913 0.965 0.995 1.000 0.980 0.936 0.872 0.791 0.700 0.604 0.508 0.417 0.333 0.260 0.197 0.146 0.105 0.000 0.000 0.105 0.146 0.197 0.260 0.333 0.417 
0.000 0.000 0.000 0.000 0.000 0.000 0.000 0.000 0.000 0.000 0.000 0.000 0.000 0.000 0.000 0.000 0.000 0.129 0.175 0.233 0.302 0.382 0.471 0.566 0.662 0.756 0.841 0.913 0.965 0.995 1.000 0.980 0.936 0.872 0.791 0.700 0.604 0.508 0.417 0.333 0.260 0.197 0.146 0.105 0.000 0.000 0.105 0.146 0.197 0.260 
0.000 0.000 0.000 0.000 0.000 0.000 0.000 0.000 0.000 0.000 0.000 0.000 0.000 0.000 0.000 0.000 0.000 0.000 0.000 0.129 0.175 0.233 0.302 0.382 0.471 0.566 0.662 0.756 0.841 0.913 0.965 0.995 1.000 0.980 0.936 0.872 0.791 0.700 0.604 0.508 0.417 0.333 0.260 0.197 0.146 0.105 0.000 0.000 0.105 0.146 
0.000 0.000 0.000 0.000 0.000 0.000 0.000 0.000 0.000 0.000 0.000 0.000 0.000 0.000 0.000 0.000 0.000 0.000 0.000 0.000 0.000 0.129 0.175 0.233 0.302 0.382 0.471 0.566 0.662 0.756 0.841 0.913 0.965 0.995 1.000 0.980 0.936 0.872 0.791 0.700 0.604 0.508 0.417 0.333 0.260 0.197 0.146 0.105 0.000 0.000 
# 0 3 3 50
0.540 0.446 0.360 0.283 0.217 0.162 0.118 0.000 0.000 0.000 0.131 0.179 0.237 0.307 0.388 0.477 0.572 0.668 0.762 0.846 0.917 0.968 0.996 0.999 0.978 0.932 0.867 0.786 0.694 0.598 0.502 0.411 0.328 0.255 0.193 0.143 0.103 0.000 0.000 0.000 0.000 0.000 0.000 0.000 0.000 0.000 0.000 0.000 0.000 0.000 
0.302 0.382 0.471 0.566 0.662 0.756 0.841 0.913 0.965 0.995 1.000 0.980 0.936 0.872 0.791 0.700 0.604 0.508 0.417 0.333 0.259 0.197 0.146 0.105 0.000 0.000 0.105 0.146 0.197 0.259 0.333 0.417 0.508 0.604 0.700 0.791 0.872 0.936 0.980 1.000 0.995 0.965 0.913 0.841 0.756 0.662 0.566 0.471 0.382 0.302 
0.000 0.000 0.000 0.000 0.000 0.000 0.000 0.000 0.000 0.000 0.000 0.000 0.000 0.103 0.143 0.193 0.255 0.328 0.411 0.502 0.598 0.694 0.786 0.867 0.932 0.978 0.999 0.996 0.968 0.917 0.846 0.762 0.668 0.572 0.477 0.388 0.307 0.237 0.179 0.131 0.000 0.000 0.000 0.118 0.162 0.217 0.283 0.360 0.446 0.540 
# 0 4 8 50
0.152 0.110 0.000 0.000 0.101 0.140 0.190 0.251 0.323 0.405 0.496 0.591 0.688 0.779 0.861 0.928 0.975 0.998 0.996 0.969 0.919 0.850 0.766 0.674 0.577 0.482 0.392 0.312 0.241 0.182 0.134 0.000 0.000 0.000 0.000 0.000 0.000 0.000 0.000 0.000 0.000 0.000 0.000 0.000 0.000 0.000 0.000 0.000 0.000 0.000 
0.640 0.543 0.450 0.363 0.285 0.219 0.164 0.119 0.000 0.000 0.000 0.129 0.176 0.235 0.304 0.384 0.473 0.567 0.664 0.757 0.842 0.913 0.965 0.994 0.999 0.978 0.934 0.869 0.788 0.697 0.601 0.505 0.414 0.331 0.258 0.196 0.145 0.104 0.000 0.000 0.000 0.000 0.000 0.000 0.000 0.000 0.000 0.000 0.000 0.000 
0.999 0.994 0.965 0.913 0.842 0.757 0.664 0.567 0.473 0.384 0.304 0.235 0.176 0.129 0.000 0.000 0.000 0.119 0.164 0.219 0.285 0.363 0.450 0.543 0.640 0.734 0.822 0.897 0.954 0.989 1.000 0.985 0.947 0.887 0.810 0.721 0.625 0.529 0.436 0.351 0.275 0.210 0.156 0.114 0.000 0.000 0.000 0.000 0.000 0.000 
0.577 0.674 0.766 0.850 0.919 0.969 0.996 0.998 0.975 0.928 0.861 0.779 0.688 0.591 0.496 0.405 0.323 0.251 0.190 0.140 0.101 0.000 0.000 0.110 0.152 0.204 0.268 0.343 0.427 0.519 0.616 0.711 0.801 0.880 0.942 0.983 1.000 0.991 0.959 0.904 0.830 0.744 0.650 0.553 0.459 0.371 0.293 0.225 0.169 0.123 
0.123 0.169 0.225 0.293 0.371 0.459 0.553 0.650 0.744 0.830 0.904 0.959 0.991 1.000 0.983 0.942 0.880 0.801 0.711 0.616 0.519 0.427 0.343 0.268 0.204 0.152 0.110 0.000 0.000 0.101 0.140 0.190 0.251 0.323 0.405 0.496 0.591 0.688 0.779 0.861 0.928 0.975 0.998 0.996 0.969 0.919 0.850 0.766 0.674 0.577 
0.000 0.000 0.000 0.000 0.000 0.000 0.114 0.156 0.210 0.275 0.351 0.436 0.529 0.625 0.721 0.810 0.887 0.947 0.985 1.000 0.989 0.954 0.897 0.822 0.734 0.640 0.543 0.450 0.363 0.285 0.219 0.164 0.119 0.000 0.000 0.000 0.129 0.176 0.235 0.304 0.384 0.473 0.567 0.664 0.757 0.842 0.913 0.965 0.994 0.999 
0.000 0.000 0.000 0.000 0.000 0.000 0.000 0.000 0.000 0.000 0.000 0.000 0.104 0.145 0.196 0.258 0.331 0.414 0.505 0.601 0.697 0.788 0.869 0.934 0.978 0.999 0.994 0.965 0.913 0.842 0.757 0.664 0.567 0.473 0.384 0.304 0.235 0.176 0.129 0.000 0.000 0.000 0.119 0.164 0.219 0.285 0.363 0.450 0.543 0.640 
0.000 0.000 0.000 0.000 0.000 0.000 0.000 0.000 0.000 0.000 0.000 0.000 0.000 0.000 0.000 0.000 0.000 0.000 0.000 0.134 0.182 0.241 0.312 0.392 0.482 0.577 0.674 0.766 0.850 0.919 0.969 0.996 0.998 0.975 0.928 0.861 0.779 0.688 0.591 0.496 0.405 0.323 0.251 0.190 0.140 0.101 0.000 0.000 0.110 0.152 
# 1 0 50 25
-0.394 -0.607 -0.820 -0.968 -0.999 -0.903 -0.714 -0.494 -0.299 -0.158 0.000 0.000 0.000 0.000 0.000 0.000 0.000 0.000 0.000 0.000 0.000 0.000 0.000 0.000 0.000 
-0.394 -0.497 -0.717 -0.906 -1.000 -0.966 -0.817 -0.604 -0.391 -0.221 -0.110 0.000 0.000 0.000 0.000 0.000 0.000 0.000 0.000 0.000 0.000 0.000 0.000 0.000 0.000 
-0.497 -0.394 -0.607 -0.820 -0.968 -0.999 -0.903 -0.714 -0.494 -0.299 -0.158 0.000 0.000 0.000 0.000 0.000 0.000 0.000 0.000 0.000 0.000 0.000 0.000 0.000 0.000 
-0.607 -0.394 -0.497 -0.717 -0.906 -1.000 -0.966 -0.817 -0.604 -0.391 -0.221 -0.110 0.000 0.000 0.000 0.000 0.000 0.000 0.000 0.000 0.000 0.000 0.000 0.000 0.000 
-0.717 -0.497 -0.394 -0.607 -0.820 -0.968 -0.999 -0.903 -0.714 -0.494 -0.299 -0.158 0.000 0.000 0.000 0.000 0.000 0.000 0.000 0.000 0.000 0.000 0.000 0.000 0.000 
-0.820 -0.607 -0.394 -0.497 -0.717 -0.906 -1.000 -0.966 -0.817 -0.604 -0.391 -0.221 -0.110 0.000 0.000 0.000 0.000 0.000 0.000 0.000 0.000 0.000 0.000 0.000 0.000 
-0.906 -0.717 -0.497 -0.394 -0.607 -0.820 -0.968 -0.999 -0.903 -0.714 -0.494 -0.299 -0.158 0.000 0.000 0.000 0.000 0.000 0.000 0.000 0.000 0.000 0.000 0.000 0.000 
-0.968 -0.820 -0.607 -0.394 -0.497 -0.717 -0.906 -1.000 -0.966 -0.817 -0.604 -0.391 -0.221 -0.110 0.000 0.000 0.000 0.000 0.000 0.000 0.000 0.000 0.000 0.000 0.000 
-1.000 -0.906 -0.717 -0.497 -0.394 -0.607 -0.820 -0.968 -0.999 -0.903 -0.714 -0.494 -0.299 -0.158 0.000 0.000 0.000 0.000 0.000 0.000 0.000 0.000 0.000 0.000 0.000 
-0.999 -0.968 -0.820 -0.607 -0.394 -0.497 -0.717 -0.906 -1.000 -0.966 -0.817 -0.604 -0.391 -0.221 -0.110 0.000 0.000 0.000 0.000 0.000 0.000 0.000 0.000 0.000 0.000 
-0.966 -1.000 -0.906 -0.717 -0.497 -0.394 -0.607 -0.820 -0.968 -0.999 -0.903 -0.714 -0.494 -0.299 -0.158 0.000 0.000 0.000 0.000 0.000 0.000 0.000 0.000 0.000 0.000 
-0.903 -0.999 -0.968 -0.820 -0.607 -0.394 -0.497 -0.717 -0.906 -1.000 -0.966 -0.817 -0.604 -0.391 -0.221 -0.110 0.000 0.000 0.000 0.000 0.000 0.000 0.000 0.000 0.000 
-0.817 -0.966 -1.000 -0.906 -0.717 -0.497 -0.394 -0.607 -0.820 -0.968 -0.999 -0.903 -0.714 -0.494 -0.299 -0.158 0.000 0.000 0.000 0.000 0.000 0.000 0.000 0.000 0.000 
-0.714 -0.903 -0.999 -0.968 -0.820 -0.607 -0.394 -0.497 -0.717 -0.906 -1.000 -0.966 -0.817 -0.604 -0.391 -0.221 -0.110 0.000 0.000 0.000 0.000 0.000 0.000 0.000 0.000 
-0.604 -0.817 -0.966 -1.000 -0.906 -0.717 -0.497 -0.394 -0.607 -0.820 -0.968 -0.999 -0.903 -0.714 -0.494 -0.299 -0.158 0.000 0.000 0.000 0.000 0.000 0.000 0.000 0.000 
-0.494 -0.714 -0.903 -0.999 -0.968 -0.820 -0.607 -0.394 -0.497 -0.717 -0.906 -1.000 -0.966 -0.817 -0.604 -0.391 -0.221 -0.110 0.000 0.000 0.000 0.000 0.000 0.000 0.000 
-0.391 -0.604 -0.817 -0.966 -1.000 -0.906 -0.717 -0.497 -0.394 -0.607 -0.820 -0.968 -0.999 -0.903 -0.714 -0.494 -0.299 -0.158 0.000 0.000 0.000 0.000 0.000 0.000 0.000 
-0.299 -0.494 -0.714 -0.903 -0.999 -0.968 -0.820 -0.607 -0.394 -0.497 -0.717 -0.906 -1.000 -0.966 -0.817 -0.604 -0.391 -0.221 -0.110 0.000 0.000 0.000 0.000 0.000 0.000 
-0.221 -0.391 -0.604 -0.817 -0.966 -1.000 -0.906 -0.717 -0.497 -0.394 -0.607 -0.820 -0.968 -0.999 -0.903 -0.714 -0.494 -0.299 -0.158 0.000 0.000 0.000 0.000 0.000 0.000 
-0.158 -0.299 -0.494 -0.714 -0.903 -0.999 -0.968 -0.820 -0.607 -0.394 -0.497 -0.717 -0.906 -1.000 -0.966 -0.817 -0.604 -0.391 -0.221 -0.110 0.000 0.000 0.000 0.000 0.000 
-0.110 -0.221 -0.391 -0.604 -0.817 -0.966 -1.000 -0.906 -0.717 -0.497 -0.394 -0.607 -0.820 -0.968 -0.999 -0.903 -0.714 -0.494 -0.299 -0.158 0.000 0.000 0.000 0.000 0.000 
0.000 -0.158 -0.299 -0.494 -0.714 -0.903 -0.999 -0.968 -0.820 -0.607 -0.394 -0.497 -0.717 -0.906 -1.000 -0.966 -0.817 -0.604 -0.391 -0.221 -0.110 0.000 0.000 0.000 0.000 
0.000 -0.110 -0.221 -0.391 -0.604 -0.817 -0.966 -1.000 -0.906 -0.717 -0.497 -0.394 -0.607 -0.820 -0.968 -0.999 -0.903 -0.714 -0.494 -0.299 -0.158 0.000 0.000 0.000 0.000 
0.000 0.000 -0.158 -0.299 -0.494 -0.714 -0.903 -0.999 -0.968 -0.820 -0.607 -0.394 -0.497 -0.717 -0.906 -1.000 -0.966 -0.817 -0.604 -0.391 -0.221 -0.110 0.000 0.000 0.000 
0.000 0.000 -0.110 -0.221 -0.391 -0.604 -0.817 -0.966 -1.000 -0.906 -0.717 -0.497 -0.394 -0.607 -0.820 -0.968 -0.999 -0.903 -0.714 -0.494 -0.299 -0.158 0.000 0.000 0.000 
0.000 0.000 0.000 -0.158 -0.299 -0.494 -0.714 -0.903 -0.999 -0.968 -0.820 -0.607 -0.394 -0.497 -0.717 -0.906 -1.000 -0.966 -0.817 -0.604 -0.391 -0.221 -0.110 0.000 0.000 
0.000 0.000 0.000 -0.110 -0.221 -0.391 -0.604 -0.817 -0.966 -1.000 -0.906 -0.717 -0.497 -0.394 -0.607 -0.820 -0.968 -0.999 -0.903 -0.714 -0.494 -0.299 -0.158 0.000 0.000 
0.000 0.000 0.000 0.000 -0.158 -0.299 -0.494 -0.714 -0.903 -0.999 -0.968 -0.820 -0.607 -0.394 -0.497 -0.717 -0.906 -1.000 -0.966 -0.817 -0.604 -0.391 -0.221 -0.110 0.000 
0.000 0.000 0.000 0.000 -0.110 -0.221 -0.391 -0.604 -0.817 -0.966 -1.000 -0.906 -0.717 -0.497 -0.394 -0.607 -0.820 -0.968 -0.999 -0.903 -0.714 -0.494 -0.299 -0.158 0.000 
0.000 0.000 0.000 0.000 0.000 -0.158 -0.299 -0.494 -0.714 -0.903 -0.999 -0.968 -0.820 -0.607 -0.394 -0.497 -0.717 -0.906 -1.000 -0.966 -0.817 -0.604 -0.391 -0.221 -0.110 
0.000 0.000 0.000 0.000 0.000 -0.110 -0.221 -0.391 -0.604 -0.817 -0.966 -1.000 -0.906 -0.717 -0.497 -0.394 -0.607 -0.820 -0.968 -0.999 -0.903 -0.714 -0.494 -0.299 -0.158 
0.000 0.000 0.000 0.000 0.000 0.000 -0.158 -0.299 -0.494 -0.714 -0.903 -0.999 -0.968 -0.820 -0.607 -0.394 -0.497 -0.717 -0.906 -1.000 -0.966 -0.817 -0.604 -0.391 -0.221 
0.000 0.000 0.000 0.000 0.000 0.000 -0.110 -0.221 -0.391 -0.604 -0.817 -0.966 -1.000 -0.906 -0.717 -0.497 -0.394 -0.607 -0.820 -0.968 -0.999 -0.903 -0.714 -0.494 -0.299 
0.000 0.000 0.000 0.000 0.000 0.000 0.000 -0.158 -0.299 -0.494 -0.714 -0.903 -0.999 -0.968 -0.820 -0.607 -0.394 -0.497 -0.717 -0.906 -1.000 -0.966 -0.817 -0.604 -0.391 
0.000 0.000 0.000 0.000 0.000 0.000 0.000 -0.110 -0.221 -0.391 -0.604 -0.817 -0.966 -1.000 -0.906 -0.717 -0.497 -0.394 -0.607 -0.820 -0.968 -0.999 -0.903 -0.714 -0.494 
0.000 0.000 0.000 0.000 0.000 0.000 0.000 0.000 -0.158 -0.299 -0.494 -0.714 -0.903 -0.999 -0.968 -0.820 -0.607 -0.394 -0.497 -0.717 -0.906 -1.000 -0.966 -0.817 -0.604 
0.000 0.000 0.000 0.000 0.000 0.000 0.000 0.000 -0.110 -0.221 -0.391 -0.604 -0.817 -0.966 -1.000 -0.906 -0.717 -0.497 -0.394 -0.607 -0.820 -0.968 -0.999 -0.903 -0.714 
0.000 0.000 0.000 0.000 0.000 0.000 0.000 0.000 0.000 -0.158 -0.299 -0.494 -0.714 -0.903 -0.999 -0.968 -0.820 -0.607 -0.394 -0.497 -0.717 -0.906 -1.000 -0.966 -0.817 
0.000 0.000 0.000 0.000 0.000 0.000 0.000 0.000 0.000 -0.110 -0.221 -0.391 -0.604 -0.817 -0.966 -1.000 -0.906 -0.717 -0.497 -0.394 -0.607 -0.820 -0.968 -0.999 -0.903 
0.000 0.000 0.000 0.000 0.000 0.000 0.000 0.000 0.000 0.000 -0.158 -0.299 -0.494 -0.714 -0.903 -0.999 -0.968 -0.820 -0.607 -0.394 -0.497 -0.717 -0.906 -1.000 -0.966 
0.000 0.000 0.000 0.000 0.000 0.000 0.000 0.000 0.000 0.000 -0.110 -0.221 -0.391 -0.604 -0.817 -0.966 -1.000 -0.906 -0.717 -0.497 -0.394 -0.607 -0.820 -0.968 -0.999 
0.000 0.000 0.000 0.000 0.000 0.000 0.000 0.000 0.000 0.000 0.000 -0.158 -0.299 -0.494 -0.714 -0.903 -0.999 -0.968 -0.820 -0.607 -0.394 -0.497 -0.717 -0.906 -1.000 
0.000 0.000 0.000 0.000 0.000 0.000 0.000 0.000 0.000 0.000 0.000 -0.110 -0.221 -0.391 -0.604 -0.817 -0.966 -1.000 -0.906 -0.717 -0.497 -0.394 -0.607 -0.820 -0.968 
0.000 0.000 0.000 0.000 0.000 0.000 0.000 0.000 0.000 0.000 0.000 0.000 -0.158 -0.299 -0.494 -0.714 -0.903 -0.999 -0.968 -0.820 -0.607 -0.394 -0.497 -0.717 -0.906 
0.000 0.000 0.000 0.000 0.000 0.000 0.000 0.000 0.000 0.000 0.000 0.000 -0.110 -0.221 -0.391 -0.604 -0.817 -0.966 -1.000 -0.906 -0.717 -0.497 -0.394 -0.607 -0.820 
0.000 0.000 0.000 0.000 0.000 0.000 0.000 0.000 0.000 0.000 0.000 0.000 0.000 -0.158 -0.299 -0.494 -0.714 -0.903 -0.999 -0.968 -0.820 -0.607 -0.394 -0.497 -0.717 
0.000 0.000 0.000 0.000 0.000 0.000 0.000 0.000 0.000 0.000 0.000 0.000 0.000 -0.110 -0.221 -0.391 -0.604 -0.817 -0.966 -1.000 -0.906 -0.717 -0.497 -0.394 -0.607 
0.000 0.000 0.000 0.000 0.000 0.000 0.000 0.000 0.000 0.000 0.000 0.000 0.000 0.000 -0.158 -0.299 -0.494 -0.714 -0.903 -0.999 -0.968 -0.820 -0.607 -0.394 -0.497 
0.000 0.000 0.000 0.000 0.000 0.000 0.000 0.000 0.000 0.000 0.000 0.000 0.000 0.000 -0.110 -0.221 -0.391 -0.604 -0.817 -0.966 -1.000 -0.906 -0.717 -0.497 -0.394 
0.000 0.000 0.000 0.000 0.000 0.000 0.000 0.000 0.000 0.000 0.000 0.000 0.000 0.000 0.000 -0.158 -0.299 -0.494 -0.714 -0.903 -0.999 -0.968 -0.820 -0.607 -0.394 
# 1 2 25 25
-0.345 -0.550 -0.767 -0.936 -1.000 -0.934 -0.764 -0.546 -0.342 -0.187 0.000 0.000 0.000 0.000 0.000 0.000 0.000 0.000 0.000 0.000 0.000 0.000 0.000 0.000 0.000 
-0.550 -0.345 -0.550 -0.767 -0.936 -1.000 -0.934 -0.764 -0.546 -0.342 -0.187 0.000 0.000 0.000 0.000 0.000 0.000 0.000 0.000 0.000 0.000 0.000 0.000 0.000 0.000 
-0.767 -0.550 -0.345 -0.550 -0.767 -0.936 -1.000 -0.934 -0.764 -0.546 -0.342 -0.187 0.000 0.000 0.000 0.000 0.000 0.000 0.000 0.000 0.000 0.000 0.000 0.000 0.000 
-0.936 -0.767 -0.550 -0.345 -0.550 -0.767 -0.936 -1.000 -0.934 -0.764 -0.546 -0.342 -0.187 0.000 0.000 0.000 0.000 0.000 0.000 0.000 0.000 0.000 0.000 0.000 0.000 
-1.000 -0.936 -0.767 -0.550 -0.345 -0.550 -0.767 -0.936 -1.000 -0.934 -0.764 -0.546 -0.342 -0.187 0.000 0.000 0.000 0.000 0.000 0.000 0.000 0.000 0.000 0.000 0.000 
-0.934 -1.000 -0.936 -0.767 -0.550 -0.345 -0.550 -0.767 -0.936 -1.000 -0.934 -0.764 -0.546 -0.342 -0.187 0.000 0.000 0.000 0.000 0.000 0.000 0.000 0.000 0.000 0.000 
-0.764 -0.934 -1.000 -0.936 -0.767 -0.550 -0.345 -0.550 -0.767 -0.936 -1.000 -0.934 -0.764 -0.546 -0.342 -0.187 0.000 0.000 0.000 0.000 0.000 0.000 0.000 0.000 0.000 
-0.546 -0.764 -0.934 -1.000 -0.936 -0.767 -0.550 -0.345 -0.550 -0.767 -0.936 -1.000 -0.934 -0.764 -0.546 -0.342 -0.187 0.000 0.000 0.000 0.000 0.000 0.000 0.000 0.000 
-0.342 -0.546 -0.764 -0.934 -1.000 -0.936 -0.767 -0.550 -0.345 -0.550 -0.767 -0.936 -1.000 -0.934 -0.764 -0.546 -0.342 -0.187 0.000 0.000 0.000 0.000 0.000 0.000 0.000 
-0.187 -0.342 -0.546 -0.764 -0.934 -1.000 -0.936 -0.767 -0.550 -0.345 -0.550 -0.767 -0.936 -1.000 -0.934 -0.764 -0.546 -0.342 -0.187 0.000 0.000 0.000 0.000 0.000 0.000 
0.000 -0.187 -0.342 -0.546 -0.764 -0.934 -1.000 -0.936 -0.767 -0.550 -0.345 -0.550 -0.767 -0.936 -1.000 -0.934 -0.764 -0.546 -0.342 -0.187 0.000 0.000 0.000 0.000 0.000 
0.000 0.000 -0.187 -0.342 -0.546 -0.764 -0.934 -1.000 -0.936 -0.767 -0.550 -0.345 -0.550 -0.767 -0.936 -1.000 -0.934 -0.764 -0.546 -0.342 -0.187 0.000 0.000 0.000 0.000 
0.000 0.000 0.000 -0.187 -0.342 -0.546 -0.764 -0.934 -1.000 -0.936 -0.767 -0.550 -0.345 -0.550 -0.767 -0.936 -1.000 -0.934 -0.764 -0.546 -0.342 -0.187 0.000 0.000 0.000 
0.000 0.000 0.000 0.000 -0.187 -0.342 -0.546 -0.764 -0.934 -1.000 -0.936 -0.767 -0.550 -0.345 -0.550 -0.767 -0.936 -1.000 -0.934 -0.764 -0.546 -0.342 -0.187 0.000 0.000 
0.000 0.000 0.000 0.000 0.000 -0.187 -0.342 -0.546 -0.764 -0.934 -1.000 -0.936 -0.767 -0.550 -0.345 -0.550 -0.767 -0.936 -1.000 -0.934 -0.764 -0.546 -0.342 -0.187 0.000 
0.000 0.000 0.000 0.000 0.000 0.000 -0.187 -0.342 -0.546 -0.764 -0.934 -1.000 -0.936 -0.767 -0.550 -0.345 -0.550 -0.767 -0.936 -1.000 -0.934 -0.764 -0.546 -0.342 -0.187 
0.000 0.000 0.000 0.000 0.000 0.000 0.000 -0.187 -0.342 -0.546 -0.764 -0.934 -1.000 -0.936 -0.767 -0.550 -0.345 -0.550 -0.767 -0.936 -1.000 -0.934 -0.764 -0.546 -0.342 
0.000 0.000 0.000 0.000 0.000 0.000 0.000 0.000 -0.187 -0.342 -0.546 -0.764 -0.934 -1.000 -0.936 -0.767 -0.550 -0.345 -0.550 -0.767 -0.936 -1.000 -0.934 -0.764 -0.546 
0.000 0.000 0.000 0.000 0.000 0.000 0.000 0.000 0.000 -0.187 -0.342 -0.546 -0.764 -0.934 -1.000 -0.936 -0.767 -0.550 -0.345 -0.550 -0.767 -0.936 -1.000 -0.934 -0.764 
0.000 0.000 0.000 0.000 0.000 0.000 0.000 0.000 0.000 0.000 -0.187 -0.342 -0.546 -0.764 -0.934 -1.000 -0.936 -0.767 -0.550 -0.345 -0.550 -0.767 -0.936 -1.000 -0.934 
0.000 0.000 0.000 0.000 0.000 0.000 0.000 0.000 0.000 0.000 0.000 -0.187 -0.342 -0.546 -0.764 -0.934 -1.000 -0.936 -0.767 -0.550 -0.345 -0.550 -0.767 -0.936 -1.000 
0.000 0.000 0.000 0.000 0.000 0.000 0.000 0.000 0.000 0.000 0.000 0.000 -0.187 -0.342 -0.546 -0.764 -0.934 -1.000 -0.936 -0.767 -0.550 -0.345 -0.550 -0.767 -0.936 
0.000 0.000 0.000 0.000 0.000 0.000 0.000 0.000 0.000 0.000 0.000 0.000 0.000 -0.187 -0.342 -0.546 -0.764 -0.934 -1.000 -0.936 -0.767 -0.550 -0.345 -0.550 -0.767 
0.000 0.000 0.000 0.000 0.000 0.000 0.000 0.000 0.000 0.000 0.000 0.000 0.000 0.000 -0.187 -0.342 -0.546 -0.764 -0.934 -1.000 -0.936 -0.767 -0.550 -0.345 -0.550 
0.000 0.000 0.000 0.000 0.000 0.000 0.000 0.000 0.000 0.000 0.000 0.000 0.000 0.000 0.000 -0.187 -0.342 -0.546 -0.764 -0.934 -1.000 -0.936 -0.767 -0.550 -0.345 
# 1 3 3 25
-0.993 -0.889 -0.697 -0.478 -0.409 -0.623 -0.832 -0.971 -0.992 -0.887 -0.693 -0.474 -0.284 -0.149 0.000 0.000 0.000 0.000 0.000 0.000 0.000 0.000 0.000 0.000 0.000 
0.000 0.000 0.000 -0.187 -0.342 -0.546 -0.764 -0.934 -1.000 -0.936 -0.767 -0.550 -0.345 -0.550 -0.767 -0.936 -1.000 -0.934 -0.764 -0.546 -0.342 -0.187 0.000 0.000 0.000 
0.000 0.000 0.000 0.000 0.000 0.000 0.000 0.000 0.000 0.000 0.000 -0.149 -0.284 -0.474 -0.693 -0.887 -0.992 -0.971 -0.832 -0.623 -0.409 -0.478 -0.697 -0.889 -0.993 
# 2 0 50 25
-0.379 -0.590 -0.803 -0.958 -1.000 -0.914 -0.731 -0.512 -0.314 -0.168 0.000 0.000 0.000 0.000 0.000 0.000 0.000 0.000 0.000 0.000 0.000 0.000 0.000 0.000 0.000 
-0.379 -0.480 -0.700 -0.892 -0.995 -0.972 -0.831 -0.622 -0.408 -0.234 -0.117 0.000 0.000 0.000 0.000 0.000 0.000 0.000 0.000 0.000 0.000 0.000 0.000 0.000 0.000 
-0.480 -0.379 -0.590 -0.803 -0.958 -1.000 -0.914 -0.731 -0.512 -0.314 -0.168 0.000 0.000 0.000 0.000 0.000 0.000 0.000 0.000 0.000 0.000 0.000 0.000 0.000 0.000 
-0.590 -0.379 -0.480 -0.700 -0.892 -0.995 -0.972 -0.831 -0.622 -0.408 -0.234 -0.117 0.000 0.000 0.000 0.000 0.000 0.000 0.000 0.000 0.000 0.000 0.000 0.000 0.000 
-0.700 -0.480 -0.379 -0.590 -0.803 -0.958 -1.000 -0.914 -0.731 -0.512 -0.314 -0.168 0.000 0.000 0.000 0.000 0.000 0.000 0.000 0.000 0.000 0.000 0.000 0.000 0.000 
-0.803 -0.590 -0.379 -0.480 -0.700 -0.892 -0.995 -0.972 -0.831 -0.622 -0.408 -0.234 -0.117 0.000 0.000 0.000 0.000 0.000 0.000 0.000 0.000 0.000 0.000 0.000 0.000 
-0.892 -0.700 -0.480 -0.379 -0.590 -0.803 -0.958 -1.000 -0.914 -0.731 -0.512 -0.314 -0.168 0.000 0.000 0.000 0.000 0.000 0.000 0.000 0.000 0.000 0.000 0.000 0.000 
-0.958 -0.803 -0.590 -0.379 -0.480 -0.700 -0.892 -0.995 -0.972 -0.831 -0.622 -0.408 -0.234 -0.117 0.000 0.000 0.000 0.000 0.000 0.000 0.000 0.000 0.000 0.000 0.000 
-0.995 -0.892 -0.700 -0.480 -0.379 -0.590 -0.803 -0.958 -1.000 -0.914 -0.731 -0.512 -0.314 -0.168 0.000 0.000 0.000 0.000 0.000 0.000 0.000 0.000 0.000 0.000 0.000 
-1.000 -0.958 -0.803 -0.590 -0.379 -0.480 -0.700 -0.892 -0.995 -0.972 -0.831 -0.622 -0.408 -0.234 -0.117 0.000 0.000 0.000 0.000 0.000 0.000 0.000 0.000 0.000 0.000 
-0.972 -0.995 -0.892 -0.700 -0.480 -0.379 -0.590 -0.803 -0.958 -1.000 -0.914 -0.731 -0.512 -0.314 -0.168 0.000 0.000 0.000 0.000 0.000 0.000 0.000 0.000 0.000 0.000 
-0.914 -1.000 -0.958 -0.803 -0.590 -0.379 -0.480 -0.700 -0.892 -0.995 -0.972 -0.831 -0.622 -0.408 -0.234 -0.117 0.000 0.000 0.000 0.000 0.000 0.000 0.000 0.000 0.000 
-0.831 -0.972 -0.995 -0.892 -0.700 -0.480 -0.379 -0.590 -0.803 -0.958 -1.000 -0.914 -0.731 -0.512 -0.314 -0.168 0.000 0.000 0.000 0.000 0.000 0.000 0.000 0.000 0.000 
-0.731 -0.914 -1.000 -0.958 -0.803 -0.590 -0.379 -0.480 -0.700 -0.892 -0.995 -0.972 -0.831 -0.622 -0.408 -0.234 -0.117 0.000 0.000 0.000 0.000 0.000 0.000 0.000 0.000 
-0.622 -0.831 -0.972 -0.995 -0.892 -0.700 -0.480 -0.379 -0.590 -0.803 -0.958 -1.000 -0.914 -0.731 -0.512 -0.314 -0.168 0.000 0.000 0.000 0.000 0.000 0.000 0.000 0.000 
-0.512 -0.731 -0.914 -1.000 -0.958 -0.803 -0.590 -0.379 -0.480 -0.700 -0.892 -0.995 -0.972 -0.831 -0.622 -0.408 -0.234 -0.117 0.000 0.000 0.000 0.000 0.000 0.000 0.000 
-0.408 -0.622 -0.831 -0.972 -0.995 -0.892 -0.700 -0.480 -0.379 -0.590 -0.803 -0.958 -1.000 -0.914 -0.731 -0.512 -0.314 -0.168 0.000 0.000 0.000 0.000 0.000 0.000 0.000 
-0.314 -0.512 -0.731 -0.914 -1.000 -0.958 -0.803 -0.590 -0.379 -0.480 -0.700 -0.892 -0.995 -0.972 -0.831 -0.622 -0.408 -0.234 -0.117 0.000 0.000 0.000 0.000 0.000 0.000 
-0.234 -0.408 -0.622 -0.831 -0.972 -0.995 -0.892 -0.700 -0.480 -0.379 -0.590 -0.803 -0.958 -1.000 -0.914 -0.731 -0.512 -0.314 -0.168 0.000 0.000 0.000 0.000 0.000 0.000 
-0.168 -0.314 -0.512 -0.731 -0.914 -1.000 -0.958 -0.803 -0.590 -0.379 -0.480 -0.700 -0.892 -0.995 -0.972 -0.831 -0.622 -0.408 -0.234 -0.117 0.000 0.000 0.000 0.000 0.000 
-0.117 -0.234 -0.408 -0.622 -0.831 -0.972 -0.995 -0.892 -0.700 -0.480 -0.379 -0.590 -0.803 -0.958 -1.000 -0.914 -0.731 -0.512 -0.314 -0.168 0.000 0.000 0.000 0.000 0.000 
0.000 -0.168 -0.314 -0.512 -0.731 -0.914 -1.000 -0.958 -0.803 -0.590 -0.379 -0.480 -0.700 -0.892 -0.995 -0.972 -0.831 -0.622 -0.408 -0.234 -0.117 0.000 0.000 0.000 0.000 
0.000 -0.117 -0.234 -0.408 -0.622 -0.831 -0.972 -0.995 -0.892 -0.700 -0.480 -0.379 -0.590 -0.803 -0.958 -1.000 -0.914 -0.731 -0.512 -0.314 -0.168 0.000 0.000 0.000 0.000 
0.000 0.000 -0.168 -0.314 -0.512 -0.731 -0.914 -1.000 -0.958 -0.803 -0.590 -0.379 -0.480 -0.700 -0.892 -0.995 -0.972 -0.831 -0.622 -0.408 -0.234 -0.117 0.000 0.000 0.000 
0.000 0.000 -0.117 -0.234 -0.408 -0.622 -0.831 -0.972 -0.995 -0.892 -0.700 -0.480 -0.379 -0.590 -0.803 -0.958 -1.000 -0.914 -0.731 -0.512 -0.314 -0.168 0.000 0.000 0.000 
0.000 0.000 0.000 -0.168 -0.314 -0.512 -0.731 -0.914 -1.000 -0.958 -0.803 -0.590 -0.379 -0.480 -0.700 -0.892 -0.995 -0.972 -0.831 -0.622 -0.408 -0.234 -0.117 0.000 0.000 
0.000 0.000 0.000 -0.117 -0.234 -0.408 -0.622 -0.831 -0.972 -0.995 -0.892 -0.700 -0.480 -0.379 -0.590 -0.803 -0.958 -1.000 -0.914 -0.731 -0.512 -0.314 -0.168 0.000 0.000 
0.000 0.000 0.000 0.000 -0.168 -0.314 -0.512 -0.731 -0.914 -1.000 -0.958 -0.803 -0.590 -0.379 -0.480 -0.700 -0.892 -0.995 -0.972 -0.831 -0.622 -0.408 -0.234 -0.117 0.000 
0.000 0.000 0.000 0.000 -0.117 -0.234 -0.408 -0.622 -0.831 -0.972 -0.995 -0.892 -0.700 -0.480 -0.379 -0.590 -0.803 -0.958 -1.000 -0.914 -0.731 -0.512 -0.314 -0.168 0.000 
0.000 0.000 0.000 0.000 0.000 -0.168 -0.314 -0.512 -0.731 -0.914 -1.000 -0.958 -0.803 -0.590 -0.379 -0.480 -0.700 -0.892 -0.995 -0.972 -0.831 -0.622 -0.408 -0.234 -0.117 
0.000 0.000 0.000 0.000 0.000 -0.117 -0.234 -0.408 -0.622 -0.831 -0.972 -0.995 -0.892 -0.700 -0.480 -0.379 -0.590 -0.803 -0.958 -1.000 -0.914 -0.731 -0.512 -0.314 -0.168 
0.000 0.000 0.000 0.000 0.000 0.000 -0.168 -0.314 -0.512 -0.731 -0.914 -1.000 -0.958 -0.803 -0.590 -0.379 -0.480 -0.700 -0.892 -0.995 -0.972 -0.831 -0.622 -0.408 -0.234 
0.000 0.000 0.000 0.000 0.000 0.000 -0.117 -0.234 -0.408 -0.622 -0.831 -0.972 -0.995 -0.892 -0.700 -0.480 -0.379 -0.590 -0.803 -0.958 -1.000 -0.914 -0.731 -0.512 -0.314 
0.000 0.000 0.000 0.000 0.000 0.000 0.000 -0.168 -0.314 -0.512 -0.731 -0.914 -1.000 -0.958 -0.803 -0.590 -0.379 -0.480 -0.700 -0.892 -0.995 -0.972 -0.831 -0.622 -0.408 
0.000 0.000 0.000 0.000 0.000 0.000 0.000 -0.117 -0.234 -0.408 -0.622 -0.831 -0.972 -0.995 -0.892 -0.700 -0.480 -0.379 -0.590 -0.803 -0.958 -1.000 -0.914 -0.731 -0.512 
0.000 0.000 0.000 0.000 0.000 0.000 0.000 0.000 -0.168 -0.314 -0.512 -0.731 -0.914 -1.000 -0.958 -0.803 -0.590 -0.379 -0.480 -0.700 -0.892 -0.995 -0.972 -0.831 -0.622 
0.000 0.000 0.000 0.000 0.000 0.000 0.000 0.000 -0.117 -0.234 -0.408 -0.622 -0.831 -0.972 -0.995 -0.892 -0.700 -0.480 -0.379 -0.590 -0.803 -0.958 -1.000 -0.914 -0.731 
0.000 0.000 0.000 0.000 0.000 0.000 0.000 0.000 0.000 -0.168 -0.314 -0.512 -0.731 -0.914 -1.000 -0.958 -0.803 -0.590 -0.379 -0.480 -0.700 -0.892 -0.995 -0.972 -0.831 
0.000 0.000 0.000 0.000 0.000 0.000 0.000 0.000 0.000 -0.117 -0.234 -0.408 -0.622 -0.831 -0.972 -0.995 -0.892 -0.700 -0.480 -0.379 -0.590 -0.803 -0.958 -1.000 -0.914 
0.000 0.000 0.000 0.000 0.000 0.000 0.000 0.000 0.000 0.000 -0.168 -0.314 -0.512 -0.731 -0.914 -1.000 -0.958 -0.803 -0.590 -0.379 -0.480 -0.700 -0.892 -0.995 -0.972 
0.000 0.000 0.000 0.000 0.000 0.000 0.000 0.000 0.000 0.000 -0.117 -0.234 -0.408 -0.622 -0.831 -0.972 -0.995 -0.892 -0.700 -0.480 -0.379 -0.590 -0.803 -0.958 -1.000 
0.000 0.000 0.000 0.000 0.000 0.000 0.000 0.000 0.000 0.000 0.000 -0.168 -0.314 -0.512 -0.731 -0.914 -1.000 -0.958 -0.803 -0.590 -0.379 -0.480 -0.700 -0.892 -0.995 
0.000 0.000 0.000 0.000 0.000 0.000 0.000 0.000 0.000 0.000 0.000 -0.117 -0.234 -0.408 -0.622 -0.831 -0.972 -0.995 -0.892 -0.700 -0.480 -0.379 -0.590 -0.803 -0.958 
0.000 0.000 0.000 0.000 0.000 0.000 0.000 0.000 0.000 0.000 0.000 0.000 -0.168 -0.314 -0.512 -0.731 -0.914 -1.000 -0.958 -0.803 -0.590 -0.379 -0.480 -0.700 -0.892 
0.000 0.000 0.000 0.000 0.000 0.000 0.000 0.000 0.000 0.000 0.000 0.000 -0.117 -0.234 -0.408 -0.622 -0.831 -0.972 -0.995 -0.892 -0.700 -0.480 -0.379 -0.590 -0.803 
0.000 0.000 0.000 0.000 0.000 0.000 0.000 0.000 0.000 0.000 0.000 0.000 0.000 -0.168 -0.314 -0.512 -0.731 -0.914 -1.000 -0.958 -0.803 -0.590 -0.379 -0.480 -0.700 
0.000 0.000 0.000 0.000 0.000 0.000 0.000 0.000 0.000 0.000 0.000 0.000 0.000 -0.117 -0.234 -0.408 -0.622 -0.831 -0.972 -0.995 -0.892 -0.700 -0.480 -0.379 -0.590 
0.000 0.000 0.000 0.000 0.000 0.000 0.000 0.000 0.000 0.000 0.000 0.000 0.000 0.000 -0.168 -0.314 -0.512 -0.731 -0.914 -1.000 -0.958 -0.803 -0.590 -0.379 -0.480 
0.000 0.000 0.000 0.000 0.000 0.000 0.000 0.000 0.000 0.000 0.000 0.000 0.000 0.000 -0.117 -0.234 -0.408 -0.622 -0.831 -0.972 -0.995 -0.892 -0.700 -0.480 -0.379 
0.000 0.000 0.000 0.000 0.000 0.000 0.000 0.000 0.000 0.000 0.000 0.000 0.000 0.000 0.000 -0.168 -0.314 -0.512 -0.731 -0.914 -1.000 -0.958 -0.803 -0.590 -0.379 
# 2 1 25 25
-0.332 -0.534 -0.751 -0.927 -1.000 -0.945 -0.781 -0.566 -0.359 -0.199 0.000 0.000 0.000 0.000 0.000 0.000 0.000 0.000 0.000 0.000 0.000 0.000 0.000 0.000 0.000 
-0.534 -0.332 -0.534 -0.751 -0.927 -1.000 -0.945 -0.781 -0.566 -0.359 -0.199 0.000 0.000 0.000 0.000 0.000 0.000 0.000 0.000 0.000 0.000 0.000 0.000 0.000 0.000 
-0.751 -0.534 -0.332 -0.534 -0.751 -0.927 -1.000 -0.945 -0.781 -0.566 -0.359 -0.199 0.000 0.000 0.000 0.000 0.000 0.000 0.000 0.000 0.000 0.000 0.000 0.000 0.000 
-0.927 -0.751 -0.534 -0.332 -0.534 -0.751 -0.927 -1.000 -0.945 -0.781 -0.566 -0.359 -0.199 0.000 0.000 0.000 0.000 0.000 0.000 0.000 0.000 0.000 0.000 0.000 0.000 
-1.000 -0.927 -0.751 -0.534 -0.332 -0.534 -0.751 -0.927 -1.000 -0.945 -0.781 -0.566 -0.359 -0.199 0.000 0.000 0.000 0.000 0.000 0.000 0.000 0.000 0.000 0.000 0.000 
-0.945 -1.000 -0.927 -0.751 -0.534 -0.332 -0.534 -0.751 -0.927 -1.000 -0.945 -0.781 -0.566 -0.359 -0.199 0.000 0.000 0.000 0.000 0.000 0.000 0.000 0.000 0.000 0.000 
-0.781 -0.945 -1.000 -0.927 -0.751 -0.534 -0.332 -0.534 -0.751 -0.927 -1.000 -0.945 -0.781 -0.566 -0.359 -0.199 0.000 0.000 0.000 0.000 0.000 0.000 0.000 0.000 0.000 
-0.566 -0.781 -0.945 -1.000 -0.927 -0.751 -0.534 -0.332 -0.534 -0.751 -0.927 -1.000 -0.945 -0.781 -0.566 -0.359 -0.199 0.000 0.000 0.000 0.000 0.000 0.000 0.000 0.000 
-0.359 -0.566 -0.781 -0.945 -1.000 -0.927 -0.751 -0.534 -0.332 -0.534 -0.751 -0.927 -1.000 -0.945 -0.781 -0.566 -0.359 -0.199 0.000 0.000 0.000 0.000 0.000 0.000 0.000 
-0.199 -0.359 -0.566 -0.781 -0.945 -1.000 -0.927 -0.751 -0.534 -0.332 -0.534 -0.751 -0.927 -1.000 -0.945 -0.781 -0.566 -0.359 -0.199 0.000 0.000 0.000 0.000 0.000 0.000 
0.000 -0.199 -0.359 -0.566 -0.781 -0.945 -1.000 -0.927 -0.751 -0.534 -0.332 -0.534 -0.751 -0.927 -1.000 -0.945 -0.781 -0.566 -0.359 -0.199 0.000 0.000 0.000 0.000 0.000 
0.000 0.000 -0.199 -0.359 -0.566 -0.781 -0.945 -1.000 -0.927 -0.751 -0.534 -0.332 -0.534 -0.751 -0.927 -1.000 -0.945 -0.781 -0.566 -0.359 -0.199 0.000 0.000 0.000 0.000 
0.000 0.000 0.000 -0.199 -0.359 -0.566 -0.781 -0.945 -1.000 -0.927 -0.751 -0.534 -0.332 -0.534 -0.751 -0.927 -1.000 -0.945 -0.781 -0.566 -0.359 -0.199 0.000 0.000 0.000 
0.000 0.000 0.000 0.000 -0.199 -0.359 -0.566 -0.781 -0.945 -1.000 -0.927 -0.751 -0.534 -0.332 -0.534 -0.751 -0.927 -1.000 -0.945 -0.781 -0.566 -0.359 -0.199 0.000 0.000 
0.000 0.000 0.000 0.000 0.000 -0.199 -0.359 -0.566 -0.781 -0.945 -1.000 -0.927 -0.751 -0.534 -0.332 -0.534 -0.751 -0.927 -1.000 -0.945 -0.781 -0.566 -0.359 -0.199 0.000 
0.000 0.000 0.000 0.000 0.000 0.000 -0.199 -0.359 -0.566 -0.781 -0.945 -1.000 -0.927 -0.751 -0.534 -0.332 -0.534 -0.751 -0.927 -1.000 -0.945 -0.781 -0.566 -0.359 -0.199 
0.000 0.000 0.000 0.000 0.000 0.000 0.000 -0.199 -0.359 -0.566 -0.781 -0.945 -1.000 -0.927 -0.751 -0.534 -0.332 -0.534 -0.751 -0.927 -1.000 -0.945 -0.781 -0.566 -0.359 
0.000 0.000 0.000 0.000 0.000 0.000 0.000 0.000 -0.199 -0.359 -0.566 -0.781 -0.945 -1.000 -0.927 -0.751 -0.534 -0.332 -0.534 -0.751 -0.927 -1.000 -0.945 -0.781 -0.566 
0.000 0.000 0.000 0.000 0.000 0.000 0.000 0.000 0.000 -0.199 -0.359 -0.566 -0.781 -0.945 -1.000 -0.927 -0.751 -0.534 -0.332 -0.534 -0.751 -0.927 -1.000 -0.945 -0.781 
0.000 0.000 0.000 0.000 0.000 0.000 0.000 0.000 0.000 0.000 -0.199 -0.359 -0.566 -0.781 -0.945 -1.000 -0.927 -0.751 -0.534 -0.332 -0.534 -0.751 -0.927 -1.000 -0.945 
0.000 0.000 0.000 0.000 0.000 0.000 0.000 0.000 0.000 0.000 0.000 -0.199 -0.359 -0.566 -0.781 -0.945 -1.000 -0.927 -0.751 -0.534 -0.332 -0.534 -0.751 -0.927 -1.000 
0.000 0.000 0.000 0.000 0.000 0.000 0.000 0.000 0.000 0.000 0.000 0.000 -0.199 -0.359 -0.566 -0.781 -0.945 -1.000 -0.927 -0.751 -0.534 -0.332 -0.534 -0.751 -0.927 
0.000 0.000 0.000 0.000 0.000 0.000 0.000 0.000 0.000 0.000 0.000 0.000 0.000 -0.199 -0.359 -0.566 -0.781 -0.945 -1.000 -0.927 -0.751 -0.534 -0.332 -0.534 -0.751 
0.000 0.000 0.000 0.000 0.000 0.000 0.000 0.000 0.000 0.000 0.000 0.000 0.000 0.000 -0.199 -0.359 -0.566 -0.781 -0.945 -1.000 -0.927 -0.751 -0.534 -0.332 -0.534 
0.000 0.000 0.000 0.000 0.000 0.000 0.000 0.000 0.000 0.000 0.000 0.000 0.000 0.000 0.000 -0.199 -0.359 -0.566 -0.781 -0.945 -1.000 -0.927 -0.751 -0.534 -0.332 
# 2 3 3 25
-0.989 -0.877 -0.680 -0.462 -0.394 -0.607 -0.818 -0.965 -0.996 -0.900 -0.712 -0.493 -0.299 -0.159 0.000 0.000 0.000 0.000 0.000 0.000 0.000 0.000 0.000 0.000 0.000 
0.000 0.000 0.000 -0.199 -0.359 -0.566 -0.781 -0.945 -1.000 -0.927 -0.751 -0.534 -0.332 -0.534 -0.751 -0.927 -1.000 -0.945 -0.781 -0.566 -0.359 -0.199 0.000 0.000 0.000 
0.000 0.000 0.000 0.000 0.000 0.000 0.000 0.000 0.000 0.000 0.000 -0.159 -0.299 -0.493 -0.712 -0.900 -0.996 -0.965 -0.818 -0.607 -0.394 -0.462 -0.680 -0.877 -0.989 
# 3 0 50 3
0.000 -0.933 0.000 
0.000 -0.989 0.000 
0.000 -1.000 0.000 
0.000 -0.964 0.000 
0.000 -0.886 0.000 
0.000 -0.777 0.000 
0.000 -0.650 0.000 
0.000 -0.518 0.000 
0.000 -0.394 0.000 
0.000 -0.286 -0.123 
0.000 -0.198 -0.188 
0.000 -0.130 -0.274 
0.000 0.000 -0.380 
0.000 0.000 -0.502 
0.000 0.000 -0.633 
0.000 0.000 -0.762 
0.000 0.000 -0.874 
0.000 0.000 -0.956 
0.000 0.000 -0.998 
0.000 0.000 -0.993 
0.000 0.000 -0.942 
-0.112 0.000 -0.853 
-0.173 0.000 -0.736 
-0.254 0.000 -0.606 
-0.356 0.000 -0.476 
-0.476 0.000 -0.356 
-0.606 0.000 -0.254 
-0.736 0.000 -0.173 
-0.853 0.000 -0.112 
-0.942 0.000 0.000 
-0.993 0.000 0.000 
-0.998 0.000 0.000 
-0.956 0.000 0.000 
-0.874 0.000 0.000 
-0.762 0.000 0.000 
-0.633 0.000 0.000 
-0.502 0.000 0.000 
-0.380 0.000 0.000 
-0.274 -0.130 0.000 
-0.188 -0.198 0.000 
-0.123 -0.286 0.000 
0.000 -0.394 0.000 
0.000 -0.518 0.000 
0.000 -0.650 0.000 
0.000 -0.777 0.000 
0.000 -0.886 0.000 
0.000 -0.964 0.000 
0.000 -1.000 0.000 
0.000 -0.989 0.000 
0.000 -0.933 0.000 
# 3 1 25 3
0.000 -0.965 0.000 
0.000 -0.986 0.000 
0.000 -0.834 0.000 
0.000 -0.583 0.000 
0.000 -0.337 0.000 
0.000 -0.161 -0.228 
0.000 0.000 -0.438 
0.000 0.000 -0.698 
0.000 0.000 -0.918 
0.000 0.000 -1.000 
0.000 0.000 -0.901 
-0.211 0.000 -0.671 
-0.413 0.000 -0.413 
-0.671 0.000 -0.211 
-0.901 0.000 0.000 
-1.000 0.000 0.000 
-0.918 0.000 0.000 
-0.698 0.000 0.000 
-0.438 0.000 0.000 
-0.228 -0.161 0.000 
0.000 -0.337 0.000 
0.000 -0.583 0.000 
0.000 -0.834 0.000 
0.000 -0.986 0.000 
0.000 -0.965 0.000 
# 3 2 25 3
0.000 -0.965 0.000 
0.000 -0.986 0.000 
0.000 -0.834 0.000 
0.000 -0.583 0.000 
0.000 -0.337 0.000 
0.000 -0.161 -0.228 
0.000 0.000 -0.438 
0.000 0.000 -0.698 
0.000 0.000 -0.918 
0.000 0.000 -1.000 
0.000 0.000 -0.901 
-0.211 0.000 -0.671 
-0.413 0.000 -0.413 
-0.671 0.000 -0.211 
-0.901 0.000 0.000 
-1.000 0.000 0.000 
-0.918 0.000 0.000 
-0.698 0.000 0.000 
-0.438 0.000 0.000 
-0.228 -0.161 0.000 
0.000 -0.337 0.000 
0.000 -0.583 0.000 
0.000 -0.834 0.000 
0.000 -0.986 0.000 
0.000 -0.965 0.000 
