1.915042
6
# 0 1 16 50
0.887 0.820 0.879 0.935 0.975 0.996 0.999 0.981 0.946 0.893 0.828 0.752 0.670 0.585 0.501 0.421 0.346 0.279 0.221 0.172 0.131 0.000 0.000 0.000 0.000 0.000 0.000 0.000 0.000 0.000 0.000 0.000 0.000 0.000 0.000 0.000 0.000 0.000 0.000 0.000 0.000 0.000 0.000 0.000 0.000 0.000 0.000 0.000 0.000 0.000 
0.999 0.982 0.946 0.895 0.829 0.871 0.929 0.971 0.995 0.999 0.985 0.951 0.901 0.837 0.762 0.680 0.595 0.511 0.430 0.355 0.287 0.228 0.177 0.135 0.101 0.000 0.000 0.000 0.000 0.000 0.000 0.000 0.000 0.000 0.000 0.000 0.000 0.000 0.000 0.000 0.000 0.000 0.000 0.000 0.000 0.000 0.000 0.000 0.000 0.000 
0.928 0.970 0.994 0.999 0.985 0.952 0.902 0.838 0.863 0.922 0.966 0.993 1.000 0.987 0.956 0.908 0.845 0.772 0.691 0.606 0.522 0.440 0.364 0.295 0.235 0.183 0.140 0.105 0.000 0.000 0.000 0.000 0.000 0.000 0.000 0.000 0.000 0.000 0.000 0.000 0.000 0.000 0.000 0.000 0.000 0.000 0.000 0.000 0.000 0.000 
0.711 0.791 0.862 0.921 0.966 0.992 1.000 0.988 0.957 0.909 0.847 0.855 0.916 0.962 0.990 1.000 0.990 0.961 0.915 0.854 0.781 0.701 0.617 0.532 0.450 0.373 0.304 0.242 0.189 0.145 0.109 0.000 0.000 0.000 0.000 0.000 0.000 0.000 0.000 0.000 0.000 0.000 0.000 0.000 0.000 0.000 0.000 0.000 0.000 0.000 
0.450 0.532 0.617 0.701 0.781 0.854 0.915 0.961 0.990 1.000 0.990 0.962 0.916 0.855 0.847 0.909 0.957 0.988 1.000 0.992 0.966 0.921 0.862 0.791 0.711 0.627 0.543 0.460 0.382 0.312 0.249 0.195 0.150 0.113 0.000 0.000 0.000 0.000 0.000 0.000 0.000 0.000 0.000 0.000 0.000 0.000 0.000 0.000 0.000 0.000 
0.235 0.295 0.364 0.440 0.522 0.606 0.691 0.772 0.845 0.908 0.956 0.987 1.000 0.993 0.966 0.922 0.863 0.838 0.902 0.952 0.985 0.999 0.994 0.970 0.928 0.870 0.800 0.722 0.638 0.553 0.470 0.392 0.320 0.257 0.202 0.155 0.117 0.000 0.000 0.000 0.000 0.000 0.000 0.000 0.000 0.000 0.000 0.000 0.000 0.000 
0.101 0.135 0.177 0.228 0.287 0.355 0.430 0.511 0.595 0.680 0.762 0.837 0.901 0.951 0.985 0.999 0.995 0.971 0.929 0.871 0.829 0.895 0.946 0.982 0.999 0.996 0.974 0.934 0.878 0.810 0.732 0.649 0.564 0.480 0.401 0.329 0.264 0.208 0.161 0.122 0.000 0.000 0.000 0.000 0.000 0.000 0.000 0.000 0.000 0.000 
0.000 0.000 0.000 0.000 0.131 0.172 0.221 0.279 0.346 0.421 0.501 0.585 0.670 0.752 0.828 0.893 0.946 0.981 0.999 0.996 0.975 0.935 0.879 0.820 0.887 0.941 0.978 0.998 0.997 0.978 0.940 0.886 0.819 0.742 0.659 0.574 0.491 0.411 0.337 0.272 0.215 0.166 0.126 0.000 0.000 0.000 0.000 0.000 0.000 0.000 
0.000 0.000 0.000 0.000 0.000 0.000 0.000 0.126 0.166 0.215 0.272 0.337 0.411 0.491 0.574 0.659 0.742 0.819 0.886 0.940 0.978 0.997 0.998 0.978 0.941 0.887 0.820 0.879 0.935 0.975 0.996 0.999 0.981 0.946 0.893 0.828 0.752 0.670 0.585 0.501 0.421 0.346 0.279 0.221 0.172 0.131 0.000 0.000 0.000 0.000 
0.000 0.000 0.000 0.000 0.000 0.000 0.000 0.000 0.000 0.000 0.122 0.161 0.208 0.264 0.329 0.401 0.480 0.564 0.649 0.732 0.810 0.878 0.934 0.974 0.996 0.999 0.982 0.946 0.895 0.829 0.871 0.929 0.971 0.995 0.999 0.985 0.951 0.901 0.837 0.762 0.680 0.595 0.511 0.430 0.355 0.287 0.228 0.177 0.135 0.101 
0.000 0.000 0.000 0.000 0.000 0.000 0.000 0.000 0.000 0.000 0.000 0.000 0.000 0.117 0.155 0.202 0.257 0.320 0.392 0.470 0.553 0.638 0.722 0.800 0.870 0.928 0.970 0.994 0.999 0.985 0.952 0.902 0.838 0.863 0.922 0.966 0.993 1.000 0.987 0.956 0.908 0.845 0.772 0.691 0.606 0.522 0.440 0.364 0.295 0.235 
0.000 0.000 0.000 0.000 0.000 0.000 0.000 0.000 0.000 0.000 0.000 0.000 0.000 0.000 0.000 0.000 0.113 0.150 0.195 0.249 0.312 0.382 0.460 0.543 0.627 0.711 0.791 0.862 0.921 0.966 0.992 1.000 0.988 0.957 0.909 0.847 0.855 0.916 0.962 0.990 1.000 0.990 0.961 0.915 0.854 0.781 0.701 0.617 0.532 0.450 
0.000 0.000 0.000 0.000 0.000 0.000 0.000 0.000 0.000 0.000 0.000 0.000 0.000 0.000 0.000 0.000 0.000 0.000 0.000 0.109 0.145 0.189 0.242 0.304 0.373 0.450 0.532 0.617 0.701 0.781 0.854 0.915 0.961 0.990 1.000 0.990 0.962 0.916 0.855 0.847 0.909 0.957 0.988 1.000 0.992 0.966 0.921 0.862 0.791 0.711 
0.000 0.000 0.000 0.000 0.000 0.000 0.000 0.000 0.000 0.000 0.000 0.000 0.000 0.000 0.000 0.000 0.000 0.000 0.000 0.000 0.000 0.000 0.105 0.140 0.183 0.235 0.295 0.364 0.440 0.522 0.606 0.691 0.772 0.845 0.908 0.956 0.987 1.000 0.993 0.966 0.922 0.863 0.838 0.902 0.952 0.985 0.999 0.994 0.970 0.928 
0.000 0.000 0.000 0.000 0.000 0.000 0.000 0.000 0.000 0.000 0.000 0.000 0.000 0.000 0.000 0.000 0.000 0.000 0.000 0.000 0.000 0.000 0.000 0.000 0.000 0.101 0.135 0.177 0.228 0.287 0.355 0.430 0.511 0.595 0.680 0.762 0.837 0.901 0.951 0.985 0.999 0.995 0.971 0.929 0.871 0.829 0.895 0.946 0.982 0.999 
0.000 0.000 0.000 0.000 0.000 0.000 0.000 0.000 0.000 0.000 0.000 0.000 0.000 0.000 0.000 0.000 0.000 0.000 0.000 0.000 0.000 0.000 0.000 0.000 0.000 0.000 0.000 0.000 0.000 0.131 0.172 0.221 0.279 0.346 0.421 0.501 0.585 0.670 0.752 0.828 0.893 0.946 0.981 0.999 0.996 0.975 0.935 0.879 0.820 0.887 
# 0 2 27 50
0.846 0.856 0.916 0.962 0.991 1.000 0.990 0.961 0.914 0.853 0.780 0.700 0.616 0.531 0.449 0.372 0.303 0.241 0.189 0.145 0.109 0.000 0.000 0.000 0.000 0.000 0.000 0.000 0.000 0.000 0.000 0.000 0.000 0.000 0.000 0.000 0.000 0.000 0.000 0.000 0.000 0.000 0.000 0.000 0.000 0.000 0.000 0.000 0.000 0.000 
0.950 0.900 0.835 0.866 0.924 0.968 0.993 1.000 0.987 0.955 0.906 0.843 0.769 0.688 0.603 0.519 0.437 0.362 0.293 0.233 0.182 0.139 0.104 0.000 0.000 0.000 0.000 0.000 0.000 0.000 0.000 0.000 0.000 0.000 0.000 0.000 0.000 0.000 0.000 0.000 0.000 0.000 0.000 0.000 0.000 0.000 0.000 0.000 0.000 0.000 
0.998 0.980 0.944 0.891 0.825 0.875 0.932 0.973 0.995 0.999 0.983 0.949 0.897 0.832 0.757 0.675 0.591 0.506 0.426 0.351 0.284 0.225 0.175 0.133 0.000 0.000 0.000 0.000 0.000 0.000 0.000 0.000 0.000 0.000 0.000 0.000 0.000 0.000 0.000 0.000 0.000 0.000 0.000 0.000 0.000 0.000 0.000 0.000 0.000 0.000 
0.980 0.998 0.997 0.976 0.937 0.882 0.817 0.884 0.939 0.977 0.997 0.998 0.979 0.942 0.889 0.822 0.745 0.663 0.578 0.494 0.414 0.341 0.274 0.217 0.168 0.128 0.000 0.000 0.000 0.000 0.000 0.000 0.000 0.000 0.000 0.000 0.000 0.000 0.000 0.000 0.000 0.000 0.000 0.000 0.000 0.000 0.000 0.000 0.000 0.000 
0.900 0.950 0.984 0.999 0.995 0.971 0.930 0.873 0.828 0.893 0.946 0.981 0.999 0.996 0.975 0.935 0.879 0.811 0.733 0.650 0.565 0.482 0.403 0.330 0.265 0.209 0.162 0.122 0.000 0.000 0.000 0.000 0.000 0.000 0.000 0.000 0.000 0.000 0.000 0.000 0.000 0.000 0.000 0.000 0.000 0.000 0.000 0.000 0.000 0.000 
0.772 0.845 0.908 0.956 0.987 1.000 0.993 0.966 0.922 0.863 0.838 0.902 0.952 0.985 0.999 0.994 0.970 0.928 0.870 0.800 0.721 0.638 0.553 0.470 0.392 0.320 0.256 0.202 0.155 0.117 0.000 0.000 0.000 0.000 0.000 0.000 0.000 0.000 0.000 0.000 0.000 0.000 0.000 0.000 0.000 0.000 0.000 0.000 0.000 0.000 
0.619 0.703 0.783 0.855 0.916 0.962 0.991 1.000 0.990 0.961 0.914 0.853 0.848 0.910 0.958 0.988 1.000 0.992 0.965 0.920 0.860 0.789 0.709 0.625 0.540 0.458 0.381 0.310 0.248 0.194 0.149 0.112 0.000 0.000 0.000 0.000 0.000 0.000 0.000 0.000 0.000 0.000 0.000 0.000 0.000 0.000 0.000 0.000 0.000 0.000 
0.464 0.547 0.631 0.715 0.794 0.865 0.924 0.967 0.993 1.000 0.987 0.955 0.906 0.843 0.858 0.918 0.964 0.991 1.000 0.989 0.959 0.912 0.850 0.777 0.697 0.613 0.528 0.446 0.370 0.300 0.239 0.187 0.143 0.107 0.000 0.000 0.000 0.000 0.000 0.000 0.000 0.000 0.000 0.000 0.000 0.000 0.000 0.000 0.000 0.000 
0.325 0.397 0.476 0.559 0.644 0.727 0.806 0.875 0.931 0.972 0.995 0.999 0.983 0.949 0.898 0.833 0.868 0.926 0.969 0.994 1.000 0.986 0.953 0.904 0.840 0.766 0.685 0.600 0.516 0.434 0.359 0.291 0.231 0.180 0.137 0.103 0.000 0.000 0.000 0.000 0.000 0.000 0.000 0.000 0.000 0.000 0.000 0.000 0.000 0.000 
0.213 0.270 0.335 0.409 0.488 0.572 0.657 0.739 0.817 0.884 0.939 0.977 0.997 0.998 0.979 0.942 0.889 0.822 0.877 0.933 0.974 0.996 0.999 0.982 0.947 0.895 0.830 0.754 0.672 0.587 0.503 0.423 0.348 0.281 0.223 0.173 0.132 0.000 0.000 0.000 0.000 0.000 0.000 0.000 0.000 0.000 0.000 0.000 0.000 0.000 
0.130 0.171 0.221 0.279 0.346 0.420 0.500 0.584 0.669 0.751 0.827 0.893 0.945 0.981 0.998 0.996 0.975 0.935 0.880 0.820 0.887 0.941 0.978 0.998 0.998 0.978 0.940 0.886 0.819 0.742 0.660 0.575 0.491 0.411 0.338 0.272 0.215 0.166 0.126 0.000 0.000 0.000 0.000 0.000 0.000 0.000 0.000 0.000 0.000 0.000 
0.000 0.102 0.136 0.178 0.229 0.288 0.356 0.432 0.513 0.597 0.682 0.763 0.838 0.902 0.952 0.985 0.999 0.994 0.970 0.928 0.870 0.830 0.896 0.947 0.982 0.999 0.996 0.974 0.933 0.877 0.808 0.730 0.647 0.562 0.479 0.400 0.328 0.263 0.207 0.160 0.121 0.000 0.000 0.000 0.000 0.000 0.000 0.000 0.000 0.000 
0.000 0.000 0.000 0.106 0.142 0.185 0.237 0.298 0.367 0.443 0.525 0.609 0.694 0.775 0.848 0.910 0.958 0.988 1.000 0.992 0.965 0.920 0.861 0.841 0.904 0.953 0.986 1.000 0.994 0.969 0.926 0.868 0.797 0.718 0.635 0.550 0.467 0.389 0.318 0.254 0.200 0.154 0.116 0.000 0.000 0.000 0.000 0.000 0.000 0.000 
0.000 0.000 0.000 0.000 0.000 0.111 0.148 0.192 0.246 0.308 0.378 0.455 0.537 0.622 0.706 0.786 0.858 0.918 0.963 0.991 1.000 0.989 0.959 0.912 0.851 0.851 0.912 0.959 0.989 1.000 0.991 0.963 0.918 0.858 0.786 0.706 0.622 0.537 0.455 0.378 0.308 0.246 0.192 0.148 0.111 0.000 0.000 0.000 0.000 0.000 
0.000 0.000 0.000 0.000 0.000 0.000 0.000 0.116 0.154 0.200 0.254 0.318 0.389 0.467 0.550 0.635 0.718 0.797 0.868 0.926 0.969 0.994 1.000 0.986 0.953 0.904 0.841 0.861 0.920 0.965 0.992 1.000 0.988 0.958 0.910 0.848 0.775 0.694 0.609 0.525 0.443 0.367 0.298 0.237 0.185 0.142 0.106 0.000 0.000 0.000 
0.000 0.000 0.000 0.000 0.000 0.000 0.000 0.000 0.000 0.121 0.160 0.207 0.263 0.328 0.400 0.479 0.562 0.647 0.730 0.808 0.877 0.933 0.974 0.996 0.999 0.982 0.947 0.896 0.830 0.870 0.928 0.970 0.994 0.999 0.985 0.952 0.902 0.838 0.763 0.682 0.597 0.513 0.432 0.356 0.288 0.229 0.178 0.136 0.102 0.000 
0.000 0.000 0.000 0.000 0.000 0.000 0.000 0.000 0.000 0.000 0.000 0.126 0.166 0.215 0.272 0.338 0.411 0.491 0.575 0.660 0.742 0.819 0.886 0.940 0.978 0.998 0.998 0.978 0.941 0.887 0.820 0.880 0.935 0.975 0.996 0.998 0.981 0.945 0.893 0.827 0.751 0.669 0.584 0.500 0.420 0.346 0.279 0.221 0.171 0.130 
0.000 0.000 0.000 0.000 0.000 0.000 0.000 0.000 0.000 0.000 0.000 0.000 0.000 0.132 0.173 0.223 0.281 0.348 0.423 0.503 0.587 0.672 0.754 0.830 0.895 0.947 0.982 0.999 0.996 0.974 0.933 0.877 0.822 0.889 0.942 0.979 0.998 0.997 0.977 0.939 0.884 0.817 0.739 0.657 0.572 0.488 0.409 0.335 0.270 0.213 
0.000 0.000 0.000 0.000 0.000 0.000 0.000 0.000 0.000 0.000 0.000 0.000 0.000 0.000 0.103 0.137 0.180 0.231 0.291 0.359 0.434 0.516 0.600 0.685 0.766 0.840 0.904 0.953 0.986 1.000 0.994 0.969 0.926 0.868 0.833 0.898 0.949 0.983 0.999 0.995 0.972 0.931 0.875 0.806 0.727 0.644 0.559 0.476 0.397 0.325 
0.000 0.000 0.000 0.000 0.000 0.000 0.000 0.000 0.000 0.000 0.000 0.000 0.000 0.000 0.000 0.000 0.107 0.143 0.187 0.239 0.300 0.370 0.446 0.528 0.613 0.697 0.777 0.850 0.912 0.959 0.989 1.000 0.991 0.964 0.918 0.858 0.843 0.906 0.955 0.987 1.000 0.993 0.967 0.924 0.865 0.794 0.715 0.631 0.547 0.464 
0.000 0.000 0.000 0.000 0.000 0.000 0.000 0.000 0.000 0.000 0.000 0.000 0.000 0.000 0.000 0.000 0.000 0.000 0.112 0.149 0.194 0.248 0.310 0.381 0.458 0.540 0.625 0.709 0.789 0.860 0.920 0.965 0.992 1.000 0.988 0.958 0.910 0.848 0.853 0.914 0.961 0.990 1.000 0.991 0.962 0.916 0.855 0.783 0.703 0.619 
0.000 0.000 0.000 0.000 0.000 0.000 0.000 0.000 0.000 0.000 0.000 0.000 0.000 0.000 0.000 0.000 0.000 0.000 0.000 0.000 0.117 0.155 0.202 0.256 0.320 0.392 0.470 0.553 0.638 0.721 0.800 0.870 0.928 0.970 0.994 0.999 0.985 0.952 0.902 0.838 0.863 0.922 0.966 0.993 1.000 0.987 0.956 0.908 0.845 0.772 
0.000 0.000 0.000 0.000 0.000 0.000 0.000 0.000 0.000 0.000 0.000 0.000 0.000 0.000 0.000 0.000 0.000 0.000 0.000 0.000 0.000 0.000 0.122 0.162 0.209 0.265 0.330 0.403 0.482 0.565 0.650 0.733 0.811 0.879 0.935 0.975 0.996 0.999 0.981 0.946 0.893 0.828 0.873 0.930 0.971 0.995 0.999 0.984 0.950 0.900 
0.000 0.000 0.000 0.000 0.000 0.000 0.000 0.000 0.000 0.000 0.000 0.000 0.000 0.000 0.000 0.000 0.000 0.000 0.000 0.000 0.000 0.000 0.000 0.000 0.128 0.168 0.217 0.274 0.341 0.414 0.494 0.578 0.663 0.745 0.822 0.889 0.942 0.979 0.998 0.997 0.977 0.939 0.884 0.817 0.882 0.937 0.976 0.997 0.998 0.980 
0.000 0.000 0.000 0.000 0.000 0.000 0.000 0.000 0.000 0.000 0.000 0.000 0.000 0.000 0.000 0.000 0.000 0.000 0.000 0.000 0.000 0.000 0.000 0.000 0.000 0.000 0.133 0.175 0.225 0.284 0.351 0.426 0.506 0.591 0.675 0.757 0.832 0.897 0.949 0.983 0.999 0.995 0.973 0.932 0.875 0.825 0.891 0.944 0.980 0.998 
0.000 0.000 0.000 0.000 0.000 0.000 0.000 0.000 0.000 0.000 0.000 0.000 0.000 0.000 0.000 0.000 0.000 0.000 0.000 0.000 0.000 0.000 0.000 0.000 0.000 0.000 0.000 0.104 0.139 0.182 0.233 0.293 0.362 0.437 0.519 0.603 0.688 0.769 0.843 0.906 0.955 0.987 1.000 0.993 0.968 0.924 0.866 0.835 0.900 0.950 
0.000 0.000 0.000 0.000 0.000 0.000 0.000 0.000 0.000 0.000 0.000 0.000 0.000 0.000 0.000 0.000 0.000 0.000 0.000 0.000 0.000 0.000 0.000 0.000 0.000 0.000 0.000 0.000 0.000 0.109 0.145 0.189 0.241 0.303 0.372 0.449 0.531 0.616 0.700 0.780 0.853 0.914 0.961 0.990 1.000 0.991 0.962 0.916 0.856 0.846 
# 0 3 16 50
0.887 0.820 0.879 0.935 0.975 0.996 0.999 0.981 0.946 0.893 0.828 0.752 0.670 0.585 0.501 0.421 0.346 0.279 0.221 0.172 0.131 0.000 0.000 0.000 0.000 0.000 0.000 0.000 0.000 0.000 0.000 0.000 0.000 0.000 0.000 0.000 0.000 0.000 0.000 0.000 0.000 0.000 0.000 0.000 0.000 0.000 0.000 0.000 0.000 0.000 
0.999 0.982 0.946 0.895 0.829 0.871 0.929 0.971 0.995 0.999 0.985 0.951 0.901 0.837 0.762 0.680 0.595 0.511 0.430 0.355 0.287 0.228 0.177 0.135 0.101 0.000 0.000 0.000 0.000 0.000 0.000 0.000 0.000 0.000 0.000 0.000 0.000 0.000 0.000 0.000 0.000 0.000 0.000 0.000 0.000 0.000 0.000 0.000 0.000 0.000 
0.928 0.970 0.994 0.999 0.985 0.952 0.902 0.838 0.863 0.922 0.966 0.993 1.000 0.987 0.956 0.908 0.845 0.772 0.691 0.606 0.522 0.440 0.364 0.295 0.235 0.183 0.140 0.105 0.000 0.000 0.000 0.000 0.000 0.000 0.000 0.000 0.000 0.000 0.000 0.000 0.000 0.000 0.000 0.000 0.000 0.000 0.000 0.000 0.000 0.000 
0.711 0.791 0.862 0.921 0.966 0.992 1.000 0.988 0.957 0.909 0.847 0.855 0.916 0.962 0.990 1.000 0.990 0.961 0.915 0.854 0.781 0.701 0.617 0.532 0.450 0.373 0.304 0.242 0.189 0.145 0.109 0.000 0.000 0.000 0.000 0.000 0.000 0.000 0.000 0.000 0.000 0.000 0.000 0.000 0.000 0.000 0.000 0.000 0.000 0.000 
0.450 0.532 0.617 0.701 0.781 0.854 0.915 0.961 0.990 1.000 0.990 0.962 0.916 0.855 0.847 0.909 0.957 0.988 1.000 0.992 0.966 0.921 0.862 0.791 0.711 0.627 0.543 0.460 0.382 0.312 0.249 0.195 0.150 0.113 0.000 0.000 0.000 0.000 0.000 0.000 0.000 0.000 0.000 0.000 0.000 0.000 0.000 0.000 0.000 0.000 
0.235 0.295 0.364 0.440 0.522 0.606 0.691 0.772 0.845 0.908 0.956 0.987 1.000 0.993 0.966 0.922 0.863 0.838 0.902 0.952 0.985 0.999 0.994 0.970 0.928 0.870 0.800 0.722 0.638 0.553 0.470 0.392 0.320 0.257 0.202 0.155 0.117 0.000 0.000 0.000 0.000 0.000 0.000 0.000 0.000 0.000 0.000 0.000 0.000 0.000 
0.101 0.135 0.177 0.228 0.287 0.355 0.430 0.511 0.595 0.680 0.762 0.837 0.901 0.951 0.985 0.999 0.995 0.971 0.929 0.871 0.829 0.895 0.946 0.982 0.999 0.996 0.974 0.934 0.878 0.810 0.732 0.649 0.564 0.480 0.401 0.329 0.264 0.208 0.161 0.122 0.000 0.000 0.000 0.000 0.000 0.000 0.000 0.000 0.000 0.000 
0.000 0.000 0.000 0.000 0.131 0.172 0.221 0.279 0.346 0.421 0.501 0.585 0.670 0.752 0.828 0.893 0.946 0.981 0.999 0.996 0.975 0.935 0.879 0.820 0.887 0.941 0.978 0.998 0.997 0.978 0.940 0.886 0.819 0.742 0.659 0.574 0.491 0.411 0.337 0.272 0.215 0.166 0.126 0.000 0.000 0.000 0.000 0.000 0.000 0.000 
0.000 0.000 0.000 0.000 0.000 0.000 0.000 0.126 0.166 0.215 0.272 0.337 0.411 0.491 0.574 0.659 0.742 0.819 0.886 0.940 0.978 0.997 0.998 0.978 0.941 0.887 0.820 0.879 0.935 0.975 0.996 0.999 0.981 0.946 0.893 0.828 0.752 0.670 0.585 0.501 0.421 0.346 0.279 0.221 0.172 0.131 0.000 0.000 0.000 0.000 
0.000 0.000 0.000 0.000 0.000 0.000 0.000 0.000 0.000 0.000 0.122 0.161 0.208 0.264 0.329 0.401 0.480 0.564 0.649 0.732 0.810 0.878 0.934 0.974 0.996 0.999 0.982 0.946 0.895 0.829 0.871 0.929 0.971 0.995 0.999 0.985 0.951 0.901 0.837 0.762 0.680 0.595 0.511 0.430 0.355 0.287 0.228 0.177 0.135 0.101 
0.000 0.000 0.000 0.000 0.000 0.000 0.000 0.000 0.000 0.000 0.000 0.000 0.000 0.117 0.155 0.202 0.257 0.320 0.392 0.470 0.553 0.638 0.722 0.800 0.870 0.928 0.970 0.994 0.999 0.985 0.952 0.902 0.838 0.863 0.922 0.966 0.993 1.000 0.987 0.956 0.908 0.845 0.772 0.691 0.606 0.522 0.440 0.364 0.295 0.235 
0.000 0.000 0.000 0.000 0.000 0.000 0.000 0.000 0.000 0.000 0.000 0.000 0.000 0.000 0.000 0.000 0.113 0.150 0.195 0.249 0.312 0.382 0.460 0.543 0.627 0.711 0.791 0.862 0.921 0.966 0.992 1.000 0.988 0.957 0.909 0.847 0.855 0.916 0.962 0.990 1.000 0.990 0.961 0.915 0.854 0.781 0.701 0.617 0.532 0.450 
0.000 0.000 0.000 0.000 0.000 0.000 0.000 0.000 0.000 0.000 0.000 0.000 0.000 0.000 0.000 0.000 0.000 0.000 0.000 0.109 0.145 0.189 0.242 0.304 0.373 0.450 0.532 0.617 0.701 0.781 0.854 0.915 0.961 0.990 1.000 0.990 0.962 0.916 0.855 0.847 0.909 0.957 0.988 1.000 0.992 0.966 0.921 0.862 0.791 0.711 
0.000 0.000 0.000 0.000 0.000 0.000 0.000 0.000 0.000 0.000 0.000 0.000 0.000 0.000 0.000 0.000 0.000 0.000 0.000 0.000 0.000 0.000 0.105 0.140 0.183 0.235 0.295 0.364 0.440 0.522 0.606 0.691 0.772 0.845 0.908 0.956 0.987 1.000 0.993 0.966 0.922 0.863 0.838 0.902 0.952 0.985 0.999 0.994 0.970 0.928 
0.000 0.000 0.000 0.000 0.000 0.000 0.000 0.000 0.000 0.000 0.000 0.000 0.000 0.000 0.000 0.000 0.000 0.000 0.000 0.000 0.000 0.000 0.000 0.000 0.000 0.101 0.135 0.177 0.228 0.287 0.355 0.430 0.511 0.595 0.680 0.762 0.837 0.901 0.951 0.985 0.999 0.995 0.971 0.929 0.871 0.829 0.895 0.946 0.982 0.999 
0.000 0.000 0.000 0.000 0.000 0.000 0.000 0.000 0.000 0.000 0.000 0.000 0.000 0.000 0.000 0.000 0.000 0.000 0.000 0.000 0.000 0.000 0.000 0.000 0.000 0.000 0.000 0.000 0.000 0.131 0.172 0.221 0.279 0.346 0.421 0.501 0.585 0.670 0.752 0.828 0.893 0.946 0.981 0.999 0.996 0.975 0.935 0.879 0.820 0.887 
# 0 4 27 50
0.846 0.856 0.916 0.962 0.991 1.000 0.990 0.961 0.914 0.853 0.780 0.700 0.616 0.531 0.449 0.372 0.303 0.241 0.189 0.145 0.109 0.000 0.000 0.000 0.000 0.000 0.000 0.000 0.000 0.000 0.000 0.000 0.000 0.000 0.000 0.000 0.000 0.000 0.000 0.000 0.000 0.000 0.000 0.000 0.000 0.000 0.000 0.000 0.000 0.000 
0.950 0.900 0.835 0.866 0.924 0.968 0.993 1.000 0.987 0.955 0.906 0.843 0.769 0.688 0.603 0.519 0.437 0.362 0.293 0.233 0.182 0.139 0.104 0.000 0.000 0.000 0.000 0.000 0.000 0.000 0.000 0.000 0.000 0.000 0.000 0.000 0.000 0.000 0.000 0.000 0.000 0.000 0.000 0.000 0.000 0.000 0.000 0.000 0.000 0.000 
0.998 0.980 0.944 0.891 0.825 0.875 0.932 0.973 0.995 0.999 0.983 0.949 0.897 0.832 0.757 0.675 0.591 0.506 0.426 0.351 0.284 0.225 0.175 0.133 0.000 0.000 0.000 0.000 0.000 0.000 0.000 0.000 0.000 0.000 0.000 0.000 0.000 0.000 0.000 0.000 0.000 0.000 0.000 0.000 0.000 0.000 0.000 0.000 0.000 0.000 
0.980 0.998 0.997 0.976 0.937 0.882 0.817 0.884 0.939 0.977 0.997 0.998 0.979 0.942 0.889 0.822 0.745 0.663 0.578 0.494 0.414 0.341 0.274 0.217 0.168 0.128 0.000 0.000 0.000 0.000 0.000 0.000 0.000 0.000 0.000 0.000 0.000 0.000 0.000 0.000 0.000 0.000 0.000 0.000 0.000 0.000 0.000 0.000 0.000 0.000 
0.900 0.950 0.984 0.999 0.995 0.971 0.930 0.873 0.828 0.893 0.946 0.981 0.999 0.996 0.975 0.935 0.879 0.811 0.733 0.650 0.565 0.482 0.403 0.330 0.265 0.209 0.162 0.122 0.000 0.000 0.000 0.000 0.000 0.000 0.000 0.000 0.000 0.000 0.000 0.000 0.000 0.000 0.000 0.000 0.000 0.000 0.000 0.000 0.000 0.000 
0.772 0.845 0.908 0.956 0.987 1.000 0.993 0.966 0.922 0.863 0.838 0.902 0.952 0.985 0.999 0.994 0.970 0.928 0.870 0.800 0.721 0.638 0.553 0.470 0.392 0.320 0.256 0.202 0.155 0.117 0.000 0.000 0.000 0.000 0.000 0.000 0.000 0.000 0.000 0.000 0.000 0.000 0.000 0.000 0.000 0.000 0.000 0.000 0.000 0.000 
0.619 0.703 0.783 0.855 0.916 0.962 0.991 1.000 0.990 0.961 0.914 0.853 0.848 0.910 0.958 0.988 1.000 0.992 0.965 0.920 0.860 0.789 0.709 0.625 0.540 0.458 0.381 0.310 0.248 0.194 0.149 0.112 0.000 0.000 0.000 0.000 0.000 0.000 0.000 0.000 0.000 0.000 0.000 0.000 0.000 0.000 0.000 0.000 0.000 0.000 
0.464 0.547 0.631 0.715 0.794 0.865 0.924 0.967 0.993 1.000 0.987 0.955 0.906 0.843 0.858 0.918 0.964 0.991 1.000 0.989 0.959 0.912 0.850 0.777 0.697 0.613 0.528 0.446 0.370 0.300 0.239 0.187 0.143 0.107 0.000 0.000 0.000 0.000 0.000 0.000 0.000 0.000 0.000 0.000 0.000 0.000 0.000 0.000 0.000 0.000 
0.325 0.397 0.476 0.559 0.644 0.727 0.806 0.875 0.931 0.972 0.995 0.999 0.983 0.949 0.898 0.833 0.868 0.926 0.969 0.994 1.000 0.986 0.953 0.904 0.840 0.766 0.685 0.600 0.516 0.434 0.359 0.291 0.231 0.180 0.137 0.103 0.000 0.000 0.000 0.000 0.000 0.000 0.000 0.000 0.000 0.000 0.000 0.000 0.000 0.000 
0.213 0.270 0.335 0.409 0.488 0.572 0.657 0.739 0.817 0.884 0.939 0.977 0.997 0.998 0.979 0.942 0.889 0.822 0.877 0.933 0.974 0.996 0.999 0.982 0.947 0.895 0.830 0.754 0.672 0.587 0.503 0.423 0.348 0.281 0.223 0.173 0.132 0.000 0.000 0.000 0.000 0.000 0.000 0.000 0.000 0.000 0.000 0.000 0.000 0.000 
0.130 0.171 0.221 0.279 0.346 0.420 0.500 0.584 0.669 0.751 0.827 0.893 0.945 0.981 0.998 0.996 0.975 0.935 0.880 0.820 0.887 0.941 0.978 0.998 0.998 0.978 0.940 0.886 0.819 0.742 0.660 0.575 0.491 0.411 0.338 0.272 0.215 0.166 0.126 0.000 0.000 0.000 0.000 0.000 0.000 0.000 0.000 0.000 0.000 0.000 
0.000 0.102 0.136 0.178 0.229 0.288 0.356 0.432 0.513 0.597 0.682 0.763 0.838 0.902 0.952 0.985 0.999 0.994 0.970 0.928 0.870 0.830 0.896 0.947 0.982 0.999 0.996 0.974 0.933 0.877 0.808 0.730 0.647 0.562 0.479 0.400 0.328 0.263 0.207 0.160 0.121 0.000 0.000 0.000 0.000 0.000 0.000 0.000 0.000 0.000 
0.000 0.000 0.000 0.106 0.142 0.185 0.237 0.298 0.367 0.443 0.525 0.609 0.694 0.775 0.848 0.910 0.958 0.988 1.000 0.992 0.965 0.920 0.861 0.841 0.904 0.953 0.986 1.000 0.994 0.969 0.926 0.868 0.797 0.718 0.635 0.550 0.467 0.389 0.318 0.254 0.200 0.154 0.116 0.000 0.000 0.000 0.000 0.000 0.000 0.000 
0.000 0.000 0.000 0.000 0.000 0.111 0.148 0.192 0.246 0.308 0.378 0.455 0.537 0.622 0.706 0.786 0.858 0.918 0.963 0.991 1.000 0.989 0.959 0.912 0.851 0.851 0.912 0.959 0.989 1.000 0.991 0.963 0.918 0.858 0.786 0.706 0.622 0.537 0.455 0.378 0.308 0.246 0.192 0.148 0.111 0.000 0.000 0.000 0.000 0.000 
0.000 0.000 0.000 0.000 0.000 0.000 0.000 0.116 0.154 0.200 0.254 0.318 0.389 0.467 0.550 0.635 0.718 0.797 0.868 0.926 0.969 0.994 1.000 0.986 0.953 0.904 0.841 0.861 0.920 0.965 0.992 1.000 0.988 0.958 0.910 0.848 0.775 0.694 0.609 0.525 0.443 0.367 0.298 0.237 0.185 0.142 0.106 0.000 0.000 0.000 
0.000 0.000 0.000 0.000 0.000 0.000 0.000 0.000 0.000 0.121 0.160 0.207 0.263 0.328 0.400 0.479 0.562 0.647 0.730 0.808 0.877 0.933 0.974 0.996 0.999 0.982 0.947 0.896 0.830 0.870 0.928 0.970 0.994 0.999 0.985 0.952 0.902 0.838 0.763 0.682 0.597 0.513 0.432 0.356 0.288 0.229 0.178 0.136 0.102 0.000 
0.000 0.000 0.000 0.000 0.000 0.000 0.000 0.000 0.000 0.000 0.000 0.126 0.166 0.215 0.272 0.338 0.411 0.491 0.575 0.660 0.742 0.819 0.886 0.940 0.978 0.998 0.998 0.978 0.941 0.887 0.820 0.880 0.935 0.975 0.996 0.998 0.981 0.945 0.893 0.827 0.751 0.669 0.584 0.500 0.420 0.346 0.279 0.221 0.171 0.130 
0.000 0.000 0.000 0.000 0.000 0.000 0.000 0.000 0.000 0.000 0.000 0.000 0.000 0.132 0.173 0.223 0.281 0.348 0.423 0.503 0.587 0.672 0.754 0.830 0.895 0.947 0.982 0.999 0.996 0.974 0.933 0.877 0.822 0.889 0.942 0.979 0.998 0.997 0.977 0.939 0.884 0.817 0.739 0.657 0.572 0.488 0.409 0.335 0.270 0.213 
0.000 0.000 0.000 0.000 0.000 0.000 0.000 0.000 0.000 0.000 0.000 0.000 0.000 0.000 0.103 0.137 0.180 0.231 0.291 0.359 0.434 0.516 0.600 0.685 0.766 0.840 0.904 0.953 0.986 1.000 0.994 0.969 0.926 0.868 0.833 0.898 0.949 0.983 0.999 0.995 0.972 0.931 0.875 0.806 0.727 0.644 0.559 0.476 0.397 0.325 
0.000 0.000 0.000 0.000 0.000 0.000 0.000 0.000 0.000 0.000 0.000 0.000 0.000 0.000 0.000 0.000 0.107 0.143 0.187 0.239 0.300 0.370 0.446 0.528 0.613 0.697 0.777 0.850 0.912 0.959 0.989 1.000 0.991 0.964 0.918 0.858 0.843 0.906 0.955 0.987 1.000 0.993 0.967 0.924 0.865 0.794 0.715 0.631 0.547 0.464 
0.000 0.000 0.000 0.000 0.000 0.000 0.000 0.000 0.000 0.000 0.000 0.000 0.000 0.000 0.000 0.000 0.000 0.000 0.112 0.149 0.194 0.248 0.310 0.381 0.458 0.540 0.625 0.709 0.789 0.860 0.920 0.965 0.992 1.000 0.988 0.958 0.910 0.848 0.853 0.914 0.961 0.990 1.000 0.991 0.962 0.916 0.855 0.783 0.703 0.619 
0.000 0.000 0.000 0.000 0.000 0.000 0.000 0.000 0.000 0.000 0.000 0.000 0.000 0.000 0.000 0.000 0.000 0.000 0.000 0.000 0.117 0.155 0.202 0.256 0.320 0.392 0.470 0.553 0.638 0.721 0.800 0.870 0.928 0.970 0.994 0.999 0.985 0.952 0.902 0.838 0.863 0.922 0.966 0.993 1.000 0.987 0.956 0.908 0.845 0.772 
0.000 0.000 0.000 0.000 0.000 0.000 0.000 0.000 0.000 0.000 0.000 0.000 0.000 0.000 0.000 0.000 0.000 0.000 0.000 0.000 0.000 0.000 0.122 0.162 0.209 0.265 0.330 0.403 0.482 0.565 0.650 0.733 0.811 0.879 0.935 0.975 0.996 0.999 0.981 0.946 0.893 0.828 0.873 0.930 0.971 0.995 0.999 0.984 0.950 0.900 
0.000 0.000 0.000 0.000 0.000 0.000 0.000 0.000 0.000 0.000 0.000 0.000 0.000 0.000 0.000 0.000 0.000 0.000 0.000 0.000 0.000 0.000 0.000 0.000 0.128 0.168 0.217 0.274 0.341 0.414 0.494 0.578 0.663 0.745 0.822 0.889 0.942 0.979 0.998 0.997 0.977 0.939 0.884 0.817 0.882 0.937 0.976 0.997 0.998 0.980 
0.000 0.000 0.000 0.000 0.000 0.000 0.000 0.000 0.000 0.000 0.000 0.000 0.000 0.000 0.000 0.000 0.000 0.000 0.000 0.000 0.000 0.000 0.000 0.000 0.000 0.000 0.133 0.175 0.225 0.284 0.351 0.426 0.506 0.591 0.675 0.757 0.832 0.897 0.949 0.983 0.999 0.995 0.973 0.932 0.875 0.825 0.891 0.944 0.980 0.998 
0.000 0.000 0.000 0.000 0.000 0.000 0.000 0.000 0.000 0.000 0.000 0.000 0.000 0.000 0.000 0.000 0.000 0.000 0.000 0.000 0.000 0.000 0.000 0.000 0.000 0.000 0.000 0.104 0.139 0.182 0.233 0.293 0.362 0.437 0.519 0.603 0.688 0.769 0.843 0.906 0.955 0.987 1.000 0.993 0.968 0.924 0.866 0.835 0.900 0.950 
0.000 0.000 0.000 0.000 0.000 0.000 0.000 0.000 0.000 0.000 0.000 0.000 0.000 0.000 0.000 0.000 0.000 0.000 0.000 0.000 0.000 0.000 0.000 0.000 0.000 0.000 0.000 0.000 0.000 0.109 0.145 0.189 0.241 0.303 0.372 0.449 0.531 0.616 0.700 0.780 0.853 0.914 0.961 0.990 1.000 0.991 0.962 0.916 0.856 0.846 
# 0 5 8 50
0.964 0.919 0.859 0.842 0.906 0.954 0.987 1.000 0.993 0.968 0.925 0.866 0.796 0.717 0.633 0.548 0.465 0.387 0.316 0.253 0.198 0.153 0.115 0.000 0.000 0.000 0.000 0.000 0.000 0.000 0.000 0.000 0.000 0.000 0.000 0.000 0.000 0.000 0.000 0.000 0.000 0.000 0.000 0.000 0.000 0.000 0.000 0.000 0.000 0.000 
0.832 0.897 0.948 0.983 0.999 0.996 0.973 0.932 0.875 0.825 0.891 0.944 0.980 0.998 0.997 0.976 0.937 0.882 0.814 0.737 0.654 0.569 0.485 0.406 0.333 0.268 0.211 0.163 0.124 0.000 0.000 0.000 0.000 0.000 0.000 0.000 0.000 0.000 0.000 0.000 0.000 0.000 0.000 0.000 0.000 0.000 0.000 0.000 0.000 0.000 
0.333 0.406 0.485 0.569 0.654 0.737 0.814 0.882 0.937 0.976 0.997 0.998 0.980 0.944 0.891 0.825 0.875 0.932 0.973 0.996 0.999 0.983 0.948 0.897 0.832 0.757 0.675 0.590 0.506 0.425 0.351 0.283 0.225 0.175 0.133 0.000 0.000 0.000 0.000 0.000 0.000 0.000 0.000 0.000 0.000 0.000 0.000 0.000 0.000 0.000 
0.000 0.000 0.115 0.153 0.198 0.253 0.316 0.387 0.465 0.548 0.633 0.717 0.796 0.866 0.925 0.968 0.993 1.000 0.987 0.954 0.906 0.842 0.859 0.919 0.964 0.992 1.000 0.989 0.959 0.911 0.850 0.776 0.696 0.611 0.527 0.445 0.369 0.299 0.238 0.186 0.143 0.107 0.000 0.000 0.000 0.000 0.000 0.000 0.000 0.000 
0.000 0.000 0.000 0.000 0.000 0.000 0.000 0.000 0.107 0.143 0.186 0.238 0.299 0.369 0.445 0.527 0.611 0.696 0.776 0.850 0.911 0.959 0.989 1.000 0.992 0.964 0.919 0.859 0.842 0.906 0.954 0.987 1.000 0.993 0.968 0.925 0.866 0.796 0.717 0.633 0.548 0.465 0.387 0.316 0.253 0.198 0.153 0.115 0.000 0.000 
0.000 0.000 0.000 0.000 0.000 0.000 0.000 0.000 0.000 0.000 0.000 0.000 0.000 0.000 0.000 0.133 0.175 0.225 0.283 0.351 0.425 0.506 0.590 0.675 0.757 0.832 0.897 0.948 0.983 0.999 0.996 0.973 0.932 0.875 0.825 0.891 0.944 0.980 0.998 0.997 0.976 0.937 0.882 0.814 0.737 0.654 0.569 0.485 0.406 0.333 
0.000 0.000 0.000 0.000 0.000 0.000 0.000 0.000 0.000 0.000 0.000 0.000 0.000 0.000 0.000 0.000 0.000 0.000 0.000 0.000 0.000 0.124 0.163 0.211 0.268 0.333 0.406 0.485 0.569 0.654 0.737 0.814 0.882 0.937 0.976 0.997 0.998 0.980 0.944 0.891 0.825 0.875 0.932 0.973 0.996 0.999 0.983 0.948 0.897 0.832 
0.000 0.000 0.000 0.000 0.000 0.000 0.000 0.000 0.000 0.000 0.000 0.000 0.000 0.000 0.000 0.000 0.000 0.000 0.000 0.000 0.000 0.000 0.000 0.000 0.000 0.000 0.000 0.115 0.153 0.198 0.253 0.316 0.387 0.465 0.548 0.633 0.717 0.796 0.866 0.925 0.968 0.993 1.000 0.987 0.954 0.906 0.842 0.859 0.919 0.964 
# 1 0 50 16
-0.809 -0.990 -0.933 -0.676 -0.378 -0.162 0.000 0.000 0.000 0.000 0.000 0.000 0.000 0.000 0.000 0.000 
-0.718 -0.955 -0.978 -0.771 -0.468 -0.219 0.000 0.000 0.000 0.000 0.000 0.000 0.000 0.000 0.000 0.000 
-0.799 -0.897 -0.999 -0.856 -0.565 -0.287 -0.112 0.000 0.000 0.000 0.000 0.000 0.000 0.000 0.000 0.000 
-0.879 -0.820 -0.993 -0.926 -0.664 -0.367 -0.156 0.000 0.000 0.000 0.000 0.000 0.000 0.000 0.000 0.000 
-0.943 -0.730 -0.961 -0.974 -0.760 -0.456 -0.211 0.000 0.000 0.000 0.000 0.000 0.000 0.000 0.000 0.000 
-0.984 -0.787 -0.905 -0.998 -0.847 -0.553 -0.278 -0.108 0.000 0.000 0.000 0.000 0.000 0.000 0.000 0.000 
-1.000 -0.870 -0.831 -0.995 -0.918 -0.652 -0.356 -0.150 0.000 0.000 0.000 0.000 0.000 0.000 0.000 0.000 
-0.989 -0.936 -0.742 -0.966 -0.969 -0.748 -0.445 -0.203 0.000 0.000 0.000 0.000 0.000 0.000 0.000 0.000 
-0.953 -0.980 -0.776 -0.914 -0.996 -0.836 -0.541 -0.269 -0.103 0.000 0.000 0.000 0.000 0.000 0.000 0.000 
-0.893 -0.999 -0.861 -0.841 -0.997 -0.910 -0.640 -0.346 -0.144 0.000 0.000 0.000 0.000 0.000 0.000 0.000 
-0.816 -0.992 -0.929 -0.753 -0.971 -0.964 -0.737 -0.433 -0.196 0.000 0.000 0.000 0.000 0.000 0.000 0.000 
-0.725 -0.959 -0.976 -0.765 -0.921 -0.994 -0.826 -0.528 -0.260 0.000 0.000 0.000 0.000 0.000 0.000 0.000 
-0.627 -0.902 -0.998 -0.851 -0.851 -0.998 -0.902 -0.627 -0.336 -0.138 0.000 0.000 0.000 0.000 0.000 0.000 
-0.528 -0.826 -0.994 -0.921 -0.765 -0.976 -0.959 -0.725 -0.422 -0.189 0.000 0.000 0.000 0.000 0.000 0.000 
-0.433 -0.737 -0.964 -0.971 -0.753 -0.929 -0.992 -0.816 -0.516 -0.251 0.000 0.000 0.000 0.000 0.000 0.000 
-0.346 -0.640 -0.910 -0.997 -0.841 -0.861 -0.999 -0.893 -0.615 -0.326 -0.133 0.000 0.000 0.000 0.000 0.000 
-0.269 -0.541 -0.836 -0.996 -0.914 -0.776 -0.980 -0.953 -0.713 -0.411 -0.182 0.000 0.000 0.000 0.000 0.000 
-0.203 -0.445 -0.748 -0.969 -0.966 -0.742 -0.936 -0.989 -0.805 -0.504 -0.243 0.000 0.000 0.000 0.000 0.000 
-0.150 -0.356 -0.652 -0.918 -0.995 -0.831 -0.870 -1.000 -0.885 -0.602 -0.316 -0.127 0.000 0.000 0.000 0.000 
-0.108 -0.278 -0.553 -0.847 -0.998 -0.905 -0.787 -0.984 -0.946 -0.701 -0.399 -0.175 0.000 0.000 0.000 0.000 
0.000 -0.211 -0.456 -0.760 -0.974 -0.961 -0.730 -0.943 -0.986 -0.794 -0.492 -0.235 0.000 0.000 0.000 0.000 
0.000 -0.156 -0.367 -0.664 -0.926 -0.993 -0.820 -0.879 -1.000 -0.875 -0.590 -0.306 -0.122 0.000 0.000 0.000 
0.000 -0.112 -0.287 -0.565 -0.856 -0.999 -0.897 -0.799 -0.987 -0.940 -0.689 -0.388 -0.169 0.000 0.000 0.000 
0.000 0.000 -0.219 -0.468 -0.771 -0.978 -0.955 -0.718 -0.949 -0.982 -0.783 -0.480 -0.227 0.000 0.000 0.000 
0.000 0.000 -0.162 -0.378 -0.676 -0.933 -0.990 -0.809 -0.888 -1.000 -0.866 -0.578 -0.296 -0.117 0.000 0.000 
0.000 0.000 -0.117 -0.296 -0.578 -0.866 -1.000 -0.888 -0.809 -0.990 -0.933 -0.676 -0.378 -0.162 0.000 0.000 
0.000 0.000 0.000 -0.227 -0.480 -0.783 -0.982 -0.949 -0.718 -0.955 -0.978 -0.771 -0.468 -0.219 0.000 0.000 
0.000 0.000 0.000 -0.169 -0.388 -0.689 -0.940 -0.987 -0.799 -0.897 -0.999 -0.856 -0.565 -0.287 -0.112 0.000 
0.000 0.000 0.000 -0.122 -0.306 -0.590 -0.875 -1.000 -0.879 -0.820 -0.993 -0.926 -0.664 -0.367 -0.156 0.000 
0.000 0.000 0.000 0.000 -0.235 -0.492 -0.794 -0.986 -0.943 -0.730 -0.961 -0.974 -0.760 -0.456 -0.211 0.000 
0.000 0.000 0.000 0.000 -0.175 -0.399 -0.701 -0.946 -0.984 -0.787 -0.905 -0.998 -0.847 -0.553 -0.278 -0.108 
0.000 0.000 0.000 0.000 -0.127 -0.316 -0.602 -0.885 -1.000 -0.870 -0.831 -0.995 -0.918 -0.652 -0.356 -0.150 
0.000 0.000 0.000 0.000 0.000 -0.243 -0.504 -0.805 -0.989 -0.936 -0.742 -0.966 -0.969 -0.748 -0.445 -0.203 
0.000 0.000 0.000 0.000 0.000 -0.182 -0.411 -0.713 -0.953 -0.980 -0.776 -0.914 -0.996 -0.836 -0.541 -0.269 
0.000 0.000 0.000 0.000 0.000 -0.133 -0.326 -0.615 -0.893 -0.999 -0.861 -0.841 -0.997 -0.910 -0.640 -0.346 
0.000 0.000 0.000 0.000 0.000 0.000 -0.251 -0.516 -0.816 -0.992 -0.929 -0.753 -0.971 -0.964 -0.737 -0.433 
0.000 0.000 0.000 0.000 0.000 0.000 -0.189 -0.422 -0.725 -0.959 -0.976 -0.765 -0.921 -0.994 -0.826 -0.528 
0.000 0.000 0.000 0.000 0.000 0.000 -0.138 -0.336 -0.627 -0.902 -0.998 -0.851 -0.851 -0.998 -0.902 -0.627 
0.000 0.000 0.000 0.000 0.000 0.000 0.000 -0.260 -0.528 -0.826 -0.994 -0.921 -0.765 -0.976 -0.959 -0.725 
0.000 0.000 0.000 0.000 0.000 0.000 0.000 -0.196 -0.433 -0.737 -0.964 -0.971 -0.753 -0.929 -0.992 -0.816 
0.000 0.000 0.000 0.000 0.000 0.000 0.000 -0.144 -0.346 -0.640 -0.910 -0.997 -0.841 -0.861 -0.999 -0.893 
0.000 0.000 0.000 0.000 0.000 0.000 0.000 -0.103 -0.269 -0.541 -0.836 -0.996 -0.914 -0.776 -0.980 -0.953 
0.000 0.000 0.000 0.000 0.000 0.000 0.000 0.000 -0.203 -0.445 -0.748 -0.969 -0.966 -0.742 -0.936 -0.989 
0.000 0.000 0.000 0.000 0.000 0.000 0.000 0.000 -0.150 -0.356 -0.652 -0.918 -0.995 -0.831 -0.870 -1.000 
0.000 0.000 0.000 0.000 0.000 0.000 0.000 0.000 -0.108 -0.278 -0.553 -0.847 -0.998 -0.905 -0.787 -0.984 
0.000 0.000 0.000 0.000 0.000 0.000 0.000 0.000 0.000 -0.211 -0.456 -0.760 -0.974 -0.961 -0.730 -0.943 
0.000 0.000 0.000 0.000 0.000 0.000 0.000 0.000 0.000 -0.156 -0.367 -0.664 -0.926 -0.993 -0.820 -0.879 
0.000 0.000 0.000 0.000 0.000 0.000 0.000 0.000 0.000 -0.112 -0.287 -0.565 -0.856 -0.999 -0.897 -0.799 
0.000 0.000 0.000 0.000 0.000 0.000 0.000 0.000 0.000 0.000 -0.219 -0.468 -0.771 -0.978 -0.955 -0.718 
0.000 0.000 0.000 0.000 0.000 0.000 0.000 0.000 0.000 0.000 -0.162 -0.378 -0.676 -0.933 -0.990 -0.809 
# 1 2 27 16
-0.772 -0.978 -0.955 -0.718 -0.415 -0.185 0.000 0.000 0.000 0.000 0.000 0.000 0.000 0.000 0.000 0.000 
-0.822 -0.877 -1.000 -0.877 -0.593 -0.308 -0.123 0.000 0.000 0.000 0.000 0.000 0.000 0.000 0.000 0.000 
-0.949 -0.718 -0.955 -0.979 -0.772 -0.469 -0.219 0.000 0.000 0.000 0.000 0.000 0.000 0.000 0.000 0.000 
-1.000 -0.869 -0.832 -0.996 -0.917 -0.650 -0.355 -0.149 0.000 0.000 0.000 0.000 0.000 0.000 0.000 0.000 
-0.960 -0.974 -0.761 -0.924 -0.994 -0.823 -0.524 -0.257 0.000 0.000 0.000 0.000 0.000 0.000 0.000 0.000 
-0.842 -0.997 -0.909 -0.782 -0.982 -0.950 -0.707 -0.405 -0.178 0.000 0.000 0.000 0.000 0.000 0.000 0.000 
-0.673 -0.931 -0.991 -0.813 -0.886 -1.000 -0.869 -0.581 -0.299 -0.119 0.000 0.000 0.000 0.000 0.000 0.000 
-0.491 -0.793 -0.986 -0.943 -0.729 -0.960 -0.975 -0.761 -0.458 -0.212 0.000 0.000 0.000 0.000 0.000 0.000 
-0.326 -0.616 -0.894 -0.999 -0.860 -0.841 -0.997 -0.910 -0.639 -0.345 -0.144 0.000 0.000 0.000 0.000 0.000 
-0.198 -0.436 -0.740 -0.965 -0.970 -0.750 -0.931 -0.991 -0.813 -0.513 -0.249 0.000 0.000 0.000 0.000 0.000 
-0.110 -0.282 -0.558 -0.851 -0.998 -0.902 -0.792 -0.986 -0.944 -0.695 -0.395 -0.172 0.000 0.000 0.000 0.000 
0.000 -0.166 -0.384 -0.684 -0.937 -0.989 -0.803 -0.894 -0.999 -0.860 -0.570 -0.291 -0.114 0.000 0.000 0.000 
0.000 0.000 -0.241 -0.502 -0.803 -0.989 -0.937 -0.739 -0.965 -0.970 -0.751 -0.447 -0.205 0.000 0.000 0.000 
0.000 0.000 -0.138 -0.336 -0.627 -0.902 -0.998 -0.851 -0.851 -0.998 -0.902 -0.627 -0.336 -0.138 0.000 0.000 
0.000 0.000 0.000 -0.205 -0.447 -0.751 -0.970 -0.965 -0.739 -0.937 -0.989 -0.803 -0.502 -0.241 0.000 0.000 
0.000 0.000 0.000 -0.114 -0.291 -0.570 -0.860 -0.999 -0.894 -0.803 -0.989 -0.937 -0.684 -0.384 -0.166 0.000 
0.000 0.000 0.000 0.000 -0.172 -0.395 -0.695 -0.944 -0.986 -0.792 -0.902 -0.998 -0.851 -0.558 -0.282 -0.110 
0.000 0.000 0.000 0.000 0.000 -0.249 -0.513 -0.813 -0.991 -0.931 -0.750 -0.970 -0.965 -0.740 -0.436 -0.198 
0.000 0.000 0.000 0.000 0.000 -0.144 -0.345 -0.639 -0.910 -0.997 -0.841 -0.860 -0.999 -0.894 -0.616 -0.326 
0.000 0.000 0.000 0.000 0.000 0.000 -0.212 -0.458 -0.761 -0.975 -0.960 -0.729 -0.943 -0.986 -0.793 -0.491 
0.000 0.000 0.000 0.000 0.000 0.000 -0.119 -0.299 -0.581 -0.869 -1.000 -0.886 -0.813 -0.991 -0.931 -0.673 
0.000 0.000 0.000 0.000 0.000 0.000 0.000 -0.178 -0.405 -0.707 -0.950 -0.982 -0.782 -0.909 -0.997 -0.842 
0.000 0.000 0.000 0.000 0.000 0.000 0.000 0.000 -0.257 -0.524 -0.823 -0.994 -0.924 -0.761 -0.974 -0.960 
0.000 0.000 0.000 0.000 0.000 0.000 0.000 0.000 -0.149 -0.355 -0.650 -0.917 -0.996 -0.832 -0.869 -1.000 
0.000 0.000 0.000 0.000 0.000 0.000 0.000 0.000 0.000 -0.219 -0.469 -0.772 -0.979 -0.955 -0.718 -0.949 
0.000 0.000 0.000 0.000 0.000 0.000 0.000 0.000 0.000 -0.123 -0.308 -0.593 -0.877 -1.000 -0.877 -0.822 
0.000 0.000 0.000 0.000 0.000 0.000 0.000 0.000 0.000 0.000 -0.185 -0.415 -0.718 -0.955 -0.978 -0.772 
# 1 3 16 16
-0.726 -0.971 -1.000 -0.793 -0.484 -0.227 0.000 0.000 0.000 0.000 0.000 0.000 0.000 0.000 0.000 0.000 
-0.971 -0.726 -0.971 -1.000 -0.793 -0.484 -0.227 0.000 0.000 0.000 0.000 0.000 0.000 0.000 0.000 0.000 
-1.000 -0.971 -0.726 -0.971 -1.000 -0.793 -0.484 -0.227 0.000 0.000 0.000 0.000 0.000 0.000 0.000 0.000 
-0.793 -1.000 -0.971 -0.726 -0.971 -1.000 -0.793 -0.484 -0.227 0.000 0.000 0.000 0.000 0.000 0.000 0.000 
-0.484 -0.793 -1.000 -0.971 -0.726 -0.971 -1.000 -0.793 -0.484 -0.227 0.000 0.000 0.000 0.000 0.000 0.000 
-0.227 -0.484 -0.793 -1.000 -0.971 -0.726 -0.971 -1.000 -0.793 -0.484 -0.227 0.000 0.000 0.000 0.000 0.000 
0.000 -0.227 -0.484 -0.793 -1.000 -0.971 -0.726 -0.971 -1.000 -0.793 -0.484 -0.227 0.000 0.000 0.000 0.000 
0.000 0.000 -0.227 -0.484 -0.793 -1.000 -0.971 -0.726 -0.971 -1.000 -0.793 -0.484 -0.227 0.000 0.000 0.000 
0.000 0.000 0.000 -0.227 -0.484 -0.793 -1.000 -0.971 -0.726 -0.971 -1.000 -0.793 -0.484 -0.227 0.000 0.000 
0.000 0.000 0.000 0.000 -0.227 -0.484 -0.793 -1.000 -0.971 -0.726 -0.971 -1.000 -0.793 -0.484 -0.227 0.000 
0.000 0.000 0.000 0.000 0.000 -0.227 -0.484 -0.793 -1.000 -0.971 -0.726 -0.971 -1.000 -0.793 -0.484 -0.227 
0.000 0.000 0.000 0.000 0.000 0.000 -0.227 -0.484 -0.793 -1.000 -0.971 -0.726 -0.971 -1.000 -0.793 -0.484 
0.000 0.000 0.000 0.000 0.000 0.000 0.000 -0.227 -0.484 -0.793 -1.000 -0.971 -0.726 -0.971 -1.000 -0.793 
0.000 0.000 0.000 0.000 0.000 0.000 0.000 0.000 -0.227 -0.484 -0.793 -1.000 -0.971 -0.726 -0.971 -1.000 
0.000 0.000 0.000 0.000 0.000 0.000 0.000 0.000 0.000 -0.227 -0.484 -0.793 -1.000 -0.971 -0.726 -0.971 
0.000 0.000 0.000 0.000 0.000 0.000 0.000 0.000 0.000 0.000 -0.227 -0.484 -0.793 -1.000 -0.971 -0.726 
# 1 4 27 16
-0.772 -0.978 -0.955 -0.718 -0.415 -0.185 0.000 0.000 0.000 0.000 0.000 0.000 0.000 0.000 0.000 0.000 
-0.822 -0.877 -1.000 -0.877 -0.593 -0.308 -0.123 0.000 0.000 0.000 0.000 0.000 0.000 0.000 0.000 0.000 
-0.949 -0.718 -0.955 -0.979 -0.772 -0.469 -0.219 0.000 0.000 0.000 0.000 0.000 0.000 0.000 0.000 0.000 
-1.000 -0.869 -0.832 -0.996 -0.917 -0.650 -0.355 -0.149 0.000 0.000 0.000 0.000 0.000 0.000 0.000 0.000 
-0.960 -0.974 -0.761 -0.924 -0.994 -0.823 -0.524 -0.257 0.000 0.000 0.000 0.000 0.000 0.000 0.000 0.000 
-0.842 -0.997 -0.909 -0.782 -0.982 -0.950 -0.707 -0.405 -0.178 0.000 0.000 0.000 0.000 0.000 0.000 0.000 
-0.673 -0.931 -0.991 -0.813 -0.886 -1.000 -0.869 -0.581 -0.299 -0.119 0.000 0.000 0.000 0.000 0.000 0.000 
-0.491 -0.793 -0.986 -0.943 -0.729 -0.960 -0.975 -0.761 -0.458 -0.212 0.000 0.000 0.000 0.000 0.000 0.000 
-0.326 -0.616 -0.894 -0.999 -0.860 -0.841 -0.997 -0.910 -0.639 -0.345 -0.144 0.000 0.000 0.000 0.000 0.000 
-0.198 -0.436 -0.740 -0.965 -0.970 -0.750 -0.931 -0.991 -0.813 -0.513 -0.249 0.000 0.000 0.000 0.000 0.000 
-0.110 -0.282 -0.558 -0.851 -0.998 -0.902 -0.792 -0.986 -0.944 -0.695 -0.395 -0.172 0.000 0.000 0.000 0.000 
0.000 -0.166 -0.384 -0.684 -0.937 -0.989 -0.803 -0.894 -0.999 -0.860 -0.570 -0.291 -0.114 0.000 0.000 0.000 
0.000 0.000 -0.241 -0.502 -0.803 -0.989 -0.937 -0.739 -0.965 -0.970 -0.751 -0.447 -0.205 0.000 0.000 0.000 
0.000 0.000 -0.138 -0.336 -0.627 -0.902 -0.998 -0.851 -0.851 -0.998 -0.902 -0.627 -0.336 -0.138 0.000 0.000 
0.000 0.000 0.000 -0.205 -0.447 -0.751 -0.970 -0.965 -0.739 -0.937 -0.989 -0.803 -0.502 -0.241 0.000 0.000 
0.000 0.000 0.000 -0.114 -0.291 -0.570 -0.860 -0.999 -0.894 -0.803 -0.989 -0.937 -0.684 -0.384 -0.166 0.000 
0.000 0.000 0.000 0.000 -0.172 -0.395 -0.695 -0.944 -0.986 -0.792 -0.902 -0.998 -0.851 -0.558 -0.282 -0.110 
0.000 0.000 0.000 0.000 0.000 -0.249 -0.513 -0.813 -0.991 -0.931 -0.750 -0.970 -0.965 -0.740 -0.436 -0.198 
0.000 0.000 0.000 0.000 0.000 -0.144 -0.345 -0.639 -0.910 -0.997 -0.841 -0.860 -0.999 -0.894 -0.616 -0.326 
0.000 0.000 0.000 0.000 0.000 0.000 -0.212 -0.458 -0.761 -0.975 -0.960 -0.729 -0.943 -0.986 -0.793 -0.491 
0.000 0.000 0.000 0.000 0.000 0.000 -0.119 -0.299 -0.581 -0.869 -1.000 -0.886 -0.813 -0.991 -0.931 -0.673 
0.000 0.000 0.000 0.000 0.000 0.000 0.000 -0.178 -0.405 -0.707 -0.950 -0.982 -0.782 -0.909 -0.997 -0.842 
0.000 0.000 0.000 0.000 0.000 0.000 0.000 0.000 -0.257 -0.524 -0.823 -0.994 -0.924 -0.761 -0.974 -0.960 
0.000 0.000 0.000 0.000 0.000 0.000 0.000 0.000 -0.149 -0.355 -0.650 -0.917 -0.996 -0.832 -0.869 -1.000 
0.000 0.000 0.000 0.000 0.000 0.000 0.000 0.000 0.000 -0.219 -0.469 -0.772 -0.979 -0.955 -0.718 -0.949 
0.000 0.000 0.000 0.000 0.000 0.000 0.000 0.000 0.000 -0.123 -0.308 -0.593 -0.877 -1.000 -0.877 -0.822 
0.000 0.000 0.000 0.000 0.000 0.000 0.000 0.000 0.000 0.000 -0.185 -0.415 -0.718 -0.955 -0.978 -0.772 
# 2 0 50 27
0.000 0.000 0.000 0.000 0.000 0.000 0.000 0.000 -0.217 -0.442 -0.722 -0.945 -0.991 -0.832 -0.560 -0.301 -0.130 0.000 0.000 0.000 0.000 0.000 0.000 0.000 0.000 0.000 0.000 
0.000 0.000 0.000 0.000 0.000 0.000 0.000 0.000 -0.134 -0.309 -0.569 -0.840 -0.993 -0.940 -0.713 -0.433 -0.211 0.000 0.000 0.000 0.000 0.000 0.000 0.000 0.000 0.000 0.000 
0.000 0.000 0.000 0.000 0.000 0.000 0.000 0.000 0.000 -0.203 -0.421 -0.700 -0.933 -0.995 -0.851 -0.582 -0.319 -0.140 0.000 0.000 0.000 0.000 0.000 0.000 0.000 0.000 0.000 
0.000 0.000 0.000 0.000 0.000 0.000 0.000 0.000 0.000 -0.125 -0.292 -0.547 -0.821 -0.988 -0.952 -0.735 -0.454 -0.225 0.000 0.000 0.000 0.000 0.000 0.000 0.000 0.000 0.000 
0.000 0.000 0.000 0.000 0.000 0.000 0.000 0.000 0.000 0.000 -0.189 -0.400 -0.678 -0.919 -0.998 -0.869 -0.605 -0.338 -0.151 0.000 0.000 0.000 0.000 0.000 0.000 0.000 0.000 
0.000 0.000 0.000 0.000 0.000 0.000 0.000 0.000 0.000 0.000 -0.115 -0.275 -0.524 -0.801 -0.981 -0.963 -0.756 -0.476 -0.240 0.000 0.000 0.000 0.000 0.000 0.000 0.000 0.000 
0.000 0.000 0.000 0.000 0.000 0.000 0.000 0.000 0.000 0.000 0.000 -0.177 -0.380 -0.655 -0.904 -1.000 -0.886 -0.628 -0.357 -0.162 0.000 0.000 0.000 0.000 0.000 0.000 0.000 
0.000 0.000 0.000 0.000 0.000 0.000 0.000 0.000 0.000 0.000 0.000 -0.106 -0.258 -0.502 -0.781 -0.973 -0.972 -0.777 -0.498 -0.255 -0.105 0.000 0.000 0.000 0.000 0.000 0.000 
0.000 0.000 0.000 0.000 0.000 0.000 0.000 0.000 0.000 0.000 0.000 0.000 -0.164 -0.360 -0.632 -0.888 -1.000 -0.901 -0.651 -0.376 -0.174 0.000 0.000 0.000 0.000 0.000 0.000 
0.000 0.000 0.000 0.000 0.000 0.000 0.000 0.000 0.000 0.000 0.000 0.000 0.000 -0.243 -0.480 -0.760 -0.964 -0.980 -0.798 -0.520 -0.272 -0.114 0.000 0.000 0.000 0.000 0.000 
0.000 0.000 0.000 0.000 0.000 0.000 0.000 0.000 0.000 0.000 0.000 0.000 0.000 -0.153 -0.341 -0.609 -0.872 -0.999 -0.916 -0.674 -0.397 -0.187 0.000 0.000 0.000 0.000 0.000 
0.000 0.000 0.000 0.000 0.000 0.000 0.000 0.000 0.000 0.000 0.000 0.000 0.000 0.000 -0.227 -0.458 -0.739 -0.954 -0.987 -0.818 -0.543 -0.288 -0.123 0.000 0.000 0.000 0.000 
0.000 0.000 0.000 0.000 0.000 0.000 0.000 0.000 0.000 0.000 0.000 0.000 0.000 0.000 -0.142 -0.323 -0.586 -0.854 -0.996 -0.930 -0.696 -0.417 -0.200 0.000 0.000 0.000 0.000 
0.000 0.000 0.000 0.000 0.000 0.000 0.000 0.000 0.000 0.000 0.000 0.000 0.000 0.000 0.000 -0.213 -0.437 -0.717 -0.942 -0.992 -0.837 -0.565 -0.306 -0.133 0.000 0.000 0.000 
0.000 0.000 0.000 0.000 0.000 0.000 0.000 0.000 0.000 0.000 0.000 0.000 0.000 0.000 0.000 -0.132 -0.305 -0.564 -0.835 -0.992 -0.943 -0.718 -0.438 -0.214 0.000 0.000 0.000 
-0.159 0.000 0.000 0.000 0.000 0.000 0.000 0.000 0.000 0.000 0.000 0.000 0.000 0.000 0.000 0.000 -0.199 -0.416 -0.694 -0.929 -0.996 -0.855 -0.588 -0.324 -0.143 0.000 0.000 
-0.250 -0.102 0.000 0.000 0.000 0.000 0.000 0.000 0.000 0.000 0.000 0.000 0.000 0.000 0.000 0.000 -0.122 -0.287 -0.541 -0.816 -0.986 -0.955 -0.740 -0.460 -0.229 0.000 0.000 
-0.370 -0.170 0.000 0.000 0.000 0.000 0.000 0.000 0.000 0.000 0.000 0.000 0.000 0.000 0.000 0.000 0.000 -0.186 -0.395 -0.672 -0.915 -0.999 -0.873 -0.611 -0.343 -0.154 0.000 
-0.513 -0.266 -0.111 0.000 0.000 0.000 0.000 0.000 0.000 0.000 0.000 0.000 0.000 0.000 0.000 0.000 0.000 -0.113 -0.270 -0.519 -0.796 -0.979 -0.965 -0.762 -0.481 -0.244 0.000 
-0.666 -0.390 -0.183 0.000 0.000 0.000 0.000 0.000 0.000 0.000 0.000 0.000 0.000 0.000 0.000 0.000 0.000 0.000 -0.173 -0.375 -0.649 -0.900 -1.000 -0.890 -0.634 -0.362 -0.165 
-0.811 -0.535 -0.283 -0.120 0.000 0.000 0.000 0.000 0.000 0.000 0.000 0.000 0.000 0.000 0.000 0.000 0.000 0.000 -0.104 -0.254 -0.496 -0.776 -0.971 -0.974 -0.782 -0.503 -0.259 
-0.926 -0.689 -0.410 -0.196 0.000 0.000 0.000 0.000 0.000 0.000 0.000 0.000 0.000 0.000 0.000 0.000 0.000 0.000 0.000 -0.162 -0.355 -0.626 -0.884 -1.000 -0.905 -0.657 -0.381 
-0.991 -0.831 -0.558 -0.300 -0.129 0.000 0.000 0.000 0.000 0.000 0.000 0.000 0.000 0.000 0.000 0.000 0.000 0.000 0.000 0.000 -0.239 -0.474 -0.755 -0.962 -0.982 -0.803 -0.526 
-0.993 -0.939 -0.711 -0.431 -0.210 0.000 0.000 0.000 0.000 0.000 0.000 0.000 0.000 0.000 0.000 0.000 0.000 0.000 0.000 0.000 -0.150 -0.336 -0.604 -0.867 -0.998 -0.920 -0.679 
-0.934 -0.995 -0.849 -0.581 -0.318 -0.140 0.000 0.000 0.000 0.000 0.000 0.000 0.000 0.000 0.000 0.000 0.000 0.000 0.000 0.000 0.000 -0.224 -0.453 -0.733 -0.951 -0.988 -0.823 
-0.823 -0.988 -0.951 -0.733 -0.453 -0.224 0.000 0.000 0.000 0.000 0.000 0.000 0.000 0.000 0.000 0.000 0.000 0.000 0.000 0.000 0.000 -0.140 -0.318 -0.581 -0.849 -0.995 -0.934 
-0.679 -0.920 -0.998 -0.867 -0.604 -0.336 -0.150 0.000 0.000 0.000 0.000 0.000 0.000 0.000 0.000 0.000 0.000 0.000 0.000 0.000 0.000 0.000 -0.210 -0.431 -0.711 -0.939 -0.993 
-0.526 -0.803 -0.982 -0.962 -0.755 -0.474 -0.239 0.000 0.000 0.000 0.000 0.000 0.000 0.000 0.000 0.000 0.000 0.000 0.000 0.000 0.000 0.000 -0.129 -0.300 -0.558 -0.831 -0.991 
-0.381 -0.657 -0.905 -1.000 -0.884 -0.626 -0.355 -0.162 0.000 0.000 0.000 0.000 0.000 0.000 0.000 0.000 0.000 0.000 0.000 0.000 0.000 0.000 0.000 -0.196 -0.410 -0.689 -0.926 
-0.259 -0.503 -0.782 -0.974 -0.971 -0.776 -0.496 -0.254 -0.104 0.000 0.000 0.000 0.000 0.000 0.000 0.000 0.000 0.000 0.000 0.000 0.000 0.000 0.000 -0.120 -0.283 -0.535 -0.811 
-0.165 -0.362 -0.634 -0.890 -1.000 -0.900 -0.649 -0.375 -0.173 0.000 0.000 0.000 0.000 0.000 0.000 0.000 0.000 0.000 0.000 0.000 0.000 0.000 0.000 0.000 -0.183 -0.390 -0.666 
0.000 -0.244 -0.481 -0.762 -0.965 -0.979 -0.796 -0.519 -0.270 -0.113 0.000 0.000 0.000 0.000 0.000 0.000 0.000 0.000 0.000 0.000 0.000 0.000 0.000 0.000 -0.111 -0.266 -0.513 
0.000 -0.154 -0.343 -0.611 -0.873 -0.999 -0.915 -0.672 -0.395 -0.186 0.000 0.000 0.000 0.000 0.000 0.000 0.000 0.000 0.000 0.000 0.000 0.000 0.000 0.000 0.000 -0.170 -0.370 
0.000 0.000 -0.229 -0.460 -0.740 -0.955 -0.986 -0.816 -0.541 -0.287 -0.122 0.000 0.000 0.000 0.000 0.000 0.000 0.000 0.000 0.000 0.000 0.000 0.000 0.000 0.000 -0.102 -0.250 
0.000 0.000 -0.143 -0.324 -0.588 -0.855 -0.996 -0.929 -0.694 -0.416 -0.199 0.000 0.000 0.000 0.000 0.000 0.000 0.000 0.000 0.000 0.000 0.000 0.000 0.000 0.000 0.000 -0.159 
0.000 0.000 0.000 -0.214 -0.438 -0.718 -0.943 -0.992 -0.835 -0.564 -0.305 -0.132 0.000 0.000 0.000 0.000 0.000 0.000 0.000 0.000 0.000 0.000 0.000 0.000 0.000 0.000 0.000 
0.000 0.000 0.000 -0.133 -0.306 -0.565 -0.837 -0.992 -0.942 -0.717 -0.437 -0.213 0.000 0.000 0.000 0.000 0.000 0.000 0.000 0.000 0.000 0.000 0.000 0.000 0.000 0.000 0.000 
0.000 0.000 0.000 0.000 -0.200 -0.417 -0.696 -0.930 -0.996 -0.854 -0.586 -0.323 -0.142 0.000 0.000 0.000 0.000 0.000 0.000 0.000 0.000 0.000 0.000 0.000 0.000 0.000 0.000 
0.000 0.000 0.000 0.000 -0.123 -0.288 -0.543 -0.818 -0.987 -0.954 -0.739 -0.458 -0.227 0.000 0.000 0.000 0.000 0.000 0.000 0.000 0.000 0.000 0.000 0.000 0.000 0.000 0.000 
0.000 0.000 0.000 0.000 0.000 -0.187 -0.397 -0.674 -0.916 -0.999 -0.872 -0.609 -0.341 -0.153 0.000 0.000 0.000 0.000 0.000 0.000 0.000 0.000 0.000 0.000 0.000 0.000 0.000 
0.000 0.000 0.000 0.000 0.000 -0.114 -0.272 -0.520 -0.798 -0.980 -0.964 -0.760 -0.480 -0.243 0.000 0.000 0.000 0.000 0.000 0.000 0.000 0.000 0.000 0.000 0.000 0.000 0.000 
0.000 0.000 0.000 0.000 0.000 0.000 -0.174 -0.376 -0.651 -0.901 -1.000 -0.888 -0.632 -0.360 -0.164 0.000 0.000 0.000 0.000 0.000 0.000 0.000 0.000 0.000 0.000 0.000 0.000 
0.000 0.000 0.000 0.000 0.000 0.000 -0.105 -0.255 -0.498 -0.777 -0.972 -0.973 -0.781 -0.502 -0.258 -0.106 0.000 0.000 0.000 0.000 0.000 0.000 0.000 0.000 0.000 0.000 0.000 
0.000 0.000 0.000 0.000 0.000 0.000 0.000 -0.162 -0.357 -0.628 -0.886 -1.000 -0.904 -0.655 -0.380 -0.177 0.000 0.000 0.000 0.000 0.000 0.000 0.000 0.000 0.000 0.000 0.000 
0.000 0.000 0.000 0.000 0.000 0.000 0.000 0.000 -0.240 -0.476 -0.756 -0.963 -0.981 -0.801 -0.524 -0.275 -0.115 0.000 0.000 0.000 0.000 0.000 0.000 0.000 0.000 0.000 0.000 
0.000 0.000 0.000 0.000 0.000 0.000 0.000 0.000 -0.151 -0.338 -0.605 -0.869 -0.998 -0.919 -0.678 -0.400 -0.189 0.000 0.000 0.000 0.000 0.000 0.000 0.000 0.000 0.000 0.000 
0.000 0.000 0.000 0.000 0.000 0.000 0.000 0.000 0.000 -0.225 -0.454 -0.735 -0.952 -0.988 -0.821 -0.547 -0.292 -0.125 0.000 0.000 0.000 0.000 0.000 0.000 0.000 0.000 0.000 
0.000 0.000 0.000 0.000 0.000 0.000 0.000 0.000 0.000 -0.140 -0.319 -0.582 -0.851 -0.995 -0.933 -0.700 -0.421 -0.203 0.000 0.000 0.000 0.000 0.000 0.000 0.000 0.000 0.000 
0.000 0.000 0.000 0.000 0.000 0.000 0.000 0.000 0.000 0.000 -0.211 -0.433 -0.713 -0.940 -0.993 -0.840 -0.569 -0.309 -0.134 0.000 0.000 0.000 0.000 0.000 0.000 0.000 0.000 
0.000 0.000 0.000 0.000 0.000 0.000 0.000 0.000 0.000 0.000 -0.130 -0.301 -0.560 -0.832 -0.991 -0.945 -0.722 -0.442 -0.217 0.000 0.000 0.000 0.000 0.000 0.000 0.000 0.000 
# 2 1 16 27
0.000 0.000 0.000 0.000 0.000 0.000 0.000 0.000 -0.130 -0.302 -0.560 -0.832 -0.991 -0.945 -0.722 -0.442 -0.216 0.000 0.000 0.000 0.000 0.000 0.000 0.000 0.000 0.000 0.000 
0.000 0.000 0.000 0.000 0.000 0.000 0.000 0.000 0.000 0.000 -0.173 -0.375 -0.649 -0.900 -1.000 -0.890 -0.634 -0.362 -0.166 0.000 0.000 0.000 0.000 0.000 0.000 0.000 0.000 
0.000 0.000 0.000 0.000 0.000 0.000 0.000 0.000 0.000 0.000 0.000 0.000 -0.226 -0.456 -0.736 -0.953 -0.987 -0.820 -0.545 -0.290 -0.124 0.000 0.000 0.000 0.000 0.000 0.000 
0.000 0.000 0.000 0.000 0.000 0.000 0.000 0.000 0.000 0.000 0.000 0.000 0.000 -0.123 -0.288 -0.542 -0.817 -0.987 -0.954 -0.739 -0.459 -0.228 0.000 0.000 0.000 0.000 0.000 
0.000 0.000 0.000 0.000 0.000 0.000 0.000 0.000 0.000 0.000 0.000 0.000 0.000 0.000 0.000 -0.164 -0.359 -0.631 -0.888 -1.000 -0.902 -0.652 -0.377 -0.175 0.000 0.000 0.000 
-0.330 -0.146 0.000 0.000 0.000 0.000 0.000 0.000 0.000 0.000 0.000 0.000 0.000 0.000 0.000 0.000 0.000 -0.215 -0.439 -0.719 -0.944 -0.992 -0.835 -0.563 -0.304 -0.131 0.000 
-0.786 -0.507 -0.262 -0.108 0.000 0.000 0.000 0.000 0.000 0.000 0.000 0.000 0.000 0.000 0.000 0.000 0.000 0.000 -0.115 -0.275 -0.524 -0.802 -0.981 -0.962 -0.756 -0.475 -0.240 
-0.995 -0.934 -0.702 -0.422 -0.204 0.000 0.000 0.000 0.000 0.000 0.000 0.000 0.000 0.000 0.000 0.000 0.000 0.000 0.000 0.000 -0.155 -0.344 -0.613 -0.875 -0.999 -0.914 -0.670 
-0.670 -0.914 -0.999 -0.875 -0.613 -0.344 -0.155 0.000 0.000 0.000 0.000 0.000 0.000 0.000 0.000 0.000 0.000 0.000 0.000 0.000 0.000 0.000 -0.204 -0.422 -0.702 -0.934 -0.995 
-0.240 -0.475 -0.756 -0.962 -0.981 -0.802 -0.524 -0.275 -0.115 0.000 0.000 0.000 0.000 0.000 0.000 0.000 0.000 0.000 0.000 0.000 0.000 0.000 0.000 -0.108 -0.262 -0.507 -0.786 
0.000 -0.131 -0.304 -0.563 -0.835 -0.992 -0.944 -0.719 -0.439 -0.215 0.000 0.000 0.000 0.000 0.000 0.000 0.000 0.000 0.000 0.000 0.000 0.000 0.000 0.000 0.000 -0.146 -0.330 
0.000 0.000 0.000 -0.175 -0.377 -0.652 -0.902 -1.000 -0.888 -0.631 -0.359 -0.164 0.000 0.000 0.000 0.000 0.000 0.000 0.000 0.000 0.000 0.000 0.000 0.000 0.000 0.000 0.000 
0.000 0.000 0.000 0.000 0.000 -0.228 -0.459 -0.739 -0.954 -0.987 -0.817 -0.542 -0.288 -0.123 0.000 0.000 0.000 0.000 0.000 0.000 0.000 0.000 0.000 0.000 0.000 0.000 0.000 
0.000 0.000 0.000 0.000 0.000 0.000 -0.124 -0.290 -0.545 -0.820 -0.987 -0.953 -0.736 -0.456 -0.226 0.000 0.000 0.000 0.000 0.000 0.000 0.000 0.000 0.000 0.000 0.000 0.000 
0.000 0.000 0.000 0.000 0.000 0.000 0.000 0.000 -0.166 -0.362 -0.634 -0.890 -1.000 -0.900 -0.649 -0.375 -0.173 0.000 0.000 0.000 0.000 0.000 0.000 0.000 0.000 0.000 0.000 
0.000 0.000 0.000 0.000 0.000 0.000 0.000 0.000 0.000 0.000 -0.216 -0.442 -0.722 -0.945 -0.991 -0.832 -0.560 -0.302 -0.130 0.000 0.000 0.000 0.000 0.000 0.000 0.000 0.000 
# 2 3 16 27
0.000 0.000 0.000 0.000 0.000 0.000 0.000 0.000 -0.130 -0.302 -0.560 -0.832 -0.991 -0.945 -0.722 -0.442 -0.216 0.000 0.000 0.000 0.000 0.000 0.000 0.000 0.000 0.000 0.000 
0.000 0.000 0.000 0.000 0.000 0.000 0.000 0.000 0.000 0.000 -0.173 -0.375 -0.649 -0.900 -1.000 -0.890 -0.634 -0.362 -0.166 0.000 0.000 0.000 0.000 0.000 0.000 0.000 0.000 
0.000 0.000 0.000 0.000 0.000 0.000 0.000 0.000 0.000 0.000 0.000 0.000 -0.226 -0.456 -0.736 -0.953 -0.987 -0.820 -0.545 -0.290 -0.124 0.000 0.000 0.000 0.000 0.000 0.000 
0.000 0.000 0.000 0.000 0.000 0.000 0.000 0.000 0.000 0.000 0.000 0.000 0.000 -0.123 -0.288 -0.542 -0.817 -0.987 -0.954 -0.739 -0.459 -0.228 0.000 0.000 0.000 0.000 0.000 
0.000 0.000 0.000 0.000 0.000 0.000 0.000 0.000 0.000 0.000 0.000 0.000 0.000 0.000 0.000 -0.164 -0.359 -0.631 -0.888 -1.000 -0.902 -0.652 -0.377 -0.175 0.000 0.000 0.000 
-0.330 -0.146 0.000 0.000 0.000 0.000 0.000 0.000 0.000 0.000 0.000 0.000 0.000 0.000 0.000 0.000 0.000 -0.215 -0.439 -0.719 -0.944 -0.992 -0.835 -0.563 -0.304 -0.131 0.000 
-0.786 -0.507 -0.262 -0.108 0.000 0.000 0.000 0.000 0.000 0.000 0.000 0.000 0.000 0.000 0.000 0.000 0.000 0.000 -0.115 -0.275 -0.524 -0.802 -0.981 -0.962 -0.756 -0.475 -0.240 
-0.995 -0.934 -0.702 -0.422 -0.204 0.000 0.000 0.000 0.000 0.000 0.000 0.000 0.000 0.000 0.000 0.000 0.000 0.000 0.000 0.000 -0.155 -0.344 -0.613 -0.875 -0.999 -0.914 -0.670 
-0.670 -0.914 -0.999 -0.875 -0.613 -0.344 -0.155 0.000 0.000 0.000 0.000 0.000 0.000 0.000 0.000 0.000 0.000 0.000 0.000 0.000 0.000 0.000 -0.204 -0.422 -0.702 -0.934 -0.995 
-0.240 -0.475 -0.756 -0.962 -0.981 -0.802 -0.524 -0.275 -0.115 0.000 0.000 0.000 0.000 0.000 0.000 0.000 0.000 0.000 0.000 0.000 0.000 0.000 0.000 -0.108 -0.262 -0.507 -0.786 
0.000 -0.131 -0.304 -0.563 -0.835 -0.992 -0.944 -0.719 -0.439 -0.215 0.000 0.000 0.000 0.000 0.000 0.000 0.000 0.000 0.000 0.000 0.000 0.000 0.000 0.000 0.000 -0.146 -0.330 
0.000 0.000 0.000 -0.175 -0.377 -0.652 -0.902 -1.000 -0.888 -0.631 -0.359 -0.164 0.000 0.000 0.000 0.000 0.000 0.000 0.000 0.000 0.000 0.000 0.000 0.000 0.000 0.000 0.000 
0.000 0.000 0.000 0.000 0.000 -0.228 -0.459 -0.739 -0.954 -0.987 -0.817 -0.542 -0.288 -0.123 0.000 0.000 0.000 0.000 0.000 0.000 0.000 0.000 0.000 0.000 0.000 0.000 0.000 
0.000 0.000 0.000 0.000 0.000 0.000 -0.124 -0.290 -0.545 -0.820 -0.987 -0.953 -0.736 -0.456 -0.226 0.000 0.000 0.000 0.000 0.000 0.000 0.000 0.000 0.000 0.000 0.000 0.000 
0.000 0.000 0.000 0.000 0.000 0.000 0.000 0.000 -0.166 -0.362 -0.634 -0.890 -1.000 -0.900 -0.649 -0.375 -0.173 0.000 0.000 0.000 0.000 0.000 0.000 0.000 0.000 0.000 0.000 
0.000 0.000 0.000 0.000 0.000 0.000 0.000 0.000 0.000 0.000 -0.216 -0.442 -0.722 -0.945 -0.991 -0.832 -0.560 -0.302 -0.130 0.000 0.000 0.000 0.000 0.000 0.000 0.000 0.000 
# 2 4 27 27
0.000 0.000 0.000 0.000 0.000 0.000 0.000 0.000 -0.178 -0.383 -0.658 -0.906 -1.000 -0.884 -0.625 -0.355 -0.161 0.000 0.000 0.000 0.000 0.000 0.000 0.000 0.000 0.000 0.000 
0.000 0.000 0.000 0.000 0.000 0.000 0.000 0.000 0.000 -0.178 -0.383 -0.658 -0.906 -1.000 -0.884 -0.625 -0.355 -0.161 0.000 0.000 0.000 0.000 0.000 0.000 0.000 0.000 0.000 
0.000 0.000 0.000 0.000 0.000 0.000 0.000 0.000 0.000 0.000 -0.178 -0.383 -0.658 -0.906 -1.000 -0.884 -0.625 -0.355 -0.161 0.000 0.000 0.000 0.000 0.000 0.000 0.000 0.000 
0.000 0.000 0.000 0.000 0.000 0.000 0.000 0.000 0.000 0.000 0.000 -0.178 -0.383 -0.658 -0.906 -1.000 -0.884 -0.625 -0.355 -0.161 0.000 0.000 0.000 0.000 0.000 0.000 0.000 
0.000 0.000 0.000 0.000 0.000 0.000 0.000 0.000 0.000 0.000 0.000 0.000 -0.178 -0.383 -0.658 -0.906 -1.000 -0.884 -0.625 -0.355 -0.161 0.000 0.000 0.000 0.000 0.000 0.000 
0.000 0.000 0.000 0.000 0.000 0.000 0.000 0.000 0.000 0.000 0.000 0.000 0.000 -0.178 -0.383 -0.658 -0.906 -1.000 -0.884 -0.625 -0.355 -0.161 0.000 0.000 0.000 0.000 0.000 
0.000 0.000 0.000 0.000 0.000 0.000 0.000 0.000 0.000 0.000 0.000 0.000 0.000 0.000 -0.178 -0.383 -0.658 -0.906 -1.000 -0.884 -0.625 -0.355 -0.161 0.000 0.000 0.000 0.000 
0.000 0.000 0.000 0.000 0.000 0.000 0.000 0.000 0.000 0.000 0.000 0.000 0.000 0.000 0.000 -0.178 -0.383 -0.658 -0.906 -1.000 -0.884 -0.625 -0.355 -0.161 0.000 0.000 0.000 
-0.178 0.000 0.000 0.000 0.000 0.000 0.000 0.000 0.000 0.000 0.000 0.000 0.000 0.000 0.000 0.000 -0.178 -0.383 -0.658 -0.906 -1.000 -0.884 -0.625 -0.355 -0.161 0.000 0.000 
-0.383 -0.178 0.000 0.000 0.000 0.000 0.000 0.000 0.000 0.000 0.000 0.000 0.000 0.000 0.000 0.000 0.000 -0.178 -0.383 -0.658 -0.906 -1.000 -0.884 -0.625 -0.355 -0.161 0.000 
-0.658 -0.383 -0.178 0.000 0.000 0.000 0.000 0.000 0.000 0.000 0.000 0.000 0.000 0.000 0.000 0.000 0.000 0.000 -0.178 -0.383 -0.658 -0.906 -1.000 -0.884 -0.625 -0.355 -0.161 
-0.906 -0.658 -0.383 -0.178 0.000 0.000 0.000 0.000 0.000 0.000 0.000 0.000 0.000 0.000 0.000 0.000 0.000 0.000 0.000 -0.178 -0.383 -0.658 -0.906 -1.000 -0.884 -0.625 -0.355 
-1.000 -0.906 -0.658 -0.383 -0.178 0.000 0.000 0.000 0.000 0.000 0.000 0.000 0.000 0.000 0.000 0.000 0.000 0.000 0.000 0.000 -0.178 -0.383 -0.658 -0.906 -1.000 -0.884 -0.625 
-0.884 -1.000 -0.906 -0.658 -0.383 -0.178 0.000 0.000 0.000 0.000 0.000 0.000 0.000 0.000 0.000 0.000 0.000 0.000 0.000 0.000 0.000 -0.178 -0.383 -0.658 -0.906 -1.000 -0.884 
-0.625 -0.884 -1.000 -0.906 -0.658 -0.383 -0.178 0.000 0.000 0.000 0.000 0.000 0.000 0.000 0.000 0.000 0.000 0.000 0.000 0.000 0.000 0.000 -0.178 -0.383 -0.658 -0.906 -1.000 
-0.355 -0.625 -0.884 -1.000 -0.906 -0.658 -0.383 -0.178 0.000 0.000 0.000 0.000 0.000 0.000 0.000 0.000 0.000 0.000 0.000 0.000 0.000 0.000 0.000 -0.178 -0.383 -0.658 -0.906 
-0.161 -0.355 -0.625 -0.884 -1.000 -0.906 -0.658 -0.383 -0.178 0.000 0.000 0.000 0.000 0.000 0.000 0.000 0.000 0.000 0.000 0.000 0.000 0.000 0.000 0.000 -0.178 -0.383 -0.658 
0.000 -0.161 -0.355 -0.625 -0.884 -1.000 -0.906 -0.658 -0.383 -0.178 0.000 0.000 0.000 0.000 0.000 0.000 0.000 0.000 0.000 0.000 0.000 0.000 0.000 0.000 0.000 -0.178 -0.383 
0.000 0.000 -0.161 -0.355 -0.625 -0.884 -1.000 -0.906 -0.658 -0.383 -0.178 0.000 0.000 0.000 0.000 0.000 0.000 0.000 0.000 0.000 0.000 0.000 0.000 0.000 0.000 0.000 -0.178 
0.000 0.000 0.000 -0.161 -0.355 -0.625 -0.884 -1.000 -0.906 -0.658 -0.383 -0.178 0.000 0.000 0.000 0.000 0.000 0.000 0.000 0.000 0.000 0.000 0.000 0.000 0.000 0.000 0.000 
0.000 0.000 0.000 0.000 -0.161 -0.355 -0.625 -0.884 -1.000 -0.906 -0.658 -0.383 -0.178 0.000 0.000 0.000 0.000 0.000 0.000 0.000 0.000 0.000 0.000 0.000 0.000 0.000 0.000 
0.000 0.000 0.000 0.000 0.000 -0.161 -0.355 -0.625 -0.884 -1.000 -0.906 -0.658 -0.383 -0.178 0.000 0.000 0.000 0.000 0.000 0.000 0.000 0.000 0.000 0.000 0.000 0.000 0.000 
0.000 0.000 0.000 0.000 0.000 0.000 -0.161 -0.355 -0.625 -0.884 -1.000 -0.906 -0.658 -0.383 -0.178 0.000 0.000 0.000 0.000 0.000 0.000 0.000 0.000 0.000 0.000 0.000 0.000 
0.000 0.000 0.000 0.000 0.000 0.000 0.000 -0.161 -0.355 -0.625 -0.884 -1.000 -0.906 -0.658 -0.383 -0.178 0.000 0.000 0.000 0.000 0.000 0.000 0.000 0.000 0.000 0.000 0.000 
0.000 0.000 0.000 0.000 0.000 0.000 0.000 0.000 -0.161 -0.355 -0.625 -0.884 -1.000 -0.906 -0.658 -0.383 -0.178 0.000 0.000 0.000 0.000 0.000 0.000 0.000 0.000 0.000 0.000 
0.000 0.000 0.000 0.000 0.000 0.000 0.000 0.000 0.000 -0.161 -0.355 -0.625 -0.884 -1.000 -0.906 -0.658 -0.383 -0.178 0.000 0.000 0.000 0.000 0.000 0.000 0.000 0.000 0.000 
0.000 0.000 0.000 0.000 0.000 0.000 0.000 0.000 0.000 0.000 -0.161 -0.355 -0.625 -0.884 -1.000 -0.906 -0.658 -0.383 -0.178 0.000 0.000 0.000 0.000 0.000 0.000 0.000 0.000 
# 3 0 50 16
-0.813 -0.992 -0.930 -0.670 -0.372 -0.159 0.000 0.000 0.000 0.000 0.000 0.000 0.000 0.000 0.000 0.000 
-0.722 -0.958 -0.977 -0.766 -0.462 -0.214 0.000 0.000 0.000 0.000 0.000 0.000 0.000 0.000 0.000 0.000 
-0.803 -0.900 -0.999 -0.852 -0.559 -0.282 -0.109 0.000 0.000 0.000 0.000 0.000 0.000 0.000 0.000 0.000 
-0.883 -0.824 -0.994 -0.922 -0.658 -0.361 -0.152 0.000 0.000 0.000 0.000 0.000 0.000 0.000 0.000 0.000 
-0.945 -0.734 -0.963 -0.972 -0.754 -0.450 -0.207 0.000 0.000 0.000 0.000 0.000 0.000 0.000 0.000 0.000 
-0.985 -0.792 -0.909 -0.997 -0.842 -0.546 -0.273 -0.105 0.000 0.000 0.000 0.000 0.000 0.000 0.000 0.000 
-1.000 -0.874 -0.834 -0.996 -0.914 -0.646 -0.351 -0.146 0.000 0.000 0.000 0.000 0.000 0.000 0.000 0.000 
-0.988 -0.939 -0.746 -0.968 -0.967 -0.743 -0.439 -0.199 0.000 0.000 0.000 0.000 0.000 0.000 0.000 0.000 
-0.950 -0.982 -0.780 -0.917 -0.996 -0.831 -0.534 -0.264 -0.100 0.000 0.000 0.000 0.000 0.000 0.000 0.000 
-0.889 -1.000 -0.864 -0.845 -0.998 -0.906 -0.633 -0.340 -0.141 0.000 0.000 0.000 0.000 0.000 0.000 0.000 
-0.810 -0.991 -0.932 -0.758 -0.973 -0.962 -0.731 -0.427 -0.192 0.000 0.000 0.000 0.000 0.000 0.000 0.000 
-0.719 -0.956 -0.978 -0.769 -0.924 -0.993 -0.821 -0.522 -0.255 0.000 0.000 0.000 0.000 0.000 0.000 0.000 
-0.621 -0.898 -0.999 -0.855 -0.855 -0.999 -0.898 -0.621 -0.330 -0.135 0.000 0.000 0.000 0.000 0.000 0.000 
-0.522 -0.821 -0.993 -0.924 -0.769 -0.978 -0.956 -0.719 -0.416 -0.185 0.000 0.000 0.000 0.000 0.000 0.000 
-0.427 -0.731 -0.962 -0.973 -0.758 -0.932 -0.991 -0.810 -0.510 -0.247 0.000 0.000 0.000 0.000 0.000 0.000 
-0.340 -0.633 -0.906 -0.998 -0.845 -0.864 -1.000 -0.889 -0.608 -0.320 -0.130 0.000 0.000 0.000 0.000 0.000 
-0.264 -0.534 -0.831 -0.996 -0.917 -0.780 -0.982 -0.950 -0.707 -0.405 -0.178 0.000 0.000 0.000 0.000 0.000 
-0.199 -0.439 -0.743 -0.967 -0.968 -0.746 -0.939 -0.988 -0.799 -0.498 -0.238 0.000 0.000 0.000 0.000 0.000 
-0.146 -0.351 -0.646 -0.914 -0.996 -0.834 -0.874 -1.000 -0.880 -0.596 -0.310 -0.124 0.000 0.000 0.000 0.000 
-0.105 -0.273 -0.546 -0.842 -0.997 -0.909 -0.792 -0.985 -0.943 -0.695 -0.393 -0.171 0.000 0.000 0.000 0.000 
0.000 -0.207 -0.450 -0.754 -0.972 -0.963 -0.734 -0.945 -0.984 -0.788 -0.486 -0.230 0.000 0.000 0.000 0.000 
0.000 -0.152 -0.361 -0.658 -0.922 -0.994 -0.824 -0.883 -1.000 -0.871 -0.584 -0.301 -0.119 0.000 0.000 0.000 
0.000 -0.109 -0.282 -0.559 -0.852 -0.999 -0.900 -0.803 -0.989 -0.937 -0.683 -0.383 -0.165 0.000 0.000 0.000 
0.000 0.000 -0.214 -0.462 -0.766 -0.977 -0.958 -0.722 -0.952 -0.981 -0.777 -0.474 -0.222 0.000 0.000 0.000 
0.000 0.000 -0.159 -0.372 -0.670 -0.930 -0.992 -0.813 -0.892 -0.999 -0.861 -0.571 -0.291 -0.114 0.000 0.000 
0.000 0.000 -0.114 -0.291 -0.571 -0.861 -0.999 -0.892 -0.813 -0.992 -0.930 -0.670 -0.372 -0.159 0.000 0.000 
0.000 0.000 0.000 -0.222 -0.474 -0.777 -0.981 -0.952 -0.722 -0.958 -0.977 -0.766 -0.462 -0.214 0.000 0.000 
0.000 0.000 0.000 -0.165 -0.383 -0.683 -0.937 -0.989 -0.803 -0.900 -0.999 -0.852 -0.559 -0.282 -0.109 0.000 
0.000 0.000 0.000 -0.119 -0.301 -0.584 -0.871 -1.000 -0.883 -0.824 -0.994 -0.922 -0.658 -0.361 -0.152 0.000 
0.000 0.000 0.000 0.000 -0.230 -0.486 -0.788 -0.984 -0.945 -0.734 -0.963 -0.972 -0.754 -0.450 -0.207 0.000 
0.000 0.000 0.000 0.000 -0.171 -0.393 -0.695 -0.943 -0.985 -0.792 -0.909 -0.997 -0.842 -0.546 -0.273 -0.105 
0.000 0.000 0.000 0.000 -0.124 -0.310 -0.596 -0.880 -1.000 -0.874 -0.834 -0.996 -0.914 -0.646 -0.351 -0.146 
0.000 0.000 0.000 0.000 0.000 -0.238 -0.498 -0.799 -0.988 -0.939 -0.746 -0.968 -0.967 -0.743 -0.439 -0.199 
0.000 0.000 0.000 0.000 0.000 -0.178 -0.405 -0.707 -0.950 -0.982 -0.780 -0.917 -0.996 -0.831 -0.534 -0.264 
0.000 0.000 0.000 0.000 0.000 -0.130 -0.320 -0.608 -0.889 -1.000 -0.864 -0.845 -0.998 -0.906 -0.633 -0.340 
0.000 0.000 0.000 0.000 0.000 0.000 -0.247 -0.510 -0.810 -0.991 -0.932 -0.758 -0.973 -0.962 -0.731 -0.427 
0.000 0.000 0.000 0.000 0.000 0.000 -0.185 -0.416 -0.719 -0.956 -0.978 -0.769 -0.924 -0.993 -0.821 -0.522 
0.000 0.000 0.000 0.000 0.000 0.000 -0.135 -0.330 -0.621 -0.898 -0.999 -0.855 -0.855 -0.999 -0.898 -0.621 
0.000 0.000 0.000 0.000 0.000 0.000 0.000 -0.255 -0.522 -0.821 -0.993 -0.924 -0.769 -0.978 -0.956 -0.719 
0.000 0.000 0.000 0.000 0.000 0.000 0.000 -0.192 -0.427 -0.731 -0.962 -0.973 -0.758 -0.932 -0.991 -0.810 
0.000 0.000 0.000 0.000 0.000 0.000 0.000 -0.141 -0.340 -0.633 -0.906 -0.998 -0.845 -0.864 -1.000 -0.889 
0.000 0.000 0.000 0.000 0.000 0.000 0.000 -0.100 -0.264 -0.534 -0.831 -0.996 -0.917 -0.780 -0.982 -0.950 
0.000 0.000 0.000 0.000 0.000 0.000 0.000 0.000 -0.199 -0.439 -0.743 -0.967 -0.968 -0.746 -0.939 -0.988 
0.000 0.000 0.000 0.000 0.000 0.000 0.000 0.000 -0.146 -0.351 -0.646 -0.914 -0.996 -0.834 -0.874 -1.000 
0.000 0.000 0.000 0.000 0.000 0.000 0.000 0.000 -0.105 -0.273 -0.546 -0.842 -0.997 -0.909 -0.792 -0.985 
0.000 0.000 0.000 0.000 0.000 0.000 0.000 0.000 0.000 -0.207 -0.450 -0.754 -0.972 -0.963 -0.734 -0.945 
0.000 0.000 0.000 0.000 0.000 0.000 0.000 0.000 0.000 -0.152 -0.361 -0.658 -0.922 -0.994 -0.824 -0.883 
0.000 0.000 0.000 0.000 0.000 0.000 0.000 0.000 0.000 -0.109 -0.282 -0.559 -0.852 -0.999 -0.900 -0.803 
0.000 0.000 0.000 0.000 0.000 0.000 0.000 0.000 0.000 0.000 -0.214 -0.462 -0.766 -0.977 -0.958 -0.722 
0.000 0.000 0.000 0.000 0.000 0.000 0.000 0.000 0.000 0.000 -0.159 -0.372 -0.670 -0.930 -0.992 -0.813 
# 3 1 16 16
-0.732 -0.976 -1.000 -0.788 -0.478 -0.223 0.000 0.000 0.000 0.000 0.000 0.000 0.000 0.000 0.000 0.000 
-0.976 -0.732 -0.976 -1.000 -0.788 -0.478 -0.223 0.000 0.000 0.000 0.000 0.000 0.000 0.000 0.000 0.000 
-1.000 -0.976 -0.732 -0.976 -1.000 -0.788 -0.478 -0.223 0.000 0.000 0.000 0.000 0.000 0.000 0.000 0.000 
-0.788 -1.000 -0.976 -0.732 -0.976 -1.000 -0.788 -0.478 -0.223 0.000 0.000 0.000 0.000 0.000 0.000 0.000 
-0.478 -0.788 -1.000 -0.976 -0.732 -0.976 -1.000 -0.788 -0.478 -0.223 0.000 0.000 0.000 0.000 0.000 0.000 
-0.223 -0.478 -0.788 -1.000 -0.976 -0.732 -0.976 -1.000 -0.788 -0.478 -0.223 0.000 0.000 0.000 0.000 0.000 
0.000 -0.223 -0.478 -0.788 -1.000 -0.976 -0.732 -0.976 -1.000 -0.788 -0.478 -0.223 0.000 0.000 0.000 0.000 
0.000 0.000 -0.223 -0.478 -0.788 -1.000 -0.976 -0.732 -0.976 -1.000 -0.788 -0.478 -0.223 0.000 0.000 0.000 
0.000 0.000 0.000 -0.223 -0.478 -0.788 -1.000 -0.976 -0.732 -0.976 -1.000 -0.788 -0.478 -0.223 0.000 0.000 
0.000 0.000 0.000 0.000 -0.223 -0.478 -0.788 -1.000 -0.976 -0.732 -0.976 -1.000 -0.788 -0.478 -0.223 0.000 
0.000 0.000 0.000 0.000 0.000 -0.223 -0.478 -0.788 -1.000 -0.976 -0.732 -0.976 -1.000 -0.788 -0.478 -0.223 
0.000 0.000 0.000 0.000 0.000 0.000 -0.223 -0.478 -0.788 -1.000 -0.976 -0.732 -0.976 -1.000 -0.788 -0.478 
0.000 0.000 0.000 0.000 0.000 0.000 0.000 -0.223 -0.478 -0.788 -1.000 -0.976 -0.732 -0.976 -1.000 -0.788 
0.000 0.000 0.000 0.000 0.000 0.000 0.000 0.000 -0.223 -0.478 -0.788 -1.000 -0.976 -0.732 -0.976 -1.000 
0.000 0.000 0.000 0.000 0.000 0.000 0.000 0.000 0.000 -0.223 -0.478 -0.788 -1.000 -0.976 -0.732 -0.976 
0.000 0.000 0.000 0.000 0.000 0.000 0.000 0.000 0.000 0.000 -0.223 -0.478 -0.788 -1.000 -0.976 -0.732 
# 3 2 27 16
-0.776 -0.980 -0.952 -0.712 -0.409 -0.181 0.000 0.000 0.000 0.000 0.000 0.000 0.000 0.000 0.000 0.000 
-0.826 -0.881 -1.000 -0.873 -0.586 -0.303 -0.120 0.000 0.000 0.000 0.000 0.000 0.000 0.000 0.000 0.000 
-0.952 -0.722 -0.957 -0.977 -0.766 -0.462 -0.215 0.000 0.000 0.000 0.000 0.000 0.000 0.000 0.000 0.000 
-1.000 -0.872 -0.836 -0.996 -0.913 -0.644 -0.349 -0.146 0.000 0.000 0.000 0.000 0.000 0.000 0.000 0.000 
-0.958 -0.976 -0.765 -0.927 -0.993 -0.817 -0.518 -0.252 0.000 0.000 0.000 0.000 0.000 0.000 0.000 0.000 
-0.837 -0.996 -0.913 -0.786 -0.984 -0.947 -0.701 -0.399 -0.175 0.000 0.000 0.000 0.000 0.000 0.000 0.000 
-0.667 -0.927 -0.992 -0.817 -0.889 -1.000 -0.864 -0.575 -0.294 -0.116 0.000 0.000 0.000 0.000 0.000 0.000 
-0.484 -0.787 -0.984 -0.946 -0.733 -0.963 -0.972 -0.756 -0.452 -0.208 0.000 0.000 0.000 0.000 0.000 0.000 
-0.321 -0.609 -0.890 -1.000 -0.864 -0.845 -0.998 -0.906 -0.632 -0.340 -0.140 0.000 0.000 0.000 0.000 0.000 
-0.194 -0.430 -0.734 -0.963 -0.972 -0.755 -0.934 -0.990 -0.808 -0.507 -0.244 0.000 0.000 0.000 0.000 0.000 
-0.107 -0.277 -0.552 -0.846 -0.998 -0.905 -0.797 -0.987 -0.941 -0.689 -0.389 -0.168 0.000 0.000 0.000 0.000 
0.000 -0.163 -0.379 -0.678 -0.934 -0.990 -0.807 -0.897 -0.999 -0.855 -0.563 -0.285 -0.111 0.000 0.000 0.000 
0.000 0.000 -0.237 -0.495 -0.797 -0.987 -0.940 -0.744 -0.968 -0.968 -0.745 -0.441 -0.201 0.000 0.000 0.000 
0.000 0.000 -0.135 -0.330 -0.621 -0.898 -0.999 -0.855 -0.855 -0.999 -0.898 -0.621 -0.330 -0.135 0.000 0.000 
0.000 0.000 0.000 -0.201 -0.441 -0.745 -0.968 -0.968 -0.744 -0.940 -0.987 -0.797 -0.495 -0.237 0.000 0.000 
0.000 0.000 0.000 -0.111 -0.285 -0.563 -0.855 -0.999 -0.897 -0.807 -0.990 -0.934 -0.678 -0.379 -0.163 0.000 
0.000 0.000 0.000 0.000 -0.168 -0.389 -0.689 -0.941 -0.987 -0.797 -0.905 -0.998 -0.846 -0.552 -0.277 -0.107 
0.000 0.000 0.000 0.000 0.000 -0.244 -0.507 -0.808 -0.990 -0.934 -0.755 -0.972 -0.963 -0.734 -0.430 -0.194 
0.000 0.000 0.000 0.000 0.000 -0.140 -0.340 -0.632 -0.906 -0.998 -0.845 -0.864 -1.000 -0.890 -0.609 -0.321 
0.000 0.000 0.000 0.000 0.000 0.000 -0.208 -0.452 -0.756 -0.972 -0.963 -0.733 -0.946 -0.984 -0.787 -0.484 
0.000 0.000 0.000 0.000 0.000 0.000 -0.116 -0.294 -0.575 -0.864 -1.000 -0.889 -0.817 -0.992 -0.927 -0.667 
0.000 0.000 0.000 0.000 0.000 0.000 0.000 -0.175 -0.399 -0.701 -0.947 -0.984 -0.786 -0.913 -0.996 -0.837 
0.000 0.000 0.000 0.000 0.000 0.000 0.000 0.000 -0.252 -0.518 -0.817 -0.993 -0.927 -0.765 -0.976 -0.958 
0.000 0.000 0.000 0.000 0.000 0.000 0.000 0.000 -0.146 -0.349 -0.644 -0.913 -0.996 -0.836 -0.872 -1.000 
0.000 0.000 0.000 0.000 0.000 0.000 0.000 0.000 0.000 -0.215 -0.462 -0.766 -0.977 -0.957 -0.722 -0.952 
0.000 0.000 0.000 0.000 0.000 0.000 0.000 0.000 0.000 -0.120 -0.303 -0.586 -0.873 -1.000 -0.881 -0.826 
0.000 0.000 0.000 0.000 0.000 0.000 0.000 0.000 0.000 0.000 -0.181 -0.409 -0.712 -0.952 -0.980 -0.776 
# 3 4 27 16
-0.776 -0.980 -0.952 -0.712 -0.409 -0.181 0.000 0.000 0.000 0.000 0.000 0.000 0.000 0.000 0.000 0.000 
-0.826 -0.881 -1.000 -0.873 -0.586 -0.303 -0.120 0.000 0.000 0.000 0.000 0.000 0.000 0.000 0.000 0.000 
-0.952 -0.722 -0.957 -0.977 -0.766 -0.462 -0.215 0.000 0.000 0.000 0.000 0.000 0.000 0.000 0.000 0.000 
-1.000 -0.872 -0.836 -0.996 -0.913 -0.644 -0.349 -0.146 0.000 0.000 0.000 0.000 0.000 0.000 0.000 0.000 
-0.958 -0.976 -0.765 -0.927 -0.993 -0.817 -0.518 -0.252 0.000 0.000 0.000 0.000 0.000 0.000 0.000 0.000 
-0.837 -0.996 -0.913 -0.786 -0.984 -0.947 -0.701 -0.399 -0.175 0.000 0.000 0.000 0.000 0.000 0.000 0.000 
-0.667 -0.927 -0.992 -0.817 -0.889 -1.000 -0.864 -0.575 -0.294 -0.116 0.000 0.000 0.000 0.000 0.000 0.000 
-0.484 -0.787 -0.984 -0.946 -0.733 -0.963 -0.972 -0.756 -0.452 -0.208 0.000 0.000 0.000 0.000 0.000 0.000 
-0.321 -0.609 -0.890 -1.000 -0.864 -0.845 -0.998 -0.906 -0.632 -0.340 -0.140 0.000 0.000 0.000 0.000 0.000 
-0.194 -0.430 -0.734 -0.963 -0.972 -0.755 -0.934 -0.990 -0.808 -0.507 -0.244 0.000 0.000 0.000 0.000 0.000 
-0.107 -0.277 -0.552 -0.846 -0.998 -0.905 -0.797 -0.987 -0.941 -0.689 -0.389 -0.168 0.000 0.000 0.000 0.000 
0.000 -0.163 -0.379 -0.678 -0.934 -0.990 -0.807 -0.897 -0.999 -0.855 -0.563 -0.285 -0.111 0.000 0.000 0.000 
0.000 0.000 -0.237 -0.495 -0.797 -0.987 -0.940 -0.744 -0.968 -0.968 -0.745 -0.441 -0.201 0.000 0.000 0.000 
0.000 0.000 -0.135 -0.330 -0.621 -0.898 -0.999 -0.855 -0.855 -0.999 -0.898 -0.621 -0.330 -0.135 0.000 0.000 
0.000 0.000 0.000 -0.201 -0.441 -0.745 -0.968 -0.968 -0.744 -0.940 -0.987 -0.797 -0.495 -0.237 0.000 0.000 
0.000 0.000 0.000 -0.111 -0.285 -0.563 -0.855 -0.999 -0.897 -0.807 -0.990 -0.934 -0.678 -0.379 -0.163 0.000 
0.000 0.000 0.000 0.000 -0.168 -0.389 -0.689 -0.941 -0.987 -0.797 -0.905 -0.998 -0.846 -0.552 -0.277 -0.107 
0.000 0.000 0.000 0.000 0.000 -0.244 -0.507 -0.808 -0.990 -0.934 -0.755 -0.972 -0.963 -0.734 -0.430 -0.194 
0.000 0.000 0.000 0.000 0.000 -0.140 -0.340 -0.632 -0.906 -0.998 -0.845 -0.864 -1.000 -0.890 -0.609 -0.321 
0.000 0.000 0.000 0.000 0.000 0.000 -0.208 -0.452 -0.756 -0.972 -0.963 -0.733 -0.946 -0.984 -0.787 -0.484 
0.000 0.000 0.000 0.000 0.000 0.000 -0.116 -0.294 -0.575 -0.864 -1.000 -0.889 -0.817 -0.992 -0.927 -0.667 
0.000 0.000 0.000 0.000 0.000 0.000 0.000 -0.175 -0.399 -0.701 -0.947 -0.984 -0.786 -0.913 -0.996 -0.837 
0.000 0.000 0.000 0.000 0.000 0.000 0.000 0.000 -0.252 -0.518 -0.817 -0.993 -0.927 -0.765 -0.976 -0.958 
0.000 0.000 0.000 0.000 0.000 0.000 0.000 0.000 -0.146 -0.349 -0.644 -0.913 -0.996 -0.836 -0.872 -1.000 
0.000 0.000 0.000 0.000 0.000 0.000 0.000 0.000 0.000 -0.215 -0.462 -0.766 -0.977 -0.957 -0.722 -0.952 
0.000 0.000 0.000 0.000 0.000 0.000 0.000 0.000 0.000 -0.120 -0.303 -0.586 -0.873 -1.000 -0.881 -0.826 
0.000 0.000 0.000 0.000 0.000 0.000 0.000 0.000 0.000 0.000 -0.181 -0.409 -0.712 -0.952 -0.980 -0.776 
# 4 0 50 27
0.000 0.000 0.000 0.000 0.000 0.000 0.000 0.000 -0.214 -0.439 -0.720 -0.944 -0.991 -0.833 -0.560 -0.301 -0.130 0.000 0.000 0.000 0.000 0.000 0.000 0.000 0.000 0.000 0.000 
0.000 0.000 0.000 0.000 0.000 0.000 0.000 0.000 -0.132 -0.306 -0.566 -0.838 -0.993 -0.941 -0.713 -0.433 -0.210 0.000 0.000 0.000 0.000 0.000 0.000 0.000 0.000 0.000 0.000 
0.000 0.000 0.000 0.000 0.000 0.000 0.000 0.000 0.000 -0.200 -0.418 -0.697 -0.931 -0.996 -0.851 -0.583 -0.319 -0.140 0.000 0.000 0.000 0.000 0.000 0.000 0.000 0.000 0.000 
0.000 0.000 0.000 0.000 0.000 0.000 0.000 0.000 0.000 -0.123 -0.289 -0.544 -0.819 -0.987 -0.952 -0.735 -0.454 -0.224 0.000 0.000 0.000 0.000 0.000 0.000 0.000 0.000 0.000 
0.000 0.000 0.000 0.000 0.000 0.000 0.000 0.000 0.000 0.000 -0.187 -0.397 -0.675 -0.918 -0.998 -0.869 -0.606 -0.338 -0.151 0.000 0.000 0.000 0.000 0.000 0.000 0.000 0.000 
0.000 0.000 0.000 0.000 0.000 0.000 0.000 0.000 0.000 0.000 -0.113 -0.272 -0.521 -0.799 -0.981 -0.963 -0.757 -0.476 -0.239 0.000 0.000 0.000 0.000 0.000 0.000 0.000 0.000 
0.000 0.000 0.000 0.000 0.000 0.000 0.000 0.000 0.000 0.000 0.000 -0.174 -0.377 -0.652 -0.903 -1.000 -0.886 -0.628 -0.357 -0.162 0.000 0.000 0.000 0.000 0.000 0.000 0.000 
0.000 0.000 0.000 0.000 0.000 0.000 0.000 0.000 0.000 0.000 0.000 -0.105 -0.256 -0.499 -0.779 -0.973 -0.972 -0.778 -0.498 -0.255 -0.104 0.000 0.000 0.000 0.000 0.000 0.000 
0.000 0.000 0.000 0.000 0.000 0.000 0.000 0.000 0.000 0.000 0.000 0.000 -0.162 -0.357 -0.629 -0.887 -1.000 -0.902 -0.651 -0.376 -0.174 0.000 0.000 0.000 0.000 0.000 0.000 
0.000 0.000 0.000 0.000 0.000 0.000 0.000 0.000 0.000 0.000 0.000 0.000 0.000 -0.240 -0.477 -0.758 -0.963 -0.980 -0.798 -0.520 -0.271 -0.113 0.000 0.000 0.000 0.000 0.000 
0.000 0.000 0.000 0.000 0.000 0.000 0.000 0.000 0.000 0.000 0.000 0.000 0.000 -0.151 -0.338 -0.606 -0.870 -0.998 -0.917 -0.674 -0.396 -0.186 0.000 0.000 0.000 0.000 0.000 
0.000 0.000 0.000 0.000 0.000 0.000 0.000 0.000 0.000 0.000 0.000 0.000 0.000 0.000 -0.225 -0.455 -0.736 -0.953 -0.987 -0.818 -0.543 -0.288 -0.122 0.000 0.000 0.000 0.000 
0.000 0.000 0.000 0.000 0.000 0.000 0.000 0.000 0.000 0.000 0.000 0.000 0.000 0.000 -0.140 -0.320 -0.583 -0.852 -0.996 -0.931 -0.696 -0.417 -0.200 0.000 0.000 0.000 0.000 
0.000 0.000 0.000 0.000 0.000 0.000 0.000 0.000 0.000 0.000 0.000 0.000 0.000 0.000 0.000 -0.211 -0.433 -0.714 -0.941 -0.992 -0.837 -0.565 -0.306 -0.132 0.000 0.000 0.000 
0.000 0.000 0.000 0.000 0.000 0.000 0.000 0.000 0.000 0.000 0.000 0.000 0.000 0.000 0.000 -0.130 -0.302 -0.561 -0.833 -0.991 -0.944 -0.719 -0.438 -0.214 0.000 0.000 0.000 
-0.157 0.000 0.000 0.000 0.000 0.000 0.000 0.000 0.000 0.000 0.000 0.000 0.000 0.000 0.000 0.000 -0.197 -0.413 -0.692 -0.928 -0.996 -0.856 -0.588 -0.324 -0.142 0.000 0.000 
-0.248 -0.101 0.000 0.000 0.000 0.000 0.000 0.000 0.000 0.000 0.000 0.000 0.000 0.000 0.000 0.000 -0.120 -0.284 -0.538 -0.814 -0.986 -0.955 -0.741 -0.459 -0.228 0.000 0.000 
-0.367 -0.168 0.000 0.000 0.000 0.000 0.000 0.000 0.000 0.000 0.000 0.000 0.000 0.000 0.000 0.000 0.000 -0.184 -0.392 -0.669 -0.914 -0.999 -0.874 -0.611 -0.342 -0.153 0.000 
-0.510 -0.264 -0.109 0.000 0.000 0.000 0.000 0.000 0.000 0.000 0.000 0.000 0.000 0.000 0.000 0.000 0.000 -0.111 -0.268 -0.515 -0.794 -0.979 -0.966 -0.762 -0.481 -0.243 0.000 
-0.663 -0.387 -0.181 0.000 0.000 0.000 0.000 0.000 0.000 0.000 0.000 0.000 0.000 0.000 0.000 0.000 0.000 0.000 -0.171 -0.372 -0.646 -0.899 -1.000 -0.890 -0.634 -0.361 -0.165 
-0.809 -0.532 -0.280 -0.118 0.000 0.000 0.000 0.000 0.000 0.000 0.000 0.000 0.000 0.000 0.000 0.000 0.000 0.000 -0.103 -0.252 -0.493 -0.773 -0.971 -0.975 -0.783 -0.503 -0.259 
-0.925 -0.686 -0.407 -0.194 0.000 0.000 0.000 0.000 0.000 0.000 0.000 0.000 0.000 0.000 0.000 0.000 0.000 0.000 0.000 -0.159 -0.352 -0.624 -0.883 -1.000 -0.906 -0.657 -0.381 
-0.990 -0.829 -0.555 -0.297 -0.127 0.000 0.000 0.000 0.000 0.000 0.000 0.000 0.000 0.000 0.000 0.000 0.000 0.000 0.000 0.000 -0.236 -0.471 -0.752 -0.961 -0.982 -0.803 -0.526 
-0.994 -0.938 -0.708 -0.428 -0.207 0.000 0.000 0.000 0.000 0.000 0.000 0.000 0.000 0.000 0.000 0.000 0.000 0.000 0.000 0.000 -0.148 -0.334 -0.601 -0.866 -0.998 -0.921 -0.680 
-0.934 -0.995 -0.848 -0.578 -0.315 -0.138 0.000 0.000 0.000 0.000 0.000 0.000 0.000 0.000 0.000 0.000 0.000 0.000 0.000 0.000 0.000 -0.221 -0.449 -0.731 -0.950 -0.989 -0.823 
-0.823 -0.989 -0.950 -0.731 -0.449 -0.221 0.000 0.000 0.000 0.000 0.000 0.000 0.000 0.000 0.000 0.000 0.000 0.000 0.000 0.000 0.000 -0.138 -0.315 -0.578 -0.848 -0.995 -0.934 
-0.680 -0.921 -0.998 -0.866 -0.601 -0.334 -0.148 0.000 0.000 0.000 0.000 0.000 0.000 0.000 0.000 0.000 0.000 0.000 0.000 0.000 0.000 0.000 -0.207 -0.428 -0.708 -0.938 -0.994 
-0.526 -0.803 -0.982 -0.961 -0.752 -0.471 -0.236 0.000 0.000 0.000 0.000 0.000 0.000 0.000 0.000 0.000 0.000 0.000 0.000 0.000 0.000 0.000 -0.127 -0.297 -0.555 -0.829 -0.990 
-0.381 -0.657 -0.906 -1.000 -0.883 -0.624 -0.352 -0.159 0.000 0.000 0.000 0.000 0.000 0.000 0.000 0.000 0.000 0.000 0.000 0.000 0.000 0.000 0.000 -0.194 -0.407 -0.686 -0.925 
-0.259 -0.503 -0.783 -0.975 -0.971 -0.773 -0.493 -0.252 -0.103 0.000 0.000 0.000 0.000 0.000 0.000 0.000 0.000 0.000 0.000 0.000 0.000 0.000 0.000 -0.118 -0.280 -0.532 -0.809 
-0.165 -0.361 -0.634 -0.890 -1.000 -0.899 -0.646 -0.372 -0.171 0.000 0.000 0.000 0.000 0.000 0.000 0.000 0.000 0.000 0.000 0.000 0.000 0.000 0.000 0.000 -0.181 -0.387 -0.663 
0.000 -0.243 -0.481 -0.762 -0.966 -0.979 -0.794 -0.515 -0.268 -0.111 0.000 0.000 0.000 0.000 0.000 0.000 0.000 0.000 0.000 0.000 0.000 0.000 0.000 0.000 -0.109 -0.264 -0.510 
0.000 -0.153 -0.342 -0.611 -0.874 -0.999 -0.914 -0.669 -0.392 -0.184 0.000 0.000 0.000 0.000 0.000 0.000 0.000 0.000 0.000 0.000 0.000 0.000 0.000 0.000 0.000 -0.168 -0.367 
0.000 0.000 -0.228 -0.459 -0.741 -0.955 -0.986 -0.814 -0.538 -0.284 -0.120 0.000 0.000 0.000 0.000 0.000 0.000 0.000 0.000 0.000 0.000 0.000 0.000 0.000 0.000 -0.101 -0.248 
0.000 0.000 -0.142 -0.324 -0.588 -0.856 -0.996 -0.928 -0.692 -0.413 -0.197 0.000 0.000 0.000 0.000 0.000 0.000 0.000 0.000 0.000 0.000 0.000 0.000 0.000 0.000 0.000 -0.157 
0.000 0.000 0.000 -0.214 -0.438 -0.719 -0.944 -0.991 -0.833 -0.561 -0.302 -0.130 0.000 0.000 0.000 0.000 0.000 0.000 0.000 0.000 0.000 0.000 0.000 0.000 0.000 0.000 0.000 
0.000 0.000 0.000 -0.132 -0.306 -0.565 -0.837 -0.992 -0.941 -0.714 -0.433 -0.211 0.000 0.000 0.000 0.000 0.000 0.000 0.000 0.000 0.000 0.000 0.000 0.000 0.000 0.000 0.000 
0.000 0.000 0.000 0.000 -0.200 -0.417 -0.696 -0.931 -0.996 -0.852 -0.583 -0.320 -0.140 0.000 0.000 0.000 0.000 0.000 0.000 0.000 0.000 0.000 0.000 0.000 0.000 0.000 0.000 
0.000 0.000 0.000 0.000 -0.122 -0.288 -0.543 -0.818 -0.987 -0.953 -0.736 -0.455 -0.225 0.000 0.000 0.000 0.000 0.000 0.000 0.000 0.000 0.000 0.000 0.000 0.000 0.000 0.000 
0.000 0.000 0.000 0.000 0.000 -0.186 -0.396 -0.674 -0.917 -0.998 -0.870 -0.606 -0.338 -0.151 0.000 0.000 0.000 0.000 0.000 0.000 0.000 0.000 0.000 0.000 0.000 0.000 0.000 
0.000 0.000 0.000 0.000 0.000 -0.113 -0.271 -0.520 -0.798 -0.980 -0.963 -0.758 -0.477 -0.240 0.000 0.000 0.000 0.000 0.000 0.000 0.000 0.000 0.000 0.000 0.000 0.000 0.000 
0.000 0.000 0.000 0.000 0.000 0.000 -0.174 -0.376 -0.651 -0.902 -1.000 -0.887 -0.629 -0.357 -0.162 0.000 0.000 0.000 0.000 0.000 0.000 0.000 0.000 0.000 0.000 0.000 0.000 
0.000 0.000 0.000 0.000 0.000 0.000 -0.104 -0.255 -0.498 -0.778 -0.972 -0.973 -0.779 -0.499 -0.256 -0.105 0.000 0.000 0.000 0.000 0.000 0.000 0.000 0.000 0.000 0.000 0.000 
0.000 0.000 0.000 0.000 0.000 0.000 0.000 -0.162 -0.357 -0.628 -0.886 -1.000 -0.903 -0.652 -0.377 -0.174 0.000 0.000 0.000 0.000 0.000 0.000 0.000 0.000 0.000 0.000 0.000 
0.000 0.000 0.000 0.000 0.000 0.000 0.000 0.000 -0.239 -0.476 -0.757 -0.963 -0.981 -0.799 -0.521 -0.272 -0.113 0.000 0.000 0.000 0.000 0.000 0.000 0.000 0.000 0.000 0.000 
0.000 0.000 0.000 0.000 0.000 0.000 0.000 0.000 -0.151 -0.338 -0.606 -0.869 -0.998 -0.918 -0.675 -0.397 -0.187 0.000 0.000 0.000 0.000 0.000 0.000 0.000 0.000 0.000 0.000 
0.000 0.000 0.000 0.000 0.000 0.000 0.000 0.000 0.000 -0.224 -0.454 -0.735 -0.952 -0.987 -0.819 -0.544 -0.289 -0.123 0.000 0.000 0.000 0.000 0.000 0.000 0.000 0.000 0.000 
0.000 0.000 0.000 0.000 0.000 0.000 0.000 0.000 0.000 -0.140 -0.319 -0.583 -0.851 -0.996 -0.931 -0.697 -0.418 -0.200 0.000 0.000 0.000 0.000 0.000 0.000 0.000 0.000 0.000 
0.000 0.000 0.000 0.000 0.000 0.000 0.000 0.000 0.000 0.000 -0.210 -0.433 -0.713 -0.941 -0.993 -0.838 -0.566 -0.306 -0.132 0.000 0.000 0.000 0.000 0.000 0.000 0.000 0.000 
0.000 0.000 0.000 0.000 0.000 0.000 0.000 0.000 0.000 0.000 -0.130 -0.301 -0.560 -0.833 -0.991 -0.944 -0.720 -0.439 -0.214 0.000 0.000 0.000 0.000 0.000 0.000 0.000 0.000 
# 4 1 16 27
0.000 0.000 0.000 0.000 0.000 0.000 0.000 0.000 -0.128 -0.299 -0.557 -0.830 -0.991 -0.946 -0.722 -0.442 -0.216 0.000 0.000 0.000 0.000 0.000 0.000 0.000 0.000 0.000 0.000 
0.000 0.000 0.000 0.000 0.000 0.000 0.000 0.000 0.000 0.000 -0.171 -0.372 -0.646 -0.899 -1.000 -0.890 -0.634 -0.362 -0.165 0.000 0.000 0.000 0.000 0.000 0.000 0.000 0.000 
0.000 0.000 0.000 0.000 0.000 0.000 0.000 0.000 0.000 0.000 0.000 0.000 -0.223 -0.452 -0.734 -0.952 -0.988 -0.820 -0.545 -0.290 -0.123 0.000 0.000 0.000 0.000 0.000 0.000 
0.000 0.000 0.000 0.000 0.000 0.000 0.000 0.000 0.000 0.000 0.000 0.000 0.000 -0.121 -0.285 -0.539 -0.815 -0.986 -0.955 -0.740 -0.458 -0.227 0.000 0.000 0.000 0.000 0.000 
0.000 0.000 0.000 0.000 0.000 0.000 0.000 0.000 0.000 0.000 0.000 0.000 0.000 0.000 0.000 -0.162 -0.356 -0.628 -0.886 -1.000 -0.903 -0.652 -0.377 -0.174 0.000 0.000 0.000 
-0.327 -0.144 0.000 0.000 0.000 0.000 0.000 0.000 0.000 0.000 0.000 0.000 0.000 0.000 0.000 0.000 0.000 -0.212 -0.436 -0.716 -0.942 -0.992 -0.835 -0.563 -0.304 -0.131 0.000 
-0.783 -0.504 -0.259 -0.107 0.000 0.000 0.000 0.000 0.000 0.000 0.000 0.000 0.000 0.000 0.000 0.000 0.000 0.000 -0.114 -0.272 -0.521 -0.799 -0.981 -0.963 -0.756 -0.475 -0.239 
-0.995 -0.932 -0.699 -0.419 -0.201 0.000 0.000 0.000 0.000 0.000 0.000 0.000 0.000 0.000 0.000 0.000 0.000 0.000 0.000 0.000 -0.153 -0.341 -0.610 -0.873 -0.999 -0.915 -0.670 
-0.670 -0.915 -0.999 -0.873 -0.610 -0.341 -0.153 0.000 0.000 0.000 0.000 0.000 0.000 0.000 0.000 0.000 0.000 0.000 0.000 0.000 0.000 0.000 -0.201 -0.419 -0.699 -0.932 -0.995 
-0.239 -0.475 -0.756 -0.963 -0.981 -0.799 -0.521 -0.272 -0.114 0.000 0.000 0.000 0.000 0.000 0.000 0.000 0.000 0.000 0.000 0.000 0.000 0.000 0.000 -0.107 -0.259 -0.504 -0.783 
0.000 -0.131 -0.304 -0.563 -0.835 -0.992 -0.942 -0.716 -0.436 -0.212 0.000 0.000 0.000 0.000 0.000 0.000 0.000 0.000 0.000 0.000 0.000 0.000 0.000 0.000 0.000 -0.144 -0.327 
0.000 0.000 0.000 -0.174 -0.377 -0.652 -0.903 -1.000 -0.886 -0.628 -0.356 -0.162 0.000 0.000 0.000 0.000 0.000 0.000 0.000 0.000 0.000 0.000 0.000 0.000 0.000 0.000 0.000 
0.000 0.000 0.000 0.000 0.000 -0.227 -0.458 -0.740 -0.955 -0.986 -0.815 -0.539 -0.285 -0.121 0.000 0.000 0.000 0.000 0.000 0.000 0.000 0.000 0.000 0.000 0.000 0.000 0.000 
0.000 0.000 0.000 0.000 0.000 0.000 -0.123 -0.290 -0.545 -0.820 -0.988 -0.952 -0.734 -0.452 -0.223 0.000 0.000 0.000 0.000 0.000 0.000 0.000 0.000 0.000 0.000 0.000 0.000 
0.000 0.000 0.000 0.000 0.000 0.000 0.000 0.000 -0.165 -0.362 -0.634 -0.890 -1.000 -0.899 -0.646 -0.372 -0.171 0.000 0.000 0.000 0.000 0.000 0.000 0.000 0.000 0.000 0.000 
0.000 0.000 0.000 0.000 0.000 0.000 0.000 0.000 0.000 0.000 -0.216 -0.442 -0.722 -0.946 -0.991 -0.830 -0.557 -0.299 -0.128 0.000 0.000 0.000 0.000 0.000 0.000 0.000 0.000 
# 4 2 27 27
0.000 0.000 0.000 0.000 0.000 0.000 0.000 0.000 -0.176 -0.380 -0.655 -0.905 -1.000 -0.884 -0.626 -0.354 -0.160 0.000 0.000 0.000 0.000 0.000 0.000 0.000 0.000 0.000 0.000 
0.000 0.000 0.000 0.000 0.000 0.000 0.000 0.000 0.000 -0.176 -0.380 -0.655 -0.905 -1.000 -0.884 -0.626 -0.354 -0.160 0.000 0.000 0.000 0.000 0.000 0.000 0.000 0.000 0.000 
0.000 0.000 0.000 0.000 0.000 0.000 0.000 0.000 0.000 0.000 -0.176 -0.380 -0.655 -0.905 -1.000 -0.884 -0.626 -0.354 -0.160 0.000 0.000 0.000 0.000 0.000 0.000 0.000 0.000 
0.000 0.000 0.000 0.000 0.000 0.000 0.000 0.000 0.000 0.000 0.000 -0.176 -0.380 -0.655 -0.905 -1.000 -0.884 -0.626 -0.354 -0.160 0.000 0.000 0.000 0.000 0.000 0.000 0.000 
0.000 0.000 0.000 0.000 0.000 0.000 0.000 0.000 0.000 0.000 0.000 0.000 -0.176 -0.380 -0.655 -0.905 -1.000 -0.884 -0.626 -0.354 -0.160 0.000 0.000 0.000 0.000 0.000 0.000 
0.000 0.000 0.000 0.000 0.000 0.000 0.000 0.000 0.000 0.000 0.000 0.000 0.000 -0.176 -0.380 -0.655 -0.905 -1.000 -0.884 -0.626 -0.354 -0.160 0.000 0.000 0.000 0.000 0.000 
0.000 0.000 0.000 0.000 0.000 0.000 0.000 0.000 0.000 0.000 0.000 0.000 0.000 0.000 -0.176 -0.380 -0.655 -0.905 -1.000 -0.884 -0.626 -0.354 -0.160 0.000 0.000 0.000 0.000 
0.000 0.000 0.000 0.000 0.000 0.000 0.000 0.000 0.000 0.000 0.000 0.000 0.000 0.000 0.000 -0.176 -0.380 -0.655 -0.905 -1.000 -0.884 -0.626 -0.354 -0.160 0.000 0.000 0.000 
-0.176 0.000 0.000 0.000 0.000 0.000 0.000 0.000 0.000 0.000 0.000 0.000 0.000 0.000 0.000 0.000 -0.176 -0.380 -0.655 -0.905 -1.000 -0.884 -0.626 -0.354 -0.160 0.000 0.000 
-0.380 -0.176 0.000 0.000 0.000 0.000 0.000 0.000 0.000 0.000 0.000 0.000 0.000 0.000 0.000 0.000 0.000 -0.176 -0.380 -0.655 -0.905 -1.000 -0.884 -0.626 -0.354 -0.160 0.000 
-0.655 -0.380 -0.176 0.000 0.000 0.000 0.000 0.000 0.000 0.000 0.000 0.000 0.000 0.000 0.000 0.000 0.000 0.000 -0.176 -0.380 -0.655 -0.905 -1.000 -0.884 -0.626 -0.354 -0.160 
-0.905 -0.655 -0.380 -0.176 0.000 0.000 0.000 0.000 0.000 0.000 0.000 0.000 0.000 0.000 0.000 0.000 0.000 0.000 0.000 -0.176 -0.380 -0.655 -0.905 -1.000 -0.884 -0.626 -0.354 
-1.000 -0.905 -0.655 -0.380 -0.176 0.000 0.000 0.000 0.000 0.000 0.000 0.000 0.000 0.000 0.000 0.000 0.000 0.000 0.000 0.000 -0.176 -0.380 -0.655 -0.905 -1.000 -0.884 -0.626 
-0.884 -1.000 -0.905 -0.655 -0.380 -0.176 0.000 0.000 0.000 0.000 0.000 0.000 0.000 0.000 0.000 0.000 0.000 0.000 0.000 0.000 0.000 -0.176 -0.380 -0.655 -0.905 -1.000 -0.884 
-0.626 -0.884 -1.000 -0.905 -0.655 -0.380 -0.176 0.000 0.000 0.000 0.000 0.000 0.000 0.000 0.000 0.000 0.000 0.000 0.000 0.000 0.000 0.000 -0.176 -0.380 -0.655 -0.905 -1.000 
-0.354 -0.626 -0.884 -1.000 -0.905 -0.655 -0.380 -0.176 0.000 0.000 0.000 0.000 0.000 0.000 0.000 0.000 0.000 0.000 0.000 0.000 0.000 0.000 0.000 -0.176 -0.380 -0.655 -0.905 
-0.160 -0.354 -0.626 -0.884 -1.000 -0.905 -0.655 -0.380 -0.176 0.000 0.000 0.000 0.000 0.000 0.000 0.000 0.000 0.000 0.000 0.000 0.000 0.000 0.000 0.000 -0.176 -0.380 -0.655 
0.000 -0.160 -0.354 -0.626 -0.884 -1.000 -0.905 -0.655 -0.380 -0.176 0.000 0.000 0.000 0.000 0.000 0.000 0.000 0.000 0.000 0.000 0.000 0.000 0.000 0.000 0.000 -0.176 -0.380 
0.000 0.000 -0.160 -0.354 -0.626 -0.884 -1.000 -0.905 -0.655 -0.380 -0.176 0.000 0.000 0.000 0.000 0.000 0.000 0.000 0.000 0.000 0.000 0.000 0.000 0.000 0.000 0.000 -0.176 
0.000 0.000 0.000 -0.160 -0.354 -0.626 -0.884 -1.000 -0.905 -0.655 -0.380 -0.176 0.000 0.000 0.000 0.000 0.000 0.000 0.000 0.000 0.000 0.000 0.000 0.000 0.000 0.000 0.000 
0.000 0.000 0.000 0.000 -0.160 -0.354 -0.626 -0.884 -1.000 -0.905 -0.655 -0.380 -0.176 0.000 0.000 0.000 0.000 0.000 0.000 0.000 0.000 0.000 0.000 0.000 0.000 0.000 0.000 
0.000 0.000 0.000 0.000 0.000 -0.160 -0.354 -0.626 -0.884 -1.000 -0.905 -0.655 -0.380 -0.176 0.000 0.000 0.000 0.000 0.000 0.000 0.000 0.000 0.000 0.000 0.000 0.000 0.000 
0.000 0.000 0.000 0.000 0.000 0.000 -0.160 -0.354 -0.626 -0.884 -1.000 -0.905 -0.655 -0.380 -0.176 0.000 0.000 0.000 0.000 0.000 0.000 0.000 0.000 0.000 0.000 0.000 0.000 
0.000 0.000 0.000 0.000 0.000 0.000 0.000 -0.160 -0.354 -0.626 -0.884 -1.000 -0.905 -0.655 -0.380 -0.176 0.000 0.000 0.000 0.000 0.000 0.000 0.000 0.000 0.000 0.000 0.000 
0.000 0.000 0.000 0.000 0.000 0.000 0.000 0.000 -0.160 -0.354 -0.626 -0.884 -1.000 -0.905 -0.655 -0.380 -0.176 0.000 0.000 0.000 0.000 0.000 0.000 0.000 0.000 0.000 0.000 
0.000 0.000 0.000 0.000 0.000 0.000 0.000 0.000 0.000 -0.160 -0.354 -0.626 -0.884 -1.000 -0.905 -0.655 -0.380 -0.176 0.000 0.000 0.000 0.000 0.000 0.000 0.000 0.000 0.000 
0.000 0.000 0.000 0.000 0.000 0.000 0.000 0.000 0.000 0.000 -0.160 -0.354 -0.626 -0.884 -1.000 -0.905 -0.655 -0.380 -0.176 0.000 0.000 0.000 0.000 0.000 0.000 0.000 0.000 
# 4 3 16 27
0.000 0.000 0.000 0.000 0.000 0.000 0.000 0.000 -0.128 -0.299 -0.557 -0.830 -0.991 -0.946 -0.722 -0.442 -0.216 0.000 0.000 0.000 0.000 0.000 0.000 0.000 0.000 0.000 0.000 
0.000 0.000 0.000 0.000 0.000 0.000 0.000 0.000 0.000 0.000 -0.171 -0.372 -0.646 -0.899 -1.000 -0.890 -0.634 -0.362 -0.165 0.000 0.000 0.000 0.000 0.000 0.000 0.000 0.000 
0.000 0.000 0.000 0.000 0.000 0.000 0.000 0.000 0.000 0.000 0.000 0.000 -0.223 -0.452 -0.734 -0.952 -0.988 -0.820 -0.545 -0.290 -0.123 0.000 0.000 0.000 0.000 0.000 0.000 
0.000 0.000 0.000 0.000 0.000 0.000 0.000 0.000 0.000 0.000 0.000 0.000 0.000 -0.121 -0.285 -0.539 -0.815 -0.986 -0.955 -0.740 -0.458 -0.227 0.000 0.000 0.000 0.000 0.000 
0.000 0.000 0.000 0.000 0.000 0.000 0.000 0.000 0.000 0.000 0.000 0.000 0.000 0.000 0.000 -0.162 -0.356 -0.628 -0.886 -1.000 -0.903 -0.652 -0.377 -0.174 0.000 0.000 0.000 
-0.327 -0.144 0.000 0.000 0.000 0.000 0.000 0.000 0.000 0.000 0.000 0.000 0.000 0.000 0.000 0.000 0.000 -0.212 -0.436 -0.716 -0.942 -0.992 -0.835 -0.563 -0.304 -0.131 0.000 
-0.783 -0.504 -0.259 -0.107 0.000 0.000 0.000 0.000 0.000 0.000 0.000 0.000 0.000 0.000 0.000 0.000 0.000 0.000 -0.114 -0.272 -0.521 -0.799 -0.981 -0.963 -0.756 -0.475 -0.239 
-0.995 -0.932 -0.699 -0.419 -0.201 0.000 0.000 0.000 0.000 0.000 0.000 0.000 0.000 0.000 0.000 0.000 0.000 0.000 0.000 0.000 -0.153 -0.341 -0.610 -0.873 -0.999 -0.915 -0.670 
-0.670 -0.915 -0.999 -0.873 -0.610 -0.341 -0.153 0.000 0.000 0.000 0.000 0.000 0.000 0.000 0.000 0.000 0.000 0.000 0.000 0.000 0.000 0.000 -0.201 -0.419 -0.699 -0.932 -0.995 
-0.239 -0.475 -0.756 -0.963 -0.981 -0.799 -0.521 -0.272 -0.114 0.000 0.000 0.000 0.000 0.000 0.000 0.000 0.000 0.000 0.000 0.000 0.000 0.000 0.000 -0.107 -0.259 -0.504 -0.783 
0.000 -0.131 -0.304 -0.563 -0.835 -0.992 -0.942 -0.716 -0.436 -0.212 0.000 0.000 0.000 0.000 0.000 0.000 0.000 0.000 0.000 0.000 0.000 0.000 0.000 0.000 0.000 -0.144 -0.327 
0.000 0.000 0.000 -0.174 -0.377 -0.652 -0.903 -1.000 -0.886 -0.628 -0.356 -0.162 0.000 0.000 0.000 0.000 0.000 0.000 0.000 0.000 0.000 0.000 0.000 0.000 0.000 0.000 0.000 
0.000 0.000 0.000 0.000 0.000 -0.227 -0.458 -0.740 -0.955 -0.986 -0.815 -0.539 -0.285 -0.121 0.000 0.000 0.000 0.000 0.000 0.000 0.000 0.000 0.000 0.000 0.000 0.000 0.000 
0.000 0.000 0.000 0.000 0.000 0.000 -0.123 -0.290 -0.545 -0.820 -0.988 -0.952 -0.734 -0.452 -0.223 0.000 0.000 0.000 0.000 0.000 0.000 0.000 0.000 0.000 0.000 0.000 0.000 
0.000 0.000 0.000 0.000 0.000 0.000 0.000 0.000 -0.165 -0.362 -0.634 -0.890 -1.000 -0.899 -0.646 -0.372 -0.171 0.000 0.000 0.000 0.000 0.000 0.000 0.000 0.000 0.000 0.000 
0.000 0.000 0.000 0.000 0.000 0.000 0.000 0.000 0.000 0.000 -0.216 -0.442 -0.722 -0.946 -0.991 -0.830 -0.557 -0.299 -0.128 0.000 0.000 0.000 0.000 0.000 0.000 0.000 0.000 
