1.930222
5
# 0 1 1 50
0.000 0.000 0.000 0.000 0.000 0.000 0.112 0.156 0.210 0.274 0.348 0.431 0.521 0.614 0.706 0.794 0.871 0.934 0.978 1.000 0.999 0.975 0.930 0.866 0.788 0.788 0.866 0.930 0.975 0.999 1.000 0.978 0.934 0.871 0.794 0.706 0.614 0.521 0.431 0.348 0.274 0.210 0.156 0.112 0.000 0.000 0.000 0.000 0.000 0.000 
# 0 2 21 50
0.805 0.773 0.852 0.918 0.966 0.994 0.999 0.981 0.942 0.883 0.810 0.725 0.635 0.543 0.454 0.371 0.296 0.231 0.176 0.131 0.000 0.000 0.000 0.000 0.000 0.000 0.000 0.000 0.000 0.000 0.000 0.000 0.000 0.000 0.000 0.000 0.000 0.000 0.000 0.000 0.000 0.000 0.000 0.000 0.000 0.000 0.000 0.000 0.000 0.000 
0.957 0.904 0.834 0.753 0.823 0.895 0.950 0.986 1.000 0.991 0.959 0.908 0.839 0.758 0.670 0.578 0.487 0.401 0.323 0.254 0.195 0.147 0.108 0.000 0.000 0.000 0.000 0.000 0.000 0.000 0.000 0.000 0.000 0.000 0.000 0.000 0.000 0.000 0.000 0.000 0.000 0.000 0.000 0.000 0.000 0.000 0.000 0.000 0.000 0.000 
0.998 0.996 0.972 0.926 0.863 0.785 0.793 0.869 0.931 0.975 0.997 0.997 0.974 0.930 0.867 0.790 0.704 0.613 0.521 0.433 0.352 0.279 0.217 0.164 0.122 0.000 0.000 0.000 0.000 0.000 0.000 0.000 0.000 0.000 0.000 0.000 0.000 0.000 0.000 0.000 0.000 0.000 0.000 0.000 0.000 0.000 0.000 0.000 0.000 0.000 
0.913 0.963 0.993 1.000 0.984 0.946 0.889 0.816 0.761 0.842 0.910 0.961 0.991 1.000 0.985 0.949 0.893 0.821 0.738 0.648 0.556 0.466 0.382 0.306 0.239 0.183 0.137 0.000 0.000 0.000 0.000 0.000 0.000 0.000 0.000 0.000 0.000 0.000 0.000 0.000 0.000 0.000 0.000 0.000 0.000 0.000 0.000 0.000 0.000 0.000 
0.734 0.817 0.890 0.947 0.984 1.000 0.992 0.963 0.912 0.845 0.765 0.812 0.886 0.943 0.982 0.999 0.993 0.965 0.916 0.850 0.771 0.683 0.591 0.500 0.413 0.334 0.263 0.203 0.153 0.113 0.000 0.000 0.000 0.000 0.000 0.000 0.000 0.000 0.000 0.000 0.000 0.000 0.000 0.000 0.000 0.000 0.000 0.000 0.000 0.000 
0.517 0.608 0.700 0.786 0.864 0.927 0.972 0.996 0.998 0.976 0.934 0.873 0.797 0.781 0.859 0.923 0.970 0.995 0.998 0.979 0.937 0.877 0.802 0.717 0.626 0.534 0.445 0.363 0.289 0.225 0.171 0.127 0.000 0.000 0.000 0.000 0.000 0.000 0.000 0.000 0.000 0.000 0.000 0.000 0.000 0.000 0.000 0.000 0.000 0.000 
0.320 0.397 0.483 0.573 0.665 0.754 0.836 0.905 0.957 0.990 1.000 0.987 0.952 0.898 0.827 0.749 0.831 0.901 0.955 0.988 1.000 0.989 0.955 0.902 0.832 0.750 0.661 0.569 0.479 0.394 0.316 0.248 0.190 0.143 0.105 0.000 0.000 0.000 0.000 0.000 0.000 0.000 0.000 0.000 0.000 0.000 0.000 0.000 0.000 0.000 
0.173 0.228 0.292 0.367 0.450 0.539 0.630 0.721 0.806 0.880 0.940 0.980 0.999 0.995 0.968 0.921 0.856 0.777 0.801 0.876 0.936 0.978 0.998 0.996 0.971 0.924 0.860 0.783 0.696 0.604 0.513 0.425 0.345 0.273 0.211 0.160 0.118 0.000 0.000 0.000 0.000 0.000 0.000 0.000 0.000 0.000 0.000 0.000 0.000 0.000 
0.000 0.115 0.155 0.206 0.267 0.337 0.417 0.504 0.595 0.687 0.775 0.853 0.919 0.967 0.994 0.999 0.981 0.941 0.882 0.808 0.769 0.849 0.915 0.965 0.993 0.999 0.983 0.944 0.887 0.814 0.729 0.639 0.547 0.458 0.374 0.299 0.234 0.178 0.133 0.000 0.000 0.000 0.000 0.000 0.000 0.000 0.000 0.000 0.000 0.000 
0.000 0.000 0.000 0.101 0.139 0.185 0.242 0.309 0.386 0.470 0.560 0.652 0.742 0.825 0.896 0.951 0.986 1.000 0.990 0.959 0.907 0.838 0.757 0.820 0.892 0.948 0.985 1.000 0.992 0.961 0.911 0.843 0.762 0.674 0.582 0.491 0.405 0.327 0.257 0.198 0.149 0.109 0.000 0.000 0.000 0.000 0.000 0.000 0.000 0.000 
0.000 0.000 0.000 0.000 0.000 0.000 0.123 0.166 0.219 0.283 0.356 0.437 0.526 0.617 0.708 0.794 0.870 0.932 0.975 0.997 0.997 0.973 0.929 0.866 0.789 0.789 0.866 0.929 0.973 0.997 0.997 0.975 0.932 0.870 0.794 0.708 0.617 0.526 0.437 0.356 0.283 0.219 0.166 0.123 0.000 0.000 0.000 0.000 0.000 0.000 
0.000 0.000 0.000 0.000 0.000 0.000 0.000 0.000 0.109 0.149 0.198 0.257 0.327 0.405 0.491 0.582 0.674 0.762 0.843 0.911 0.961 0.992 1.000 0.985 0.948 0.892 0.820 0.757 0.838 0.907 0.959 0.990 1.000 0.986 0.951 0.896 0.825 0.742 0.652 0.560 0.470 0.386 0.309 0.242 0.185 0.139 0.101 0.000 0.000 0.000 
0.000 0.000 0.000 0.000 0.000 0.000 0.000 0.000 0.000 0.000 0.000 0.133 0.178 0.234 0.299 0.374 0.458 0.547 0.639 0.729 0.814 0.887 0.944 0.983 0.999 0.993 0.965 0.915 0.849 0.769 0.808 0.882 0.941 0.981 0.999 0.994 0.967 0.919 0.853 0.775 0.687 0.595 0.504 0.417 0.337 0.267 0.206 0.155 0.115 0.000 
0.000 0.000 0.000 0.000 0.000 0.000 0.000 0.000 0.000 0.000 0.000 0.000 0.000 0.118 0.160 0.211 0.273 0.345 0.425 0.513 0.604 0.696 0.783 0.860 0.924 0.971 0.996 0.998 0.978 0.936 0.876 0.801 0.777 0.856 0.921 0.968 0.995 0.999 0.980 0.940 0.880 0.806 0.721 0.630 0.539 0.450 0.367 0.292 0.228 0.173 
0.000 0.000 0.000 0.000 0.000 0.000 0.000 0.000 0.000 0.000 0.000 0.000 0.000 0.000 0.000 0.105 0.143 0.190 0.248 0.316 0.394 0.479 0.569 0.661 0.750 0.832 0.902 0.955 0.989 1.000 0.988 0.955 0.901 0.831 0.749 0.827 0.898 0.952 0.987 1.000 0.990 0.957 0.905 0.836 0.754 0.665 0.573 0.483 0.397 0.320 
0.000 0.000 0.000 0.000 0.000 0.000 0.000 0.000 0.000 0.000 0.000 0.000 0.000 0.000 0.000 0.000 0.000 0.000 0.127 0.171 0.225 0.289 0.363 0.445 0.534 0.626 0.717 0.802 0.877 0.937 0.979 0.998 0.995 0.970 0.923 0.859 0.781 0.797 0.873 0.934 0.976 0.998 0.996 0.972 0.927 0.864 0.786 0.700 0.608 0.517 
0.000 0.000 0.000 0.000 0.000 0.000 0.000 0.000 0.000 0.000 0.000 0.000 0.000 0.000 0.000 0.000 0.000 0.000 0.000 0.000 0.113 0.153 0.203 0.263 0.334 0.413 0.500 0.591 0.683 0.771 0.850 0.916 0.965 0.993 0.999 0.982 0.943 0.886 0.812 0.765 0.845 0.912 0.963 0.992 1.000 0.984 0.947 0.890 0.817 0.734 
0.000 0.000 0.000 0.000 0.000 0.000 0.000 0.000 0.000 0.000 0.000 0.000 0.000 0.000 0.000 0.000 0.000 0.000 0.000 0.000 0.000 0.000 0.000 0.137 0.183 0.239 0.306 0.382 0.466 0.556 0.648 0.738 0.821 0.893 0.949 0.985 1.000 0.991 0.961 0.910 0.842 0.761 0.816 0.889 0.946 0.984 1.000 0.993 0.963 0.913 
0.000 0.000 0.000 0.000 0.000 0.000 0.000 0.000 0.000 0.000 0.000 0.000 0.000 0.000 0.000 0.000 0.000 0.000 0.000 0.000 0.000 0.000 0.000 0.000 0.000 0.122 0.164 0.217 0.279 0.352 0.433 0.521 0.613 0.704 0.790 0.867 0.930 0.974 0.997 0.997 0.975 0.931 0.869 0.793 0.785 0.863 0.926 0.972 0.996 0.998 
0.000 0.000 0.000 0.000 0.000 0.000 0.000 0.000 0.000 0.000 0.000 0.000 0.000 0.000 0.000 0.000 0.000 0.000 0.000 0.000 0.000 0.000 0.000 0.000 0.000 0.000 0.000 0.108 0.147 0.195 0.254 0.323 0.401 0.487 0.578 0.670 0.758 0.839 0.908 0.959 0.991 1.000 0.986 0.950 0.895 0.823 0.753 0.834 0.904 0.957 
0.000 0.000 0.000 0.000 0.000 0.000 0.000 0.000 0.000 0.000 0.000 0.000 0.000 0.000 0.000 0.000 0.000 0.000 0.000 0.000 0.000 0.000 0.000 0.000 0.000 0.000 0.000 0.000 0.000 0.000 0.131 0.176 0.231 0.296 0.371 0.454 0.543 0.635 0.725 0.810 0.883 0.942 0.981 0.999 0.994 0.966 0.918 0.852 0.773 0.805 
# 0 3 12 50
0.872 0.796 0.782 0.860 0.924 0.970 0.996 0.998 0.978 0.937 0.876 0.801 0.716 0.625 0.533 0.444 0.362 0.288 0.224 0.170 0.127 0.000 0.000 0.000 0.000 0.000 0.000 0.000 0.000 0.000 0.000 0.000 0.000 0.000 0.000 0.000 0.000 0.000 0.000 0.000 0.000 0.000 0.000 0.000 0.000 0.000 0.000 0.000 0.000 0.000 
0.994 0.999 0.981 0.942 0.883 0.809 0.768 0.848 0.915 0.964 0.993 0.999 0.983 0.945 0.887 0.815 0.731 0.640 0.548 0.459 0.375 0.300 0.234 0.179 0.133 0.000 0.000 0.000 0.000 0.000 0.000 0.000 0.000 0.000 0.000 0.000 0.000 0.000 0.000 0.000 0.000 0.000 0.000 0.000 0.000 0.000 0.000 0.000 0.000 0.000 
0.759 0.840 0.909 0.960 0.991 1.000 0.986 0.950 0.894 0.823 0.754 0.835 0.905 0.957 0.990 1.000 0.987 0.953 0.898 0.828 0.745 0.656 0.564 0.473 0.389 0.312 0.244 0.187 0.140 0.103 0.000 0.000 0.000 0.000 0.000 0.000 0.000 0.000 0.000 0.000 0.000 0.000 0.000 0.000 0.000 0.000 0.000 0.000 0.000 0.000 
0.389 0.473 0.564 0.656 0.745 0.828 0.898 0.953 0.987 1.000 0.990 0.957 0.905 0.835 0.754 0.823 0.894 0.950 0.986 1.000 0.991 0.960 0.909 0.840 0.759 0.671 0.579 0.488 0.402 0.324 0.255 0.196 0.147 0.108 0.000 0.000 0.000 0.000 0.000 0.000 0.000 0.000 0.000 0.000 0.000 0.000 0.000 0.000 0.000 0.000 
0.133 0.179 0.234 0.300 0.375 0.459 0.548 0.640 0.731 0.815 0.887 0.945 0.983 0.999 0.993 0.964 0.915 0.848 0.768 0.809 0.883 0.942 0.981 0.999 0.994 0.967 0.918 0.853 0.774 0.686 0.594 0.503 0.416 0.336 0.266 0.205 0.155 0.114 0.000 0.000 0.000 0.000 0.000 0.000 0.000 0.000 0.000 0.000 0.000 0.000 
0.000 0.000 0.000 0.000 0.127 0.170 0.224 0.288 0.362 0.444 0.533 0.625 0.716 0.801 0.876 0.937 0.978 0.998 0.996 0.970 0.924 0.860 0.782 0.796 0.872 0.933 0.976 0.998 0.997 0.973 0.928 0.865 0.788 0.701 0.610 0.518 0.430 0.349 0.277 0.215 0.163 0.120 0.000 0.000 0.000 0.000 0.000 0.000 0.000 0.000 
0.000 0.000 0.000 0.000 0.000 0.000 0.000 0.000 0.120 0.163 0.215 0.277 0.349 0.430 0.518 0.610 0.701 0.788 0.865 0.928 0.973 0.997 0.998 0.976 0.933 0.872 0.796 0.782 0.860 0.924 0.970 0.996 0.998 0.978 0.937 0.876 0.801 0.716 0.625 0.533 0.444 0.362 0.288 0.224 0.170 0.127 0.000 0.000 0.000 0.000 
0.000 0.000 0.000 0.000 0.000 0.000 0.000 0.000 0.000 0.000 0.000 0.000 0.114 0.155 0.205 0.266 0.336 0.416 0.503 0.594 0.686 0.774 0.853 0.918 0.967 0.994 0.999 0.981 0.942 0.883 0.809 0.768 0.848 0.915 0.964 0.993 0.999 0.983 0.945 0.887 0.815 0.731 0.640 0.548 0.459 0.375 0.300 0.234 0.179 0.133 
0.000 0.000 0.000 0.000 0.000 0.000 0.000 0.000 0.000 0.000 0.000 0.000 0.000 0.000 0.000 0.000 0.108 0.147 0.196 0.255 0.324 0.402 0.488 0.579 0.671 0.759 0.840 0.909 0.960 0.991 1.000 0.986 0.950 0.894 0.823 0.754 0.835 0.905 0.957 0.990 1.000 0.987 0.953 0.898 0.828 0.745 0.656 0.564 0.473 0.389 
0.000 0.000 0.000 0.000 0.000 0.000 0.000 0.000 0.000 0.000 0.000 0.000 0.000 0.000 0.000 0.000 0.000 0.000 0.000 0.000 0.103 0.140 0.187 0.244 0.312 0.389 0.473 0.564 0.656 0.745 0.828 0.898 0.953 0.987 1.000 0.990 0.957 0.905 0.835 0.754 0.823 0.894 0.950 0.986 1.000 0.991 0.960 0.909 0.840 0.759 
0.000 0.000 0.000 0.000 0.000 0.000 0.000 0.000 0.000 0.000 0.000 0.000 0.000 0.000 0.000 0.000 0.000 0.000 0.000 0.000 0.000 0.000 0.000 0.000 0.000 0.133 0.179 0.234 0.300 0.375 0.459 0.548 0.640 0.731 0.815 0.887 0.945 0.983 0.999 0.993 0.964 0.915 0.848 0.768 0.809 0.883 0.942 0.981 0.999 0.994 
0.000 0.000 0.000 0.000 0.000 0.000 0.000 0.000 0.000 0.000 0.000 0.000 0.000 0.000 0.000 0.000 0.000 0.000 0.000 0.000 0.000 0.000 0.000 0.000 0.000 0.000 0.000 0.000 0.000 0.127 0.170 0.224 0.288 0.362 0.444 0.533 0.625 0.716 0.801 0.876 0.937 0.978 0.998 0.996 0.970 0.924 0.860 0.782 0.796 0.872 
# 0 4 9 50
0.916 0.850 0.771 0.807 0.881 0.940 0.980 0.999 0.995 0.968 0.920 0.855 0.776 0.688 0.597 0.506 0.419 0.339 0.268 0.207 0.156 0.115 0.000 0.000 0.000 0.000 0.000 0.000 0.000 0.000 0.000 0.000 0.000 0.000 0.000 0.000 0.000 0.000 0.000 0.000 0.000 0.000 0.000 0.000 0.000 0.000 0.000 0.000 0.000 0.000 
0.913 0.963 0.993 1.000 0.984 0.946 0.889 0.816 0.761 0.842 0.910 0.961 0.991 1.000 0.985 0.949 0.893 0.821 0.738 0.648 0.556 0.466 0.382 0.306 0.239 0.183 0.137 0.000 0.000 0.000 0.000 0.000 0.000 0.000 0.000 0.000 0.000 0.000 0.000 0.000 0.000 0.000 0.000 0.000 0.000 0.000 0.000 0.000 0.000 0.000 
0.447 0.536 0.627 0.718 0.803 0.878 0.938 0.979 0.999 0.995 0.969 0.923 0.858 0.780 0.798 0.874 0.935 0.977 0.998 0.996 0.972 0.926 0.863 0.785 0.698 0.607 0.516 0.428 0.347 0.275 0.213 0.161 0.119 0.000 0.000 0.000 0.000 0.000 0.000 0.000 0.000 0.000 0.000 0.000 0.000 0.000 0.000 0.000 0.000 0.000 
0.107 0.146 0.195 0.253 0.322 0.400 0.486 0.576 0.668 0.757 0.838 0.907 0.959 0.990 1.000 0.986 0.951 0.896 0.825 0.752 0.833 0.903 0.956 0.989 1.000 0.988 0.954 0.900 0.830 0.747 0.658 0.566 0.476 0.391 0.314 0.246 0.189 0.141 0.103 0.000 0.000 0.000 0.000 0.000 0.000 0.000 0.000 0.000 0.000 0.000 
0.000 0.000 0.000 0.000 0.000 0.000 0.123 0.166 0.219 0.283 0.356 0.437 0.526 0.617 0.708 0.794 0.870 0.932 0.975 0.997 0.997 0.973 0.929 0.866 0.789 0.789 0.866 0.929 0.973 0.997 0.997 0.975 0.932 0.870 0.794 0.708 0.617 0.526 0.437 0.356 0.283 0.219 0.166 0.123 0.000 0.000 0.000 0.000 0.000 0.000 
0.000 0.000 0.000 0.000 0.000 0.000 0.000 0.000 0.000 0.000 0.000 0.103 0.141 0.189 0.246 0.314 0.391 0.476 0.566 0.658 0.747 0.830 0.900 0.954 0.988 1.000 0.989 0.956 0.903 0.833 0.752 0.825 0.896 0.951 0.986 1.000 0.990 0.959 0.907 0.838 0.757 0.668 0.576 0.486 0.400 0.322 0.253 0.195 0.146 0.107 
0.000 0.000 0.000 0.000 0.000 0.000 0.000 0.000 0.000 0.000 0.000 0.000 0.000 0.000 0.000 0.000 0.000 0.119 0.161 0.213 0.275 0.347 0.428 0.516 0.607 0.698 0.785 0.863 0.926 0.972 0.996 0.998 0.977 0.935 0.874 0.798 0.780 0.858 0.923 0.969 0.995 0.999 0.979 0.938 0.878 0.803 0.718 0.627 0.536 0.447 
0.000 0.000 0.000 0.000 0.000 0.000 0.000 0.000 0.000 0.000 0.000 0.000 0.000 0.000 0.000 0.000 0.000 0.000 0.000 0.000 0.000 0.000 0.000 0.137 0.183 0.239 0.306 0.382 0.466 0.556 0.648 0.738 0.821 0.893 0.949 0.985 1.000 0.991 0.961 0.910 0.842 0.761 0.816 0.889 0.946 0.984 1.000 0.993 0.963 0.913 
0.000 0.000 0.000 0.000 0.000 0.000 0.000 0.000 0.000 0.000 0.000 0.000 0.000 0.000 0.000 0.000 0.000 0.000 0.000 0.000 0.000 0.000 0.000 0.000 0.000 0.000 0.000 0.000 0.115 0.156 0.207 0.268 0.339 0.419 0.506 0.597 0.688 0.776 0.855 0.920 0.968 0.995 0.999 0.980 0.940 0.881 0.807 0.771 0.850 0.916 
# 1 0 50 1
-0.914 
-0.979 
-1.000 
-0.972 
-0.900 
-0.794 
-0.667 
-0.534 
-0.406 
-0.295 
-0.204 
-0.134 
0.000 
0.000 
0.000 
0.000 
0.000 
0.000 
0.000 
0.000 
0.000 
0.000 
0.000 
0.000 
0.000 
0.000 
0.000 
0.000 
0.000 
0.000 
0.000 
0.000 
0.000 
0.000 
0.000 
0.000 
0.000 
0.000 
-0.134 
-0.204 
-0.295 
-0.406 
-0.534 
-0.667 
-0.794 
-0.900 
-0.972 
-1.000 
-0.979 
-0.914 
# 1 2 21 1
-0.995 
-1.000 
-0.762 
-0.441 
-0.193 
0.000 
0.000 
0.000 
0.000 
0.000 
0.000 
0.000 
0.000 
0.000 
0.000 
0.000 
-0.193 
-0.441 
-0.762 
-1.000 
-0.995 
# 1 3 12 1
-1.000 
-0.702 
-0.211 
0.000 
0.000 
0.000 
0.000 
0.000 
0.000 
-0.211 
-0.702 
-1.000 
# 2 0 50 21
-0.732 -0.956 -0.983 -0.796 -0.508 -0.255 -0.101 0.000 0.000 0.000 0.000 0.000 0.000 0.000 0.000 0.000 0.000 0.000 0.000 0.000 0.000 
-0.686 -0.880 -1.000 -0.895 -0.632 -0.351 -0.154 0.000 0.000 0.000 0.000 0.000 0.000 0.000 0.000 0.000 0.000 0.000 0.000 0.000 0.000 
-0.803 -0.776 -0.975 -0.965 -0.753 -0.462 -0.224 0.000 0.000 0.000 0.000 0.000 0.000 0.000 0.000 0.000 0.000 0.000 0.000 0.000 0.000 
-0.901 -0.657 -0.912 -0.998 -0.860 -0.584 -0.313 -0.132 0.000 0.000 0.000 0.000 0.000 0.000 0.000 0.000 0.000 0.000 0.000 0.000 0.000 
-0.969 -0.760 -0.818 -0.990 -0.943 -0.708 -0.418 -0.195 0.000 0.000 0.000 0.000 0.000 0.000 0.000 0.000 0.000 0.000 0.000 0.000 0.000 
-0.999 -0.866 -0.704 -0.941 -0.990 -0.822 -0.537 -0.277 -0.112 0.000 0.000 0.000 0.000 0.000 0.000 0.000 0.000 0.000 0.000 0.000 0.000 
-0.988 -0.947 -0.715 -0.857 -0.998 -0.915 -0.661 -0.376 -0.169 0.000 0.000 0.000 0.000 0.000 0.000 0.000 0.000 0.000 0.000 0.000 0.000 
-0.936 -0.992 -0.828 -0.749 -0.964 -0.977 -0.780 -0.491 -0.243 0.000 0.000 0.000 0.000 0.000 0.000 0.000 0.000 0.000 0.000 0.000 0.000 
-0.851 -0.997 -0.920 -0.669 -0.892 -1.000 -0.883 -0.614 -0.336 -0.145 0.000 0.000 0.000 0.000 0.000 0.000 0.000 0.000 0.000 0.000 0.000 
-0.742 -0.960 -0.979 -0.787 -0.792 -0.981 -0.958 -0.736 -0.446 -0.213 0.000 0.000 0.000 0.000 0.000 0.000 0.000 0.000 0.000 0.000 0.000 
-0.620 -0.887 -1.000 -0.888 -0.675 -0.924 -0.996 -0.846 -0.567 -0.299 -0.124 0.000 0.000 0.000 0.000 0.000 0.000 0.000 0.000 0.000 0.000 
-0.497 -0.785 -0.979 -0.961 -0.743 -0.833 -0.993 -0.933 -0.690 -0.402 -0.185 0.000 0.000 0.000 0.000 0.000 0.000 0.000 0.000 0.000 0.000 
-0.381 -0.667 -0.919 -0.997 -0.853 -0.721 -0.950 -0.986 -0.806 -0.520 -0.264 -0.105 0.000 0.000 0.000 0.000 0.000 0.000 0.000 0.000 0.000 
-0.281 -0.543 -0.827 -0.992 -0.937 -0.698 -0.871 -0.999 -0.903 -0.643 -0.361 -0.160 0.000 0.000 0.000 0.000 0.000 0.000 0.000 0.000 0.000 
-0.198 -0.424 -0.713 -0.946 -0.988 -0.813 -0.766 -0.971 -0.970 -0.764 -0.474 -0.231 0.000 0.000 0.000 0.000 0.000 0.000 0.000 0.000 0.000 
-0.134 -0.317 -0.590 -0.865 -0.999 -0.909 -0.651 -0.905 -0.999 -0.869 -0.596 -0.322 -0.137 0.000 0.000 0.000 0.000 0.000 0.000 0.000 0.000 
0.000 -0.228 -0.468 -0.758 -0.968 -0.973 -0.771 -0.808 -0.987 -0.949 -0.719 -0.429 -0.202 0.000 0.000 0.000 0.000 0.000 0.000 0.000 0.000 
0.000 -0.157 -0.356 -0.638 -0.899 -1.000 -0.875 -0.692 -0.934 -0.993 -0.832 -0.549 -0.285 -0.117 0.000 0.000 0.000 0.000 0.000 0.000 0.000 
0.000 -0.103 -0.260 -0.514 -0.801 -0.984 -0.953 -0.727 -0.848 -0.996 -0.922 -0.673 -0.387 -0.175 0.000 0.000 0.000 0.000 0.000 0.000 0.000 
0.000 0.000 -0.182 -0.397 -0.684 -0.929 -0.994 -0.838 -0.738 -0.958 -0.981 -0.791 -0.502 -0.251 0.000 0.000 0.000 0.000 0.000 0.000 0.000 
0.000 0.000 -0.122 -0.294 -0.561 -0.841 -0.995 -0.927 -0.680 -0.884 -1.000 -0.891 -0.626 -0.346 -0.151 0.000 0.000 0.000 0.000 0.000 0.000 
0.000 0.000 0.000 -0.209 -0.440 -0.730 -0.955 -0.983 -0.798 -0.782 -0.978 -0.963 -0.747 -0.457 -0.220 0.000 0.000 0.000 0.000 0.000 0.000 
0.000 0.000 0.000 -0.142 -0.331 -0.608 -0.878 -1.000 -0.897 -0.663 -0.916 -0.998 -0.856 -0.578 -0.308 -0.129 0.000 0.000 0.000 0.000 0.000 
0.000 0.000 0.000 0.000 -0.239 -0.485 -0.775 -0.975 -0.966 -0.755 -0.823 -0.991 -0.940 -0.702 -0.413 -0.192 0.000 0.000 0.000 0.000 0.000 
0.000 0.000 0.000 0.000 -0.166 -0.371 -0.655 -0.911 -0.998 -0.862 -0.709 -0.944 -0.989 -0.817 -0.531 -0.272 -0.110 0.000 0.000 0.000 0.000 
0.000 0.000 0.000 0.000 -0.110 -0.272 -0.531 -0.817 -0.989 -0.944 -0.709 -0.862 -0.998 -0.911 -0.655 -0.371 -0.166 0.000 0.000 0.000 0.000 
0.000 0.000 0.000 0.000 0.000 -0.192 -0.413 -0.702 -0.940 -0.991 -0.823 -0.755 -0.966 -0.975 -0.775 -0.485 -0.239 0.000 0.000 0.000 0.000 
0.000 0.000 0.000 0.000 0.000 -0.129 -0.308 -0.578 -0.856 -0.998 -0.916 -0.663 -0.897 -1.000 -0.878 -0.608 -0.331 -0.142 0.000 0.000 0.000 
0.000 0.000 0.000 0.000 0.000 0.000 -0.220 -0.457 -0.747 -0.963 -0.978 -0.782 -0.798 -0.983 -0.955 -0.730 -0.440 -0.209 0.000 0.000 0.000 
0.000 0.000 0.000 0.000 0.000 0.000 -0.151 -0.346 -0.626 -0.891 -1.000 -0.884 -0.680 -0.927 -0.995 -0.841 -0.561 -0.294 -0.122 0.000 0.000 
0.000 0.000 0.000 0.000 0.000 0.000 0.000 -0.251 -0.502 -0.791 -0.981 -0.958 -0.738 -0.838 -0.994 -0.929 -0.684 -0.397 -0.182 0.000 0.000 
0.000 0.000 0.000 0.000 0.000 0.000 0.000 -0.175 -0.387 -0.673 -0.922 -0.996 -0.848 -0.727 -0.953 -0.984 -0.801 -0.514 -0.260 -0.103 0.000 
0.000 0.000 0.000 0.000 0.000 0.000 0.000 -0.117 -0.285 -0.549 -0.832 -0.993 -0.934 -0.692 -0.875 -1.000 -0.899 -0.638 -0.356 -0.157 0.000 
0.000 0.000 0.000 0.000 0.000 0.000 0.000 0.000 -0.202 -0.429 -0.719 -0.949 -0.987 -0.808 -0.771 -0.973 -0.968 -0.758 -0.468 -0.228 0.000 
0.000 0.000 0.000 0.000 0.000 0.000 0.000 0.000 -0.137 -0.322 -0.596 -0.869 -0.999 -0.905 -0.651 -0.909 -0.999 -0.865 -0.590 -0.317 -0.134 
0.000 0.000 0.000 0.000 0.000 0.000 0.000 0.000 0.000 -0.231 -0.474 -0.764 -0.970 -0.971 -0.766 -0.813 -0.988 -0.946 -0.713 -0.424 -0.198 
0.000 0.000 0.000 0.000 0.000 0.000 0.000 0.000 0.000 -0.160 -0.361 -0.643 -0.903 -0.999 -0.871 -0.698 -0.937 -0.992 -0.827 -0.543 -0.281 
0.000 0.000 0.000 0.000 0.000 0.000 0.000 0.000 0.000 -0.105 -0.264 -0.520 -0.806 -0.986 -0.950 -0.721 -0.853 -0.997 -0.919 -0.667 -0.381 
0.000 0.000 0.000 0.000 0.000 0.000 0.000 0.000 0.000 0.000 -0.185 -0.402 -0.690 -0.933 -0.993 -0.833 -0.743 -0.961 -0.979 -0.785 -0.497 
0.000 0.000 0.000 0.000 0.000 0.000 0.000 0.000 0.000 0.000 -0.124 -0.299 -0.567 -0.846 -0.996 -0.924 -0.675 -0.888 -1.000 -0.887 -0.620 
0.000 0.000 0.000 0.000 0.000 0.000 0.000 0.000 0.000 0.000 0.000 -0.213 -0.446 -0.736 -0.958 -0.981 -0.792 -0.787 -0.979 -0.960 -0.742 
0.000 0.000 0.000 0.000 0.000 0.000 0.000 0.000 0.000 0.000 0.000 -0.145 -0.336 -0.614 -0.883 -1.000 -0.892 -0.669 -0.920 -0.997 -0.851 
0.000 0.000 0.000 0.000 0.000 0.000 0.000 0.000 0.000 0.000 0.000 0.000 -0.243 -0.491 -0.780 -0.977 -0.964 -0.749 -0.828 -0.992 -0.936 
0.000 0.000 0.000 0.000 0.000 0.000 0.000 0.000 0.000 0.000 0.000 0.000 -0.169 -0.376 -0.661 -0.915 -0.998 -0.857 -0.715 -0.947 -0.988 
0.000 0.000 0.000 0.000 0.000 0.000 0.000 0.000 0.000 0.000 0.000 0.000 -0.112 -0.277 -0.537 -0.822 -0.990 -0.941 -0.704 -0.866 -0.999 
0.000 0.000 0.000 0.000 0.000 0.000 0.000 0.000 0.000 0.000 0.000 0.000 0.000 -0.195 -0.418 -0.708 -0.943 -0.990 -0.818 -0.760 -0.969 
0.000 0.000 0.000 0.000 0.000 0.000 0.000 0.000 0.000 0.000 0.000 0.000 0.000 -0.132 -0.313 -0.584 -0.860 -0.998 -0.912 -0.657 -0.901 
0.000 0.000 0.000 0.000 0.000 0.000 0.000 0.000 0.000 0.000 0.000 0.000 0.000 0.000 -0.224 -0.462 -0.753 -0.965 -0.975 -0.776 -0.803 
0.000 0.000 0.000 0.000 0.000 0.000 0.000 0.000 0.000 0.000 0.000 0.000 0.000 0.000 -0.154 -0.351 -0.632 -0.895 -1.000 -0.880 -0.686 
0.000 0.000 0.000 0.000 0.000 0.000 0.000 0.000 0.000 0.000 0.000 0.000 0.000 0.000 -0.101 -0.255 -0.508 -0.796 -0.983 -0.956 -0.732 
# 2 1 1 21
0.000 0.000 0.000 0.000 -0.135 -0.320 -0.594 -0.868 -1.000 -0.908 -0.649 -0.908 -1.000 -0.868 -0.594 -0.320 -0.135 0.000 0.000 0.000 0.000 
# 2 3 12 21
-0.756 -0.822 -0.991 -0.940 -0.703 -0.414 -0.192 0.000 0.000 0.000 0.000 0.000 0.000 0.000 0.000 0.000 0.000 0.000 0.000 0.000 0.000 
-0.994 -0.930 -0.685 -0.881 -1.000 -0.894 -0.630 -0.350 -0.153 0.000 0.000 0.000 0.000 0.000 0.000 0.000 0.000 0.000 0.000 0.000 0.000 
-0.630 -0.894 -1.000 -0.881 -0.685 -0.930 -0.994 -0.838 -0.556 -0.291 -0.120 0.000 0.000 0.000 0.000 0.000 0.000 0.000 0.000 0.000 0.000 
-0.192 -0.414 -0.703 -0.940 -0.991 -0.822 -0.756 -0.967 -0.974 -0.773 -0.484 -0.238 0.000 0.000 0.000 0.000 0.000 0.000 0.000 0.000 0.000 
0.000 0.000 -0.238 -0.484 -0.773 -0.974 -0.967 -0.756 -0.822 -0.991 -0.940 -0.703 -0.414 -0.192 0.000 0.000 0.000 0.000 0.000 0.000 0.000 
0.000 0.000 0.000 -0.120 -0.291 -0.556 -0.838 -0.994 -0.930 -0.685 -0.881 -1.000 -0.894 -0.630 -0.350 -0.153 0.000 0.000 0.000 0.000 0.000 
0.000 0.000 0.000 0.000 0.000 -0.153 -0.350 -0.630 -0.894 -1.000 -0.881 -0.685 -0.930 -0.994 -0.838 -0.556 -0.291 -0.120 0.000 0.000 0.000 
0.000 0.000 0.000 0.000 0.000 0.000 0.000 -0.192 -0.414 -0.703 -0.940 -0.991 -0.822 -0.756 -0.967 -0.974 -0.773 -0.484 -0.238 0.000 0.000 
0.000 0.000 0.000 0.000 0.000 0.000 0.000 0.000 0.000 -0.238 -0.484 -0.773 -0.974 -0.967 -0.756 -0.822 -0.991 -0.940 -0.703 -0.414 -0.192 
0.000 0.000 0.000 0.000 0.000 0.000 0.000 0.000 0.000 0.000 -0.120 -0.291 -0.556 -0.838 -0.994 -0.930 -0.685 -0.881 -1.000 -0.894 -0.630 
0.000 0.000 0.000 0.000 0.000 0.000 0.000 0.000 0.000 0.000 0.000 0.000 -0.153 -0.350 -0.630 -0.894 -1.000 -0.881 -0.685 -0.930 -0.994 
0.000 0.000 0.000 0.000 0.000 0.000 0.000 0.000 0.000 0.000 0.000 0.000 0.000 0.000 -0.192 -0.414 -0.703 -0.940 -0.991 -0.822 -0.756 
# 3 0 50 12
0.000 0.000 -0.303 -0.723 -0.998 -0.797 -0.368 0.000 0.000 0.000 0.000 0.000 
0.000 0.000 -0.227 -0.617 -0.971 -0.884 -0.466 -0.142 0.000 0.000 0.000 0.000 
0.000 0.000 -0.165 -0.510 -0.915 -0.950 -0.571 -0.199 0.000 0.000 0.000 0.000 
0.000 0.000 -0.116 -0.409 -0.836 -0.990 -0.679 -0.269 0.000 0.000 0.000 0.000 
0.000 0.000 0.000 -0.317 -0.740 -0.999 -0.781 -0.353 0.000 0.000 0.000 0.000 
0.000 0.000 0.000 -0.239 -0.635 -0.977 -0.871 -0.449 -0.134 0.000 0.000 0.000 
0.000 0.000 0.000 -0.174 -0.528 -0.926 -0.941 -0.553 -0.188 0.000 0.000 0.000 
0.000 0.000 0.000 -0.123 -0.425 -0.851 -0.986 -0.661 -0.256 0.000 0.000 0.000 
0.000 0.000 0.000 0.000 -0.332 -0.757 -1.000 -0.765 -0.338 0.000 0.000 0.000 
-0.139 0.000 0.000 0.000 -0.251 -0.653 -0.983 -0.857 -0.432 -0.126 0.000 0.000 
-0.194 0.000 0.000 0.000 -0.184 -0.546 -0.937 -0.931 -0.536 -0.178 0.000 0.000 
-0.264 0.000 0.000 0.000 -0.131 -0.442 -0.865 -0.980 -0.643 -0.244 0.000 0.000 
-0.347 0.000 0.000 0.000 0.000 -0.347 -0.774 -1.000 -0.748 -0.324 0.000 0.000 
-0.442 -0.131 0.000 0.000 0.000 -0.264 -0.671 -0.988 -0.843 -0.416 -0.119 0.000 
-0.546 -0.184 0.000 0.000 0.000 -0.194 -0.563 -0.946 -0.920 -0.518 -0.169 0.000 
-0.653 -0.251 0.000 0.000 0.000 -0.139 -0.459 -0.878 -0.974 -0.625 -0.232 0.000 
-0.757 -0.332 0.000 0.000 0.000 0.000 -0.362 -0.790 -0.999 -0.731 -0.310 0.000 
-0.851 -0.425 -0.123 0.000 0.000 0.000 -0.276 -0.688 -0.992 -0.828 -0.400 -0.112 
-0.926 -0.528 -0.174 0.000 0.000 0.000 -0.205 -0.581 -0.955 -0.909 -0.501 -0.160 
-0.977 -0.635 -0.239 0.000 0.000 0.000 -0.147 -0.476 -0.891 -0.967 -0.607 -0.221 
-0.999 -0.740 -0.317 0.000 0.000 0.000 -0.102 -0.377 -0.806 -0.997 -0.714 -0.296 
-0.990 -0.836 -0.409 -0.116 0.000 0.000 0.000 -0.290 -0.706 -0.995 -0.813 -0.384 
-0.950 -0.915 -0.510 -0.165 0.000 0.000 0.000 -0.216 -0.599 -0.964 -0.897 -0.483 
-0.884 -0.971 -0.617 -0.227 0.000 0.000 0.000 -0.156 -0.493 -0.904 -0.959 -0.589 
-0.797 -0.998 -0.723 -0.303 0.000 0.000 0.000 -0.109 -0.393 -0.821 -0.994 -0.696 
-0.696 -0.994 -0.821 -0.393 -0.109 0.000 0.000 0.000 -0.303 -0.723 -0.998 -0.797 
-0.589 -0.959 -0.904 -0.493 -0.156 0.000 0.000 0.000 -0.227 -0.617 -0.971 -0.884 
-0.483 -0.897 -0.964 -0.599 -0.216 0.000 0.000 0.000 -0.165 -0.510 -0.915 -0.950 
-0.384 -0.813 -0.995 -0.706 -0.290 0.000 0.000 0.000 -0.116 -0.409 -0.836 -0.990 
-0.296 -0.714 -0.997 -0.806 -0.377 -0.102 0.000 0.000 0.000 -0.317 -0.740 -0.999 
-0.221 -0.607 -0.967 -0.891 -0.476 -0.147 0.000 0.000 0.000 -0.239 -0.635 -0.977 
-0.160 -0.501 -0.909 -0.955 -0.581 -0.205 0.000 0.000 0.000 -0.174 -0.528 -0.926 
-0.112 -0.400 -0.828 -0.992 -0.688 -0.276 0.000 0.000 0.000 -0.123 -0.425 -0.851 
0.000 -0.310 -0.731 -0.999 -0.790 -0.362 0.000 0.000 0.000 0.000 -0.332 -0.757 
0.000 -0.232 -0.625 -0.974 -0.878 -0.459 -0.139 0.000 0.000 0.000 -0.251 -0.653 
0.000 -0.169 -0.518 -0.920 -0.946 -0.563 -0.194 0.000 0.000 0.000 -0.184 -0.546 
0.000 -0.119 -0.416 -0.843 -0.988 -0.671 -0.264 0.000 0.000 0.000 -0.131 -0.442 
0.000 0.000 -0.324 -0.748 -1.000 -0.774 -0.347 0.000 0.000 0.000 0.000 -0.347 
0.000 0.000 -0.244 -0.643 -0.980 -0.865 -0.442 -0.131 0.000 0.000 0.000 -0.264 
0.000 0.000 -0.178 -0.536 -0.931 -0.937 -0.546 -0.184 0.000 0.000 0.000 -0.194 
0.000 0.000 -0.126 -0.432 -0.857 -0.983 -0.653 -0.251 0.000 0.000 0.000 -0.139 
0.000 0.000 0.000 -0.338 -0.765 -1.000 -0.757 -0.332 0.000 0.000 0.000 0.000 
0.000 0.000 0.000 -0.256 -0.661 -0.986 -0.851 -0.425 -0.123 0.000 0.000 0.000 
0.000 0.000 0.000 -0.188 -0.553 -0.941 -0.926 -0.528 -0.174 0.000 0.000 0.000 
0.000 0.000 0.000 -0.134 -0.449 -0.871 -0.977 -0.635 -0.239 0.000 0.000 0.000 
0.000 0.000 0.000 0.000 -0.353 -0.781 -0.999 -0.740 -0.317 0.000 0.000 0.000 
0.000 0.000 0.000 0.000 -0.269 -0.679 -0.990 -0.836 -0.409 -0.116 0.000 0.000 
0.000 0.000 0.000 0.000 -0.199 -0.571 -0.950 -0.915 -0.510 -0.165 0.000 0.000 
0.000 0.000 0.000 0.000 -0.142 -0.466 -0.884 -0.971 -0.617 -0.227 0.000 0.000 
0.000 0.000 0.000 0.000 0.000 -0.368 -0.797 -0.998 -0.723 -0.303 0.000 0.000 
# 3 1 1 12
-0.745 -1.000 -0.771 -0.338 0.000 0.000 0.000 0.000 -0.338 -0.771 -1.000 -0.745 
# 3 2 21 12
0.000 0.000 -0.249 -0.651 -0.983 -0.859 -0.435 -0.127 0.000 0.000 0.000 0.000 
0.000 0.000 -0.113 -0.402 -0.830 -0.992 -0.686 -0.275 0.000 0.000 0.000 0.000 
0.000 0.000 0.000 -0.208 -0.587 -0.958 -0.906 -0.496 -0.157 0.000 0.000 0.000 
0.000 0.000 0.000 0.000 -0.347 -0.774 -1.000 -0.748 -0.324 0.000 0.000 0.000 
-0.208 0.000 0.000 0.000 -0.171 -0.523 -0.924 -0.944 -0.559 -0.191 0.000 0.000 
-0.402 -0.113 0.000 0.000 0.000 -0.296 -0.714 -0.997 -0.806 -0.377 -0.102 0.000 
-0.651 -0.249 0.000 0.000 0.000 -0.140 -0.461 -0.880 -0.973 -0.623 -0.231 0.000 
-0.880 -0.461 -0.140 0.000 0.000 0.000 -0.249 -0.651 -0.983 -0.859 -0.435 -0.127 
-0.997 -0.714 -0.296 0.000 0.000 0.000 -0.113 -0.402 -0.830 -0.992 -0.686 -0.275 
-0.944 -0.924 -0.523 -0.171 0.000 0.000 0.000 -0.208 -0.587 -0.958 -0.906 -0.496 
-0.748 -1.000 -0.774 -0.347 0.000 0.000 0.000 0.000 -0.347 -0.774 -1.000 -0.748 
-0.496 -0.906 -0.958 -0.587 -0.208 0.000 0.000 0.000 -0.171 -0.523 -0.924 -0.944 
-0.275 -0.686 -0.992 -0.830 -0.402 -0.113 0.000 0.000 0.000 -0.296 -0.714 -0.997 
-0.127 -0.435 -0.859 -0.983 -0.651 -0.249 0.000 0.000 0.000 -0.140 -0.461 -0.880 
0.000 -0.231 -0.623 -0.973 -0.880 -0.461 -0.140 0.000 0.000 0.000 -0.249 -0.651 
0.000 -0.102 -0.377 -0.806 -0.997 -0.714 -0.296 0.000 0.000 0.000 -0.113 -0.402 
0.000 0.000 -0.191 -0.559 -0.944 -0.924 -0.523 -0.171 0.000 0.000 0.000 -0.208 
0.000 0.000 0.000 -0.324 -0.748 -1.000 -0.774 -0.347 0.000 0.000 0.000 0.000 
0.000 0.000 0.000 -0.157 -0.496 -0.906 -0.958 -0.587 -0.208 0.000 0.000 0.000 
0.000 0.000 0.000 0.000 -0.275 -0.686 -0.992 -0.830 -0.402 -0.113 0.000 0.000 
0.000 0.000 0.000 0.000 -0.127 -0.435 -0.859 -0.983 -0.651 -0.249 0.000 0.000 
