1.934340
5
# 0 1 38 50
0.000 0.000 0.000 0.000 0.000 0.121 0.174 0.243 0.326 0.423 0.530 0.643 0.752 0.851 0.929 0.981 1.000 0.985 0.937 0.862 0.765 0.657 0.544 0.436 0.337 0.252 0.182 0.127 0.000 0.000 0.000 0.000 0.000 0.000 0.000 0.000 0.000 0.000 0.000 0.000 0.000 0.000 0.000 0.000 0.000 0.000 0.000 0.000 0.000 0.000 
0.000 0.000 0.000 0.000 0.000 0.000 0.107 0.156 0.219 0.298 0.391 0.496 0.607 0.718 0.821 0.907 0.968 0.998 0.993 0.956 0.888 0.798 0.692 0.580 0.469 0.367 0.277 0.203 0.143 0.000 0.000 0.000 0.000 0.000 0.000 0.000 0.000 0.000 0.000 0.000 0.000 0.000 0.000 0.000 0.000 0.000 0.000 0.000 0.000 0.000 
0.000 0.000 0.000 0.000 0.000 0.000 0.000 0.000 0.139 0.198 0.272 0.360 0.462 0.572 0.684 0.790 0.882 0.952 0.992 0.998 0.971 0.912 0.828 0.726 0.615 0.504 0.398 0.304 0.225 0.160 0.110 0.000 0.000 0.000 0.000 0.000 0.000 0.000 0.000 0.000 0.000 0.000 0.000 0.000 0.000 0.000 0.000 0.000 0.000 0.000 
0.000 0.000 0.000 0.000 0.000 0.000 0.000 0.000 0.000 0.124 0.178 0.247 0.331 0.428 0.536 0.649 0.758 0.855 0.933 0.983 1.000 0.983 0.934 0.857 0.760 0.651 0.539 0.431 0.332 0.248 0.179 0.125 0.000 0.000 0.000 0.000 0.000 0.000 0.000 0.000 0.000 0.000 0.000 0.000 0.000 0.000 0.000 0.000 0.000 0.000 
0.150 0.103 0.000 0.000 0.000 0.000 0.000 0.000 0.000 0.000 0.109 0.159 0.223 0.303 0.396 0.501 0.613 0.724 0.826 0.911 0.970 0.998 0.992 0.953 0.884 0.792 0.686 0.574 0.464 0.362 0.273 0.199 0.140 0.000 0.000 0.000 0.000 0.000 0.000 0.000 0.000 0.000 0.000 0.000 0.000 0.000 0.000 0.000 0.000 0.000 
0.235 0.168 0.116 0.000 0.000 0.000 0.000 0.000 0.000 0.000 0.000 0.000 0.142 0.201 0.276 0.365 0.467 0.578 0.690 0.796 0.887 0.955 0.993 0.998 0.969 0.909 0.823 0.721 0.609 0.498 0.393 0.300 0.221 0.157 0.108 0.000 0.000 0.000 0.000 0.000 0.000 0.000 0.000 0.000 0.000 0.000 0.000 0.000 0.000 0.000 
0.345 0.259 0.187 0.131 0.000 0.000 0.000 0.000 0.000 0.000 0.000 0.000 0.000 0.126 0.181 0.251 0.335 0.434 0.542 0.655 0.763 0.860 0.936 0.984 1.000 0.981 0.931 0.852 0.754 0.645 0.533 0.425 0.328 0.244 0.176 0.122 0.000 0.000 0.000 0.000 0.000 0.000 0.000 0.000 0.000 0.000 0.000 0.000 0.000 0.000 
0.479 0.375 0.285 0.208 0.147 0.101 0.000 0.000 0.000 0.000 0.000 0.000 0.000 0.000 0.112 0.162 0.227 0.307 0.402 0.507 0.619 0.730 0.831 0.915 0.972 0.999 0.991 0.950 0.880 0.787 0.680 0.568 0.458 0.357 0.269 0.196 0.137 0.000 0.000 0.000 0.000 0.000 0.000 0.000 0.000 0.000 0.000 0.000 0.000 0.000 
0.625 0.513 0.407 0.312 0.231 0.165 0.114 0.000 0.000 0.000 0.000 0.000 0.000 0.000 0.000 0.000 0.145 0.205 0.280 0.370 0.473 0.583 0.695 0.801 0.891 0.957 0.994 0.997 0.966 0.905 0.818 0.715 0.603 0.492 0.388 0.295 0.217 0.154 0.106 0.000 0.000 0.000 0.000 0.000 0.000 0.000 0.000 0.000 0.000 0.000 
0.769 0.660 0.548 0.439 0.340 0.255 0.184 0.129 0.000 0.000 0.000 0.000 0.000 0.000 0.000 0.000 0.000 0.129 0.184 0.255 0.340 0.439 0.548 0.660 0.769 0.865 0.939 0.986 1.000 0.980 0.927 0.848 0.749 0.639 0.527 0.420 0.323 0.240 0.172 0.120 0.000 0.000 0.000 0.000 0.000 0.000 0.000 0.000 0.000 0.000 
0.891 0.801 0.695 0.583 0.473 0.370 0.280 0.205 0.145 0.000 0.000 0.000 0.000 0.000 0.000 0.000 0.000 0.000 0.114 0.165 0.231 0.312 0.407 0.513 0.625 0.735 0.836 0.918 0.975 0.999 0.990 0.947 0.875 0.782 0.674 0.562 0.453 0.352 0.265 0.192 0.135 0.000 0.000 0.000 0.000 0.000 0.000 0.000 0.000 0.000 
0.972 0.915 0.831 0.730 0.619 0.507 0.402 0.307 0.227 0.162 0.112 0.000 0.000 0.000 0.000 0.000 0.000 0.000 0.000 0.101 0.147 0.208 0.285 0.375 0.479 0.589 0.701 0.806 0.895 0.960 0.995 0.996 0.964 0.901 0.813 0.709 0.598 0.486 0.383 0.291 0.213 0.151 0.104 0.000 0.000 0.000 0.000 0.000 0.000 0.000 
1.000 0.984 0.936 0.860 0.763 0.655 0.542 0.434 0.335 0.251 0.181 0.126 0.000 0.000 0.000 0.000 0.000 0.000 0.000 0.000 0.000 0.131 0.187 0.259 0.345 0.445 0.554 0.666 0.774 0.869 0.943 0.988 1.000 0.978 0.924 0.843 0.743 0.633 0.521 0.414 0.318 0.236 0.169 0.117 0.000 0.000 0.000 0.000 0.000 0.000 
0.969 0.998 0.993 0.955 0.887 0.796 0.690 0.578 0.467 0.365 0.276 0.201 0.142 0.000 0.000 0.000 0.000 0.000 0.000 0.000 0.000 0.000 0.116 0.168 0.235 0.316 0.412 0.519 0.631 0.741 0.841 0.922 0.977 1.000 0.988 0.944 0.871 0.776 0.668 0.556 0.447 0.347 0.260 0.189 0.132 0.000 0.000 0.000 0.000 0.000 
0.884 0.953 0.992 0.998 0.970 0.911 0.826 0.724 0.613 0.501 0.396 0.303 0.223 0.159 0.109 0.000 0.000 0.000 0.000 0.000 0.000 0.000 0.000 0.103 0.150 0.212 0.289 0.381 0.484 0.595 0.707 0.811 0.899 0.963 0.996 0.995 0.961 0.897 0.808 0.703 0.592 0.481 0.377 0.286 0.210 0.148 0.102 0.000 0.000 0.000 
0.760 0.857 0.934 0.983 1.000 0.983 0.933 0.855 0.758 0.649 0.536 0.428 0.331 0.247 0.178 0.124 0.000 0.000 0.000 0.000 0.000 0.000 0.000 0.000 0.000 0.134 0.191 0.263 0.350 0.450 0.560 0.672 0.780 0.874 0.946 0.989 0.999 0.975 0.920 0.838 0.738 0.627 0.515 0.409 0.313 0.232 0.166 0.115 0.000 0.000 
0.615 0.726 0.828 0.912 0.971 0.998 0.992 0.952 0.882 0.790 0.684 0.572 0.462 0.360 0.272 0.198 0.139 0.000 0.000 0.000 0.000 0.000 0.000 0.000 0.000 0.000 0.119 0.171 0.239 0.321 0.418 0.525 0.637 0.747 0.846 0.926 0.979 1.000 0.987 0.941 0.866 0.771 0.663 0.550 0.441 0.342 0.256 0.185 0.130 0.000 
0.469 0.580 0.692 0.798 0.888 0.956 0.993 0.998 0.968 0.907 0.821 0.718 0.607 0.496 0.391 0.298 0.219 0.156 0.107 0.000 0.000 0.000 0.000 0.000 0.000 0.000 0.000 0.105 0.153 0.216 0.293 0.386 0.490 0.601 0.713 0.816 0.903 0.965 0.997 0.994 0.958 0.892 0.803 0.698 0.586 0.475 0.372 0.282 0.206 0.146 
0.337 0.436 0.544 0.657 0.765 0.862 0.937 0.985 1.000 0.981 0.929 0.851 0.752 0.643 0.530 0.423 0.326 0.243 0.174 0.121 0.000 0.000 0.000 0.000 0.000 0.000 0.000 0.000 0.000 0.136 0.194 0.267 0.355 0.456 0.566 0.678 0.785 0.878 0.949 0.990 0.999 0.973 0.916 0.833 0.732 0.621 0.509 0.404 0.309 0.228 
0.228 0.309 0.404 0.509 0.621 0.732 0.833 0.916 0.973 0.999 0.990 0.949 0.878 0.785 0.678 0.566 0.456 0.355 0.267 0.194 0.136 0.000 0.000 0.000 0.000 0.000 0.000 0.000 0.000 0.000 0.121 0.174 0.243 0.326 0.423 0.530 0.643 0.752 0.851 0.929 0.981 1.000 0.985 0.937 0.862 0.765 0.657 0.544 0.436 0.337 
0.146 0.206 0.282 0.372 0.475 0.586 0.698 0.803 0.892 0.958 0.994 0.997 0.965 0.903 0.816 0.713 0.601 0.490 0.386 0.293 0.216 0.153 0.105 0.000 0.000 0.000 0.000 0.000 0.000 0.000 0.000 0.107 0.156 0.219 0.298 0.391 0.496 0.607 0.718 0.821 0.907 0.968 0.998 0.993 0.956 0.888 0.798 0.692 0.580 0.469 
0.000 0.130 0.185 0.256 0.342 0.441 0.550 0.663 0.771 0.866 0.941 0.987 1.000 0.979 0.926 0.846 0.747 0.637 0.525 0.418 0.321 0.239 0.171 0.119 0.000 0.000 0.000 0.000 0.000 0.000 0.000 0.000 0.000 0.139 0.198 0.272 0.360 0.462 0.572 0.684 0.790 0.882 0.952 0.992 0.998 0.971 0.912 0.828 0.726 0.615 
0.000 0.000 0.115 0.166 0.232 0.313 0.409 0.515 0.627 0.738 0.838 0.920 0.975 0.999 0.989 0.946 0.874 0.780 0.672 0.560 0.450 0.350 0.263 0.191 0.134 0.000 0.000 0.000 0.000 0.000 0.000 0.000 0.000 0.000 0.124 0.178 0.247 0.331 0.428 0.536 0.649 0.758 0.855 0.933 0.983 1.000 0.983 0.934 0.857 0.760 
0.000 0.000 0.000 0.102 0.148 0.210 0.286 0.377 0.481 0.592 0.703 0.808 0.897 0.961 0.995 0.996 0.963 0.899 0.811 0.707 0.595 0.484 0.381 0.289 0.212 0.150 0.103 0.000 0.000 0.000 0.000 0.000 0.000 0.000 0.000 0.109 0.159 0.223 0.303 0.396 0.501 0.613 0.724 0.826 0.911 0.970 0.998 0.992 0.953 0.884 
0.000 0.000 0.000 0.000 0.000 0.132 0.189 0.260 0.347 0.447 0.556 0.668 0.776 0.871 0.944 0.988 1.000 0.977 0.922 0.841 0.741 0.631 0.519 0.412 0.316 0.235 0.168 0.116 0.000 0.000 0.000 0.000 0.000 0.000 0.000 0.000 0.000 0.142 0.201 0.276 0.365 0.467 0.578 0.690 0.796 0.887 0.955 0.993 0.998 0.969 
0.000 0.000 0.000 0.000 0.000 0.000 0.117 0.169 0.236 0.318 0.414 0.521 0.633 0.743 0.843 0.924 0.978 1.000 0.988 0.943 0.869 0.774 0.666 0.554 0.445 0.345 0.259 0.187 0.131 0.000 0.000 0.000 0.000 0.000 0.000 0.000 0.000 0.000 0.126 0.181 0.251 0.335 0.434 0.542 0.655 0.763 0.860 0.936 0.984 1.000 
0.000 0.000 0.000 0.000 0.000 0.000 0.000 0.104 0.151 0.213 0.291 0.383 0.486 0.598 0.709 0.813 0.901 0.964 0.996 0.995 0.960 0.895 0.806 0.701 0.589 0.479 0.375 0.285 0.208 0.147 0.101 0.000 0.000 0.000 0.000 0.000 0.000 0.000 0.000 0.112 0.162 0.227 0.307 0.402 0.507 0.619 0.730 0.831 0.915 0.972 
0.000 0.000 0.000 0.000 0.000 0.000 0.000 0.000 0.000 0.135 0.192 0.265 0.352 0.453 0.562 0.674 0.782 0.875 0.947 0.990 0.999 0.975 0.918 0.836 0.735 0.625 0.513 0.407 0.312 0.231 0.165 0.114 0.000 0.000 0.000 0.000 0.000 0.000 0.000 0.000 0.000 0.145 0.205 0.280 0.370 0.473 0.583 0.695 0.801 0.891 
0.000 0.000 0.000 0.000 0.000 0.000 0.000 0.000 0.000 0.000 0.120 0.172 0.240 0.323 0.420 0.527 0.639 0.749 0.848 0.927 0.980 1.000 0.986 0.939 0.865 0.769 0.660 0.548 0.439 0.340 0.255 0.184 0.129 0.000 0.000 0.000 0.000 0.000 0.000 0.000 0.000 0.000 0.129 0.184 0.255 0.340 0.439 0.548 0.660 0.769 
0.000 0.000 0.000 0.000 0.000 0.000 0.000 0.000 0.000 0.000 0.000 0.106 0.154 0.217 0.295 0.388 0.492 0.603 0.715 0.818 0.905 0.966 0.997 0.994 0.957 0.891 0.801 0.695 0.583 0.473 0.370 0.280 0.205 0.145 0.000 0.000 0.000 0.000 0.000 0.000 0.000 0.000 0.000 0.114 0.165 0.231 0.312 0.407 0.513 0.625 
0.000 0.000 0.000 0.000 0.000 0.000 0.000 0.000 0.000 0.000 0.000 0.000 0.000 0.137 0.196 0.269 0.357 0.458 0.568 0.680 0.787 0.880 0.950 0.991 0.999 0.972 0.915 0.831 0.730 0.619 0.507 0.402 0.307 0.227 0.162 0.112 0.000 0.000 0.000 0.000 0.000 0.000 0.000 0.000 0.101 0.147 0.208 0.285 0.375 0.479 
0.000 0.000 0.000 0.000 0.000 0.000 0.000 0.000 0.000 0.000 0.000 0.000 0.000 0.000 0.122 0.176 0.244 0.328 0.425 0.533 0.645 0.754 0.852 0.931 0.981 1.000 0.984 0.936 0.860 0.763 0.655 0.542 0.434 0.335 0.251 0.181 0.126 0.000 0.000 0.000 0.000 0.000 0.000 0.000 0.000 0.000 0.131 0.187 0.259 0.345 
0.000 0.000 0.000 0.000 0.000 0.000 0.000 0.000 0.000 0.000 0.000 0.000 0.000 0.000 0.000 0.108 0.157 0.221 0.300 0.393 0.498 0.609 0.721 0.823 0.909 0.969 0.998 0.993 0.955 0.887 0.796 0.690 0.578 0.467 0.365 0.276 0.201 0.142 0.000 0.000 0.000 0.000 0.000 0.000 0.000 0.000 0.000 0.116 0.168 0.235 
0.000 0.000 0.000 0.000 0.000 0.000 0.000 0.000 0.000 0.000 0.000 0.000 0.000 0.000 0.000 0.000 0.000 0.140 0.199 0.273 0.362 0.464 0.574 0.686 0.792 0.884 0.953 0.992 0.998 0.970 0.911 0.826 0.724 0.613 0.501 0.396 0.303 0.223 0.159 0.109 0.000 0.000 0.000 0.000 0.000 0.000 0.000 0.000 0.103 0.150 
0.000 0.000 0.000 0.000 0.000 0.000 0.000 0.000 0.000 0.000 0.000 0.000 0.000 0.000 0.000 0.000 0.000 0.000 0.125 0.179 0.248 0.332 0.431 0.539 0.651 0.760 0.857 0.934 0.983 1.000 0.983 0.933 0.855 0.758 0.649 0.536 0.428 0.331 0.247 0.178 0.124 0.000 0.000 0.000 0.000 0.000 0.000 0.000 0.000 0.000 
0.000 0.000 0.000 0.000 0.000 0.000 0.000 0.000 0.000 0.000 0.000 0.000 0.000 0.000 0.000 0.000 0.000 0.000 0.000 0.110 0.160 0.225 0.304 0.398 0.504 0.615 0.726 0.828 0.912 0.971 0.998 0.992 0.952 0.882 0.790 0.684 0.572 0.462 0.360 0.272 0.198 0.139 0.000 0.000 0.000 0.000 0.000 0.000 0.000 0.000 
0.000 0.000 0.000 0.000 0.000 0.000 0.000 0.000 0.000 0.000 0.000 0.000 0.000 0.000 0.000 0.000 0.000 0.000 0.000 0.000 0.000 0.143 0.203 0.277 0.367 0.469 0.580 0.692 0.798 0.888 0.956 0.993 0.998 0.968 0.907 0.821 0.718 0.607 0.496 0.391 0.298 0.219 0.156 0.107 0.000 0.000 0.000 0.000 0.000 0.000 
0.000 0.000 0.000 0.000 0.000 0.000 0.000 0.000 0.000 0.000 0.000 0.000 0.000 0.000 0.000 0.000 0.000 0.000 0.000 0.000 0.000 0.000 0.127 0.182 0.252 0.337 0.436 0.544 0.657 0.765 0.862 0.937 0.985 1.000 0.981 0.929 0.851 0.752 0.643 0.530 0.423 0.326 0.243 0.174 0.121 0.000 0.000 0.000 0.000 0.000 
# 0 2 23 50
0.000 0.000 0.000 0.000 0.000 0.103 0.150 0.211 0.288 0.380 0.483 0.594 0.706 0.810 0.898 0.962 0.996 0.996 0.962 0.897 0.809 0.704 0.593 0.482 0.378 0.287 0.210 0.149 0.102 0.000 0.000 0.000 0.000 0.000 0.000 0.000 0.000 0.000 0.000 0.000 0.000 0.000 0.000 0.000 0.000 0.000 0.000 0.000 0.000 0.000 
0.000 0.000 0.000 0.000 0.000 0.000 0.000 0.000 0.141 0.200 0.274 0.363 0.465 0.575 0.687 0.793 0.885 0.953 0.992 0.998 0.970 0.910 0.825 0.723 0.612 0.501 0.395 0.302 0.222 0.158 0.109 0.000 0.000 0.000 0.000 0.000 0.000 0.000 0.000 0.000 0.000 0.000 0.000 0.000 0.000 0.000 0.000 0.000 0.000 0.000 
0.125 0.000 0.000 0.000 0.000 0.000 0.000 0.000 0.000 0.000 0.132 0.188 0.260 0.346 0.446 0.555 0.668 0.775 0.870 0.943 0.988 1.000 0.977 0.923 0.842 0.742 0.632 0.520 0.413 0.317 0.235 0.169 0.117 0.000 0.000 0.000 0.000 0.000 0.000 0.000 0.000 0.000 0.000 0.000 0.000 0.000 0.000 0.000 0.000 0.000 
0.263 0.191 0.134 0.000 0.000 0.000 0.000 0.000 0.000 0.000 0.000 0.000 0.123 0.177 0.246 0.330 0.428 0.536 0.648 0.757 0.855 0.932 0.982 1.000 0.983 0.934 0.857 0.760 0.651 0.539 0.431 0.333 0.248 0.179 0.125 0.000 0.000 0.000 0.000 0.000 0.000 0.000 0.000 0.000 0.000 0.000 0.000 0.000 0.000 0.000 
0.469 0.367 0.277 0.203 0.143 0.000 0.000 0.000 0.000 0.000 0.000 0.000 0.000 0.000 0.115 0.167 0.233 0.315 0.410 0.517 0.629 0.739 0.839 0.921 0.976 0.999 0.989 0.945 0.872 0.778 0.671 0.558 0.449 0.349 0.262 0.190 0.133 0.000 0.000 0.000 0.000 0.000 0.000 0.000 0.000 0.000 0.000 0.000 0.000 0.000 
0.711 0.599 0.488 0.384 0.292 0.214 0.152 0.104 0.000 0.000 0.000 0.000 0.000 0.000 0.000 0.000 0.108 0.157 0.221 0.299 0.393 0.498 0.609 0.720 0.823 0.908 0.969 0.998 0.993 0.955 0.887 0.796 0.690 0.578 0.468 0.366 0.276 0.201 0.142 0.000 0.000 0.000 0.000 0.000 0.000 0.000 0.000 0.000 0.000 0.000 
0.915 0.831 0.730 0.619 0.507 0.401 0.307 0.227 0.162 0.112 0.000 0.000 0.000 0.000 0.000 0.000 0.000 0.000 0.101 0.147 0.208 0.285 0.376 0.479 0.590 0.701 0.806 0.895 0.960 0.995 0.996 0.964 0.901 0.813 0.709 0.597 0.486 0.382 0.291 0.213 0.151 0.104 0.000 0.000 0.000 0.000 0.000 0.000 0.000 0.000 
1.000 0.979 0.927 0.847 0.748 0.638 0.526 0.419 0.322 0.240 0.172 0.119 0.000 0.000 0.000 0.000 0.000 0.000 0.000 0.000 0.000 0.138 0.197 0.270 0.359 0.460 0.570 0.682 0.789 0.881 0.951 0.991 0.999 0.972 0.913 0.830 0.728 0.617 0.505 0.400 0.306 0.226 0.161 0.111 0.000 0.000 0.000 0.000 0.000 0.000 
0.929 0.980 1.000 0.985 0.938 0.863 0.767 0.658 0.546 0.437 0.338 0.253 0.183 0.128 0.000 0.000 0.000 0.000 0.000 0.000 0.000 0.000 0.000 0.130 0.185 0.256 0.342 0.442 0.550 0.663 0.771 0.866 0.941 0.987 1.000 0.979 0.926 0.846 0.746 0.637 0.524 0.417 0.321 0.238 0.171 0.119 0.000 0.000 0.000 0.000 
0.733 0.834 0.917 0.974 0.999 0.990 0.948 0.878 0.784 0.677 0.565 0.455 0.355 0.267 0.194 0.136 0.000 0.000 0.000 0.000 0.000 0.000 0.000 0.000 0.000 0.121 0.175 0.243 0.326 0.424 0.531 0.643 0.753 0.851 0.930 0.981 1.000 0.985 0.937 0.861 0.765 0.656 0.544 0.435 0.337 0.252 0.182 0.127 0.000 0.000 
0.491 0.602 0.714 0.817 0.904 0.966 0.997 0.994 0.958 0.892 0.802 0.697 0.585 0.474 0.371 0.281 0.205 0.145 0.000 0.000 0.000 0.000 0.000 0.000 0.000 0.000 0.000 0.114 0.164 0.230 0.311 0.406 0.512 0.624 0.734 0.835 0.918 0.974 0.999 0.990 0.947 0.876 0.783 0.675 0.563 0.454 0.353 0.265 0.193 0.135 
0.280 0.370 0.472 0.583 0.695 0.800 0.890 0.957 0.994 0.997 0.967 0.905 0.819 0.716 0.604 0.493 0.388 0.296 0.217 0.155 0.106 0.000 0.000 0.000 0.000 0.000 0.000 0.000 0.000 0.106 0.155 0.217 0.296 0.388 0.493 0.604 0.716 0.819 0.905 0.967 0.997 0.994 0.957 0.890 0.800 0.695 0.583 0.472 0.370 0.280 
0.135 0.193 0.265 0.353 0.454 0.563 0.675 0.783 0.876 0.947 0.990 0.999 0.974 0.918 0.835 0.734 0.624 0.512 0.406 0.311 0.230 0.164 0.114 0.000 0.000 0.000 0.000 0.000 0.000 0.000 0.000 0.000 0.145 0.205 0.281 0.371 0.474 0.585 0.697 0.802 0.892 0.958 0.994 0.997 0.966 0.904 0.817 0.714 0.602 0.491 
0.000 0.000 0.127 0.182 0.252 0.337 0.435 0.544 0.656 0.765 0.861 0.937 0.985 1.000 0.981 0.930 0.851 0.753 0.643 0.531 0.424 0.326 0.243 0.175 0.121 0.000 0.000 0.000 0.000 0.000 0.000 0.000 0.000 0.000 0.136 0.194 0.267 0.355 0.455 0.565 0.677 0.784 0.878 0.948 0.990 0.999 0.974 0.917 0.834 0.733 
0.000 0.000 0.000 0.000 0.119 0.171 0.238 0.321 0.417 0.524 0.637 0.746 0.846 0.926 0.979 1.000 0.987 0.941 0.866 0.771 0.663 0.550 0.442 0.342 0.256 0.185 0.130 0.000 0.000 0.000 0.000 0.000 0.000 0.000 0.000 0.000 0.128 0.183 0.253 0.338 0.437 0.546 0.658 0.767 0.863 0.938 0.985 1.000 0.980 0.929 
0.000 0.000 0.000 0.000 0.000 0.000 0.111 0.161 0.226 0.306 0.400 0.505 0.617 0.728 0.830 0.913 0.972 0.999 0.991 0.951 0.881 0.789 0.682 0.570 0.460 0.359 0.270 0.197 0.138 0.000 0.000 0.000 0.000 0.000 0.000 0.000 0.000 0.000 0.119 0.172 0.240 0.322 0.419 0.526 0.638 0.748 0.847 0.927 0.979 1.000 
0.000 0.000 0.000 0.000 0.000 0.000 0.000 0.000 0.104 0.151 0.213 0.291 0.382 0.486 0.597 0.709 0.813 0.901 0.964 0.996 0.995 0.960 0.895 0.806 0.701 0.590 0.479 0.376 0.285 0.208 0.147 0.101 0.000 0.000 0.000 0.000 0.000 0.000 0.000 0.000 0.112 0.162 0.227 0.307 0.401 0.507 0.619 0.730 0.831 0.915 
0.000 0.000 0.000 0.000 0.000 0.000 0.000 0.000 0.000 0.000 0.000 0.142 0.201 0.276 0.366 0.468 0.578 0.690 0.796 0.887 0.955 0.993 0.998 0.969 0.908 0.823 0.720 0.609 0.498 0.393 0.299 0.221 0.157 0.108 0.000 0.000 0.000 0.000 0.000 0.000 0.000 0.000 0.104 0.152 0.214 0.292 0.384 0.488 0.599 0.711 
0.000 0.000 0.000 0.000 0.000 0.000 0.000 0.000 0.000 0.000 0.000 0.000 0.000 0.133 0.190 0.262 0.349 0.449 0.558 0.671 0.778 0.872 0.945 0.989 0.999 0.976 0.921 0.839 0.739 0.629 0.517 0.410 0.315 0.233 0.167 0.115 0.000 0.000 0.000 0.000 0.000 0.000 0.000 0.000 0.000 0.143 0.203 0.277 0.367 0.469 
0.000 0.000 0.000 0.000 0.000 0.000 0.000 0.000 0.000 0.000 0.000 0.000 0.000 0.000 0.000 0.125 0.179 0.248 0.333 0.431 0.539 0.651 0.760 0.857 0.934 0.983 1.000 0.982 0.932 0.855 0.757 0.648 0.536 0.428 0.330 0.246 0.177 0.123 0.000 0.000 0.000 0.000 0.000 0.000 0.000 0.000 0.000 0.134 0.191 0.263 
0.000 0.000 0.000 0.000 0.000 0.000 0.000 0.000 0.000 0.000 0.000 0.000 0.000 0.000 0.000 0.000 0.000 0.117 0.169 0.235 0.317 0.413 0.520 0.632 0.742 0.842 0.923 0.977 1.000 0.988 0.943 0.870 0.775 0.668 0.555 0.446 0.346 0.260 0.188 0.132 0.000 0.000 0.000 0.000 0.000 0.000 0.000 0.000 0.000 0.125 
0.000 0.000 0.000 0.000 0.000 0.000 0.000 0.000 0.000 0.000 0.000 0.000 0.000 0.000 0.000 0.000 0.000 0.000 0.000 0.109 0.158 0.222 0.302 0.395 0.501 0.612 0.723 0.825 0.910 0.970 0.998 0.992 0.953 0.885 0.793 0.687 0.575 0.465 0.363 0.274 0.200 0.141 0.000 0.000 0.000 0.000 0.000 0.000 0.000 0.000 
0.000 0.000 0.000 0.000 0.000 0.000 0.000 0.000 0.000 0.000 0.000 0.000 0.000 0.000 0.000 0.000 0.000 0.000 0.000 0.000 0.000 0.102 0.149 0.210 0.287 0.378 0.482 0.593 0.704 0.809 0.897 0.962 0.996 0.996 0.962 0.898 0.810 0.706 0.594 0.483 0.380 0.288 0.211 0.150 0.103 0.000 0.000 0.000 0.000 0.000 
# 0 3 3 50
0.325 0.242 0.174 0.121 0.000 0.000 0.000 0.000 0.000 0.000 0.000 0.000 0.000 0.137 0.195 0.268 0.356 0.458 0.567 0.680 0.787 0.880 0.950 0.992 1.000 0.974 0.917 0.833 0.732 0.621 0.509 0.403 0.308 0.228 0.163 0.112 0.000 0.000 0.000 0.000 0.000 0.000 0.000 0.000 0.000 0.000 0.000 0.000 0.000 0.000 
0.280 0.370 0.473 0.583 0.696 0.801 0.891 0.958 0.995 0.998 0.968 0.906 0.820 0.716 0.605 0.493 0.389 0.296 0.218 0.155 0.106 0.000 0.000 0.000 0.000 0.000 0.000 0.000 0.000 0.106 0.155 0.218 0.296 0.389 0.493 0.605 0.716 0.820 0.906 0.968 0.998 0.995 0.958 0.891 0.801 0.696 0.583 0.473 0.370 0.280 
0.000 0.000 0.000 0.000 0.000 0.000 0.000 0.000 0.000 0.000 0.000 0.000 0.000 0.000 0.112 0.163 0.228 0.308 0.403 0.509 0.621 0.732 0.833 0.917 0.974 1.000 0.992 0.950 0.880 0.787 0.680 0.567 0.458 0.356 0.268 0.195 0.137 0.000 0.000 0.000 0.000 0.000 0.000 0.000 0.000 0.000 0.121 0.174 0.242 0.325 
# 0 4 19 50
0.000 0.000 0.000 0.000 0.000 0.000 0.138 0.196 0.269 0.358 0.459 0.569 0.681 0.788 0.880 0.950 0.991 0.999 0.972 0.914 0.831 0.729 0.618 0.507 0.401 0.307 0.226 0.162 0.111 0.000 0.000 0.000 0.000 0.000 0.000 0.000 0.000 0.000 0.000 0.000 0.000 0.000 0.000 0.000 0.000 0.000 0.000 0.000 0.000 0.000 
0.000 0.000 0.000 0.000 0.000 0.000 0.000 0.000 0.108 0.157 0.221 0.300 0.394 0.499 0.610 0.721 0.824 0.909 0.969 0.998 0.993 0.954 0.886 0.795 0.689 0.577 0.467 0.365 0.275 0.201 0.141 0.000 0.000 0.000 0.000 0.000 0.000 0.000 0.000 0.000 0.000 0.000 0.000 0.000 0.000 0.000 0.000 0.000 0.000 0.000 
0.189 0.132 0.000 0.000 0.000 0.000 0.000 0.000 0.000 0.000 0.000 0.125 0.179 0.249 0.333 0.431 0.539 0.652 0.761 0.858 0.934 0.983 1.000 0.982 0.932 0.855 0.757 0.648 0.536 0.428 0.330 0.246 0.177 0.123 0.000 0.000 0.000 0.000 0.000 0.000 0.000 0.000 0.000 0.000 0.000 0.000 0.000 0.000 0.000 0.000 
0.410 0.314 0.233 0.167 0.115 0.000 0.000 0.000 0.000 0.000 0.000 0.000 0.000 0.000 0.143 0.203 0.278 0.368 0.470 0.581 0.693 0.798 0.889 0.956 0.993 0.997 0.967 0.907 0.821 0.718 0.606 0.495 0.390 0.297 0.219 0.156 0.107 0.000 0.000 0.000 0.000 0.000 0.000 0.000 0.000 0.000 0.000 0.000 0.000 0.000 
0.698 0.586 0.476 0.373 0.282 0.207 0.146 0.000 0.000 0.000 0.000 0.000 0.000 0.000 0.000 0.000 0.113 0.163 0.229 0.309 0.404 0.510 0.622 0.733 0.834 0.917 0.974 0.999 0.990 0.948 0.877 0.784 0.677 0.565 0.455 0.355 0.267 0.194 0.136 0.000 0.000 0.000 0.000 0.000 0.000 0.000 0.000 0.000 0.000 0.000 
0.938 0.862 0.766 0.657 0.545 0.437 0.338 0.253 0.182 0.127 0.000 0.000 0.000 0.000 0.000 0.000 0.000 0.000 0.000 0.130 0.186 0.257 0.343 0.442 0.551 0.663 0.771 0.867 0.941 0.987 1.000 0.979 0.925 0.845 0.746 0.636 0.524 0.417 0.321 0.238 0.171 0.118 0.000 0.000 0.000 0.000 0.000 0.000 0.000 0.000 
0.992 0.998 0.971 0.913 0.829 0.727 0.616 0.504 0.399 0.305 0.225 0.160 0.111 0.000 0.000 0.000 0.000 0.000 0.000 0.000 0.000 0.102 0.149 0.210 0.287 0.378 0.481 0.592 0.704 0.809 0.897 0.961 0.996 0.996 0.962 0.899 0.811 0.706 0.595 0.484 0.380 0.288 0.212 0.150 0.103 0.000 0.000 0.000 0.000 0.000 
0.826 0.910 0.970 0.998 0.992 0.953 0.884 0.793 0.687 0.575 0.464 0.363 0.274 0.199 0.140 0.000 0.000 0.000 0.000 0.000 0.000 0.000 0.000 0.000 0.118 0.170 0.237 0.319 0.415 0.522 0.634 0.744 0.843 0.924 0.978 1.000 0.987 0.942 0.869 0.774 0.666 0.553 0.444 0.345 0.258 0.187 0.131 0.000 0.000 0.000 
0.541 0.654 0.763 0.859 0.936 0.984 1.000 0.982 0.931 0.853 0.755 0.646 0.533 0.426 0.328 0.245 0.176 0.122 0.000 0.000 0.000 0.000 0.000 0.000 0.000 0.000 0.000 0.135 0.193 0.265 0.353 0.453 0.563 0.675 0.782 0.876 0.947 0.990 0.999 0.974 0.918 0.836 0.735 0.624 0.512 0.406 0.311 0.230 0.165 0.114 
0.280 0.370 0.472 0.583 0.695 0.800 0.890 0.957 0.994 0.997 0.967 0.905 0.819 0.716 0.604 0.493 0.388 0.296 0.217 0.155 0.106 0.000 0.000 0.000 0.000 0.000 0.000 0.000 0.000 0.106 0.155 0.217 0.296 0.388 0.493 0.604 0.716 0.819 0.905 0.967 0.997 0.994 0.957 0.890 0.800 0.695 0.583 0.472 0.370 0.280 
0.114 0.165 0.230 0.311 0.406 0.512 0.624 0.735 0.836 0.918 0.974 0.999 0.990 0.947 0.876 0.782 0.675 0.563 0.453 0.353 0.265 0.193 0.135 0.000 0.000 0.000 0.000 0.000 0.000 0.000 0.000 0.000 0.122 0.176 0.245 0.328 0.426 0.533 0.646 0.755 0.853 0.931 0.982 1.000 0.984 0.936 0.859 0.763 0.654 0.541 
0.000 0.000 0.000 0.131 0.187 0.258 0.345 0.444 0.553 0.666 0.774 0.869 0.942 0.987 1.000 0.978 0.924 0.843 0.744 0.634 0.522 0.415 0.319 0.237 0.170 0.118 0.000 0.000 0.000 0.000 0.000 0.000 0.000 0.000 0.000 0.140 0.199 0.274 0.363 0.464 0.575 0.687 0.793 0.884 0.953 0.992 0.998 0.970 0.910 0.826 
0.000 0.000 0.000 0.000 0.000 0.103 0.150 0.212 0.288 0.380 0.484 0.595 0.706 0.811 0.899 0.962 0.996 0.996 0.961 0.897 0.809 0.704 0.592 0.481 0.378 0.287 0.210 0.149 0.102 0.000 0.000 0.000 0.000 0.000 0.000 0.000 0.000 0.111 0.160 0.225 0.305 0.399 0.504 0.616 0.727 0.829 0.913 0.971 0.998 0.992 
0.000 0.000 0.000 0.000 0.000 0.000 0.000 0.000 0.118 0.171 0.238 0.321 0.417 0.524 0.636 0.746 0.845 0.925 0.979 1.000 0.987 0.941 0.867 0.771 0.663 0.551 0.442 0.343 0.257 0.186 0.130 0.000 0.000 0.000 0.000 0.000 0.000 0.000 0.000 0.000 0.127 0.182 0.253 0.338 0.437 0.545 0.657 0.766 0.862 0.938 
0.000 0.000 0.000 0.000 0.000 0.000 0.000 0.000 0.000 0.000 0.000 0.136 0.194 0.267 0.355 0.455 0.565 0.677 0.784 0.877 0.948 0.990 0.999 0.974 0.917 0.834 0.733 0.622 0.510 0.404 0.309 0.229 0.163 0.113 0.000 0.000 0.000 0.000 0.000 0.000 0.000 0.000 0.000 0.146 0.207 0.282 0.373 0.476 0.586 0.698 
0.000 0.000 0.000 0.000 0.000 0.000 0.000 0.000 0.000 0.000 0.000 0.000 0.000 0.107 0.156 0.219 0.297 0.390 0.495 0.606 0.718 0.821 0.907 0.967 0.997 0.993 0.956 0.889 0.798 0.693 0.581 0.470 0.368 0.278 0.203 0.143 0.000 0.000 0.000 0.000 0.000 0.000 0.000 0.000 0.000 0.115 0.167 0.233 0.314 0.410 
0.000 0.000 0.000 0.000 0.000 0.000 0.000 0.000 0.000 0.000 0.000 0.000 0.000 0.000 0.000 0.000 0.123 0.177 0.246 0.330 0.428 0.536 0.648 0.757 0.855 0.932 0.982 1.000 0.983 0.934 0.858 0.761 0.652 0.539 0.431 0.333 0.249 0.179 0.125 0.000 0.000 0.000 0.000 0.000 0.000 0.000 0.000 0.000 0.132 0.189 
0.000 0.000 0.000 0.000 0.000 0.000 0.000 0.000 0.000 0.000 0.000 0.000 0.000 0.000 0.000 0.000 0.000 0.000 0.000 0.141 0.201 0.275 0.365 0.467 0.577 0.689 0.795 0.886 0.954 0.993 0.998 0.969 0.909 0.824 0.721 0.610 0.499 0.394 0.300 0.221 0.157 0.108 0.000 0.000 0.000 0.000 0.000 0.000 0.000 0.000 
0.000 0.000 0.000 0.000 0.000 0.000 0.000 0.000 0.000 0.000 0.000 0.000 0.000 0.000 0.000 0.000 0.000 0.000 0.000 0.000 0.000 0.111 0.162 0.226 0.307 0.401 0.507 0.618 0.729 0.831 0.914 0.972 0.999 0.991 0.950 0.880 0.788 0.681 0.569 0.459 0.358 0.269 0.196 0.138 0.000 0.000 0.000 0.000 0.000 0.000 
# 1 0 50 38
-0.397 -0.534 -0.678 -0.814 -0.922 -0.987 -0.997 -0.951 -0.857 -0.729 -0.586 -0.445 -0.318 -0.215 -0.138 0.000 0.000 0.000 0.000 0.000 0.000 0.000 0.000 0.000 0.000 0.000 0.000 0.000 0.000 0.000 0.000 0.000 0.000 0.000 0.000 0.000 0.000 0.000 
-0.466 -0.428 -0.568 -0.712 -0.843 -0.942 -0.994 -0.991 -0.933 -0.829 -0.696 -0.551 -0.412 -0.291 -0.194 -0.123 0.000 0.000 0.000 0.000 0.000 0.000 0.000 0.000 0.000 0.000 0.000 0.000 0.000 0.000 0.000 0.000 0.000 0.000 0.000 0.000 0.000 0.000 
-0.574 -0.434 -0.461 -0.603 -0.746 -0.871 -0.960 -0.999 -0.982 -0.911 -0.799 -0.661 -0.517 -0.381 -0.266 -0.175 -0.109 0.000 0.000 0.000 0.000 0.000 0.000 0.000 0.000 0.000 0.000 0.000 0.000 0.000 0.000 0.000 0.000 0.000 0.000 0.000 0.000 0.000 
-0.684 -0.540 -0.402 -0.494 -0.638 -0.778 -0.896 -0.974 -1.000 -0.969 -0.888 -0.767 -0.627 -0.483 -0.352 -0.242 -0.157 0.000 0.000 0.000 0.000 0.000 0.000 0.000 0.000 0.000 0.000 0.000 0.000 0.000 0.000 0.000 0.000 0.000 0.000 0.000 0.000 0.000 
-0.788 -0.650 -0.505 -0.392 -0.528 -0.673 -0.809 -0.919 -0.985 -0.998 -0.954 -0.862 -0.735 -0.592 -0.450 -0.323 -0.219 -0.140 0.000 0.000 0.000 0.000 0.000 0.000 0.000 0.000 0.000 0.000 0.000 0.000 0.000 0.000 0.000 0.000 0.000 0.000 0.000 0.000 
-0.879 -0.757 -0.615 -0.472 -0.423 -0.563 -0.707 -0.838 -0.939 -0.993 -0.992 -0.936 -0.834 -0.701 -0.557 -0.418 -0.296 -0.198 -0.125 0.000 0.000 0.000 0.000 0.000 0.000 0.000 0.000 0.000 0.000 0.000 0.000 0.000 0.000 0.000 0.000 0.000 0.000 0.000 
-0.948 -0.852 -0.724 -0.580 -0.439 -0.455 -0.597 -0.740 -0.866 -0.957 -0.998 -0.984 -0.915 -0.804 -0.667 -0.523 -0.387 -0.270 -0.178 -0.111 0.000 0.000 0.000 0.000 0.000 0.000 0.000 0.000 0.000 0.000 0.000 0.000 0.000 0.000 0.000 0.000 0.000 0.000 
-0.990 -0.929 -0.824 -0.690 -0.545 -0.407 -0.489 -0.632 -0.773 -0.892 -0.972 -1.000 -0.972 -0.892 -0.773 -0.632 -0.489 -0.357 -0.246 -0.160 0.000 0.000 0.000 0.000 0.000 0.000 0.000 0.000 0.000 0.000 0.000 0.000 0.000 0.000 0.000 0.000 0.000 0.000 
-0.999 -0.980 -0.908 -0.794 -0.655 -0.511 -0.387 -0.522 -0.667 -0.804 -0.915 -0.984 -0.998 -0.957 -0.866 -0.740 -0.597 -0.455 -0.328 -0.223 -0.143 0.000 0.000 0.000 0.000 0.000 0.000 0.000 0.000 0.000 0.000 0.000 0.000 0.000 0.000 0.000 0.000 0.000 
-0.976 -1.000 -0.967 -0.883 -0.762 -0.621 -0.477 -0.418 -0.557 -0.701 -0.834 -0.936 -0.992 -0.993 -0.939 -0.838 -0.707 -0.563 -0.423 -0.300 -0.201 -0.127 0.000 0.000 0.000 0.000 0.000 0.000 0.000 0.000 0.000 0.000 0.000 0.000 0.000 0.000 0.000 0.000 
-0.922 -0.987 -0.997 -0.951 -0.857 -0.729 -0.586 -0.444 -0.450 -0.592 -0.735 -0.862 -0.954 -0.998 -0.985 -0.919 -0.809 -0.673 -0.528 -0.392 -0.274 -0.181 -0.113 0.000 0.000 0.000 0.000 0.000 0.000 0.000 0.000 0.000 0.000 0.000 0.000 0.000 0.000 0.000 
-0.843 -0.942 -0.994 -0.991 -0.933 -0.829 -0.695 -0.551 -0.412 -0.483 -0.626 -0.767 -0.888 -0.969 -1.000 -0.974 -0.896 -0.778 -0.638 -0.494 -0.361 -0.250 -0.163 -0.100 0.000 0.000 0.000 0.000 0.000 0.000 0.000 0.000 0.000 0.000 0.000 0.000 0.000 0.000 
-0.746 -0.871 -0.960 -0.999 -0.982 -0.911 -0.799 -0.661 -0.517 -0.381 -0.517 -0.661 -0.799 -0.911 -0.982 -0.999 -0.960 -0.871 -0.746 -0.603 -0.461 -0.332 -0.226 -0.146 0.000 0.000 0.000 0.000 0.000 0.000 0.000 0.000 0.000 0.000 0.000 0.000 0.000 0.000 
-0.638 -0.778 -0.896 -0.974 -1.000 -0.969 -0.888 -0.767 -0.626 -0.483 -0.412 -0.551 -0.695 -0.829 -0.933 -0.991 -0.994 -0.942 -0.843 -0.712 -0.569 -0.428 -0.305 -0.205 -0.130 0.000 0.000 0.000 0.000 0.000 0.000 0.000 0.000 0.000 0.000 0.000 0.000 0.000 
-0.528 -0.673 -0.809 -0.919 -0.985 -0.998 -0.954 -0.862 -0.735 -0.592 -0.450 -0.444 -0.586 -0.729 -0.857 -0.951 -0.997 -0.987 -0.922 -0.814 -0.678 -0.534 -0.397 -0.278 -0.185 -0.116 0.000 0.000 0.000 0.000 0.000 0.000 0.000 0.000 0.000 0.000 0.000 0.000 
-0.423 -0.563 -0.707 -0.838 -0.939 -0.993 -0.992 -0.936 -0.834 -0.701 -0.557 -0.418 -0.477 -0.621 -0.762 -0.883 -0.967 -1.000 -0.976 -0.900 -0.783 -0.644 -0.500 -0.366 -0.254 -0.166 -0.102 0.000 0.000 0.000 0.000 0.000 0.000 0.000 0.000 0.000 0.000 0.000 
-0.328 -0.455 -0.597 -0.740 -0.866 -0.957 -0.998 -0.984 -0.915 -0.804 -0.667 -0.522 -0.387 -0.511 -0.655 -0.794 -0.908 -0.980 -0.999 -0.962 -0.875 -0.751 -0.609 -0.466 -0.337 -0.230 -0.148 0.000 0.000 0.000 0.000 0.000 0.000 0.000 0.000 0.000 0.000 0.000 
-0.246 -0.357 -0.489 -0.632 -0.773 -0.892 -0.972 -1.000 -0.972 -0.892 -0.773 -0.632 -0.489 -0.407 -0.545 -0.690 -0.824 -0.929 -0.990 -0.995 -0.945 -0.848 -0.718 -0.574 -0.434 -0.309 -0.208 -0.132 0.000 0.000 0.000 0.000 0.000 0.000 0.000 0.000 0.000 0.000 
-0.178 -0.270 -0.387 -0.523 -0.667 -0.804 -0.915 -0.984 -0.998 -0.957 -0.866 -0.740 -0.597 -0.455 -0.439 -0.580 -0.724 -0.852 -0.948 -0.996 -0.988 -0.926 -0.819 -0.684 -0.540 -0.402 -0.283 -0.188 -0.118 0.000 0.000 0.000 0.000 0.000 0.000 0.000 0.000 0.000 
-0.125 -0.198 -0.296 -0.418 -0.557 -0.701 -0.834 -0.936 -0.992 -0.993 -0.939 -0.838 -0.707 -0.563 -0.423 -0.472 -0.615 -0.757 -0.879 -0.965 -1.000 -0.978 -0.904 -0.789 -0.650 -0.505 -0.371 -0.258 -0.169 -0.104 0.000 0.000 0.000 0.000 0.000 0.000 0.000 0.000 
0.000 -0.140 -0.219 -0.323 -0.450 -0.592 -0.735 -0.862 -0.954 -0.998 -0.985 -0.919 -0.809 -0.673 -0.528 -0.392 -0.505 -0.650 -0.788 -0.904 -0.978 -1.000 -0.965 -0.879 -0.757 -0.615 -0.472 -0.342 -0.234 -0.151 0.000 0.000 0.000 0.000 0.000 0.000 0.000 0.000 
0.000 0.000 -0.157 -0.242 -0.352 -0.483 -0.627 -0.767 -0.888 -0.969 -1.000 -0.974 -0.896 -0.778 -0.638 -0.494 -0.402 -0.540 -0.684 -0.819 -0.926 -0.988 -0.996 -0.948 -0.853 -0.724 -0.580 -0.439 -0.314 -0.212 -0.135 0.000 0.000 0.000 0.000 0.000 0.000 0.000 
0.000 0.000 -0.109 -0.175 -0.266 -0.381 -0.517 -0.661 -0.799 -0.911 -0.982 -0.999 -0.960 -0.871 -0.746 -0.603 -0.461 -0.434 -0.574 -0.718 -0.848 -0.945 -0.995 -0.990 -0.929 -0.824 -0.690 -0.545 -0.407 -0.287 -0.191 -0.120 0.000 0.000 0.000 0.000 0.000 0.000 
0.000 0.000 0.000 -0.123 -0.194 -0.291 -0.412 -0.551 -0.696 -0.829 -0.933 -0.991 -0.994 -0.942 -0.843 -0.712 -0.568 -0.428 -0.466 -0.609 -0.751 -0.875 -0.962 -0.999 -0.980 -0.908 -0.794 -0.655 -0.511 -0.376 -0.262 -0.172 -0.107 0.000 0.000 0.000 0.000 0.000 
0.000 0.000 0.000 0.000 -0.138 -0.215 -0.318 -0.445 -0.586 -0.729 -0.857 -0.951 -0.997 -0.987 -0.922 -0.814 -0.678 -0.534 -0.397 -0.500 -0.644 -0.783 -0.900 -0.976 -1.000 -0.967 -0.883 -0.762 -0.621 -0.477 -0.347 -0.238 -0.154 0.000 0.000 0.000 0.000 0.000 
0.000 0.000 0.000 0.000 0.000 -0.154 -0.238 -0.347 -0.477 -0.621 -0.762 -0.883 -0.967 -1.000 -0.976 -0.900 -0.783 -0.644 -0.500 -0.397 -0.534 -0.678 -0.814 -0.922 -0.987 -0.997 -0.951 -0.857 -0.729 -0.586 -0.445 -0.318 -0.215 -0.138 0.000 0.000 0.000 0.000 
0.000 0.000 0.000 0.000 0.000 -0.107 -0.172 -0.262 -0.376 -0.511 -0.655 -0.794 -0.908 -0.980 -0.999 -0.962 -0.875 -0.751 -0.609 -0.466 -0.428 -0.568 -0.712 -0.843 -0.942 -0.994 -0.991 -0.933 -0.829 -0.696 -0.551 -0.412 -0.291 -0.194 -0.123 0.000 0.000 0.000 
0.000 0.000 0.000 0.000 0.000 0.000 -0.120 -0.191 -0.287 -0.407 -0.545 -0.690 -0.824 -0.929 -0.990 -0.995 -0.945 -0.848 -0.718 -0.574 -0.434 -0.461 -0.603 -0.746 -0.871 -0.960 -0.999 -0.982 -0.911 -0.799 -0.661 -0.517 -0.381 -0.266 -0.175 -0.109 0.000 0.000 
0.000 0.000 0.000 0.000 0.000 0.000 0.000 -0.135 -0.212 -0.314 -0.439 -0.580 -0.724 -0.853 -0.948 -0.996 -0.988 -0.926 -0.819 -0.684 -0.540 -0.402 -0.494 -0.638 -0.778 -0.896 -0.974 -1.000 -0.969 -0.888 -0.767 -0.627 -0.483 -0.352 -0.242 -0.157 0.000 0.000 
0.000 0.000 0.000 0.000 0.000 0.000 0.000 0.000 -0.151 -0.234 -0.342 -0.472 -0.615 -0.757 -0.879 -0.965 -1.000 -0.978 -0.904 -0.788 -0.650 -0.505 -0.392 -0.528 -0.673 -0.809 -0.919 -0.985 -0.998 -0.954 -0.862 -0.735 -0.592 -0.450 -0.323 -0.219 -0.140 0.000 
0.000 0.000 0.000 0.000 0.000 0.000 0.000 0.000 -0.104 -0.169 -0.258 -0.371 -0.505 -0.650 -0.789 -0.904 -0.978 -1.000 -0.965 -0.879 -0.757 -0.615 -0.472 -0.423 -0.563 -0.707 -0.838 -0.939 -0.993 -0.992 -0.936 -0.834 -0.701 -0.557 -0.418 -0.296 -0.198 -0.125 
0.000 0.000 0.000 0.000 0.000 0.000 0.000 0.000 0.000 -0.118 -0.188 -0.283 -0.402 -0.540 -0.684 -0.819 -0.926 -0.988 -0.996 -0.948 -0.852 -0.724 -0.580 -0.439 -0.455 -0.597 -0.740 -0.866 -0.957 -0.998 -0.984 -0.915 -0.804 -0.667 -0.523 -0.387 -0.270 -0.178 
0.000 0.000 0.000 0.000 0.000 0.000 0.000 0.000 0.000 0.000 -0.132 -0.208 -0.309 -0.434 -0.574 -0.718 -0.848 -0.945 -0.995 -0.990 -0.929 -0.824 -0.690 -0.545 -0.407 -0.489 -0.632 -0.773 -0.892 -0.972 -1.000 -0.972 -0.892 -0.773 -0.632 -0.489 -0.357 -0.246 
0.000 0.000 0.000 0.000 0.000 0.000 0.000 0.000 0.000 0.000 0.000 -0.148 -0.230 -0.337 -0.466 -0.609 -0.751 -0.875 -0.962 -0.999 -0.980 -0.908 -0.794 -0.655 -0.511 -0.387 -0.522 -0.667 -0.804 -0.915 -0.984 -0.998 -0.957 -0.866 -0.740 -0.597 -0.455 -0.328 
0.000 0.000 0.000 0.000 0.000 0.000 0.000 0.000 0.000 0.000 0.000 -0.102 -0.166 -0.254 -0.366 -0.500 -0.644 -0.783 -0.900 -0.976 -1.000 -0.967 -0.883 -0.762 -0.621 -0.477 -0.418 -0.557 -0.701 -0.834 -0.936 -0.992 -0.993 -0.939 -0.838 -0.707 -0.563 -0.423 
0.000 0.000 0.000 0.000 0.000 0.000 0.000 0.000 0.000 0.000 0.000 0.000 -0.116 -0.185 -0.278 -0.397 -0.534 -0.678 -0.814 -0.922 -0.987 -0.997 -0.951 -0.857 -0.729 -0.586 -0.444 -0.450 -0.592 -0.735 -0.862 -0.954 -0.998 -0.985 -0.919 -0.809 -0.673 -0.528 
0.000 0.000 0.000 0.000 0.000 0.000 0.000 0.000 0.000 0.000 0.000 0.000 0.000 -0.130 -0.205 -0.305 -0.428 -0.569 -0.712 -0.843 -0.942 -0.994 -0.991 -0.933 -0.829 -0.695 -0.551 -0.412 -0.483 -0.626 -0.767 -0.888 -0.969 -1.000 -0.974 -0.896 -0.778 -0.638 
0.000 0.000 0.000 0.000 0.000 0.000 0.000 0.000 0.000 0.000 0.000 0.000 0.000 0.000 -0.146 -0.226 -0.332 -0.461 -0.603 -0.746 -0.871 -0.960 -0.999 -0.982 -0.911 -0.799 -0.661 -0.517 -0.381 -0.517 -0.661 -0.799 -0.911 -0.982 -0.999 -0.960 -0.871 -0.746 
0.000 0.000 0.000 0.000 0.000 0.000 0.000 0.000 0.000 0.000 0.000 0.000 0.000 0.000 -0.100 -0.163 -0.250 -0.361 -0.494 -0.638 -0.778 -0.896 -0.974 -1.000 -0.969 -0.888 -0.767 -0.626 -0.483 -0.412 -0.551 -0.695 -0.829 -0.933 -0.991 -0.994 -0.942 -0.843 
0.000 0.000 0.000 0.000 0.000 0.000 0.000 0.000 0.000 0.000 0.000 0.000 0.000 0.000 0.000 -0.113 -0.181 -0.274 -0.392 -0.528 -0.673 -0.809 -0.919 -0.985 -0.998 -0.954 -0.862 -0.735 -0.592 -0.450 -0.444 -0.586 -0.729 -0.857 -0.951 -0.997 -0.987 -0.922 
0.000 0.000 0.000 0.000 0.000 0.000 0.000 0.000 0.000 0.000 0.000 0.000 0.000 0.000 0.000 0.000 -0.127 -0.201 -0.300 -0.423 -0.563 -0.707 -0.838 -0.939 -0.993 -0.992 -0.936 -0.834 -0.701 -0.557 -0.418 -0.477 -0.621 -0.762 -0.883 -0.967 -1.000 -0.976 
0.000 0.000 0.000 0.000 0.000 0.000 0.000 0.000 0.000 0.000 0.000 0.000 0.000 0.000 0.000 0.000 0.000 -0.143 -0.223 -0.328 -0.455 -0.597 -0.740 -0.866 -0.957 -0.998 -0.984 -0.915 -0.804 -0.667 -0.522 -0.387 -0.511 -0.655 -0.794 -0.908 -0.980 -0.999 
0.000 0.000 0.000 0.000 0.000 0.000 0.000 0.000 0.000 0.000 0.000 0.000 0.000 0.000 0.000 0.000 0.000 0.000 -0.160 -0.246 -0.357 -0.489 -0.632 -0.773 -0.892 -0.972 -1.000 -0.972 -0.892 -0.773 -0.632 -0.489 -0.407 -0.545 -0.690 -0.824 -0.929 -0.990 
0.000 0.000 0.000 0.000 0.000 0.000 0.000 0.000 0.000 0.000 0.000 0.000 0.000 0.000 0.000 0.000 0.000 0.000 -0.111 -0.178 -0.270 -0.387 -0.523 -0.667 -0.804 -0.915 -0.984 -0.998 -0.957 -0.866 -0.740 -0.597 -0.455 -0.439 -0.580 -0.724 -0.852 -0.948 
0.000 0.000 0.000 0.000 0.000 0.000 0.000 0.000 0.000 0.000 0.000 0.000 0.000 0.000 0.000 0.000 0.000 0.000 0.000 -0.125 -0.198 -0.296 -0.418 -0.557 -0.701 -0.834 -0.936 -0.992 -0.993 -0.939 -0.838 -0.707 -0.563 -0.423 -0.472 -0.615 -0.757 -0.879 
0.000 0.000 0.000 0.000 0.000 0.000 0.000 0.000 0.000 0.000 0.000 0.000 0.000 0.000 0.000 0.000 0.000 0.000 0.000 0.000 -0.140 -0.219 -0.323 -0.450 -0.592 -0.735 -0.862 -0.954 -0.998 -0.985 -0.919 -0.809 -0.673 -0.528 -0.392 -0.505 -0.650 -0.788 
0.000 0.000 0.000 0.000 0.000 0.000 0.000 0.000 0.000 0.000 0.000 0.000 0.000 0.000 0.000 0.000 0.000 0.000 0.000 0.000 0.000 -0.157 -0.242 -0.352 -0.483 -0.627 -0.767 -0.888 -0.969 -1.000 -0.974 -0.896 -0.778 -0.638 -0.494 -0.402 -0.540 -0.684 
0.000 0.000 0.000 0.000 0.000 0.000 0.000 0.000 0.000 0.000 0.000 0.000 0.000 0.000 0.000 0.000 0.000 0.000 0.000 0.000 0.000 -0.109 -0.175 -0.266 -0.381 -0.517 -0.661 -0.799 -0.911 -0.982 -0.999 -0.960 -0.871 -0.746 -0.603 -0.461 -0.434 -0.574 
0.000 0.000 0.000 0.000 0.000 0.000 0.000 0.000 0.000 0.000 0.000 0.000 0.000 0.000 0.000 0.000 0.000 0.000 0.000 0.000 0.000 0.000 -0.123 -0.194 -0.291 -0.412 -0.551 -0.696 -0.829 -0.933 -0.991 -0.994 -0.942 -0.843 -0.712 -0.568 -0.428 -0.466 
0.000 0.000 0.000 0.000 0.000 0.000 0.000 0.000 0.000 0.000 0.000 0.000 0.000 0.000 0.000 0.000 0.000 0.000 0.000 0.000 0.000 0.000 0.000 -0.138 -0.215 -0.318 -0.445 -0.586 -0.729 -0.857 -0.951 -0.997 -0.987 -0.922 -0.814 -0.678 -0.534 -0.397 
# 1 2 23 38
-0.424 -0.471 -0.614 -0.756 -0.879 -0.964 -1.000 -0.978 -0.904 -0.789 -0.651 -0.506 -0.372 -0.258 -0.169 -0.105 0.000 0.000 0.000 0.000 0.000 0.000 0.000 0.000 0.000 0.000 0.000 0.000 0.000 0.000 0.000 0.000 0.000 0.000 0.000 0.000 0.000 0.000 
-0.658 -0.514 -0.384 -0.520 -0.664 -0.802 -0.913 -0.983 -0.999 -0.958 -0.868 -0.743 -0.600 -0.458 -0.330 -0.224 -0.144 0.000 0.000 0.000 0.000 0.000 0.000 0.000 0.000 0.000 0.000 0.000 0.000 0.000 0.000 0.000 0.000 0.000 0.000 0.000 0.000 0.000 
-0.874 -0.750 -0.608 -0.465 -0.430 -0.570 -0.714 -0.844 -0.943 -0.995 -0.991 -0.932 -0.828 -0.694 -0.550 -0.411 -0.290 -0.194 -0.122 0.000 0.000 0.000 0.000 0.000 0.000 0.000 0.000 0.000 0.000 0.000 0.000 0.000 0.000 0.000 0.000 0.000 0.000 0.000 
-0.992 -0.936 -0.834 -0.702 -0.557 -0.418 -0.477 -0.620 -0.762 -0.883 -0.967 -1.000 -0.976 -0.900 -0.784 -0.644 -0.500 -0.367 -0.254 -0.166 -0.102 0.000 0.000 0.000 0.000 0.000 0.000 0.000 0.000 0.000 0.000 0.000 0.000 0.000 0.000 0.000 0.000 0.000 
-0.964 -0.999 -0.979 -0.905 -0.790 -0.652 -0.508 -0.390 -0.526 -0.671 -0.807 -0.917 -0.985 -0.998 -0.955 -0.863 -0.737 -0.594 -0.452 -0.325 -0.220 -0.141 0.000 0.000 0.000 0.000 0.000 0.000 0.000 0.000 0.000 0.000 0.000 0.000 0.000 0.000 0.000 0.000 
-0.801 -0.913 -0.982 -0.999 -0.959 -0.869 -0.744 -0.601 -0.459 -0.435 -0.576 -0.720 -0.849 -0.946 -0.996 -0.989 -0.928 -0.822 -0.688 -0.544 -0.406 -0.286 -0.190 -0.119 0.000 0.000 0.000 0.000 0.000 0.000 0.000 0.000 0.000 0.000 0.000 0.000 0.000 0.000 
-0.569 -0.713 -0.843 -0.942 -0.994 -0.991 -0.933 -0.829 -0.695 -0.551 -0.412 -0.483 -0.627 -0.767 -0.888 -0.970 -1.000 -0.974 -0.896 -0.778 -0.638 -0.494 -0.361 -0.250 -0.163 -0.100 0.000 0.000 0.000 0.000 0.000 0.000 0.000 0.000 0.000 0.000 0.000 0.000 
-0.345 -0.476 -0.619 -0.761 -0.882 -0.966 -1.000 -0.977 -0.901 -0.785 -0.645 -0.501 -0.395 -0.532 -0.677 -0.813 -0.921 -0.986 -0.997 -0.952 -0.858 -0.731 -0.588 -0.446 -0.320 -0.216 -0.138 0.000 0.000 0.000 0.000 0.000 0.000 0.000 0.000 0.000 0.000 0.000 
-0.179 -0.272 -0.389 -0.525 -0.669 -0.806 -0.917 -0.984 -0.998 -0.956 -0.864 -0.738 -0.595 -0.453 -0.441 -0.582 -0.726 -0.854 -0.950 -0.997 -0.988 -0.924 -0.817 -0.682 -0.537 -0.400 -0.281 -0.186 -0.117 0.000 0.000 0.000 0.000 0.000 0.000 0.000 0.000 0.000 
0.000 -0.133 -0.209 -0.310 -0.434 -0.575 -0.719 -0.848 -0.946 -0.996 -0.990 -0.929 -0.823 -0.689 -0.545 -0.407 -0.489 -0.633 -0.773 -0.892 -0.972 -1.000 -0.972 -0.891 -0.772 -0.632 -0.488 -0.356 -0.245 -0.160 0.000 0.000 0.000 0.000 0.000 0.000 0.000 0.000 
0.000 0.000 0.000 -0.156 -0.241 -0.351 -0.482 -0.625 -0.766 -0.887 -0.969 -1.000 -0.974 -0.897 -0.779 -0.639 -0.495 -0.401 -0.539 -0.683 -0.818 -0.925 -0.988 -0.996 -0.949 -0.853 -0.725 -0.581 -0.440 -0.315 -0.213 -0.136 0.000 0.000 0.000 0.000 0.000 0.000 
0.000 0.000 0.000 0.000 -0.114 -0.183 -0.276 -0.394 -0.531 -0.676 -0.812 -0.921 -0.986 -0.997 -0.953 -0.859 -0.732 -0.589 -0.447 -0.447 -0.589 -0.732 -0.859 -0.953 -0.997 -0.986 -0.921 -0.812 -0.676 -0.531 -0.394 -0.276 -0.183 -0.114 0.000 0.000 0.000 0.000 
0.000 0.000 0.000 0.000 0.000 0.000 -0.136 -0.213 -0.315 -0.440 -0.581 -0.725 -0.853 -0.949 -0.996 -0.988 -0.925 -0.818 -0.683 -0.539 -0.401 -0.495 -0.639 -0.779 -0.897 -0.974 -1.000 -0.969 -0.887 -0.766 -0.625 -0.482 -0.351 -0.241 -0.156 0.000 0.000 0.000 
0.000 0.000 0.000 0.000 0.000 0.000 0.000 0.000 -0.160 -0.245 -0.356 -0.488 -0.632 -0.772 -0.891 -0.972 -1.000 -0.972 -0.892 -0.773 -0.633 -0.489 -0.407 -0.545 -0.689 -0.823 -0.929 -0.990 -0.996 -0.946 -0.848 -0.719 -0.575 -0.434 -0.310 -0.209 -0.133 0.000 
0.000 0.000 0.000 0.000 0.000 0.000 0.000 0.000 0.000 -0.117 -0.186 -0.281 -0.400 -0.537 -0.682 -0.817 -0.924 -0.988 -0.997 -0.950 -0.854 -0.726 -0.582 -0.441 -0.453 -0.595 -0.738 -0.864 -0.956 -0.998 -0.984 -0.917 -0.806 -0.669 -0.525 -0.389 -0.272 -0.179 
0.000 0.000 0.000 0.000 0.000 0.000 0.000 0.000 0.000 0.000 0.000 -0.138 -0.216 -0.320 -0.446 -0.588 -0.731 -0.858 -0.952 -0.997 -0.986 -0.921 -0.813 -0.677 -0.532 -0.395 -0.501 -0.645 -0.785 -0.901 -0.977 -1.000 -0.966 -0.882 -0.761 -0.619 -0.476 -0.345 
0.000 0.000 0.000 0.000 0.000 0.000 0.000 0.000 0.000 0.000 0.000 0.000 -0.100 -0.163 -0.250 -0.361 -0.494 -0.638 -0.778 -0.896 -0.974 -1.000 -0.970 -0.888 -0.767 -0.627 -0.483 -0.412 -0.551 -0.695 -0.829 -0.933 -0.991 -0.994 -0.942 -0.843 -0.713 -0.569 
0.000 0.000 0.000 0.000 0.000 0.000 0.000 0.000 0.000 0.000 0.000 0.000 0.000 0.000 -0.119 -0.190 -0.286 -0.406 -0.544 -0.688 -0.822 -0.928 -0.989 -0.996 -0.946 -0.849 -0.720 -0.576 -0.435 -0.459 -0.601 -0.744 -0.869 -0.959 -0.999 -0.982 -0.913 -0.801 
0.000 0.000 0.000 0.000 0.000 0.000 0.000 0.000 0.000 0.000 0.000 0.000 0.000 0.000 0.000 0.000 -0.141 -0.220 -0.325 -0.452 -0.594 -0.737 -0.863 -0.955 -0.998 -0.985 -0.917 -0.807 -0.671 -0.526 -0.390 -0.508 -0.652 -0.790 -0.905 -0.979 -0.999 -0.964 
0.000 0.000 0.000 0.000 0.000 0.000 0.000 0.000 0.000 0.000 0.000 0.000 0.000 0.000 0.000 0.000 0.000 -0.102 -0.166 -0.254 -0.367 -0.500 -0.644 -0.784 -0.900 -0.976 -1.000 -0.967 -0.883 -0.762 -0.620 -0.477 -0.418 -0.557 -0.702 -0.834 -0.936 -0.992 
0.000 0.000 0.000 0.000 0.000 0.000 0.000 0.000 0.000 0.000 0.000 0.000 0.000 0.000 0.000 0.000 0.000 0.000 0.000 -0.122 -0.194 -0.290 -0.411 -0.550 -0.694 -0.828 -0.932 -0.991 -0.995 -0.943 -0.844 -0.714 -0.570 -0.430 -0.465 -0.608 -0.750 -0.874 
0.000 0.000 0.000 0.000 0.000 0.000 0.000 0.000 0.000 0.000 0.000 0.000 0.000 0.000 0.000 0.000 0.000 0.000 0.000 0.000 0.000 -0.144 -0.224 -0.330 -0.458 -0.600 -0.743 -0.868 -0.958 -0.999 -0.983 -0.913 -0.802 -0.664 -0.520 -0.384 -0.514 -0.658 
0.000 0.000 0.000 0.000 0.000 0.000 0.000 0.000 0.000 0.000 0.000 0.000 0.000 0.000 0.000 0.000 0.000 0.000 0.000 0.000 0.000 0.000 -0.105 -0.169 -0.258 -0.372 -0.506 -0.651 -0.789 -0.904 -0.978 -1.000 -0.964 -0.879 -0.756 -0.614 -0.471 -0.424 
# 1 3 3 38
-1.000 -0.974 -0.895 -0.777 -0.637 -0.493 -0.403 -0.541 -0.685 -0.820 -0.926 -0.989 -0.996 -0.948 -0.852 -0.723 -0.579 -0.438 -0.313 -0.211 -0.135 0.000 0.000 0.000 0.000 0.000 0.000 0.000 0.000 0.000 0.000 0.000 0.000 0.000 0.000 0.000 0.000 0.000 
0.000 0.000 0.000 0.000 -0.114 -0.183 -0.276 -0.394 -0.531 -0.676 -0.812 -0.921 -0.986 -0.997 -0.953 -0.859 -0.732 -0.589 -0.447 -0.447 -0.589 -0.732 -0.859 -0.953 -0.997 -0.986 -0.921 -0.812 -0.676 -0.531 -0.394 -0.276 -0.183 -0.114 0.000 0.000 0.000 0.000 
0.000 0.000 0.000 0.000 0.000 0.000 0.000 0.000 0.000 0.000 0.000 0.000 0.000 0.000 0.000 0.000 0.000 -0.135 -0.211 -0.313 -0.438 -0.579 -0.723 -0.852 -0.948 -0.996 -0.989 -0.926 -0.820 -0.685 -0.541 -0.403 -0.493 -0.637 -0.777 -0.895 -0.974 -1.000 
# 2 0 50 23
-0.275 -0.452 -0.658 -0.850 -0.975 -0.993 -0.898 -0.720 -0.513 -0.324 -0.182 0.000 0.000 0.000 0.000 0.000 0.000 0.000 0.000 0.000 0.000 0.000 0.000 
-0.263 -0.365 -0.562 -0.767 -0.929 -0.999 -0.954 -0.809 -0.609 -0.407 -0.241 -0.127 0.000 0.000 0.000 0.000 0.000 0.000 0.000 0.000 0.000 0.000 0.000 
-0.337 -0.288 -0.468 -0.674 -0.863 -0.981 -0.989 -0.886 -0.704 -0.497 -0.311 -0.173 0.000 0.000 0.000 0.000 0.000 0.000 0.000 0.000 0.000 0.000 0.000 
-0.421 -0.252 -0.380 -0.578 -0.782 -0.938 -1.000 -0.946 -0.794 -0.592 -0.392 -0.230 -0.120 0.000 0.000 0.000 0.000 0.000 0.000 0.000 0.000 0.000 0.000 
-0.512 -0.324 -0.301 -0.484 -0.691 -0.876 -0.986 -0.985 -0.873 -0.688 -0.481 -0.298 -0.164 0.000 0.000 0.000 0.000 0.000 0.000 0.000 0.000 0.000 0.000 
-0.607 -0.406 -0.240 -0.394 -0.595 -0.797 -0.947 -1.000 -0.937 -0.779 -0.575 -0.377 -0.219 -0.113 0.000 0.000 0.000 0.000 0.000 0.000 0.000 0.000 0.000 
-0.703 -0.496 -0.310 -0.314 -0.500 -0.707 -0.888 -0.990 -0.980 -0.861 -0.671 -0.465 -0.286 -0.156 0.000 0.000 0.000 0.000 0.000 0.000 0.000 0.000 0.000 
-0.793 -0.591 -0.391 -0.243 -0.409 -0.612 -0.811 -0.956 -0.999 -0.927 -0.764 -0.558 -0.363 -0.209 -0.107 0.000 0.000 0.000 0.000 0.000 0.000 0.000 0.000 
-0.873 -0.687 -0.480 -0.297 -0.327 -0.516 -0.723 -0.900 -0.993 -0.974 -0.847 -0.655 -0.449 -0.273 -0.148 0.000 0.000 0.000 0.000 0.000 0.000 0.000 0.000 
-0.936 -0.778 -0.574 -0.376 -0.255 -0.425 -0.628 -0.826 -0.963 -0.997 -0.917 -0.748 -0.542 -0.348 -0.199 -0.101 0.000 0.000 0.000 0.000 0.000 0.000 0.000 
-0.979 -0.860 -0.670 -0.464 -0.285 -0.341 -0.532 -0.739 -0.911 -0.996 -0.967 -0.834 -0.638 -0.433 -0.261 -0.140 0.000 0.000 0.000 0.000 0.000 0.000 0.000 
-0.999 -0.926 -0.763 -0.557 -0.362 -0.266 -0.440 -0.645 -0.840 -0.970 -0.995 -0.906 -0.732 -0.525 -0.335 -0.189 0.000 0.000 0.000 0.000 0.000 0.000 0.000 
-0.994 -0.973 -0.846 -0.653 -0.448 -0.272 -0.354 -0.549 -0.755 -0.921 -0.998 -0.960 -0.820 -0.621 -0.418 -0.250 -0.132 0.000 0.000 0.000 0.000 0.000 0.000 
-0.964 -0.997 -0.916 -0.747 -0.541 -0.347 -0.278 -0.456 -0.662 -0.853 -0.976 -0.992 -0.895 -0.716 -0.509 -0.321 -0.180 0.000 0.000 0.000 0.000 0.000 0.000 
-0.912 -0.996 -0.967 -0.833 -0.637 -0.432 -0.260 -0.369 -0.566 -0.770 -0.931 -0.999 -0.952 -0.805 -0.604 -0.403 -0.238 -0.125 0.000 0.000 0.000 0.000 0.000 
-0.841 -0.971 -0.995 -0.905 -0.731 -0.524 -0.334 -0.291 -0.472 -0.678 -0.866 -0.982 -0.988 -0.883 -0.700 -0.493 -0.308 -0.171 0.000 0.000 0.000 0.000 0.000 
-0.756 -0.922 -0.998 -0.960 -0.819 -0.620 -0.417 -0.249 -0.383 -0.582 -0.786 -0.941 -1.000 -0.944 -0.790 -0.588 -0.388 -0.227 -0.118 0.000 0.000 0.000 0.000 
-0.663 -0.854 -0.977 -0.992 -0.894 -0.715 -0.508 -0.320 -0.304 -0.488 -0.695 -0.879 -0.987 -0.984 -0.870 -0.684 -0.477 -0.295 -0.162 0.000 0.000 0.000 0.000 
-0.567 -0.771 -0.932 -1.000 -0.952 -0.804 -0.603 -0.402 -0.237 -0.398 -0.599 -0.801 -0.950 -1.000 -0.934 -0.775 -0.571 -0.373 -0.217 -0.112 0.000 0.000 0.000 
-0.473 -0.679 -0.867 -0.982 -0.988 -0.882 -0.699 -0.492 -0.307 -0.317 -0.504 -0.711 -0.891 -0.991 -0.978 -0.857 -0.667 -0.461 -0.282 -0.154 0.000 0.000 0.000 
-0.384 -0.584 -0.787 -0.941 -1.000 -0.943 -0.789 -0.587 -0.387 -0.246 -0.413 -0.616 -0.815 -0.958 -0.999 -0.925 -0.760 -0.554 -0.359 -0.206 -0.105 0.000 0.000 
-0.305 -0.489 -0.696 -0.880 -0.987 -0.983 -0.869 -0.682 -0.476 -0.294 -0.330 -0.520 -0.727 -0.902 -0.994 -0.972 -0.844 -0.650 -0.445 -0.270 -0.146 0.000 0.000 
-0.235 -0.399 -0.600 -0.802 -0.950 -1.000 -0.934 -0.774 -0.570 -0.372 -0.257 -0.428 -0.633 -0.829 -0.965 -0.997 -0.914 -0.744 -0.538 -0.345 -0.196 0.000 0.000 
-0.178 -0.318 -0.505 -0.712 -0.892 -0.991 -0.978 -0.856 -0.666 -0.460 -0.282 -0.344 -0.537 -0.743 -0.913 -0.997 -0.966 -0.830 -0.634 -0.429 -0.258 -0.138 0.000 
-0.130 -0.247 -0.414 -0.617 -0.816 -0.958 -0.999 -0.924 -0.759 -0.553 -0.358 -0.269 -0.444 -0.649 -0.843 -0.972 -0.994 -0.903 -0.728 -0.521 -0.331 -0.187 0.000 
0.000 -0.187 -0.331 -0.521 -0.728 -0.903 -0.994 -0.972 -0.843 -0.649 -0.444 -0.269 -0.358 -0.553 -0.759 -0.924 -0.999 -0.958 -0.816 -0.617 -0.414 -0.247 -0.130 
0.000 -0.138 -0.258 -0.429 -0.634 -0.830 -0.966 -0.997 -0.913 -0.743 -0.537 -0.344 -0.282 -0.460 -0.666 -0.856 -0.978 -0.991 -0.892 -0.712 -0.505 -0.318 -0.178 
0.000 0.000 -0.196 -0.345 -0.538 -0.744 -0.914 -0.997 -0.965 -0.829 -0.633 -0.428 -0.257 -0.372 -0.570 -0.774 -0.934 -1.000 -0.950 -0.802 -0.600 -0.399 -0.235 
0.000 0.000 -0.146 -0.270 -0.445 -0.650 -0.844 -0.972 -0.994 -0.902 -0.727 -0.520 -0.330 -0.294 -0.476 -0.682 -0.869 -0.983 -0.987 -0.880 -0.696 -0.489 -0.305 
0.000 0.000 -0.105 -0.206 -0.359 -0.554 -0.760 -0.925 -0.999 -0.958 -0.815 -0.616 -0.413 -0.246 -0.387 -0.587 -0.789 -0.943 -1.000 -0.941 -0.787 -0.584 -0.384 
0.000 0.000 0.000 -0.154 -0.282 -0.461 -0.667 -0.857 -0.978 -0.991 -0.891 -0.711 -0.504 -0.317 -0.307 -0.492 -0.699 -0.882 -0.988 -0.982 -0.867 -0.679 -0.473 
0.000 0.000 0.000 -0.112 -0.217 -0.373 -0.571 -0.775 -0.934 -1.000 -0.950 -0.801 -0.599 -0.398 -0.237 -0.402 -0.603 -0.804 -0.952 -1.000 -0.932 -0.771 -0.567 
0.000 0.000 0.000 0.000 -0.162 -0.295 -0.477 -0.684 -0.870 -0.984 -0.987 -0.879 -0.695 -0.488 -0.304 -0.320 -0.508 -0.715 -0.894 -0.992 -0.977 -0.854 -0.663 
0.000 0.000 0.000 0.000 -0.118 -0.227 -0.388 -0.588 -0.790 -0.944 -1.000 -0.941 -0.786 -0.582 -0.383 -0.249 -0.417 -0.620 -0.819 -0.960 -0.998 -0.922 -0.756 
0.000 0.000 0.000 0.000 0.000 -0.171 -0.308 -0.493 -0.700 -0.883 -0.988 -0.982 -0.866 -0.678 -0.472 -0.291 -0.334 -0.524 -0.731 -0.905 -0.995 -0.971 -0.841 
0.000 0.000 0.000 0.000 0.000 -0.125 -0.238 -0.403 -0.604 -0.805 -0.952 -0.999 -0.931 -0.770 -0.566 -0.369 -0.260 -0.432 -0.637 -0.833 -0.967 -0.996 -0.912 
0.000 0.000 0.000 0.000 0.000 0.000 -0.180 -0.321 -0.509 -0.716 -0.895 -0.992 -0.976 -0.853 -0.662 -0.456 -0.278 -0.347 -0.541 -0.747 -0.916 -0.997 -0.964 
0.000 0.000 0.000 0.000 0.000 0.000 -0.132 -0.250 -0.418 -0.621 -0.820 -0.960 -0.998 -0.921 -0.755 -0.549 -0.354 -0.272 -0.448 -0.653 -0.846 -0.973 -0.994 
0.000 0.000 0.000 0.000 0.000 0.000 0.000 -0.189 -0.335 -0.525 -0.732 -0.906 -0.995 -0.970 -0.840 -0.645 -0.440 -0.266 -0.362 -0.557 -0.763 -0.926 -0.999 
0.000 0.000 0.000 0.000 0.000 0.000 0.000 -0.140 -0.261 -0.433 -0.638 -0.834 -0.967 -0.996 -0.911 -0.739 -0.532 -0.341 -0.285 -0.464 -0.670 -0.860 -0.979 
0.000 0.000 0.000 0.000 0.000 0.000 0.000 -0.101 -0.199 -0.348 -0.542 -0.748 -0.917 -0.997 -0.963 -0.826 -0.628 -0.425 -0.255 -0.376 -0.574 -0.778 -0.936 
0.000 0.000 0.000 0.000 0.000 0.000 0.000 0.000 -0.148 -0.273 -0.449 -0.655 -0.847 -0.974 -0.993 -0.900 -0.723 -0.516 -0.327 -0.297 -0.480 -0.687 -0.873 
0.000 0.000 0.000 0.000 0.000 0.000 0.000 0.000 -0.107 -0.209 -0.363 -0.558 -0.764 -0.927 -0.999 -0.956 -0.811 -0.612 -0.409 -0.243 -0.391 -0.591 -0.793 
0.000 0.000 0.000 0.000 0.000 0.000 0.000 0.000 0.000 -0.156 -0.286 -0.465 -0.671 -0.861 -0.980 -0.990 -0.888 -0.707 -0.500 -0.314 -0.310 -0.496 -0.703 
0.000 0.000 0.000 0.000 0.000 0.000 0.000 0.000 0.000 -0.113 -0.219 -0.377 -0.575 -0.779 -0.937 -1.000 -0.947 -0.797 -0.595 -0.394 -0.240 -0.406 -0.607 
0.000 0.000 0.000 0.000 0.000 0.000 0.000 0.000 0.000 0.000 -0.164 -0.298 -0.481 -0.688 -0.873 -0.985 -0.986 -0.876 -0.691 -0.484 -0.301 -0.324 -0.512 
0.000 0.000 0.000 0.000 0.000 0.000 0.000 0.000 0.000 0.000 -0.120 -0.230 -0.392 -0.592 -0.794 -0.946 -1.000 -0.938 -0.782 -0.578 -0.380 -0.252 -0.421 
0.000 0.000 0.000 0.000 0.000 0.000 0.000 0.000 0.000 0.000 0.000 -0.173 -0.311 -0.497 -0.704 -0.886 -0.989 -0.981 -0.863 -0.674 -0.468 -0.288 -0.337 
0.000 0.000 0.000 0.000 0.000 0.000 0.000 0.000 0.000 0.000 0.000 -0.127 -0.241 -0.407 -0.609 -0.809 -0.954 -0.999 -0.929 -0.767 -0.562 -0.365 -0.263 
0.000 0.000 0.000 0.000 0.000 0.000 0.000 0.000 0.000 0.000 0.000 0.000 -0.182 -0.324 -0.513 -0.720 -0.898 -0.993 -0.975 -0.850 -0.658 -0.452 -0.275 
# 2 1 38 23
-0.264 -0.438 -0.642 -0.838 -0.969 -0.996 -0.908 -0.735 -0.528 -0.337 -0.191 0.000 0.000 0.000 0.000 0.000 0.000 0.000 0.000 0.000 0.000 0.000 0.000 
-0.297 -0.327 -0.516 -0.724 -0.900 -0.994 -0.974 -0.847 -0.654 -0.448 -0.273 -0.147 0.000 0.000 0.000 0.000 0.000 0.000 0.000 0.000 0.000 0.000 0.000 
-0.402 -0.238 -0.397 -0.598 -0.800 -0.949 -1.000 -0.935 -0.776 -0.572 -0.374 -0.217 -0.112 0.000 0.000 0.000 0.000 0.000 0.000 0.000 0.000 0.000 0.000 
-0.522 -0.332 -0.293 -0.474 -0.681 -0.868 -0.983 -0.988 -0.881 -0.698 -0.490 -0.306 -0.169 0.000 0.000 0.000 0.000 0.000 0.000 0.000 0.000 0.000 0.000 
-0.648 -0.443 -0.268 -0.359 -0.555 -0.760 -0.925 -0.999 -0.958 -0.815 -0.616 -0.413 -0.246 -0.130 0.000 0.000 0.000 0.000 0.000 0.000 0.000 0.000 0.000 
-0.770 -0.565 -0.369 -0.261 -0.432 -0.637 -0.833 -0.967 -0.996 -0.911 -0.740 -0.533 -0.341 -0.194 0.000 0.000 0.000 0.000 0.000 0.000 0.000 0.000 0.000 
-0.876 -0.692 -0.484 -0.301 -0.323 -0.511 -0.718 -0.896 -0.992 -0.976 -0.851 -0.660 -0.454 -0.277 -0.150 0.000 0.000 0.000 0.000 0.000 0.000 0.000 0.000 
-0.955 -0.810 -0.609 -0.407 -0.242 -0.393 -0.593 -0.795 -0.946 -1.000 -0.938 -0.781 -0.577 -0.379 -0.221 -0.114 0.000 0.000 0.000 0.000 0.000 0.000 0.000 
-0.995 -0.907 -0.734 -0.527 -0.336 -0.289 -0.469 -0.675 -0.864 -0.981 -0.989 -0.885 -0.703 -0.496 -0.310 -0.172 0.000 0.000 0.000 0.000 0.000 0.000 0.000 
-0.994 -0.973 -0.846 -0.653 -0.448 -0.272 -0.354 -0.549 -0.755 -0.921 -0.998 -0.960 -0.820 -0.621 -0.418 -0.250 -0.132 0.000 0.000 0.000 0.000 0.000 0.000 
-0.950 -1.000 -0.934 -0.775 -0.571 -0.373 -0.257 -0.427 -0.631 -0.828 -0.965 -0.997 -0.915 -0.745 -0.539 -0.346 -0.197 0.000 0.000 0.000 0.000 0.000 0.000 
-0.869 -0.983 -0.987 -0.880 -0.697 -0.490 -0.305 -0.318 -0.506 -0.713 -0.892 -0.991 -0.978 -0.856 -0.665 -0.459 -0.281 -0.153 0.000 0.000 0.000 0.000 0.000 
-0.761 -0.925 -0.999 -0.957 -0.814 -0.615 -0.412 -0.245 -0.388 -0.587 -0.790 -0.943 -1.000 -0.941 -0.786 -0.583 -0.383 -0.224 -0.116 0.000 0.000 0.000 0.000 
-0.638 -0.834 -0.967 -0.996 -0.911 -0.739 -0.533 -0.341 -0.285 -0.463 -0.670 -0.860 -0.979 -0.990 -0.889 -0.708 -0.501 -0.315 -0.175 0.000 0.000 0.000 0.000 
-0.512 -0.719 -0.897 -0.993 -0.975 -0.851 -0.659 -0.453 -0.276 -0.350 -0.544 -0.750 -0.918 -0.998 -0.963 -0.824 -0.627 -0.423 -0.253 -0.135 0.000 0.000 0.000 
-0.393 -0.594 -0.796 -0.947 -1.000 -0.937 -0.780 -0.576 -0.378 -0.253 -0.422 -0.626 -0.824 -0.962 -0.998 -0.918 -0.750 -0.544 -0.350 -0.200 -0.102 0.000 0.000 
-0.289 -0.469 -0.676 -0.864 -0.981 -0.989 -0.884 -0.702 -0.495 -0.310 -0.314 -0.500 -0.708 -0.888 -0.990 -0.979 -0.860 -0.671 -0.464 -0.285 -0.155 0.000 0.000 
-0.204 -0.355 -0.550 -0.756 -0.922 -0.998 -0.960 -0.819 -0.620 -0.417 -0.249 -0.383 -0.582 -0.785 -0.941 -1.000 -0.944 -0.791 -0.588 -0.388 -0.228 -0.118 0.000 
-0.137 -0.257 -0.428 -0.632 -0.829 -0.965 -0.997 -0.914 -0.745 -0.538 -0.345 -0.280 -0.458 -0.664 -0.855 -0.977 -0.991 -0.893 -0.714 -0.506 -0.319 -0.178 0.000 
0.000 -0.178 -0.319 -0.506 -0.714 -0.893 -0.991 -0.977 -0.855 -0.664 -0.458 -0.280 -0.345 -0.538 -0.745 -0.914 -0.997 -0.965 -0.829 -0.632 -0.428 -0.257 -0.137 
0.000 -0.118 -0.228 -0.388 -0.588 -0.791 -0.944 -1.000 -0.941 -0.785 -0.582 -0.383 -0.249 -0.417 -0.620 -0.819 -0.960 -0.998 -0.922 -0.756 -0.550 -0.355 -0.204 
0.000 0.000 -0.155 -0.285 -0.464 -0.671 -0.860 -0.979 -0.990 -0.888 -0.708 -0.500 -0.314 -0.310 -0.495 -0.702 -0.884 -0.989 -0.981 -0.864 -0.676 -0.469 -0.289 
0.000 0.000 -0.102 -0.200 -0.350 -0.544 -0.750 -0.918 -0.998 -0.962 -0.824 -0.626 -0.422 -0.253 -0.378 -0.576 -0.780 -0.937 -1.000 -0.947 -0.796 -0.594 -0.393 
0.000 0.000 0.000 -0.135 -0.253 -0.423 -0.627 -0.824 -0.963 -0.998 -0.918 -0.750 -0.544 -0.350 -0.276 -0.453 -0.659 -0.851 -0.975 -0.993 -0.897 -0.719 -0.512 
0.000 0.000 0.000 0.000 -0.175 -0.315 -0.501 -0.708 -0.889 -0.990 -0.979 -0.860 -0.670 -0.463 -0.285 -0.341 -0.533 -0.739 -0.911 -0.996 -0.967 -0.834 -0.638 
0.000 0.000 0.000 0.000 -0.116 -0.224 -0.383 -0.583 -0.786 -0.941 -1.000 -0.943 -0.790 -0.587 -0.388 -0.245 -0.412 -0.615 -0.814 -0.957 -0.999 -0.925 -0.761 
0.000 0.000 0.000 0.000 0.000 -0.153 -0.281 -0.459 -0.665 -0.856 -0.978 -0.991 -0.892 -0.713 -0.506 -0.318 -0.305 -0.490 -0.697 -0.880 -0.987 -0.983 -0.869 
0.000 0.000 0.000 0.000 0.000 0.000 -0.197 -0.346 -0.539 -0.745 -0.915 -0.997 -0.965 -0.828 -0.631 -0.427 -0.257 -0.373 -0.571 -0.775 -0.934 -1.000 -0.950 
0.000 0.000 0.000 0.000 0.000 0.000 -0.132 -0.250 -0.418 -0.621 -0.820 -0.960 -0.998 -0.921 -0.755 -0.549 -0.354 -0.272 -0.448 -0.653 -0.846 -0.973 -0.994 
0.000 0.000 0.000 0.000 0.000 0.000 0.000 -0.172 -0.310 -0.496 -0.703 -0.885 -0.989 -0.981 -0.864 -0.675 -0.469 -0.289 -0.336 -0.527 -0.734 -0.907 -0.995 
0.000 0.000 0.000 0.000 0.000 0.000 0.000 -0.114 -0.221 -0.379 -0.577 -0.781 -0.938 -1.000 -0.946 -0.795 -0.593 -0.393 -0.242 -0.407 -0.609 -0.810 -0.955 
0.000 0.000 0.000 0.000 0.000 0.000 0.000 0.000 -0.150 -0.277 -0.454 -0.660 -0.851 -0.976 -0.992 -0.896 -0.718 -0.511 -0.323 -0.301 -0.484 -0.692 -0.876 
0.000 0.000 0.000 0.000 0.000 0.000 0.000 0.000 0.000 -0.194 -0.341 -0.533 -0.740 -0.911 -0.996 -0.967 -0.833 -0.637 -0.432 -0.261 -0.369 -0.565 -0.770 
0.000 0.000 0.000 0.000 0.000 0.000 0.000 0.000 0.000 -0.130 -0.246 -0.413 -0.616 -0.815 -0.958 -0.999 -0.925 -0.760 -0.555 -0.359 -0.268 -0.443 -0.648 
0.000 0.000 0.000 0.000 0.000 0.000 0.000 0.000 0.000 0.000 -0.169 -0.306 -0.490 -0.698 -0.881 -0.988 -0.983 -0.868 -0.681 -0.474 -0.293 -0.332 -0.522 
0.000 0.000 0.000 0.000 0.000 0.000 0.000 0.000 0.000 0.000 -0.112 -0.217 -0.374 -0.572 -0.776 -0.935 -1.000 -0.949 -0.800 -0.598 -0.397 -0.238 -0.402 
0.000 0.000 0.000 0.000 0.000 0.000 0.000 0.000 0.000 0.000 0.000 -0.147 -0.273 -0.448 -0.654 -0.847 -0.974 -0.994 -0.900 -0.724 -0.516 -0.327 -0.297 
0.000 0.000 0.000 0.000 0.000 0.000 0.000 0.000 0.000 0.000 0.000 0.000 -0.191 -0.337 -0.528 -0.735 -0.908 -0.996 -0.969 -0.838 -0.642 -0.438 -0.264 
# 2 3 3 23
-0.861 -0.671 -0.464 -0.285 -0.340 -0.532 -0.739 -0.911 -0.996 -0.968 -0.835 -0.639 -0.434 -0.262 -0.140 0.000 0.000 0.000 0.000 0.000 0.000 0.000 0.000 
-0.111 -0.215 -0.372 -0.569 -0.774 -0.934 -1.000 -0.951 -0.803 -0.601 -0.400 -0.236 -0.400 -0.601 -0.803 -0.951 -1.000 -0.934 -0.774 -0.569 -0.372 -0.215 -0.111 
0.000 0.000 0.000 0.000 0.000 0.000 0.000 0.000 -0.140 -0.262 -0.434 -0.639 -0.835 -0.968 -0.996 -0.911 -0.739 -0.532 -0.340 -0.285 -0.464 -0.671 -0.861 
# 3 0 50 3
0.000 -0.915 0.000 
0.000 -0.980 0.000 
0.000 -1.000 0.000 
0.000 -0.972 0.000 
0.000 -0.899 0.000 
0.000 -0.792 0.000 
0.000 -0.665 0.000 
0.000 -0.532 0.000 
0.000 -0.405 0.000 
0.000 -0.293 -0.107 
0.000 -0.203 -0.166 
0.000 -0.133 -0.247 
0.000 0.000 -0.348 
0.000 0.000 -0.469 
0.000 0.000 -0.600 
0.000 0.000 -0.732 
0.000 0.000 -0.851 
0.000 0.000 -0.941 
0.000 0.000 -0.992 
0.000 0.000 -0.996 
0.000 0.000 -0.952 
-0.115 0.000 -0.867 
-0.177 0.000 -0.751 
-0.261 0.000 -0.621 
-0.366 0.000 -0.488 
-0.488 0.000 -0.366 
-0.621 0.000 -0.261 
-0.751 0.000 -0.177 
-0.867 0.000 -0.115 
-0.952 0.000 0.000 
-0.996 0.000 0.000 
-0.992 0.000 0.000 
-0.941 0.000 0.000 
-0.851 0.000 0.000 
-0.732 0.000 0.000 
-0.600 0.000 0.000 
-0.469 0.000 0.000 
-0.348 0.000 0.000 
-0.247 -0.133 0.000 
-0.166 -0.203 0.000 
-0.107 -0.293 0.000 
0.000 -0.405 0.000 
0.000 -0.532 0.000 
0.000 -0.665 0.000 
0.000 -0.792 0.000 
0.000 -0.899 0.000 
0.000 -0.972 0.000 
0.000 -1.000 0.000 
0.000 -0.980 0.000 
0.000 -0.915 0.000 
# 3 1 38 3
0.000 -0.928 0.000 
0.000 -0.995 0.000 
0.000 -0.981 0.000 
0.000 -0.889 0.000 
0.000 -0.740 0.000 
0.000 -0.566 0.000 
0.000 -0.398 0.000 
0.000 -0.257 -0.126 
0.000 -0.153 -0.219 
0.000 0.000 -0.348 
0.000 0.000 -0.509 
0.000 0.000 -0.684 
0.000 0.000 -0.845 
0.000 0.000 -0.959 
0.000 0.000 -1.000 
0.000 0.000 -0.958 
-0.126 0.000 -0.844 
-0.218 0.000 -0.683 
-0.348 0.000 -0.508 
-0.508 0.000 -0.348 
-0.683 0.000 -0.218 
-0.844 0.000 -0.126 
-0.958 0.000 0.000 
-1.000 0.000 0.000 
-0.959 0.000 0.000 
-0.845 0.000 0.000 
-0.684 0.000 0.000 
-0.509 0.000 0.000 
-0.348 0.000 0.000 
-0.219 -0.153 0.000 
-0.126 -0.257 0.000 
0.000 -0.398 0.000 
0.000 -0.566 0.000 
0.000 -0.740 0.000 
0.000 -0.889 0.000 
0.000 -0.981 0.000 
0.000 -0.995 0.000 
0.000 -0.928 0.000 
# 3 2 23 3
0.000 -0.967 0.000 
0.000 -0.991 0.000 
0.000 -0.807 0.000 
0.000 -0.522 0.000 
0.000 -0.268 -0.123 
0.000 -0.109 -0.293 
0.000 0.000 -0.556 
0.000 0.000 -0.836 
0.000 0.000 -1.000 
0.000 0.000 -0.949 
-0.204 0.000 -0.716 
-0.429 0.000 -0.429 
-0.716 0.000 -0.204 
-0.949 0.000 0.000 
-1.000 0.000 0.000 
-0.836 0.000 0.000 
-0.556 0.000 0.000 
-0.293 -0.109 0.000 
-0.123 -0.268 0.000 
0.000 -0.522 0.000 
0.000 -0.807 0.000 
0.000 -0.991 0.000 
0.000 -0.967 0.000 
