1.773111
5
# 0 1 22 50
0.820 0.798 0.872 0.933 0.975 0.997 0.997 0.976 0.934 0.874 0.801 0.717 0.628 0.538 0.451 0.370 0.297 0.233 0.179 0.134 0.000 0.000 0.000 0.000 0.000 0.000 0.000 0.000 0.000 0.000 0.000 0.000 0.000 0.000 0.000 0.000 0.000 0.000 0.000 0.000 0.000 0.000 0.000 0.000 0.000 0.000 0.000 0.000 0.000 0.000 
0.958 0.907 0.840 0.776 0.853 0.918 0.965 0.993 1.000 0.984 0.947 0.892 0.822 0.741 0.653 0.563 0.475 0.392 0.316 0.249 0.192 0.145 0.107 0.000 0.000 0.000 0.000 0.000 0.000 0.000 0.000 0.000 0.000 0.000 0.000 0.000 0.000 0.000 0.000 0.000 0.000 0.000 0.000 0.000 0.000 0.000 0.000 0.000 0.000 0.000 
0.999 0.995 0.969 0.923 0.860 0.784 0.833 0.902 0.954 0.988 1.000 0.990 0.959 0.909 0.842 0.764 0.677 0.587 0.498 0.414 0.336 0.266 0.207 0.157 0.117 0.000 0.000 0.000 0.000 0.000 0.000 0.000 0.000 0.000 0.000 0.000 0.000 0.000 0.000 0.000 0.000 0.000 0.000 0.000 0.000 0.000 0.000 0.000 0.000 0.000 
0.929 0.973 0.996 0.998 0.978 0.937 0.879 0.806 0.813 0.884 0.942 0.981 0.999 0.995 0.970 0.924 0.862 0.786 0.701 0.612 0.522 0.436 0.356 0.284 0.222 0.170 0.127 0.000 0.000 0.000 0.000 0.000 0.000 0.000 0.000 0.000 0.000 0.000 0.000 0.000 0.000 0.000 0.000 0.000 0.000 0.000 0.000 0.000 0.000 0.000 
0.771 0.849 0.914 0.963 0.992 1.000 0.985 0.950 0.896 0.827 0.791 0.866 0.928 0.972 0.996 0.998 0.979 0.939 0.880 0.808 0.725 0.636 0.547 0.459 0.377 0.303 0.238 0.183 0.138 0.101 0.000 0.000 0.000 0.000 0.000 0.000 0.000 0.000 0.000 0.000 0.000 0.000 0.000 0.000 0.000 0.000 0.000 0.000 0.000 0.000 
0.571 0.661 0.748 0.829 0.898 0.951 0.986 1.000 0.992 0.962 0.913 0.847 0.769 0.847 0.913 0.962 0.992 1.000 0.986 0.951 0.898 0.829 0.748 0.661 0.571 0.482 0.399 0.322 0.255 0.197 0.149 0.110 0.000 0.000 0.000 0.000 0.000 0.000 0.000 0.000 0.000 0.000 0.000 0.000 0.000 0.000 0.000 0.000 0.000 0.000 
0.377 0.459 0.547 0.636 0.725 0.808 0.880 0.939 0.979 0.998 0.996 0.972 0.928 0.866 0.791 0.827 0.896 0.950 0.985 1.000 0.992 0.963 0.914 0.849 0.771 0.685 0.596 0.506 0.421 0.342 0.272 0.212 0.161 0.120 0.000 0.000 0.000 0.000 0.000 0.000 0.000 0.000 0.000 0.000 0.000 0.000 0.000 0.000 0.000 0.000 
0.222 0.284 0.356 0.436 0.522 0.612 0.701 0.786 0.862 0.924 0.970 0.995 0.999 0.981 0.942 0.884 0.813 0.806 0.879 0.937 0.978 0.998 0.996 0.973 0.929 0.868 0.793 0.709 0.620 0.530 0.444 0.363 0.291 0.227 0.174 0.130 0.000 0.000 0.000 0.000 0.000 0.000 0.000 0.000 0.000 0.000 0.000 0.000 0.000 0.000 
0.117 0.157 0.207 0.266 0.336 0.414 0.498 0.587 0.677 0.764 0.842 0.909 0.959 0.990 1.000 0.988 0.954 0.902 0.833 0.784 0.860 0.923 0.969 0.995 0.999 0.981 0.943 0.886 0.815 0.733 0.645 0.555 0.467 0.384 0.309 0.244 0.188 0.141 0.104 0.000 0.000 0.000 0.000 0.000 0.000 0.000 0.000 0.000 0.000 0.000 
0.000 0.000 0.107 0.145 0.192 0.249 0.316 0.392 0.475 0.563 0.653 0.741 0.822 0.892 0.947 0.984 1.000 0.993 0.965 0.918 0.853 0.776 0.840 0.907 0.958 0.990 1.000 0.988 0.955 0.904 0.836 0.756 0.669 0.579 0.490 0.406 0.329 0.261 0.202 0.153 0.114 0.000 0.000 0.000 0.000 0.000 0.000 0.000 0.000 0.000 
0.000 0.000 0.000 0.000 0.000 0.134 0.179 0.233 0.297 0.370 0.451 0.538 0.628 0.717 0.801 0.874 0.934 0.976 0.997 0.997 0.975 0.933 0.872 0.798 0.820 0.890 0.946 0.983 0.999 0.994 0.966 0.919 0.856 0.779 0.693 0.604 0.514 0.428 0.349 0.278 0.217 0.166 0.124 0.000 0.000 0.000 0.000 0.000 0.000 0.000 
0.000 0.000 0.000 0.000 0.000 0.000 0.000 0.124 0.166 0.217 0.278 0.349 0.428 0.514 0.604 0.693 0.779 0.856 0.919 0.966 0.994 0.999 0.983 0.946 0.890 0.820 0.798 0.872 0.933 0.975 0.997 0.997 0.976 0.934 0.874 0.801 0.717 0.628 0.538 0.451 0.370 0.297 0.233 0.179 0.134 0.000 0.000 0.000 0.000 0.000 
0.000 0.000 0.000 0.000 0.000 0.000 0.000 0.000 0.000 0.114 0.153 0.202 0.261 0.329 0.406 0.490 0.579 0.669 0.756 0.836 0.904 0.955 0.988 1.000 0.990 0.958 0.907 0.840 0.776 0.853 0.918 0.965 0.993 1.000 0.984 0.947 0.892 0.822 0.741 0.653 0.563 0.475 0.392 0.316 0.249 0.192 0.145 0.107 0.000 0.000 
0.000 0.000 0.000 0.000 0.000 0.000 0.000 0.000 0.000 0.000 0.000 0.104 0.141 0.188 0.244 0.309 0.384 0.467 0.555 0.645 0.733 0.815 0.886 0.943 0.981 0.999 0.995 0.969 0.923 0.860 0.784 0.833 0.902 0.954 0.988 1.000 0.990 0.959 0.909 0.842 0.764 0.677 0.587 0.498 0.414 0.336 0.266 0.207 0.157 0.117 
0.000 0.000 0.000 0.000 0.000 0.000 0.000 0.000 0.000 0.000 0.000 0.000 0.000 0.000 0.130 0.174 0.227 0.291 0.363 0.444 0.530 0.620 0.709 0.793 0.868 0.929 0.973 0.996 0.998 0.978 0.937 0.879 0.806 0.813 0.884 0.942 0.981 0.999 0.995 0.970 0.924 0.862 0.786 0.701 0.612 0.522 0.436 0.356 0.284 0.222 
0.000 0.000 0.000 0.000 0.000 0.000 0.000 0.000 0.000 0.000 0.000 0.000 0.000 0.000 0.000 0.000 0.120 0.161 0.212 0.272 0.342 0.421 0.506 0.596 0.685 0.771 0.849 0.914 0.963 0.992 1.000 0.985 0.950 0.896 0.827 0.791 0.866 0.928 0.972 0.996 0.998 0.979 0.939 0.880 0.808 0.725 0.636 0.547 0.459 0.377 
0.000 0.000 0.000 0.000 0.000 0.000 0.000 0.000 0.000 0.000 0.000 0.000 0.000 0.000 0.000 0.000 0.000 0.000 0.110 0.149 0.197 0.255 0.322 0.399 0.482 0.571 0.661 0.748 0.829 0.898 0.951 0.986 1.000 0.992 0.962 0.913 0.847 0.769 0.847 0.913 0.962 0.992 1.000 0.986 0.951 0.898 0.829 0.748 0.661 0.571 
0.000 0.000 0.000 0.000 0.000 0.000 0.000 0.000 0.000 0.000 0.000 0.000 0.000 0.000 0.000 0.000 0.000 0.000 0.000 0.000 0.101 0.138 0.183 0.238 0.303 0.377 0.459 0.547 0.636 0.725 0.808 0.880 0.939 0.979 0.998 0.996 0.972 0.928 0.866 0.791 0.827 0.896 0.950 0.985 1.000 0.992 0.963 0.914 0.849 0.771 
0.000 0.000 0.000 0.000 0.000 0.000 0.000 0.000 0.000 0.000 0.000 0.000 0.000 0.000 0.000 0.000 0.000 0.000 0.000 0.000 0.000 0.000 0.000 0.127 0.170 0.222 0.284 0.356 0.436 0.522 0.612 0.701 0.786 0.862 0.924 0.970 0.995 0.999 0.981 0.942 0.884 0.813 0.806 0.879 0.937 0.978 0.998 0.996 0.973 0.929 
0.000 0.000 0.000 0.000 0.000 0.000 0.000 0.000 0.000 0.000 0.000 0.000 0.000 0.000 0.000 0.000 0.000 0.000 0.000 0.000 0.000 0.000 0.000 0.000 0.000 0.117 0.157 0.207 0.266 0.336 0.414 0.498 0.587 0.677 0.764 0.842 0.909 0.959 0.990 1.000 0.988 0.954 0.902 0.833 0.784 0.860 0.923 0.969 0.995 0.999 
0.000 0.000 0.000 0.000 0.000 0.000 0.000 0.000 0.000 0.000 0.000 0.000 0.000 0.000 0.000 0.000 0.000 0.000 0.000 0.000 0.000 0.000 0.000 0.000 0.000 0.000 0.000 0.107 0.145 0.192 0.249 0.316 0.392 0.475 0.563 0.653 0.741 0.822 0.892 0.947 0.984 1.000 0.993 0.965 0.918 0.853 0.776 0.840 0.907 0.958 
0.000 0.000 0.000 0.000 0.000 0.000 0.000 0.000 0.000 0.000 0.000 0.000 0.000 0.000 0.000 0.000 0.000 0.000 0.000 0.000 0.000 0.000 0.000 0.000 0.000 0.000 0.000 0.000 0.000 0.000 0.134 0.179 0.233 0.297 0.370 0.451 0.538 0.628 0.717 0.801 0.874 0.934 0.976 0.997 0.997 0.975 0.933 0.872 0.798 0.820 
# 0 2 22 50
0.820 0.798 0.872 0.933 0.975 0.997 0.997 0.976 0.934 0.874 0.801 0.717 0.628 0.538 0.451 0.370 0.297 0.233 0.179 0.134 0.000 0.000 0.000 0.000 0.000 0.000 0.000 0.000 0.000 0.000 0.000 0.000 0.000 0.000 0.000 0.000 0.000 0.000 0.000 0.000 0.000 0.000 0.000 0.000 0.000 0.000 0.000 0.000 0.000 0.000 
0.958 0.907 0.840 0.776 0.853 0.918 0.965 0.993 1.000 0.984 0.947 0.892 0.822 0.741 0.653 0.563 0.475 0.392 0.316 0.249 0.192 0.145 0.107 0.000 0.000 0.000 0.000 0.000 0.000 0.000 0.000 0.000 0.000 0.000 0.000 0.000 0.000 0.000 0.000 0.000 0.000 0.000 0.000 0.000 0.000 0.000 0.000 0.000 0.000 0.000 
0.999 0.995 0.969 0.923 0.860 0.784 0.833 0.902 0.954 0.988 1.000 0.990 0.959 0.909 0.842 0.764 0.677 0.587 0.498 0.414 0.336 0.266 0.207 0.157 0.117 0.000 0.000 0.000 0.000 0.000 0.000 0.000 0.000 0.000 0.000 0.000 0.000 0.000 0.000 0.000 0.000 0.000 0.000 0.000 0.000 0.000 0.000 0.000 0.000 0.000 
0.929 0.973 0.996 0.998 0.978 0.937 0.879 0.806 0.813 0.884 0.942 0.981 0.999 0.995 0.970 0.924 0.862 0.786 0.701 0.612 0.522 0.436 0.356 0.284 0.222 0.170 0.127 0.000 0.000 0.000 0.000 0.000 0.000 0.000 0.000 0.000 0.000 0.000 0.000 0.000 0.000 0.000 0.000 0.000 0.000 0.000 0.000 0.000 0.000 0.000 
0.771 0.849 0.914 0.963 0.992 1.000 0.985 0.950 0.896 0.827 0.791 0.866 0.928 0.972 0.996 0.998 0.979 0.939 0.880 0.808 0.725 0.636 0.547 0.459 0.377 0.303 0.238 0.183 0.138 0.101 0.000 0.000 0.000 0.000 0.000 0.000 0.000 0.000 0.000 0.000 0.000 0.000 0.000 0.000 0.000 0.000 0.000 0.000 0.000 0.000 
0.571 0.661 0.748 0.829 0.898 0.951 0.986 1.000 0.992 0.962 0.913 0.847 0.769 0.847 0.913 0.962 0.992 1.000 0.986 0.951 0.898 0.829 0.748 0.661 0.571 0.482 0.399 0.322 0.255 0.197 0.149 0.110 0.000 0.000 0.000 0.000 0.000 0.000 0.000 0.000 0.000 0.000 0.000 0.000 0.000 0.000 0.000 0.000 0.000 0.000 
0.377 0.459 0.547 0.636 0.725 0.808 0.880 0.939 0.979 0.998 0.996 0.972 0.928 0.866 0.791 0.827 0.896 0.950 0.985 1.000 0.992 0.963 0.914 0.849 0.771 0.685 0.596 0.506 0.421 0.342 0.272 0.212 0.161 0.120 0.000 0.000 0.000 0.000 0.000 0.000 0.000 0.000 0.000 0.000 0.000 0.000 0.000 0.000 0.000 0.000 
0.222 0.284 0.356 0.436 0.522 0.612 0.701 0.786 0.862 0.924 0.970 0.995 0.999 0.981 0.942 0.884 0.813 0.806 0.879 0.937 0.978 0.998 0.996 0.973 0.929 0.868 0.793 0.709 0.620 0.530 0.444 0.363 0.291 0.227 0.174 0.130 0.000 0.000 0.000 0.000 0.000 0.000 0.000 0.000 0.000 0.000 0.000 0.000 0.000 0.000 
0.117 0.157 0.207 0.266 0.336 0.414 0.498 0.587 0.677 0.764 0.842 0.909 0.959 0.990 1.000 0.988 0.954 0.902 0.833 0.784 0.860 0.923 0.969 0.995 0.999 0.981 0.943 0.886 0.815 0.733 0.645 0.555 0.467 0.384 0.309 0.244 0.188 0.141 0.104 0.000 0.000 0.000 0.000 0.000 0.000 0.000 0.000 0.000 0.000 0.000 
0.000 0.000 0.107 0.145 0.192 0.249 0.316 0.392 0.475 0.563 0.653 0.741 0.822 0.892 0.947 0.984 1.000 0.993 0.965 0.918 0.853 0.776 0.840 0.907 0.958 0.990 1.000 0.988 0.955 0.904 0.836 0.756 0.669 0.579 0.490 0.406 0.329 0.261 0.202 0.153 0.114 0.000 0.000 0.000 0.000 0.000 0.000 0.000 0.000 0.000 
0.000 0.000 0.000 0.000 0.000 0.134 0.179 0.233 0.297 0.370 0.451 0.538 0.628 0.717 0.801 0.874 0.934 0.976 0.997 0.997 0.975 0.933 0.872 0.798 0.820 0.890 0.946 0.983 0.999 0.994 0.966 0.919 0.856 0.779 0.693 0.604 0.514 0.428 0.349 0.278 0.217 0.166 0.124 0.000 0.000 0.000 0.000 0.000 0.000 0.000 
0.000 0.000 0.000 0.000 0.000 0.000 0.000 0.124 0.166 0.217 0.278 0.349 0.428 0.514 0.604 0.693 0.779 0.856 0.919 0.966 0.994 0.999 0.983 0.946 0.890 0.820 0.798 0.872 0.933 0.975 0.997 0.997 0.976 0.934 0.874 0.801 0.717 0.628 0.538 0.451 0.370 0.297 0.233 0.179 0.134 0.000 0.000 0.000 0.000 0.000 
0.000 0.000 0.000 0.000 0.000 0.000 0.000 0.000 0.000 0.114 0.153 0.202 0.261 0.329 0.406 0.490 0.579 0.669 0.756 0.836 0.904 0.955 0.988 1.000 0.990 0.958 0.907 0.840 0.776 0.853 0.918 0.965 0.993 1.000 0.984 0.947 0.892 0.822 0.741 0.653 0.563 0.475 0.392 0.316 0.249 0.192 0.145 0.107 0.000 0.000 
0.000 0.000 0.000 0.000 0.000 0.000 0.000 0.000 0.000 0.000 0.000 0.104 0.141 0.188 0.244 0.309 0.384 0.467 0.555 0.645 0.733 0.815 0.886 0.943 0.981 0.999 0.995 0.969 0.923 0.860 0.784 0.833 0.902 0.954 0.988 1.000 0.990 0.959 0.909 0.842 0.764 0.677 0.587 0.498 0.414 0.336 0.266 0.207 0.157 0.117 
0.000 0.000 0.000 0.000 0.000 0.000 0.000 0.000 0.000 0.000 0.000 0.000 0.000 0.000 0.130 0.174 0.227 0.291 0.363 0.444 0.530 0.620 0.709 0.793 0.868 0.929 0.973 0.996 0.998 0.978 0.937 0.879 0.806 0.813 0.884 0.942 0.981 0.999 0.995 0.970 0.924 0.862 0.786 0.701 0.612 0.522 0.436 0.356 0.284 0.222 
0.000 0.000 0.000 0.000 0.000 0.000 0.000 0.000 0.000 0.000 0.000 0.000 0.000 0.000 0.000 0.000 0.120 0.161 0.212 0.272 0.342 0.421 0.506 0.596 0.685 0.771 0.849 0.914 0.963 0.992 1.000 0.985 0.950 0.896 0.827 0.791 0.866 0.928 0.972 0.996 0.998 0.979 0.939 0.880 0.808 0.725 0.636 0.547 0.459 0.377 
0.000 0.000 0.000 0.000 0.000 0.000 0.000 0.000 0.000 0.000 0.000 0.000 0.000 0.000 0.000 0.000 0.000 0.000 0.110 0.149 0.197 0.255 0.322 0.399 0.482 0.571 0.661 0.748 0.829 0.898 0.951 0.986 1.000 0.992 0.962 0.913 0.847 0.769 0.847 0.913 0.962 0.992 1.000 0.986 0.951 0.898 0.829 0.748 0.661 0.571 
0.000 0.000 0.000 0.000 0.000 0.000 0.000 0.000 0.000 0.000 0.000 0.000 0.000 0.000 0.000 0.000 0.000 0.000 0.000 0.000 0.101 0.138 0.183 0.238 0.303 0.377 0.459 0.547 0.636 0.725 0.808 0.880 0.939 0.979 0.998 0.996 0.972 0.928 0.866 0.791 0.827 0.896 0.950 0.985 1.000 0.992 0.963 0.914 0.849 0.771 
0.000 0.000 0.000 0.000 0.000 0.000 0.000 0.000 0.000 0.000 0.000 0.000 0.000 0.000 0.000 0.000 0.000 0.000 0.000 0.000 0.000 0.000 0.000 0.127 0.170 0.222 0.284 0.356 0.436 0.522 0.612 0.701 0.786 0.862 0.924 0.970 0.995 0.999 0.981 0.942 0.884 0.813 0.806 0.879 0.937 0.978 0.998 0.996 0.973 0.929 
0.000 0.000 0.000 0.000 0.000 0.000 0.000 0.000 0.000 0.000 0.000 0.000 0.000 0.000 0.000 0.000 0.000 0.000 0.000 0.000 0.000 0.000 0.000 0.000 0.000 0.117 0.157 0.207 0.266 0.336 0.414 0.498 0.587 0.677 0.764 0.842 0.909 0.959 0.990 1.000 0.988 0.954 0.902 0.833 0.784 0.860 0.923 0.969 0.995 0.999 
0.000 0.000 0.000 0.000 0.000 0.000 0.000 0.000 0.000 0.000 0.000 0.000 0.000 0.000 0.000 0.000 0.000 0.000 0.000 0.000 0.000 0.000 0.000 0.000 0.000 0.000 0.000 0.107 0.145 0.192 0.249 0.316 0.392 0.475 0.563 0.653 0.741 0.822 0.892 0.947 0.984 1.000 0.993 0.965 0.918 0.853 0.776 0.840 0.907 0.958 
0.000 0.000 0.000 0.000 0.000 0.000 0.000 0.000 0.000 0.000 0.000 0.000 0.000 0.000 0.000 0.000 0.000 0.000 0.000 0.000 0.000 0.000 0.000 0.000 0.000 0.000 0.000 0.000 0.000 0.000 0.134 0.179 0.233 0.297 0.370 0.451 0.538 0.628 0.717 0.801 0.874 0.934 0.976 0.997 0.997 0.975 0.933 0.872 0.798 0.820 
# 0 3 22 50
0.820 0.798 0.872 0.933 0.975 0.997 0.997 0.976 0.934 0.874 0.801 0.717 0.628 0.538 0.451 0.370 0.297 0.233 0.179 0.134 0.000 0.000 0.000 0.000 0.000 0.000 0.000 0.000 0.000 0.000 0.000 0.000 0.000 0.000 0.000 0.000 0.000 0.000 0.000 0.000 0.000 0.000 0.000 0.000 0.000 0.000 0.000 0.000 0.000 0.000 
0.958 0.907 0.840 0.776 0.853 0.918 0.965 0.993 1.000 0.984 0.947 0.892 0.822 0.741 0.653 0.563 0.475 0.392 0.316 0.249 0.192 0.145 0.107 0.000 0.000 0.000 0.000 0.000 0.000 0.000 0.000 0.000 0.000 0.000 0.000 0.000 0.000 0.000 0.000 0.000 0.000 0.000 0.000 0.000 0.000 0.000 0.000 0.000 0.000 0.000 
0.999 0.995 0.969 0.923 0.860 0.784 0.833 0.902 0.954 0.988 1.000 0.990 0.959 0.909 0.842 0.764 0.677 0.587 0.498 0.414 0.336 0.266 0.207 0.157 0.117 0.000 0.000 0.000 0.000 0.000 0.000 0.000 0.000 0.000 0.000 0.000 0.000 0.000 0.000 0.000 0.000 0.000 0.000 0.000 0.000 0.000 0.000 0.000 0.000 0.000 
0.929 0.973 0.996 0.998 0.978 0.937 0.879 0.806 0.813 0.884 0.942 0.981 0.999 0.995 0.970 0.924 0.862 0.786 0.701 0.612 0.522 0.436 0.356 0.284 0.222 0.170 0.127 0.000 0.000 0.000 0.000 0.000 0.000 0.000 0.000 0.000 0.000 0.000 0.000 0.000 0.000 0.000 0.000 0.000 0.000 0.000 0.000 0.000 0.000 0.000 
0.771 0.849 0.914 0.963 0.992 1.000 0.985 0.950 0.896 0.827 0.791 0.866 0.928 0.972 0.996 0.998 0.979 0.939 0.880 0.808 0.725 0.636 0.547 0.459 0.377 0.303 0.238 0.183 0.138 0.101 0.000 0.000 0.000 0.000 0.000 0.000 0.000 0.000 0.000 0.000 0.000 0.000 0.000 0.000 0.000 0.000 0.000 0.000 0.000 0.000 
0.571 0.661 0.748 0.829 0.898 0.951 0.986 1.000 0.992 0.962 0.913 0.847 0.769 0.847 0.913 0.962 0.992 1.000 0.986 0.951 0.898 0.829 0.748 0.661 0.571 0.482 0.399 0.322 0.255 0.197 0.149 0.110 0.000 0.000 0.000 0.000 0.000 0.000 0.000 0.000 0.000 0.000 0.000 0.000 0.000 0.000 0.000 0.000 0.000 0.000 
0.377 0.459 0.547 0.636 0.725 0.808 0.880 0.939 0.979 0.998 0.996 0.972 0.928 0.866 0.791 0.827 0.896 0.950 0.985 1.000 0.992 0.963 0.914 0.849 0.771 0.685 0.596 0.506 0.421 0.342 0.272 0.212 0.161 0.120 0.000 0.000 0.000 0.000 0.000 0.000 0.000 0.000 0.000 0.000 0.000 0.000 0.000 0.000 0.000 0.000 
0.222 0.284 0.356 0.436 0.522 0.612 0.701 0.786 0.862 0.924 0.970 0.995 0.999 0.981 0.942 0.884 0.813 0.806 0.879 0.937 0.978 0.998 0.996 0.973 0.929 0.868 0.793 0.709 0.620 0.530 0.444 0.363 0.291 0.227 0.174 0.130 0.000 0.000 0.000 0.000 0.000 0.000 0.000 0.000 0.000 0.000 0.000 0.000 0.000 0.000 
0.117 0.157 0.207 0.266 0.336 0.414 0.498 0.587 0.677 0.764 0.842 0.909 0.959 0.990 1.000 0.988 0.954 0.902 0.833 0.784 0.860 0.923 0.969 0.995 0.999 0.981 0.943 0.886 0.815 0.733 0.645 0.555 0.467 0.384 0.309 0.244 0.188 0.141 0.104 0.000 0.000 0.000 0.000 0.000 0.000 0.000 0.000 0.000 0.000 0.000 
0.000 0.000 0.107 0.145 0.192 0.249 0.316 0.392 0.475 0.563 0.653 0.741 0.822 0.892 0.947 0.984 1.000 0.993 0.965 0.918 0.853 0.776 0.840 0.907 0.958 0.990 1.000 0.988 0.955 0.904 0.836 0.756 0.669 0.579 0.490 0.406 0.329 0.261 0.202 0.153 0.114 0.000 0.000 0.000 0.000 0.000 0.000 0.000 0.000 0.000 
0.000 0.000 0.000 0.000 0.000 0.134 0.179 0.233 0.297 0.370 0.451 0.538 0.628 0.717 0.801 0.874 0.934 0.976 0.997 0.997 0.975 0.933 0.872 0.798 0.820 0.890 0.946 0.983 0.999 0.994 0.966 0.919 0.856 0.779 0.693 0.604 0.514 0.428 0.349 0.278 0.217 0.166 0.124 0.000 0.000 0.000 0.000 0.000 0.000 0.000 
0.000 0.000 0.000 0.000 0.000 0.000 0.000 0.124 0.166 0.217 0.278 0.349 0.428 0.514 0.604 0.693 0.779 0.856 0.919 0.966 0.994 0.999 0.983 0.946 0.890 0.820 0.798 0.872 0.933 0.975 0.997 0.997 0.976 0.934 0.874 0.801 0.717 0.628 0.538 0.451 0.370 0.297 0.233 0.179 0.134 0.000 0.000 0.000 0.000 0.000 
0.000 0.000 0.000 0.000 0.000 0.000 0.000 0.000 0.000 0.114 0.153 0.202 0.261 0.329 0.406 0.490 0.579 0.669 0.756 0.836 0.904 0.955 0.988 1.000 0.990 0.958 0.907 0.840 0.776 0.853 0.918 0.965 0.993 1.000 0.984 0.947 0.892 0.822 0.741 0.653 0.563 0.475 0.392 0.316 0.249 0.192 0.145 0.107 0.000 0.000 
0.000 0.000 0.000 0.000 0.000 0.000 0.000 0.000 0.000 0.000 0.000 0.104 0.141 0.188 0.244 0.309 0.384 0.467 0.555 0.645 0.733 0.815 0.886 0.943 0.981 0.999 0.995 0.969 0.923 0.860 0.784 0.833 0.902 0.954 0.988 1.000 0.990 0.959 0.909 0.842 0.764 0.677 0.587 0.498 0.414 0.336 0.266 0.207 0.157 0.117 
0.000 0.000 0.000 0.000 0.000 0.000 0.000 0.000 0.000 0.000 0.000 0.000 0.000 0.000 0.130 0.174 0.227 0.291 0.363 0.444 0.530 0.620 0.709 0.793 0.868 0.929 0.973 0.996 0.998 0.978 0.937 0.879 0.806 0.813 0.884 0.942 0.981 0.999 0.995 0.970 0.924 0.862 0.786 0.701 0.612 0.522 0.436 0.356 0.284 0.222 
0.000 0.000 0.000 0.000 0.000 0.000 0.000 0.000 0.000 0.000 0.000 0.000 0.000 0.000 0.000 0.000 0.120 0.161 0.212 0.272 0.342 0.421 0.506 0.596 0.685 0.771 0.849 0.914 0.963 0.992 1.000 0.985 0.950 0.896 0.827 0.791 0.866 0.928 0.972 0.996 0.998 0.979 0.939 0.880 0.808 0.725 0.636 0.547 0.459 0.377 
0.000 0.000 0.000 0.000 0.000 0.000 0.000 0.000 0.000 0.000 0.000 0.000 0.000 0.000 0.000 0.000 0.000 0.000 0.110 0.149 0.197 0.255 0.322 0.399 0.482 0.571 0.661 0.748 0.829 0.898 0.951 0.986 1.000 0.992 0.962 0.913 0.847 0.769 0.847 0.913 0.962 0.992 1.000 0.986 0.951 0.898 0.829 0.748 0.661 0.571 
0.000 0.000 0.000 0.000 0.000 0.000 0.000 0.000 0.000 0.000 0.000 0.000 0.000 0.000 0.000 0.000 0.000 0.000 0.000 0.000 0.101 0.138 0.183 0.238 0.303 0.377 0.459 0.547 0.636 0.725 0.808 0.880 0.939 0.979 0.998 0.996 0.972 0.928 0.866 0.791 0.827 0.896 0.950 0.985 1.000 0.992 0.963 0.914 0.849 0.771 
0.000 0.000 0.000 0.000 0.000 0.000 0.000 0.000 0.000 0.000 0.000 0.000 0.000 0.000 0.000 0.000 0.000 0.000 0.000 0.000 0.000 0.000 0.000 0.127 0.170 0.222 0.284 0.356 0.436 0.522 0.612 0.701 0.786 0.862 0.924 0.970 0.995 0.999 0.981 0.942 0.884 0.813 0.806 0.879 0.937 0.978 0.998 0.996 0.973 0.929 
0.000 0.000 0.000 0.000 0.000 0.000 0.000 0.000 0.000 0.000 0.000 0.000 0.000 0.000 0.000 0.000 0.000 0.000 0.000 0.000 0.000 0.000 0.000 0.000 0.000 0.117 0.157 0.207 0.266 0.336 0.414 0.498 0.587 0.677 0.764 0.842 0.909 0.959 0.990 1.000 0.988 0.954 0.902 0.833 0.784 0.860 0.923 0.969 0.995 0.999 
0.000 0.000 0.000 0.000 0.000 0.000 0.000 0.000 0.000 0.000 0.000 0.000 0.000 0.000 0.000 0.000 0.000 0.000 0.000 0.000 0.000 0.000 0.000 0.000 0.000 0.000 0.000 0.107 0.145 0.192 0.249 0.316 0.392 0.475 0.563 0.653 0.741 0.822 0.892 0.947 0.984 1.000 0.993 0.965 0.918 0.853 0.776 0.840 0.907 0.958 
0.000 0.000 0.000 0.000 0.000 0.000 0.000 0.000 0.000 0.000 0.000 0.000 0.000 0.000 0.000 0.000 0.000 0.000 0.000 0.000 0.000 0.000 0.000 0.000 0.000 0.000 0.000 0.000 0.000 0.000 0.134 0.179 0.233 0.297 0.370 0.451 0.538 0.628 0.717 0.801 0.874 0.934 0.976 0.997 0.997 0.975 0.933 0.872 0.798 0.820 
# 0 4 7 50
0.965 0.917 0.852 0.775 0.842 0.908 0.959 0.990 1.000 0.988 0.955 0.902 0.834 0.754 0.667 0.577 0.489 0.405 0.328 0.259 0.201 0.152 0.113 0.000 0.000 0.000 0.000 0.000 0.000 0.000 0.000 0.000 0.000 0.000 0.000 0.000 0.000 0.000 0.000 0.000 0.000 0.000 0.000 0.000 0.000 0.000 0.000 0.000 0.000 0.000 
0.730 0.812 0.884 0.942 0.981 0.999 0.995 0.970 0.925 0.862 0.786 0.831 0.900 0.953 0.987 1.000 0.991 0.961 0.911 0.845 0.766 0.680 0.590 0.501 0.416 0.338 0.269 0.209 0.159 0.118 0.000 0.000 0.000 0.000 0.000 0.000 0.000 0.000 0.000 0.000 0.000 0.000 0.000 0.000 0.000 0.000 0.000 0.000 0.000 0.000 
0.179 0.233 0.297 0.371 0.452 0.539 0.629 0.718 0.801 0.875 0.934 0.976 0.997 0.997 0.975 0.932 0.872 0.798 0.820 0.891 0.946 0.983 0.999 0.994 0.966 0.919 0.855 0.778 0.693 0.603 0.514 0.428 0.349 0.278 0.217 0.165 0.123 0.000 0.000 0.000 0.000 0.000 0.000 0.000 0.000 0.000 0.000 0.000 0.000 0.000 
0.000 0.000 0.000 0.000 0.000 0.000 0.129 0.172 0.225 0.287 0.360 0.440 0.526 0.616 0.705 0.790 0.865 0.927 0.971 0.996 0.998 0.979 0.939 0.882 0.809 0.809 0.882 0.939 0.979 0.998 0.996 0.971 0.927 0.865 0.790 0.705 0.616 0.526 0.440 0.360 0.287 0.225 0.172 0.129 0.000 0.000 0.000 0.000 0.000 0.000 
0.000 0.000 0.000 0.000 0.000 0.000 0.000 0.000 0.000 0.000 0.000 0.000 0.000 0.123 0.165 0.217 0.278 0.349 0.428 0.514 0.603 0.693 0.778 0.855 0.919 0.966 0.994 0.999 0.983 0.946 0.891 0.820 0.798 0.872 0.932 0.975 0.997 0.997 0.976 0.934 0.875 0.801 0.718 0.629 0.539 0.452 0.371 0.297 0.233 0.179 
0.000 0.000 0.000 0.000 0.000 0.000 0.000 0.000 0.000 0.000 0.000 0.000 0.000 0.000 0.000 0.000 0.000 0.000 0.000 0.000 0.118 0.159 0.209 0.269 0.338 0.416 0.501 0.590 0.680 0.766 0.845 0.911 0.961 0.991 1.000 0.987 0.953 0.900 0.831 0.786 0.862 0.925 0.970 0.995 0.999 0.981 0.942 0.884 0.812 0.730 
0.000 0.000 0.000 0.000 0.000 0.000 0.000 0.000 0.000 0.000 0.000 0.000 0.000 0.000 0.000 0.000 0.000 0.000 0.000 0.000 0.000 0.000 0.000 0.000 0.000 0.000 0.000 0.113 0.152 0.201 0.259 0.328 0.405 0.489 0.577 0.667 0.754 0.834 0.902 0.955 0.988 1.000 0.990 0.959 0.908 0.842 0.775 0.852 0.917 0.965 
# 1 0 50 22
-0.563 -0.736 -0.885 -0.979 -0.997 -0.933 -0.803 -0.636 -0.464 -0.311 -0.192 -0.109 0.000 0.000 0.000 0.000 0.000 0.000 0.000 0.000 0.000 0.000 
-0.542 -0.661 -0.824 -0.946 -0.999 -0.970 -0.867 -0.712 -0.538 -0.374 -0.239 -0.141 0.000 0.000 0.000 0.000 0.000 0.000 0.000 0.000 0.000 0.000 
-0.619 -0.584 -0.756 -0.900 -0.986 -0.993 -0.920 -0.785 -0.615 -0.444 -0.295 -0.180 -0.101 0.000 0.000 0.000 0.000 0.000 0.000 0.000 0.000 0.000 
-0.695 -0.521 -0.681 -0.842 -0.957 -1.000 -0.961 -0.850 -0.692 -0.518 -0.356 -0.226 -0.131 0.000 0.000 0.000 0.000 0.000 0.000 0.000 0.000 0.000 
-0.769 -0.598 -0.605 -0.775 -0.914 -0.991 -0.988 -0.907 -0.765 -0.594 -0.424 -0.279 -0.168 0.000 0.000 0.000 0.000 0.000 0.000 0.000 0.000 0.000 
-0.836 -0.674 -0.528 -0.702 -0.859 -0.966 -1.000 -0.952 -0.833 -0.671 -0.497 -0.339 -0.212 -0.123 0.000 0.000 0.000 0.000 0.000 0.000 0.000 0.000 
-0.895 -0.749 -0.577 -0.626 -0.794 -0.927 -0.995 -0.983 -0.893 -0.746 -0.573 -0.405 -0.264 -0.158 0.000 0.000 0.000 0.000 0.000 0.000 0.000 0.000 
-0.943 -0.818 -0.654 -0.549 -0.722 -0.875 -0.974 -0.998 -0.941 -0.816 -0.650 -0.477 -0.322 -0.200 -0.114 0.000 0.000 0.000 0.000 0.000 0.000 0.000 
-0.977 -0.880 -0.729 -0.556 -0.647 -0.812 -0.939 -0.998 -0.976 -0.877 -0.726 -0.552 -0.387 -0.249 -0.147 0.000 0.000 0.000 0.000 0.000 0.000 0.000 
-0.996 -0.931 -0.800 -0.633 -0.570 -0.742 -0.890 -0.981 -0.995 -0.929 -0.797 -0.629 -0.457 -0.305 -0.188 -0.106 0.000 0.000 0.000 0.000 0.000 0.000 
-0.999 -0.969 -0.864 -0.709 -0.535 -0.668 -0.830 -0.950 -0.999 -0.967 -0.861 -0.706 -0.532 -0.368 -0.235 -0.138 0.000 0.000 0.000 0.000 0.000 0.000 
-0.987 -0.992 -0.918 -0.781 -0.612 -0.591 -0.762 -0.904 -0.987 -0.992 -0.916 -0.778 -0.608 -0.437 -0.289 -0.176 0.000 0.000 0.000 0.000 0.000 0.000 
-0.958 -1.000 -0.960 -0.847 -0.688 -0.514 -0.688 -0.847 -0.960 -1.000 -0.958 -0.845 -0.685 -0.511 -0.351 -0.221 -0.128 0.000 0.000 0.000 0.000 0.000 
-0.916 -0.992 -0.987 -0.904 -0.762 -0.591 -0.612 -0.781 -0.918 -0.992 -0.987 -0.902 -0.759 -0.587 -0.418 -0.274 -0.165 0.000 0.000 0.000 0.000 0.000 
-0.861 -0.967 -0.999 -0.950 -0.830 -0.668 -0.535 -0.709 -0.864 -0.969 -0.999 -0.948 -0.827 -0.664 -0.490 -0.333 -0.208 -0.120 0.000 0.000 0.000 0.000 
-0.797 -0.929 -0.995 -0.981 -0.890 -0.742 -0.570 -0.633 -0.800 -0.931 -0.996 -0.980 -0.888 -0.739 -0.566 -0.399 -0.259 -0.154 0.000 0.000 0.000 0.000 
-0.726 -0.877 -0.976 -0.998 -0.939 -0.812 -0.647 -0.556 -0.729 -0.880 -0.977 -0.997 -0.937 -0.809 -0.643 -0.470 -0.316 -0.196 -0.111 0.000 0.000 0.000 
-0.650 -0.816 -0.941 -0.998 -0.974 -0.875 -0.722 -0.549 -0.654 -0.818 -0.943 -0.998 -0.973 -0.872 -0.719 -0.545 -0.380 -0.244 -0.144 0.000 0.000 0.000 
-0.573 -0.746 -0.893 -0.983 -0.995 -0.927 -0.794 -0.626 -0.577 -0.749 -0.895 -0.984 -0.994 -0.925 -0.791 -0.622 -0.450 -0.300 -0.184 -0.103 0.000 0.000 
-0.497 -0.671 -0.833 -0.952 -1.000 -0.966 -0.859 -0.702 -0.528 -0.674 -0.836 -0.953 -1.000 -0.965 -0.856 -0.699 -0.525 -0.362 -0.230 -0.135 0.000 0.000 
-0.424 -0.594 -0.765 -0.907 -0.988 -0.991 -0.914 -0.775 -0.605 -0.598 -0.769 -0.909 -0.989 -0.990 -0.911 -0.772 -0.601 -0.431 -0.284 -0.172 0.000 0.000 
-0.356 -0.518 -0.692 -0.850 -0.961 -1.000 -0.957 -0.842 -0.681 -0.521 -0.695 -0.853 -0.963 -1.000 -0.955 -0.839 -0.678 -0.504 -0.345 -0.217 -0.125 0.000 
-0.295 -0.444 -0.615 -0.785 -0.920 -0.993 -0.986 -0.900 -0.756 -0.584 -0.619 -0.788 -0.922 -0.994 -0.985 -0.897 -0.752 -0.580 -0.412 -0.269 -0.161 0.000 
-0.239 -0.374 -0.538 -0.712 -0.867 -0.970 -0.999 -0.946 -0.824 -0.661 -0.542 -0.716 -0.869 -0.972 -0.999 -0.944 -0.822 -0.657 -0.484 -0.327 -0.204 -0.117 
-0.192 -0.311 -0.464 -0.636 -0.803 -0.933 -0.997 -0.979 -0.885 -0.736 -0.563 -0.640 -0.806 -0.935 -0.997 -0.978 -0.883 -0.733 -0.559 -0.393 -0.254 -0.151 
-0.151 -0.254 -0.393 -0.559 -0.733 -0.883 -0.978 -0.997 -0.935 -0.806 -0.640 -0.563 -0.736 -0.885 -0.979 -0.997 -0.933 -0.803 -0.636 -0.464 -0.311 -0.192 
-0.117 -0.204 -0.327 -0.484 -0.657 -0.822 -0.944 -0.999 -0.972 -0.869 -0.716 -0.542 -0.661 -0.824 -0.946 -0.999 -0.970 -0.867 -0.712 -0.538 -0.374 -0.239 
0.000 -0.161 -0.269 -0.412 -0.580 -0.752 -0.897 -0.985 -0.994 -0.922 -0.788 -0.619 -0.584 -0.756 -0.900 -0.986 -0.993 -0.920 -0.785 -0.615 -0.444 -0.295 
0.000 -0.125 -0.217 -0.345 -0.504 -0.678 -0.839 -0.955 -1.000 -0.963 -0.853 -0.695 -0.521 -0.681 -0.842 -0.957 -1.000 -0.961 -0.850 -0.692 -0.518 -0.356 
0.000 0.000 -0.172 -0.284 -0.431 -0.601 -0.772 -0.911 -0.990 -0.989 -0.909 -0.769 -0.598 -0.605 -0.775 -0.914 -0.991 -0.988 -0.907 -0.765 -0.594 -0.424 
0.000 0.000 -0.135 -0.230 -0.362 -0.525 -0.699 -0.856 -0.965 -1.000 -0.953 -0.836 -0.674 -0.528 -0.702 -0.859 -0.966 -1.000 -0.952 -0.833 -0.671 -0.497 
0.000 0.000 -0.103 -0.184 -0.300 -0.450 -0.622 -0.791 -0.925 -0.994 -0.984 -0.895 -0.749 -0.577 -0.626 -0.794 -0.927 -0.995 -0.983 -0.893 -0.746 -0.573 
0.000 0.000 0.000 -0.144 -0.244 -0.380 -0.545 -0.719 -0.872 -0.973 -0.998 -0.943 -0.818 -0.654 -0.549 -0.722 -0.875 -0.974 -0.998 -0.941 -0.816 -0.650 
0.000 0.000 0.000 -0.111 -0.196 -0.316 -0.470 -0.643 -0.809 -0.937 -0.997 -0.977 -0.880 -0.729 -0.556 -0.647 -0.812 -0.939 -0.998 -0.976 -0.877 -0.726 
0.000 0.000 0.000 0.000 -0.154 -0.259 -0.399 -0.566 -0.739 -0.888 -0.980 -0.996 -0.931 -0.800 -0.633 -0.570 -0.742 -0.890 -0.981 -0.995 -0.929 -0.797 
0.000 0.000 0.000 0.000 -0.120 -0.208 -0.333 -0.490 -0.664 -0.827 -0.948 -0.999 -0.969 -0.864 -0.709 -0.535 -0.668 -0.830 -0.950 -0.999 -0.967 -0.861 
0.000 0.000 0.000 0.000 0.000 -0.165 -0.274 -0.418 -0.587 -0.759 -0.902 -0.987 -0.992 -0.918 -0.781 -0.612 -0.591 -0.762 -0.904 -0.987 -0.992 -0.916 
0.000 0.000 0.000 0.000 0.000 -0.128 -0.221 -0.351 -0.511 -0.685 -0.845 -0.958 -1.000 -0.960 -0.847 -0.688 -0.514 -0.688 -0.847 -0.960 -1.000 -0.958 
0.000 0.000 0.000 0.000 0.000 0.000 -0.176 -0.289 -0.437 -0.608 -0.778 -0.916 -0.992 -0.987 -0.904 -0.762 -0.591 -0.612 -0.781 -0.918 -0.992 -0.987 
0.000 0.000 0.000 0.000 0.000 0.000 -0.138 -0.235 -0.368 -0.532 -0.706 -0.861 -0.967 -0.999 -0.950 -0.830 -0.668 -0.535 -0.709 -0.864 -0.969 -0.999 
0.000 0.000 0.000 0.000 0.000 0.000 -0.106 -0.188 -0.305 -0.457 -0.629 -0.797 -0.929 -0.995 -0.981 -0.890 -0.742 -0.570 -0.633 -0.800 -0.931 -0.996 
0.000 0.000 0.000 0.000 0.000 0.000 0.000 -0.147 -0.249 -0.387 -0.552 -0.726 -0.877 -0.976 -0.998 -0.939 -0.812 -0.647 -0.556 -0.729 -0.880 -0.977 
0.000 0.000 0.000 0.000 0.000 0.000 0.000 -0.114 -0.200 -0.322 -0.477 -0.650 -0.816 -0.941 -0.998 -0.974 -0.875 -0.722 -0.549 -0.654 -0.818 -0.943 
0.000 0.000 0.000 0.000 0.000 0.000 0.000 0.000 -0.158 -0.264 -0.405 -0.573 -0.746 -0.893 -0.983 -0.995 -0.927 -0.794 -0.626 -0.577 -0.749 -0.895 
0.000 0.000 0.000 0.000 0.000 0.000 0.000 0.000 -0.123 -0.212 -0.339 -0.497 -0.671 -0.833 -0.952 -1.000 -0.966 -0.859 -0.702 -0.528 -0.674 -0.836 
0.000 0.000 0.000 0.000 0.000 0.000 0.000 0.000 0.000 -0.168 -0.279 -0.424 -0.594 -0.765 -0.907 -0.988 -0.991 -0.914 -0.775 -0.605 -0.598 -0.769 
0.000 0.000 0.000 0.000 0.000 0.000 0.000 0.000 0.000 -0.131 -0.226 -0.356 -0.518 -0.692 -0.850 -0.961 -1.000 -0.957 -0.842 -0.681 -0.521 -0.695 
0.000 0.000 0.000 0.000 0.000 0.000 0.000 0.000 0.000 -0.101 -0.180 -0.295 -0.444 -0.615 -0.785 -0.920 -0.993 -0.986 -0.900 -0.756 -0.584 -0.619 
0.000 0.000 0.000 0.000 0.000 0.000 0.000 0.000 0.000 0.000 -0.141 -0.239 -0.374 -0.538 -0.712 -0.867 -0.970 -0.999 -0.946 -0.824 -0.661 -0.542 
0.000 0.000 0.000 0.000 0.000 0.000 0.000 0.000 0.000 0.000 -0.109 -0.192 -0.311 -0.464 -0.636 -0.803 -0.933 -0.997 -0.979 -0.885 -0.736 -0.563 
# 1 2 22 22
-0.514 -0.688 -0.847 -0.960 -1.000 -0.958 -0.845 -0.685 -0.511 -0.351 -0.221 -0.128 0.000 0.000 0.000 0.000 0.000 0.000 0.000 0.000 0.000 0.000 
-0.688 -0.514 -0.688 -0.847 -0.960 -1.000 -0.958 -0.845 -0.685 -0.511 -0.351 -0.221 -0.128 0.000 0.000 0.000 0.000 0.000 0.000 0.000 0.000 0.000 
-0.847 -0.688 -0.514 -0.688 -0.847 -0.960 -1.000 -0.958 -0.845 -0.685 -0.511 -0.351 -0.221 -0.128 0.000 0.000 0.000 0.000 0.000 0.000 0.000 0.000 
-0.960 -0.847 -0.688 -0.514 -0.688 -0.847 -0.960 -1.000 -0.958 -0.845 -0.685 -0.511 -0.351 -0.221 -0.128 0.000 0.000 0.000 0.000 0.000 0.000 0.000 
-1.000 -0.960 -0.847 -0.688 -0.514 -0.688 -0.847 -0.960 -1.000 -0.958 -0.845 -0.685 -0.511 -0.351 -0.221 -0.128 0.000 0.000 0.000 0.000 0.000 0.000 
-0.958 -1.000 -0.960 -0.847 -0.688 -0.514 -0.688 -0.847 -0.960 -1.000 -0.958 -0.845 -0.685 -0.511 -0.351 -0.221 -0.128 0.000 0.000 0.000 0.000 0.000 
-0.845 -0.958 -1.000 -0.960 -0.847 -0.688 -0.514 -0.688 -0.847 -0.960 -1.000 -0.958 -0.845 -0.685 -0.511 -0.351 -0.221 -0.128 0.000 0.000 0.000 0.000 
-0.685 -0.845 -0.958 -1.000 -0.960 -0.847 -0.688 -0.514 -0.688 -0.847 -0.960 -1.000 -0.958 -0.845 -0.685 -0.511 -0.351 -0.221 -0.128 0.000 0.000 0.000 
-0.511 -0.685 -0.845 -0.958 -1.000 -0.960 -0.847 -0.688 -0.514 -0.688 -0.847 -0.960 -1.000 -0.958 -0.845 -0.685 -0.511 -0.351 -0.221 -0.128 0.000 0.000 
-0.351 -0.511 -0.685 -0.845 -0.958 -1.000 -0.960 -0.847 -0.688 -0.514 -0.688 -0.847 -0.960 -1.000 -0.958 -0.845 -0.685 -0.511 -0.351 -0.221 -0.128 0.000 
-0.221 -0.351 -0.511 -0.685 -0.845 -0.958 -1.000 -0.960 -0.847 -0.688 -0.514 -0.688 -0.847 -0.960 -1.000 -0.958 -0.845 -0.685 -0.511 -0.351 -0.221 -0.128 
-0.128 -0.221 -0.351 -0.511 -0.685 -0.845 -0.958 -1.000 -0.960 -0.847 -0.688 -0.514 -0.688 -0.847 -0.960 -1.000 -0.958 -0.845 -0.685 -0.511 -0.351 -0.221 
0.000 -0.128 -0.221 -0.351 -0.511 -0.685 -0.845 -0.958 -1.000 -0.960 -0.847 -0.688 -0.514 -0.688 -0.847 -0.960 -1.000 -0.958 -0.845 -0.685 -0.511 -0.351 
0.000 0.000 -0.128 -0.221 -0.351 -0.511 -0.685 -0.845 -0.958 -1.000 -0.960 -0.847 -0.688 -0.514 -0.688 -0.847 -0.960 -1.000 -0.958 -0.845 -0.685 -0.511 
0.000 0.000 0.000 -0.128 -0.221 -0.351 -0.511 -0.685 -0.845 -0.958 -1.000 -0.960 -0.847 -0.688 -0.514 -0.688 -0.847 -0.960 -1.000 -0.958 -0.845 -0.685 
0.000 0.000 0.000 0.000 -0.128 -0.221 -0.351 -0.511 -0.685 -0.845 -0.958 -1.000 -0.960 -0.847 -0.688 -0.514 -0.688 -0.847 -0.960 -1.000 -0.958 -0.845 
0.000 0.000 0.000 0.000 0.000 -0.128 -0.221 -0.351 -0.511 -0.685 -0.845 -0.958 -1.000 -0.960 -0.847 -0.688 -0.514 -0.688 -0.847 -0.960 -1.000 -0.958 
0.000 0.000 0.000 0.000 0.000 0.000 -0.128 -0.221 -0.351 -0.511 -0.685 -0.845 -0.958 -1.000 -0.960 -0.847 -0.688 -0.514 -0.688 -0.847 -0.960 -1.000 
0.000 0.000 0.000 0.000 0.000 0.000 0.000 -0.128 -0.221 -0.351 -0.511 -0.685 -0.845 -0.958 -1.000 -0.960 -0.847 -0.688 -0.514 -0.688 -0.847 -0.960 
0.000 0.000 0.000 0.000 0.000 0.000 0.000 0.000 -0.128 -0.221 -0.351 -0.511 -0.685 -0.845 -0.958 -1.000 -0.960 -0.847 -0.688 -0.514 -0.688 -0.847 
0.000 0.000 0.000 0.000 0.000 0.000 0.000 0.000 0.000 -0.128 -0.221 -0.351 -0.511 -0.685 -0.845 -0.958 -1.000 -0.960 -0.847 -0.688 -0.514 -0.688 
0.000 0.000 0.000 0.000 0.000 0.000 0.000 0.000 0.000 0.000 -0.128 -0.221 -0.351 -0.511 -0.685 -0.845 -0.958 -1.000 -0.960 -0.847 -0.688 -0.514 
# 1 3 22 22
-0.514 -0.688 -0.847 -0.960 -1.000 -0.958 -0.845 -0.685 -0.511 -0.351 -0.221 -0.128 0.000 0.000 0.000 0.000 0.000 0.000 0.000 0.000 0.000 0.000 
-0.688 -0.514 -0.688 -0.847 -0.960 -1.000 -0.958 -0.845 -0.685 -0.511 -0.351 -0.221 -0.128 0.000 0.000 0.000 0.000 0.000 0.000 0.000 0.000 0.000 
-0.847 -0.688 -0.514 -0.688 -0.847 -0.960 -1.000 -0.958 -0.845 -0.685 -0.511 -0.351 -0.221 -0.128 0.000 0.000 0.000 0.000 0.000 0.000 0.000 0.000 
-0.960 -0.847 -0.688 -0.514 -0.688 -0.847 -0.960 -1.000 -0.958 -0.845 -0.685 -0.511 -0.351 -0.221 -0.128 0.000 0.000 0.000 0.000 0.000 0.000 0.000 
-1.000 -0.960 -0.847 -0.688 -0.514 -0.688 -0.847 -0.960 -1.000 -0.958 -0.845 -0.685 -0.511 -0.351 -0.221 -0.128 0.000 0.000 0.000 0.000 0.000 0.000 
-0.958 -1.000 -0.960 -0.847 -0.688 -0.514 -0.688 -0.847 -0.960 -1.000 -0.958 -0.845 -0.685 -0.511 -0.351 -0.221 -0.128 0.000 0.000 0.000 0.000 0.000 
-0.845 -0.958 -1.000 -0.960 -0.847 -0.688 -0.514 -0.688 -0.847 -0.960 -1.000 -0.958 -0.845 -0.685 -0.511 -0.351 -0.221 -0.128 0.000 0.000 0.000 0.000 
-0.685 -0.845 -0.958 -1.000 -0.960 -0.847 -0.688 -0.514 -0.688 -0.847 -0.960 -1.000 -0.958 -0.845 -0.685 -0.511 -0.351 -0.221 -0.128 0.000 0.000 0.000 
-0.511 -0.685 -0.845 -0.958 -1.000 -0.960 -0.847 -0.688 -0.514 -0.688 -0.847 -0.960 -1.000 -0.958 -0.845 -0.685 -0.511 -0.351 -0.221 -0.128 0.000 0.000 
-0.351 -0.511 -0.685 -0.845 -0.958 -1.000 -0.960 -0.847 -0.688 -0.514 -0.688 -0.847 -0.960 -1.000 -0.958 -0.845 -0.685 -0.511 -0.351 -0.221 -0.128 0.000 
-0.221 -0.351 -0.511 -0.685 -0.845 -0.958 -1.000 -0.960 -0.847 -0.688 -0.514 -0.688 -0.847 -0.960 -1.000 -0.958 -0.845 -0.685 -0.511 -0.351 -0.221 -0.128 
-0.128 -0.221 -0.351 -0.511 -0.685 -0.845 -0.958 -1.000 -0.960 -0.847 -0.688 -0.514 -0.688 -0.847 -0.960 -1.000 -0.958 -0.845 -0.685 -0.511 -0.351 -0.221 
0.000 -0.128 -0.221 -0.351 -0.511 -0.685 -0.845 -0.958 -1.000 -0.960 -0.847 -0.688 -0.514 -0.688 -0.847 -0.960 -1.000 -0.958 -0.845 -0.685 -0.511 -0.351 
0.000 0.000 -0.128 -0.221 -0.351 -0.511 -0.685 -0.845 -0.958 -1.000 -0.960 -0.847 -0.688 -0.514 -0.688 -0.847 -0.960 -1.000 -0.958 -0.845 -0.685 -0.511 
0.000 0.000 0.000 -0.128 -0.221 -0.351 -0.511 -0.685 -0.845 -0.958 -1.000 -0.960 -0.847 -0.688 -0.514 -0.688 -0.847 -0.960 -1.000 -0.958 -0.845 -0.685 
0.000 0.000 0.000 0.000 -0.128 -0.221 -0.351 -0.511 -0.685 -0.845 -0.958 -1.000 -0.960 -0.847 -0.688 -0.514 -0.688 -0.847 -0.960 -1.000 -0.958 -0.845 
0.000 0.000 0.000 0.000 0.000 -0.128 -0.221 -0.351 -0.511 -0.685 -0.845 -0.958 -1.000 -0.960 -0.847 -0.688 -0.514 -0.688 -0.847 -0.960 -1.000 -0.958 
0.000 0.000 0.000 0.000 0.000 0.000 -0.128 -0.221 -0.351 -0.511 -0.685 -0.845 -0.958 -1.000 -0.960 -0.847 -0.688 -0.514 -0.688 -0.847 -0.960 -1.000 
0.000 0.000 0.000 0.000 0.000 0.000 0.000 -0.128 -0.221 -0.351 -0.511 -0.685 -0.845 -0.958 -1.000 -0.960 -0.847 -0.688 -0.514 -0.688 -0.847 -0.960 
0.000 0.000 0.000 0.000 0.000 0.000 0.000 0.000 -0.128 -0.221 -0.351 -0.511 -0.685 -0.845 -0.958 -1.000 -0.960 -0.847 -0.688 -0.514 -0.688 -0.847 
0.000 0.000 0.000 0.000 0.000 0.000 0.000 0.000 0.000 -0.128 -0.221 -0.351 -0.511 -0.685 -0.845 -0.958 -1.000 -0.960 -0.847 -0.688 -0.514 -0.688 
0.000 0.000 0.000 0.000 0.000 0.000 0.000 0.000 0.000 0.000 -0.128 -0.221 -0.351 -0.511 -0.685 -0.845 -0.958 -1.000 -0.960 -0.847 -0.688 -0.514 
# 2 0 50 22
-0.554 -0.729 -0.881 -0.978 -0.997 -0.933 -0.803 -0.634 -0.460 -0.306 -0.187 -0.105 0.000 0.000 0.000 0.000 0.000 0.000 0.000 0.000 0.000 0.000 
-0.533 -0.653 -0.819 -0.944 -0.999 -0.971 -0.867 -0.711 -0.535 -0.370 -0.235 -0.137 0.000 0.000 0.000 0.000 0.000 0.000 0.000 0.000 0.000 0.000 
-0.610 -0.575 -0.749 -0.896 -0.984 -0.993 -0.921 -0.784 -0.613 -0.440 -0.290 -0.176 0.000 0.000 0.000 0.000 0.000 0.000 0.000 0.000 0.000 0.000 
-0.688 -0.512 -0.674 -0.837 -0.954 -1.000 -0.962 -0.850 -0.690 -0.514 -0.352 -0.221 -0.128 0.000 0.000 0.000 0.000 0.000 0.000 0.000 0.000 0.000 
-0.762 -0.589 -0.596 -0.769 -0.910 -0.990 -0.989 -0.907 -0.764 -0.592 -0.420 -0.274 -0.165 0.000 0.000 0.000 0.000 0.000 0.000 0.000 0.000 0.000 
-0.831 -0.667 -0.519 -0.694 -0.854 -0.964 -1.000 -0.952 -0.833 -0.669 -0.494 -0.335 -0.208 -0.119 0.000 0.000 0.000 0.000 0.000 0.000 0.000 0.000 
-0.891 -0.742 -0.568 -0.617 -0.788 -0.924 -0.994 -0.983 -0.893 -0.745 -0.570 -0.401 -0.259 -0.154 0.000 0.000 0.000 0.000 0.000 0.000 0.000 0.000 
-0.940 -0.813 -0.646 -0.540 -0.715 -0.870 -0.973 -0.998 -0.941 -0.815 -0.648 -0.473 -0.318 -0.196 -0.111 0.000 0.000 0.000 0.000 0.000 0.000 0.000 
-0.975 -0.876 -0.722 -0.547 -0.638 -0.807 -0.936 -0.997 -0.976 -0.878 -0.724 -0.549 -0.383 -0.245 -0.144 0.000 0.000 0.000 0.000 0.000 0.000 0.000 
-0.995 -0.928 -0.794 -0.624 -0.561 -0.735 -0.886 -0.980 -0.996 -0.929 -0.796 -0.627 -0.453 -0.301 -0.184 -0.103 0.000 0.000 0.000 0.000 0.000 0.000 
-0.999 -0.967 -0.859 -0.701 -0.526 -0.660 -0.825 -0.947 -0.999 -0.968 -0.861 -0.704 -0.528 -0.364 -0.231 -0.134 0.000 0.000 0.000 0.000 0.000 0.000 
-0.987 -0.992 -0.915 -0.775 -0.603 -0.582 -0.755 -0.901 -0.986 -0.992 -0.916 -0.777 -0.606 -0.433 -0.285 -0.172 0.000 0.000 0.000 0.000 0.000 0.000 
-0.959 -1.000 -0.958 -0.842 -0.681 -0.505 -0.681 -0.842 -0.958 -1.000 -0.959 -0.845 -0.683 -0.508 -0.346 -0.217 -0.125 0.000 0.000 0.000 0.000 0.000 
-0.916 -0.992 -0.986 -0.901 -0.755 -0.582 -0.603 -0.775 -0.915 -0.992 -0.987 -0.903 -0.758 -0.585 -0.414 -0.269 -0.161 0.000 0.000 0.000 0.000 0.000 
-0.861 -0.968 -0.999 -0.947 -0.825 -0.660 -0.526 -0.701 -0.859 -0.967 -0.999 -0.949 -0.827 -0.662 -0.487 -0.329 -0.204 -0.116 0.000 0.000 0.000 0.000 
-0.796 -0.929 -0.996 -0.980 -0.886 -0.735 -0.561 -0.624 -0.794 -0.928 -0.995 -0.981 -0.888 -0.738 -0.563 -0.395 -0.254 -0.150 0.000 0.000 0.000 0.000 
-0.724 -0.878 -0.976 -0.997 -0.936 -0.807 -0.638 -0.547 -0.722 -0.876 -0.975 -0.998 -0.937 -0.809 -0.641 -0.467 -0.312 -0.192 -0.108 0.000 0.000 0.000 
-0.648 -0.815 -0.941 -0.998 -0.973 -0.870 -0.715 -0.540 -0.646 -0.813 -0.940 -0.998 -0.974 -0.872 -0.718 -0.542 -0.376 -0.240 -0.140 0.000 0.000 0.000 
-0.570 -0.745 -0.893 -0.983 -0.994 -0.924 -0.788 -0.617 -0.568 -0.742 -0.891 -0.982 -0.995 -0.925 -0.790 -0.620 -0.447 -0.296 -0.180 -0.100 0.000 0.000 
-0.494 -0.669 -0.833 -0.952 -1.000 -0.964 -0.854 -0.694 -0.519 -0.667 -0.831 -0.951 -1.000 -0.965 -0.856 -0.697 -0.521 -0.358 -0.226 -0.131 0.000 0.000 
-0.420 -0.592 -0.764 -0.907 -0.989 -0.990 -0.910 -0.769 -0.596 -0.589 -0.762 -0.906 -0.988 -0.991 -0.912 -0.771 -0.599 -0.427 -0.280 -0.168 0.000 0.000 
-0.352 -0.514 -0.690 -0.850 -0.962 -1.000 -0.954 -0.837 -0.674 -0.512 -0.688 -0.848 -0.961 -1.000 -0.956 -0.839 -0.676 -0.501 -0.340 -0.213 -0.122 0.000 
-0.290 -0.440 -0.613 -0.784 -0.921 -0.993 -0.984 -0.896 -0.749 -0.575 -0.610 -0.781 -0.919 -0.993 -0.985 -0.898 -0.751 -0.577 -0.408 -0.264 -0.157 0.000 
-0.235 -0.370 -0.535 -0.711 -0.867 -0.971 -0.999 -0.944 -0.819 -0.653 -0.533 -0.708 -0.865 -0.970 -0.999 -0.945 -0.821 -0.655 -0.480 -0.323 -0.200 -0.113 
-0.187 -0.306 -0.460 -0.634 -0.803 -0.933 -0.997 -0.978 -0.881 -0.729 -0.554 -0.631 -0.800 -0.932 -0.996 -0.979 -0.883 -0.731 -0.556 -0.389 -0.249 -0.147 
-0.147 -0.249 -0.389 -0.556 -0.731 -0.883 -0.979 -0.996 -0.932 -0.800 -0.631 -0.554 -0.729 -0.881 -0.978 -0.997 -0.933 -0.803 -0.634 -0.460 -0.306 -0.187 
-0.113 -0.200 -0.323 -0.480 -0.655 -0.821 -0.945 -0.999 -0.970 -0.865 -0.708 -0.533 -0.653 -0.819 -0.944 -0.999 -0.971 -0.867 -0.711 -0.535 -0.370 -0.235 
0.000 -0.157 -0.264 -0.408 -0.577 -0.751 -0.898 -0.985 -0.993 -0.919 -0.781 -0.610 -0.575 -0.749 -0.896 -0.984 -0.993 -0.921 -0.784 -0.613 -0.440 -0.290 
0.000 -0.122 -0.213 -0.340 -0.501 -0.676 -0.839 -0.956 -1.000 -0.961 -0.848 -0.688 -0.512 -0.674 -0.837 -0.954 -1.000 -0.962 -0.850 -0.690 -0.514 -0.352 
0.000 0.000 -0.168 -0.280 -0.427 -0.599 -0.771 -0.912 -0.991 -0.988 -0.906 -0.762 -0.589 -0.596 -0.769 -0.910 -0.990 -0.989 -0.907 -0.764 -0.592 -0.420 
0.000 0.000 -0.131 -0.226 -0.358 -0.521 -0.697 -0.856 -0.965 -1.000 -0.951 -0.831 -0.667 -0.519 -0.694 -0.854 -0.964 -1.000 -0.952 -0.833 -0.669 -0.494 
0.000 0.000 -0.100 -0.180 -0.296 -0.447 -0.620 -0.790 -0.925 -0.995 -0.982 -0.891 -0.742 -0.568 -0.617 -0.788 -0.924 -0.994 -0.983 -0.893 -0.745 -0.570 
0.000 0.000 0.000 -0.140 -0.240 -0.376 -0.542 -0.718 -0.872 -0.974 -0.998 -0.940 -0.813 -0.646 -0.540 -0.715 -0.870 -0.973 -0.998 -0.941 -0.815 -0.648 
0.000 0.000 0.000 -0.108 -0.192 -0.312 -0.467 -0.641 -0.809 -0.937 -0.998 -0.975 -0.876 -0.722 -0.547 -0.638 -0.807 -0.936 -0.997 -0.976 -0.878 -0.724 
0.000 0.000 0.000 0.000 -0.150 -0.254 -0.395 -0.563 -0.738 -0.888 -0.981 -0.995 -0.928 -0.794 -0.624 -0.561 -0.735 -0.886 -0.980 -0.996 -0.929 -0.796 
0.000 0.000 0.000 0.000 -0.116 -0.204 -0.329 -0.487 -0.662 -0.827 -0.949 -0.999 -0.967 -0.859 -0.701 -0.526 -0.660 -0.825 -0.947 -0.999 -0.968 -0.861 
0.000 0.000 0.000 0.000 0.000 -0.161 -0.269 -0.414 -0.585 -0.758 -0.903 -0.987 -0.992 -0.915 -0.775 -0.603 -0.582 -0.755 -0.901 -0.986 -0.992 -0.916 
0.000 0.000 0.000 0.000 0.000 -0.125 -0.217 -0.346 -0.508 -0.683 -0.845 -0.959 -1.000 -0.958 -0.842 -0.681 -0.505 -0.681 -0.842 -0.958 -1.000 -0.959 
0.000 0.000 0.000 0.000 0.000 0.000 -0.172 -0.285 -0.433 -0.606 -0.777 -0.916 -0.992 -0.986 -0.901 -0.755 -0.582 -0.603 -0.775 -0.915 -0.992 -0.987 
0.000 0.000 0.000 0.000 0.000 0.000 -0.134 -0.231 -0.364 -0.528 -0.704 -0.861 -0.968 -0.999 -0.947 -0.825 -0.660 -0.526 -0.701 -0.859 -0.967 -0.999 
0.000 0.000 0.000 0.000 0.000 0.000 -0.103 -0.184 -0.301 -0.453 -0.627 -0.796 -0.929 -0.996 -0.980 -0.886 -0.735 -0.561 -0.624 -0.794 -0.928 -0.995 
0.000 0.000 0.000 0.000 0.000 0.000 0.000 -0.144 -0.245 -0.383 -0.549 -0.724 -0.878 -0.976 -0.997 -0.936 -0.807 -0.638 -0.547 -0.722 -0.876 -0.975 
0.000 0.000 0.000 0.000 0.000 0.000 0.000 -0.111 -0.196 -0.318 -0.473 -0.648 -0.815 -0.941 -0.998 -0.973 -0.870 -0.715 -0.540 -0.646 -0.813 -0.940 
0.000 0.000 0.000 0.000 0.000 0.000 0.000 0.000 -0.154 -0.259 -0.401 -0.570 -0.745 -0.893 -0.983 -0.994 -0.924 -0.788 -0.617 -0.568 -0.742 -0.891 
0.000 0.000 0.000 0.000 0.000 0.000 0.000 0.000 -0.119 -0.208 -0.335 -0.494 -0.669 -0.833 -0.952 -1.000 -0.964 -0.854 -0.694 -0.519 -0.667 -0.831 
0.000 0.000 0.000 0.000 0.000 0.000 0.000 0.000 0.000 -0.165 -0.274 -0.420 -0.592 -0.764 -0.907 -0.989 -0.990 -0.910 -0.769 -0.596 -0.589 -0.762 
0.000 0.000 0.000 0.000 0.000 0.000 0.000 0.000 0.000 -0.128 -0.221 -0.352 -0.514 -0.690 -0.850 -0.962 -1.000 -0.954 -0.837 -0.674 -0.512 -0.688 
0.000 0.000 0.000 0.000 0.000 0.000 0.000 0.000 0.000 0.000 -0.176 -0.290 -0.440 -0.613 -0.784 -0.921 -0.993 -0.984 -0.896 -0.749 -0.575 -0.610 
0.000 0.000 0.000 0.000 0.000 0.000 0.000 0.000 0.000 0.000 -0.137 -0.235 -0.370 -0.535 -0.711 -0.867 -0.971 -0.999 -0.944 -0.819 -0.653 -0.533 
0.000 0.000 0.000 0.000 0.000 0.000 0.000 0.000 0.000 0.000 -0.105 -0.187 -0.306 -0.460 -0.634 -0.803 -0.933 -0.997 -0.978 -0.881 -0.729 -0.554 
# 2 1 22 22
-0.505 -0.681 -0.842 -0.958 -1.000 -0.959 -0.845 -0.683 -0.508 -0.346 -0.217 -0.125 0.000 0.000 0.000 0.000 0.000 0.000 0.000 0.000 0.000 0.000 
-0.681 -0.505 -0.681 -0.842 -0.958 -1.000 -0.959 -0.845 -0.683 -0.508 -0.346 -0.217 -0.125 0.000 0.000 0.000 0.000 0.000 0.000 0.000 0.000 0.000 
-0.842 -0.681 -0.505 -0.681 -0.842 -0.958 -1.000 -0.959 -0.845 -0.683 -0.508 -0.346 -0.217 -0.125 0.000 0.000 0.000 0.000 0.000 0.000 0.000 0.000 
-0.958 -0.842 -0.681 -0.505 -0.681 -0.842 -0.958 -1.000 -0.959 -0.845 -0.683 -0.508 -0.346 -0.217 -0.125 0.000 0.000 0.000 0.000 0.000 0.000 0.000 
-1.000 -0.958 -0.842 -0.681 -0.505 -0.681 -0.842 -0.958 -1.000 -0.959 -0.845 -0.683 -0.508 -0.346 -0.217 -0.125 0.000 0.000 0.000 0.000 0.000 0.000 
-0.959 -1.000 -0.958 -0.842 -0.681 -0.505 -0.681 -0.842 -0.958 -1.000 -0.959 -0.845 -0.683 -0.508 -0.346 -0.217 -0.125 0.000 0.000 0.000 0.000 0.000 
-0.845 -0.959 -1.000 -0.958 -0.842 -0.681 -0.505 -0.681 -0.842 -0.958 -1.000 -0.959 -0.845 -0.683 -0.508 -0.346 -0.217 -0.125 0.000 0.000 0.000 0.000 
-0.683 -0.845 -0.959 -1.000 -0.958 -0.842 -0.681 -0.505 -0.681 -0.842 -0.958 -1.000 -0.959 -0.845 -0.683 -0.508 -0.346 -0.217 -0.125 0.000 0.000 0.000 
-0.508 -0.683 -0.845 -0.959 -1.000 -0.958 -0.842 -0.681 -0.505 -0.681 -0.842 -0.958 -1.000 -0.959 -0.845 -0.683 -0.508 -0.346 -0.217 -0.125 0.000 0.000 
-0.346 -0.508 -0.683 -0.845 -0.959 -1.000 -0.958 -0.842 -0.681 -0.505 -0.681 -0.842 -0.958 -1.000 -0.959 -0.845 -0.683 -0.508 -0.346 -0.217 -0.125 0.000 
-0.217 -0.346 -0.508 -0.683 -0.845 -0.959 -1.000 -0.958 -0.842 -0.681 -0.505 -0.681 -0.842 -0.958 -1.000 -0.959 -0.845 -0.683 -0.508 -0.346 -0.217 -0.125 
-0.125 -0.217 -0.346 -0.508 -0.683 -0.845 -0.959 -1.000 -0.958 -0.842 -0.681 -0.505 -0.681 -0.842 -0.958 -1.000 -0.959 -0.845 -0.683 -0.508 -0.346 -0.217 
0.000 -0.125 -0.217 -0.346 -0.508 -0.683 -0.845 -0.959 -1.000 -0.958 -0.842 -0.681 -0.505 -0.681 -0.842 -0.958 -1.000 -0.959 -0.845 -0.683 -0.508 -0.346 
0.000 0.000 -0.125 -0.217 -0.346 -0.508 -0.683 -0.845 -0.959 -1.000 -0.958 -0.842 -0.681 -0.505 -0.681 -0.842 -0.958 -1.000 -0.959 -0.845 -0.683 -0.508 
0.000 0.000 0.000 -0.125 -0.217 -0.346 -0.508 -0.683 -0.845 -0.959 -1.000 -0.958 -0.842 -0.681 -0.505 -0.681 -0.842 -0.958 -1.000 -0.959 -0.845 -0.683 
0.000 0.000 0.000 0.000 -0.125 -0.217 -0.346 -0.508 -0.683 -0.845 -0.959 -1.000 -0.958 -0.842 -0.681 -0.505 -0.681 -0.842 -0.958 -1.000 -0.959 -0.845 
0.000 0.000 0.000 0.000 0.000 -0.125 -0.217 -0.346 -0.508 -0.683 -0.845 -0.959 -1.000 -0.958 -0.842 -0.681 -0.505 -0.681 -0.842 -0.958 -1.000 -0.959 
0.000 0.000 0.000 0.000 0.000 0.000 -0.125 -0.217 -0.346 -0.508 -0.683 -0.845 -0.959 -1.000 -0.958 -0.842 -0.681 -0.505 -0.681 -0.842 -0.958 -1.000 
0.000 0.000 0.000 0.000 0.000 0.000 0.000 -0.125 -0.217 -0.346 -0.508 -0.683 -0.845 -0.959 -1.000 -0.958 -0.842 -0.681 -0.505 -0.681 -0.842 -0.958 
0.000 0.000 0.000 0.000 0.000 0.000 0.000 0.000 -0.125 -0.217 -0.346 -0.508 -0.683 -0.845 -0.959 -1.000 -0.958 -0.842 -0.681 -0.505 -0.681 -0.842 
0.000 0.000 0.000 0.000 0.000 0.000 0.000 0.000 0.000 -0.125 -0.217 -0.346 -0.508 -0.683 -0.845 -0.959 -1.000 -0.958 -0.842 -0.681 -0.505 -0.681 
0.000 0.000 0.000 0.000 0.000 0.000 0.000 0.000 0.000 0.000 -0.125 -0.217 -0.346 -0.508 -0.683 -0.845 -0.959 -1.000 -0.958 -0.842 -0.681 -0.505 
# 2 3 22 22
-0.505 -0.681 -0.842 -0.958 -1.000 -0.959 -0.845 -0.683 -0.508 -0.346 -0.217 -0.125 0.000 0.000 0.000 0.000 0.000 0.000 0.000 0.000 0.000 0.000 
-0.681 -0.505 -0.681 -0.842 -0.958 -1.000 -0.959 -0.845 -0.683 -0.508 -0.346 -0.217 -0.125 0.000 0.000 0.000 0.000 0.000 0.000 0.000 0.000 0.000 
-0.842 -0.681 -0.505 -0.681 -0.842 -0.958 -1.000 -0.959 -0.845 -0.683 -0.508 -0.346 -0.217 -0.125 0.000 0.000 0.000 0.000 0.000 0.000 0.000 0.000 
-0.958 -0.842 -0.681 -0.505 -0.681 -0.842 -0.958 -1.000 -0.959 -0.845 -0.683 -0.508 -0.346 -0.217 -0.125 0.000 0.000 0.000 0.000 0.000 0.000 0.000 
-1.000 -0.958 -0.842 -0.681 -0.505 -0.681 -0.842 -0.958 -1.000 -0.959 -0.845 -0.683 -0.508 -0.346 -0.217 -0.125 0.000 0.000 0.000 0.000 0.000 0.000 
-0.959 -1.000 -0.958 -0.842 -0.681 -0.505 -0.681 -0.842 -0.958 -1.000 -0.959 -0.845 -0.683 -0.508 -0.346 -0.217 -0.125 0.000 0.000 0.000 0.000 0.000 
-0.845 -0.959 -1.000 -0.958 -0.842 -0.681 -0.505 -0.681 -0.842 -0.958 -1.000 -0.959 -0.845 -0.683 -0.508 -0.346 -0.217 -0.125 0.000 0.000 0.000 0.000 
-0.683 -0.845 -0.959 -1.000 -0.958 -0.842 -0.681 -0.505 -0.681 -0.842 -0.958 -1.000 -0.959 -0.845 -0.683 -0.508 -0.346 -0.217 -0.125 0.000 0.000 0.000 
-0.508 -0.683 -0.845 -0.959 -1.000 -0.958 -0.842 -0.681 -0.505 -0.681 -0.842 -0.958 -1.000 -0.959 -0.845 -0.683 -0.508 -0.346 -0.217 -0.125 0.000 0.000 
-0.346 -0.508 -0.683 -0.845 -0.959 -1.000 -0.958 -0.842 -0.681 -0.505 -0.681 -0.842 -0.958 -1.000 -0.959 -0.845 -0.683 -0.508 -0.346 -0.217 -0.125 0.000 
-0.217 -0.346 -0.508 -0.683 -0.845 -0.959 -1.000 -0.958 -0.842 -0.681 -0.505 -0.681 -0.842 -0.958 -1.000 -0.959 -0.845 -0.683 -0.508 -0.346 -0.217 -0.125 
-0.125 -0.217 -0.346 -0.508 -0.683 -0.845 -0.959 -1.000 -0.958 -0.842 -0.681 -0.505 -0.681 -0.842 -0.958 -1.000 -0.959 -0.845 -0.683 -0.508 -0.346 -0.217 
0.000 -0.125 -0.217 -0.346 -0.508 -0.683 -0.845 -0.959 -1.000 -0.958 -0.842 -0.681 -0.505 -0.681 -0.842 -0.958 -1.000 -0.959 -0.845 -0.683 -0.508 -0.346 
0.000 0.000 -0.125 -0.217 -0.346 -0.508 -0.683 -0.845 -0.959 -1.000 -0.958 -0.842 -0.681 -0.505 -0.681 -0.842 -0.958 -1.000 -0.959 -0.845 -0.683 -0.508 
0.000 0.000 0.000 -0.125 -0.217 -0.346 -0.508 -0.683 -0.845 -0.959 -1.000 -0.958 -0.842 -0.681 -0.505 -0.681 -0.842 -0.958 -1.000 -0.959 -0.845 -0.683 
0.000 0.000 0.000 0.000 -0.125 -0.217 -0.346 -0.508 -0.683 -0.845 -0.959 -1.000 -0.958 -0.842 -0.681 -0.505 -0.681 -0.842 -0.958 -1.000 -0.959 -0.845 
0.000 0.000 0.000 0.000 0.000 -0.125 -0.217 -0.346 -0.508 -0.683 -0.845 -0.959 -1.000 -0.958 -0.842 -0.681 -0.505 -0.681 -0.842 -0.958 -1.000 -0.959 
0.000 0.000 0.000 0.000 0.000 0.000 -0.125 -0.217 -0.346 -0.508 -0.683 -0.845 -0.959 -1.000 -0.958 -0.842 -0.681 -0.505 -0.681 -0.842 -0.958 -1.000 
0.000 0.000 0.000 0.000 0.000 0.000 0.000 -0.125 -0.217 -0.346 -0.508 -0.683 -0.845 -0.959 -1.000 -0.958 -0.842 -0.681 -0.505 -0.681 -0.842 -0.958 
0.000 0.000 0.000 0.000 0.000 0.000 0.000 0.000 -0.125 -0.217 -0.346 -0.508 -0.683 -0.845 -0.959 -1.000 -0.958 -0.842 -0.681 -0.505 -0.681 -0.842 
0.000 0.000 0.000 0.000 0.000 0.000 0.000 0.000 0.000 -0.125 -0.217 -0.346 -0.508 -0.683 -0.845 -0.959 -1.000 -0.958 -0.842 -0.681 -0.505 -0.681 
0.000 0.000 0.000 0.000 0.000 0.000 0.000 0.000 0.000 0.000 -0.125 -0.217 -0.346 -0.508 -0.683 -0.845 -0.959 -1.000 -0.958 -0.842 -0.681 -0.505 
# 3 0 50 22
-0.562 -0.736 -0.885 -0.979 -0.996 -0.932 -0.802 -0.635 -0.462 -0.309 -0.190 -0.107 0.000 0.000 0.000 0.000 0.000 0.000 0.000 0.000 0.000 0.000 
-0.541 -0.660 -0.824 -0.946 -0.999 -0.970 -0.866 -0.711 -0.536 -0.372 -0.238 -0.139 0.000 0.000 0.000 0.000 0.000 0.000 0.000 0.000 0.000 0.000 
-0.618 -0.583 -0.755 -0.900 -0.986 -0.993 -0.920 -0.783 -0.613 -0.442 -0.293 -0.178 0.000 0.000 0.000 0.000 0.000 0.000 0.000 0.000 0.000 0.000 
-0.695 -0.520 -0.681 -0.842 -0.957 -1.000 -0.961 -0.849 -0.690 -0.516 -0.354 -0.224 -0.130 0.000 0.000 0.000 0.000 0.000 0.000 0.000 0.000 0.000 
-0.768 -0.597 -0.604 -0.775 -0.914 -0.991 -0.988 -0.906 -0.764 -0.592 -0.422 -0.277 -0.167 0.000 0.000 0.000 0.000 0.000 0.000 0.000 0.000 0.000 
-0.836 -0.674 -0.527 -0.702 -0.859 -0.966 -1.000 -0.951 -0.832 -0.669 -0.495 -0.337 -0.211 -0.121 0.000 0.000 0.000 0.000 0.000 0.000 0.000 0.000 
-0.895 -0.749 -0.576 -0.625 -0.794 -0.927 -0.995 -0.982 -0.892 -0.744 -0.571 -0.403 -0.262 -0.156 0.000 0.000 0.000 0.000 0.000 0.000 0.000 0.000 
-0.943 -0.818 -0.653 -0.548 -0.722 -0.875 -0.974 -0.998 -0.940 -0.814 -0.649 -0.475 -0.320 -0.198 -0.113 0.000 0.000 0.000 0.000 0.000 0.000 0.000 
-0.977 -0.880 -0.729 -0.555 -0.646 -0.812 -0.939 -0.998 -0.975 -0.876 -0.724 -0.550 -0.385 -0.247 -0.146 0.000 0.000 0.000 0.000 0.000 0.000 0.000 
-0.996 -0.931 -0.800 -0.632 -0.569 -0.742 -0.890 -0.982 -0.995 -0.928 -0.796 -0.627 -0.455 -0.303 -0.186 -0.105 0.000 0.000 0.000 0.000 0.000 0.000 
-0.999 -0.969 -0.864 -0.709 -0.534 -0.667 -0.830 -0.950 -1.000 -0.967 -0.860 -0.704 -0.530 -0.366 -0.233 -0.136 0.000 0.000 0.000 0.000 0.000 0.000 
-0.986 -0.992 -0.918 -0.781 -0.611 -0.590 -0.762 -0.905 -0.988 -0.991 -0.915 -0.777 -0.606 -0.435 -0.287 -0.174 0.000 0.000 0.000 0.000 0.000 0.000 
-0.958 -1.000 -0.960 -0.848 -0.688 -0.514 -0.688 -0.848 -0.960 -1.000 -0.958 -0.844 -0.683 -0.509 -0.349 -0.219 -0.127 0.000 0.000 0.000 0.000 0.000 
-0.915 -0.991 -0.988 -0.905 -0.762 -0.590 -0.611 -0.781 -0.918 -0.992 -0.986 -0.901 -0.757 -0.585 -0.416 -0.272 -0.163 0.000 0.000 0.000 0.000 0.000 
-0.860 -0.967 -1.000 -0.950 -0.830 -0.667 -0.534 -0.709 -0.864 -0.969 -0.999 -0.948 -0.826 -0.662 -0.488 -0.331 -0.206 -0.118 0.000 0.000 0.000 0.000 
-0.796 -0.928 -0.995 -0.982 -0.890 -0.742 -0.569 -0.632 -0.800 -0.931 -0.996 -0.980 -0.887 -0.738 -0.564 -0.397 -0.257 -0.153 0.000 0.000 0.000 0.000 
-0.724 -0.876 -0.975 -0.998 -0.939 -0.812 -0.646 -0.555 -0.729 -0.880 -0.977 -0.997 -0.936 -0.808 -0.642 -0.468 -0.314 -0.194 -0.110 0.000 0.000 0.000 
-0.649 -0.814 -0.940 -0.998 -0.974 -0.875 -0.722 -0.548 -0.653 -0.818 -0.943 -0.999 -0.973 -0.871 -0.718 -0.543 -0.378 -0.242 -0.143 0.000 0.000 0.000 
-0.571 -0.744 -0.892 -0.982 -0.995 -0.927 -0.794 -0.625 -0.576 -0.749 -0.895 -0.984 -0.994 -0.924 -0.790 -0.620 -0.448 -0.298 -0.182 -0.102 0.000 0.000 
-0.495 -0.669 -0.832 -0.951 -1.000 -0.966 -0.859 -0.702 -0.527 -0.674 -0.836 -0.953 -1.000 -0.964 -0.855 -0.697 -0.523 -0.360 -0.228 -0.133 0.000 0.000 
-0.422 -0.592 -0.764 -0.906 -0.988 -0.991 -0.914 -0.775 -0.604 -0.597 -0.768 -0.909 -0.989 -0.990 -0.911 -0.770 -0.599 -0.429 -0.282 -0.171 0.000 0.000 
-0.354 -0.516 -0.690 -0.849 -0.961 -1.000 -0.957 -0.842 -0.681 -0.520 -0.695 -0.853 -0.963 -1.000 -0.955 -0.838 -0.676 -0.502 -0.343 -0.215 -0.124 0.000 
-0.293 -0.442 -0.613 -0.783 -0.920 -0.993 -0.986 -0.900 -0.755 -0.583 -0.618 -0.788 -0.923 -0.994 -0.984 -0.897 -0.751 -0.578 -0.410 -0.267 -0.160 0.000 
-0.238 -0.372 -0.536 -0.711 -0.866 -0.970 -0.999 -0.946 -0.824 -0.660 -0.541 -0.715 -0.869 -0.972 -0.999 -0.944 -0.820 -0.655 -0.482 -0.325 -0.202 -0.116 
-0.190 -0.309 -0.462 -0.635 -0.802 -0.932 -0.996 -0.979 -0.885 -0.736 -0.562 -0.639 -0.806 -0.935 -0.997 -0.978 -0.882 -0.731 -0.557 -0.391 -0.252 -0.149 
-0.149 -0.252 -0.391 -0.557 -0.731 -0.882 -0.978 -0.997 -0.935 -0.806 -0.639 -0.562 -0.736 -0.885 -0.979 -0.996 -0.932 -0.802 -0.635 -0.462 -0.309 -0.190 
-0.116 -0.202 -0.325 -0.482 -0.655 -0.820 -0.944 -0.999 -0.972 -0.869 -0.715 -0.541 -0.660 -0.824 -0.946 -0.999 -0.970 -0.866 -0.711 -0.536 -0.372 -0.238 
0.000 -0.160 -0.267 -0.410 -0.578 -0.751 -0.897 -0.984 -0.994 -0.923 -0.788 -0.618 -0.583 -0.755 -0.900 -0.986 -0.993 -0.920 -0.783 -0.613 -0.442 -0.293 
0.000 -0.124 -0.215 -0.343 -0.502 -0.676 -0.838 -0.955 -1.000 -0.963 -0.853 -0.695 -0.520 -0.681 -0.842 -0.957 -1.000 -0.961 -0.849 -0.690 -0.516 -0.354 
0.000 0.000 -0.171 -0.282 -0.429 -0.599 -0.770 -0.911 -0.990 -0.989 -0.909 -0.768 -0.597 -0.604 -0.775 -0.914 -0.991 -0.988 -0.906 -0.764 -0.592 -0.422 
0.000 0.000 -0.133 -0.228 -0.360 -0.523 -0.697 -0.855 -0.964 -1.000 -0.953 -0.836 -0.674 -0.527 -0.702 -0.859 -0.966 -1.000 -0.951 -0.832 -0.669 -0.495 
0.000 0.000 -0.102 -0.182 -0.298 -0.448 -0.620 -0.790 -0.924 -0.994 -0.984 -0.895 -0.749 -0.576 -0.625 -0.794 -0.927 -0.995 -0.982 -0.892 -0.744 -0.571 
0.000 0.000 0.000 -0.143 -0.242 -0.378 -0.543 -0.718 -0.871 -0.973 -0.999 -0.943 -0.818 -0.653 -0.548 -0.722 -0.875 -0.974 -0.998 -0.940 -0.814 -0.649 
0.000 0.000 0.000 -0.110 -0.194 -0.314 -0.468 -0.642 -0.808 -0.936 -0.997 -0.977 -0.880 -0.729 -0.555 -0.646 -0.812 -0.939 -0.998 -0.975 -0.876 -0.724 
0.000 0.000 0.000 0.000 -0.153 -0.257 -0.397 -0.564 -0.738 -0.887 -0.980 -0.996 -0.931 -0.800 -0.632 -0.569 -0.742 -0.890 -0.982 -0.995 -0.928 -0.796 
0.000 0.000 0.000 0.000 -0.118 -0.206 -0.331 -0.488 -0.662 -0.826 -0.948 -0.999 -0.969 -0.864 -0.709 -0.534 -0.667 -0.830 -0.950 -1.000 -0.967 -0.860 
0.000 0.000 0.000 0.000 0.000 -0.163 -0.272 -0.416 -0.585 -0.757 -0.901 -0.986 -0.992 -0.918 -0.781 -0.611 -0.590 -0.762 -0.905 -0.988 -0.991 -0.915 
0.000 0.000 0.000 0.000 0.000 -0.127 -0.219 -0.349 -0.509 -0.683 -0.844 -0.958 -1.000 -0.960 -0.848 -0.688 -0.514 -0.688 -0.848 -0.960 -1.000 -0.958 
0.000 0.000 0.000 0.000 0.000 0.000 -0.174 -0.287 -0.435 -0.606 -0.777 -0.915 -0.991 -0.988 -0.905 -0.762 -0.590 -0.611 -0.781 -0.918 -0.992 -0.986 
0.000 0.000 0.000 0.000 0.000 0.000 -0.136 -0.233 -0.366 -0.530 -0.704 -0.860 -0.967 -1.000 -0.950 -0.830 -0.667 -0.534 -0.709 -0.864 -0.969 -0.999 
0.000 0.000 0.000 0.000 0.000 0.000 -0.105 -0.186 -0.303 -0.455 -0.627 -0.796 -0.928 -0.995 -0.982 -0.890 -0.742 -0.569 -0.632 -0.800 -0.931 -0.996 
0.000 0.000 0.000 0.000 0.000 0.000 0.000 -0.146 -0.247 -0.385 -0.550 -0.724 -0.876 -0.975 -0.998 -0.939 -0.812 -0.646 -0.555 -0.729 -0.880 -0.977 
0.000 0.000 0.000 0.000 0.000 0.000 0.000 -0.113 -0.198 -0.320 -0.475 -0.649 -0.814 -0.940 -0.998 -0.974 -0.875 -0.722 -0.548 -0.653 -0.818 -0.943 
0.000 0.000 0.000 0.000 0.000 0.000 0.000 0.000 -0.156 -0.262 -0.403 -0.571 -0.744 -0.892 -0.982 -0.995 -0.927 -0.794 -0.625 -0.576 -0.749 -0.895 
0.000 0.000 0.000 0.000 0.000 0.000 0.000 0.000 -0.121 -0.211 -0.337 -0.495 -0.669 -0.832 -0.951 -1.000 -0.966 -0.859 -0.702 -0.527 -0.674 -0.836 
0.000 0.000 0.000 0.000 0.000 0.000 0.000 0.000 0.000 -0.167 -0.277 -0.422 -0.592 -0.764 -0.906 -0.988 -0.991 -0.914 -0.775 -0.604 -0.597 -0.768 
0.000 0.000 0.000 0.000 0.000 0.000 0.000 0.000 0.000 -0.130 -0.224 -0.354 -0.516 -0.690 -0.849 -0.961 -1.000 -0.957 -0.842 -0.681 -0.520 -0.695 
0.000 0.000 0.000 0.000 0.000 0.000 0.000 0.000 0.000 0.000 -0.178 -0.293 -0.442 -0.613 -0.783 -0.920 -0.993 -0.986 -0.900 -0.755 -0.583 -0.618 
0.000 0.000 0.000 0.000 0.000 0.000 0.000 0.000 0.000 0.000 -0.139 -0.238 -0.372 -0.536 -0.711 -0.866 -0.970 -0.999 -0.946 -0.824 -0.660 -0.541 
0.000 0.000 0.000 0.000 0.000 0.000 0.000 0.000 0.000 0.000 -0.107 -0.190 -0.309 -0.462 -0.635 -0.802 -0.932 -0.996 -0.979 -0.885 -0.736 -0.562 
# 3 1 22 22
-0.514 -0.688 -0.848 -0.960 -1.000 -0.958 -0.844 -0.683 -0.509 -0.349 -0.219 -0.127 0.000 0.000 0.000 0.000 0.000 0.000 0.000 0.000 0.000 0.000 
-0.688 -0.514 -0.688 -0.848 -0.960 -1.000 -0.958 -0.844 -0.683 -0.509 -0.349 -0.219 -0.127 0.000 0.000 0.000 0.000 0.000 0.000 0.000 0.000 0.000 
-0.848 -0.688 -0.514 -0.688 -0.848 -0.960 -1.000 -0.958 -0.844 -0.683 -0.509 -0.349 -0.219 -0.127 0.000 0.000 0.000 0.000 0.000 0.000 0.000 0.000 
-0.960 -0.848 -0.688 -0.514 -0.688 -0.848 -0.960 -1.000 -0.958 -0.844 -0.683 -0.509 -0.349 -0.219 -0.127 0.000 0.000 0.000 0.000 0.000 0.000 0.000 
-1.000 -0.960 -0.848 -0.688 -0.514 -0.688 -0.848 -0.960 -1.000 -0.958 -0.844 -0.683 -0.509 -0.349 -0.219 -0.127 0.000 0.000 0.000 0.000 0.000 0.000 
-0.958 -1.000 -0.960 -0.848 -0.688 -0.514 -0.688 -0.848 -0.960 -1.000 -0.958 -0.844 -0.683 -0.509 -0.349 -0.219 -0.127 0.000 0.000 0.000 0.000 0.000 
-0.844 -0.958 -1.000 -0.960 -0.848 -0.688 -0.514 -0.688 -0.848 -0.960 -1.000 -0.958 -0.844 -0.683 -0.509 -0.349 -0.219 -0.127 0.000 0.000 0.000 0.000 
-0.683 -0.844 -0.958 -1.000 -0.960 -0.848 -0.688 -0.514 -0.688 -0.848 -0.960 -1.000 -0.958 -0.844 -0.683 -0.509 -0.349 -0.219 -0.127 0.000 0.000 0.000 
-0.509 -0.683 -0.844 -0.958 -1.000 -0.960 -0.848 -0.688 -0.514 -0.688 -0.848 -0.960 -1.000 -0.958 -0.844 -0.683 -0.509 -0.349 -0.219 -0.127 0.000 0.000 
-0.349 -0.509 -0.683 -0.844 -0.958 -1.000 -0.960 -0.848 -0.688 -0.514 -0.688 -0.848 -0.960 -1.000 -0.958 -0.844 -0.683 -0.509 -0.349 -0.219 -0.127 0.000 
-0.219 -0.349 -0.509 -0.683 -0.844 -0.958 -1.000 -0.960 -0.848 -0.688 -0.514 -0.688 -0.848 -0.960 -1.000 -0.958 -0.844 -0.683 -0.509 -0.349 -0.219 -0.127 
-0.127 -0.219 -0.349 -0.509 -0.683 -0.844 -0.958 -1.000 -0.960 -0.848 -0.688 -0.514 -0.688 -0.848 -0.960 -1.000 -0.958 -0.844 -0.683 -0.509 -0.349 -0.219 
0.000 -0.127 -0.219 -0.349 -0.509 -0.683 -0.844 -0.958 -1.000 -0.960 -0.848 -0.688 -0.514 -0.688 -0.848 -0.960 -1.000 -0.958 -0.844 -0.683 -0.509 -0.349 
0.000 0.000 -0.127 -0.219 -0.349 -0.509 -0.683 -0.844 -0.958 -1.000 -0.960 -0.848 -0.688 -0.514 -0.688 -0.848 -0.960 -1.000 -0.958 -0.844 -0.683 -0.509 
0.000 0.000 0.000 -0.127 -0.219 -0.349 -0.509 -0.683 -0.844 -0.958 -1.000 -0.960 -0.848 -0.688 -0.514 -0.688 -0.848 -0.960 -1.000 -0.958 -0.844 -0.683 
0.000 0.000 0.000 0.000 -0.127 -0.219 -0.349 -0.509 -0.683 -0.844 -0.958 -1.000 -0.960 -0.848 -0.688 -0.514 -0.688 -0.848 -0.960 -1.000 -0.958 -0.844 
0.000 0.000 0.000 0.000 0.000 -0.127 -0.219 -0.349 -0.509 -0.683 -0.844 -0.958 -1.000 -0.960 -0.848 -0.688 -0.514 -0.688 -0.848 -0.960 -1.000 -0.958 
0.000 0.000 0.000 0.000 0.000 0.000 -0.127 -0.219 -0.349 -0.509 -0.683 -0.844 -0.958 -1.000 -0.960 -0.848 -0.688 -0.514 -0.688 -0.848 -0.960 -1.000 
0.000 0.000 0.000 0.000 0.000 0.000 0.000 -0.127 -0.219 -0.349 -0.509 -0.683 -0.844 -0.958 -1.000 -0.960 -0.848 -0.688 -0.514 -0.688 -0.848 -0.960 
0.000 0.000 0.000 0.000 0.000 0.000 0.000 0.000 -0.127 -0.219 -0.349 -0.509 -0.683 -0.844 -0.958 -1.000 -0.960 -0.848 -0.688 -0.514 -0.688 -0.848 
0.000 0.000 0.000 0.000 0.000 0.000 0.000 0.000 0.000 -0.127 -0.219 -0.349 -0.509 -0.683 -0.844 -0.958 -1.000 -0.960 -0.848 -0.688 -0.514 -0.688 
0.000 0.000 0.000 0.000 0.000 0.000 0.000 0.000 0.000 0.000 -0.127 -0.219 -0.349 -0.509 -0.683 -0.844 -0.958 -1.000 -0.960 -0.848 -0.688 -0.514 
# 3 2 22 22
-0.514 -0.688 -0.848 -0.960 -1.000 -0.958 -0.844 -0.683 -0.509 -0.349 -0.219 -0.127 0.000 0.000 0.000 0.000 0.000 0.000 0.000 0.000 0.000 0.000 
-0.688 -0.514 -0.688 -0.848 -0.960 -1.000 -0.958 -0.844 -0.683 -0.509 -0.349 -0.219 -0.127 0.000 0.000 0.000 0.000 0.000 0.000 0.000 0.000 0.000 
-0.848 -0.688 -0.514 -0.688 -0.848 -0.960 -1.000 -0.958 -0.844 -0.683 -0.509 -0.349 -0.219 -0.127 0.000 0.000 0.000 0.000 0.000 0.000 0.000 0.000 
-0.960 -0.848 -0.688 -0.514 -0.688 -0.848 -0.960 -1.000 -0.958 -0.844 -0.683 -0.509 -0.349 -0.219 -0.127 0.000 0.000 0.000 0.000 0.000 0.000 0.000 
-1.000 -0.960 -0.848 -0.688 -0.514 -0.688 -0.848 -0.960 -1.000 -0.958 -0.844 -0.683 -0.509 -0.349 -0.219 -0.127 0.000 0.000 0.000 0.000 0.000 0.000 
-0.958 -1.000 -0.960 -0.848 -0.688 -0.514 -0.688 -0.848 -0.960 -1.000 -0.958 -0.844 -0.683 -0.509 -0.349 -0.219 -0.127 0.000 0.000 0.000 0.000 0.000 
-0.844 -0.958 -1.000 -0.960 -0.848 -0.688 -0.514 -0.688 -0.848 -0.960 -1.000 -0.958 -0.844 -0.683 -0.509 -0.349 -0.219 -0.127 0.000 0.000 0.000 0.000 
-0.683 -0.844 -0.958 -1.000 -0.960 -0.848 -0.688 -0.514 -0.688 -0.848 -0.960 -1.000 -0.958 -0.844 -0.683 -0.509 -0.349 -0.219 -0.127 0.000 0.000 0.000 
-0.509 -0.683 -0.844 -0.958 -1.000 -0.960 -0.848 -0.688 -0.514 -0.688 -0.848 -0.960 -1.000 -0.958 -0.844 -0.683 -0.509 -0.349 -0.219 -0.127 0.000 0.000 
-0.349 -0.509 -0.683 -0.844 -0.958 -1.000 -0.960 -0.848 -0.688 -0.514 -0.688 -0.848 -0.960 -1.000 -0.958 -0.844 -0.683 -0.509 -0.349 -0.219 -0.127 0.000 
-0.219 -0.349 -0.509 -0.683 -0.844 -0.958 -1.000 -0.960 -0.848 -0.688 -0.514 -0.688 -0.848 -0.960 -1.000 -0.958 -0.844 -0.683 -0.509 -0.349 -0.219 -0.127 
-0.127 -0.219 -0.349 -0.509 -0.683 -0.844 -0.958 -1.000 -0.960 -0.848 -0.688 -0.514 -0.688 -0.848 -0.960 -1.000 -0.958 -0.844 -0.683 -0.509 -0.349 -0.219 
0.000 -0.127 -0.219 -0.349 -0.509 -0.683 -0.844 -0.958 -1.000 -0.960 -0.848 -0.688 -0.514 -0.688 -0.848 -0.960 -1.000 -0.958 -0.844 -0.683 -0.509 -0.349 
0.000 0.000 -0.127 -0.219 -0.349 -0.509 -0.683 -0.844 -0.958 -1.000 -0.960 -0.848 -0.688 -0.514 -0.688 -0.848 -0.960 -1.000 -0.958 -0.844 -0.683 -0.509 
0.000 0.000 0.000 -0.127 -0.219 -0.349 -0.509 -0.683 -0.844 -0.958 -1.000 -0.960 -0.848 -0.688 -0.514 -0.688 -0.848 -0.960 -1.000 -0.958 -0.844 -0.683 
0.000 0.000 0.000 0.000 -0.127 -0.219 -0.349 -0.509 -0.683 -0.844 -0.958 -1.000 -0.960 -0.848 -0.688 -0.514 -0.688 -0.848 -0.960 -1.000 -0.958 -0.844 
0.000 0.000 0.000 0.000 0.000 -0.127 -0.219 -0.349 -0.509 -0.683 -0.844 -0.958 -1.000 -0.960 -0.848 -0.688 -0.514 -0.688 -0.848 -0.960 -1.000 -0.958 
0.000 0.000 0.000 0.000 0.000 0.000 -0.127 -0.219 -0.349 -0.509 -0.683 -0.844 -0.958 -1.000 -0.960 -0.848 -0.688 -0.514 -0.688 -0.848 -0.960 -1.000 
0.000 0.000 0.000 0.000 0.000 0.000 0.000 -0.127 -0.219 -0.349 -0.509 -0.683 -0.844 -0.958 -1.000 -0.960 -0.848 -0.688 -0.514 -0.688 -0.848 -0.960 
0.000 0.000 0.000 0.000 0.000 0.000 0.000 0.000 -0.127 -0.219 -0.349 -0.509 -0.683 -0.844 -0.958 -1.000 -0.960 -0.848 -0.688 -0.514 -0.688 -0.848 
0.000 0.000 0.000 0.000 0.000 0.000 0.000 0.000 0.000 -0.127 -0.219 -0.349 -0.509 -0.683 -0.844 -0.958 -1.000 -0.960 -0.848 -0.688 -0.514 -0.688 
0.000 0.000 0.000 0.000 0.000 0.000 0.000 0.000 0.000 0.000 -0.127 -0.219 -0.349 -0.509 -0.683 -0.844 -0.958 -1.000 -0.960 -0.848 -0.688 -0.514 
