1.786548
5
# 0 1 3 50
0.919 0.967 0.994 0.999 0.981 0.941 0.881 0.807 0.751 0.833 0.903 0.956 0.989 1.000 0.988 0.953 0.899 0.829 0.746 0.656 0.564 0.474 0.389 0.312 0.245 0.187 0.140 0.102 0.000 0.000 0.000 0.000 0.000 0.000 0.000 0.000 0.000 0.000 0.000 0.000 0.000 0.000 0.000 0.000 0.000 0.000 0.000 0.000 0.000 0.000 
0.000 0.000 0.000 0.000 0.000 0.000 0.127 0.170 0.224 0.288 0.362 0.445 0.534 0.626 0.717 0.802 0.877 0.937 0.979 0.998 0.995 0.970 0.923 0.858 0.780 0.780 0.858 0.923 0.970 0.995 0.998 0.979 0.937 0.877 0.802 0.717 0.626 0.534 0.445 0.362 0.288 0.224 0.170 0.127 0.000 0.000 0.000 0.000 0.000 0.000 
0.000 0.000 0.000 0.000 0.000 0.000 0.000 0.000 0.000 0.000 0.000 0.000 0.000 0.000 0.000 0.000 0.000 0.000 0.000 0.000 0.000 0.000 0.102 0.140 0.187 0.245 0.312 0.389 0.474 0.564 0.656 0.746 0.829 0.899 0.953 0.988 1.000 0.989 0.956 0.903 0.833 0.751 0.807 0.881 0.941 0.981 0.999 0.994 0.967 0.919 
# 0 2 21 50
0.796 0.764 0.844 0.912 0.962 0.992 1.000 0.984 0.947 0.890 0.817 0.734 0.643 0.551 0.461 0.378 0.302 0.236 0.180 0.134 0.000 0.000 0.000 0.000 0.000 0.000 0.000 0.000 0.000 0.000 0.000 0.000 0.000 0.000 0.000 0.000 0.000 0.000 0.000 0.000 0.000 0.000 0.000 0.000 0.000 0.000 0.000 0.000 0.000 0.000 
0.952 0.897 0.826 0.743 0.815 0.888 0.945 0.983 1.000 0.993 0.963 0.914 0.847 0.766 0.678 0.586 0.495 0.409 0.330 0.260 0.200 0.150 0.111 0.000 0.000 0.000 0.000 0.000 0.000 0.000 0.000 0.000 0.000 0.000 0.000 0.000 0.000 0.000 0.000 0.000 0.000 0.000 0.000 0.000 0.000 0.000 0.000 0.000 0.000 0.000 
0.999 0.995 0.968 0.920 0.855 0.776 0.784 0.862 0.925 0.971 0.996 0.998 0.977 0.935 0.874 0.798 0.712 0.621 0.529 0.441 0.359 0.285 0.221 0.168 0.125 0.000 0.000 0.000 0.000 0.000 0.000 0.000 0.000 0.000 0.000 0.000 0.000 0.000 0.000 0.000 0.000 0.000 0.000 0.000 0.000 0.000 0.000 0.000 0.000 0.000 
0.919 0.967 0.994 0.999 0.981 0.941 0.881 0.807 0.751 0.833 0.903 0.956 0.989 1.000 0.988 0.953 0.899 0.829 0.746 0.656 0.564 0.474 0.389 0.312 0.245 0.187 0.140 0.102 0.000 0.000 0.000 0.000 0.000 0.000 0.000 0.000 0.000 0.000 0.000 0.000 0.000 0.000 0.000 0.000 0.000 0.000 0.000 0.000 0.000 0.000 
0.742 0.825 0.896 0.951 0.987 1.000 0.990 0.958 0.906 0.837 0.756 0.803 0.878 0.938 0.979 0.999 0.995 0.969 0.922 0.857 0.779 0.691 0.599 0.508 0.421 0.340 0.269 0.208 0.157 0.116 0.000 0.000 0.000 0.000 0.000 0.000 0.000 0.000 0.000 0.000 0.000 0.000 0.000 0.000 0.000 0.000 0.000 0.000 0.000 0.000 
0.525 0.617 0.708 0.794 0.871 0.932 0.976 0.998 0.997 0.973 0.928 0.865 0.788 0.772 0.851 0.917 0.966 0.994 0.999 0.982 0.942 0.884 0.810 0.725 0.634 0.542 0.453 0.370 0.295 0.230 0.175 0.130 0.000 0.000 0.000 0.000 0.000 0.000 0.000 0.000 0.000 0.000 0.000 0.000 0.000 0.000 0.000 0.000 0.000 0.000 
0.326 0.405 0.491 0.582 0.674 0.762 0.843 0.911 0.962 0.992 1.000 0.985 0.947 0.891 0.819 0.739 0.822 0.894 0.950 0.986 1.000 0.991 0.960 0.908 0.839 0.758 0.669 0.577 0.487 0.401 0.322 0.254 0.195 0.146 0.107 0.000 0.000 0.000 0.000 0.000 0.000 0.000 0.000 0.000 0.000 0.000 0.000 0.000 0.000 0.000 
0.177 0.233 0.298 0.374 0.457 0.547 0.639 0.729 0.814 0.887 0.944 0.983 0.999 0.993 0.964 0.915 0.848 0.768 0.792 0.868 0.931 0.975 0.997 0.997 0.974 0.930 0.867 0.790 0.704 0.613 0.521 0.433 0.351 0.279 0.216 0.164 0.121 0.000 0.000 0.000 0.000 0.000 0.000 0.000 0.000 0.000 0.000 0.000 0.000 0.000 
0.000 0.117 0.159 0.211 0.272 0.344 0.425 0.512 0.604 0.695 0.783 0.861 0.925 0.971 0.996 0.998 0.978 0.936 0.875 0.800 0.760 0.841 0.909 0.960 0.991 1.000 0.985 0.949 0.893 0.821 0.738 0.648 0.556 0.466 0.381 0.305 0.239 0.182 0.136 0.000 0.000 0.000 0.000 0.000 0.000 0.000 0.000 0.000 0.000 0.000 
0.000 0.000 0.000 0.104 0.142 0.190 0.248 0.315 0.393 0.478 0.569 0.661 0.750 0.832 0.902 0.955 0.989 1.000 0.988 0.954 0.900 0.830 0.747 0.811 0.885 0.943 0.982 0.999 0.994 0.965 0.916 0.850 0.771 0.682 0.591 0.499 0.413 0.333 0.263 0.203 0.153 0.112 0.000 0.000 0.000 0.000 0.000 0.000 0.000 0.000 
0.000 0.000 0.000 0.000 0.000 0.000 0.127 0.170 0.224 0.288 0.362 0.445 0.534 0.626 0.717 0.802 0.877 0.937 0.979 0.998 0.995 0.970 0.923 0.858 0.780 0.780 0.858 0.923 0.970 0.995 0.998 0.979 0.937 0.877 0.802 0.717 0.626 0.534 0.445 0.362 0.288 0.224 0.170 0.127 0.000 0.000 0.000 0.000 0.000 0.000 
0.000 0.000 0.000 0.000 0.000 0.000 0.000 0.000 0.112 0.153 0.203 0.263 0.333 0.413 0.499 0.591 0.682 0.771 0.850 0.916 0.965 0.994 0.999 0.982 0.943 0.885 0.811 0.747 0.830 0.900 0.954 0.988 1.000 0.989 0.955 0.902 0.832 0.750 0.661 0.569 0.478 0.393 0.315 0.248 0.190 0.142 0.104 0.000 0.000 0.000 
0.000 0.000 0.000 0.000 0.000 0.000 0.000 0.000 0.000 0.000 0.000 0.136 0.182 0.239 0.305 0.381 0.466 0.556 0.648 0.738 0.821 0.893 0.949 0.985 1.000 0.991 0.960 0.909 0.841 0.760 0.800 0.875 0.936 0.978 0.998 0.996 0.971 0.925 0.861 0.783 0.695 0.604 0.512 0.425 0.344 0.272 0.211 0.159 0.117 0.000 
0.000 0.000 0.000 0.000 0.000 0.000 0.000 0.000 0.000 0.000 0.000 0.000 0.000 0.121 0.164 0.216 0.279 0.351 0.433 0.521 0.613 0.704 0.790 0.867 0.930 0.974 0.997 0.997 0.975 0.931 0.868 0.792 0.768 0.848 0.915 0.964 0.993 0.999 0.983 0.944 0.887 0.814 0.729 0.639 0.547 0.457 0.374 0.298 0.233 0.177 
0.000 0.000 0.000 0.000 0.000 0.000 0.000 0.000 0.000 0.000 0.000 0.000 0.000 0.000 0.000 0.107 0.146 0.195 0.254 0.322 0.401 0.487 0.577 0.669 0.758 0.839 0.908 0.960 0.991 1.000 0.986 0.950 0.894 0.822 0.739 0.819 0.891 0.947 0.985 1.000 0.992 0.962 0.911 0.843 0.762 0.674 0.582 0.491 0.405 0.326 
0.000 0.000 0.000 0.000 0.000 0.000 0.000 0.000 0.000 0.000 0.000 0.000 0.000 0.000 0.000 0.000 0.000 0.000 0.130 0.175 0.230 0.295 0.370 0.453 0.542 0.634 0.725 0.810 0.884 0.942 0.982 0.999 0.994 0.966 0.917 0.851 0.772 0.788 0.865 0.928 0.973 0.997 0.998 0.976 0.932 0.871 0.794 0.708 0.617 0.525 
0.000 0.000 0.000 0.000 0.000 0.000 0.000 0.000 0.000 0.000 0.000 0.000 0.000 0.000 0.000 0.000 0.000 0.000 0.000 0.000 0.116 0.157 0.208 0.269 0.340 0.421 0.508 0.599 0.691 0.779 0.857 0.922 0.969 0.995 0.999 0.979 0.938 0.878 0.803 0.756 0.837 0.906 0.958 0.990 1.000 0.987 0.951 0.896 0.825 0.742 
0.000 0.000 0.000 0.000 0.000 0.000 0.000 0.000 0.000 0.000 0.000 0.000 0.000 0.000 0.000 0.000 0.000 0.000 0.000 0.000 0.000 0.000 0.102 0.140 0.187 0.245 0.312 0.389 0.474 0.564 0.656 0.746 0.829 0.899 0.953 0.988 1.000 0.989 0.956 0.903 0.833 0.751 0.807 0.881 0.941 0.981 0.999 0.994 0.967 0.919 
0.000 0.000 0.000 0.000 0.000 0.000 0.000 0.000 0.000 0.000 0.000 0.000 0.000 0.000 0.000 0.000 0.000 0.000 0.000 0.000 0.000 0.000 0.000 0.000 0.000 0.125 0.168 0.221 0.285 0.359 0.441 0.529 0.621 0.712 0.798 0.874 0.935 0.977 0.998 0.996 0.971 0.925 0.862 0.784 0.776 0.855 0.920 0.968 0.995 0.999 
0.000 0.000 0.000 0.000 0.000 0.000 0.000 0.000 0.000 0.000 0.000 0.000 0.000 0.000 0.000 0.000 0.000 0.000 0.000 0.000 0.000 0.000 0.000 0.000 0.000 0.000 0.000 0.111 0.150 0.200 0.260 0.330 0.409 0.495 0.586 0.678 0.766 0.847 0.914 0.963 0.993 1.000 0.983 0.945 0.888 0.815 0.743 0.826 0.897 0.952 
0.000 0.000 0.000 0.000 0.000 0.000 0.000 0.000 0.000 0.000 0.000 0.000 0.000 0.000 0.000 0.000 0.000 0.000 0.000 0.000 0.000 0.000 0.000 0.000 0.000 0.000 0.000 0.000 0.000 0.000 0.134 0.180 0.236 0.302 0.378 0.461 0.551 0.643 0.734 0.817 0.890 0.947 0.984 1.000 0.992 0.962 0.912 0.844 0.764 0.796 
# 0 3 16 50
0.825 0.742 0.816 0.888 0.946 0.984 1.000 0.993 0.963 0.913 0.846 0.766 0.677 0.585 0.494 0.408 0.329 0.259 0.199 0.150 0.110 0.000 0.000 0.000 0.000 0.000 0.000 0.000 0.000 0.000 0.000 0.000 0.000 0.000 0.000 0.000 0.000 0.000 0.000 0.000 0.000 0.000 0.000 0.000 0.000 0.000 0.000 0.000 0.000 0.000 
0.990 0.957 0.904 0.835 0.753 0.806 0.880 0.940 0.980 0.999 0.995 0.968 0.920 0.855 0.776 0.689 0.597 0.506 0.418 0.338 0.267 0.206 0.156 0.115 0.000 0.000 0.000 0.000 0.000 0.000 0.000 0.000 0.000 0.000 0.000 0.000 0.000 0.000 0.000 0.000 0.000 0.000 0.000 0.000 0.000 0.000 0.000 0.000 0.000 0.000 
0.947 0.984 1.000 0.992 0.962 0.912 0.844 0.764 0.795 0.872 0.933 0.976 0.998 0.997 0.973 0.927 0.864 0.787 0.700 0.608 0.517 0.429 0.348 0.276 0.213 0.161 0.119 0.000 0.000 0.000 0.000 0.000 0.000 0.000 0.000 0.000 0.000 0.000 0.000 0.000 0.000 0.000 0.000 0.000 0.000 0.000 0.000 0.000 0.000 0.000 
0.722 0.807 0.881 0.941 0.981 0.999 0.994 0.967 0.919 0.854 0.775 0.785 0.863 0.926 0.972 0.996 0.998 0.977 0.934 0.873 0.797 0.711 0.620 0.528 0.440 0.358 0.284 0.221 0.167 0.124 0.000 0.000 0.000 0.000 0.000 0.000 0.000 0.000 0.000 0.000 0.000 0.000 0.000 0.000 0.000 0.000 0.000 0.000 0.000 0.000 
0.440 0.528 0.620 0.711 0.797 0.873 0.934 0.977 0.998 0.996 0.972 0.926 0.863 0.785 0.775 0.854 0.919 0.967 0.994 0.999 0.981 0.941 0.881 0.807 0.722 0.631 0.539 0.450 0.367 0.293 0.228 0.173 0.129 0.000 0.000 0.000 0.000 0.000 0.000 0.000 0.000 0.000 0.000 0.000 0.000 0.000 0.000 0.000 0.000 0.000 
0.213 0.276 0.348 0.429 0.517 0.608 0.700 0.787 0.864 0.927 0.973 0.997 0.998 0.976 0.933 0.872 0.795 0.764 0.844 0.912 0.962 0.992 1.000 0.984 0.947 0.890 0.817 0.733 0.643 0.551 0.461 0.377 0.302 0.236 0.180 0.134 0.000 0.000 0.000 0.000 0.000 0.000 0.000 0.000 0.000 0.000 0.000 0.000 0.000 0.000 
0.000 0.115 0.156 0.206 0.267 0.338 0.418 0.506 0.597 0.689 0.776 0.855 0.920 0.968 0.995 0.999 0.980 0.940 0.880 0.806 0.753 0.835 0.904 0.957 0.990 1.000 0.987 0.952 0.898 0.827 0.744 0.654 0.562 0.472 0.387 0.311 0.243 0.186 0.139 0.102 0.000 0.000 0.000 0.000 0.000 0.000 0.000 0.000 0.000 0.000 
0.000 0.000 0.000 0.000 0.110 0.150 0.199 0.259 0.329 0.408 0.494 0.585 0.677 0.766 0.846 0.913 0.963 0.993 1.000 0.984 0.946 0.888 0.816 0.742 0.825 0.897 0.952 0.987 1.000 0.990 0.958 0.906 0.837 0.755 0.666 0.574 0.483 0.398 0.320 0.251 0.193 0.145 0.106 0.000 0.000 0.000 0.000 0.000 0.000 0.000 
0.000 0.000 0.000 0.000 0.000 0.000 0.000 0.106 0.145 0.193 0.251 0.320 0.398 0.483 0.574 0.666 0.755 0.837 0.906 0.958 0.990 1.000 0.987 0.952 0.897 0.825 0.742 0.816 0.888 0.946 0.984 1.000 0.993 0.963 0.913 0.846 0.766 0.677 0.585 0.494 0.408 0.329 0.259 0.199 0.150 0.110 0.000 0.000 0.000 0.000 
0.000 0.000 0.000 0.000 0.000 0.000 0.000 0.000 0.000 0.000 0.102 0.139 0.186 0.243 0.311 0.387 0.472 0.562 0.654 0.744 0.827 0.898 0.952 0.987 1.000 0.990 0.957 0.904 0.835 0.753 0.806 0.880 0.940 0.980 0.999 0.995 0.968 0.920 0.855 0.776 0.689 0.597 0.506 0.418 0.338 0.267 0.206 0.156 0.115 0.000 
0.000 0.000 0.000 0.000 0.000 0.000 0.000 0.000 0.000 0.000 0.000 0.000 0.000 0.000 0.134 0.180 0.236 0.302 0.377 0.461 0.551 0.643 0.733 0.817 0.890 0.947 0.984 1.000 0.992 0.962 0.912 0.844 0.764 0.795 0.872 0.933 0.976 0.998 0.997 0.973 0.927 0.864 0.787 0.700 0.608 0.517 0.429 0.348 0.276 0.213 
0.000 0.000 0.000 0.000 0.000 0.000 0.000 0.000 0.000 0.000 0.000 0.000 0.000 0.000 0.000 0.000 0.000 0.129 0.173 0.228 0.293 0.367 0.450 0.539 0.631 0.722 0.807 0.881 0.941 0.981 0.999 0.994 0.967 0.919 0.854 0.775 0.785 0.863 0.926 0.972 0.996 0.998 0.977 0.934 0.873 0.797 0.711 0.620 0.528 0.440 
0.000 0.000 0.000 0.000 0.000 0.000 0.000 0.000 0.000 0.000 0.000 0.000 0.000 0.000 0.000 0.000 0.000 0.000 0.000 0.000 0.124 0.167 0.221 0.284 0.358 0.440 0.528 0.620 0.711 0.797 0.873 0.934 0.977 0.998 0.996 0.972 0.926 0.863 0.785 0.775 0.854 0.919 0.967 0.994 0.999 0.981 0.941 0.881 0.807 0.722 
0.000 0.000 0.000 0.000 0.000 0.000 0.000 0.000 0.000 0.000 0.000 0.000 0.000 0.000 0.000 0.000 0.000 0.000 0.000 0.000 0.000 0.000 0.000 0.119 0.161 0.213 0.276 0.348 0.429 0.517 0.608 0.700 0.787 0.864 0.927 0.973 0.997 0.998 0.976 0.933 0.872 0.795 0.764 0.844 0.912 0.962 0.992 1.000 0.984 0.947 
0.000 0.000 0.000 0.000 0.000 0.000 0.000 0.000 0.000 0.000 0.000 0.000 0.000 0.000 0.000 0.000 0.000 0.000 0.000 0.000 0.000 0.000 0.000 0.000 0.000 0.000 0.115 0.156 0.206 0.267 0.338 0.418 0.506 0.597 0.689 0.776 0.855 0.920 0.968 0.995 0.999 0.980 0.940 0.880 0.806 0.753 0.835 0.904 0.957 0.990 
0.000 0.000 0.000 0.000 0.000 0.000 0.000 0.000 0.000 0.000 0.000 0.000 0.000 0.000 0.000 0.000 0.000 0.000 0.000 0.000 0.000 0.000 0.000 0.000 0.000 0.000 0.000 0.000 0.000 0.110 0.150 0.199 0.259 0.329 0.408 0.494 0.585 0.677 0.766 0.846 0.913 0.963 0.993 1.000 0.984 0.946 0.888 0.816 0.742 0.825 
# 0 4 9 50
0.910 0.842 0.761 0.798 0.874 0.935 0.977 0.998 0.996 0.971 0.925 0.862 0.784 0.697 0.605 0.514 0.426 0.345 0.273 0.211 0.160 0.118 0.000 0.000 0.000 0.000 0.000 0.000 0.000 0.000 0.000 0.000 0.000 0.000 0.000 0.000 0.000 0.000 0.000 0.000 0.000 0.000 0.000 0.000 0.000 0.000 0.000 0.000 0.000 0.000 
0.919 0.967 0.994 0.999 0.981 0.941 0.881 0.807 0.751 0.833 0.903 0.956 0.989 1.000 0.988 0.953 0.899 0.829 0.746 0.656 0.564 0.474 0.389 0.312 0.245 0.187 0.140 0.102 0.000 0.000 0.000 0.000 0.000 0.000 0.000 0.000 0.000 0.000 0.000 0.000 0.000 0.000 0.000 0.000 0.000 0.000 0.000 0.000 0.000 0.000 
0.455 0.544 0.636 0.727 0.811 0.885 0.943 0.982 0.999 0.994 0.965 0.916 0.850 0.771 0.789 0.866 0.929 0.973 0.997 0.997 0.975 0.932 0.870 0.793 0.707 0.615 0.524 0.435 0.354 0.281 0.218 0.165 0.122 0.000 0.000 0.000 0.000 0.000 0.000 0.000 0.000 0.000 0.000 0.000 0.000 0.000 0.000 0.000 0.000 0.000 
0.110 0.150 0.199 0.259 0.328 0.407 0.494 0.585 0.677 0.765 0.845 0.913 0.963 0.992 1.000 0.984 0.946 0.889 0.816 0.742 0.825 0.896 0.951 0.987 1.000 0.990 0.958 0.906 0.837 0.756 0.667 0.574 0.484 0.398 0.320 0.252 0.193 0.145 0.106 0.000 0.000 0.000 0.000 0.000 0.000 0.000 0.000 0.000 0.000 0.000 
0.000 0.000 0.000 0.000 0.000 0.000 0.127 0.170 0.224 0.288 0.362 0.445 0.534 0.626 0.717 0.802 0.877 0.937 0.979 0.998 0.995 0.970 0.923 0.858 0.780 0.780 0.858 0.923 0.970 0.995 0.998 0.979 0.937 0.877 0.802 0.717 0.626 0.534 0.445 0.362 0.288 0.224 0.170 0.127 0.000 0.000 0.000 0.000 0.000 0.000 
0.000 0.000 0.000 0.000 0.000 0.000 0.000 0.000 0.000 0.000 0.000 0.106 0.145 0.193 0.252 0.320 0.398 0.484 0.574 0.667 0.756 0.837 0.906 0.958 0.990 1.000 0.987 0.951 0.896 0.825 0.742 0.816 0.889 0.946 0.984 1.000 0.992 0.963 0.913 0.845 0.765 0.677 0.585 0.494 0.407 0.328 0.259 0.199 0.150 0.110 
0.000 0.000 0.000 0.000 0.000 0.000 0.000 0.000 0.000 0.000 0.000 0.000 0.000 0.000 0.000 0.000 0.000 0.122 0.165 0.218 0.281 0.354 0.435 0.524 0.615 0.707 0.793 0.870 0.932 0.975 0.997 0.997 0.973 0.929 0.866 0.789 0.771 0.850 0.916 0.965 0.994 0.999 0.982 0.943 0.885 0.811 0.727 0.636 0.544 0.455 
0.000 0.000 0.000 0.000 0.000 0.000 0.000 0.000 0.000 0.000 0.000 0.000 0.000 0.000 0.000 0.000 0.000 0.000 0.000 0.000 0.000 0.000 0.102 0.140 0.187 0.245 0.312 0.389 0.474 0.564 0.656 0.746 0.829 0.899 0.953 0.988 1.000 0.989 0.956 0.903 0.833 0.751 0.807 0.881 0.941 0.981 0.999 0.994 0.967 0.919 
0.000 0.000 0.000 0.000 0.000 0.000 0.000 0.000 0.000 0.000 0.000 0.000 0.000 0.000 0.000 0.000 0.000 0.000 0.000 0.000 0.000 0.000 0.000 0.000 0.000 0.000 0.000 0.000 0.118 0.160 0.211 0.273 0.345 0.426 0.514 0.605 0.697 0.784 0.862 0.925 0.971 0.996 0.998 0.977 0.935 0.874 0.798 0.761 0.842 0.910 
# 1 0 50 3
0.000 -1.000 0.000 
0.000 -0.917 0.000 
0.000 -0.679 0.000 
0.000 -0.406 0.000 
0.000 -0.196 0.000 
0.000 0.000 0.000 
0.000 0.000 0.000 
0.000 0.000 0.000 
0.000 0.000 0.000 
0.000 0.000 0.000 
0.000 0.000 0.000 
0.000 0.000 0.000 
0.000 0.000 0.000 
0.000 0.000 -0.221 
0.000 0.000 -0.444 
0.000 0.000 -0.719 
0.000 0.000 -0.941 
0.000 0.000 -0.995 
0.000 0.000 -0.849 
0.000 0.000 -0.586 
0.000 0.000 -0.326 
0.000 0.000 -0.147 
0.000 0.000 0.000 
0.000 0.000 0.000 
0.000 0.000 0.000 
0.000 0.000 0.000 
0.000 0.000 0.000 
0.000 0.000 0.000 
-0.147 0.000 0.000 
-0.326 0.000 0.000 
-0.586 0.000 0.000 
-0.849 0.000 0.000 
-0.995 0.000 0.000 
-0.941 0.000 0.000 
-0.719 0.000 0.000 
-0.444 0.000 0.000 
-0.221 0.000 0.000 
0.000 0.000 0.000 
0.000 0.000 0.000 
0.000 0.000 0.000 
0.000 0.000 0.000 
0.000 0.000 0.000 
0.000 0.000 0.000 
0.000 0.000 0.000 
0.000 0.000 0.000 
0.000 -0.196 0.000 
0.000 -0.406 0.000 
0.000 -0.679 0.000 
0.000 -0.917 0.000 
0.000 -1.000 0.000 
# 1 2 21 3
0.000 -1.000 0.000 
0.000 -0.403 0.000 
0.000 0.000 0.000 
0.000 0.000 0.000 
0.000 0.000 0.000 
0.000 0.000 -0.163 
0.000 0.000 -0.739 
0.000 0.000 -1.000 
0.000 0.000 -0.403 
0.000 0.000 0.000 
0.000 0.000 0.000 
0.000 0.000 0.000 
-0.403 0.000 0.000 
-1.000 0.000 0.000 
-0.739 0.000 0.000 
-0.163 0.000 0.000 
0.000 0.000 0.000 
0.000 0.000 0.000 
0.000 0.000 0.000 
0.000 -0.403 0.000 
0.000 -1.000 0.000 
# 1 3 16 3
0.000 -0.905 0.000 
0.000 -0.167 0.000 
0.000 0.000 0.000 
0.000 0.000 0.000 
0.000 0.000 -0.336 
0.000 0.000 -1.000 
0.000 0.000 -0.370 
0.000 0.000 0.000 
0.000 0.000 0.000 
-0.370 0.000 0.000 
-1.000 0.000 0.000 
-0.336 0.000 0.000 
0.000 0.000 0.000 
0.000 0.000 0.000 
0.000 -0.167 0.000 
0.000 -0.905 0.000 
# 2 0 50 21
-0.730 -0.952 -0.986 -0.812 -0.531 -0.276 -0.114 0.000 0.000 0.000 0.000 0.000 0.000 0.000 0.000 0.000 0.000 0.000 0.000 0.000 0.000 
-0.684 -0.875 -0.999 -0.906 -0.653 -0.374 -0.170 0.000 0.000 0.000 0.000 0.000 0.000 0.000 0.000 0.000 0.000 0.000 0.000 0.000 0.000 
-0.799 -0.773 -0.972 -0.971 -0.771 -0.486 -0.243 0.000 0.000 0.000 0.000 0.000 0.000 0.000 0.000 0.000 0.000 0.000 0.000 0.000 0.000 
-0.896 -0.656 -0.908 -0.999 -0.873 -0.606 -0.335 -0.147 0.000 0.000 0.000 0.000 0.000 0.000 0.000 0.000 0.000 0.000 0.000 0.000 0.000 
-0.965 -0.757 -0.815 -0.987 -0.950 -0.727 -0.442 -0.213 0.000 0.000 0.000 0.000 0.000 0.000 0.000 0.000 0.000 0.000 0.000 0.000 0.000 
-0.998 -0.862 -0.702 -0.936 -0.993 -0.837 -0.560 -0.298 -0.126 0.000 0.000 0.000 0.000 0.000 0.000 0.000 0.000 0.000 0.000 0.000 0.000 
-0.991 -0.943 -0.713 -0.853 -0.996 -0.925 -0.682 -0.399 -0.186 0.000 0.000 0.000 0.000 0.000 0.000 0.000 0.000 0.000 0.000 0.000 0.000 
-0.944 -0.990 -0.824 -0.746 -0.960 -0.981 -0.797 -0.514 -0.263 -0.107 0.000 0.000 0.000 0.000 0.000 0.000 0.000 0.000 0.000 0.000 0.000 
-0.865 -0.998 -0.916 -0.667 -0.888 -1.000 -0.894 -0.636 -0.359 -0.161 0.000 0.000 0.000 0.000 0.000 0.000 0.000 0.000 0.000 0.000 0.000 
-0.760 -0.966 -0.976 -0.784 -0.789 -0.978 -0.964 -0.754 -0.469 -0.232 0.000 0.000 0.000 0.000 0.000 0.000 0.000 0.000 0.000 0.000 0.000 
-0.641 -0.898 -1.000 -0.884 -0.673 -0.919 -0.998 -0.860 -0.589 -0.320 -0.138 0.000 0.000 0.000 0.000 0.000 0.000 0.000 0.000 0.000 0.000 
-0.520 -0.802 -0.983 -0.957 -0.741 -0.829 -0.991 -0.941 -0.710 -0.426 -0.203 0.000 0.000 0.000 0.000 0.000 0.000 0.000 0.000 0.000 0.000 
-0.404 -0.687 -0.928 -0.996 -0.848 -0.718 -0.946 -0.989 -0.822 -0.543 -0.285 -0.119 0.000 0.000 0.000 0.000 0.000 0.000 0.000 0.000 0.000 
-0.302 -0.566 -0.841 -0.994 -0.933 -0.696 -0.867 -0.998 -0.914 -0.664 -0.384 -0.176 0.000 0.000 0.000 0.000 0.000 0.000 0.000 0.000 0.000 
-0.217 -0.447 -0.732 -0.953 -0.986 -0.809 -0.762 -0.968 -0.975 -0.781 -0.497 -0.251 -0.101 0.000 0.000 0.000 0.000 0.000 0.000 0.000 0.000 
-0.149 -0.339 -0.612 -0.878 -1.000 -0.904 -0.650 -0.900 -1.000 -0.882 -0.618 -0.344 -0.152 0.000 0.000 0.000 0.000 0.000 0.000 0.000 0.000 
0.000 -0.247 -0.491 -0.776 -0.973 -0.970 -0.768 -0.804 -0.984 -0.956 -0.738 -0.453 -0.220 0.000 0.000 0.000 0.000 0.000 0.000 0.000 0.000 
0.000 -0.173 -0.379 -0.659 -0.910 -0.999 -0.871 -0.690 -0.930 -0.995 -0.846 -0.572 -0.307 -0.131 0.000 0.000 0.000 0.000 0.000 0.000 0.000 
0.000 -0.116 -0.280 -0.537 -0.817 -0.988 -0.949 -0.724 -0.844 -0.995 -0.932 -0.693 -0.410 -0.192 0.000 0.000 0.000 0.000 0.000 0.000 0.000 
0.000 0.000 -0.199 -0.420 -0.704 -0.938 -0.993 -0.834 -0.735 -0.955 -0.985 -0.807 -0.525 -0.272 -0.112 0.000 0.000 0.000 0.000 0.000 0.000 
0.000 0.000 -0.136 -0.316 -0.583 -0.855 -0.997 -0.923 -0.679 -0.880 -1.000 -0.902 -0.647 -0.369 -0.167 0.000 0.000 0.000 0.000 0.000 0.000 
0.000 0.000 0.000 -0.228 -0.464 -0.749 -0.961 -0.980 -0.794 -0.778 -0.974 -0.969 -0.765 -0.480 -0.239 0.000 0.000 0.000 0.000 0.000 0.000 
0.000 0.000 0.000 -0.158 -0.354 -0.630 -0.890 -1.000 -0.892 -0.661 -0.912 -0.999 -0.869 -0.601 -0.330 -0.144 0.000 0.000 0.000 0.000 0.000 
0.000 0.000 0.000 -0.105 -0.259 -0.508 -0.792 -0.979 -0.963 -0.752 -0.819 -0.989 -0.947 -0.721 -0.436 -0.210 0.000 0.000 0.000 0.000 0.000 
0.000 0.000 0.000 0.000 -0.182 -0.394 -0.676 -0.921 -0.997 -0.858 -0.707 -0.940 -0.992 -0.832 -0.554 -0.293 -0.123 0.000 0.000 0.000 0.000 
0.000 0.000 0.000 0.000 -0.123 -0.293 -0.554 -0.832 -0.992 -0.940 -0.707 -0.858 -0.997 -0.921 -0.676 -0.394 -0.182 0.000 0.000 0.000 0.000 
0.000 0.000 0.000 0.000 0.000 -0.210 -0.436 -0.721 -0.947 -0.989 -0.819 -0.752 -0.963 -0.979 -0.792 -0.508 -0.259 -0.105 0.000 0.000 0.000 
0.000 0.000 0.000 0.000 0.000 -0.144 -0.330 -0.601 -0.869 -0.999 -0.912 -0.661 -0.892 -1.000 -0.890 -0.630 -0.354 -0.158 0.000 0.000 0.000 
0.000 0.000 0.000 0.000 0.000 0.000 -0.239 -0.480 -0.765 -0.969 -0.974 -0.778 -0.794 -0.980 -0.961 -0.749 -0.464 -0.228 0.000 0.000 0.000 
0.000 0.000 0.000 0.000 0.000 0.000 -0.167 -0.369 -0.647 -0.902 -1.000 -0.880 -0.679 -0.923 -0.997 -0.855 -0.583 -0.316 -0.136 0.000 0.000 
0.000 0.000 0.000 0.000 0.000 0.000 -0.112 -0.272 -0.525 -0.807 -0.985 -0.955 -0.735 -0.834 -0.993 -0.938 -0.704 -0.420 -0.199 0.000 0.000 
0.000 0.000 0.000 0.000 0.000 0.000 0.000 -0.192 -0.410 -0.693 -0.932 -0.995 -0.844 -0.724 -0.949 -0.988 -0.817 -0.537 -0.280 -0.116 0.000 
0.000 0.000 0.000 0.000 0.000 0.000 0.000 -0.131 -0.307 -0.572 -0.846 -0.995 -0.930 -0.690 -0.871 -0.999 -0.910 -0.659 -0.379 -0.173 0.000 
0.000 0.000 0.000 0.000 0.000 0.000 0.000 0.000 -0.220 -0.453 -0.738 -0.956 -0.984 -0.804 -0.768 -0.970 -0.973 -0.776 -0.491 -0.247 0.000 
0.000 0.000 0.000 0.000 0.000 0.000 0.000 0.000 -0.152 -0.344 -0.618 -0.882 -1.000 -0.900 -0.650 -0.904 -1.000 -0.878 -0.612 -0.339 -0.149 
0.000 0.000 0.000 0.000 0.000 0.000 0.000 0.000 -0.101 -0.251 -0.497 -0.781 -0.975 -0.968 -0.762 -0.809 -0.986 -0.953 -0.732 -0.447 -0.217 
0.000 0.000 0.000 0.000 0.000 0.000 0.000 0.000 0.000 -0.176 -0.384 -0.664 -0.914 -0.998 -0.867 -0.696 -0.933 -0.994 -0.841 -0.566 -0.302 
0.000 0.000 0.000 0.000 0.000 0.000 0.000 0.000 0.000 -0.119 -0.285 -0.543 -0.822 -0.989 -0.946 -0.718 -0.848 -0.996 -0.928 -0.687 -0.404 
0.000 0.000 0.000 0.000 0.000 0.000 0.000 0.000 0.000 0.000 -0.203 -0.426 -0.710 -0.941 -0.991 -0.829 -0.741 -0.957 -0.983 -0.802 -0.520 
0.000 0.000 0.000 0.000 0.000 0.000 0.000 0.000 0.000 0.000 -0.138 -0.320 -0.589 -0.860 -0.998 -0.919 -0.673 -0.884 -1.000 -0.898 -0.641 
0.000 0.000 0.000 0.000 0.000 0.000 0.000 0.000 0.000 0.000 0.000 -0.232 -0.469 -0.754 -0.964 -0.978 -0.789 -0.784 -0.976 -0.966 -0.760 
0.000 0.000 0.000 0.000 0.000 0.000 0.000 0.000 0.000 0.000 0.000 -0.161 -0.359 -0.636 -0.894 -1.000 -0.888 -0.667 -0.916 -0.998 -0.865 
0.000 0.000 0.000 0.000 0.000 0.000 0.000 0.000 0.000 0.000 0.000 -0.107 -0.263 -0.514 -0.797 -0.981 -0.960 -0.746 -0.824 -0.990 -0.944 
0.000 0.000 0.000 0.000 0.000 0.000 0.000 0.000 0.000 0.000 0.000 0.000 -0.186 -0.399 -0.682 -0.925 -0.996 -0.853 -0.713 -0.943 -0.991 
0.000 0.000 0.000 0.000 0.000 0.000 0.000 0.000 0.000 0.000 0.000 0.000 -0.126 -0.298 -0.560 -0.837 -0.993 -0.936 -0.702 -0.862 -0.998 
0.000 0.000 0.000 0.000 0.000 0.000 0.000 0.000 0.000 0.000 0.000 0.000 0.000 -0.213 -0.442 -0.727 -0.950 -0.987 -0.815 -0.757 -0.965 
0.000 0.000 0.000 0.000 0.000 0.000 0.000 0.000 0.000 0.000 0.000 0.000 0.000 -0.147 -0.335 -0.606 -0.873 -0.999 -0.908 -0.656 -0.896 
0.000 0.000 0.000 0.000 0.000 0.000 0.000 0.000 0.000 0.000 0.000 0.000 0.000 0.000 -0.243 -0.486 -0.771 -0.971 -0.972 -0.773 -0.799 
0.000 0.000 0.000 0.000 0.000 0.000 0.000 0.000 0.000 0.000 0.000 0.000 0.000 0.000 -0.170 -0.374 -0.653 -0.906 -0.999 -0.875 -0.684 
0.000 0.000 0.000 0.000 0.000 0.000 0.000 0.000 0.000 0.000 0.000 0.000 0.000 0.000 -0.114 -0.276 -0.531 -0.812 -0.986 -0.952 -0.730 
# 2 1 3 21
-0.880 -1.000 -0.903 -0.647 -0.903 -1.000 -0.880 -0.615 -0.342 -0.151 0.000 0.000 0.000 0.000 0.000 0.000 0.000 0.000 0.000 0.000 0.000 
0.000 0.000 0.000 0.000 -0.151 -0.342 -0.615 -0.880 -1.000 -0.903 -0.647 -0.903 -1.000 -0.880 -0.615 -0.342 -0.151 0.000 0.000 0.000 0.000 
0.000 0.000 0.000 0.000 0.000 0.000 0.000 0.000 0.000 0.000 0.000 -0.151 -0.342 -0.615 -0.880 -1.000 -0.903 -0.647 -0.903 -1.000 -0.880 
# 2 3 16 21
-0.692 -0.870 -0.999 -0.911 -0.661 -0.380 -0.174 0.000 0.000 0.000 0.000 0.000 0.000 0.000 0.000 0.000 0.000 0.000 0.000 0.000 0.000 
-0.974 -0.778 -0.795 -0.981 -0.961 -0.749 -0.463 -0.228 0.000 0.000 0.000 0.000 0.000 0.000 0.000 0.000 0.000 0.000 0.000 0.000 0.000 
-0.923 -0.997 -0.856 -0.710 -0.941 -0.991 -0.830 -0.552 -0.291 -0.122 0.000 0.000 0.000 0.000 0.000 0.000 0.000 0.000 0.000 0.000 0.000 
-0.588 -0.859 -0.998 -0.920 -0.674 -0.883 -1.000 -0.899 -0.642 -0.365 -0.164 0.000 0.000 0.000 0.000 0.000 0.000 0.000 0.000 0.000 0.000 
-0.252 -0.498 -0.782 -0.976 -0.967 -0.761 -0.810 -0.986 -0.953 -0.731 -0.446 -0.216 0.000 0.000 0.000 0.000 0.000 0.000 0.000 0.000 0.000 
0.000 -0.194 -0.413 -0.696 -0.934 -0.994 -0.841 -0.727 -0.951 -0.987 -0.814 -0.534 -0.278 -0.115 0.000 0.000 0.000 0.000 0.000 0.000 0.000 
0.000 0.000 -0.146 -0.334 -0.606 -0.873 -0.999 -0.908 -0.656 -0.896 -1.000 -0.886 -0.624 -0.349 -0.155 0.000 0.000 0.000 0.000 0.000 0.000 
0.000 0.000 0.000 -0.108 -0.265 -0.516 -0.799 -0.982 -0.959 -0.744 -0.826 -0.990 -0.944 -0.714 -0.429 -0.205 0.000 0.000 0.000 0.000 0.000 
0.000 0.000 0.000 0.000 0.000 -0.205 -0.429 -0.714 -0.944 -0.990 -0.826 -0.744 -0.959 -0.982 -0.799 -0.516 -0.265 -0.108 0.000 0.000 0.000 
0.000 0.000 0.000 0.000 0.000 0.000 -0.155 -0.349 -0.624 -0.886 -1.000 -0.896 -0.656 -0.908 -0.999 -0.873 -0.606 -0.334 -0.146 0.000 0.000 
0.000 0.000 0.000 0.000 0.000 0.000 0.000 -0.115 -0.278 -0.534 -0.814 -0.987 -0.951 -0.727 -0.841 -0.994 -0.934 -0.696 -0.413 -0.194 0.000 
0.000 0.000 0.000 0.000 0.000 0.000 0.000 0.000 0.000 -0.216 -0.446 -0.731 -0.953 -0.986 -0.810 -0.761 -0.967 -0.976 -0.782 -0.498 -0.252 
0.000 0.000 0.000 0.000 0.000 0.000 0.000 0.000 0.000 0.000 -0.164 -0.365 -0.642 -0.899 -1.000 -0.883 -0.674 -0.920 -0.998 -0.859 -0.588 
0.000 0.000 0.000 0.000 0.000 0.000 0.000 0.000 0.000 0.000 0.000 -0.122 -0.291 -0.552 -0.830 -0.991 -0.941 -0.710 -0.856 -0.997 -0.923 
0.000 0.000 0.000 0.000 0.000 0.000 0.000 0.000 0.000 0.000 0.000 0.000 0.000 -0.228 -0.463 -0.749 -0.961 -0.981 -0.795 -0.778 -0.974 
0.000 0.000 0.000 0.000 0.000 0.000 0.000 0.000 0.000 0.000 0.000 0.000 0.000 0.000 -0.174 -0.380 -0.661 -0.911 -0.999 -0.870 -0.692 
# 3 0 50 16
-0.233 -0.402 -0.610 -0.816 -0.961 -0.997 -0.913 -0.736 -0.523 -0.327 -0.180 0.000 0.000 0.000 0.000 0.000 
-0.191 -0.343 -0.541 -0.754 -0.924 -0.999 -0.952 -0.799 -0.591 -0.385 -0.221 -0.111 0.000 0.000 0.000 0.000 
-0.228 -0.288 -0.474 -0.687 -0.878 -0.988 -0.980 -0.857 -0.660 -0.448 -0.268 -0.141 0.000 0.000 0.000 0.000 
-0.275 -0.239 -0.410 -0.619 -0.823 -0.965 -0.996 -0.907 -0.728 -0.514 -0.320 -0.175 0.000 0.000 0.000 0.000 
-0.329 -0.196 -0.350 -0.550 -0.762 -0.929 -1.000 -0.948 -0.792 -0.583 -0.378 -0.216 -0.108 0.000 0.000 0.000 
-0.387 -0.222 -0.295 -0.483 -0.696 -0.884 -0.990 -0.977 -0.850 -0.652 -0.440 -0.262 -0.137 0.000 0.000 0.000 
-0.450 -0.269 -0.245 -0.418 -0.628 -0.830 -0.968 -0.995 -0.901 -0.719 -0.506 -0.313 -0.171 0.000 0.000 0.000 
-0.516 -0.322 -0.201 -0.357 -0.559 -0.770 -0.934 -1.000 -0.943 -0.784 -0.574 -0.370 -0.210 -0.105 0.000 0.000 
-0.584 -0.379 -0.217 -0.301 -0.491 -0.704 -0.890 -0.992 -0.974 -0.843 -0.643 -0.432 -0.256 -0.133 0.000 0.000 
-0.653 -0.442 -0.263 -0.251 -0.426 -0.636 -0.837 -0.972 -0.993 -0.895 -0.711 -0.497 -0.307 -0.166 0.000 0.000 
-0.721 -0.508 -0.315 -0.206 -0.364 -0.567 -0.778 -0.939 -1.000 -0.938 -0.776 -0.565 -0.363 -0.205 -0.102 0.000 
-0.785 -0.576 -0.372 -0.211 -0.308 -0.499 -0.713 -0.896 -0.994 -0.971 -0.836 -0.634 -0.424 -0.250 -0.129 0.000 
-0.844 -0.645 -0.434 -0.257 -0.257 -0.434 -0.645 -0.844 -0.975 -0.992 -0.889 -0.703 -0.489 -0.300 -0.162 0.000 
-0.896 -0.713 -0.499 -0.308 -0.211 -0.372 -0.576 -0.785 -0.944 -1.000 -0.933 -0.768 -0.557 -0.356 -0.200 0.000 
-0.939 -0.778 -0.567 -0.364 -0.206 -0.315 -0.508 -0.721 -0.902 -0.995 -0.967 -0.829 -0.626 -0.416 -0.244 -0.125 
-0.972 -0.837 -0.636 -0.426 -0.251 -0.263 -0.442 -0.653 -0.851 -0.978 -0.990 -0.883 -0.694 -0.481 -0.293 -0.157 
-0.992 -0.890 -0.704 -0.491 -0.301 -0.217 -0.379 -0.584 -0.793 -0.948 -1.000 -0.928 -0.760 -0.548 -0.348 -0.195 
-1.000 -0.934 -0.770 -0.559 -0.357 -0.201 -0.322 -0.516 -0.729 -0.908 -0.996 -0.964 -0.822 -0.617 -0.408 -0.238 
-0.995 -0.968 -0.830 -0.628 -0.418 -0.245 -0.269 -0.450 -0.662 -0.858 -0.981 -0.988 -0.877 -0.686 -0.473 -0.287 
-0.977 -0.990 -0.884 -0.696 -0.483 -0.295 -0.222 -0.387 -0.593 -0.801 -0.953 -0.999 -0.923 -0.752 -0.540 -0.341 
-0.948 -1.000 -0.929 -0.762 -0.550 -0.350 -0.196 -0.329 -0.524 -0.737 -0.914 -0.998 -0.960 -0.814 -0.609 -0.401 
-0.907 -0.996 -0.965 -0.823 -0.619 -0.410 -0.239 -0.275 -0.458 -0.670 -0.865 -0.983 -0.985 -0.870 -0.677 -0.464 
-0.857 -0.980 -0.988 -0.878 -0.687 -0.474 -0.288 -0.228 -0.395 -0.602 -0.808 -0.957 -0.998 -0.918 -0.744 -0.531 
-0.799 -0.952 -0.999 -0.924 -0.754 -0.541 -0.343 -0.191 -0.336 -0.533 -0.746 -0.919 -0.998 -0.956 -0.807 -0.600 
-0.736 -0.913 -0.997 -0.961 -0.816 -0.610 -0.402 -0.233 -0.282 -0.466 -0.679 -0.871 -0.986 -0.983 -0.864 -0.669 
-0.669 -0.864 -0.983 -0.986 -0.871 -0.679 -0.466 -0.282 -0.233 -0.402 -0.610 -0.816 -0.961 -0.997 -0.913 -0.736 
-0.600 -0.807 -0.956 -0.998 -0.919 -0.746 -0.533 -0.336 -0.191 -0.343 -0.541 -0.754 -0.924 -0.999 -0.952 -0.799 
-0.531 -0.744 -0.918 -0.998 -0.957 -0.808 -0.602 -0.395 -0.228 -0.288 -0.474 -0.687 -0.878 -0.988 -0.980 -0.857 
-0.464 -0.677 -0.870 -0.985 -0.983 -0.865 -0.670 -0.458 -0.275 -0.239 -0.410 -0.619 -0.823 -0.965 -0.996 -0.907 
-0.401 -0.609 -0.814 -0.960 -0.998 -0.914 -0.737 -0.524 -0.329 -0.196 -0.350 -0.550 -0.762 -0.929 -1.000 -0.948 
-0.341 -0.540 -0.752 -0.923 -0.999 -0.953 -0.801 -0.593 -0.387 -0.222 -0.295 -0.483 -0.696 -0.884 -0.990 -0.977 
-0.287 -0.473 -0.686 -0.877 -0.988 -0.981 -0.858 -0.662 -0.450 -0.269 -0.245 -0.418 -0.628 -0.830 -0.968 -0.995 
-0.238 -0.408 -0.617 -0.822 -0.964 -0.996 -0.908 -0.729 -0.516 -0.322 -0.201 -0.357 -0.559 -0.770 -0.934 -1.000 
-0.195 -0.348 -0.548 -0.760 -0.928 -1.000 -0.948 -0.793 -0.584 -0.379 -0.217 -0.301 -0.491 -0.704 -0.890 -0.992 
-0.157 -0.293 -0.481 -0.694 -0.883 -0.990 -0.978 -0.851 -0.653 -0.442 -0.263 -0.251 -0.426 -0.636 -0.837 -0.972 
-0.125 -0.244 -0.416 -0.626 -0.829 -0.967 -0.995 -0.902 -0.721 -0.508 -0.315 -0.206 -0.364 -0.567 -0.778 -0.939 
0.000 -0.200 -0.356 -0.557 -0.768 -0.933 -1.000 -0.944 -0.785 -0.576 -0.372 -0.211 -0.308 -0.499 -0.713 -0.896 
0.000 -0.162 -0.300 -0.489 -0.703 -0.889 -0.992 -0.975 -0.844 -0.645 -0.434 -0.257 -0.257 -0.434 -0.645 -0.844 
0.000 -0.129 -0.250 -0.424 -0.634 -0.836 -0.971 -0.994 -0.896 -0.713 -0.499 -0.308 -0.211 -0.372 -0.576 -0.785 
0.000 -0.102 -0.205 -0.363 -0.565 -0.776 -0.938 -1.000 -0.939 -0.778 -0.567 -0.364 -0.206 -0.315 -0.508 -0.721 
0.000 0.000 -0.166 -0.307 -0.497 -0.711 -0.895 -0.993 -0.972 -0.837 -0.636 -0.426 -0.251 -0.263 -0.442 -0.653 
0.000 0.000 -0.133 -0.256 -0.432 -0.643 -0.843 -0.974 -0.992 -0.890 -0.704 -0.491 -0.301 -0.217 -0.379 -0.584 
0.000 0.000 -0.105 -0.210 -0.370 -0.574 -0.784 -0.943 -1.000 -0.934 -0.770 -0.559 -0.357 -0.201 -0.322 -0.516 
0.000 0.000 0.000 -0.171 -0.313 -0.506 -0.719 -0.901 -0.995 -0.968 -0.830 -0.628 -0.418 -0.245 -0.269 -0.450 
0.000 0.000 0.000 -0.137 -0.262 -0.440 -0.652 -0.850 -0.977 -0.990 -0.884 -0.696 -0.483 -0.295 -0.222 -0.387 
0.000 0.000 0.000 -0.108 -0.216 -0.378 -0.583 -0.792 -0.948 -1.000 -0.929 -0.762 -0.550 -0.350 -0.196 -0.329 
0.000 0.000 0.000 0.000 -0.175 -0.320 -0.514 -0.728 -0.907 -0.996 -0.965 -0.823 -0.619 -0.410 -0.239 -0.275 
0.000 0.000 0.000 0.000 -0.141 -0.268 -0.448 -0.660 -0.857 -0.980 -0.988 -0.878 -0.687 -0.474 -0.288 -0.228 
0.000 0.000 0.000 0.000 -0.111 -0.221 -0.385 -0.591 -0.799 -0.952 -0.999 -0.924 -0.754 -0.541 -0.343 -0.191 
0.000 0.000 0.000 0.000 0.000 -0.180 -0.327 -0.523 -0.736 -0.913 -0.997 -0.961 -0.816 -0.610 -0.402 -0.233 
# 3 1 3 16
-0.566 -0.357 -0.193 -0.296 -0.493 -0.713 -0.901 -1.000 -0.975 -0.835 -0.627 -0.411 -0.232 -0.109 0.000 0.000 
-0.700 -0.892 -0.997 -0.980 -0.846 -0.640 -0.423 -0.241 -0.241 -0.423 -0.640 -0.846 -0.980 -0.997 -0.892 -0.700 
0.000 0.000 -0.109 -0.232 -0.411 -0.627 -0.835 -0.975 -1.000 -0.901 -0.713 -0.493 -0.296 -0.193 -0.357 -0.566 
# 3 2 21 16
-0.203 -0.360 -0.562 -0.773 -0.937 -1.000 -0.941 -0.780 -0.570 -0.367 -0.207 -0.103 0.000 0.000 0.000 0.000 
-0.279 -0.235 -0.405 -0.614 -0.819 -0.962 -0.997 -0.910 -0.732 -0.519 -0.324 -0.178 0.000 0.000 0.000 0.000 
-0.415 -0.242 -0.271 -0.453 -0.665 -0.861 -0.982 -0.987 -0.874 -0.682 -0.469 -0.284 -0.151 0.000 0.000 0.000 
-0.573 -0.369 -0.209 -0.310 -0.502 -0.715 -0.898 -0.994 -0.970 -0.834 -0.631 -0.421 -0.247 -0.128 0.000 0.000 
-0.735 -0.522 -0.326 -0.197 -0.352 -0.552 -0.764 -0.931 -1.000 -0.946 -0.789 -0.580 -0.375 -0.214 -0.107 0.000 
-0.876 -0.685 -0.472 -0.286 -0.229 -0.396 -0.604 -0.810 -0.958 -0.998 -0.917 -0.742 -0.529 -0.332 -0.183 0.000 
-0.971 -0.836 -0.634 -0.424 -0.249 -0.264 -0.443 -0.655 -0.853 -0.978 -0.989 -0.882 -0.692 -0.479 -0.292 -0.156 
-1.000 -0.948 -0.792 -0.583 -0.378 -0.216 -0.302 -0.492 -0.705 -0.891 -0.992 -0.974 -0.842 -0.642 -0.431 -0.254 
-0.956 -0.998 -0.919 -0.745 -0.532 -0.335 -0.191 -0.343 -0.542 -0.754 -0.925 -0.999 -0.951 -0.798 -0.590 -0.384 
-0.850 -0.977 -0.990 -0.884 -0.695 -0.482 -0.294 -0.222 -0.387 -0.593 -0.801 -0.953 -0.999 -0.923 -0.752 -0.539 
-0.702 -0.889 -0.992 -0.975 -0.844 -0.645 -0.433 -0.256 -0.256 -0.433 -0.645 -0.844 -0.975 -0.992 -0.889 -0.702 
-0.539 -0.752 -0.923 -0.999 -0.953 -0.801 -0.593 -0.387 -0.222 -0.294 -0.482 -0.695 -0.884 -0.990 -0.977 -0.850 
-0.384 -0.590 -0.798 -0.951 -0.999 -0.925 -0.754 -0.542 -0.343 -0.191 -0.335 -0.532 -0.745 -0.919 -0.998 -0.956 
-0.254 -0.431 -0.642 -0.842 -0.974 -0.992 -0.891 -0.705 -0.492 -0.302 -0.216 -0.378 -0.583 -0.792 -0.948 -1.000 
-0.156 -0.292 -0.479 -0.692 -0.882 -0.989 -0.978 -0.853 -0.655 -0.443 -0.264 -0.249 -0.424 -0.634 -0.836 -0.971 
0.000 -0.183 -0.332 -0.529 -0.742 -0.917 -0.998 -0.958 -0.810 -0.604 -0.396 -0.229 -0.286 -0.472 -0.685 -0.876 
0.000 -0.107 -0.214 -0.375 -0.580 -0.789 -0.946 -1.000 -0.931 -0.764 -0.552 -0.352 -0.197 -0.326 -0.522 -0.735 
0.000 0.000 -0.128 -0.247 -0.421 -0.631 -0.834 -0.970 -0.994 -0.898 -0.715 -0.502 -0.310 -0.209 -0.369 -0.573 
0.000 0.000 0.000 -0.151 -0.284 -0.469 -0.682 -0.874 -0.987 -0.982 -0.861 -0.665 -0.453 -0.271 -0.242 -0.415 
0.000 0.000 0.000 0.000 -0.178 -0.324 -0.519 -0.732 -0.910 -0.997 -0.962 -0.819 -0.614 -0.405 -0.235 -0.279 
0.000 0.000 0.000 0.000 -0.103 -0.207 -0.367 -0.570 -0.780 -0.941 -1.000 -0.937 -0.773 -0.562 -0.360 -0.203 
