68.915112
3
# 0 1 6 50
0.360 0.824 0.990 0.624 0.464 0.912 0.941 0.510 0.145 0.000 0.000 0.000 0.000 0.000 0.000 0.000 0.000 0.000 0.000 0.000 0.000 0.000 0.000 0.000 0.000 0.000 0.000 0.000 0.000 0.000 0.000 0.000 0.000 0.000 0.000 0.000 0.000 0.000 0.000 0.000 0.000 0.000 0.000 0.000 0.000 0.000 0.000 0.000 0.000 0.000 
0.000 0.000 0.000 0.000 0.000 0.000 0.000 0.000 0.237 0.672 1.000 0.782 0.321 0.782 1.000 0.672 0.237 0.000 0.000 0.000 0.000 0.000 0.000 0.000 0.000 0.000 0.000 0.000 0.000 0.000 0.000 0.000 0.000 0.000 0.000 0.000 0.000 0.000 0.000 0.000 0.000 0.000 0.000 0.000 0.000 0.000 0.000 0.000 0.000 0.000 
0.000 0.000 0.000 0.000 0.000 0.000 0.000 0.000 0.000 0.000 0.000 0.000 0.000 0.000 0.000 0.000 0.145 0.510 0.941 0.912 0.464 0.624 0.990 0.824 0.360 0.000 0.000 0.000 0.000 0.000 0.000 0.000 0.000 0.000 0.000 0.000 0.000 0.000 0.000 0.000 0.000 0.000 0.000 0.000 0.000 0.000 0.000 0.000 0.000 0.000 
0.000 0.000 0.000 0.000 0.000 0.000 0.000 0.000 0.000 0.000 0.000 0.000 0.000 0.000 0.000 0.000 0.000 0.000 0.000 0.000 0.000 0.000 0.000 0.000 0.000 0.360 0.824 0.990 0.624 0.464 0.912 0.941 0.510 0.145 0.000 0.000 0.000 0.000 0.000 0.000 0.000 0.000 0.000 0.000 0.000 0.000 0.000 0.000 0.000 0.000 
0.000 0.000 0.000 0.000 0.000 0.000 0.000 0.000 0.000 0.000 0.000 0.000 0.000 0.000 0.000 0.000 0.000 0.000 0.000 0.000 0.000 0.000 0.000 0.000 0.000 0.000 0.000 0.000 0.000 0.000 0.000 0.000 0.000 0.237 0.672 1.000 0.782 0.321 0.782 1.000 0.672 0.237 0.000 0.000 0.000 0.000 0.000 0.000 0.000 0.000 
0.000 0.000 0.000 0.000 0.000 0.000 0.000 0.000 0.000 0.000 0.000 0.000 0.000 0.000 0.000 0.000 0.000 0.000 0.000 0.000 0.000 0.000 0.000 0.000 0.000 0.000 0.000 0.000 0.000 0.000 0.000 0.000 0.000 0.000 0.000 0.000 0.000 0.000 0.000 0.000 0.000 0.145 0.510 0.941 0.912 0.464 0.624 0.990 0.824 0.360 
# 0 2 15 50
0.849 0.388 0.702 1.000 0.748 0.294 0.000 0.000 0.000 0.000 0.000 0.000 0.000 0.000 0.000 0.000 0.000 0.000 0.000 0.000 0.000 0.000 0.000 0.000 0.000 0.000 0.000 0.000 0.000 0.000 0.000 0.000 0.000 0.000 0.000 0.000 0.000 0.000 0.000 0.000 0.000 0.000 0.000 0.000 0.000 0.000 0.000 0.000 0.000 0.000 
0.110 0.431 0.885 0.955 0.541 0.541 0.955 0.885 0.431 0.110 0.000 0.000 0.000 0.000 0.000 0.000 0.000 0.000 0.000 0.000 0.000 0.000 0.000 0.000 0.000 0.000 0.000 0.000 0.000 0.000 0.000 0.000 0.000 0.000 0.000 0.000 0.000 0.000 0.000 0.000 0.000 0.000 0.000 0.000 0.000 0.000 0.000 0.000 0.000 0.000 
0.000 0.000 0.000 0.000 0.294 0.748 1.000 0.702 0.388 0.849 0.975 0.588 0.187 0.000 0.000 0.000 0.000 0.000 0.000 0.000 0.000 0.000 0.000 0.000 0.000 0.000 0.000 0.000 0.000 0.000 0.000 0.000 0.000 0.000 0.000 0.000 0.000 0.000 0.000 0.000 0.000 0.000 0.000 0.000 0.000 0.000 0.000 0.000 0.000 0.000 
0.000 0.000 0.000 0.000 0.000 0.000 0.000 0.187 0.588 0.975 0.849 0.388 0.702 1.000 0.748 0.294 0.000 0.000 0.000 0.000 0.000 0.000 0.000 0.000 0.000 0.000 0.000 0.000 0.000 0.000 0.000 0.000 0.000 0.000 0.000 0.000 0.000 0.000 0.000 0.000 0.000 0.000 0.000 0.000 0.000 0.000 0.000 0.000 0.000 0.000 
0.000 0.000 0.000 0.000 0.000 0.000 0.000 0.000 0.000 0.000 0.110 0.431 0.885 0.955 0.541 0.541 0.955 0.885 0.431 0.110 0.000 0.000 0.000 0.000 0.000 0.000 0.000 0.000 0.000 0.000 0.000 0.000 0.000 0.000 0.000 0.000 0.000 0.000 0.000 0.000 0.000 0.000 0.000 0.000 0.000 0.000 0.000 0.000 0.000 0.000 
0.000 0.000 0.000 0.000 0.000 0.000 0.000 0.000 0.000 0.000 0.000 0.000 0.000 0.000 0.294 0.748 1.000 0.702 0.388 0.849 0.975 0.588 0.187 0.000 0.000 0.000 0.000 0.000 0.000 0.000 0.000 0.000 0.000 0.000 0.000 0.000 0.000 0.000 0.000 0.000 0.000 0.000 0.000 0.000 0.000 0.000 0.000 0.000 0.000 0.000 
0.000 0.000 0.000 0.000 0.000 0.000 0.000 0.000 0.000 0.000 0.000 0.000 0.000 0.000 0.000 0.000 0.000 0.187 0.588 0.975 0.849 0.388 0.702 1.000 0.748 0.294 0.000 0.000 0.000 0.000 0.000 0.000 0.000 0.000 0.000 0.000 0.000 0.000 0.000 0.000 0.000 0.000 0.000 0.000 0.000 0.000 0.000 0.000 0.000 0.000 
0.000 0.000 0.000 0.000 0.000 0.000 0.000 0.000 0.000 0.000 0.000 0.000 0.000 0.000 0.000 0.000 0.000 0.000 0.000 0.000 0.110 0.431 0.885 0.955 0.541 0.541 0.955 0.885 0.431 0.110 0.000 0.000 0.000 0.000 0.000 0.000 0.000 0.000 0.000 0.000 0.000 0.000 0.000 0.000 0.000 0.000 0.000 0.000 0.000 0.000 
0.000 0.000 0.000 0.000 0.000 0.000 0.000 0.000 0.000 0.000 0.000 0.000 0.000 0.000 0.000 0.000 0.000 0.000 0.000 0.000 0.000 0.000 0.000 0.000 0.294 0.748 1.000 0.702 0.388 0.849 0.975 0.588 0.187 0.000 0.000 0.000 0.000 0.000 0.000 0.000 0.000 0.000 0.000 0.000 0.000 0.000 0.000 0.000 0.000 0.000 
0.000 0.000 0.000 0.000 0.000 0.000 0.000 0.000 0.000 0.000 0.000 0.000 0.000 0.000 0.000 0.000 0.000 0.000 0.000 0.000 0.000 0.000 0.000 0.000 0.000 0.000 0.000 0.187 0.588 0.975 0.849 0.388 0.702 1.000 0.748 0.294 0.000 0.000 0.000 0.000 0.000 0.000 0.000 0.000 0.000 0.000 0.000 0.000 0.000 0.000 
0.000 0.000 0.000 0.000 0.000 0.000 0.000 0.000 0.000 0.000 0.000 0.000 0.000 0.000 0.000 0.000 0.000 0.000 0.000 0.000 0.000 0.000 0.000 0.000 0.000 0.000 0.000 0.000 0.000 0.000 0.110 0.431 0.885 0.955 0.541 0.541 0.955 0.885 0.431 0.110 0.000 0.000 0.000 0.000 0.000 0.000 0.000 0.000 0.000 0.000 
0.000 0.000 0.000 0.000 0.000 0.000 0.000 0.000 0.000 0.000 0.000 0.000 0.000 0.000 0.000 0.000 0.000 0.000 0.000 0.000 0.000 0.000 0.000 0.000 0.000 0.000 0.000 0.000 0.000 0.000 0.000 0.000 0.000 0.000 0.294 0.748 1.000 0.702 0.388 0.849 0.975 0.588 0.187 0.000 0.000 0.000 0.000 0.000 0.000 0.000 
0.000 0.000 0.000 0.000 0.000 0.000 0.000 0.000 0.000 0.000 0.000 0.000 0.000 0.000 0.000 0.000 0.000 0.000 0.000 0.000 0.000 0.000 0.000 0.000 0.000 0.000 0.000 0.000 0.000 0.000 0.000 0.000 0.000 0.000 0.000 0.000 0.000 0.187 0.588 0.975 0.849 0.388 0.702 1.000 0.748 0.294 0.000 0.000 0.000 0.000 
0.000 0.000 0.000 0.000 0.000 0.000 0.000 0.000 0.000 0.000 0.000 0.000 0.000 0.000 0.000 0.000 0.000 0.000 0.000 0.000 0.000 0.000 0.000 0.000 0.000 0.000 0.000 0.000 0.000 0.000 0.000 0.000 0.000 0.000 0.000 0.000 0.000 0.000 0.000 0.000 0.110 0.431 0.885 0.955 0.541 0.541 0.955 0.885 0.431 0.110 
0.000 0.000 0.000 0.000 0.000 0.000 0.000 0.000 0.000 0.000 0.000 0.000 0.000 0.000 0.000 0.000 0.000 0.000 0.000 0.000 0.000 0.000 0.000 0.000 0.000 0.000 0.000 0.000 0.000 0.000 0.000 0.000 0.000 0.000 0.000 0.000 0.000 0.000 0.000 0.000 0.000 0.000 0.000 0.000 0.294 0.748 1.000 0.702 0.388 0.849 
# 1 0 50 6
-0.264 -0.931 -0.681 -0.103 0.000 0.000 
-0.204 -0.870 -0.768 -0.140 0.000 0.000 
-0.154 -0.794 -0.847 -0.187 0.000 0.000 
-0.114 -0.709 -0.914 -0.244 0.000 0.000 
-0.102 -0.619 -0.963 -0.311 0.000 0.000 
-0.140 -0.528 -0.993 -0.387 0.000 0.000 
-0.186 -0.440 -1.000 -0.470 0.000 0.000 
-0.243 -0.359 -0.985 -0.560 0.000 0.000 
-0.309 -0.286 -0.948 -0.651 0.000 0.000 
-0.385 -0.223 -0.892 -0.740 -0.127 0.000 
-0.469 -0.170 -0.821 -0.822 -0.171 0.000 
-0.558 -0.126 -0.738 -0.893 -0.224 0.000 
-0.649 0.000 -0.649 -0.949 -0.287 0.000 
-0.738 -0.126 -0.558 -0.985 -0.360 0.000 
-0.821 -0.170 -0.469 -1.000 -0.442 0.000 
-0.892 -0.223 -0.385 -0.992 -0.529 0.000 
-0.948 -0.286 -0.309 -0.962 -0.620 0.000 
-0.985 -0.359 -0.243 -0.913 -0.711 -0.115 
-1.000 -0.440 -0.186 -0.846 -0.796 -0.155 
-0.993 -0.528 -0.140 -0.767 -0.871 -0.205 
-0.963 -0.619 -0.102 -0.679 -0.932 -0.265 
-0.914 -0.709 -0.114 -0.588 -0.975 -0.335 
-0.847 -0.794 -0.154 -0.498 -0.998 -0.414 
-0.768 -0.870 -0.204 -0.412 -0.997 -0.500 
-0.681 -0.931 -0.264 -0.333 -0.975 -0.590 
-0.590 -0.975 -0.333 -0.264 -0.931 -0.681 
-0.500 -0.997 -0.412 -0.204 -0.870 -0.768 
-0.414 -0.998 -0.498 -0.154 -0.794 -0.847 
-0.335 -0.975 -0.588 -0.114 -0.709 -0.914 
-0.265 -0.932 -0.679 -0.102 -0.619 -0.963 
-0.205 -0.871 -0.767 -0.140 -0.528 -0.993 
-0.155 -0.796 -0.846 -0.186 -0.440 -1.000 
-0.115 -0.711 -0.913 -0.243 -0.359 -0.985 
0.000 -0.620 -0.962 -0.309 -0.286 -0.948 
0.000 -0.529 -0.992 -0.385 -0.223 -0.892 
0.000 -0.442 -1.000 -0.469 -0.170 -0.821 
0.000 -0.360 -0.985 -0.558 -0.126 -0.738 
0.000 -0.287 -0.949 -0.649 0.000 -0.649 
0.000 -0.224 -0.893 -0.738 -0.126 -0.558 
0.000 -0.171 -0.822 -0.821 -0.170 -0.469 
0.000 -0.127 -0.740 -0.892 -0.223 -0.385 
0.000 0.000 -0.651 -0.948 -0.286 -0.309 
0.000 0.000 -0.560 -0.985 -0.359 -0.243 
0.000 0.000 -0.470 -1.000 -0.440 -0.186 
0.000 0.000 -0.387 -0.993 -0.528 -0.140 
0.000 0.000 -0.311 -0.963 -0.619 -0.102 
0.000 0.000 -0.244 -0.914 -0.709 -0.114 
0.000 0.000 -0.187 -0.847 -0.794 -0.154 
0.000 0.000 -0.140 -0.768 -0.870 -0.204 
0.000 0.000 -0.103 -0.681 -0.931 -0.264 
