68.960234
3
# 0 1 12 50
0.144 0.000 0.000 0.117 0.350 0.712 0.980 0.914 0.578 0.247 0.000 0.000 0.000 0.000 0.000 0.000 0.000 0.000 0.000 0.000 0.000 0.000 0.000 0.000 0.000 0.000 0.000 0.000 0.000 0.000 0.000 0.000 0.000 0.000 0.000 0.000 0.000 0.000 0.000 0.000 0.000 0.000 0.000 0.000 0.000 0.000 0.000 0.000 0.000 0.000 
0.819 1.000 0.827 0.463 0.176 0.000 0.000 0.000 0.299 0.650 0.955 0.950 0.641 0.292 0.000 0.000 0.000 0.000 0.000 0.000 0.000 0.000 0.000 0.000 0.000 0.000 0.000 0.000 0.000 0.000 0.000 0.000 0.000 0.000 0.000 0.000 0.000 0.000 0.000 0.000 0.000 0.000 0.000 0.000 0.000 0.000 0.000 0.000 0.000 0.000 
0.000 0.000 0.140 0.397 0.763 0.994 0.877 0.524 0.212 0.000 0.000 0.000 0.253 0.586 0.920 0.977 0.703 0.342 0.113 0.000 0.000 0.000 0.000 0.000 0.000 0.000 0.000 0.000 0.000 0.000 0.000 0.000 0.000 0.000 0.000 0.000 0.000 0.000 0.000 0.000 0.000 0.000 0.000 0.000 0.000 0.000 0.000 0.000 0.000 0.000 
0.000 0.000 0.000 0.000 0.000 0.000 0.113 0.342 0.703 0.977 0.920 0.586 0.253 0.000 0.000 0.000 0.212 0.524 0.877 0.994 0.763 0.397 0.140 0.000 0.000 0.000 0.000 0.000 0.000 0.000 0.000 0.000 0.000 0.000 0.000 0.000 0.000 0.000 0.000 0.000 0.000 0.000 0.000 0.000 0.000 0.000 0.000 0.000 0.000 0.000 
0.000 0.000 0.000 0.000 0.000 0.000 0.000 0.000 0.000 0.000 0.000 0.292 0.641 0.950 0.955 0.650 0.299 0.000 0.000 0.000 0.176 0.463 0.827 1.000 0.819 0.454 0.171 0.000 0.000 0.000 0.000 0.000 0.000 0.000 0.000 0.000 0.000 0.000 0.000 0.000 0.000 0.000 0.000 0.000 0.000 0.000 0.000 0.000 0.000 0.000 
0.000 0.000 0.000 0.000 0.000 0.000 0.000 0.000 0.000 0.000 0.000 0.000 0.000 0.000 0.000 0.247 0.578 0.914 0.980 0.712 0.350 0.117 0.000 0.000 0.144 0.405 0.771 0.995 0.870 0.515 0.206 0.000 0.000 0.000 0.000 0.000 0.000 0.000 0.000 0.000 0.000 0.000 0.000 0.000 0.000 0.000 0.000 0.000 0.000 0.000 
0.000 0.000 0.000 0.000 0.000 0.000 0.000 0.000 0.000 0.000 0.000 0.000 0.000 0.000 0.000 0.000 0.000 0.000 0.000 0.206 0.515 0.870 0.995 0.771 0.405 0.144 0.000 0.000 0.117 0.350 0.712 0.980 0.914 0.578 0.247 0.000 0.000 0.000 0.000 0.000 0.000 0.000 0.000 0.000 0.000 0.000 0.000 0.000 0.000 0.000 
0.000 0.000 0.000 0.000 0.000 0.000 0.000 0.000 0.000 0.000 0.000 0.000 0.000 0.000 0.000 0.000 0.000 0.000 0.000 0.000 0.000 0.000 0.000 0.171 0.454 0.819 1.000 0.827 0.463 0.176 0.000 0.000 0.000 0.299 0.650 0.955 0.950 0.641 0.292 0.000 0.000 0.000 0.000 0.000 0.000 0.000 0.000 0.000 0.000 0.000 
0.000 0.000 0.000 0.000 0.000 0.000 0.000 0.000 0.000 0.000 0.000 0.000 0.000 0.000 0.000 0.000 0.000 0.000 0.000 0.000 0.000 0.000 0.000 0.000 0.000 0.000 0.000 0.140 0.397 0.763 0.994 0.877 0.524 0.212 0.000 0.000 0.000 0.253 0.586 0.920 0.977 0.703 0.342 0.113 0.000 0.000 0.000 0.000 0.000 0.000 
0.000 0.000 0.000 0.000 0.000 0.000 0.000 0.000 0.000 0.000 0.000 0.000 0.000 0.000 0.000 0.000 0.000 0.000 0.000 0.000 0.000 0.000 0.000 0.000 0.000 0.000 0.000 0.000 0.000 0.000 0.000 0.113 0.342 0.703 0.977 0.920 0.586 0.253 0.000 0.000 0.000 0.212 0.524 0.877 0.994 0.763 0.397 0.140 0.000 0.000 
0.000 0.000 0.000 0.000 0.000 0.000 0.000 0.000 0.000 0.000 0.000 0.000 0.000 0.000 0.000 0.000 0.000 0.000 0.000 0.000 0.000 0.000 0.000 0.000 0.000 0.000 0.000 0.000 0.000 0.000 0.000 0.000 0.000 0.000 0.000 0.000 0.292 0.641 0.950 0.955 0.650 0.299 0.000 0.000 0.000 0.176 0.463 0.827 1.000 0.819 
0.000 0.000 0.000 0.000 0.000 0.000 0.000 0.000 0.000 0.000 0.000 0.000 0.000 0.000 0.000 0.000 0.000 0.000 0.000 0.000 0.000 0.000 0.000 0.000 0.000 0.000 0.000 0.000 0.000 0.000 0.000 0.000 0.000 0.000 0.000 0.000 0.000 0.000 0.000 0.000 0.247 0.578 0.914 0.980 0.712 0.350 0.117 0.000 0.000 0.144 
# 0 2 15 50
0.000 0.000 0.000 0.193 0.494 0.854 1.000 0.793 0.426 0.155 0.000 0.000 0.000 0.000 0.000 0.000 0.000 0.000 0.000 0.000 0.000 0.000 0.000 0.000 0.000 0.000 0.000 0.000 0.000 0.000 0.000 0.000 0.000 0.000 0.000 0.000 0.000 0.000 0.000 0.000 0.000 0.000 0.000 0.000 0.000 0.000 0.000 0.000 0.000 0.000 
0.991 0.743 0.377 0.130 0.000 0.000 0.130 0.377 0.743 0.991 0.895 0.547 0.227 0.000 0.000 0.000 0.000 0.000 0.000 0.000 0.000 0.000 0.000 0.000 0.000 0.000 0.000 0.000 0.000 0.000 0.000 0.000 0.000 0.000 0.000 0.000 0.000 0.000 0.000 0.000 0.000 0.000 0.000 0.000 0.000 0.000 0.000 0.000 0.000 0.000 
0.155 0.426 0.793 1.000 0.854 0.494 0.193 0.000 0.000 0.000 0.276 0.619 0.940 0.967 0.673 0.317 0.101 0.000 0.000 0.000 0.000 0.000 0.000 0.000 0.000 0.000 0.000 0.000 0.000 0.000 0.000 0.000 0.000 0.000 0.000 0.000 0.000 0.000 0.000 0.000 0.000 0.000 0.000 0.000 0.000 0.000 0.000 0.000 0.000 0.000 
0.000 0.000 0.000 0.101 0.317 0.673 0.967 0.940 0.619 0.276 0.000 0.000 0.000 0.193 0.494 0.854 1.000 0.793 0.426 0.155 0.000 0.000 0.000 0.000 0.000 0.000 0.000 0.000 0.000 0.000 0.000 0.000 0.000 0.000 0.000 0.000 0.000 0.000 0.000 0.000 0.000 0.000 0.000 0.000 0.000 0.000 0.000 0.000 0.000 0.000 
0.000 0.000 0.000 0.000 0.000 0.000 0.000 0.227 0.547 0.895 0.991 0.743 0.377 0.130 0.000 0.000 0.130 0.377 0.743 0.991 0.895 0.547 0.227 0.000 0.000 0.000 0.000 0.000 0.000 0.000 0.000 0.000 0.000 0.000 0.000 0.000 0.000 0.000 0.000 0.000 0.000 0.000 0.000 0.000 0.000 0.000 0.000 0.000 0.000 0.000 
0.000 0.000 0.000 0.000 0.000 0.000 0.000 0.000 0.000 0.000 0.155 0.426 0.793 1.000 0.854 0.494 0.193 0.000 0.000 0.000 0.276 0.619 0.940 0.967 0.673 0.317 0.101 0.000 0.000 0.000 0.000 0.000 0.000 0.000 0.000 0.000 0.000 0.000 0.000 0.000 0.000 0.000 0.000 0.000 0.000 0.000 0.000 0.000 0.000 0.000 
0.000 0.000 0.000 0.000 0.000 0.000 0.000 0.000 0.000 0.000 0.000 0.000 0.000 0.101 0.317 0.673 0.967 0.940 0.619 0.276 0.000 0.000 0.000 0.193 0.494 0.854 1.000 0.793 0.426 0.155 0.000 0.000 0.000 0.000 0.000 0.000 0.000 0.000 0.000 0.000 0.000 0.000 0.000 0.000 0.000 0.000 0.000 0.000 0.000 0.000 
0.000 0.000 0.000 0.000 0.000 0.000 0.000 0.000 0.000 0.000 0.000 0.000 0.000 0.000 0.000 0.000 0.000 0.227 0.547 0.895 0.991 0.743 0.377 0.130 0.000 0.000 0.130 0.377 0.743 0.991 0.895 0.547 0.227 0.000 0.000 0.000 0.000 0.000 0.000 0.000 0.000 0.000 0.000 0.000 0.000 0.000 0.000 0.000 0.000 0.000 
0.000 0.000 0.000 0.000 0.000 0.000 0.000 0.000 0.000 0.000 0.000 0.000 0.000 0.000 0.000 0.000 0.000 0.000 0.000 0.000 0.155 0.426 0.793 1.000 0.854 0.494 0.193 0.000 0.000 0.000 0.276 0.619 0.940 0.967 0.673 0.317 0.101 0.000 0.000 0.000 0.000 0.000 0.000 0.000 0.000 0.000 0.000 0.000 0.000 0.000 
0.000 0.000 0.000 0.000 0.000 0.000 0.000 0.000 0.000 0.000 0.000 0.000 0.000 0.000 0.000 0.000 0.000 0.000 0.000 0.000 0.000 0.000 0.000 0.101 0.317 0.673 0.967 0.940 0.619 0.276 0.000 0.000 0.000 0.193 0.494 0.854 1.000 0.793 0.426 0.155 0.000 0.000 0.000 0.000 0.000 0.000 0.000 0.000 0.000 0.000 
0.000 0.000 0.000 0.000 0.000 0.000 0.000 0.000 0.000 0.000 0.000 0.000 0.000 0.000 0.000 0.000 0.000 0.000 0.000 0.000 0.000 0.000 0.000 0.000 0.000 0.000 0.000 0.227 0.547 0.895 0.991 0.743 0.377 0.130 0.000 0.000 0.130 0.377 0.743 0.991 0.895 0.547 0.227 0.000 0.000 0.000 0.000 0.000 0.000 0.000 
0.000 0.000 0.000 0.000 0.000 0.000 0.000 0.000 0.000 0.000 0.000 0.000 0.000 0.000 0.000 0.000 0.000 0.000 0.000 0.000 0.000 0.000 0.000 0.000 0.000 0.000 0.000 0.000 0.000 0.000 0.155 0.426 0.793 1.000 0.854 0.494 0.193 0.000 0.000 0.000 0.276 0.619 0.940 0.967 0.673 0.317 0.101 0.000 0.000 0.000 
0.000 0.000 0.000 0.000 0.000 0.000 0.000 0.000 0.000 0.000 0.000 0.000 0.000 0.000 0.000 0.000 0.000 0.000 0.000 0.000 0.000 0.000 0.000 0.000 0.000 0.000 0.000 0.000 0.000 0.000 0.000 0.000 0.000 0.101 0.317 0.673 0.967 0.940 0.619 0.276 0.000 0.000 0.000 0.193 0.494 0.854 1.000 0.793 0.426 0.155 
0.000 0.000 0.000 0.000 0.000 0.000 0.000 0.000 0.000 0.000 0.000 0.000 0.000 0.000 0.000 0.000 0.000 0.000 0.000 0.000 0.000 0.000 0.000 0.000 0.000 0.000 0.000 0.000 0.000 0.000 0.000 0.000 0.000 0.000 0.000 0.000 0.000 0.227 0.547 0.895 0.991 0.743 0.377 0.130 0.000 0.000 0.130 0.377 0.743 0.991 
0.000 0.000 0.000 0.000 0.000 0.000 0.000 0.000 0.000 0.000 0.000 0.000 0.000 0.000 0.000 0.000 0.000 0.000 0.000 0.000 0.000 0.000 0.000 0.000 0.000 0.000 0.000 0.000 0.000 0.000 0.000 0.000 0.000 0.000 0.000 0.000 0.000 0.000 0.000 0.000 0.155 0.426 0.793 1.000 0.854 0.494 0.193 0.000 0.000 0.000 
# 1 0 50 12
0.000 0.000 0.000 -0.119 -0.623 -0.993 -0.482 0.000 0.000 0.000 0.000 0.000 
0.000 0.000 0.000 0.000 -0.466 -0.990 -0.639 -0.126 0.000 0.000 0.000 0.000 
0.000 0.000 0.000 0.000 -0.326 -0.921 -0.791 -0.207 0.000 0.000 0.000 0.000 
0.000 0.000 0.000 0.000 -0.213 -0.800 -0.915 -0.318 0.000 0.000 0.000 0.000 
0.000 0.000 0.000 0.000 -0.130 -0.649 -0.987 -0.457 0.000 0.000 0.000 0.000 
0.000 0.000 0.000 0.000 0.000 -0.492 -0.995 -0.613 -0.115 0.000 0.000 0.000 
0.000 0.000 0.000 0.000 0.000 -0.348 -0.936 -0.767 -0.191 0.000 0.000 0.000 
0.000 0.000 0.000 0.000 0.000 -0.230 -0.823 -0.897 -0.298 0.000 0.000 0.000 
0.000 0.000 0.000 0.000 0.000 -0.142 -0.675 -0.979 -0.432 0.000 0.000 0.000 
0.000 0.000 0.000 0.000 0.000 0.000 -0.517 -0.998 -0.586 -0.105 0.000 0.000 
0.000 0.000 0.000 0.000 0.000 0.000 -0.370 -0.950 -0.743 -0.177 0.000 0.000 
0.000 0.000 0.000 0.000 0.000 0.000 -0.247 -0.845 -0.878 -0.278 0.000 0.000 
0.000 0.000 0.000 0.000 0.000 0.000 -0.154 -0.701 -0.970 -0.408 0.000 0.000 
0.000 0.000 0.000 0.000 0.000 0.000 0.000 -0.543 -1.000 -0.560 0.000 0.000 
0.000 0.000 0.000 0.000 0.000 0.000 0.000 -0.393 -0.963 -0.717 -0.163 0.000 
0.000 0.000 0.000 0.000 0.000 0.000 0.000 -0.266 -0.866 -0.858 -0.259 0.000 
-0.142 0.000 0.000 0.000 0.000 0.000 0.000 -0.168 -0.727 -0.958 -0.385 0.000 
-0.230 0.000 0.000 0.000 0.000 0.000 0.000 0.000 -0.570 -1.000 -0.534 0.000 
-0.348 0.000 0.000 0.000 0.000 0.000 0.000 0.000 -0.417 -0.974 -0.692 -0.149 
-0.492 0.000 0.000 0.000 0.000 0.000 0.000 0.000 -0.285 -0.885 -0.837 -0.241 
-0.649 -0.130 0.000 0.000 0.000 0.000 0.000 0.000 -0.182 -0.752 -0.945 -0.362 
-0.800 -0.213 0.000 0.000 0.000 0.000 0.000 0.000 -0.108 -0.596 -0.997 -0.508 
-0.921 -0.326 0.000 0.000 0.000 0.000 0.000 0.000 0.000 -0.441 -0.983 -0.666 
-0.990 -0.466 0.000 0.000 0.000 0.000 0.000 0.000 0.000 -0.305 -0.904 -0.815 
-0.993 -0.623 -0.119 0.000 0.000 0.000 0.000 0.000 0.000 -0.197 -0.776 -0.931 
-0.931 -0.776 -0.197 0.000 0.000 0.000 0.000 0.000 0.000 -0.119 -0.623 -0.993 
-0.815 -0.904 -0.305 0.000 0.000 0.000 0.000 0.000 0.000 0.000 -0.466 -0.990 
-0.666 -0.983 -0.441 0.000 0.000 0.000 0.000 0.000 0.000 0.000 -0.326 -0.921 
-0.508 -0.997 -0.596 -0.108 0.000 0.000 0.000 0.000 0.000 0.000 -0.213 -0.800 
-0.362 -0.945 -0.752 -0.182 0.000 0.000 0.000 0.000 0.000 0.000 -0.130 -0.649 
-0.241 -0.837 -0.885 -0.285 0.000 0.000 0.000 0.000 0.000 0.000 0.000 -0.492 
-0.149 -0.692 -0.974 -0.417 0.000 0.000 0.000 0.000 0.000 0.000 0.000 -0.348 
0.000 -0.534 -1.000 -0.570 0.000 0.000 0.000 0.000 0.000 0.000 0.000 -0.230 
0.000 -0.385 -0.958 -0.727 -0.168 0.000 0.000 0.000 0.000 0.000 0.000 -0.142 
0.000 -0.259 -0.858 -0.866 -0.266 0.000 0.000 0.000 0.000 0.000 0.000 0.000 
0.000 -0.163 -0.717 -0.963 -0.393 0.000 0.000 0.000 0.000 0.000 0.000 0.000 
0.000 0.000 -0.560 -1.000 -0.543 0.000 0.000 0.000 0.000 0.000 0.000 0.000 
0.000 0.000 -0.408 -0.970 -0.701 -0.154 0.000 0.000 0.000 0.000 0.000 0.000 
0.000 0.000 -0.278 -0.878 -0.845 -0.247 0.000 0.000 0.000 0.000 0.000 0.000 
0.000 0.000 -0.177 -0.743 -0.950 -0.370 0.000 0.000 0.000 0.000 0.000 0.000 
0.000 0.000 -0.105 -0.586 -0.998 -0.517 0.000 0.000 0.000 0.000 0.000 0.000 
0.000 0.000 0.000 -0.432 -0.979 -0.675 -0.142 0.000 0.000 0.000 0.000 0.000 
0.000 0.000 0.000 -0.298 -0.897 -0.823 -0.230 0.000 0.000 0.000 0.000 0.000 
0.000 0.000 0.000 -0.191 -0.767 -0.936 -0.348 0.000 0.000 0.000 0.000 0.000 
0.000 0.000 0.000 -0.115 -0.613 -0.995 -0.492 0.000 0.000 0.000 0.000 0.000 
0.000 0.000 0.000 0.000 -0.457 -0.987 -0.649 -0.130 0.000 0.000 0.000 0.000 
0.000 0.000 0.000 0.000 -0.318 -0.915 -0.800 -0.213 0.000 0.000 0.000 0.000 
0.000 0.000 0.000 0.000 -0.207 -0.791 -0.921 -0.326 0.000 0.000 0.000 0.000 
0.000 0.000 0.000 0.000 -0.126 -0.639 -0.990 -0.466 0.000 0.000 0.000 0.000 
0.000 0.000 0.000 0.000 0.000 -0.482 -0.993 -0.623 -0.119 0.000 0.000 0.000 
