68.963593
3
# 0 1 12 50
0.295 0.000 0.000 0.205 0.891 0.720 0.109 0.000 0.000 0.000 0.000 0.000 0.000 0.000 0.000 0.000 0.000 0.000 0.000 0.000 0.000 0.000 0.000 0.000 0.000 0.000 0.000 0.000 0.000 0.000 0.000 0.000 0.000 0.000 0.000 0.000 0.000 0.000 0.000 0.000 0.000 0.000 0.000 0.000 0.000 0.000 0.000 0.000 0.000 0.000 
0.000 0.000 0.462 1.000 0.404 0.000 0.000 0.137 0.784 0.838 0.167 0.000 0.000 0.000 0.000 0.000 0.000 0.000 0.000 0.000 0.000 0.000 0.000 0.000 0.000 0.000 0.000 0.000 0.000 0.000 0.000 0.000 0.000 0.000 0.000 0.000 0.000 0.000 0.000 0.000 0.000 0.000 0.000 0.000 0.000 0.000 0.000 0.000 0.000 0.000 
0.000 0.000 0.000 0.000 0.000 0.000 0.345 0.988 0.527 0.000 0.000 0.000 0.658 0.932 0.246 0.000 0.000 0.000 0.000 0.000 0.000 0.000 0.000 0.000 0.000 0.000 0.000 0.000 0.000 0.000 0.000 0.000 0.000 0.000 0.000 0.000 0.000 0.000 0.000 0.000 0.000 0.000 0.000 0.000 0.000 0.000 0.000 0.000 0.000 0.000 
0.000 0.000 0.000 0.000 0.000 0.000 0.000 0.000 0.000 0.000 0.246 0.932 0.658 0.000 0.000 0.000 0.527 0.988 0.345 0.000 0.000 0.000 0.000 0.000 0.000 0.000 0.000 0.000 0.000 0.000 0.000 0.000 0.000 0.000 0.000 0.000 0.000 0.000 0.000 0.000 0.000 0.000 0.000 0.000 0.000 0.000 0.000 0.000 0.000 0.000 
0.000 0.000 0.000 0.000 0.000 0.000 0.000 0.000 0.000 0.000 0.000 0.000 0.000 0.000 0.167 0.838 0.784 0.137 0.000 0.000 0.404 1.000 0.462 0.000 0.000 0.000 0.000 0.000 0.000 0.000 0.000 0.000 0.000 0.000 0.000 0.000 0.000 0.000 0.000 0.000 0.000 0.000 0.000 0.000 0.000 0.000 0.000 0.000 0.000 0.000 
0.000 0.000 0.000 0.000 0.000 0.000 0.000 0.000 0.000 0.000 0.000 0.000 0.000 0.000 0.000 0.000 0.000 0.000 0.109 0.720 0.891 0.205 0.000 0.000 0.295 0.966 0.590 0.000 0.000 0.000 0.000 0.000 0.000 0.000 0.000 0.000 0.000 0.000 0.000 0.000 0.000 0.000 0.000 0.000 0.000 0.000 0.000 0.000 0.000 0.000 
0.000 0.000 0.000 0.000 0.000 0.000 0.000 0.000 0.000 0.000 0.000 0.000 0.000 0.000 0.000 0.000 0.000 0.000 0.000 0.000 0.000 0.000 0.000 0.590 0.966 0.295 0.000 0.000 0.205 0.891 0.720 0.109 0.000 0.000 0.000 0.000 0.000 0.000 0.000 0.000 0.000 0.000 0.000 0.000 0.000 0.000 0.000 0.000 0.000 0.000 
0.000 0.000 0.000 0.000 0.000 0.000 0.000 0.000 0.000 0.000 0.000 0.000 0.000 0.000 0.000 0.000 0.000 0.000 0.000 0.000 0.000 0.000 0.000 0.000 0.000 0.000 0.000 0.462 1.000 0.404 0.000 0.000 0.137 0.784 0.838 0.167 0.000 0.000 0.000 0.000 0.000 0.000 0.000 0.000 0.000 0.000 0.000 0.000 0.000 0.000 
0.000 0.000 0.000 0.000 0.000 0.000 0.000 0.000 0.000 0.000 0.000 0.000 0.000 0.000 0.000 0.000 0.000 0.000 0.000 0.000 0.000 0.000 0.000 0.000 0.000 0.000 0.000 0.000 0.000 0.000 0.000 0.345 0.988 0.527 0.000 0.000 0.000 0.658 0.932 0.246 0.000 0.000 0.000 0.000 0.000 0.000 0.000 0.000 0.000 0.000 
0.000 0.000 0.000 0.000 0.000 0.000 0.000 0.000 0.000 0.000 0.000 0.000 0.000 0.000 0.000 0.000 0.000 0.000 0.000 0.000 0.000 0.000 0.000 0.000 0.000 0.000 0.000 0.000 0.000 0.000 0.000 0.000 0.000 0.000 0.000 0.246 0.932 0.658 0.000 0.000 0.000 0.527 0.988 0.345 0.000 0.000 0.000 0.000 0.000 0.000 
0.000 0.000 0.000 0.000 0.000 0.000 0.000 0.000 0.000 0.000 0.000 0.000 0.000 0.000 0.000 0.000 0.000 0.000 0.000 0.000 0.000 0.000 0.000 0.000 0.000 0.000 0.000 0.000 0.000 0.000 0.000 0.000 0.000 0.000 0.000 0.000 0.000 0.000 0.000 0.167 0.838 0.784 0.137 0.000 0.000 0.404 1.000 0.462 0.000 0.000 
0.000 0.000 0.000 0.000 0.000 0.000 0.000 0.000 0.000 0.000 0.000 0.000 0.000 0.000 0.000 0.000 0.000 0.000 0.000 0.000 0.000 0.000 0.000 0.000 0.000 0.000 0.000 0.000 0.000 0.000 0.000 0.000 0.000 0.000 0.000 0.000 0.000 0.000 0.000 0.000 0.000 0.000 0.000 0.109 0.720 0.891 0.205 0.000 0.000 0.295 
# 0 2 15 50
0.109 0.000 0.000 0.464 1.000 0.402 0.000 0.000 0.000 0.000 0.000 0.000 0.000 0.000 0.000 0.000 0.000 0.000 0.000 0.000 0.000 0.000 0.000 0.000 0.000 0.000 0.000 0.000 0.000 0.000 0.000 0.000 0.000 0.000 0.000 0.000 0.000 0.000 0.000 0.000 0.000 0.000 0.000 0.000 0.000 0.000 0.000 0.000 0.000 0.000 
0.000 0.656 0.933 0.247 0.000 0.000 0.247 0.933 0.656 0.000 0.000 0.000 0.000 0.000 0.000 0.000 0.000 0.000 0.000 0.000 0.000 0.000 0.000 0.000 0.000 0.000 0.000 0.000 0.000 0.000 0.000 0.000 0.000 0.000 0.000 0.000 0.000 0.000 0.000 0.000 0.000 0.000 0.000 0.000 0.000 0.000 0.000 0.000 0.000 0.000 
0.000 0.000 0.000 0.000 0.402 1.000 0.464 0.000 0.000 0.109 0.722 0.889 0.204 0.000 0.000 0.000 0.000 0.000 0.000 0.000 0.000 0.000 0.000 0.000 0.000 0.000 0.000 0.000 0.000 0.000 0.000 0.000 0.000 0.000 0.000 0.000 0.000 0.000 0.000 0.000 0.000 0.000 0.000 0.000 0.000 0.000 0.000 0.000 0.000 0.000 
0.000 0.000 0.000 0.000 0.000 0.000 0.000 0.204 0.889 0.722 0.109 0.000 0.000 0.464 1.000 0.402 0.000 0.000 0.000 0.000 0.000 0.000 0.000 0.000 0.000 0.000 0.000 0.000 0.000 0.000 0.000 0.000 0.000 0.000 0.000 0.000 0.000 0.000 0.000 0.000 0.000 0.000 0.000 0.000 0.000 0.000 0.000 0.000 0.000 0.000 
0.000 0.000 0.000 0.000 0.000 0.000 0.000 0.000 0.000 0.000 0.000 0.656 0.933 0.247 0.000 0.000 0.247 0.933 0.656 0.000 0.000 0.000 0.000 0.000 0.000 0.000 0.000 0.000 0.000 0.000 0.000 0.000 0.000 0.000 0.000 0.000 0.000 0.000 0.000 0.000 0.000 0.000 0.000 0.000 0.000 0.000 0.000 0.000 0.000 0.000 
0.000 0.000 0.000 0.000 0.000 0.000 0.000 0.000 0.000 0.000 0.000 0.000 0.000 0.000 0.402 1.000 0.464 0.000 0.000 0.109 0.722 0.889 0.204 0.000 0.000 0.000 0.000 0.000 0.000 0.000 0.000 0.000 0.000 0.000 0.000 0.000 0.000 0.000 0.000 0.000 0.000 0.000 0.000 0.000 0.000 0.000 0.000 0.000 0.000 0.000 
0.000 0.000 0.000 0.000 0.000 0.000 0.000 0.000 0.000 0.000 0.000 0.000 0.000 0.000 0.000 0.000 0.000 0.204 0.889 0.722 0.109 0.000 0.000 0.464 1.000 0.402 0.000 0.000 0.000 0.000 0.000 0.000 0.000 0.000 0.000 0.000 0.000 0.000 0.000 0.000 0.000 0.000 0.000 0.000 0.000 0.000 0.000 0.000 0.000 0.000 
0.000 0.000 0.000 0.000 0.000 0.000 0.000 0.000 0.000 0.000 0.000 0.000 0.000 0.000 0.000 0.000 0.000 0.000 0.000 0.000 0.000 0.656 0.933 0.247 0.000 0.000 0.247 0.933 0.656 0.000 0.000 0.000 0.000 0.000 0.000 0.000 0.000 0.000 0.000 0.000 0.000 0.000 0.000 0.000 0.000 0.000 0.000 0.000 0.000 0.000 
0.000 0.000 0.000 0.000 0.000 0.000 0.000 0.000 0.000 0.000 0.000 0.000 0.000 0.000 0.000 0.000 0.000 0.000 0.000 0.000 0.000 0.000 0.000 0.000 0.402 1.000 0.464 0.000 0.000 0.109 0.722 0.889 0.204 0.000 0.000 0.000 0.000 0.000 0.000 0.000 0.000 0.000 0.000 0.000 0.000 0.000 0.000 0.000 0.000 0.000 
0.000 0.000 0.000 0.000 0.000 0.000 0.000 0.000 0.000 0.000 0.000 0.000 0.000 0.000 0.000 0.000 0.000 0.000 0.000 0.000 0.000 0.000 0.000 0.000 0.000 0.000 0.000 0.204 0.889 0.722 0.109 0.000 0.000 0.464 1.000 0.402 0.000 0.000 0.000 0.000 0.000 0.000 0.000 0.000 0.000 0.000 0.000 0.000 0.000 0.000 
0.000 0.000 0.000 0.000 0.000 0.000 0.000 0.000 0.000 0.000 0.000 0.000 0.000 0.000 0.000 0.000 0.000 0.000 0.000 0.000 0.000 0.000 0.000 0.000 0.000 0.000 0.000 0.000 0.000 0.000 0.000 0.656 0.933 0.247 0.000 0.000 0.247 0.933 0.656 0.000 0.000 0.000 0.000 0.000 0.000 0.000 0.000 0.000 0.000 0.000 
0.000 0.000 0.000 0.000 0.000 0.000 0.000 0.000 0.000 0.000 0.000 0.000 0.000 0.000 0.000 0.000 0.000 0.000 0.000 0.000 0.000 0.000 0.000 0.000 0.000 0.000 0.000 0.000 0.000 0.000 0.000 0.000 0.000 0.000 0.402 1.000 0.464 0.000 0.000 0.109 0.722 0.889 0.204 0.000 0.000 0.000 0.000 0.000 0.000 0.000 
0.000 0.000 0.000 0.000 0.000 0.000 0.000 0.000 0.000 0.000 0.000 0.000 0.000 0.000 0.000 0.000 0.000 0.000 0.000 0.000 0.000 0.000 0.000 0.000 0.000 0.000 0.000 0.000 0.000 0.000 0.000 0.000 0.000 0.000 0.000 0.000 0.000 0.204 0.889 0.722 0.109 0.000 0.000 0.464 1.000 0.402 0.000 0.000 0.000 0.000 
0.000 0.000 0.000 0.000 0.000 0.000 0.000 0.000 0.000 0.000 0.000 0.000 0.000 0.000 0.000 0.000 0.000 0.000 0.000 0.000 0.000 0.000 0.000 0.000 0.000 0.000 0.000 0.000 0.000 0.000 0.000 0.000 0.000 0.000 0.000 0.000 0.000 0.000 0.000 0.000 0.000 0.656 0.933 0.247 0.000 0.000 0.247 0.933 0.656 0.000 
0.000 0.000 0.000 0.000 0.000 0.000 0.000 0.000 0.000 0.000 0.000 0.000 0.000 0.000 0.000 0.000 0.000 0.000 0.000 0.000 0.000 0.000 0.000 0.000 0.000 0.000 0.000 0.000 0.000 0.000 0.000 0.000 0.000 0.000 0.000 0.000 0.000 0.000 0.000 0.000 0.000 0.000 0.000 0.000 0.402 1.000 0.464 0.000 0.000 0.109 
# 1 0 50 12
0.000 0.000 0.000 -0.139 -0.674 -0.978 -0.422 0.000 0.000 0.000 0.000 0.000 
0.000 0.000 0.000 0.000 -0.515 -0.999 -0.577 0.000 0.000 0.000 0.000 0.000 
0.000 0.000 0.000 0.000 -0.367 -0.951 -0.735 -0.169 0.000 0.000 0.000 0.000 
0.000 0.000 0.000 0.000 -0.244 -0.845 -0.873 -0.269 0.000 0.000 0.000 0.000 
0.000 0.000 0.000 0.000 -0.151 -0.701 -0.968 -0.398 0.000 0.000 0.000 0.000 
0.000 0.000 0.000 0.000 0.000 -0.541 -1.000 -0.550 0.000 0.000 0.000 0.000 
0.000 0.000 0.000 0.000 0.000 -0.390 -0.964 -0.709 -0.155 0.000 0.000 0.000 
0.000 0.000 0.000 0.000 0.000 -0.262 -0.866 -0.853 -0.250 0.000 0.000 0.000 
0.000 0.000 0.000 0.000 0.000 -0.164 -0.726 -0.956 -0.375 0.000 0.000 0.000 
0.000 0.000 0.000 0.000 0.000 0.000 -0.568 -0.999 -0.524 0.000 0.000 0.000 
0.000 0.000 0.000 0.000 0.000 0.000 -0.414 -0.975 -0.683 -0.143 0.000 0.000 
0.000 0.000 0.000 0.000 0.000 0.000 -0.282 -0.886 -0.831 -0.232 0.000 0.000 
0.000 0.000 0.000 0.000 0.000 0.000 -0.179 -0.752 -0.942 -0.352 0.000 0.000 
0.000 0.000 0.000 0.000 0.000 0.000 -0.106 -0.595 -0.997 -0.498 0.000 0.000 
0.000 0.000 0.000 0.000 0.000 0.000 0.000 -0.439 -0.983 -0.657 -0.131 0.000 
0.000 0.000 0.000 0.000 0.000 0.000 0.000 -0.302 -0.905 -0.808 -0.215 0.000 
-0.164 0.000 0.000 0.000 0.000 0.000 0.000 -0.194 -0.776 -0.927 -0.330 0.000 
-0.262 0.000 0.000 0.000 0.000 0.000 0.000 -0.116 -0.621 -0.992 -0.472 0.000 
-0.390 0.000 0.000 0.000 0.000 0.000 0.000 0.000 -0.464 -0.990 -0.630 -0.119 
-0.541 0.000 0.000 0.000 0.000 0.000 0.000 0.000 -0.323 -0.922 -0.784 -0.199 
-0.701 -0.151 0.000 0.000 0.000 0.000 0.000 0.000 -0.210 -0.800 -0.911 -0.309 
-0.845 -0.244 0.000 0.000 0.000 0.000 0.000 0.000 -0.127 -0.648 -0.986 -0.447 
-0.951 -0.367 0.000 0.000 0.000 0.000 0.000 0.000 0.000 -0.489 -0.995 -0.603 
-0.999 -0.515 0.000 0.000 0.000 0.000 0.000 0.000 0.000 -0.345 -0.937 -0.760 
-0.978 -0.674 -0.139 0.000 0.000 0.000 0.000 0.000 0.000 -0.226 -0.823 -0.893 
-0.893 -0.823 -0.226 0.000 0.000 0.000 0.000 0.000 0.000 -0.139 -0.674 -0.978 
-0.760 -0.937 -0.345 0.000 0.000 0.000 0.000 0.000 0.000 0.000 -0.515 -0.999 
-0.603 -0.995 -0.489 0.000 0.000 0.000 0.000 0.000 0.000 0.000 -0.367 -0.951 
-0.447 -0.986 -0.648 -0.127 0.000 0.000 0.000 0.000 0.000 0.000 -0.244 -0.845 
-0.309 -0.911 -0.800 -0.210 0.000 0.000 0.000 0.000 0.000 0.000 -0.151 -0.701 
-0.199 -0.784 -0.922 -0.323 0.000 0.000 0.000 0.000 0.000 0.000 0.000 -0.541 
-0.119 -0.630 -0.990 -0.464 0.000 0.000 0.000 0.000 0.000 0.000 0.000 -0.390 
0.000 -0.472 -0.992 -0.621 -0.116 0.000 0.000 0.000 0.000 0.000 0.000 -0.262 
0.000 -0.330 -0.927 -0.776 -0.194 0.000 0.000 0.000 0.000 0.000 0.000 -0.164 
0.000 -0.215 -0.808 -0.905 -0.302 0.000 0.000 0.000 0.000 0.000 0.000 0.000 
0.000 -0.131 -0.657 -0.983 -0.439 0.000 0.000 0.000 0.000 0.000 0.000 0.000 
0.000 0.000 -0.498 -0.997 -0.595 -0.106 0.000 0.000 0.000 0.000 0.000 0.000 
0.000 0.000 -0.352 -0.942 -0.752 -0.179 0.000 0.000 0.000 0.000 0.000 0.000 
0.000 0.000 -0.232 -0.831 -0.886 -0.282 0.000 0.000 0.000 0.000 0.000 0.000 
0.000 0.000 -0.143 -0.683 -0.975 -0.414 0.000 0.000 0.000 0.000 0.000 0.000 
0.000 0.000 0.000 -0.524 -0.999 -0.568 0.000 0.000 0.000 0.000 0.000 0.000 
0.000 0.000 0.000 -0.375 -0.956 -0.726 -0.164 0.000 0.000 0.000 0.000 0.000 
0.000 0.000 0.000 -0.250 -0.853 -0.866 -0.262 0.000 0.000 0.000 0.000 0.000 
0.000 0.000 0.000 -0.155 -0.709 -0.964 -0.390 0.000 0.000 0.000 0.000 0.000 
0.000 0.000 0.000 0.000 -0.550 -1.000 -0.541 0.000 0.000 0.000 0.000 0.000 
0.000 0.000 0.000 0.000 -0.398 -0.968 -0.701 -0.151 0.000 0.000 0.000 0.000 
0.000 0.000 0.000 0.000 -0.269 -0.873 -0.845 -0.244 0.000 0.000 0.000 0.000 
0.000 0.000 0.000 0.000 -0.169 -0.735 -0.951 -0.367 0.000 0.000 0.000 0.000 
0.000 0.000 0.000 0.000 0.000 -0.577 -0.999 -0.515 0.000 0.000 0.000 0.000 
0.000 0.000 0.000 0.000 0.000 -0.422 -0.978 -0.674 -0.139 0.000 0.000 0.000 
