69.012175
3
# 0 1 12 50
0.807 0.289 0.225 0.722 0.995 0.588 0.149 0.000 0.000 0.000 0.000 0.000 0.000 0.000 0.000 0.000 0.000 0.000 0.000 0.000 0.000 0.000 0.000 0.000 0.000 0.000 0.000 0.000 0.000 0.000 0.000 0.000 0.000 0.000 0.000 0.000 0.000 0.000 0.000 0.000 0.000 0.000 0.000 0.000 0.000 0.000 0.000 0.000 0.000 0.000 
0.000 0.000 0.409 0.917 0.882 0.364 0.170 0.630 1.000 0.681 0.199 0.000 0.000 0.000 0.000 0.000 0.000 0.000 0.000 0.000 0.000 0.000 0.000 0.000 0.000 0.000 0.000 0.000 0.000 0.000 0.000 0.000 0.000 0.000 0.000 0.000 0.000 0.000 0.000 0.000 0.000 0.000 0.000 0.000 0.000 0.000 0.000 0.000 0.000 0.000 
0.000 0.000 0.000 0.000 0.000 0.000 0.330 0.850 0.942 0.447 0.126 0.537 0.982 0.770 0.259 0.000 0.000 0.000 0.000 0.000 0.000 0.000 0.000 0.000 0.000 0.000 0.000 0.000 0.000 0.000 0.000 0.000 0.000 0.000 0.000 0.000 0.000 0.000 0.000 0.000 0.000 0.000 0.000 0.000 0.000 0.000 0.000 0.000 0.000 0.000 
0.000 0.000 0.000 0.000 0.000 0.000 0.000 0.000 0.000 0.000 0.259 0.770 0.982 0.537 0.126 0.447 0.942 0.850 0.330 0.000 0.000 0.000 0.000 0.000 0.000 0.000 0.000 0.000 0.000 0.000 0.000 0.000 0.000 0.000 0.000 0.000 0.000 0.000 0.000 0.000 0.000 0.000 0.000 0.000 0.000 0.000 0.000 0.000 0.000 0.000 
0.000 0.000 0.000 0.000 0.000 0.000 0.000 0.000 0.000 0.000 0.000 0.000 0.000 0.000 0.199 0.681 1.000 0.630 0.170 0.364 0.882 0.917 0.409 0.000 0.000 0.000 0.000 0.000 0.000 0.000 0.000 0.000 0.000 0.000 0.000 0.000 0.000 0.000 0.000 0.000 0.000 0.000 0.000 0.000 0.000 0.000 0.000 0.000 0.000 0.000 
0.000 0.000 0.000 0.000 0.000 0.000 0.000 0.000 0.000 0.000 0.000 0.000 0.000 0.000 0.000 0.000 0.000 0.000 0.149 0.588 0.995 0.722 0.225 0.289 0.807 0.967 0.497 0.109 0.000 0.000 0.000 0.000 0.000 0.000 0.000 0.000 0.000 0.000 0.000 0.000 0.000 0.000 0.000 0.000 0.000 0.000 0.000 0.000 0.000 0.000 
0.000 0.000 0.000 0.000 0.000 0.000 0.000 0.000 0.000 0.000 0.000 0.000 0.000 0.000 0.000 0.000 0.000 0.000 0.000 0.000 0.000 0.000 0.109 0.497 0.967 0.807 0.289 0.225 0.722 0.995 0.588 0.149 0.000 0.000 0.000 0.000 0.000 0.000 0.000 0.000 0.000 0.000 0.000 0.000 0.000 0.000 0.000 0.000 0.000 0.000 
0.000 0.000 0.000 0.000 0.000 0.000 0.000 0.000 0.000 0.000 0.000 0.000 0.000 0.000 0.000 0.000 0.000 0.000 0.000 0.000 0.000 0.000 0.000 0.000 0.000 0.000 0.000 0.409 0.917 0.882 0.364 0.170 0.630 1.000 0.681 0.199 0.000 0.000 0.000 0.000 0.000 0.000 0.000 0.000 0.000 0.000 0.000 0.000 0.000 0.000 
0.000 0.000 0.000 0.000 0.000 0.000 0.000 0.000 0.000 0.000 0.000 0.000 0.000 0.000 0.000 0.000 0.000 0.000 0.000 0.000 0.000 0.000 0.000 0.000 0.000 0.000 0.000 0.000 0.000 0.000 0.000 0.330 0.850 0.942 0.447 0.126 0.537 0.982 0.770 0.259 0.000 0.000 0.000 0.000 0.000 0.000 0.000 0.000 0.000 0.000 
0.000 0.000 0.000 0.000 0.000 0.000 0.000 0.000 0.000 0.000 0.000 0.000 0.000 0.000 0.000 0.000 0.000 0.000 0.000 0.000 0.000 0.000 0.000 0.000 0.000 0.000 0.000 0.000 0.000 0.000 0.000 0.000 0.000 0.000 0.000 0.259 0.770 0.982 0.537 0.126 0.447 0.942 0.850 0.330 0.000 0.000 0.000 0.000 0.000 0.000 
0.000 0.000 0.000 0.000 0.000 0.000 0.000 0.000 0.000 0.000 0.000 0.000 0.000 0.000 0.000 0.000 0.000 0.000 0.000 0.000 0.000 0.000 0.000 0.000 0.000 0.000 0.000 0.000 0.000 0.000 0.000 0.000 0.000 0.000 0.000 0.000 0.000 0.000 0.000 0.199 0.681 1.000 0.630 0.170 0.364 0.882 0.917 0.409 0.000 0.000 
0.000 0.000 0.000 0.000 0.000 0.000 0.000 0.000 0.000 0.000 0.000 0.000 0.000 0.000 0.000 0.000 0.000 0.000 0.000 0.000 0.000 0.000 0.000 0.000 0.000 0.000 0.000 0.000 0.000 0.000 0.000 0.000 0.000 0.000 0.000 0.000 0.000 0.000 0.000 0.000 0.000 0.000 0.000 0.149 0.588 0.995 0.722 0.225 0.289 0.807 
# 0 2 15 50
0.587 0.148 0.407 0.920 0.891 0.371 0.000 0.000 0.000 0.000 0.000 0.000 0.000 0.000 0.000 0.000 0.000 0.000 0.000 0.000 0.000 0.000 0.000 0.000 0.000 0.000 0.000 0.000 0.000 0.000 0.000 0.000 0.000 0.000 0.000 0.000 0.000 0.000 0.000 0.000 0.000 0.000 0.000 0.000 0.000 0.000 0.000 0.000 0.000 0.000 
0.129 0.546 0.990 0.770 0.257 0.257 0.770 0.990 0.546 0.129 0.000 0.000 0.000 0.000 0.000 0.000 0.000 0.000 0.000 0.000 0.000 0.000 0.000 0.000 0.000 0.000 0.000 0.000 0.000 0.000 0.000 0.000 0.000 0.000 0.000 0.000 0.000 0.000 0.000 0.000 0.000 0.000 0.000 0.000 0.000 0.000 0.000 0.000 0.000 0.000 
0.000 0.000 0.000 0.000 0.371 0.891 0.920 0.407 0.148 0.587 1.000 0.731 0.229 0.000 0.000 0.000 0.000 0.000 0.000 0.000 0.000 0.000 0.000 0.000 0.000 0.000 0.000 0.000 0.000 0.000 0.000 0.000 0.000 0.000 0.000 0.000 0.000 0.000 0.000 0.000 0.000 0.000 0.000 0.000 0.000 0.000 0.000 0.000 0.000 0.000 
0.000 0.000 0.000 0.000 0.000 0.000 0.000 0.229 0.731 1.000 0.587 0.148 0.407 0.920 0.891 0.371 0.000 0.000 0.000 0.000 0.000 0.000 0.000 0.000 0.000 0.000 0.000 0.000 0.000 0.000 0.000 0.000 0.000 0.000 0.000 0.000 0.000 0.000 0.000 0.000 0.000 0.000 0.000 0.000 0.000 0.000 0.000 0.000 0.000 0.000 
0.000 0.000 0.000 0.000 0.000 0.000 0.000 0.000 0.000 0.000 0.129 0.546 0.990 0.770 0.257 0.257 0.770 0.990 0.546 0.129 0.000 0.000 0.000 0.000 0.000 0.000 0.000 0.000 0.000 0.000 0.000 0.000 0.000 0.000 0.000 0.000 0.000 0.000 0.000 0.000 0.000 0.000 0.000 0.000 0.000 0.000 0.000 0.000 0.000 0.000 
0.000 0.000 0.000 0.000 0.000 0.000 0.000 0.000 0.000 0.000 0.000 0.000 0.000 0.000 0.371 0.891 0.920 0.407 0.148 0.587 1.000 0.731 0.229 0.000 0.000 0.000 0.000 0.000 0.000 0.000 0.000 0.000 0.000 0.000 0.000 0.000 0.000 0.000 0.000 0.000 0.000 0.000 0.000 0.000 0.000 0.000 0.000 0.000 0.000 0.000 
0.000 0.000 0.000 0.000 0.000 0.000 0.000 0.000 0.000 0.000 0.000 0.000 0.000 0.000 0.000 0.000 0.000 0.229 0.731 1.000 0.587 0.148 0.407 0.920 0.891 0.371 0.000 0.000 0.000 0.000 0.000 0.000 0.000 0.000 0.000 0.000 0.000 0.000 0.000 0.000 0.000 0.000 0.000 0.000 0.000 0.000 0.000 0.000 0.000 0.000 
0.000 0.000 0.000 0.000 0.000 0.000 0.000 0.000 0.000 0.000 0.000 0.000 0.000 0.000 0.000 0.000 0.000 0.000 0.000 0.000 0.129 0.546 0.990 0.770 0.257 0.257 0.770 0.990 0.546 0.129 0.000 0.000 0.000 0.000 0.000 0.000 0.000 0.000 0.000 0.000 0.000 0.000 0.000 0.000 0.000 0.000 0.000 0.000 0.000 0.000 
0.000 0.000 0.000 0.000 0.000 0.000 0.000 0.000 0.000 0.000 0.000 0.000 0.000 0.000 0.000 0.000 0.000 0.000 0.000 0.000 0.000 0.000 0.000 0.000 0.371 0.891 0.920 0.407 0.148 0.587 1.000 0.731 0.229 0.000 0.000 0.000 0.000 0.000 0.000 0.000 0.000 0.000 0.000 0.000 0.000 0.000 0.000 0.000 0.000 0.000 
0.000 0.000 0.000 0.000 0.000 0.000 0.000 0.000 0.000 0.000 0.000 0.000 0.000 0.000 0.000 0.000 0.000 0.000 0.000 0.000 0.000 0.000 0.000 0.000 0.000 0.000 0.000 0.229 0.731 1.000 0.587 0.148 0.407 0.920 0.891 0.371 0.000 0.000 0.000 0.000 0.000 0.000 0.000 0.000 0.000 0.000 0.000 0.000 0.000 0.000 
0.000 0.000 0.000 0.000 0.000 0.000 0.000 0.000 0.000 0.000 0.000 0.000 0.000 0.000 0.000 0.000 0.000 0.000 0.000 0.000 0.000 0.000 0.000 0.000 0.000 0.000 0.000 0.000 0.000 0.000 0.129 0.546 0.990 0.770 0.257 0.257 0.770 0.990 0.546 0.129 0.000 0.000 0.000 0.000 0.000 0.000 0.000 0.000 0.000 0.000 
0.000 0.000 0.000 0.000 0.000 0.000 0.000 0.000 0.000 0.000 0.000 0.000 0.000 0.000 0.000 0.000 0.000 0.000 0.000 0.000 0.000 0.000 0.000 0.000 0.000 0.000 0.000 0.000 0.000 0.000 0.000 0.000 0.000 0.000 0.371 0.891 0.920 0.407 0.148 0.587 1.000 0.731 0.229 0.000 0.000 0.000 0.000 0.000 0.000 0.000 
0.000 0.000 0.000 0.000 0.000 0.000 0.000 0.000 0.000 0.000 0.000 0.000 0.000 0.000 0.000 0.000 0.000 0.000 0.000 0.000 0.000 0.000 0.000 0.000 0.000 0.000 0.000 0.000 0.000 0.000 0.000 0.000 0.000 0.000 0.000 0.000 0.000 0.229 0.731 1.000 0.587 0.148 0.407 0.920 0.891 0.371 0.000 0.000 0.000 0.000 
0.000 0.000 0.000 0.000 0.000 0.000 0.000 0.000 0.000 0.000 0.000 0.000 0.000 0.000 0.000 0.000 0.000 0.000 0.000 0.000 0.000 0.000 0.000 0.000 0.000 0.000 0.000 0.000 0.000 0.000 0.000 0.000 0.000 0.000 0.000 0.000 0.000 0.000 0.000 0.000 0.129 0.546 0.990 0.770 0.257 0.257 0.770 0.990 0.546 0.129 
0.000 0.000 0.000 0.000 0.000 0.000 0.000 0.000 0.000 0.000 0.000 0.000 0.000 0.000 0.000 0.000 0.000 0.000 0.000 0.000 0.000 0.000 0.000 0.000 0.000 0.000 0.000 0.000 0.000 0.000 0.000 0.000 0.000 0.000 0.000 0.000 0.000 0.000 0.000 0.000 0.000 0.000 0.000 0.000 0.371 0.891 0.920 0.407 0.148 0.587 
# 1 0 50 12
0.000 0.000 0.000 0.000 -0.606 -0.969 -0.325 0.000 0.000 0.000 0.000 0.000 
0.000 0.000 0.000 0.000 -0.429 -0.999 -0.487 0.000 0.000 0.000 0.000 0.000 
0.000 0.000 0.000 0.000 -0.278 -0.940 -0.667 0.000 0.000 0.000 0.000 0.000 
0.000 0.000 0.000 0.000 -0.164 -0.809 -0.836 -0.181 0.000 0.000 0.000 0.000 
0.000 0.000 0.000 0.000 0.000 -0.636 -0.956 -0.301 0.000 0.000 0.000 0.000 
0.000 0.000 0.000 0.000 0.000 -0.457 -1.000 -0.458 0.000 0.000 0.000 0.000 
0.000 0.000 0.000 0.000 0.000 -0.300 -0.956 -0.637 0.000 0.000 0.000 0.000 
0.000 0.000 0.000 0.000 0.000 -0.180 -0.835 -0.810 -0.165 0.000 0.000 0.000 
0.000 0.000 0.000 0.000 0.000 0.000 -0.666 -0.941 -0.278 0.000 0.000 0.000 
0.000 0.000 0.000 0.000 0.000 0.000 -0.486 -0.999 -0.430 0.000 0.000 0.000 
0.000 0.000 0.000 0.000 0.000 0.000 -0.324 -0.969 -0.607 0.000 0.000 0.000 
0.000 0.000 0.000 0.000 0.000 0.000 -0.198 -0.859 -0.783 -0.150 0.000 0.000 
0.000 0.000 0.000 0.000 0.000 0.000 -0.110 -0.696 -0.923 -0.257 0.000 0.000 
0.000 0.000 0.000 0.000 0.000 0.000 0.000 -0.516 -0.995 -0.402 0.000 0.000 
0.000 0.000 0.000 0.000 0.000 0.000 0.000 -0.349 -0.980 -0.577 0.000 0.000 
0.000 0.000 0.000 0.000 0.000 0.000 0.000 -0.216 -0.882 -0.755 -0.136 0.000 
0.000 0.000 0.000 0.000 0.000 0.000 0.000 -0.122 -0.726 -0.904 -0.236 0.000 
-0.180 0.000 0.000 0.000 0.000 0.000 0.000 0.000 -0.546 -0.989 -0.376 0.000 
-0.300 0.000 0.000 0.000 0.000 0.000 0.000 0.000 -0.375 -0.989 -0.547 0.000 
-0.457 0.000 0.000 0.000 0.000 0.000 0.000 0.000 -0.235 -0.903 -0.727 -0.123 
-0.636 0.000 0.000 0.000 0.000 0.000 0.000 0.000 -0.135 -0.754 -0.883 -0.217 
-0.809 -0.164 0.000 0.000 0.000 0.000 0.000 0.000 0.000 -0.576 -0.980 -0.350 
-0.940 -0.278 0.000 0.000 0.000 0.000 0.000 0.000 0.000 -0.402 -0.995 -0.517 
-0.999 -0.429 0.000 0.000 0.000 0.000 0.000 0.000 0.000 -0.256 -0.923 -0.697 
-0.969 -0.606 0.000 0.000 0.000 0.000 0.000 0.000 0.000 -0.149 -0.782 -0.860 
-0.860 -0.782 -0.149 0.000 0.000 0.000 0.000 0.000 0.000 0.000 -0.606 -0.969 
-0.697 -0.923 -0.256 0.000 0.000 0.000 0.000 0.000 0.000 0.000 -0.429 -0.999 
-0.517 -0.995 -0.402 0.000 0.000 0.000 0.000 0.000 0.000 0.000 -0.278 -0.940 
-0.350 -0.980 -0.576 0.000 0.000 0.000 0.000 0.000 0.000 0.000 -0.164 -0.809 
-0.217 -0.883 -0.754 -0.135 0.000 0.000 0.000 0.000 0.000 0.000 0.000 -0.636 
-0.123 -0.727 -0.903 -0.235 0.000 0.000 0.000 0.000 0.000 0.000 0.000 -0.457 
0.000 -0.547 -0.989 -0.375 0.000 0.000 0.000 0.000 0.000 0.000 0.000 -0.300 
0.000 -0.376 -0.989 -0.546 0.000 0.000 0.000 0.000 0.000 0.000 0.000 -0.180 
0.000 -0.236 -0.904 -0.726 -0.122 0.000 0.000 0.000 0.000 0.000 0.000 0.000 
0.000 -0.136 -0.755 -0.882 -0.216 0.000 0.000 0.000 0.000 0.000 0.000 0.000 
0.000 0.000 -0.577 -0.980 -0.349 0.000 0.000 0.000 0.000 0.000 0.000 0.000 
0.000 0.000 -0.402 -0.995 -0.516 0.000 0.000 0.000 0.000 0.000 0.000 0.000 
0.000 0.000 -0.257 -0.923 -0.696 -0.110 0.000 0.000 0.000 0.000 0.000 0.000 
0.000 0.000 -0.150 -0.783 -0.859 -0.198 0.000 0.000 0.000 0.000 0.000 0.000 
0.000 0.000 0.000 -0.607 -0.969 -0.324 0.000 0.000 0.000 0.000 0.000 0.000 
0.000 0.000 0.000 -0.430 -0.999 -0.486 0.000 0.000 0.000 0.000 0.000 0.000 
0.000 0.000 0.000 -0.278 -0.941 -0.666 0.000 0.000 0.000 0.000 0.000 0.000 
0.000 0.000 0.000 -0.165 -0.810 -0.835 -0.180 0.000 0.000 0.000 0.000 0.000 
0.000 0.000 0.000 0.000 -0.637 -0.956 -0.300 0.000 0.000 0.000 0.000 0.000 
0.000 0.000 0.000 0.000 -0.458 -1.000 -0.457 0.000 0.000 0.000 0.000 0.000 
0.000 0.000 0.000 0.000 -0.301 -0.956 -0.636 0.000 0.000 0.000 0.000 0.000 
0.000 0.000 0.000 0.000 -0.181 -0.836 -0.809 -0.164 0.000 0.000 0.000 0.000 
0.000 0.000 0.000 0.000 0.000 -0.667 -0.940 -0.278 0.000 0.000 0.000 0.000 
0.000 0.000 0.000 0.000 0.000 -0.487 -0.999 -0.429 0.000 0.000 0.000 0.000 
0.000 0.000 0.000 0.000 0.000 -0.325 -0.969 -0.606 0.000 0.000 0.000 0.000 
