69.072635
3
# 0 1 12 50
0.000 0.000 0.000 0.000 0.000 0.000 0.000 0.000 0.000 0.000 0.200 0.776 0.934 0.350 0.000 0.000 0.000 0.000 0.000 0.000 0.000 0.000 0.000 0.000 0.000 0.000 0.000 0.000 0.000 0.000 0.000 0.000 0.000 0.000 0.000 0.000 0.000 0.000 0.000 0.000 0.000 0.000 0.000 0.000 0.000 0.000 0.000 0.000 0.000 0.000 
0.000 0.000 0.000 0.000 0.000 0.000 0.000 0.000 0.000 0.000 0.000 0.000 0.000 0.000 0.143 0.672 0.982 0.447 0.000 0.000 0.000 0.000 0.000 0.000 0.000 0.000 0.000 0.000 0.000 0.000 0.000 0.000 0.000 0.000 0.000 0.000 0.000 0.000 0.000 0.000 0.000 0.000 0.000 0.000 0.000 0.000 0.000 0.000 0.000 0.000 
0.985 0.456 0.000 0.000 0.000 0.000 0.000 0.000 0.000 0.000 0.000 0.000 0.000 0.000 0.000 0.000 0.000 0.000 0.000 0.563 1.000 0.553 0.000 0.000 0.000 0.000 0.000 0.000 0.000 0.000 0.000 0.000 0.000 0.000 0.000 0.000 0.000 0.000 0.000 0.000 0.000 0.000 0.000 0.000 0.000 0.000 0.000 0.000 0.000 0.000 
0.000 0.000 0.000 0.553 1.000 0.563 0.000 0.000 0.000 0.000 0.000 0.000 0.000 0.000 0.000 0.000 0.000 0.000 0.000 0.000 0.000 0.000 0.000 0.456 0.985 0.662 0.138 0.000 0.000 0.000 0.000 0.000 0.000 0.000 0.000 0.000 0.000 0.000 0.000 0.000 0.000 0.000 0.000 0.000 0.000 0.000 0.000 0.000 0.000 0.000 
0.000 0.000 0.000 0.000 0.000 0.000 0.000 0.447 0.982 0.672 0.143 0.000 0.000 0.000 0.000 0.000 0.000 0.000 0.000 0.000 0.000 0.000 0.000 0.000 0.000 0.000 0.000 0.358 0.940 0.767 0.194 0.000 0.000 0.000 0.000 0.000 0.000 0.000 0.000 0.000 0.000 0.000 0.000 0.000 0.000 0.000 0.000 0.000 0.000 0.000 
0.000 0.000 0.000 0.000 0.000 0.000 0.000 0.000 0.000 0.000 0.000 0.350 0.934 0.776 0.200 0.000 0.000 0.000 0.000 0.000 0.000 0.000 0.000 0.000 0.000 0.000 0.000 0.000 0.000 0.000 0.000 0.272 0.868 0.860 0.265 0.000 0.000 0.000 0.000 0.000 0.000 0.000 0.000 0.000 0.000 0.000 0.000 0.000 0.000 0.000 
0.000 0.000 0.000 0.000 0.000 0.000 0.000 0.000 0.000 0.000 0.000 0.000 0.000 0.000 0.000 0.265 0.860 0.868 0.272 0.000 0.000 0.000 0.000 0.000 0.000 0.000 0.000 0.000 0.000 0.000 0.000 0.000 0.000 0.000 0.000 0.200 0.776 0.934 0.350 0.000 0.000 0.000 0.000 0.000 0.000 0.000 0.000 0.000 0.000 0.000 
0.000 0.000 0.000 0.000 0.000 0.000 0.000 0.000 0.000 0.000 0.000 0.000 0.000 0.000 0.000 0.000 0.000 0.000 0.000 0.194 0.767 0.940 0.358 0.000 0.000 0.000 0.000 0.000 0.000 0.000 0.000 0.000 0.000 0.000 0.000 0.000 0.000 0.000 0.000 0.143 0.672 0.982 0.447 0.000 0.000 0.000 0.000 0.000 0.000 0.000 
0.000 0.000 0.000 0.000 0.000 0.000 0.000 0.000 0.000 0.000 0.000 0.000 0.000 0.000 0.000 0.000 0.000 0.000 0.000 0.000 0.000 0.000 0.000 0.138 0.662 0.985 0.456 0.000 0.000 0.000 0.000 0.000 0.000 0.000 0.000 0.000 0.000 0.000 0.000 0.000 0.000 0.000 0.000 0.000 0.563 1.000 0.553 0.000 0.000 0.000 
0.000 0.000 0.000 0.000 0.000 0.000 0.000 0.000 0.000 0.000 0.000 0.000 0.000 0.000 0.000 0.000 0.000 0.000 0.000 0.000 0.000 0.000 0.000 0.000 0.000 0.000 0.000 0.000 0.553 1.000 0.563 0.000 0.000 0.000 0.000 0.000 0.000 0.000 0.000 0.000 0.000 0.000 0.000 0.000 0.000 0.000 0.000 0.000 0.456 0.985 
0.000 0.000 0.000 0.000 0.000 0.000 0.000 0.000 0.000 0.000 0.000 0.000 0.000 0.000 0.000 0.000 0.000 0.000 0.000 0.000 0.000 0.000 0.000 0.000 0.000 0.000 0.000 0.000 0.000 0.000 0.000 0.000 0.447 0.982 0.672 0.143 0.000 0.000 0.000 0.000 0.000 0.000 0.000 0.000 0.000 0.000 0.000 0.000 0.000 0.000 
0.000 0.000 0.000 0.000 0.000 0.000 0.000 0.000 0.000 0.000 0.000 0.000 0.000 0.000 0.000 0.000 0.000 0.000 0.000 0.000 0.000 0.000 0.000 0.000 0.000 0.000 0.000 0.000 0.000 0.000 0.000 0.000 0.000 0.000 0.000 0.000 0.350 0.934 0.776 0.200 0.000 0.000 0.000 0.000 0.000 0.000 0.000 0.000 0.000 0.000 
# 0 2 15 50
0.000 0.000 0.000 0.000 0.000 0.000 0.000 0.000 0.000 0.000 0.408 0.971 0.718 0.165 0.000 0.000 0.000 0.000 0.000 0.000 0.000 0.000 0.000 0.000 0.000 0.000 0.000 0.000 0.000 0.000 0.000 0.000 0.000 0.000 0.000 0.000 0.000 0.000 0.000 0.000 0.000 0.000 0.000 0.000 0.000 0.000 0.000 0.000 0.000 0.000 
0.000 0.000 0.000 0.000 0.000 0.000 0.000 0.000 0.000 0.000 0.000 0.000 0.000 0.236 0.828 0.904 0.307 0.000 0.000 0.000 0.000 0.000 0.000 0.000 0.000 0.000 0.000 0.000 0.000 0.000 0.000 0.000 0.000 0.000 0.000 0.000 0.000 0.000 0.000 0.000 0.000 0.000 0.000 0.000 0.000 0.000 0.000 0.000 0.000 0.000 
0.000 0.000 0.000 0.000 0.000 0.000 0.000 0.000 0.000 0.000 0.000 0.000 0.000 0.000 0.000 0.000 0.120 0.620 1.000 0.501 0.000 0.000 0.000 0.000 0.000 0.000 0.000 0.000 0.000 0.000 0.000 0.000 0.000 0.000 0.000 0.000 0.000 0.000 0.000 0.000 0.000 0.000 0.000 0.000 0.000 0.000 0.000 0.000 0.000 0.000 
0.501 1.000 0.620 0.120 0.000 0.000 0.000 0.000 0.000 0.000 0.000 0.000 0.000 0.000 0.000 0.000 0.000 0.000 0.000 0.000 0.408 0.971 0.718 0.165 0.000 0.000 0.000 0.000 0.000 0.000 0.000 0.000 0.000 0.000 0.000 0.000 0.000 0.000 0.000 0.000 0.000 0.000 0.000 0.000 0.000 0.000 0.000 0.000 0.000 0.000 
0.000 0.000 0.000 0.307 0.904 0.828 0.236 0.000 0.000 0.000 0.000 0.000 0.000 0.000 0.000 0.000 0.000 0.000 0.000 0.000 0.000 0.000 0.000 0.236 0.828 0.904 0.307 0.000 0.000 0.000 0.000 0.000 0.000 0.000 0.000 0.000 0.000 0.000 0.000 0.000 0.000 0.000 0.000 0.000 0.000 0.000 0.000 0.000 0.000 0.000 
0.000 0.000 0.000 0.000 0.000 0.000 0.165 0.718 0.971 0.408 0.000 0.000 0.000 0.000 0.000 0.000 0.000 0.000 0.000 0.000 0.000 0.000 0.000 0.000 0.000 0.000 0.120 0.620 1.000 0.501 0.000 0.000 0.000 0.000 0.000 0.000 0.000 0.000 0.000 0.000 0.000 0.000 0.000 0.000 0.000 0.000 0.000 0.000 0.000 0.000 
0.000 0.000 0.000 0.000 0.000 0.000 0.000 0.000 0.000 0.000 0.501 1.000 0.620 0.120 0.000 0.000 0.000 0.000 0.000 0.000 0.000 0.000 0.000 0.000 0.000 0.000 0.000 0.000 0.000 0.000 0.408 0.971 0.718 0.165 0.000 0.000 0.000 0.000 0.000 0.000 0.000 0.000 0.000 0.000 0.000 0.000 0.000 0.000 0.000 0.000 
0.000 0.000 0.000 0.000 0.000 0.000 0.000 0.000 0.000 0.000 0.000 0.000 0.000 0.307 0.904 0.828 0.236 0.000 0.000 0.000 0.000 0.000 0.000 0.000 0.000 0.000 0.000 0.000 0.000 0.000 0.000 0.000 0.000 0.236 0.828 0.904 0.307 0.000 0.000 0.000 0.000 0.000 0.000 0.000 0.000 0.000 0.000 0.000 0.000 0.000 
0.000 0.000 0.000 0.000 0.000 0.000 0.000 0.000 0.000 0.000 0.000 0.000 0.000 0.000 0.000 0.000 0.165 0.718 0.971 0.408 0.000 0.000 0.000 0.000 0.000 0.000 0.000 0.000 0.000 0.000 0.000 0.000 0.000 0.000 0.000 0.000 0.120 0.620 1.000 0.501 0.000 0.000 0.000 0.000 0.000 0.000 0.000 0.000 0.000 0.000 
0.000 0.000 0.000 0.000 0.000 0.000 0.000 0.000 0.000 0.000 0.000 0.000 0.000 0.000 0.000 0.000 0.000 0.000 0.000 0.000 0.501 1.000 0.620 0.120 0.000 0.000 0.000 0.000 0.000 0.000 0.000 0.000 0.000 0.000 0.000 0.000 0.000 0.000 0.000 0.000 0.408 0.971 0.718 0.165 0.000 0.000 0.000 0.000 0.000 0.000 
0.000 0.000 0.000 0.000 0.000 0.000 0.000 0.000 0.000 0.000 0.000 0.000 0.000 0.000 0.000 0.000 0.000 0.000 0.000 0.000 0.000 0.000 0.000 0.307 0.904 0.828 0.236 0.000 0.000 0.000 0.000 0.000 0.000 0.000 0.000 0.000 0.000 0.000 0.000 0.000 0.000 0.000 0.000 0.236 0.828 0.904 0.307 0.000 0.000 0.000 
0.000 0.000 0.000 0.000 0.000 0.000 0.000 0.000 0.000 0.000 0.000 0.000 0.000 0.000 0.000 0.000 0.000 0.000 0.000 0.000 0.000 0.000 0.000 0.000 0.000 0.000 0.165 0.718 0.971 0.408 0.000 0.000 0.000 0.000 0.000 0.000 0.000 0.000 0.000 0.000 0.000 0.000 0.000 0.000 0.000 0.000 0.120 0.620 1.000 0.501 
0.000 0.000 0.000 0.000 0.000 0.000 0.000 0.000 0.000 0.000 0.000 0.000 0.000 0.000 0.000 0.000 0.000 0.000 0.000 0.000 0.000 0.000 0.000 0.000 0.000 0.000 0.000 0.000 0.000 0.000 0.501 1.000 0.620 0.120 0.000 0.000 0.000 0.000 0.000 0.000 0.000 0.000 0.000 0.000 0.000 0.000 0.000 0.000 0.000 0.000 
0.000 0.000 0.000 0.000 0.000 0.000 0.000 0.000 0.000 0.000 0.000 0.000 0.000 0.000 0.000 0.000 0.000 0.000 0.000 0.000 0.000 0.000 0.000 0.000 0.000 0.000 0.000 0.000 0.000 0.000 0.000 0.000 0.000 0.307 0.904 0.828 0.236 0.000 0.000 0.000 0.000 0.000 0.000 0.000 0.000 0.000 0.000 0.000 0.000 0.000 
0.000 0.000 0.000 0.000 0.000 0.000 0.000 0.000 0.000 0.000 0.000 0.000 0.000 0.000 0.000 0.000 0.000 0.000 0.000 0.000 0.000 0.000 0.000 0.000 0.000 0.000 0.000 0.000 0.000 0.000 0.000 0.000 0.000 0.000 0.000 0.000 0.165 0.718 0.971 0.408 0.000 0.000 0.000 0.000 0.000 0.000 0.000 0.000 0.000 0.000 
# 1 0 50 12
-0.948 -0.290 0.000 0.000 0.000 0.000 0.000 0.000 0.000 0.000 0.000 0.000 
-0.736 -0.536 0.000 0.000 0.000 0.000 0.000 0.000 0.000 0.000 0.000 0.000 
-0.692 -0.804 0.000 0.000 0.000 0.000 0.000 0.000 0.000 0.000 0.000 0.000 
-0.922 -0.979 -0.109 0.000 0.000 0.000 0.000 0.000 0.000 0.000 0.000 0.000 
-0.999 -0.969 -0.256 0.000 0.000 0.000 0.000 0.000 0.000 0.000 0.000 0.000 
-0.879 -0.779 -0.491 0.000 0.000 0.000 0.000 0.000 0.000 0.000 0.000 0.000 
-0.628 -0.646 -0.762 0.000 0.000 0.000 0.000 0.000 0.000 0.000 0.000 0.000 
-0.364 -0.892 -0.961 0.000 0.000 0.000 0.000 0.000 0.000 0.000 0.000 0.000 
-0.172 -1.000 -0.985 -0.226 0.000 0.000 0.000 0.000 0.000 0.000 0.000 0.000 
0.000 -0.911 -0.820 -0.447 0.000 0.000 0.000 0.000 0.000 0.000 0.000 0.000 
0.000 -0.673 -0.600 -0.718 0.000 0.000 0.000 0.000 0.000 0.000 0.000 0.000 
0.000 -0.404 -0.857 -0.938 0.000 0.000 0.000 0.000 0.000 0.000 0.000 0.000 
0.000 -0.197 -0.995 -0.995 -0.197 0.000 0.000 0.000 0.000 0.000 0.000 0.000 
0.000 0.000 -0.938 -0.857 -0.404 0.000 0.000 0.000 0.000 0.000 0.000 0.000 
0.000 0.000 -0.718 -0.600 -0.673 0.000 0.000 0.000 0.000 0.000 0.000 0.000 
0.000 0.000 -0.447 -0.820 -0.911 0.000 0.000 0.000 0.000 0.000 0.000 0.000 
0.000 0.000 -0.226 -0.985 -1.000 -0.172 0.000 0.000 0.000 0.000 0.000 0.000 
0.000 0.000 0.000 -0.961 -0.892 -0.364 0.000 0.000 0.000 0.000 0.000 0.000 
0.000 0.000 0.000 -0.762 -0.646 -0.628 0.000 0.000 0.000 0.000 0.000 0.000 
0.000 0.000 0.000 -0.491 -0.779 -0.879 0.000 0.000 0.000 0.000 0.000 0.000 
0.000 0.000 0.000 -0.256 -0.969 -0.999 -0.148 0.000 0.000 0.000 0.000 0.000 
0.000 0.000 0.000 -0.109 -0.979 -0.922 -0.326 0.000 0.000 0.000 0.000 0.000 
0.000 0.000 0.000 0.000 -0.804 -0.692 -0.581 0.000 0.000 0.000 0.000 0.000 
0.000 0.000 0.000 0.000 -0.536 -0.736 -0.843 0.000 0.000 0.000 0.000 0.000 
0.000 0.000 0.000 0.000 -0.290 -0.948 -0.992 -0.127 0.000 0.000 0.000 0.000 
0.000 0.000 0.000 0.000 -0.127 -0.992 -0.948 -0.290 0.000 0.000 0.000 0.000 
0.000 0.000 0.000 0.000 0.000 -0.843 -0.736 -0.536 0.000 0.000 0.000 0.000 
0.000 0.000 0.000 0.000 0.000 -0.581 -0.692 -0.804 0.000 0.000 0.000 0.000 
0.000 0.000 0.000 0.000 0.000 -0.326 -0.922 -0.979 -0.109 0.000 0.000 0.000 
0.000 0.000 0.000 0.000 0.000 -0.148 -0.999 -0.969 -0.256 0.000 0.000 0.000 
0.000 0.000 0.000 0.000 0.000 0.000 -0.879 -0.779 -0.491 0.000 0.000 0.000 
0.000 0.000 0.000 0.000 0.000 0.000 -0.628 -0.646 -0.762 0.000 0.000 0.000 
0.000 0.000 0.000 0.000 0.000 0.000 -0.364 -0.892 -0.961 0.000 0.000 0.000 
0.000 0.000 0.000 0.000 0.000 0.000 -0.172 -1.000 -0.985 -0.226 0.000 0.000 
0.000 0.000 0.000 0.000 0.000 0.000 0.000 -0.911 -0.820 -0.447 0.000 0.000 
0.000 0.000 0.000 0.000 0.000 0.000 0.000 -0.673 -0.600 -0.718 0.000 0.000 
0.000 0.000 0.000 0.000 0.000 0.000 0.000 -0.404 -0.857 -0.938 0.000 0.000 
0.000 0.000 0.000 0.000 0.000 0.000 0.000 -0.197 -0.995 -0.995 -0.197 0.000 
0.000 0.000 0.000 0.000 0.000 0.000 0.000 0.000 -0.938 -0.857 -0.404 0.000 
0.000 0.000 0.000 0.000 0.000 0.000 0.000 0.000 -0.718 -0.600 -0.673 0.000 
0.000 0.000 0.000 0.000 0.000 0.000 0.000 0.000 -0.447 -0.820 -0.911 0.000 
0.000 0.000 0.000 0.000 0.000 0.000 0.000 0.000 -0.226 -0.985 -1.000 -0.172 
0.000 0.000 0.000 0.000 0.000 0.000 0.000 0.000 0.000 -0.961 -0.892 -0.364 
0.000 0.000 0.000 0.000 0.000 0.000 0.000 0.000 0.000 -0.762 -0.646 -0.628 
0.000 0.000 0.000 0.000 0.000 0.000 0.000 0.000 0.000 -0.491 -0.779 -0.879 
0.000 0.000 0.000 0.000 0.000 0.000 0.000 0.000 0.000 -0.256 -0.969 -0.999 
0.000 0.000 0.000 0.000 0.000 0.000 0.000 0.000 0.000 -0.109 -0.979 -0.922 
0.000 0.000 0.000 0.000 0.000 0.000 0.000 0.000 0.000 0.000 -0.804 -0.692 
0.000 0.000 0.000 0.000 0.000 0.000 0.000 0.000 0.000 0.000 -0.536 -0.736 
0.000 0.000 0.000 0.000 0.000 0.000 0.000 0.000 0.000 0.000 -0.290 -0.948 
