69.085468
3
# 0 1 12 50
0.701 0.990 1.000 0.768 0.360 0.103 0.000 0.000 0.000 0.000 0.000 0.000 0.000 0.000 0.000 0.000 0.000 0.000 0.000 0.000 0.000 0.000 0.000 0.000 0.000 0.000 0.000 0.000 0.000 0.000 0.000 0.000 0.000 0.000 0.000 0.000 0.000 0.000 0.000 0.000 0.000 0.000 0.000 0.000 0.000 0.000 0.000 0.000 0.000 0.000 
0.000 0.000 0.000 0.251 0.631 0.968 0.996 0.831 0.423 0.131 0.000 0.000 0.000 0.000 0.000 0.000 0.000 0.000 0.000 0.000 0.000 0.000 0.000 0.000 0.000 0.000 0.000 0.000 0.000 0.000 0.000 0.000 0.000 0.000 0.000 0.000 0.000 0.000 0.000 0.000 0.000 0.000 0.000 0.000 0.000 0.000 0.000 0.000 0.000 0.000 
0.000 0.000 0.000 0.000 0.000 0.000 0.000 0.205 0.560 0.932 0.978 0.886 0.490 0.165 0.000 0.000 0.000 0.000 0.000 0.000 0.000 0.000 0.000 0.000 0.000 0.000 0.000 0.000 0.000 0.000 0.000 0.000 0.000 0.000 0.000 0.000 0.000 0.000 0.000 0.000 0.000 0.000 0.000 0.000 0.000 0.000 0.000 0.000 0.000 0.000 
0.000 0.000 0.000 0.000 0.000 0.000 0.000 0.000 0.000 0.000 0.000 0.165 0.490 0.886 0.978 0.932 0.560 0.205 0.000 0.000 0.000 0.000 0.000 0.000 0.000 0.000 0.000 0.000 0.000 0.000 0.000 0.000 0.000 0.000 0.000 0.000 0.000 0.000 0.000 0.000 0.000 0.000 0.000 0.000 0.000 0.000 0.000 0.000 0.000 0.000 
0.000 0.000 0.000 0.000 0.000 0.000 0.000 0.000 0.000 0.000 0.000 0.000 0.000 0.000 0.000 0.131 0.423 0.831 0.996 0.968 0.631 0.251 0.000 0.000 0.000 0.000 0.000 0.000 0.000 0.000 0.000 0.000 0.000 0.000 0.000 0.000 0.000 0.000 0.000 0.000 0.000 0.000 0.000 0.000 0.000 0.000 0.000 0.000 0.000 0.000 
0.000 0.000 0.000 0.000 0.000 0.000 0.000 0.000 0.000 0.000 0.000 0.000 0.000 0.000 0.000 0.000 0.000 0.000 0.000 0.103 0.360 0.768 1.000 0.990 0.701 0.303 0.000 0.000 0.000 0.000 0.000 0.000 0.000 0.000 0.000 0.000 0.000 0.000 0.000 0.000 0.000 0.000 0.000 0.000 0.000 0.000 0.000 0.000 0.000 0.000 
0.000 0.000 0.000 0.000 0.000 0.000 0.000 0.000 0.000 0.000 0.000 0.000 0.000 0.000 0.000 0.000 0.000 0.000 0.000 0.000 0.000 0.000 0.000 0.000 0.303 0.701 0.990 1.000 0.768 0.360 0.103 0.000 0.000 0.000 0.000 0.000 0.000 0.000 0.000 0.000 0.000 0.000 0.000 0.000 0.000 0.000 0.000 0.000 0.000 0.000 
0.000 0.000 0.000 0.000 0.000 0.000 0.000 0.000 0.000 0.000 0.000 0.000 0.000 0.000 0.000 0.000 0.000 0.000 0.000 0.000 0.000 0.000 0.000 0.000 0.000 0.000 0.000 0.000 0.251 0.631 0.968 0.996 0.831 0.423 0.131 0.000 0.000 0.000 0.000 0.000 0.000 0.000 0.000 0.000 0.000 0.000 0.000 0.000 0.000 0.000 
0.000 0.000 0.000 0.000 0.000 0.000 0.000 0.000 0.000 0.000 0.000 0.000 0.000 0.000 0.000 0.000 0.000 0.000 0.000 0.000 0.000 0.000 0.000 0.000 0.000 0.000 0.000 0.000 0.000 0.000 0.000 0.000 0.205 0.560 0.932 0.978 0.886 0.490 0.165 0.000 0.000 0.000 0.000 0.000 0.000 0.000 0.000 0.000 0.000 0.000 
0.000 0.000 0.000 0.000 0.000 0.000 0.000 0.000 0.000 0.000 0.000 0.000 0.000 0.000 0.000 0.000 0.000 0.000 0.000 0.000 0.000 0.000 0.000 0.000 0.000 0.000 0.000 0.000 0.000 0.000 0.000 0.000 0.000 0.000 0.000 0.000 0.165 0.490 0.886 0.978 0.932 0.560 0.205 0.000 0.000 0.000 0.000 0.000 0.000 0.000 
0.000 0.000 0.000 0.000 0.000 0.000 0.000 0.000 0.000 0.000 0.000 0.000 0.000 0.000 0.000 0.000 0.000 0.000 0.000 0.000 0.000 0.000 0.000 0.000 0.000 0.000 0.000 0.000 0.000 0.000 0.000 0.000 0.000 0.000 0.000 0.000 0.000 0.000 0.000 0.000 0.131 0.423 0.831 0.996 0.968 0.631 0.251 0.000 0.000 0.000 
0.000 0.000 0.000 0.000 0.000 0.000 0.000 0.000 0.000 0.000 0.000 0.000 0.000 0.000 0.000 0.000 0.000 0.000 0.000 0.000 0.000 0.000 0.000 0.000 0.000 0.000 0.000 0.000 0.000 0.000 0.000 0.000 0.000 0.000 0.000 0.000 0.000 0.000 0.000 0.000 0.000 0.000 0.000 0.000 0.103 0.360 0.768 1.000 0.990 0.701 
# 0 2 15 50
0.862 0.992 0.954 0.597 0.228 0.000 0.000 0.000 0.000 0.000 0.000 0.000 0.000 0.000 0.000 0.000 0.000 0.000 0.000 0.000 0.000 0.000 0.000 0.000 0.000 0.000 0.000 0.000 0.000 0.000 0.000 0.000 0.000 0.000 0.000 0.000 0.000 0.000 0.000 0.000 0.000 0.000 0.000 0.000 0.000 0.000 0.000 0.000 0.000 0.000 
0.000 0.000 0.332 0.737 1.000 1.000 0.737 0.332 0.000 0.000 0.000 0.000 0.000 0.000 0.000 0.000 0.000 0.000 0.000 0.000 0.000 0.000 0.000 0.000 0.000 0.000 0.000 0.000 0.000 0.000 0.000 0.000 0.000 0.000 0.000 0.000 0.000 0.000 0.000 0.000 0.000 0.000 0.000 0.000 0.000 0.000 0.000 0.000 0.000 0.000 
0.000 0.000 0.000 0.000 0.000 0.228 0.597 0.954 0.992 0.862 0.457 0.148 0.000 0.000 0.000 0.000 0.000 0.000 0.000 0.000 0.000 0.000 0.000 0.000 0.000 0.000 0.000 0.000 0.000 0.000 0.000 0.000 0.000 0.000 0.000 0.000 0.000 0.000 0.000 0.000 0.000 0.000 0.000 0.000 0.000 0.000 0.000 0.000 0.000 0.000 
0.000 0.000 0.000 0.000 0.000 0.000 0.000 0.000 0.148 0.457 0.862 0.992 0.954 0.597 0.228 0.000 0.000 0.000 0.000 0.000 0.000 0.000 0.000 0.000 0.000 0.000 0.000 0.000 0.000 0.000 0.000 0.000 0.000 0.000 0.000 0.000 0.000 0.000 0.000 0.000 0.000 0.000 0.000 0.000 0.000 0.000 0.000 0.000 0.000 0.000 
0.000 0.000 0.000 0.000 0.000 0.000 0.000 0.000 0.000 0.000 0.000 0.000 0.332 0.737 1.000 1.000 0.737 0.332 0.000 0.000 0.000 0.000 0.000 0.000 0.000 0.000 0.000 0.000 0.000 0.000 0.000 0.000 0.000 0.000 0.000 0.000 0.000 0.000 0.000 0.000 0.000 0.000 0.000 0.000 0.000 0.000 0.000 0.000 0.000 0.000 
0.000 0.000 0.000 0.000 0.000 0.000 0.000 0.000 0.000 0.000 0.000 0.000 0.000 0.000 0.000 0.228 0.597 0.954 0.992 0.862 0.457 0.148 0.000 0.000 0.000 0.000 0.000 0.000 0.000 0.000 0.000 0.000 0.000 0.000 0.000 0.000 0.000 0.000 0.000 0.000 0.000 0.000 0.000 0.000 0.000 0.000 0.000 0.000 0.000 0.000 
0.000 0.000 0.000 0.000 0.000 0.000 0.000 0.000 0.000 0.000 0.000 0.000 0.000 0.000 0.000 0.000 0.000 0.000 0.148 0.457 0.862 0.992 0.954 0.597 0.228 0.000 0.000 0.000 0.000 0.000 0.000 0.000 0.000 0.000 0.000 0.000 0.000 0.000 0.000 0.000 0.000 0.000 0.000 0.000 0.000 0.000 0.000 0.000 0.000 0.000 
0.000 0.000 0.000 0.000 0.000 0.000 0.000 0.000 0.000 0.000 0.000 0.000 0.000 0.000 0.000 0.000 0.000 0.000 0.000 0.000 0.000 0.000 0.332 0.737 1.000 1.000 0.737 0.332 0.000 0.000 0.000 0.000 0.000 0.000 0.000 0.000 0.000 0.000 0.000 0.000 0.000 0.000 0.000 0.000 0.000 0.000 0.000 0.000 0.000 0.000 
0.000 0.000 0.000 0.000 0.000 0.000 0.000 0.000 0.000 0.000 0.000 0.000 0.000 0.000 0.000 0.000 0.000 0.000 0.000 0.000 0.000 0.000 0.000 0.000 0.000 0.228 0.597 0.954 0.992 0.862 0.457 0.148 0.000 0.000 0.000 0.000 0.000 0.000 0.000 0.000 0.000 0.000 0.000 0.000 0.000 0.000 0.000 0.000 0.000 0.000 
0.000 0.000 0.000 0.000 0.000 0.000 0.000 0.000 0.000 0.000 0.000 0.000 0.000 0.000 0.000 0.000 0.000 0.000 0.000 0.000 0.000 0.000 0.000 0.000 0.000 0.000 0.000 0.000 0.148 0.457 0.862 0.992 0.954 0.597 0.228 0.000 0.000 0.000 0.000 0.000 0.000 0.000 0.000 0.000 0.000 0.000 0.000 0.000 0.000 0.000 
0.000 0.000 0.000 0.000 0.000 0.000 0.000 0.000 0.000 0.000 0.000 0.000 0.000 0.000 0.000 0.000 0.000 0.000 0.000 0.000 0.000 0.000 0.000 0.000 0.000 0.000 0.000 0.000 0.000 0.000 0.000 0.000 0.332 0.737 1.000 1.000 0.737 0.332 0.000 0.000 0.000 0.000 0.000 0.000 0.000 0.000 0.000 0.000 0.000 0.000 
0.000 0.000 0.000 0.000 0.000 0.000 0.000 0.000 0.000 0.000 0.000 0.000 0.000 0.000 0.000 0.000 0.000 0.000 0.000 0.000 0.000 0.000 0.000 0.000 0.000 0.000 0.000 0.000 0.000 0.000 0.000 0.000 0.000 0.000 0.000 0.228 0.597 0.954 0.992 0.862 0.457 0.148 0.000 0.000 0.000 0.000 0.000 0.000 0.000 0.000 
0.000 0.000 0.000 0.000 0.000 0.000 0.000 0.000 0.000 0.000 0.000 0.000 0.000 0.000 0.000 0.000 0.000 0.000 0.000 0.000 0.000 0.000 0.000 0.000 0.000 0.000 0.000 0.000 0.000 0.000 0.000 0.000 0.000 0.000 0.000 0.000 0.000 0.000 0.148 0.457 0.862 0.992 0.954 0.597 0.228 0.000 0.000 0.000 0.000 0.000 
0.000 0.000 0.000 0.000 0.000 0.000 0.000 0.000 0.000 0.000 0.000 0.000 0.000 0.000 0.000 0.000 0.000 0.000 0.000 0.000 0.000 0.000 0.000 0.000 0.000 0.000 0.000 0.000 0.000 0.000 0.000 0.000 0.000 0.000 0.000 0.000 0.000 0.000 0.000 0.000 0.000 0.000 0.332 0.737 1.000 1.000 0.737 0.332 0.000 0.000 
0.000 0.000 0.000 0.000 0.000 0.000 0.000 0.000 0.000 0.000 0.000 0.000 0.000 0.000 0.000 0.000 0.000 0.000 0.000 0.000 0.000 0.000 0.000 0.000 0.000 0.000 0.000 0.000 0.000 0.000 0.000 0.000 0.000 0.000 0.000 0.000 0.000 0.000 0.000 0.000 0.000 0.000 0.000 0.000 0.000 0.228 0.597 0.954 0.992 0.862 
# 1 0 50 12
0.000 0.000 0.000 -0.112 -0.605 -0.996 -0.501 0.000 0.000 0.000 0.000 0.000 
0.000 0.000 0.000 0.000 -0.450 -0.985 -0.658 -0.134 0.000 0.000 0.000 0.000 
0.000 0.000 0.000 0.000 -0.312 -0.909 -0.808 -0.219 0.000 0.000 0.000 0.000 
0.000 0.000 0.000 0.000 -0.202 -0.784 -0.926 -0.334 0.000 0.000 0.000 0.000 
0.000 0.000 0.000 0.000 -0.123 -0.631 -0.992 -0.475 0.000 0.000 0.000 0.000 
0.000 0.000 0.000 0.000 0.000 -0.475 -0.991 -0.632 -0.123 0.000 0.000 0.000 
0.000 0.000 0.000 0.000 0.000 -0.333 -0.926 -0.784 -0.203 0.000 0.000 0.000 
0.000 0.000 0.000 0.000 0.000 -0.219 -0.807 -0.910 -0.313 0.000 0.000 0.000 
0.000 0.000 0.000 0.000 0.000 -0.134 -0.657 -0.985 -0.450 0.000 0.000 0.000 
0.000 0.000 0.000 0.000 0.000 0.000 -0.500 -0.996 -0.605 -0.112 0.000 0.000 
0.000 0.000 0.000 0.000 0.000 0.000 -0.355 -0.941 -0.760 -0.187 0.000 0.000 
0.000 0.000 0.000 0.000 0.000 0.000 -0.236 -0.830 -0.892 -0.292 0.000 0.000 
0.000 0.000 0.000 0.000 0.000 0.000 -0.146 -0.684 -0.977 -0.426 0.000 0.000 
0.000 0.000 0.000 0.000 0.000 0.000 0.000 -0.526 -0.999 -0.579 -0.102 0.000 
0.000 0.000 0.000 0.000 0.000 0.000 0.000 -0.378 -0.954 -0.735 -0.173 0.000 
0.000 0.000 0.000 0.000 0.000 0.000 0.000 -0.253 -0.851 -0.872 -0.273 0.000 
-0.134 0.000 0.000 0.000 0.000 0.000 0.000 -0.159 -0.709 -0.967 -0.402 0.000 
-0.219 0.000 0.000 0.000 0.000 0.000 0.000 0.000 -0.552 -1.000 -0.553 0.000 
-0.333 0.000 0.000 0.000 0.000 0.000 0.000 0.000 -0.401 -0.966 -0.710 -0.159 
-0.475 0.000 0.000 0.000 0.000 0.000 0.000 0.000 -0.272 -0.872 -0.852 -0.254 
-0.631 -0.123 0.000 0.000 0.000 0.000 0.000 0.000 -0.172 -0.735 -0.955 -0.378 
-0.784 -0.202 0.000 0.000 0.000 0.000 0.000 0.000 -0.102 -0.578 -0.999 -0.526 
-0.909 -0.312 0.000 0.000 0.000 0.000 0.000 0.000 0.000 -0.425 -0.976 -0.684 
-0.985 -0.450 0.000 0.000 0.000 0.000 0.000 0.000 0.000 -0.292 -0.891 -0.830 
-0.996 -0.605 -0.112 0.000 0.000 0.000 0.000 0.000 0.000 -0.187 -0.760 -0.941 
-0.941 -0.760 -0.187 0.000 0.000 0.000 0.000 0.000 0.000 -0.112 -0.605 -0.996 
-0.830 -0.891 -0.292 0.000 0.000 0.000 0.000 0.000 0.000 0.000 -0.450 -0.985 
-0.684 -0.976 -0.425 0.000 0.000 0.000 0.000 0.000 0.000 0.000 -0.312 -0.909 
-0.526 -0.999 -0.578 -0.102 0.000 0.000 0.000 0.000 0.000 0.000 -0.202 -0.784 
-0.378 -0.955 -0.735 -0.172 0.000 0.000 0.000 0.000 0.000 0.000 -0.123 -0.631 
-0.254 -0.852 -0.872 -0.272 0.000 0.000 0.000 0.000 0.000 0.000 0.000 -0.475 
-0.159 -0.710 -0.966 -0.401 0.000 0.000 0.000 0.000 0.000 0.000 0.000 -0.333 
0.000 -0.553 -1.000 -0.552 0.000 0.000 0.000 0.000 0.000 0.000 0.000 -0.219 
0.000 -0.402 -0.967 -0.709 -0.159 0.000 0.000 0.000 0.000 0.000 0.000 -0.134 
0.000 -0.273 -0.872 -0.851 -0.253 0.000 0.000 0.000 0.000 0.000 0.000 0.000 
0.000 -0.173 -0.735 -0.954 -0.378 0.000 0.000 0.000 0.000 0.000 0.000 0.000 
0.000 -0.102 -0.579 -0.999 -0.526 0.000 0.000 0.000 0.000 0.000 0.000 0.000 
0.000 0.000 -0.426 -0.977 -0.684 -0.146 0.000 0.000 0.000 0.000 0.000 0.000 
0.000 0.000 -0.292 -0.892 -0.830 -0.236 0.000 0.000 0.000 0.000 0.000 0.000 
0.000 0.000 -0.187 -0.760 -0.941 -0.355 0.000 0.000 0.000 0.000 0.000 0.000 
0.000 0.000 -0.112 -0.605 -0.996 -0.500 0.000 0.000 0.000 0.000 0.000 0.000 
0.000 0.000 0.000 -0.450 -0.985 -0.657 -0.134 0.000 0.000 0.000 0.000 0.000 
0.000 0.000 0.000 -0.313 -0.910 -0.807 -0.219 0.000 0.000 0.000 0.000 0.000 
0.000 0.000 0.000 -0.203 -0.784 -0.926 -0.333 0.000 0.000 0.000 0.000 0.000 
0.000 0.000 0.000 -0.123 -0.632 -0.991 -0.475 0.000 0.000 0.000 0.000 0.000 
0.000 0.000 0.000 0.000 -0.475 -0.992 -0.631 -0.123 0.000 0.000 0.000 0.000 
0.000 0.000 0.000 0.000 -0.334 -0.926 -0.784 -0.202 0.000 0.000 0.000 0.000 
0.000 0.000 0.000 0.000 -0.219 -0.808 -0.909 -0.312 0.000 0.000 0.000 0.000 
0.000 0.000 0.000 0.000 -0.134 -0.658 -0.985 -0.450 0.000 0.000 0.000 0.000 
0.000 0.000 0.000 0.000 0.000 -0.501 -0.996 -0.605 -0.112 0.000 0.000 0.000 
