69.118838
3
# 0 1 10 50
0.000 0.000 0.000 0.000 0.000 0.000 0.000 0.000 0.000 0.000 0.000 0.345 0.811 1.000 0.647 0.219 0.000 0.000 0.000 0.000 0.000 0.000 0.000 0.000 0.000 0.000 0.000 0.000 0.000 0.000 0.000 0.000 0.000 0.000 0.000 0.000 0.000 0.000 0.000 0.000 0.000 0.000 0.000 0.000 0.000 0.000 0.000 0.000 0.000 0.000 
0.000 0.000 0.000 0.000 0.000 0.000 0.000 0.000 0.000 0.000 0.000 0.000 0.000 0.000 0.000 0.000 0.345 0.811 1.000 0.647 0.219 0.000 0.000 0.000 0.000 0.000 0.000 0.000 0.000 0.000 0.000 0.000 0.000 0.000 0.000 0.000 0.000 0.000 0.000 0.000 0.000 0.000 0.000 0.000 0.000 0.000 0.000 0.000 0.000 0.000 
0.647 1.000 0.811 0.345 0.000 0.000 0.000 0.000 0.000 0.000 0.000 0.000 0.000 0.000 0.000 0.000 0.000 0.000 0.000 0.000 0.000 0.345 0.811 1.000 0.647 0.219 0.000 0.000 0.000 0.000 0.000 0.000 0.000 0.000 0.000 0.000 0.000 0.000 0.000 0.000 0.000 0.000 0.000 0.000 0.000 0.000 0.000 0.000 0.000 0.000 
0.000 0.000 0.000 0.000 0.219 0.647 1.000 0.811 0.345 0.000 0.000 0.000 0.000 0.000 0.000 0.000 0.000 0.000 0.000 0.000 0.000 0.000 0.000 0.000 0.000 0.000 0.345 0.811 1.000 0.647 0.219 0.000 0.000 0.000 0.000 0.000 0.000 0.000 0.000 0.000 0.000 0.000 0.000 0.000 0.000 0.000 0.000 0.000 0.000 0.000 
0.000 0.000 0.000 0.000 0.000 0.000 0.000 0.000 0.000 0.219 0.647 1.000 0.811 0.345 0.000 0.000 0.000 0.000 0.000 0.000 0.000 0.000 0.000 0.000 0.000 0.000 0.000 0.000 0.000 0.000 0.000 0.345 0.811 1.000 0.647 0.219 0.000 0.000 0.000 0.000 0.000 0.000 0.000 0.000 0.000 0.000 0.000 0.000 0.000 0.000 
0.000 0.000 0.000 0.000 0.000 0.000 0.000 0.000 0.000 0.000 0.000 0.000 0.000 0.000 0.219 0.647 1.000 0.811 0.345 0.000 0.000 0.000 0.000 0.000 0.000 0.000 0.000 0.000 0.000 0.000 0.000 0.000 0.000 0.000 0.000 0.000 0.345 0.811 1.000 0.647 0.219 0.000 0.000 0.000 0.000 0.000 0.000 0.000 0.000 0.000 
0.000 0.000 0.000 0.000 0.000 0.000 0.000 0.000 0.000 0.000 0.000 0.000 0.000 0.000 0.000 0.000 0.000 0.000 0.000 0.219 0.647 1.000 0.811 0.345 0.000 0.000 0.000 0.000 0.000 0.000 0.000 0.000 0.000 0.000 0.000 0.000 0.000 0.000 0.000 0.000 0.000 0.345 0.811 1.000 0.647 0.219 0.000 0.000 0.000 0.000 
0.000 0.000 0.000 0.000 0.000 0.000 0.000 0.000 0.000 0.000 0.000 0.000 0.000 0.000 0.000 0.000 0.000 0.000 0.000 0.000 0.000 0.000 0.000 0.000 0.219 0.647 1.000 0.811 0.345 0.000 0.000 0.000 0.000 0.000 0.000 0.000 0.000 0.000 0.000 0.000 0.000 0.000 0.000 0.000 0.000 0.000 0.345 0.811 1.000 0.647 
0.000 0.000 0.000 0.000 0.000 0.000 0.000 0.000 0.000 0.000 0.000 0.000 0.000 0.000 0.000 0.000 0.000 0.000 0.000 0.000 0.000 0.000 0.000 0.000 0.000 0.000 0.000 0.000 0.000 0.219 0.647 1.000 0.811 0.345 0.000 0.000 0.000 0.000 0.000 0.000 0.000 0.000 0.000 0.000 0.000 0.000 0.000 0.000 0.000 0.000 
0.000 0.000 0.000 0.000 0.000 0.000 0.000 0.000 0.000 0.000 0.000 0.000 0.000 0.000 0.000 0.000 0.000 0.000 0.000 0.000 0.000 0.000 0.000 0.000 0.000 0.000 0.000 0.000 0.000 0.000 0.000 0.000 0.000 0.000 0.219 0.647 1.000 0.811 0.345 0.000 0.000 0.000 0.000 0.000 0.000 0.000 0.000 0.000 0.000 0.000 
# 0 2 15 50
0.000 0.000 0.000 0.000 0.000 0.000 0.000 0.000 0.000 0.000 0.278 0.728 1.000 0.720 0.272 0.000 0.000 0.000 0.000 0.000 0.000 0.000 0.000 0.000 0.000 0.000 0.000 0.000 0.000 0.000 0.000 0.000 0.000 0.000 0.000 0.000 0.000 0.000 0.000 0.000 0.000 0.000 0.000 0.000 0.000 0.000 0.000 0.000 0.000 0.000 
0.000 0.000 0.000 0.000 0.000 0.000 0.000 0.000 0.000 0.000 0.000 0.000 0.000 0.175 0.568 0.967 0.863 0.404 0.000 0.000 0.000 0.000 0.000 0.000 0.000 0.000 0.000 0.000 0.000 0.000 0.000 0.000 0.000 0.000 0.000 0.000 0.000 0.000 0.000 0.000 0.000 0.000 0.000 0.000 0.000 0.000 0.000 0.000 0.000 0.000 
0.000 0.000 0.000 0.000 0.000 0.000 0.000 0.000 0.000 0.000 0.000 0.000 0.000 0.000 0.000 0.000 0.102 0.412 0.870 0.963 0.559 0.170 0.000 0.000 0.000 0.000 0.000 0.000 0.000 0.000 0.000 0.000 0.000 0.000 0.000 0.000 0.000 0.000 0.000 0.000 0.000 0.000 0.000 0.000 0.000 0.000 0.000 0.000 0.000 0.000 
0.963 0.870 0.412 0.102 0.000 0.000 0.000 0.000 0.000 0.000 0.000 0.000 0.000 0.000 0.000 0.000 0.000 0.000 0.000 0.000 0.278 0.728 1.000 0.720 0.272 0.000 0.000 0.000 0.000 0.000 0.000 0.000 0.000 0.000 0.000 0.000 0.000 0.000 0.000 0.000 0.000 0.000 0.000 0.000 0.000 0.000 0.000 0.000 0.000 0.000 
0.000 0.000 0.404 0.863 0.967 0.568 0.175 0.000 0.000 0.000 0.000 0.000 0.000 0.000 0.000 0.000 0.000 0.000 0.000 0.000 0.000 0.000 0.000 0.175 0.568 0.967 0.863 0.404 0.000 0.000 0.000 0.000 0.000 0.000 0.000 0.000 0.000 0.000 0.000 0.000 0.000 0.000 0.000 0.000 0.000 0.000 0.000 0.000 0.000 0.000 
0.000 0.000 0.000 0.000 0.000 0.272 0.720 1.000 0.728 0.278 0.000 0.000 0.000 0.000 0.000 0.000 0.000 0.000 0.000 0.000 0.000 0.000 0.000 0.000 0.000 0.000 0.102 0.412 0.870 0.963 0.559 0.170 0.000 0.000 0.000 0.000 0.000 0.000 0.000 0.000 0.000 0.000 0.000 0.000 0.000 0.000 0.000 0.000 0.000 0.000 
0.000 0.000 0.000 0.000 0.000 0.000 0.000 0.000 0.170 0.559 0.963 0.870 0.412 0.102 0.000 0.000 0.000 0.000 0.000 0.000 0.000 0.000 0.000 0.000 0.000 0.000 0.000 0.000 0.000 0.000 0.278 0.728 1.000 0.720 0.272 0.000 0.000 0.000 0.000 0.000 0.000 0.000 0.000 0.000 0.000 0.000 0.000 0.000 0.000 0.000 
0.000 0.000 0.000 0.000 0.000 0.000 0.000 0.000 0.000 0.000 0.000 0.000 0.404 0.863 0.967 0.568 0.175 0.000 0.000 0.000 0.000 0.000 0.000 0.000 0.000 0.000 0.000 0.000 0.000 0.000 0.000 0.000 0.000 0.175 0.568 0.967 0.863 0.404 0.000 0.000 0.000 0.000 0.000 0.000 0.000 0.000 0.000 0.000 0.000 0.000 
0.000 0.000 0.000 0.000 0.000 0.000 0.000 0.000 0.000 0.000 0.000 0.000 0.000 0.000 0.000 0.272 0.720 1.000 0.728 0.278 0.000 0.000 0.000 0.000 0.000 0.000 0.000 0.000 0.000 0.000 0.000 0.000 0.000 0.000 0.000 0.000 0.102 0.412 0.870 0.963 0.559 0.170 0.000 0.000 0.000 0.000 0.000 0.000 0.000 0.000 
0.000 0.000 0.000 0.000 0.000 0.000 0.000 0.000 0.000 0.000 0.000 0.000 0.000 0.000 0.000 0.000 0.000 0.000 0.170 0.559 0.963 0.870 0.412 0.102 0.000 0.000 0.000 0.000 0.000 0.000 0.000 0.000 0.000 0.000 0.000 0.000 0.000 0.000 0.000 0.000 0.278 0.728 1.000 0.720 0.272 0.000 0.000 0.000 0.000 0.000 
0.000 0.000 0.000 0.000 0.000 0.000 0.000 0.000 0.000 0.000 0.000 0.000 0.000 0.000 0.000 0.000 0.000 0.000 0.000 0.000 0.000 0.000 0.404 0.863 0.967 0.568 0.175 0.000 0.000 0.000 0.000 0.000 0.000 0.000 0.000 0.000 0.000 0.000 0.000 0.000 0.000 0.000 0.000 0.175 0.568 0.967 0.863 0.404 0.000 0.000 
0.000 0.000 0.000 0.000 0.000 0.000 0.000 0.000 0.000 0.000 0.000 0.000 0.000 0.000 0.000 0.000 0.000 0.000 0.000 0.000 0.000 0.000 0.000 0.000 0.000 0.272 0.720 1.000 0.728 0.278 0.000 0.000 0.000 0.000 0.000 0.000 0.000 0.000 0.000 0.000 0.000 0.000 0.000 0.000 0.000 0.000 0.102 0.412 0.870 0.963 
0.000 0.000 0.000 0.000 0.000 0.000 0.000 0.000 0.000 0.000 0.000 0.000 0.000 0.000 0.000 0.000 0.000 0.000 0.000 0.000 0.000 0.000 0.000 0.000 0.000 0.000 0.000 0.000 0.170 0.559 0.963 0.870 0.412 0.102 0.000 0.000 0.000 0.000 0.000 0.000 0.000 0.000 0.000 0.000 0.000 0.000 0.000 0.000 0.000 0.000 
0.000 0.000 0.000 0.000 0.000 0.000 0.000 0.000 0.000 0.000 0.000 0.000 0.000 0.000 0.000 0.000 0.000 0.000 0.000 0.000 0.000 0.000 0.000 0.000 0.000 0.000 0.000 0.000 0.000 0.000 0.000 0.000 0.404 0.863 0.967 0.568 0.175 0.000 0.000 0.000 0.000 0.000 0.000 0.000 0.000 0.000 0.000 0.000 0.000 0.000 
0.000 0.000 0.000 0.000 0.000 0.000 0.000 0.000 0.000 0.000 0.000 0.000 0.000 0.000 0.000 0.000 0.000 0.000 0.000 0.000 0.000 0.000 0.000 0.000 0.000 0.000 0.000 0.000 0.000 0.000 0.000 0.000 0.000 0.000 0.000 0.272 0.720 1.000 0.728 0.278 0.000 0.000 0.000 0.000 0.000 0.000 0.000 0.000 0.000 0.000 
# 1 0 50 10
-0.977 -0.291 0.000 0.000 0.000 0.000 0.000 0.000 0.000 0.000 
-1.000 -0.429 0.000 0.000 0.000 0.000 0.000 0.000 0.000 0.000 
-0.951 -0.588 0.000 0.000 0.000 0.000 0.000 0.000 0.000 0.000 
-1.000 -0.749 -0.107 0.000 0.000 0.000 0.000 0.000 0.000 0.000 
-0.977 -0.887 -0.183 0.000 0.000 0.000 0.000 0.000 0.000 0.000 
-0.887 -0.977 -0.291 0.000 0.000 0.000 0.000 0.000 0.000 0.000 
-0.749 -1.000 -0.429 0.000 0.000 0.000 0.000 0.000 0.000 0.000 
-0.588 -0.951 -0.588 0.000 0.000 0.000 0.000 0.000 0.000 0.000 
-0.429 -1.000 -0.749 -0.107 0.000 0.000 0.000 0.000 0.000 0.000 
-0.291 -0.977 -0.887 -0.183 0.000 0.000 0.000 0.000 0.000 0.000 
-0.183 -0.887 -0.977 -0.291 0.000 0.000 0.000 0.000 0.000 0.000 
-0.107 -0.749 -1.000 -0.429 0.000 0.000 0.000 0.000 0.000 0.000 
0.000 -0.588 -0.951 -0.588 0.000 0.000 0.000 0.000 0.000 0.000 
0.000 -0.429 -1.000 -0.749 -0.107 0.000 0.000 0.000 0.000 0.000 
0.000 -0.291 -0.977 -0.887 -0.183 0.000 0.000 0.000 0.000 0.000 
0.000 -0.183 -0.887 -0.977 -0.291 0.000 0.000 0.000 0.000 0.000 
0.000 -0.107 -0.749 -1.000 -0.429 0.000 0.000 0.000 0.000 0.000 
0.000 0.000 -0.588 -0.951 -0.588 0.000 0.000 0.000 0.000 0.000 
0.000 0.000 -0.429 -1.000 -0.749 -0.107 0.000 0.000 0.000 0.000 
0.000 0.000 -0.291 -0.977 -0.887 -0.183 0.000 0.000 0.000 0.000 
0.000 0.000 -0.183 -0.887 -0.977 -0.291 0.000 0.000 0.000 0.000 
0.000 0.000 -0.107 -0.749 -1.000 -0.429 0.000 0.000 0.000 0.000 
0.000 0.000 0.000 -0.588 -0.951 -0.588 0.000 0.000 0.000 0.000 
0.000 0.000 0.000 -0.429 -1.000 -0.749 -0.107 0.000 0.000 0.000 
0.000 0.000 0.000 -0.291 -0.977 -0.887 -0.183 0.000 0.000 0.000 
0.000 0.000 0.000 -0.183 -0.887 -0.977 -0.291 0.000 0.000 0.000 
0.000 0.000 0.000 -0.107 -0.749 -1.000 -0.429 0.000 0.000 0.000 
0.000 0.000 0.000 0.000 -0.588 -0.951 -0.588 0.000 0.000 0.000 
0.000 0.000 0.000 0.000 -0.429 -1.000 -0.749 -0.107 0.000 0.000 
0.000 0.000 0.000 0.000 -0.291 -0.977 -0.887 -0.183 0.000 0.000 
0.000 0.000 0.000 0.000 -0.183 -0.887 -0.977 -0.291 0.000 0.000 
0.000 0.000 0.000 0.000 -0.107 -0.749 -1.000 -0.429 0.000 0.000 
0.000 0.000 0.000 0.000 0.000 -0.588 -0.951 -0.588 0.000 0.000 
0.000 0.000 0.000 0.000 0.000 -0.429 -1.000 -0.749 -0.107 0.000 
0.000 0.000 0.000 0.000 0.000 -0.291 -0.977 -0.887 -0.183 0.000 
0.000 0.000 0.000 0.000 0.000 -0.183 -0.887 -0.977 -0.291 0.000 
0.000 0.000 0.000 0.000 0.000 -0.107 -0.749 -1.000 -0.429 0.000 
0.000 0.000 0.000 0.000 0.000 0.000 -0.588 -0.951 -0.588 0.000 
0.000 0.000 0.000 0.000 0.000 0.000 -0.429 -1.000 -0.749 -0.107 
0.000 0.000 0.000 0.000 0.000 0.000 -0.291 -0.977 -0.887 -0.183 
0.000 0.000 0.000 0.000 0.000 0.000 -0.183 -0.887 -0.977 -0.291 
0.000 0.000 0.000 0.000 0.000 0.000 -0.107 -0.749 -1.000 -0.429 
0.000 0.000 0.000 0.000 0.000 0.000 0.000 -0.588 -0.951 -0.588 
0.000 0.000 0.000 0.000 0.000 0.000 0.000 -0.429 -1.000 -0.749 
0.000 0.000 0.000 0.000 0.000 0.000 0.000 -0.291 -0.977 -0.887 
0.000 0.000 0.000 0.000 0.000 0.000 0.000 -0.183 -0.887 -0.977 
0.000 0.000 0.000 0.000 0.000 0.000 0.000 -0.107 -0.749 -1.000 
0.000 0.000 0.000 0.000 0.000 0.000 0.000 0.000 -0.588 -0.951 
0.000 0.000 0.000 0.000 0.000 0.000 0.000 0.000 -0.429 -1.000 
0.000 0.000 0.000 0.000 0.000 0.000 0.000 0.000 -0.291 -0.977 
