69.207015
3
# 0 1 11 50
0.000 0.000 0.000 0.000 0.000 0.000 0.000 0.000 0.000 0.000 0.000 0.000 0.000 0.000 0.000 0.000 0.000 0.000 0.186 0.354 0.577 0.807 0.967 0.993 0.874 0.660 0.427 0.236 0.112 0.000 0.000 0.000 0.000 0.000 0.000 0.000 0.000 0.000 0.000 0.000 0.000 0.000 0.000 0.000 0.000 0.000 0.000 0.000 0.000 0.000 
0.000 0.000 0.000 0.000 0.000 0.000 0.000 0.000 0.000 0.000 0.000 0.000 0.000 0.000 0.000 0.000 0.000 0.000 0.000 0.000 0.000 0.000 0.123 0.254 0.451 0.685 0.893 0.998 0.956 0.784 0.552 0.333 0.172 0.000 0.000 0.000 0.000 0.000 0.000 0.000 0.000 0.000 0.000 0.000 0.000 0.000 0.000 0.000 0.000 0.000 
0.000 0.000 0.000 0.000 0.000 0.000 0.000 0.000 0.000 0.000 0.000 0.000 0.000 0.000 0.000 0.000 0.000 0.000 0.000 0.000 0.000 0.000 0.000 0.000 0.000 0.000 0.000 0.174 0.336 0.556 0.788 0.958 0.997 0.890 0.681 0.447 0.251 0.121 0.000 0.000 0.000 0.000 0.000 0.000 0.000 0.000 0.000 0.000 0.000 0.000 
0.000 0.000 0.000 0.000 0.000 0.000 0.000 0.000 0.000 0.000 0.000 0.000 0.000 0.000 0.000 0.000 0.000 0.000 0.000 0.000 0.000 0.000 0.000 0.000 0.000 0.000 0.000 0.000 0.000 0.000 0.000 0.114 0.239 0.430 0.664 0.878 0.994 0.965 0.804 0.573 0.350 0.184 0.000 0.000 0.000 0.000 0.000 0.000 0.000 0.000 
0.935 0.748 0.513 0.301 0.152 0.000 0.000 0.000 0.000 0.000 0.000 0.000 0.000 0.000 0.000 0.000 0.000 0.000 0.000 0.000 0.000 0.000 0.000 0.000 0.000 0.000 0.000 0.000 0.000 0.000 0.000 0.000 0.000 0.000 0.000 0.000 0.163 0.318 0.534 0.768 0.947 1.000 0.905 0.702 0.467 0.266 0.130 0.000 0.000 0.000 
0.369 0.595 0.822 0.974 0.989 0.861 0.642 0.411 0.225 0.106 0.000 0.000 0.000 0.000 0.000 0.000 0.000 0.000 0.000 0.000 0.000 0.000 0.000 0.000 0.000 0.000 0.000 0.000 0.000 0.000 0.000 0.000 0.000 0.000 0.000 0.000 0.000 0.000 0.000 0.000 0.106 0.225 0.411 0.642 0.861 0.989 0.974 0.822 0.595 0.369 
0.000 0.000 0.000 0.130 0.266 0.467 0.702 0.905 1.000 0.947 0.768 0.534 0.318 0.163 0.000 0.000 0.000 0.000 0.000 0.000 0.000 0.000 0.000 0.000 0.000 0.000 0.000 0.000 0.000 0.000 0.000 0.000 0.000 0.000 0.000 0.000 0.000 0.000 0.000 0.000 0.000 0.000 0.000 0.000 0.000 0.152 0.301 0.513 0.748 0.935 
0.000 0.000 0.000 0.000 0.000 0.000 0.000 0.000 0.184 0.350 0.573 0.804 0.965 0.994 0.878 0.664 0.430 0.239 0.114 0.000 0.000 0.000 0.000 0.000 0.000 0.000 0.000 0.000 0.000 0.000 0.000 0.000 0.000 0.000 0.000 0.000 0.000 0.000 0.000 0.000 0.000 0.000 0.000 0.000 0.000 0.000 0.000 0.000 0.000 0.000 
0.000 0.000 0.000 0.000 0.000 0.000 0.000 0.000 0.000 0.000 0.000 0.000 0.121 0.251 0.447 0.681 0.890 0.997 0.958 0.788 0.556 0.336 0.174 0.000 0.000 0.000 0.000 0.000 0.000 0.000 0.000 0.000 0.000 0.000 0.000 0.000 0.000 0.000 0.000 0.000 0.000 0.000 0.000 0.000 0.000 0.000 0.000 0.000 0.000 0.000 
0.000 0.000 0.000 0.000 0.000 0.000 0.000 0.000 0.000 0.000 0.000 0.000 0.000 0.000 0.000 0.000 0.000 0.172 0.333 0.552 0.784 0.956 0.998 0.893 0.685 0.451 0.254 0.123 0.000 0.000 0.000 0.000 0.000 0.000 0.000 0.000 0.000 0.000 0.000 0.000 0.000 0.000 0.000 0.000 0.000 0.000 0.000 0.000 0.000 0.000 
0.000 0.000 0.000 0.000 0.000 0.000 0.000 0.000 0.000 0.000 0.000 0.000 0.000 0.000 0.000 0.000 0.000 0.000 0.000 0.000 0.000 0.112 0.236 0.427 0.660 0.874 0.993 0.967 0.807 0.577 0.354 0.186 0.000 0.000 0.000 0.000 0.000 0.000 0.000 0.000 0.000 0.000 0.000 0.000 0.000 0.000 0.000 0.000 0.000 0.000 
# 0 2 15 50
0.000 0.000 0.000 0.000 0.000 0.000 0.000 0.000 0.000 0.000 0.000 0.000 0.000 0.000 0.000 0.000 0.000 0.138 0.279 0.484 0.719 0.916 1.000 0.935 0.750 0.515 0.303 0.153 0.000 0.000 0.000 0.000 0.000 0.000 0.000 0.000 0.000 0.000 0.000 0.000 0.000 0.000 0.000 0.000 0.000 0.000 0.000 0.000 0.000 0.000 
0.000 0.000 0.000 0.000 0.000 0.000 0.000 0.000 0.000 0.000 0.000 0.000 0.000 0.000 0.000 0.000 0.000 0.000 0.000 0.000 0.106 0.225 0.410 0.641 0.860 0.988 0.973 0.821 0.594 0.368 0.196 0.000 0.000 0.000 0.000 0.000 0.000 0.000 0.000 0.000 0.000 0.000 0.000 0.000 0.000 0.000 0.000 0.000 0.000 0.000 
0.000 0.000 0.000 0.000 0.000 0.000 0.000 0.000 0.000 0.000 0.000 0.000 0.000 0.000 0.000 0.000 0.000 0.000 0.000 0.000 0.000 0.000 0.000 0.000 0.178 0.341 0.562 0.793 0.960 0.995 0.884 0.673 0.439 0.246 0.118 0.000 0.000 0.000 0.000 0.000 0.000 0.000 0.000 0.000 0.000 0.000 0.000 0.000 0.000 0.000 
0.000 0.000 0.000 0.000 0.000 0.000 0.000 0.000 0.000 0.000 0.000 0.000 0.000 0.000 0.000 0.000 0.000 0.000 0.000 0.000 0.000 0.000 0.000 0.000 0.000 0.000 0.000 0.138 0.279 0.484 0.719 0.916 1.000 0.935 0.750 0.515 0.303 0.153 0.000 0.000 0.000 0.000 0.000 0.000 0.000 0.000 0.000 0.000 0.000 0.000 
0.000 0.000 0.000 0.000 0.000 0.000 0.000 0.000 0.000 0.000 0.000 0.000 0.000 0.000 0.000 0.000 0.000 0.000 0.000 0.000 0.000 0.000 0.000 0.000 0.000 0.000 0.000 0.000 0.000 0.000 0.106 0.225 0.410 0.641 0.860 0.988 0.973 0.821 0.594 0.368 0.196 0.000 0.000 0.000 0.000 0.000 0.000 0.000 0.000 0.000 
0.484 0.279 0.138 0.000 0.000 0.000 0.000 0.000 0.000 0.000 0.000 0.000 0.000 0.000 0.000 0.000 0.000 0.000 0.000 0.000 0.000 0.000 0.000 0.000 0.000 0.000 0.000 0.000 0.000 0.000 0.000 0.000 0.000 0.000 0.178 0.341 0.562 0.793 0.960 0.995 0.884 0.673 0.439 0.246 0.118 0.000 0.000 0.000 0.000 0.000 
0.995 0.960 0.793 0.562 0.341 0.178 0.000 0.000 0.000 0.000 0.000 0.000 0.000 0.000 0.000 0.000 0.000 0.000 0.000 0.000 0.000 0.000 0.000 0.000 0.000 0.000 0.000 0.000 0.000 0.000 0.000 0.000 0.000 0.000 0.000 0.000 0.000 0.138 0.279 0.484 0.719 0.916 1.000 0.935 0.750 0.515 0.303 0.153 0.000 0.000 
0.368 0.594 0.821 0.973 0.988 0.860 0.641 0.410 0.225 0.106 0.000 0.000 0.000 0.000 0.000 0.000 0.000 0.000 0.000 0.000 0.000 0.000 0.000 0.000 0.000 0.000 0.000 0.000 0.000 0.000 0.000 0.000 0.000 0.000 0.000 0.000 0.000 0.000 0.000 0.000 0.106 0.225 0.410 0.641 0.860 0.988 0.973 0.821 0.594 0.368 
0.000 0.000 0.153 0.303 0.515 0.750 0.935 1.000 0.916 0.719 0.484 0.279 0.138 0.000 0.000 0.000 0.000 0.000 0.000 0.000 0.000 0.000 0.000 0.000 0.000 0.000 0.000 0.000 0.000 0.000 0.000 0.000 0.000 0.000 0.000 0.000 0.000 0.000 0.000 0.000 0.000 0.000 0.000 0.000 0.178 0.341 0.562 0.793 0.960 0.995 
0.000 0.000 0.000 0.000 0.000 0.118 0.246 0.439 0.673 0.884 0.995 0.960 0.793 0.562 0.341 0.178 0.000 0.000 0.000 0.000 0.000 0.000 0.000 0.000 0.000 0.000 0.000 0.000 0.000 0.000 0.000 0.000 0.000 0.000 0.000 0.000 0.000 0.000 0.000 0.000 0.000 0.000 0.000 0.000 0.000 0.000 0.000 0.138 0.279 0.484 
0.000 0.000 0.000 0.000 0.000 0.000 0.000 0.000 0.000 0.196 0.368 0.594 0.821 0.973 0.988 0.860 0.641 0.410 0.225 0.106 0.000 0.000 0.000 0.000 0.000 0.000 0.000 0.000 0.000 0.000 0.000 0.000 0.000 0.000 0.000 0.000 0.000 0.000 0.000 0.000 0.000 0.000 0.000 0.000 0.000 0.000 0.000 0.000 0.000 0.000 
0.000 0.000 0.000 0.000 0.000 0.000 0.000 0.000 0.000 0.000 0.000 0.000 0.153 0.303 0.515 0.750 0.935 1.000 0.916 0.719 0.484 0.279 0.138 0.000 0.000 0.000 0.000 0.000 0.000 0.000 0.000 0.000 0.000 0.000 0.000 0.000 0.000 0.000 0.000 0.000 0.000 0.000 0.000 0.000 0.000 0.000 0.000 0.000 0.000 0.000 
0.000 0.000 0.000 0.000 0.000 0.000 0.000 0.000 0.000 0.000 0.000 0.000 0.000 0.000 0.000 0.118 0.246 0.439 0.673 0.884 0.995 0.960 0.793 0.562 0.341 0.178 0.000 0.000 0.000 0.000 0.000 0.000 0.000 0.000 0.000 0.000 0.000 0.000 0.000 0.000 0.000 0.000 0.000 0.000 0.000 0.000 0.000 0.000 0.000 0.000 
0.000 0.000 0.000 0.000 0.000 0.000 0.000 0.000 0.000 0.000 0.000 0.000 0.000 0.000 0.000 0.000 0.000 0.000 0.000 0.196 0.368 0.594 0.821 0.973 0.988 0.860 0.641 0.410 0.225 0.106 0.000 0.000 0.000 0.000 0.000 0.000 0.000 0.000 0.000 0.000 0.000 0.000 0.000 0.000 0.000 0.000 0.000 0.000 0.000 0.000 
0.000 0.000 0.000 0.000 0.000 0.000 0.000 0.000 0.000 0.000 0.000 0.000 0.000 0.000 0.000 0.000 0.000 0.000 0.000 0.000 0.000 0.000 0.153 0.303 0.515 0.750 0.935 1.000 0.916 0.719 0.484 0.279 0.138 0.000 0.000 0.000 0.000 0.000 0.000 0.000 0.000 0.000 0.000 0.000 0.000 0.000 0.000 0.000 0.000 0.000 
# 1 0 50 11
-1.000 -0.519 0.000 0.000 0.000 0.000 0.000 0.000 0.000 0.000 0.000 
-0.975 -0.668 -0.130 0.000 0.000 0.000 0.000 0.000 0.000 0.000 0.000 
-0.937 -0.809 -0.207 0.000 0.000 0.000 0.000 0.000 0.000 0.000 0.000 
-0.994 -0.922 -0.312 0.000 0.000 0.000 0.000 0.000 0.000 0.000 0.000 
-0.991 -0.988 -0.441 0.000 0.000 0.000 0.000 0.000 0.000 0.000 0.000 
-0.930 -0.996 -0.587 0.000 0.000 0.000 0.000 0.000 0.000 0.000 0.000 
-0.821 -0.944 -0.735 -0.162 0.000 0.000 0.000 0.000 0.000 0.000 0.000 
-0.682 -0.969 -0.865 -0.251 0.000 0.000 0.000 0.000 0.000 0.000 0.000 
-0.533 -1.000 -0.959 -0.368 0.000 0.000 0.000 0.000 0.000 0.000 0.000 
-0.391 -0.970 -0.999 -0.506 0.000 0.000 0.000 0.000 0.000 0.000 0.000 
-0.271 -0.886 -0.979 -0.655 -0.124 0.000 0.000 0.000 0.000 0.000 0.000 
-0.176 -0.760 -0.929 -0.798 -0.199 0.000 0.000 0.000 0.000 0.000 0.000 
-0.108 -0.614 -0.991 -0.913 -0.301 0.000 0.000 0.000 0.000 0.000 0.000 
0.000 -0.467 -0.994 -0.984 -0.428 0.000 0.000 0.000 0.000 0.000 0.000 
0.000 -0.333 -0.938 -0.998 -0.573 0.000 0.000 0.000 0.000 0.000 0.000 
0.000 -0.224 -0.833 -0.951 -0.722 -0.155 0.000 0.000 0.000 0.000 0.000 
0.000 -0.142 -0.695 -0.964 -0.855 -0.242 0.000 0.000 0.000 0.000 0.000 
0.000 0.000 -0.546 -1.000 -0.952 -0.356 0.000 0.000 0.000 0.000 0.000 
0.000 0.000 -0.404 -0.975 -0.998 -0.493 0.000 0.000 0.000 0.000 0.000 
0.000 0.000 -0.281 -0.895 -0.984 -0.641 -0.118 0.000 0.000 0.000 0.000 
0.000 0.000 -0.183 -0.773 -0.921 -0.785 -0.191 0.000 0.000 0.000 0.000 
0.000 0.000 -0.113 -0.628 -0.987 -0.905 -0.291 0.000 0.000 0.000 0.000 
0.000 0.000 0.000 -0.480 -0.996 -0.980 -0.416 0.000 0.000 0.000 0.000 
0.000 0.000 0.000 -0.345 -0.945 -0.999 -0.560 0.000 0.000 0.000 0.000 
0.000 0.000 0.000 -0.233 -0.844 -0.958 -0.709 -0.148 0.000 0.000 0.000 
0.000 0.000 0.000 -0.148 -0.709 -0.958 -0.844 -0.233 0.000 0.000 0.000 
0.000 0.000 0.000 0.000 -0.560 -0.999 -0.945 -0.345 0.000 0.000 0.000 
0.000 0.000 0.000 0.000 -0.416 -0.980 -0.996 -0.480 0.000 0.000 0.000 
0.000 0.000 0.000 0.000 -0.291 -0.905 -0.987 -0.628 -0.113 0.000 0.000 
0.000 0.000 0.000 0.000 -0.191 -0.785 -0.921 -0.773 -0.183 0.000 0.000 
0.000 0.000 0.000 0.000 -0.118 -0.641 -0.984 -0.895 -0.281 0.000 0.000 
0.000 0.000 0.000 0.000 0.000 -0.493 -0.998 -0.975 -0.404 0.000 0.000 
0.000 0.000 0.000 0.000 0.000 -0.356 -0.952 -1.000 -0.546 0.000 0.000 
0.000 0.000 0.000 0.000 0.000 -0.242 -0.855 -0.964 -0.695 -0.142 0.000 
0.000 0.000 0.000 0.000 0.000 -0.155 -0.722 -0.951 -0.833 -0.224 0.000 
0.000 0.000 0.000 0.000 0.000 0.000 -0.573 -0.998 -0.938 -0.333 0.000 
0.000 0.000 0.000 0.000 0.000 0.000 -0.428 -0.984 -0.994 -0.467 0.000 
0.000 0.000 0.000 0.000 0.000 0.000 -0.301 -0.913 -0.991 -0.614 -0.108 
0.000 0.000 0.000 0.000 0.000 0.000 -0.199 -0.798 -0.929 -0.760 -0.176 
0.000 0.000 0.000 0.000 0.000 0.000 -0.124 -0.655 -0.979 -0.886 -0.271 
0.000 0.000 0.000 0.000 0.000 0.000 0.000 -0.506 -0.999 -0.970 -0.391 
0.000 0.000 0.000 0.000 0.000 0.000 0.000 -0.368 -0.959 -1.000 -0.533 
0.000 0.000 0.000 0.000 0.000 0.000 0.000 -0.251 -0.865 -0.969 -0.682 
0.000 0.000 0.000 0.000 0.000 0.000 0.000 -0.162 -0.735 -0.944 -0.821 
0.000 0.000 0.000 0.000 0.000 0.000 0.000 0.000 -0.587 -0.996 -0.930 
0.000 0.000 0.000 0.000 0.000 0.000 0.000 0.000 -0.441 -0.988 -0.991 
0.000 0.000 0.000 0.000 0.000 0.000 0.000 0.000 -0.312 -0.922 -0.994 
0.000 0.000 0.000 0.000 0.000 0.000 0.000 0.000 -0.207 -0.809 -0.937 
0.000 0.000 0.000 0.000 0.000 0.000 0.000 0.000 -0.130 -0.668 -0.975 
0.000 0.000 0.000 0.000 0.000 0.000 0.000 0.000 0.000 -0.519 -1.000 
