69.224738
3
# 0 1 12 50
0.000 0.000 0.000 0.000 0.000 0.000 0.000 0.000 0.000 0.000 0.351 0.778 1.000 0.745 0.321 0.000 0.000 0.000 0.000 0.000 0.000 0.000 0.000 0.000 0.000 0.000 0.000 0.000 0.000 0.000 0.000 0.000 0.000 0.000 0.000 0.000 0.000 0.000 0.000 0.000 0.000 0.000 0.000 0.000 0.000 0.000 0.000 0.000 0.000 0.000 
0.000 0.000 0.000 0.000 0.000 0.000 0.000 0.000 0.000 0.000 0.000 0.000 0.000 0.000 0.291 0.707 0.996 0.812 0.384 0.105 0.000 0.000 0.000 0.000 0.000 0.000 0.000 0.000 0.000 0.000 0.000 0.000 0.000 0.000 0.000 0.000 0.000 0.000 0.000 0.000 0.000 0.000 0.000 0.000 0.000 0.000 0.000 0.000 0.000 0.000 
0.944 0.559 0.192 0.000 0.000 0.000 0.000 0.000 0.000 0.000 0.000 0.000 0.000 0.000 0.000 0.000 0.000 0.000 0.238 0.634 0.977 0.873 0.452 0.135 0.000 0.000 0.000 0.000 0.000 0.000 0.000 0.000 0.000 0.000 0.000 0.000 0.000 0.000 0.000 0.000 0.000 0.000 0.000 0.000 0.000 0.000 0.000 0.000 0.000 0.000 
0.000 0.135 0.452 0.873 0.977 0.634 0.238 0.000 0.000 0.000 0.000 0.000 0.000 0.000 0.000 0.000 0.000 0.000 0.000 0.000 0.000 0.000 0.192 0.559 0.944 0.924 0.524 0.172 0.000 0.000 0.000 0.000 0.000 0.000 0.000 0.000 0.000 0.000 0.000 0.000 0.000 0.000 0.000 0.000 0.000 0.000 0.000 0.000 0.000 0.000 
0.000 0.000 0.000 0.000 0.000 0.105 0.384 0.812 0.996 0.707 0.291 0.000 0.000 0.000 0.000 0.000 0.000 0.000 0.000 0.000 0.000 0.000 0.000 0.000 0.000 0.000 0.152 0.486 0.899 0.963 0.598 0.215 0.000 0.000 0.000 0.000 0.000 0.000 0.000 0.000 0.000 0.000 0.000 0.000 0.000 0.000 0.000 0.000 0.000 0.000 
0.000 0.000 0.000 0.000 0.000 0.000 0.000 0.000 0.000 0.000 0.321 0.745 1.000 0.778 0.351 0.000 0.000 0.000 0.000 0.000 0.000 0.000 0.000 0.000 0.000 0.000 0.000 0.000 0.000 0.000 0.119 0.416 0.842 0.989 0.672 0.265 0.000 0.000 0.000 0.000 0.000 0.000 0.000 0.000 0.000 0.000 0.000 0.000 0.000 0.000 
0.000 0.000 0.000 0.000 0.000 0.000 0.000 0.000 0.000 0.000 0.000 0.000 0.000 0.000 0.265 0.672 0.989 0.842 0.416 0.119 0.000 0.000 0.000 0.000 0.000 0.000 0.000 0.000 0.000 0.000 0.000 0.000 0.000 0.000 0.000 0.351 0.778 1.000 0.745 0.321 0.000 0.000 0.000 0.000 0.000 0.000 0.000 0.000 0.000 0.000 
0.000 0.000 0.000 0.000 0.000 0.000 0.000 0.000 0.000 0.000 0.000 0.000 0.000 0.000 0.000 0.000 0.000 0.000 0.215 0.598 0.963 0.899 0.486 0.152 0.000 0.000 0.000 0.000 0.000 0.000 0.000 0.000 0.000 0.000 0.000 0.000 0.000 0.000 0.000 0.291 0.707 0.996 0.812 0.384 0.105 0.000 0.000 0.000 0.000 0.000 
0.000 0.000 0.000 0.000 0.000 0.000 0.000 0.000 0.000 0.000 0.000 0.000 0.000 0.000 0.000 0.000 0.000 0.000 0.000 0.000 0.000 0.000 0.172 0.524 0.924 0.944 0.559 0.192 0.000 0.000 0.000 0.000 0.000 0.000 0.000 0.000 0.000 0.000 0.000 0.000 0.000 0.000 0.000 0.238 0.634 0.977 0.873 0.452 0.135 0.000 
0.000 0.000 0.000 0.000 0.000 0.000 0.000 0.000 0.000 0.000 0.000 0.000 0.000 0.000 0.000 0.000 0.000 0.000 0.000 0.000 0.000 0.000 0.000 0.000 0.000 0.000 0.135 0.452 0.873 0.977 0.634 0.238 0.000 0.000 0.000 0.000 0.000 0.000 0.000 0.000 0.000 0.000 0.000 0.000 0.000 0.000 0.000 0.192 0.559 0.944 
0.000 0.000 0.000 0.000 0.000 0.000 0.000 0.000 0.000 0.000 0.000 0.000 0.000 0.000 0.000 0.000 0.000 0.000 0.000 0.000 0.000 0.000 0.000 0.000 0.000 0.000 0.000 0.000 0.000 0.000 0.105 0.384 0.812 0.996 0.707 0.291 0.000 0.000 0.000 0.000 0.000 0.000 0.000 0.000 0.000 0.000 0.000 0.000 0.000 0.000 
0.000 0.000 0.000 0.000 0.000 0.000 0.000 0.000 0.000 0.000 0.000 0.000 0.000 0.000 0.000 0.000 0.000 0.000 0.000 0.000 0.000 0.000 0.000 0.000 0.000 0.000 0.000 0.000 0.000 0.000 0.000 0.000 0.000 0.000 0.000 0.321 0.745 1.000 0.778 0.351 0.000 0.000 0.000 0.000 0.000 0.000 0.000 0.000 0.000 0.000 
# 0 2 15 50
0.000 0.000 0.000 0.000 0.000 0.000 0.000 0.000 0.000 0.172 0.524 0.926 0.949 0.563 0.193 0.000 0.000 0.000 0.000 0.000 0.000 0.000 0.000 0.000 0.000 0.000 0.000 0.000 0.000 0.000 0.000 0.000 0.000 0.000 0.000 0.000 0.000 0.000 0.000 0.000 0.000 0.000 0.000 0.000 0.000 0.000 0.000 0.000 0.000 0.000 
0.000 0.000 0.000 0.000 0.000 0.000 0.000 0.000 0.000 0.000 0.000 0.000 0.105 0.384 0.814 1.000 0.712 0.293 0.000 0.000 0.000 0.000 0.000 0.000 0.000 0.000 0.000 0.000 0.000 0.000 0.000 0.000 0.000 0.000 0.000 0.000 0.000 0.000 0.000 0.000 0.000 0.000 0.000 0.000 0.000 0.000 0.000 0.000 0.000 0.000 
0.172 0.000 0.000 0.000 0.000 0.000 0.000 0.000 0.000 0.000 0.000 0.000 0.000 0.000 0.000 0.000 0.265 0.673 0.992 0.847 0.419 0.120 0.000 0.000 0.000 0.000 0.000 0.000 0.000 0.000 0.000 0.000 0.000 0.000 0.000 0.000 0.000 0.000 0.000 0.000 0.000 0.000 0.000 0.000 0.000 0.000 0.000 0.000 0.000 0.000 
0.847 0.992 0.673 0.265 0.000 0.000 0.000 0.000 0.000 0.000 0.000 0.000 0.000 0.000 0.000 0.000 0.000 0.000 0.000 0.172 0.524 0.926 0.949 0.563 0.193 0.000 0.000 0.000 0.000 0.000 0.000 0.000 0.000 0.000 0.000 0.000 0.000 0.000 0.000 0.000 0.000 0.000 0.000 0.000 0.000 0.000 0.000 0.000 0.000 0.000 
0.000 0.000 0.293 0.712 1.000 0.814 0.384 0.105 0.000 0.000 0.000 0.000 0.000 0.000 0.000 0.000 0.000 0.000 0.000 0.000 0.000 0.000 0.105 0.384 0.814 1.000 0.712 0.293 0.000 0.000 0.000 0.000 0.000 0.000 0.000 0.000 0.000 0.000 0.000 0.000 0.000 0.000 0.000 0.000 0.000 0.000 0.000 0.000 0.000 0.000 
0.000 0.000 0.000 0.000 0.000 0.193 0.563 0.949 0.926 0.524 0.172 0.000 0.000 0.000 0.000 0.000 0.000 0.000 0.000 0.000 0.000 0.000 0.000 0.000 0.000 0.000 0.265 0.673 0.992 0.847 0.419 0.120 0.000 0.000 0.000 0.000 0.000 0.000 0.000 0.000 0.000 0.000 0.000 0.000 0.000 0.000 0.000 0.000 0.000 0.000 
0.000 0.000 0.000 0.000 0.000 0.000 0.000 0.000 0.120 0.419 0.847 0.992 0.673 0.265 0.000 0.000 0.000 0.000 0.000 0.000 0.000 0.000 0.000 0.000 0.000 0.000 0.000 0.000 0.000 0.172 0.524 0.926 0.949 0.563 0.193 0.000 0.000 0.000 0.000 0.000 0.000 0.000 0.000 0.000 0.000 0.000 0.000 0.000 0.000 0.000 
0.000 0.000 0.000 0.000 0.000 0.000 0.000 0.000 0.000 0.000 0.000 0.000 0.293 0.712 1.000 0.814 0.384 0.105 0.000 0.000 0.000 0.000 0.000 0.000 0.000 0.000 0.000 0.000 0.000 0.000 0.000 0.000 0.105 0.384 0.814 1.000 0.712 0.293 0.000 0.000 0.000 0.000 0.000 0.000 0.000 0.000 0.000 0.000 0.000 0.000 
0.000 0.000 0.000 0.000 0.000 0.000 0.000 0.000 0.000 0.000 0.000 0.000 0.000 0.000 0.000 0.193 0.563 0.949 0.926 0.524 0.172 0.000 0.000 0.000 0.000 0.000 0.000 0.000 0.000 0.000 0.000 0.000 0.000 0.000 0.000 0.000 0.265 0.673 0.992 0.847 0.419 0.120 0.000 0.000 0.000 0.000 0.000 0.000 0.000 0.000 
0.000 0.000 0.000 0.000 0.000 0.000 0.000 0.000 0.000 0.000 0.000 0.000 0.000 0.000 0.000 0.000 0.000 0.000 0.120 0.419 0.847 0.992 0.673 0.265 0.000 0.000 0.000 0.000 0.000 0.000 0.000 0.000 0.000 0.000 0.000 0.000 0.000 0.000 0.000 0.172 0.524 0.926 0.949 0.563 0.193 0.000 0.000 0.000 0.000 0.000 
0.000 0.000 0.000 0.000 0.000 0.000 0.000 0.000 0.000 0.000 0.000 0.000 0.000 0.000 0.000 0.000 0.000 0.000 0.000 0.000 0.000 0.000 0.293 0.712 1.000 0.814 0.384 0.105 0.000 0.000 0.000 0.000 0.000 0.000 0.000 0.000 0.000 0.000 0.000 0.000 0.000 0.000 0.105 0.384 0.814 1.000 0.712 0.293 0.000 0.000 
0.000 0.000 0.000 0.000 0.000 0.000 0.000 0.000 0.000 0.000 0.000 0.000 0.000 0.000 0.000 0.000 0.000 0.000 0.000 0.000 0.000 0.000 0.000 0.000 0.000 0.193 0.563 0.949 0.926 0.524 0.172 0.000 0.000 0.000 0.000 0.000 0.000 0.000 0.000 0.000 0.000 0.000 0.000 0.000 0.000 0.000 0.265 0.673 0.992 0.847 
0.000 0.000 0.000 0.000 0.000 0.000 0.000 0.000 0.000 0.000 0.000 0.000 0.000 0.000 0.000 0.000 0.000 0.000 0.000 0.000 0.000 0.000 0.000 0.000 0.000 0.000 0.000 0.000 0.120 0.419 0.847 0.992 0.673 0.265 0.000 0.000 0.000 0.000 0.000 0.000 0.000 0.000 0.000 0.000 0.000 0.000 0.000 0.000 0.000 0.172 
0.000 0.000 0.000 0.000 0.000 0.000 0.000 0.000 0.000 0.000 0.000 0.000 0.000 0.000 0.000 0.000 0.000 0.000 0.000 0.000 0.000 0.000 0.000 0.000 0.000 0.000 0.000 0.000 0.000 0.000 0.000 0.000 0.293 0.712 1.000 0.814 0.384 0.105 0.000 0.000 0.000 0.000 0.000 0.000 0.000 0.000 0.000 0.000 0.000 0.000 
0.000 0.000 0.000 0.000 0.000 0.000 0.000 0.000 0.000 0.000 0.000 0.000 0.000 0.000 0.000 0.000 0.000 0.000 0.000 0.000 0.000 0.000 0.000 0.000 0.000 0.000 0.000 0.000 0.000 0.000 0.000 0.000 0.000 0.000 0.000 0.193 0.563 0.949 0.926 0.524 0.172 0.000 0.000 0.000 0.000 0.000 0.000 0.000 0.000 0.000 
# 1 0 50 12
0.000 0.000 0.000 -0.126 -0.654 -0.982 -0.426 0.000 0.000 0.000 0.000 0.000 
0.000 0.000 0.000 0.000 -0.494 -0.997 -0.583 0.000 0.000 0.000 0.000 0.000 
0.000 0.000 0.000 0.000 -0.347 -0.943 -0.743 -0.169 0.000 0.000 0.000 0.000 
0.000 0.000 0.000 0.000 -0.227 -0.831 -0.881 -0.270 0.000 0.000 0.000 0.000 
0.000 0.000 0.000 0.000 -0.138 -0.681 -0.972 -0.402 0.000 0.000 0.000 0.000 
0.000 0.000 0.000 0.000 0.000 -0.520 -1.000 -0.556 0.000 0.000 0.000 0.000 
0.000 0.000 0.000 0.000 0.000 -0.370 -0.957 -0.717 -0.156 0.000 0.000 0.000 
0.000 0.000 0.000 0.000 0.000 -0.245 -0.853 -0.860 -0.251 0.000 0.000 0.000 
0.000 0.000 0.000 0.000 0.000 -0.151 -0.708 -0.961 -0.378 0.000 0.000 0.000 
0.000 0.000 0.000 0.000 0.000 0.000 -0.547 -1.000 -0.530 0.000 0.000 0.000 
0.000 0.000 0.000 0.000 0.000 0.000 -0.393 -0.969 -0.691 -0.143 0.000 0.000 
0.000 0.000 0.000 0.000 0.000 0.000 -0.263 -0.874 -0.839 -0.233 0.000 0.000 
0.000 0.000 0.000 0.000 0.000 0.000 -0.164 -0.733 -0.948 -0.355 0.000 0.000 
0.000 0.000 0.000 0.000 0.000 0.000 0.000 -0.573 -0.998 -0.503 0.000 0.000 
0.000 0.000 0.000 0.000 0.000 0.000 0.000 -0.417 -0.979 -0.664 -0.130 0.000 
0.000 0.000 0.000 0.000 0.000 0.000 0.000 -0.283 -0.893 -0.816 -0.216 0.000 
-0.151 0.000 0.000 0.000 0.000 0.000 0.000 -0.179 -0.759 -0.934 -0.333 0.000 
-0.245 0.000 0.000 0.000 0.000 0.000 0.000 -0.105 -0.600 -0.995 -0.477 0.000 
-0.370 0.000 0.000 0.000 0.000 0.000 0.000 0.000 -0.442 -0.987 -0.637 -0.119 
-0.520 0.000 0.000 0.000 0.000 0.000 0.000 0.000 -0.303 -0.911 -0.792 -0.199 
-0.681 -0.138 0.000 0.000 0.000 0.000 0.000 0.000 -0.194 -0.784 -0.918 -0.311 
-0.831 -0.227 0.000 0.000 0.000 0.000 0.000 0.000 -0.115 -0.627 -0.989 -0.451 
-0.943 -0.347 0.000 0.000 0.000 0.000 0.000 0.000 0.000 -0.468 -0.993 -0.610 
-0.997 -0.494 0.000 0.000 0.000 0.000 0.000 0.000 0.000 -0.325 -0.928 -0.768 
-0.982 -0.654 -0.126 0.000 0.000 0.000 0.000 0.000 0.000 -0.210 -0.808 -0.900 
-0.900 -0.808 -0.210 0.000 0.000 0.000 0.000 0.000 0.000 -0.126 -0.654 -0.982 
-0.768 -0.928 -0.325 0.000 0.000 0.000 0.000 0.000 0.000 0.000 -0.494 -0.997 
-0.610 -0.993 -0.468 0.000 0.000 0.000 0.000 0.000 0.000 0.000 -0.347 -0.943 
-0.451 -0.989 -0.627 -0.115 0.000 0.000 0.000 0.000 0.000 0.000 -0.227 -0.831 
-0.311 -0.918 -0.784 -0.194 0.000 0.000 0.000 0.000 0.000 0.000 -0.138 -0.681 
-0.199 -0.792 -0.911 -0.303 0.000 0.000 0.000 0.000 0.000 0.000 0.000 -0.520 
-0.119 -0.637 -0.987 -0.442 0.000 0.000 0.000 0.000 0.000 0.000 0.000 -0.370 
0.000 -0.477 -0.995 -0.600 -0.105 0.000 0.000 0.000 0.000 0.000 0.000 -0.245 
0.000 -0.333 -0.934 -0.759 -0.179 0.000 0.000 0.000 0.000 0.000 0.000 -0.151 
0.000 -0.216 -0.816 -0.893 -0.283 0.000 0.000 0.000 0.000 0.000 0.000 0.000 
0.000 -0.130 -0.664 -0.979 -0.417 0.000 0.000 0.000 0.000 0.000 0.000 0.000 
0.000 0.000 -0.503 -0.998 -0.573 0.000 0.000 0.000 0.000 0.000 0.000 0.000 
0.000 0.000 -0.355 -0.948 -0.733 -0.164 0.000 0.000 0.000 0.000 0.000 0.000 
0.000 0.000 -0.233 -0.839 -0.874 -0.263 0.000 0.000 0.000 0.000 0.000 0.000 
0.000 0.000 -0.143 -0.691 -0.969 -0.393 0.000 0.000 0.000 0.000 0.000 0.000 
0.000 0.000 0.000 -0.530 -1.000 -0.547 0.000 0.000 0.000 0.000 0.000 0.000 
0.000 0.000 0.000 -0.378 -0.961 -0.708 -0.151 0.000 0.000 0.000 0.000 0.000 
0.000 0.000 0.000 -0.251 -0.860 -0.853 -0.245 0.000 0.000 0.000 0.000 0.000 
0.000 0.000 0.000 -0.156 -0.717 -0.957 -0.370 0.000 0.000 0.000 0.000 0.000 
0.000 0.000 0.000 0.000 -0.556 -1.000 -0.520 0.000 0.000 0.000 0.000 0.000 
0.000 0.000 0.000 0.000 -0.402 -0.972 -0.681 -0.138 0.000 0.000 0.000 0.000 
0.000 0.000 0.000 0.000 -0.270 -0.881 -0.831 -0.227 0.000 0.000 0.000 0.000 
0.000 0.000 0.000 0.000 -0.169 -0.743 -0.943 -0.347 0.000 0.000 0.000 0.000 
0.000 0.000 0.000 0.000 0.000 -0.583 -0.997 -0.494 0.000 0.000 0.000 0.000 
0.000 0.000 0.000 0.000 0.000 -0.426 -0.982 -0.654 -0.126 0.000 0.000 0.000 
