69.496911
3
# 0 1 14 50
0.849 0.988 0.989 0.675 0.268 0.000 0.000 0.000 0.000 0.000 0.000 0.000 0.000 0.000 0.000 0.000 0.000 0.000 0.000 0.000 0.000 0.000 0.000 0.000 0.000 0.000 0.000 0.000 0.000 0.000 0.000 0.000 0.000 0.000 0.000 0.000 0.000 0.000 0.000 0.000 0.000 0.000 0.000 0.000 0.000 0.000 0.000 0.000 0.000 0.000 
0.000 0.000 0.225 0.611 0.968 0.966 0.897 0.485 0.153 0.000 0.000 0.000 0.000 0.000 0.000 0.000 0.000 0.000 0.000 0.000 0.000 0.000 0.000 0.000 0.000 0.000 0.000 0.000 0.000 0.000 0.000 0.000 0.000 0.000 0.000 0.000 0.000 0.000 0.000 0.000 0.000 0.000 0.000 0.000 0.000 0.000 0.000 0.000 0.000 0.000 
0.000 0.000 0.000 0.000 0.000 0.000 0.369 0.795 1.000 1.000 0.737 0.316 0.000 0.000 0.000 0.000 0.000 0.000 0.000 0.000 0.000 0.000 0.000 0.000 0.000 0.000 0.000 0.000 0.000 0.000 0.000 0.000 0.000 0.000 0.000 0.000 0.000 0.000 0.000 0.000 0.000 0.000 0.000 0.000 0.000 0.000 0.000 0.000 0.000 0.000 
0.000 0.000 0.000 0.000 0.000 0.000 0.000 0.000 0.000 0.186 0.548 0.937 0.934 0.937 0.548 0.186 0.000 0.000 0.000 0.000 0.000 0.000 0.000 0.000 0.000 0.000 0.000 0.000 0.000 0.000 0.000 0.000 0.000 0.000 0.000 0.000 0.000 0.000 0.000 0.000 0.000 0.000 0.000 0.000 0.000 0.000 0.000 0.000 0.000 0.000 
0.000 0.000 0.000 0.000 0.000 0.000 0.000 0.000 0.000 0.000 0.000 0.000 0.000 0.316 0.737 1.000 1.000 0.795 0.369 0.000 0.000 0.000 0.000 0.000 0.000 0.000 0.000 0.000 0.000 0.000 0.000 0.000 0.000 0.000 0.000 0.000 0.000 0.000 0.000 0.000 0.000 0.000 0.000 0.000 0.000 0.000 0.000 0.000 0.000 0.000 
0.000 0.000 0.000 0.000 0.000 0.000 0.000 0.000 0.000 0.000 0.000 0.000 0.000 0.000 0.000 0.000 0.153 0.485 0.897 0.966 0.968 0.611 0.225 0.000 0.000 0.000 0.000 0.000 0.000 0.000 0.000 0.000 0.000 0.000 0.000 0.000 0.000 0.000 0.000 0.000 0.000 0.000 0.000 0.000 0.000 0.000 0.000 0.000 0.000 0.000 
0.000 0.000 0.000 0.000 0.000 0.000 0.000 0.000 0.000 0.000 0.000 0.000 0.000 0.000 0.000 0.000 0.000 0.000 0.000 0.000 0.268 0.675 0.989 0.988 0.849 0.425 0.124 0.000 0.000 0.000 0.000 0.000 0.000 0.000 0.000 0.000 0.000 0.000 0.000 0.000 0.000 0.000 0.000 0.000 0.000 0.000 0.000 0.000 0.000 0.000 
0.000 0.000 0.000 0.000 0.000 0.000 0.000 0.000 0.000 0.000 0.000 0.000 0.000 0.000 0.000 0.000 0.000 0.000 0.000 0.000 0.000 0.000 0.000 0.124 0.425 0.849 0.988 0.989 0.675 0.268 0.000 0.000 0.000 0.000 0.000 0.000 0.000 0.000 0.000 0.000 0.000 0.000 0.000 0.000 0.000 0.000 0.000 0.000 0.000 0.000 
0.000 0.000 0.000 0.000 0.000 0.000 0.000 0.000 0.000 0.000 0.000 0.000 0.000 0.000 0.000 0.000 0.000 0.000 0.000 0.000 0.000 0.000 0.000 0.000 0.000 0.000 0.000 0.225 0.611 0.968 0.966 0.897 0.485 0.153 0.000 0.000 0.000 0.000 0.000 0.000 0.000 0.000 0.000 0.000 0.000 0.000 0.000 0.000 0.000 0.000 
0.000 0.000 0.000 0.000 0.000 0.000 0.000 0.000 0.000 0.000 0.000 0.000 0.000 0.000 0.000 0.000 0.000 0.000 0.000 0.000 0.000 0.000 0.000 0.000 0.000 0.000 0.000 0.000 0.000 0.000 0.000 0.369 0.795 1.000 1.000 0.737 0.316 0.000 0.000 0.000 0.000 0.000 0.000 0.000 0.000 0.000 0.000 0.000 0.000 0.000 
0.000 0.000 0.000 0.000 0.000 0.000 0.000 0.000 0.000 0.000 0.000 0.000 0.000 0.000 0.000 0.000 0.000 0.000 0.000 0.000 0.000 0.000 0.000 0.000 0.000 0.000 0.000 0.000 0.000 0.000 0.000 0.000 0.000 0.000 0.186 0.548 0.937 0.934 0.937 0.548 0.186 0.000 0.000 0.000 0.000 0.000 0.000 0.000 0.000 0.000 
0.000 0.000 0.000 0.000 0.000 0.000 0.000 0.000 0.000 0.000 0.000 0.000 0.000 0.000 0.000 0.000 0.000 0.000 0.000 0.000 0.000 0.000 0.000 0.000 0.000 0.000 0.000 0.000 0.000 0.000 0.000 0.000 0.000 0.000 0.000 0.000 0.000 0.000 0.316 0.737 1.000 1.000 0.795 0.369 0.000 0.000 0.000 0.000 0.000 0.000 
0.000 0.000 0.000 0.000 0.000 0.000 0.000 0.000 0.000 0.000 0.000 0.000 0.000 0.000 0.000 0.000 0.000 0.000 0.000 0.000 0.000 0.000 0.000 0.000 0.000 0.000 0.000 0.000 0.000 0.000 0.000 0.000 0.000 0.000 0.000 0.000 0.000 0.000 0.000 0.000 0.000 0.153 0.485 0.897 0.966 0.968 0.611 0.225 0.000 0.000 
0.000 0.000 0.000 0.000 0.000 0.000 0.000 0.000 0.000 0.000 0.000 0.000 0.000 0.000 0.000 0.000 0.000 0.000 0.000 0.000 0.000 0.000 0.000 0.000 0.000 0.000 0.000 0.000 0.000 0.000 0.000 0.000 0.000 0.000 0.000 0.000 0.000 0.000 0.000 0.000 0.000 0.000 0.000 0.000 0.000 0.268 0.675 0.989 0.988 0.849 
# 0 2 15 50
0.889 0.969 0.971 0.621 0.231 0.000 0.000 0.000 0.000 0.000 0.000 0.000 0.000 0.000 0.000 0.000 0.000 0.000 0.000 0.000 0.000 0.000 0.000 0.000 0.000 0.000 0.000 0.000 0.000 0.000 0.000 0.000 0.000 0.000 0.000 0.000 0.000 0.000 0.000 0.000 0.000 0.000 0.000 0.000 0.000 0.000 0.000 0.000 0.000 0.000 
0.000 0.000 0.341 0.766 1.000 1.000 0.766 0.341 0.000 0.000 0.000 0.000 0.000 0.000 0.000 0.000 0.000 0.000 0.000 0.000 0.000 0.000 0.000 0.000 0.000 0.000 0.000 0.000 0.000 0.000 0.000 0.000 0.000 0.000 0.000 0.000 0.000 0.000 0.000 0.000 0.000 0.000 0.000 0.000 0.000 0.000 0.000 0.000 0.000 0.000 
0.000 0.000 0.000 0.000 0.000 0.231 0.621 0.971 0.969 0.889 0.474 0.148 0.000 0.000 0.000 0.000 0.000 0.000 0.000 0.000 0.000 0.000 0.000 0.000 0.000 0.000 0.000 0.000 0.000 0.000 0.000 0.000 0.000 0.000 0.000 0.000 0.000 0.000 0.000 0.000 0.000 0.000 0.000 0.000 0.000 0.000 0.000 0.000 0.000 0.000 
0.000 0.000 0.000 0.000 0.000 0.000 0.000 0.000 0.148 0.474 0.889 0.969 0.971 0.621 0.231 0.000 0.000 0.000 0.000 0.000 0.000 0.000 0.000 0.000 0.000 0.000 0.000 0.000 0.000 0.000 0.000 0.000 0.000 0.000 0.000 0.000 0.000 0.000 0.000 0.000 0.000 0.000 0.000 0.000 0.000 0.000 0.000 0.000 0.000 0.000 
0.000 0.000 0.000 0.000 0.000 0.000 0.000 0.000 0.000 0.000 0.000 0.000 0.341 0.766 1.000 1.000 0.766 0.341 0.000 0.000 0.000 0.000 0.000 0.000 0.000 0.000 0.000 0.000 0.000 0.000 0.000 0.000 0.000 0.000 0.000 0.000 0.000 0.000 0.000 0.000 0.000 0.000 0.000 0.000 0.000 0.000 0.000 0.000 0.000 0.000 
0.000 0.000 0.000 0.000 0.000 0.000 0.000 0.000 0.000 0.000 0.000 0.000 0.000 0.000 0.000 0.231 0.621 0.971 0.969 0.889 0.474 0.148 0.000 0.000 0.000 0.000 0.000 0.000 0.000 0.000 0.000 0.000 0.000 0.000 0.000 0.000 0.000 0.000 0.000 0.000 0.000 0.000 0.000 0.000 0.000 0.000 0.000 0.000 0.000 0.000 
0.000 0.000 0.000 0.000 0.000 0.000 0.000 0.000 0.000 0.000 0.000 0.000 0.000 0.000 0.000 0.000 0.000 0.000 0.148 0.474 0.889 0.969 0.971 0.621 0.231 0.000 0.000 0.000 0.000 0.000 0.000 0.000 0.000 0.000 0.000 0.000 0.000 0.000 0.000 0.000 0.000 0.000 0.000 0.000 0.000 0.000 0.000 0.000 0.000 0.000 
0.000 0.000 0.000 0.000 0.000 0.000 0.000 0.000 0.000 0.000 0.000 0.000 0.000 0.000 0.000 0.000 0.000 0.000 0.000 0.000 0.000 0.000 0.341 0.766 1.000 1.000 0.766 0.341 0.000 0.000 0.000 0.000 0.000 0.000 0.000 0.000 0.000 0.000 0.000 0.000 0.000 0.000 0.000 0.000 0.000 0.000 0.000 0.000 0.000 0.000 
0.000 0.000 0.000 0.000 0.000 0.000 0.000 0.000 0.000 0.000 0.000 0.000 0.000 0.000 0.000 0.000 0.000 0.000 0.000 0.000 0.000 0.000 0.000 0.000 0.000 0.231 0.621 0.971 0.969 0.889 0.474 0.148 0.000 0.000 0.000 0.000 0.000 0.000 0.000 0.000 0.000 0.000 0.000 0.000 0.000 0.000 0.000 0.000 0.000 0.000 
0.000 0.000 0.000 0.000 0.000 0.000 0.000 0.000 0.000 0.000 0.000 0.000 0.000 0.000 0.000 0.000 0.000 0.000 0.000 0.000 0.000 0.000 0.000 0.000 0.000 0.000 0.000 0.000 0.148 0.474 0.889 0.969 0.971 0.621 0.231 0.000 0.000 0.000 0.000 0.000 0.000 0.000 0.000 0.000 0.000 0.000 0.000 0.000 0.000 0.000 
0.000 0.000 0.000 0.000 0.000 0.000 0.000 0.000 0.000 0.000 0.000 0.000 0.000 0.000 0.000 0.000 0.000 0.000 0.000 0.000 0.000 0.000 0.000 0.000 0.000 0.000 0.000 0.000 0.000 0.000 0.000 0.000 0.341 0.766 1.000 1.000 0.766 0.341 0.000 0.000 0.000 0.000 0.000 0.000 0.000 0.000 0.000 0.000 0.000 0.000 
0.000 0.000 0.000 0.000 0.000 0.000 0.000 0.000 0.000 0.000 0.000 0.000 0.000 0.000 0.000 0.000 0.000 0.000 0.000 0.000 0.000 0.000 0.000 0.000 0.000 0.000 0.000 0.000 0.000 0.000 0.000 0.000 0.000 0.000 0.000 0.231 0.621 0.971 0.969 0.889 0.474 0.148 0.000 0.000 0.000 0.000 0.000 0.000 0.000 0.000 
0.000 0.000 0.000 0.000 0.000 0.000 0.000 0.000 0.000 0.000 0.000 0.000 0.000 0.000 0.000 0.000 0.000 0.000 0.000 0.000 0.000 0.000 0.000 0.000 0.000 0.000 0.000 0.000 0.000 0.000 0.000 0.000 0.000 0.000 0.000 0.000 0.000 0.000 0.148 0.474 0.889 0.969 0.971 0.621 0.231 0.000 0.000 0.000 0.000 0.000 
0.000 0.000 0.000 0.000 0.000 0.000 0.000 0.000 0.000 0.000 0.000 0.000 0.000 0.000 0.000 0.000 0.000 0.000 0.000 0.000 0.000 0.000 0.000 0.000 0.000 0.000 0.000 0.000 0.000 0.000 0.000 0.000 0.000 0.000 0.000 0.000 0.000 0.000 0.000 0.000 0.000 0.000 0.341 0.766 1.000 1.000 0.766 0.341 0.000 0.000 
0.000 0.000 0.000 0.000 0.000 0.000 0.000 0.000 0.000 0.000 0.000 0.000 0.000 0.000 0.000 0.000 0.000 0.000 0.000 0.000 0.000 0.000 0.000 0.000 0.000 0.000 0.000 0.000 0.000 0.000 0.000 0.000 0.000 0.000 0.000 0.000 0.000 0.000 0.000 0.000 0.000 0.000 0.000 0.000 0.000 0.231 0.621 0.971 0.969 0.889 
# 1 0 50 14
-0.996 -0.658 -0.218 0.000 0.000 0.000 0.000 0.000 0.000 0.000 0.000 0.000 0.000 0.000 
-0.989 -0.792 -0.319 0.000 0.000 0.000 0.000 0.000 0.000 0.000 0.000 0.000 0.000 0.000 
-0.999 -0.904 -0.441 -0.108 0.000 0.000 0.000 0.000 0.000 0.000 0.000 0.000 0.000 0.000 
-0.983 -0.977 -0.578 -0.172 0.000 0.000 0.000 0.000 0.000 0.000 0.000 0.000 0.000 0.000 
-0.917 -1.000 -0.717 -0.258 0.000 0.000 0.000 0.000 0.000 0.000 0.000 0.000 0.000 0.000 
-0.810 -0.984 -0.844 -0.369 0.000 0.000 0.000 0.000 0.000 0.000 0.000 0.000 0.000 0.000 
-0.678 -0.999 -0.940 -0.498 -0.133 0.000 0.000 0.000 0.000 0.000 0.000 0.000 0.000 0.000 
-0.538 -0.960 -0.993 -0.638 -0.206 0.000 0.000 0.000 0.000 0.000 0.000 0.000 0.000 0.000 
-0.404 -0.875 -0.994 -0.774 -0.303 0.000 0.000 0.000 0.000 0.000 0.000 0.000 0.000 0.000 
-0.288 -0.755 -0.997 -0.890 -0.422 -0.101 0.000 0.000 0.000 0.000 0.000 0.000 0.000 0.000 
-0.194 -0.618 -0.989 -0.969 -0.558 -0.161 0.000 0.000 0.000 0.000 0.000 0.000 0.000 0.000 
-0.124 -0.479 -0.929 -1.000 -0.698 -0.245 0.000 0.000 0.000 0.000 0.000 0.000 0.000 0.000 
0.000 -0.352 -0.827 -0.978 -0.827 -0.352 0.000 0.000 0.000 0.000 0.000 0.000 0.000 0.000 
0.000 -0.245 -0.698 -1.000 -0.929 -0.479 -0.124 0.000 0.000 0.000 0.000 0.000 0.000 0.000 
0.000 -0.161 -0.558 -0.969 -0.989 -0.618 -0.194 0.000 0.000 0.000 0.000 0.000 0.000 0.000 
0.000 -0.101 -0.422 -0.890 -0.997 -0.755 -0.288 0.000 0.000 0.000 0.000 0.000 0.000 0.000 
0.000 0.000 -0.303 -0.774 -0.994 -0.875 -0.404 0.000 0.000 0.000 0.000 0.000 0.000 0.000 
0.000 0.000 -0.206 -0.638 -0.993 -0.960 -0.538 -0.151 0.000 0.000 0.000 0.000 0.000 0.000 
0.000 0.000 -0.133 -0.498 -0.940 -0.999 -0.678 -0.231 0.000 0.000 0.000 0.000 0.000 0.000 
0.000 0.000 0.000 -0.369 -0.844 -0.984 -0.810 -0.335 0.000 0.000 0.000 0.000 0.000 0.000 
0.000 0.000 0.000 -0.258 -0.717 -1.000 -0.917 -0.460 -0.116 0.000 0.000 0.000 0.000 0.000 
0.000 0.000 0.000 -0.172 -0.578 -0.977 -0.983 -0.598 -0.183 0.000 0.000 0.000 0.000 0.000 
0.000 0.000 0.000 -0.108 -0.441 -0.904 -0.999 -0.736 -0.273 0.000 0.000 0.000 0.000 0.000 
0.000 0.000 0.000 0.000 -0.319 -0.792 -0.989 -0.860 -0.386 0.000 0.000 0.000 0.000 0.000 
0.000 0.000 0.000 0.000 -0.218 -0.658 -0.996 -0.951 -0.518 -0.142 0.000 0.000 0.000 0.000 
0.000 0.000 0.000 0.000 -0.142 -0.518 -0.951 -0.996 -0.658 -0.218 0.000 0.000 0.000 0.000 
0.000 0.000 0.000 0.000 0.000 -0.386 -0.860 -0.989 -0.792 -0.319 0.000 0.000 0.000 0.000 
0.000 0.000 0.000 0.000 0.000 -0.273 -0.736 -0.999 -0.904 -0.441 -0.108 0.000 0.000 0.000 
0.000 0.000 0.000 0.000 0.000 -0.183 -0.598 -0.983 -0.977 -0.578 -0.172 0.000 0.000 0.000 
0.000 0.000 0.000 0.000 0.000 -0.116 -0.460 -0.917 -1.000 -0.717 -0.258 0.000 0.000 0.000 
0.000 0.000 0.000 0.000 0.000 0.000 -0.335 -0.810 -0.984 -0.844 -0.369 0.000 0.000 0.000 
0.000 0.000 0.000 0.000 0.000 0.000 -0.231 -0.678 -0.999 -0.940 -0.498 -0.133 0.000 0.000 
0.000 0.000 0.000 0.000 0.000 0.000 -0.151 -0.538 -0.960 -0.993 -0.638 -0.206 0.000 0.000 
0.000 0.000 0.000 0.000 0.000 0.000 0.000 -0.404 -0.875 -0.994 -0.774 -0.303 0.000 0.000 
0.000 0.000 0.000 0.000 0.000 0.000 0.000 -0.288 -0.755 -0.997 -0.890 -0.422 -0.101 0.000 
0.000 0.000 0.000 0.000 0.000 0.000 0.000 -0.194 -0.618 -0.989 -0.969 -0.558 -0.161 0.000 
0.000 0.000 0.000 0.000 0.000 0.000 0.000 -0.124 -0.479 -0.929 -1.000 -0.698 -0.245 0.000 
0.000 0.000 0.000 0.000 0.000 0.000 0.000 0.000 -0.352 -0.827 -0.978 -0.827 -0.352 0.000 
0.000 0.000 0.000 0.000 0.000 0.000 0.000 0.000 -0.245 -0.698 -1.000 -0.929 -0.479 -0.124 
0.000 0.000 0.000 0.000 0.000 0.000 0.000 0.000 -0.161 -0.558 -0.969 -0.989 -0.618 -0.194 
0.000 0.000 0.000 0.000 0.000 0.000 0.000 0.000 -0.101 -0.422 -0.890 -0.997 -0.755 -0.288 
0.000 0.000 0.000 0.000 0.000 0.000 0.000 0.000 0.000 -0.303 -0.774 -0.994 -0.875 -0.404 
0.000 0.000 0.000 0.000 0.000 0.000 0.000 0.000 0.000 -0.206 -0.638 -0.993 -0.960 -0.538 
0.000 0.000 0.000 0.000 0.000 0.000 0.000 0.000 0.000 -0.133 -0.498 -0.940 -0.999 -0.678 
0.000 0.000 0.000 0.000 0.000 0.000 0.000 0.000 0.000 0.000 -0.369 -0.844 -0.984 -0.810 
0.000 0.000 0.000 0.000 0.000 0.000 0.000 0.000 0.000 0.000 -0.258 -0.717 -1.000 -0.917 
0.000 0.000 0.000 0.000 0.000 0.000 0.000 0.000 0.000 0.000 -0.172 -0.578 -0.977 -0.983 
0.000 0.000 0.000 0.000 0.000 0.000 0.000 0.000 0.000 0.000 -0.108 -0.441 -0.904 -0.999 
0.000 0.000 0.000 0.000 0.000 0.000 0.000 0.000 0.000 0.000 0.000 -0.319 -0.792 -0.989 
0.000 0.000 0.000 0.000 0.000 0.000 0.000 0.000 0.000 0.000 0.000 -0.218 -0.658 -0.996 
