69.513674
3
# 0 1 8 50
0.978 0.796 0.524 0.456 0.732 0.947 0.991 0.838 0.573 0.316 0.141 0.000 0.000 0.000 0.000 0.000 0.000 0.000 0.000 0.000 0.000 0.000 0.000 0.000 0.000 0.000 0.000 0.000 0.000 0.000 0.000 0.000 0.000 0.000 0.000 0.000 0.000 0.000 0.000 0.000 0.000 0.000 0.000 0.000 0.000 0.000 0.000 0.000 0.000 0.000 
0.000 0.000 0.217 0.437 0.712 0.936 0.995 0.855 0.594 0.392 0.663 0.906 1.000 0.892 0.643 0.374 0.176 0.000 0.000 0.000 0.000 0.000 0.000 0.000 0.000 0.000 0.000 0.000 0.000 0.000 0.000 0.000 0.000 0.000 0.000 0.000 0.000 0.000 0.000 0.000 0.000 0.000 0.000 0.000 0.000 0.000 0.000 0.000 0.000 0.000 
0.000 0.000 0.000 0.000 0.000 0.000 0.000 0.000 0.176 0.374 0.643 0.892 1.000 0.906 0.663 0.392 0.594 0.855 0.995 0.936 0.712 0.437 0.217 0.000 0.000 0.000 0.000 0.000 0.000 0.000 0.000 0.000 0.000 0.000 0.000 0.000 0.000 0.000 0.000 0.000 0.000 0.000 0.000 0.000 0.000 0.000 0.000 0.000 0.000 0.000 
0.000 0.000 0.000 0.000 0.000 0.000 0.000 0.000 0.000 0.000 0.000 0.000 0.000 0.000 0.141 0.316 0.573 0.838 0.991 0.947 0.732 0.456 0.524 0.796 0.978 0.970 0.777 0.504 0.264 0.111 0.000 0.000 0.000 0.000 0.000 0.000 0.000 0.000 0.000 0.000 0.000 0.000 0.000 0.000 0.000 0.000 0.000 0.000 0.000 0.000 
0.000 0.000 0.000 0.000 0.000 0.000 0.000 0.000 0.000 0.000 0.000 0.000 0.000 0.000 0.000 0.000 0.000 0.000 0.000 0.000 0.111 0.264 0.504 0.777 0.970 0.978 0.796 0.524 0.456 0.732 0.947 0.991 0.838 0.573 0.316 0.141 0.000 0.000 0.000 0.000 0.000 0.000 0.000 0.000 0.000 0.000 0.000 0.000 0.000 0.000 
0.000 0.000 0.000 0.000 0.000 0.000 0.000 0.000 0.000 0.000 0.000 0.000 0.000 0.000 0.000 0.000 0.000 0.000 0.000 0.000 0.000 0.000 0.000 0.000 0.000 0.000 0.000 0.217 0.437 0.712 0.936 0.995 0.855 0.594 0.392 0.663 0.906 1.000 0.892 0.643 0.374 0.176 0.000 0.000 0.000 0.000 0.000 0.000 0.000 0.000 
0.000 0.000 0.000 0.000 0.000 0.000 0.000 0.000 0.000 0.000 0.000 0.000 0.000 0.000 0.000 0.000 0.000 0.000 0.000 0.000 0.000 0.000 0.000 0.000 0.000 0.000 0.000 0.000 0.000 0.000 0.000 0.000 0.000 0.176 0.374 0.643 0.892 1.000 0.906 0.663 0.392 0.594 0.855 0.995 0.936 0.712 0.437 0.217 0.000 0.000 
0.000 0.000 0.000 0.000 0.000 0.000 0.000 0.000 0.000 0.000 0.000 0.000 0.000 0.000 0.000 0.000 0.000 0.000 0.000 0.000 0.000 0.000 0.000 0.000 0.000 0.000 0.000 0.000 0.000 0.000 0.000 0.000 0.000 0.000 0.000 0.000 0.000 0.000 0.000 0.141 0.316 0.573 0.838 0.991 0.947 0.732 0.456 0.524 0.796 0.978 
# 0 2 15 50
0.675 0.403 0.582 0.846 0.994 0.943 0.723 0.448 0.224 0.000 0.000 0.000 0.000 0.000 0.000 0.000 0.000 0.000 0.000 0.000 0.000 0.000 0.000 0.000 0.000 0.000 0.000 0.000 0.000 0.000 0.000 0.000 0.000 0.000 0.000 0.000 0.000 0.000 0.000 0.000 0.000 0.000 0.000 0.000 0.000 0.000 0.000 0.000 0.000 0.000 
0.809 0.983 0.964 0.765 0.490 0.490 0.765 0.964 0.983 0.809 0.538 0.289 0.126 0.000 0.000 0.000 0.000 0.000 0.000 0.000 0.000 0.000 0.000 0.000 0.000 0.000 0.000 0.000 0.000 0.000 0.000 0.000 0.000 0.000 0.000 0.000 0.000 0.000 0.000 0.000 0.000 0.000 0.000 0.000 0.000 0.000 0.000 0.000 0.000 0.000 
0.000 0.224 0.448 0.723 0.943 0.994 0.846 0.582 0.403 0.675 0.914 1.000 0.884 0.631 0.364 0.170 0.000 0.000 0.000 0.000 0.000 0.000 0.000 0.000 0.000 0.000 0.000 0.000 0.000 0.000 0.000 0.000 0.000 0.000 0.000 0.000 0.000 0.000 0.000 0.000 0.000 0.000 0.000 0.000 0.000 0.000 0.000 0.000 0.000 0.000 
0.000 0.000 0.000 0.000 0.170 0.364 0.631 0.884 1.000 0.914 0.675 0.403 0.582 0.846 0.994 0.943 0.723 0.448 0.224 0.000 0.000 0.000 0.000 0.000 0.000 0.000 0.000 0.000 0.000 0.000 0.000 0.000 0.000 0.000 0.000 0.000 0.000 0.000 0.000 0.000 0.000 0.000 0.000 0.000 0.000 0.000 0.000 0.000 0.000 0.000 
0.000 0.000 0.000 0.000 0.000 0.000 0.000 0.126 0.289 0.538 0.809 0.983 0.964 0.765 0.490 0.490 0.765 0.964 0.983 0.809 0.538 0.289 0.126 0.000 0.000 0.000 0.000 0.000 0.000 0.000 0.000 0.000 0.000 0.000 0.000 0.000 0.000 0.000 0.000 0.000 0.000 0.000 0.000 0.000 0.000 0.000 0.000 0.000 0.000 0.000 
0.000 0.000 0.000 0.000 0.000 0.000 0.000 0.000 0.000 0.000 0.000 0.224 0.448 0.723 0.943 0.994 0.846 0.582 0.403 0.675 0.914 1.000 0.884 0.631 0.364 0.170 0.000 0.000 0.000 0.000 0.000 0.000 0.000 0.000 0.000 0.000 0.000 0.000 0.000 0.000 0.000 0.000 0.000 0.000 0.000 0.000 0.000 0.000 0.000 0.000 
0.000 0.000 0.000 0.000 0.000 0.000 0.000 0.000 0.000 0.000 0.000 0.000 0.000 0.000 0.170 0.364 0.631 0.884 1.000 0.914 0.675 0.403 0.582 0.846 0.994 0.943 0.723 0.448 0.224 0.000 0.000 0.000 0.000 0.000 0.000 0.000 0.000 0.000 0.000 0.000 0.000 0.000 0.000 0.000 0.000 0.000 0.000 0.000 0.000 0.000 
0.000 0.000 0.000 0.000 0.000 0.000 0.000 0.000 0.000 0.000 0.000 0.000 0.000 0.000 0.000 0.000 0.000 0.126 0.289 0.538 0.809 0.983 0.964 0.765 0.490 0.490 0.765 0.964 0.983 0.809 0.538 0.289 0.126 0.000 0.000 0.000 0.000 0.000 0.000 0.000 0.000 0.000 0.000 0.000 0.000 0.000 0.000 0.000 0.000 0.000 
0.000 0.000 0.000 0.000 0.000 0.000 0.000 0.000 0.000 0.000 0.000 0.000 0.000 0.000 0.000 0.000 0.000 0.000 0.000 0.000 0.000 0.224 0.448 0.723 0.943 0.994 0.846 0.582 0.403 0.675 0.914 1.000 0.884 0.631 0.364 0.170 0.000 0.000 0.000 0.000 0.000 0.000 0.000 0.000 0.000 0.000 0.000 0.000 0.000 0.000 
0.000 0.000 0.000 0.000 0.000 0.000 0.000 0.000 0.000 0.000 0.000 0.000 0.000 0.000 0.000 0.000 0.000 0.000 0.000 0.000 0.000 0.000 0.000 0.000 0.170 0.364 0.631 0.884 1.000 0.914 0.675 0.403 0.582 0.846 0.994 0.943 0.723 0.448 0.224 0.000 0.000 0.000 0.000 0.000 0.000 0.000 0.000 0.000 0.000 0.000 
0.000 0.000 0.000 0.000 0.000 0.000 0.000 0.000 0.000 0.000 0.000 0.000 0.000 0.000 0.000 0.000 0.000 0.000 0.000 0.000 0.000 0.000 0.000 0.000 0.000 0.000 0.000 0.126 0.289 0.538 0.809 0.983 0.964 0.765 0.490 0.490 0.765 0.964 0.983 0.809 0.538 0.289 0.126 0.000 0.000 0.000 0.000 0.000 0.000 0.000 
0.000 0.000 0.000 0.000 0.000 0.000 0.000 0.000 0.000 0.000 0.000 0.000 0.000 0.000 0.000 0.000 0.000 0.000 0.000 0.000 0.000 0.000 0.000 0.000 0.000 0.000 0.000 0.000 0.000 0.000 0.000 0.224 0.448 0.723 0.943 0.994 0.846 0.582 0.403 0.675 0.914 1.000 0.884 0.631 0.364 0.170 0.000 0.000 0.000 0.000 
0.000 0.000 0.000 0.000 0.000 0.000 0.000 0.000 0.000 0.000 0.000 0.000 0.000 0.000 0.000 0.000 0.000 0.000 0.000 0.000 0.000 0.000 0.000 0.000 0.000 0.000 0.000 0.000 0.000 0.000 0.000 0.000 0.000 0.000 0.170 0.364 0.631 0.884 1.000 0.914 0.675 0.403 0.582 0.846 0.994 0.943 0.723 0.448 0.224 0.000 
0.000 0.000 0.000 0.000 0.000 0.000 0.000 0.000 0.000 0.000 0.000 0.000 0.000 0.000 0.000 0.000 0.000 0.000 0.000 0.000 0.000 0.000 0.000 0.000 0.000 0.000 0.000 0.000 0.000 0.000 0.000 0.000 0.000 0.000 0.000 0.000 0.000 0.126 0.289 0.538 0.809 0.983 0.964 0.765 0.490 0.490 0.765 0.964 0.983 0.809 
0.000 0.000 0.000 0.000 0.000 0.000 0.000 0.000 0.000 0.000 0.000 0.000 0.000 0.000 0.000 0.000 0.000 0.000 0.000 0.000 0.000 0.000 0.000 0.000 0.000 0.000 0.000 0.000 0.000 0.000 0.000 0.000 0.000 0.000 0.000 0.000 0.000 0.000 0.000 0.000 0.000 0.224 0.448 0.723 0.943 0.994 0.846 0.582 0.403 0.675 
# 1 0 50 8
-0.414 -0.986 -0.611 0.000 0.000 0.000 0.000 0.000 
-0.318 -0.940 -0.722 -0.145 0.000 0.000 0.000 0.000 
-0.236 -0.865 -0.825 -0.205 0.000 0.000 0.000 0.000 
-0.218 -0.769 -0.910 -0.280 0.000 0.000 0.000 0.000 
-0.296 -0.661 -0.969 -0.370 0.000 0.000 0.000 0.000 
-0.389 -0.549 -0.998 -0.473 0.000 0.000 0.000 0.000 
-0.494 -0.440 -0.993 -0.583 0.000 0.000 0.000 0.000 
-0.605 -0.341 -0.954 -0.695 -0.132 0.000 0.000 0.000 
-0.716 -0.255 -0.886 -0.800 -0.188 0.000 0.000 0.000 
-0.819 -0.201 -0.795 -0.891 -0.260 0.000 0.000 0.000 
-0.905 -0.275 -0.689 -0.957 -0.346 0.000 0.000 0.000 
-0.967 -0.365 -0.577 -0.994 -0.446 0.000 0.000 0.000 
-0.997 -0.467 -0.467 -0.997 -0.555 0.000 0.000 0.000 
-0.994 -0.577 -0.365 -0.967 -0.667 -0.120 0.000 0.000 
-0.957 -0.689 -0.275 -0.905 -0.775 -0.173 0.000 0.000 
-0.891 -0.795 -0.201 -0.819 -0.870 -0.241 0.000 0.000 
-0.800 -0.886 -0.255 -0.716 -0.943 -0.323 0.000 0.000 
-0.695 -0.954 -0.341 -0.605 -0.988 -0.420 0.000 0.000 
-0.583 -0.993 -0.440 -0.494 -1.000 -0.527 0.000 0.000 
-0.473 -0.998 -0.549 -0.389 -0.977 -0.639 -0.109 0.000 
-0.370 -0.969 -0.661 -0.296 -0.923 -0.749 -0.158 0.000 
-0.280 -0.910 -0.769 -0.218 -0.843 -0.848 -0.222 0.000 
-0.205 -0.825 -0.865 -0.236 -0.743 -0.927 -0.301 0.000 
-0.145 -0.722 -0.940 -0.318 -0.633 -0.980 -0.395 0.000 
0.000 -0.611 -0.986 -0.414 -0.521 -1.000 -0.500 0.000 
0.000 -0.500 -1.000 -0.521 -0.414 -0.986 -0.611 0.000 
0.000 -0.395 -0.980 -0.633 -0.318 -0.940 -0.722 -0.145 
0.000 -0.301 -0.927 -0.743 -0.236 -0.865 -0.825 -0.205 
0.000 -0.222 -0.848 -0.843 -0.218 -0.769 -0.910 -0.280 
0.000 -0.158 -0.749 -0.923 -0.296 -0.661 -0.969 -0.370 
0.000 -0.109 -0.639 -0.977 -0.389 -0.549 -0.998 -0.473 
0.000 0.000 -0.527 -1.000 -0.494 -0.440 -0.993 -0.583 
0.000 0.000 -0.420 -0.988 -0.605 -0.341 -0.954 -0.695 
0.000 0.000 -0.323 -0.943 -0.716 -0.255 -0.886 -0.800 
0.000 0.000 -0.241 -0.870 -0.819 -0.201 -0.795 -0.891 
0.000 0.000 -0.173 -0.775 -0.905 -0.275 -0.689 -0.957 
0.000 0.000 -0.120 -0.667 -0.967 -0.365 -0.577 -0.994 
0.000 0.000 0.000 -0.555 -0.997 -0.467 -0.467 -0.997 
0.000 0.000 0.000 -0.446 -0.994 -0.577 -0.365 -0.967 
0.000 0.000 0.000 -0.346 -0.957 -0.689 -0.275 -0.905 
0.000 0.000 0.000 -0.260 -0.891 -0.795 -0.201 -0.819 
0.000 0.000 0.000 -0.188 -0.800 -0.886 -0.255 -0.716 
0.000 0.000 0.000 -0.132 -0.695 -0.954 -0.341 -0.605 
0.000 0.000 0.000 0.000 -0.583 -0.993 -0.440 -0.494 
0.000 0.000 0.000 0.000 -0.473 -0.998 -0.549 -0.389 
0.000 0.000 0.000 0.000 -0.370 -0.969 -0.661 -0.296 
0.000 0.000 0.000 0.000 -0.280 -0.910 -0.769 -0.218 
0.000 0.000 0.000 0.000 -0.205 -0.825 -0.865 -0.236 
0.000 0.000 0.000 0.000 -0.145 -0.722 -0.940 -0.318 
0.000 0.000 0.000 0.000 0.000 -0.611 -0.986 -0.414 
